360
214 0 175 14 0
226 0 185 15 1
215 0 185 14 2
225 0 174 14 3
216 0 163 14 4
226 0 198 15 5
216 0 197 15 6
227 0 163 14 7
215 0 150 5 8
226 0 209 1 9
216 0 209 15 10
227 0 150 14 11
208 1 123 4 12
226 0 221 1 13
215 0 221 1 14
225 0 139 5 15
210 1 112 4 16
225 0 234 1 17
214 0 234 1 18
223 1 112 4 19
211 1 101 4 20
221 1 258 2 21
209 1 258 2 22
224 1 101 4 23
212 1 90 3 24
221 1 269 2 25
209 1 269 2 26
224 1 90 4 27
212 1 79 3 28
222 1 280 3 29
210 1 280 2 30
225 1 79 3 31
202 0 175 14 32
238 0 185 15 33
203 0 186 14 34
239 0 175 15 35
203 0 161 5 36
238 0 198 1 37
202 0 197 14 38
239 0 163 14 39
202 0 150 5 40
238 0 209 1 41
202 0 211 15 42
238 0 151 14 43
193 1 123 4 44
238 0 221 1 45
203 0 222 15 46
238 0 139 14 47
195 1 112 3 48
237 0 234 2 49
202 0 234 1 50
236 1 112 5 51
197 1 101 3 52
237 0 245 2 53
195 1 258 1 54
238 1 101 4 55
198 1 90 3 56
233 1 269 3 57
196 1 269 2 58
237 1 90 4 59
199 1 79 2 60
234 1 280 3 61
197 1 280 2 62
238 1 79 4 63
177 1 156 4 64
249 0 186 1 65
191 0 185 14 66
250 0 175 15 67
190 0 161 5 68
250 0 196 1 69
180 1 215 14 70
250 0 162 15 71
190 0 150 4 72
249 0 209 1 73
181 1 226 15 74
250 0 150 14 75
180 1 123 3 76
250 0 222 2 77
190 0 223 15 78
249 0 139 14 79
181 1 112 3 80
249 0 233 2 81
191 0 234 15 82
252 1 112 5 83
182 1 101 3 84
246 1 258 3 85
183 1 258 1 86
251 1 101 5 87
184 1 90 2 88
246 1 269 3 89
183 1 269 1 90
251 1 90 4 91
185 1 79 2 92
247 1 280 4 93
185 1 280 2 94
250 1 79 4 95
165 1 156 4 96
262 0 185 1 97
179 0 186 5 98
262 0 175 1 99
178 0 162 4 100
262 0 196 1 101
168 1 215 14 102
262 0 163 15 103
167 1 134 3 104
262 0 207 2 105
169 1 226 14 106
262 0 151 15 107
168 1 123 3 108
261 0 221 2 109
172 0 233 15 110
262 0 139 14 111
168 1 112 3 112
260 0 234 2 113
171 1 247 15 114
266 1 112 14 115
170 1 101 2 116
259 1 258 3 117
173 0 255 15 118
265 1 101 5 119
171 0 91 2 120
259 1 269 4 121
171 1 269 1 122
264 1 90 5 123
172 1 79 2 124
260 1 280 4 125
173 0 278 1 126
264 1 79 5 127
165 0 174 4 128
273 0 185 1 129
165 0 186 5 130
273 0 174 1 131
166 0 162 4 132
273 0 197 2 133
166 0 197 5 134
273 0 163 1 135
155 1 134 3 136
273 0 210 2 137
156 1 226 14 138
273 0 151 15 139
158 0 126 3 140
273 0 222 2 141
160 0 232 14 142
274 0 139 15 143
160 0 118 2 144
273 0 233 3 145
162 0 241 15 146
280 1 112 14 147
158 0 103 2 148
272 1 258 4 149
160 0 256 15 150
278 1 101 14 151
160 0 93 2 152
272 1 269 4 153
161 0 267 15 154
278 1 90 5 155
159 0 81 1 156
273 1 280 4 157
162 0 278 1 158
277 1 79 5 159
154 0 175 4 160
285 0 185 2 161
154 0 185 4 162
285 0 174 1 163
154 0 162 4 164
285 0 197 2 165
154 0 198 5 166
286 0 163 1 167
143 1 135 2 168
285 0 209 2 169
145 1 226 5 170
285 0 152 1 171
145 0 124 2 172
285 0 221 3 173
151 0 227 14 174
286 0 138 15 175
147 0 116 2 176
284 1 247 4 177
149 0 243 14 178
293 1 112 15 179
147 0 105 2 180
286 1 258 4 181
148 0 257 15 182
292 1 101 14 183
147 0 93 1 184
285 1 269 4 185
148 0 268 15 186
291 1 90 14 187
149 0 83 1 188
286 1 280 5 189
151 0 275 15 190
290 1 79 5 191
142 0 174 4 192
297 0 185 2 193
141 0 185 4 194
297 0 175 2 195
132 1 147 2 196
297 0 197 2 197
142 0 197 4 198
298 0 163 1 199
132 1 135 2 200
297 0 209 3 201
132 1 226 5 202
297 0 152 1 203
137 0 130 2 204
297 0 221 3 205
133 1 236 5 206
298 0 138 1 207
139 0 121 2 208
300 1 247 4 209
137 0 244 14 210
304 1 112 15 211
136 0 105 1 212
299 1 258 5 213
139 0 252 14 214
303 0 104 15 215
135 0 92 1 216
299 1 269 5 217
140 0 262 14 218
301 0 94 14 219
136 0 81 15 220
298 1 280 5 221
138 0 277 15 222
302 0 82 14 223
131 0 174 3 224
309 0 185 2 225
129 0 185 4 226
309 0 174 2 227
121 1 148 2 228
309 0 196 3 229
130 0 197 4 230
309 0 162 2 231
121 1 137 2 232
309 0 208 3 233
129 0 210 4 234
310 0 151 1 235
128 0 135 2 236
309 0 219 4 237
121 1 236 5 238
310 0 138 1 239
128 0 123 2 240
314 1 247 5 241
129 0 236 5 242
315 0 115 15 243
125 0 107 1 244
313 1 258 5 245
127 0 251 14 246
314 0 105 15 247
128 0 99 1 248
312 1 269 5 249
127 0 263 14 250
312 0 96 15 251
128 0 86 15 252
312 1 280 14 253
126 0 278 15 254
313 0 84 14 255
117 0 174 3 256
321 0 185 3 257
117 0 185 3 258
321 0 174 2 259
117 0 161 2 260
322 0 198 3 261
118 0 198 4 262
321 0 162 2 263
117 0 148 2 264
321 0 209 4 265
118 0 209 4 266
320 0 150 2 267
117 0 136 2 268
322 0 220 4 269
118 0 223 4 270
322 0 139 1 271
112 0 117 1 272
323 0 236 5 273
118 0 235 5 274
323 0 122 1 275
112 0 105 15 276
323 0 248 5 277
114 0 252 5 278
325 0 107 15 279
112 0 93 15 280
326 1 269 14 281
115 0 264 14 282
323 0 99 15 283
115 0 85 15 284
325 1 280 14 285
117 0 273 14 286
323 0 87 15 287
106 0 174 2 288
333 0 186 3 289
105 0 186 3 290
333 0 174 3 291
106 0 162 2 292
334 0 197 4 293
106 0 198 3 294
334 0 162 2 295
99 1 139 1 296
334 0 210 4 297
106 0 209 4 298
334 0 149 2 299
99 1 127 1 300
334 0 221 4 301
105 0 223 4 302
334 0 138 2 303
104 0 123 1 304
334 0 234 5 305
105 0 236 4 306
334 0 125 1 307
104 0 111 15 308
334 0 246 5 309
99 1 257 5 310
334 0 113 1 311
104 0 98 15 312
338 1 269 14 313
105 0 260 5 314
335 0 98 15 315
103 0 86 15 316
337 1 280 14 317
106 0 271 14 318
336 0 86 15 319
94 0 174 2 320
345 0 185 4 321
95 0 186 3 322
345 0 174 3 323
94 0 162 2 324
345 0 197 4 325
94 0 198 3 326
346 0 162 3 327
94 0 150 1 328
346 0 209 4 329
94 0 210 3 330
346 0 150 2 331
93 0 138 1 332
346 0 221 5 333
94 0 222 4 334
346 0 138 2 335
93 0 124 15 336
346 0 234 5 337
94 0 234 4 338
346 0 126 2 339
93 0 112 15 340
346 0 248 14 341
94 0 246 4 342
346 0 113 1 343
92 0 100 15 344
346 0 258 14 345
94 0 259 5 346
346 0 101 1 347
92 0 87 14 348
346 0 270 14 349
94 0 270 5 350
346 0 89 1 351
82 0 175 2 352
357 0 185 4 353
83 0 186 2 354
357 0 174 4 355
82 0 162 1 356
357 0 197 4 357
83 0 198 3 358
358 0 161 3 359
