360
214 0 174 14 0
226 0 186 15 1
214 0 186 14 2
226 0 174 14 3
214 0 162 14 4
226 0 198 15 5
214 0 198 15 6
226 0 162 14 7
214 0 150 5 8
226 0 210 1 9
214 0 210 15 10
226 0 150 14 11
214 0 138 5 12
226 0 222 1 13
214 0 222 1 14
226 0 138 5 15
214 0 126 4 16
226 0 234 1 17
214 0 234 1 18
226 0 126 5 19
214 0 114 4 20
226 0 246 2 21
214 0 246 1 22
226 0 114 4 23
214 0 102 4 24
226 0 258 2 25
214 0 258 2 26
226 0 102 4 27
214 0 90 3 28
226 0 270 3 29
214 0 270 2 30
226 0 90 4 31
202 0 174 14 32
238 0 186 15 33
202 0 186 14 34
238 0 174 15 35
202 0 162 5 36
238 0 198 1 37
202 0 198 14 38
238 0 162 14 39
202 0 150 5 40
238 0 210 1 41
202 0 210 15 42
238 0 150 14 43
202 0 138 4 44
238 0 222 1 45
202 0 222 15 46
238 0 138 14 47
202 0 126 4 48
238 0 234 2 49
202 0 234 1 50
238 0 126 5 51
202 0 114 4 52
238 0 246 2 53
202 0 246 1 54
238 0 114 5 55
202 0 102 3 56
238 0 258 3 57
202 0 258 1 58
238 0 102 4 59
202 0 90 3 60
238 0 270 3 61
202 0 270 2 62
238 0 90 4 63
190 0 174 5 64
250 0 186 1 65
190 0 186 14 66
250 0 174 15 67
190 0 162 5 68
250 0 198 1 69
190 0 198 14 70
250 0 162 15 71
190 0 150 4 72
250 0 210 1 73
190 0 210 14 74
250 0 150 14 75
190 0 138 4 76
250 0 222 2 77
190 0 222 15 78
250 0 138 14 79
190 0 126 4 80
250 0 234 2 81
190 0 234 15 82
250 0 126 14 83
190 0 114 3 84
250 0 246 3 85
190 0 246 1 86
250 0 114 5 87
190 0 102 3 88
250 0 258 3 89
190 0 258 1 90
250 0 102 5 91
190 0 90 3 92
250 0 270 3 93
190 0 270 1 94
250 0 90 4 95
178 0 174 5 96
262 0 186 1 97
178 0 186 5 98
262 0 174 1 99
178 0 162 4 100
262 0 198 1 101
178 0 198 14 102
262 0 162 15 103
178 0 150 4 104
262 0 210 2 105
178 0 210 14 106
262 0 150 15 107
178 0 138 4 108
262 0 222 2 109
178 0 222 14 110
262 0 138 14 111
178 0 126 3 112
262 0 234 3 113
178 0 234 15 114
262 0 126 14 115
178 0 114 3 116
262 0 246 3 117
178 0 246 15 118
262 0 114 14 119
178 0 102 3 120
262 0 258 3 121
178 0 258 1 122
262 0 102 5 123
178 0 90 2 124
262 0 270 4 125
178 0 270 1 126
262 0 90 5 127
166 0 174 4 128
274 0 186 1 129
166 0 186 5 130
274 0 174 1 131
166 0 162 4 132
274 0 198 2 133
166 0 198 5 134
274 0 162 1 135
166 0 150 4 136
274 0 210 2 137
166 0 210 14 138
274 0 150 15 139
166 0 138 3 140
274 0 222 3 141
166 0 222 14 142
274 0 138 15 143
166 0 126 3 144
274 0 234 3 145
166 0 234 14 146
274 0 126 14 147
166 0 114 3 148
274 0 246 3 149
166 0 246 15 150
274 0 114 14 151
166 0 102 2 152
274 0 258 4 153
166 0 258 15 154
274 0 102 14 155
166 0 90 2 156
274 0 270 4 157
166 0 270 1 158
274 0 90 5 159
154 0 174 4 160
286 0 186 2 161
154 0 186 4 162
286 0 174 1 163
154 0 162 4 164
286 0 198 2 165
154 0 198 5 166
286 0 162 1 167
154 0 150 3 168
286 0 210 3 169
154 0 210 5 170
286 0 150 1 171
154 0 138 3 172
286 0 222 3 173
154 0 222 14 174
286 0 138 15 175
154 0 126 3 176
286 0 234 3 177
154 0 234 14 178
286 0 126 15 179
154 0 114 2 180
286 0 246 4 181
154 0 246 14 182
286 0 114 14 183
154 0 102 2 184
286 0 258 4 185
154 0 258 15 186
286 0 102 14 187
154 0 90 1 188
286 0 270 4 189
154 0 270 15 190
286 0 90 14 191
142 0 174 4 192
298 0 186 2 193
142 0 186 4 194
298 0 174 2 195
142 0 162 3 196
298 0 198 3 197
142 0 198 4 198
298 0 162 1 199
142 0 150 3 200
298 0 210 3 201
142 0 210 5 202
298 0 150 1 203
142 0 138 3 204
298 0 222 3 205
142 0 222 5 206
298 0 138 1 207
142 0 126 2 208
298 0 234 4 209
142 0 234 14 210
298 0 126 15 211
142 0 114 2 212
298 0 246 4 213
142 0 246 14 214
298 0 114 15 215
142 0 102 1 216
298 0 258 4 217
142 0 258 14 218
298 0 102 14 219
142 0 90 1 220
298 0 270 5 221
142 0 270 15 222
298 0 90 14 223
130 0 174 3 224
310 0 186 3 225
130 0 186 4 226
310 0 174 2 227
130 0 162 3 228
310 0 198 3 229
130 0 198 4 230
310 0 162 2 231
130 0 150 3 232
310 0 210 3 233
130 0 210 4 234
310 0 150 1 235
130 0 138 2 236
310 0 222 4 237
130 0 222 5 238
310 0 138 1 239
130 0 126 2 240
310 0 234 4 241
130 0 234 5 242
310 0 126 1 243
130 0 114 1 244
310 0 246 4 245
130 0 246 14 246
310 0 114 15 247
130 0 102 1 248
310 0 258 5 249
130 0 258 14 250
310 0 102 15 251
130 0 90 1 252
310 0 270 5 253
130 0 270 14 254
310 0 90 14 255
118 0 174 3 256
322 0 186 3 257
118 0 186 3 258
322 0 174 3 259
118 0 162 3 260
322 0 198 3 261
118 0 198 4 262
322 0 162 2 263
118 0 150 2 264
322 0 210 4 265
118 0 210 4 266
322 0 150 2 267
118 0 138 2 268
322 0 222 4 269
118 0 222 4 270
322 0 138 1 271
118 0 126 1 272
322 0 234 4 273
118 0 234 5 274
322 0 126 1 275
118 0 114 1 276
322 0 246 5 277
118 0 246 5 278
322 0 114 1 279
118 0 102 1 280
322 0 258 5 281
118 0 258 14 282
322 0 102 15 283
118 0 90 15 284
322 0 270 14 285
118 0 270 14 286
322 0 90 15 287
106 0 174 3 288
334 0 186 3 289
106 0 186 3 290
334 0 174 3 291
106 0 162 2 292
334 0 198 4 293
106 0 198 3 294
334 0 162 3 295
106 0 150 2 296
334 0 210 4 297
106 0 210 4 298
334 0 150 2 299
106 0 138 1 300
334 0 222 4 301
106 0 222 4 302
334 0 138 2 303
106 0 126 1 304
334 0 234 5 305
106 0 234 4 306
334 0 126 1 307
106 0 114 1 308
334 0 246 5 309
106 0 246 5 310
334 0 114 1 311
106 0 102 15 312
334 0 258 14 313
106 0 258 5 314
334 0 102 1 315
106 0 90 15 316
334 0 270 14 317
106 0 270 14 318
334 0 90 15 319
94 0 174 2 320
346 0 186 4 321
94 0 186 3 322
346 0 174 3 323
94 0 162 2 324
346 0 198 4 325
94 0 198 3 326
346 0 162 3 327
94 0 150 1 328
346 0 210 4 329
94 0 210 3 330
346 0 150 3 331
94 0 138 1 332
346 0 222 5 333
94 0 222 4 334
346 0 138 2 335
94 0 126 1 336
346 0 234 5 337
94 0 234 4 338
346 0 126 2 339
94 0 114 15 340
346 0 246 14 341
94 0 246 4 342
346 0 114 1 343
94 0 102 15 344
346 0 258 14 345
94 0 258 5 346
346 0 102 1 347
94 0 90 14 348
346 0 270 14 349
94 0 270 5 350
346 0 90 1 351
82 0 174 2 352
358 0 186 4 353
82 0 186 2 354
358 0 174 4 355
82 0 162 1 356
358 0 198 4 357
82 0 198 3 358
358 0 162 3 359
