360
212 0 178 14 0
232 0 182 15 1
220 0 185 15 2
225 0 174 14 3
229 0 167 14 4
228 0 199 15 5
225 0 192 15 6
240 0 169 15 7
215 0 147 5 8
232 0 205 1 9
225 0 206 15 10
235 0 149 14 11
162 15 6 14 12
227 0 216 1 13
218 0 221 1 14
225 0 142 5 15
178 15 3 14 16
222 0 234 1 17
214 0 237 1 18
204 15 3 15 19
184 15 0 14 20
184 15 355 4 21
164 15 355 3 22
210 15 0 15 23
190 15 -3 14 24
190 15 358 4 25
170 15 358 4 26
215 15 -3 15 27
195 15 -6 15 28
196 15 361 4 29
176 15 361 4 30
220 15 -6 15 31
202 0 179 14 32
243 0 181 15 33
208 0 186 14 34
250 0 178 15 35
206 0 147 5 36
242 0 199 1 37
198 0 192 14 38
254 0 168 15 39
199 0 142 4 40
239 0 204 1 41
195 0 225 15 42
244 0 155 14 43
119 15 6 5 44
244 0 217 1 45
204 0 223 15 46
238 0 141 14 47
136 15 3 5 48
231 0 237 2 49
202 0 239 1 50
228 15 3 1 51
153 15 0 5 52
237 0 241 2 53
139 15 355 2 54
245 15 0 1 55
164 15 -3 14 56
204 15 358 5 57
150 15 358 3 58
234 15 -3 1 59
170 15 -6 14 60
210 15 361 5 61
156 15 361 3 62
240 15 -6 1 63
77 15 15 3 64
248 0 186 1 65
191 0 182 14 66
256 0 175 15 67
184 0 153 4 68
256 0 187 1 69
102 15 344 1 70
257 0 161 15 71
189 0 144 4 72
248 0 207 1 73
108 15 347 1 74
257 0 147 15 75
99 15 6 4 76
250 0 225 2 77
185 0 232 15 78
248 0 142 14 79
111 15 3 4 80
248 0 233 2 81
192 0 241 15 82
271 15 3 2 83
122 15 0 4 84
218 15 355 5 85
125 15 355 2 86
265 15 0 2 87
139 15 -3 5 88
223 15 358 5 89
130 15 358 2 90
260 15 -3 2 91
144 15 -6 5 92
229 15 361 14 93
142 15 361 3 94
254 15 -6 2 95
63 15 15 3 96
263 0 181 1 97
180 0 189 5 98
264 0 176 1 99
171 0 155 4 100
268 0 182 1 101
88 15 344 15 102
264 0 163 15 103
80 15 9 3 104
267 0 188 1 105
94 15 347 1 106
263 0 153 15 107
85 15 6 3 108
260 0 215 2 109
119 0 322 1 110
263 0 142 15 111
91 15 3 3 112
249 0 237 2 113
111 15 352 1 114
296 15 3 3 115
102 15 0 4 116
237 15 355 14 117
132 0 324 1 118
291 15 0 3 119
115 0 8 4 120
243 15 358 14 121
116 15 358 2 122
285 15 -3 3 123
125 15 -6 4 124
248 15 361 14 125
133 0 340 2 126
279 15 -6 2 127
152 0 167 4 128
273 0 182 1 129
151 0 190 4 130
271 0 173 1 131
159 0 156 4 132
271 0 191 1 133
164 0 195 5 134
268 0 169 1 135
65 15 9 3 136
271 0 210 2 137
80 15 347 15 138
270 0 157 15 139
91 0 31 4 140
273 0 222 2 141
114 0 311 15 142
276 0 140 15 143
113 0 51 14 144
265 0 226 2 145
127 0 299 15 146
327 15 3 4 147
97 0 12 4 148
257 15 355 14 149
111 0 339 1 150
316 15 0 4 151
113 0 21 5 152
263 15 358 15 153
117 0 341 1 154
311 15 -3 3 155
105 0 6 4 156
268 15 361 15 157
124 0 341 1 158
305 15 -6 3 159
149 0 175 4 160
277 0 180 1 161
149 0 184 4 162
278 0 174 1 163
148 0 157 3 164
283 0 195 2 165
150 0 198 5 166
288 0 166 1 167
57 15 14 3 168
282 0 207 2 169
71 15 347 15 170
280 0 160 1 171
72 0 18 3 172
282 0 220 3 173
123 0 272 14 174
289 0 137 15 175
94 0 40 5 176
277 15 352 15 177
107 0 315 15 178
347 15 3 5 179
94 0 29 4 180
294 15 355 15 181
95 0 345 1 182
342 15 0 5 183
94 0 17 4 184
282 15 358 15 185
102 0 345 1 186
336 15 -3 4 187
111 0 28 5 188
288 15 361 15 189
125 0 320 1 190
325 15 -6 4 191
139 0 169 3 192
291 0 182 2 193
127 0 178 3 194
294 0 175 2 195
54 15 29 3 196
291 0 192 2 197
140 0 194 4 198
298 0 168 2 199
54 15 20 3 200
294 0 202 3 201
57 15 347 15 202
294 0 160 1 203
92 0 63 5 204
289 0 216 3 205
62 15 350 15 206
301 0 137 1 207
111 0 83 15 208
319 15 352 1 209
92 0 321 15 210
356 15 3 5 211
86 0 36 4 212
314 15 355 1 213
108 0 304 15 214
343 0 27 5 215
77 0 9 3 216
308 15 358 1 217
121 0 294 15 218
332 0 33 5 219
85 0 6 3 220
302 15 361 1 221
105 0 334 1 222
333 0 19 5 223
131 0 172 3 224
307 0 180 2 225
117 0 180 3 226
309 0 169 2 227
51 15 40 3 228
303 0 187 2 229
130 0 195 4 230
306 0 162 2 231
51 15 31 3 232
302 0 195 3 233
115 0 217 4 234
310 0 151 1 235
108 0 107 15 236
304 0 204 3 237
51 15 347 14 238
310 0 137 1 239
108 0 93 15 240
345 15 352 2 241
116 0 259 14 242
355 0 29 14 243
84 0 47 5 244
339 15 355 2 245
99 0 293 14 246
345 0 36 14 247
108 0 69 14 248
333 15 358 2 249
100 0 308 15 250
335 0 49 14 251
105 0 54 14 252
328 15 361 2 253
89 0 339 15 254
335 0 38 14 255
109 0 171 3 256
319 0 182 3 257
106 0 180 3 258
318 0 168 2 259
108 0 146 2 260
328 0 199 4 261
117 0 198 4 262
319 0 159 2 263
106 0 131 1 264
317 0 206 3 265
111 0 207 4 266
312 0 146 1 267
105 0 120 1 268
326 0 211 4 269
112 0 231 5 270
324 0 139 1 271
65 0 45 4 272
331 0 258 14 273
112 0 246 5 274
337 0 92 15 275
64 0 32 4 276
331 0 271 14 277
84 0 298 14 278
348 0 49 14 279
63 0 21 3 280
359 15 358 3 281
85 0 312 14 282
336 0 72 15 283
85 0 41 5 284
353 15 361 3 285
103 0 298 14 286
337 0 58 14 287
100 0 172 2 288
333 0 186 3 289
97 0 192 3 290
329 0 167 2 291
105 0 159 2 292
334 0 194 4 293
106 0 198 3 294
338 0 157 2 295
45 15 48 3 296
338 0 211 4 297
103 0 208 4 298
336 0 141 2 299
45 15 40 3 300
335 0 219 4 301
96 0 237 4 302
340 0 131 2 303
85 0 93 14 304
335 0 234 5 305
96 0 251 5 306
339 0 114 1 307
85 0 82 14 308
334 0 249 5 309
45 15 347 14 310
339 0 100 1 311
84 0 67 5 312
373 15 358 3 313
92 0 283 14 314
350 0 66 15 315
79 0 52 5 316
367 15 361 3 317
98 0 284 14 318
351 0 53 15 319
90 0 174 2 320
339 0 182 3 321
95 0 187 3 322
339 0 169 3 323
88 0 161 1 324
343 0 194 4 325
88 0 205 3 326
349 0 156 3 327
87 0 145 1 328
347 0 208 4 329
92 0 213 3 330
349 0 144 2 331
85 0 130 15 332
346 0 220 5 333
92 0 226 4 334
349 0 136 2 335
79 0 104 14 336
346 0 240 5 337
87 0 240 4 338
351 0 120 2 339
78 0 90 14 340
354 0 263 14 341
87 0 253 4 342
351 0 104 1 343
77 0 77 5 344
346 0 260 14 345
88 0 270 5 346
352 0 88 1 347
76 0 63 5 348
346 0 272 14 349
94 0 271 5 350
352 0 75 15 351
80 0 175 2 352
351 0 185 4 353
84 0 188 2 354
351 0 168 3 355
80 0 162 1 356
355 0 197 4 357
85 0 200 3 358
362 0 153 3 359
