360
212 0 178 14 0
233 0 182 15 1
220 0 185 15 2
225 0 174 14 3
230 0 167 14 4
228 0 199 15 5
225 0 192 15 6
240 0 170 15 7
215 0 147 5 8
233 0 205 1 9
225 0 206 15 10
235 0 149 14 11
160 15 1 14 12
227 0 216 1 13
218 0 221 1 14
225 0 142 5 15
177 15 -1 14 16
222 0 234 1 17
214 0 237 1 18
203 15 -1 15 19
183 15 -4 14 20
183 15 359 4 21
163 15 359 3 22
209 15 -4 15 23
189 15 -7 14 24
189 15 362 4 25
169 15 362 4 26
215 15 -7 15 27
195 15 -9 14 28
194 15 364 5 29
174 15 364 4 30
220 15 -9 15 31
202 0 179 14 32
243 0 181 15 33
208 0 186 14 34
250 0 178 15 35
206 0 146 5 36
242 0 199 1 37
198 0 192 14 38
255 0 168 15 39
199 0 142 4 40
239 0 204 1 41
195 0 225 15 42
245 0 155 14 43
116 15 1 4 44
245 0 217 1 45
204 0 223 15 46
238 0 141 14 47
134 15 -1 5 48
230 0 237 2 49
202 0 239 1 50
228 15 -1 1 51
151 15 -4 5 52
237 0 241 2 53
137 15 359 3 54
246 15 -4 1 55
163 15 -7 14 56
203 15 362 5 57
148 15 362 3 58
234 15 -7 1 59
169 15 -9 14 60
209 15 364 5 61
154 15 364 3 62
240 15 -9 1 63
73 15 9 3 64
248 0 186 1 65
191 0 182 14 66
257 0 175 15 67
183 0 152 4 68
257 0 187 1 69
99 15 349 1 70
257 0 161 15 71
189 0 144 4 72
248 0 207 1 73
105 15 352 1 74
257 0 147 15 75
96 15 1 4 76
250 0 225 2 77
185 0 232 15 78
248 0 142 14 79
108 15 -1 4 80
248 0 233 2 81
192 0 241 15 82
272 15 -1 2 83
119 15 -4 4 84
217 15 359 5 85
122 15 359 2 86
266 15 -4 2 87
137 15 -7 5 88
222 15 362 5 89
128 15 362 2 90
260 15 -7 2 91
143 15 -9 5 92
228 15 364 14 93
140 15 364 3 94
254 15 -9 1 95
58 15 9 3 96
263 0 181 1 97
180 0 189 5 98
264 0 176 1 99
171 0 155 4 100
268 0 181 1 101
85 15 349 15 102
264 0 163 15 103
76 15 4 3 104
267 0 187 1 105
91 15 352 1 106
263 0 153 15 107
82 15 1 3 108
260 0 215 2 109
117 0 325 1 110
263 0 142 15 111
88 15 -1 3 112
249 0 237 2 113
108 15 357 1 114
298 15 -1 3 115
99 15 -4 4 116
236 15 359 14 117
130 0 327 1 118
292 15 -4 3 119
113 0 4 4 120
242 15 362 14 121
114 15 362 2 122
286 15 -7 3 123
123 15 -9 4 124
248 15 364 14 125
131 0 343 2 126
280 15 -9 2 127
152 0 167 4 128
273 0 182 1 129
150 0 190 4 130
271 0 173 1 131
159 0 155 4 132
271 0 191 1 133
164 0 195 5 134
268 0 170 1 135
62 15 4 3 136
271 0 210 2 137
76 15 352 15 138
270 0 158 15 139
88 0 27 4 140
273 0 222 2 141
112 0 314 15 142
276 0 140 15 143
112 0 48 14 144
265 0 226 2 145
126 0 301 15 146
329 15 -1 4 147
94 0 9 4 148
256 15 359 14 149
109 0 343 1 150
318 15 -4 4 151
112 0 18 5 152
262 15 362 15 153
115 0 344 1 154
312 15 -7 3 155
103 0 3 4 156
268 15 364 15 157
123 0 343 2 158
306 15 -9 3 159
149 0 175 4 160
277 0 180 1 161
149 0 184 4 162
278 0 174 1 163
147 0 157 3 164
283 0 195 2 165
150 0 198 5 166
288 0 166 1 167
53 15 10 2 168
282 0 207 2 169
68 15 352 15 170
280 0 161 1 171
69 0 14 3 172
282 0 220 3 173
122 0 274 14 174
289 0 137 15 175
92 0 37 5 176
277 15 357 15 177
105 0 317 15 178
349 15 -1 5 179
92 0 26 4 180
294 15 359 1 181
92 0 348 1 182
344 15 -4 4 183
92 0 14 4 184
282 15 362 15 185
100 0 348 1 186
338 15 -7 4 187
109 0 26 5 188
288 15 364 1 189
124 0 322 1 190
326 15 -9 4 191
139 0 169 3 192
290 0 182 2 193
127 0 178 3 194
294 0 175 2 195
51 15 24 3 196
290 0 192 2 197
140 0 194 4 198
298 0 168 2 199
51 15 15 3 200
294 0 202 3 201
54 15 352 15 202
294 0 160 1 203
90 0 61 5 204
289 0 216 3 205
60 15 354 15 206
301 0 137 1 207
110 0 82 15 208
320 15 357 1 209
90 0 324 15 210
358 15 -1 5 211
84 0 34 4 212
314 15 359 1 213
107 0 306 15 214
345 0 23 5 215
75 0 6 3 216
308 15 362 1 217
120 0 295 15 218
333 0 30 5 219
83 0 3 3 220
303 15 364 1 221
103 0 336 1 222
334 0 17 5 223
131 0 172 3 224
307 0 179 2 225
116 0 179 3 226
309 0 169 2 227
48 15 36 3 228
302 0 187 2 229
130 0 195 4 230
306 0 162 2 231
48 15 27 3 232
302 0 195 3 233
114 0 217 4 234
310 0 151 1 235
107 0 106 15 236
304 0 203 3 237
48 15 351 14 238
310 0 137 1 239
107 0 92 15 240
346 15 357 2 241
116 0 259 14 242
357 0 25 14 243
83 0 45 5 244
340 15 359 2 245
98 0 295 14 246
346 0 33 14 247
107 0 68 14 248
334 15 362 2 249
99 0 310 15 250
335 0 48 14 251
105 0 53 14 252
328 15 364 2 253
87 0 342 15 254
336 0 36 14 255
109 0 171 3 256
319 0 182 3 257
106 0 179 3 258
318 0 168 2 259
108 0 145 2 260
328 0 199 4 261
117 0 198 4 262
319 0 159 2 263
106 0 130 1 264
317 0 206 3 265
111 0 207 4 266
312 0 146 1 267
104 0 119 1 268
326 0 211 4 269
111 0 231 5 270
324 0 139 1 271
63 0 43 4 272
331 0 259 14 273
112 0 246 5 274
337 0 90 15 275
62 0 29 3 276
331 0 271 14 277
82 0 300 14 278
349 0 46 14 279
61 0 18 3 280
360 15 362 3 281
84 0 314 14 282
336 0 71 15 283
84 0 39 4 284
354 15 364 3 285
102 0 299 14 286
337 0 57 14 287
99 0 172 2 288
333 0 186 3 289
96 0 192 3 290
329 0 167 2 291
105 0 159 2 292
334 0 194 4 293
106 0 198 3 294
338 0 157 2 295
43 15 45 3 296
338 0 211 4 297
103 0 208 4 298
336 0 141 2 299
43 15 36 3 300
335 0 219 4 301
96 0 237 4 302
340 0 131 2 303
85 0 92 14 304
335 0 234 5 305
96 0 252 5 306
339 0 114 1 307
85 0 81 14 308
334 0 249 5 309
43 15 351 14 310
339 0 100 1 311
83 0 66 5 312
375 15 362 3 313
92 0 283 14 314
351 0 65 15 315
78 0 50 5 316
369 15 364 3 317
98 0 284 14 318
352 0 52 15 319
90 0 174 2 320
338 0 182 3 321
95 0 187 3 322
339 0 169 3 323
87 0 161 1 324
343 0 194 4 325
88 0 205 3 326
349 0 155 3 327
87 0 145 1 328
347 0 208 4 329
92 0 213 3 330
349 0 144 2 331
85 0 130 15 332
346 0 220 5 333
92 0 226 4 334
349 0 136 2 335
78 0 103 14 336
346 0 241 5 337
87 0 240 4 338
351 0 119 2 339
77 0 89 14 340
354 0 264 14 341
87 0 253 4 342
351 0 104 1 343
76 0 77 5 344
346 0 260 14 345
88 0 271 5 346
352 0 88 1 347
76 0 62 5 348
346 0 272 14 349
94 0 271 5 350
353 0 74 15 351
80 0 175 2 352
351 0 185 4 353
84 0 188 2 354
351 0 168 3 355
80 0 162 1 356
355 0 197 4 357
85 0 200 3 358
362 0 152 3 359
