360
212 0 177 14 0
232 0 183 15 1
220 0 185 15 2
225 0 174 14 3
228 0 167 14 4
228 0 199 15 5
224 0 193 15 6
239 0 169 15 7
215 0 147 5 8
232 0 205 1 9
224 0 207 15 10
234 0 149 14 11
166 13 16 14 12
227 0 217 1 13
218 0 221 1 14
225 0 141 5 15
181 13 13 15 16
223 0 234 1 17
214 0 236 1 18
206 13 13 1 19
187 13 9 15 20
188 13 347 4 21
168 13 347 3 22
211 13 9 1 23
192 13 5 15 24
193 13 350 4 25
174 13 350 3 26
216 13 5 1 27
197 13 2 15 28
198 13 354 4 29
179 13 354 4 30
220 13 2 1 31
202 0 179 14 32
242 0 181 15 33
207 0 186 14 34
249 0 177 15 35
206 0 148 5 36
242 0 199 1 37
198 0 193 14 38
253 0 167 15 39
199 0 143 4 40
239 0 205 1 41
196 0 223 15 42
244 0 155 14 43
126 13 16 5 44
244 0 217 1 45
204 0 223 15 46
238 0 141 14 47
141 13 13 5 48
231 0 237 2 49
202 0 238 1 50
229 13 13 1 51
157 13 9 14 52
237 0 241 2 53
144 13 347 2 54
245 13 9 2 55
167 13 5 14 56
207 13 350 4 57
154 13 350 3 58
234 13 5 1 59
173 13 2 14 60
212 13 354 5 61
160 13 354 3 62
240 13 2 1 63
86 13 27 4 64
248 0 186 1 65
191 0 183 14 66
256 0 175 15 67
184 0 153 4 68
256 0 188 1 69
109 13 332 1 70
256 0 161 15 71
189 0 145 4 72
248 0 207 1 73
114 13 336 1 74
256 0 148 15 75
107 13 16 4 76
250 0 225 2 77
186 0 231 15 78
248 0 142 14 79
117 13 13 5 80
248 0 233 2 81
192 0 240 15 82
269 13 13 3 83
127 13 9 5 84
220 13 347 5 85
130 13 347 2 86
264 13 9 2 87
143 13 5 5 88
225 13 350 5 89
135 13 350 2 90
259 13 5 2 91
148 13 2 5 92
230 13 354 5 93
146 13 354 3 94
254 13 2 2 95
72 13 27 4 96
263 0 181 1 97
180 0 189 5 98
264 0 176 1 99
172 0 156 4 100
267 0 183 1 101
95 13 332 15 102
264 0 163 15 103
87 13 20 4 104
266 0 189 1 105
100 13 336 1 106
263 0 153 15 107
92 13 16 4 108
260 0 216 2 109
124 0 314 1 110
263 0 141 15 111
98 13 13 4 112
250 0 237 2 113
116 13 343 1 114
294 13 13 3 115
108 13 9 4 116
239 13 347 5 117
135 0 318 1 118
288 13 9 3 119
120 0 15 5 120
244 13 350 14 121
121 13 350 2 122
283 13 5 3 123
129 13 2 5 124
250 13 354 14 125
137 0 334 2 126
278 13 2 3 127
153 0 168 4 128
273 0 183 1 129
152 0 190 5 130
271 0 173 1 131
160 0 156 4 132
271 0 192 1 133
164 0 195 5 134
269 0 169 1 135
73 13 20 3 136
271 0 210 2 137
86 13 336 15 138
271 0 157 15 139
97 0 39 5 140
273 0 222 2 141
118 0 304 15 142
276 0 140 15 143
118 0 57 14 144
266 0 227 2 145
130 0 294 15 146
323 13 13 4 147
102 0 20 4 148
258 13 347 14 149
116 0 332 1 150
313 13 9 4 151
118 0 27 5 152
264 13 350 14 153
121 0 334 1 154
308 13 5 4 155
110 0 12 4 156
269 13 354 15 157
127 0 335 1 158
302 13 2 3 159
150 0 175 4 160
278 0 180 1 161
150 0 184 4 162
279 0 174 1 163
148 0 158 3 164
283 0 195 2 165
150 0 198 5 166
288 0 166 1 167
64 13 25 3 168
283 0 207 2 169
78 13 336 15 170
281 0 160 1 171
78 0 28 4 172
283 0 220 3 173
125 0 268 14 174
289 0 137 15 175
99 0 47 5 176
278 13 343 15 177
111 0 308 15 178
342 13 13 5 179
99 0 36 5 180
293 13 347 15 181
99 0 337 1 182
337 13 9 5 183
99 0 24 4 184
283 13 350 15 185
106 0 338 1 186
332 13 5 4 187
114 0 33 5 188
288 13 354 15 189
127 0 316 1 190
322 13 2 4 191
139 0 170 3 192
291 0 183 2 193
129 0 179 3 194
295 0 175 2 195
61 13 39 4 196
291 0 193 2 197
140 0 194 4 198
298 0 167 2 199
61 13 30 3 200
294 0 203 3 201
64 13 336 14 202
295 0 159 1 203
96 0 69 14 204
290 0 217 3 205
69 13 339 15 206
300 0 137 1 207
113 0 87 15 208
318 13 343 1 209
96 0 314 15 210
351 13 13 5 211
91 0 43 5 212
312 13 347 1 213
111 0 299 15 214
339 0 34 14 215
82 0 17 4 216
307 13 350 1 217
122 0 291 15 218
329 0 38 5 219
89 0 13 4 220
302 13 354 1 221
108 0 329 1 222
330 0 25 5 223
131 0 172 3 224
307 0 180 2 225
118 0 180 3 226
309 0 170 2 227
57 13 50 4 228
303 0 188 2 229
130 0 195 4 230
306 0 162 2 231
57 13 41 4 232
303 0 196 3 233
116 0 216 4 234
310 0 151 1 235
110 0 110 1 236
305 0 205 3 237
57 13 337 14 238
310 0 137 1 239
110 0 96 15 240
342 13 343 2 241
117 0 257 14 242
351 0 36 14 243
88 0 52 5 244
337 13 347 2 245
101 0 289 14 246
342 0 42 14 247
110 0 72 14 248
332 13 350 2 249
103 0 304 15 250
333 0 54 14 251
107 0 57 14 252
326 13 354 1 253
92 0 334 15 254
333 0 42 14 255
110 0 172 3 256
319 0 182 3 257
107 0 180 3 258
319 0 169 2 259
109 0 147 2 260
327 0 199 3 261
117 0 198 4 262
319 0 159 2 263
107 0 132 1 264
317 0 206 3 265
112 0 207 4 266
313 0 146 1 267
106 0 121 1 268
326 0 212 4 269
112 0 230 5 270
324 0 139 1 271
69 0 52 4 272
330 0 256 5 273
113 0 245 5 274
335 0 94 15 275
68 0 38 4 276
330 0 269 14 277
86 0 294 14 278
346 0 54 14 279
68 0 27 4 280
356 13 350 2 281
88 0 308 14 282
335 0 75 15 283
88 0 45 5 284
351 13 354 2 285
104 0 296 14 286
335 0 60 14 287
100 0 172 2 288
333 0 186 3 289
97 0 191 3 290
329 0 168 3 291
105 0 159 2 292
334 0 194 4 293
106 0 198 3 294
338 0 158 2 295
50 13 56 4 296
338 0 211 4 297
103 0 208 4 298
336 0 142 2 299
50 13 48 4 300
335 0 219 4 301
97 0 235 4 302
339 0 132 2 303
87 0 96 14 304
335 0 234 5 305
97 0 250 5 306
338 0 115 1 307
87 0 84 14 308
334 0 249 5 309
50 13 339 14 310
338 0 101 1 311
86 0 70 5 312
370 13 350 3 313
93 0 281 14 314
349 0 69 15 315
81 0 55 5 316
365 13 354 3 317
99 0 283 14 318
350 0 56 15 319
90 0 174 2 320
339 0 183 3 321
95 0 187 3 322
340 0 170 3 323
88 0 161 2 324
343 0 194 4 325
89 0 204 3 326
349 0 156 3 327
88 0 146 1 328
347 0 208 4 329
92 0 212 3 330
348 0 145 2 331
86 0 131 15 332
346 0 220 5 333
92 0 226 4 334
348 0 136 2 335
80 0 106 14 336
346 0 240 5 337
88 0 239 4 338
350 0 120 2 339
79 0 92 14 340
353 0 262 14 341
88 0 252 4 342
350 0 105 1 343
78 0 79 14 344
346 0 260 14 345
89 0 269 5 346
351 0 89 1 347
78 0 65 5 348
346 0 272 14 349
94 0 271 5 350
352 0 76 15 351
80 0 175 2 352
352 0 185 4 353
84 0 188 2 354
352 0 169 3 355
80 0 162 1 356
355 0 197 4 357
85 0 200 3 358
362 0 153 3 359
