360
214 0 175 14 0
227 0 185 15 1
216 0 185 14 2
225 0 174 14 3
218 0 163 14 4
226 0 198 15 5
217 0 196 15 6
229 0 164 14 7
215 0 150 5 8
227 0 209 1 9
217 0 209 15 10
227 0 150 14 11
203 3 110 4 12
226 0 220 1 13
215 0 221 1 14
225 0 139 5 15
207 3 100 3 16
225 0 234 1 17
214 0 234 1 18
221 3 100 4 19
208 3 90 3 20
218 3 269 2 21
204 3 269 2 22
222 3 90 4 23
209 3 80 3 24
219 3 279 3 25
205 3 279 2 26
223 3 80 3 27
210 3 70 3 28
220 3 289 3 29
206 3 289 2 30
224 3 70 3 31
202 0 175 14 32
239 0 185 15 33
204 0 186 14 34
240 0 175 15 35
203 0 159 5 36
238 0 198 1 37
202 0 196 14 38
241 0 164 15 39
202 0 149 5 40
238 0 208 1 41
201 0 213 15 42
239 0 151 14 43
185 3 110 3 44
239 0 221 1 45
203 0 222 15 46
238 0 139 14 47
188 3 100 3 48
236 0 234 2 49
202 0 235 1 50
236 3 100 4 51
192 3 90 3 52
237 0 245 2 53
189 3 269 1 54
239 3 90 4 55
194 3 80 2 56
230 3 279 3 57
191 3 279 2 58
237 3 80 4 59
196 3 70 2 60
231 3 289 3 61
193 3 289 2 62
238 3 70 3 63
166 3 141 3 64
249 0 186 1 65
191 0 185 14 66
251 0 175 15 67
189 0 160 5 68
251 0 195 1 69
172 3 228 14 70
251 0 162 15 71
190 0 149 4 72
249 0 209 1 73
173 3 238 15 74
251 0 150 14 75
171 3 110 3 76
250 0 222 2 77
189 0 224 15 78
249 0 139 14 79
174 3 100 2 80
249 0 233 2 81
191 0 235 15 82
254 3 100 5 83
176 3 90 2 84
243 3 269 3 85
177 3 269 1 86
253 3 90 5 87
180 3 80 2 88
244 3 279 3 89
178 3 279 1 90
252 3 80 4 91
181 3 70 2 92
245 3 289 4 93
180 3 289 2 94
250 3 70 4 95
154 3 141 3 96
262 0 185 1 97
179 0 186 5 98
262 0 175 1 99
177 0 161 4 100
263 0 194 1 101
159 3 228 14 102
262 0 163 15 103
158 3 121 2 104
263 0 205 2 105
161 3 238 14 106
262 0 151 15 107
159 3 110 2 108
261 0 220 2 109
166 0 243 15 110
262 0 139 14 111
160 3 100 2 112
259 0 234 2 113
164 3 259 15 114
269 3 100 5 115
162 3 90 2 116
256 3 269 3 117
169 0 262 15 118
268 3 90 5 119
165 0 82 1 120
258 3 279 4 121
165 3 279 1 122
266 3 80 5 123
167 3 70 1 124
259 3 289 4 125
169 0 284 1 126
265 3 70 4 127
163 0 173 4 128
273 0 185 1 129
163 0 186 5 130
273 0 174 1 131
165 0 161 4 132
273 0 196 2 133
166 0 197 5 134
272 0 164 1 135
145 3 121 2 136
273 0 210 2 137
148 3 238 14 138
273 0 152 15 139
150 0 116 2 140
273 0 222 2 141
155 0 240 14 142
274 0 139 15 143
155 0 110 2 144
272 0 232 3 145
158 0 247 15 146
285 3 100 14 147
152 0 93 1 148
270 3 269 4 149
155 0 265 15 150
283 3 90 14 151
155 0 85 1 152
271 3 279 4 153
156 0 275 15 154
281 3 80 5 155
154 0 73 1 156
272 3 289 5 157
158 0 285 1 158
280 3 70 5 159
153 0 175 4 160
284 0 184 2 161
153 0 185 4 162
284 0 174 1 163
153 0 161 4 164
285 0 197 2 165
154 0 198 5 166
286 0 163 1 167
134 3 122 2 168
285 0 209 2 169
137 3 238 14 170
284 0 153 1 171
137 0 113 2 172
285 0 221 3 173
148 0 232 14 174
286 0 138 15 175
142 0 108 2 176
284 3 259 4 177
144 0 251 14 178
299 3 100 14 179
142 0 96 1 180
287 3 269 4 181
142 0 266 15 182
297 3 90 14 183
142 0 84 1 184
285 3 279 5 185
143 0 276 15 186
296 3 80 14 187
145 0 77 1 188
286 3 289 5 189
148 0 280 15 190
294 3 70 5 191
142 0 173 4 192
296 0 185 2 193
139 0 184 4 194
297 0 175 2 195
124 3 134 2 196
296 0 196 2 197
142 0 197 4 198
298 0 164 1 199
124 3 123 1 200
297 0 208 3 201
124 3 238 5 202
297 0 152 1 203
132 0 123 2 204
296 0 220 3 205
126 3 249 14 206
298 0 138 1 207
136 0 117 2 208
302 3 259 5 209
132 0 252 14 210
310 3 100 15 211
131 0 98 1 212
301 3 269 5 213
135 0 258 14 214
307 0 96 15 215
129 0 83 15 216
300 3 279 5 217
138 0 265 15 218
305 0 88 14 219
130 0 73 15 220
299 3 289 5 221
134 0 283 15 222
305 0 75 14 223
131 0 174 3 224
309 0 184 2 225
128 0 184 4 226
309 0 173 2 227
114 3 137 2 228
308 0 195 3 229
130 0 197 4 230
309 0 162 2 231
114 3 125 1 232
308 0 206 3 233
127 0 211 4 234
310 0 151 1 235
126 0 132 2 236
308 0 218 4 237
114 3 248 5 238
310 0 138 1 239
126 0 119 1 240
317 3 259 5 241
127 0 239 5 242
319 0 106 15 243
121 0 100 1 244
316 3 269 5 245
124 0 256 14 246
317 0 98 15 247
126 0 95 1 248
315 3 279 14 249
124 0 268 14 250
315 0 91 15 251
125 0 83 15 252
313 3 289 14 253
122 0 284 15 254
315 0 79 14 255
117 0 174 3 256
321 0 185 3 257
116 0 184 3 258
321 0 173 2 259
116 0 159 2 260
323 0 198 3 261
118 0 198 4 262
321 0 162 2 263
116 0 146 2 264
321 0 209 4 265
117 0 209 4 266
320 0 150 2 267
116 0 134 2 268
322 0 219 4 269
117 0 223 4 270
322 0 139 1 271
107 0 109 15 272
323 0 239 5 273
117 0 236 5 274
325 0 119 1 275
107 0 97 15 276
323 0 251 5 277
111 0 257 5 278
327 0 101 15 279
107 0 85 15 280
329 3 279 14 281
111 0 269 14 282
325 0 96 15 283
111 0 80 15 284
328 3 289 14 285
115 0 276 14 286
325 0 84 15 287
105 0 174 2 288
333 0 186 3 289
104 0 187 3 290
333 0 173 3 291
106 0 162 2 292
334 0 197 4 293
106 0 198 3 294
334 0 161 2 295
94 3 129 1 296
334 0 210 4 297
106 0 209 4 298
334 0 149 2 299
94 3 118 15 300
334 0 221 4 301
104 0 225 4 302
335 0 137 2 303
102 0 119 1 304
334 0 234 5 305
104 0 237 5 306
335 0 124 1 307
102 0 108 15 308
334 0 246 5 309
94 3 267 5 310
335 0 111 1 311
102 0 95 15 312
342 3 279 15 313
103 0 263 5 314
337 0 95 15 315
101 0 82 14 316
341 3 289 15 317
105 0 273 14 318
337 0 83 15 319
94 0 174 2 320
344 0 185 4 321
95 0 186 3 322
344 0 173 3 323
93 0 162 2 324
345 0 197 4 325
93 0 199 3 326
346 0 161 3 327
93 0 149 1 328
346 0 209 4 329
94 0 210 3 330
346 0 149 2 331
93 0 137 1 332
346 0 221 5 333
94 0 222 4 334
346 0 138 2 335
91 0 122 15 336
346 0 235 5 337
93 0 235 4 338
347 0 125 2 339
91 0 109 15 340
347 0 249 14 341
93 0 247 4 342
347 0 112 1 343
91 0 97 15 344
346 0 258 14 345
93 0 260 5 346
347 0 99 1 347
91 0 85 14 348
346 0 270 14 349
94 0 270 5 350
347 0 87 1 351
82 0 175 2 352
356 0 185 4 353
83 0 186 2 354
356 0 173 4 355
82 0 162 1 356
357 0 197 4 357
83 0 198 3 358
358 0 160 3 359
