360
214 0 175 14 0
227 0 185 15 1
216 0 185 14 2
225 0 174 14 3
218 0 164 14 4
226 0 198 15 5
217 0 196 15 6
229 0 164 14 7
215 0 150 5 8
227 0 208 1 9
217 0 209 15 10
228 0 150 14 11
202 3 107 3 12
226 0 220 1 13
215 0 221 1 14
225 0 139 5 15
206 3 98 3 16
225 0 234 1 17
214 0 234 1 18
220 3 98 4 19
207 3 88 3 20
217 3 271 2 21
203 3 271 2 22
222 3 88 3 23
209 3 78 3 24
218 3 281 3 25
204 3 281 2 26
223 3 78 3 27
210 3 68 2 28
219 3 291 3 29
205 3 291 3 30
224 3 68 3 31
202 0 176 14 32
239 0 184 15 33
204 0 186 14 34
240 0 175 15 35
203 0 159 5 36
239 0 198 1 37
201 0 196 14 38
241 0 164 15 39
202 0 149 5 40
238 0 208 1 41
201 0 213 15 42
239 0 152 14 43
183 3 107 3 44
239 0 220 1 45
203 0 222 15 46
238 0 139 14 47
187 3 98 3 48
236 0 234 2 49
202 0 235 1 50
235 3 98 4 51
191 3 88 2 52
237 0 244 2 53
188 3 271 1 54
239 3 88 4 55
194 3 78 2 56
229 3 281 3 57
190 3 281 2 58
237 3 78 4 59
195 3 68 2 60
231 3 291 3 61
192 3 291 2 62
238 3 68 3 63
164 3 137 3 64
249 0 186 1 65
191 0 185 14 66
251 0 175 15 67
189 0 160 5 68
251 0 195 1 69
170 3 232 14 70
251 0 162 15 71
190 0 149 4 72
249 0 209 1 73
171 3 242 15 74
251 0 150 14 75
169 3 107 2 76
250 0 222 2 77
189 0 224 15 78
249 0 139 14 79
172 3 98 2 80
249 0 233 2 81
191 0 235 15 82
255 3 98 5 83
174 3 88 2 84
242 3 271 3 85
175 3 271 1 86
253 3 88 4 87
178 3 78 2 88
243 3 281 3 89
176 3 281 1 90
252 3 78 4 91
180 3 68 1 92
245 3 291 4 93
179 3 291 2 94
251 3 68 4 95
151 3 137 3 96
262 0 184 1 97
179 0 186 5 98
262 0 175 1 99
177 0 161 4 100
263 0 194 1 101
157 3 232 14 102
262 0 163 15 103
155 3 117 2 104
263 0 204 2 105
159 3 242 14 106
262 0 151 15 107
157 3 107 2 108
261 0 220 2 109
165 0 245 15 110
262 0 139 14 111
158 3 98 2 112
259 0 234 2 113
163 3 261 15 114
270 3 98 5 115
161 3 88 1 116
256 3 271 4 117
167 0 264 15 118
268 3 88 5 119
164 0 80 1 120
257 3 281 4 121
164 3 281 1 122
267 3 78 5 123
166 3 68 1 124
258 3 291 4 125
168 0 286 1 126
266 3 68 4 127
163 0 173 4 128
273 0 185 1 129
163 0 187 5 130
273 0 174 1 131
165 0 161 4 132
273 0 196 2 133
166 0 197 5 134
272 0 164 1 135
143 3 117 2 136
273 0 210 2 137
146 3 242 14 138
273 0 152 15 139
149 0 113 2 140
273 0 222 2 141
154 0 242 14 142
274 0 139 15 143
154 0 109 2 144
272 0 232 3 145
157 0 249 15 146
286 3 98 14 147
150 0 91 1 148
270 3 271 4 149
154 0 268 15 150
283 3 88 5 151
154 0 83 1 152
271 3 281 4 153
155 0 277 15 154
282 3 78 5 155
152 0 71 1 156
272 3 291 5 157
157 0 286 1 158
281 3 68 5 159
153 0 175 4 160
284 0 184 2 161
153 0 185 4 162
284 0 174 1 163
153 0 161 4 164
285 0 197 2 165
153 0 198 5 166
286 0 163 1 167
132 3 119 2 168
285 0 209 2 169
135 3 242 14 170
284 0 153 1 171
135 0 110 1 172
285 0 221 3 173
147 0 233 14 174
286 0 138 15 175
140 0 106 1 176
283 3 261 4 177
143 0 252 14 178
300 3 98 14 179
140 0 94 1 180
287 3 271 5 181
140 0 269 15 182
299 3 88 14 183
140 0 82 1 184
285 3 281 5 185
142 0 278 15 186
297 3 78 14 187
144 0 76 1 188
286 3 291 5 189
148 0 281 15 190
295 3 68 5 191
142 0 173 4 192
296 0 185 2 193
139 0 184 4 194
297 0 175 2 195
122 3 131 2 196
296 0 196 2 197
142 0 197 4 198
298 0 164 1 199
122 3 120 1 200
297 0 208 3 201
122 3 242 5 202
297 0 153 1 203
131 0 121 2 204
296 0 220 3 205
124 3 251 14 206
298 0 138 1 207
135 0 116 2 208
303 3 261 5 209
131 0 254 14 210
311 3 98 15 211
129 0 96 1 212
301 3 271 5 213
135 0 259 14 214
308 0 94 14 215
127 0 81 15 216
300 3 281 5 217
137 0 266 15 218
305 0 86 14 219
129 0 71 15 220
299 3 291 14 221
134 0 285 15 222
306 0 74 14 223
131 0 174 3 224
309 0 184 2 225
127 0 184 4 226
309 0 173 2 227
112 3 134 1 228
308 0 195 3 229
130 0 197 4 230
309 0 162 2 231
112 3 123 1 232
308 0 206 3 233
127 0 211 4 234
310 0 151 1 235
125 0 131 2 236
308 0 217 3 237
112 3 251 5 238
310 0 138 1 239
125 0 119 1 240
318 3 261 5 241
127 0 239 5 242
320 0 104 15 243
120 0 99 1 244
316 3 271 5 245
123 0 257 14 246
318 0 96 15 247
125 0 95 1 248
315 3 281 14 249
123 0 269 14 250
315 0 90 15 251
125 0 82 15 252
314 3 291 14 253
121 0 286 15 254
316 0 78 14 255
116 0 174 3 256
321 0 185 3 257
116 0 184 3 258
321 0 173 2 259
116 0 159 2 260
323 0 198 3 261
118 0 198 4 262
321 0 162 2 263
116 0 146 2 264
320 0 209 4 265
117 0 209 4 266
319 0 149 2 267
115 0 134 2 268
323 0 219 4 269
117 0 224 4 270
322 0 139 1 271
106 0 108 15 272
324 0 239 5 273
117 0 236 5 274
325 0 118 1 275
106 0 95 15 276
324 0 251 5 277
110 0 258 5 278
328 0 99 15 279
106 0 83 15 280
330 3 281 14 281
111 0 270 14 282
325 0 95 15 283
111 0 79 15 284
329 3 291 15 285
115 0 276 14 286
325 0 83 15 287
105 0 174 2 288
333 0 186 3 289
104 0 187 3 290
332 0 173 3 291
106 0 162 2 292
334 0 197 4 293
106 0 198 3 294
335 0 161 2 295
92 3 127 1 296
335 0 210 4 297
106 0 209 4 298
334 0 148 2 299
92 3 115 15 300
334 0 221 4 301
104 0 225 4 302
335 0 137 2 303
102 0 119 1 304
334 0 234 5 305
104 0 238 5 306
335 0 124 1 307
102 0 107 15 308
334 0 246 5 309
92 3 269 5 310
335 0 111 1 311
101 0 94 15 312
343 3 281 15 313
103 0 263 5 314
337 0 94 15 315
100 0 81 14 316
341 3 291 15 317
105 0 273 14 318
338 0 82 15 319
93 0 174 2 320
344 0 185 4 321
95 0 186 3 322
344 0 173 3 323
93 0 162 2 324
345 0 197 4 325
93 0 199 3 326
346 0 161 3 327
93 0 149 1 328
346 0 209 4 329
94 0 210 3 330
346 0 149 2 331
92 0 137 1 332
346 0 221 5 333
94 0 223 4 334
346 0 138 2 335
91 0 121 15 336
346 0 235 5 337
93 0 235 4 338
347 0 125 2 339
91 0 109 15 340
347 0 250 14 341
93 0 247 4 342
347 0 112 1 343
90 0 97 15 344
346 0 258 14 345
93 0 261 5 346
347 0 99 1 347
90 0 84 14 348
346 0 270 14 349
94 0 270 5 350
347 0 87 15 351
82 0 175 2 352
356 0 185 4 353
83 0 186 2 354
356 0 173 4 355
82 0 162 1 356
357 0 197 4 357
83 0 198 3 358
359 0 160 3 359
