360
213 0 176 14 0
230 0 184 15 1
218 0 185 15 2
225 0 174 14 3
223 0 165 14 4
227 0 198 15 5
220 0 194 15 6
234 0 167 14 7
215 0 148 5 8
230 0 207 1 9
220 0 208 15 10
231 0 150 14 11
183 8 60 1 12
226 0 218 1 13
217 0 221 1 14
225 0 140 5 15
193 8 54 1 16
224 0 234 1 17
214 0 235 1 18
213 8 54 2 19
197 8 47 1 20
202 8 310 3 21
185 8 310 2 22
217 8 47 2 23
200 8 40 1 24
205 8 317 3 25
188 8 317 3 26
220 8 40 2 27
203 8 34 1 28
208 8 323 4 29
192 8 323 3 30
222 8 34 2 31
202 0 177 14 32
241 0 183 15 33
206 0 186 14 34
245 0 176 15 35
205 0 153 5 36
240 0 198 1 37
200 0 194 14 38
247 0 166 15 39
200 0 146 5 40
238 0 206 1 41
198 0 218 15 42
242 0 153 14 43
153 8 60 15 44
242 0 219 1 45
203 0 222 15 46
238 0 140 14 47
163 8 54 15 48
233 0 236 2 49
202 0 237 1 50
232 8 54 3 51
173 8 47 1 52
237 0 243 2 53
165 8 310 2 54
242 8 47 3 55
180 8 40 1 56
218 8 317 4 57
172 8 317 2 58
235 8 40 2 59
183 8 34 15 60
221 8 323 4 61
175 8 323 3 62
239 8 34 2 63
124 8 80 15 64
249 0 186 1 65
191 0 184 14 66
254 0 175 15 67
186 0 157 5 68
254 0 191 1 69
139 8 284 15 70
254 0 162 15 71
190 0 147 4 72
249 0 208 1 73
142 8 290 15 74
254 0 149 14 75
137 8 60 15 76
250 0 224 2 77
187 0 228 15 78
249 0 141 14 79
143 8 54 15 80
249 0 233 2 81
191 0 238 15 82
262 8 54 4 83
150 8 47 15 84
231 8 310 4 85
152 8 310 1 86
259 8 47 3 87
160 8 40 15 88
234 8 317 4 89
155 8 317 2 90
255 8 40 3 91
163 8 34 15 92
237 8 323 5 93
162 8 323 2 94
252 8 34 3 95
110 8 80 15 96
262 0 183 1 97
179 0 188 5 98
263 0 175 1 99
174 0 158 4 100
265 0 188 1 101
125 8 284 15 102
263 0 163 15 103
120 8 67 15 104
265 0 197 1 105
129 8 290 15 106
262 0 152 15 107
124 8 60 14 108
261 0 218 2 109
144 0 280 15 110
262 0 140 14 111
127 8 54 14 112
254 0 236 2 113
139 8 304 1 114
282 8 54 4 115
133 8 47 14 116
247 8 310 5 117
151 0 292 1 118
279 8 47 4 119
141 0 47 15 120
251 8 317 5 121
142 8 317 1 122
275 8 40 4 123
147 8 34 14 124
254 8 323 5 125
152 0 311 1 126
272 8 34 3 127
158 0 170 4 128
273 0 184 1 129
157 0 188 5 130
272 0 174 1 131
162 0 158 4 132
272 0 194 2 133
165 0 196 5 134
270 0 167 1 135
107 8 67 14 136
272 0 210 2 137
115 8 290 15 138
272 0 155 15 139
122 0 75 15 140
273 0 222 2 141
136 0 274 15 142
275 0 139 15 143
135 0 82 15 144
269 0 229 3 145
143 0 272 15 146
305 8 54 5 147
125 0 54 14 148
264 8 310 5 149
134 0 301 1 150
299 8 47 5 151
135 0 54 15 152
267 8 317 5 153
137 0 307 1 154
295 8 40 4 155
130 0 41 14 156
270 8 323 14 157
142 0 311 1 158
292 8 34 4 159
151 0 175 4 160
281 0 182 1 161
151 0 185 4 162
281 0 174 1 163
150 0 159 3 164
284 0 196 2 165
152 0 198 5 166
287 0 165 1 167
97 8 70 14 168
284 0 208 2 169
105 8 290 14 170
282 0 156 1 171
106 0 68 14 172
284 0 221 3 173
136 0 251 14 174
288 0 138 15 175
119 0 76 15 176
280 8 304 5 177
126 0 281 15 178
322 8 54 14 179
119 0 64 14 180
290 8 310 14 181
119 0 304 15 182
319 8 47 5 183
119 0 52 14 184
284 8 317 14 185
124 0 309 15 186
315 8 40 5 187
129 0 54 14 188
287 8 323 14 189
137 0 299 1 190
309 8 34 5 191
140 0 171 4 192
293 0 184 2 193
134 0 181 4 194
296 0 175 2 195
90 8 84 14 196
293 0 194 2 197
141 0 195 4 198
298 0 166 1 199
90 8 74 14 200
295 0 205 3 201
92 8 290 14 202
296 0 156 1 203
113 0 94 15 204
293 0 218 3 205
95 8 297 14 206
299 0 138 1 207
124 0 101 1 208
310 8 304 14 209
113 0 285 14 210
332 8 54 14 211
109 0 69 14 212
307 8 310 14 213
122 0 280 14 214
324 0 63 14 215
104 0 48 5 216
304 8 317 15 217
130 0 279 15 218
318 0 61 14 219
109 0 41 5 220
300 8 323 15 221
120 0 307 15 222
318 0 49 5 223
131 0 173 3 224
308 0 181 2 225
122 0 181 3 226
309 0 171 2 227
84 8 90 14 228
305 0 191 3 229
130 0 196 4 230
307 0 162 2 231
84 8 80 14 232
305 0 201 3 233
121 0 214 4 234
310 0 151 1 235
117 0 120 1 236
306 0 211 3 237
84 8 295 14 238
310 0 138 1 239
117 0 107 1 240
330 8 304 15 241
122 0 248 5 242
336 0 69 15 243
103 0 75 14 244
327 8 310 15 245
112 0 274 14 246
330 0 68 14 247
117 0 83 15 248
324 8 317 15 249
113 0 287 14 250
324 0 71 14 251
116 0 69 14 252
320 8 323 15 253
106 0 311 15 254
325 0 60 14 255
113 0 173 3 256
320 0 183 3 257
111 0 181 3 258
320 0 171 2 259
112 0 153 2 260
325 0 198 3 261
118 0 198 4 262
320 0 160 2 263
111 0 139 2 264
319 0 207 4 265
114 0 208 4 266
316 0 148 1 267
110 0 127 1 268
324 0 215 4 269
114 0 227 5 270
323 0 139 1 271
87 0 79 14 272
327 0 248 5 273
115 0 241 5 274
330 0 106 1 275
86 0 66 5 276
327 0 260 5 277
98 0 276 14 278
337 0 76 15 279
86 0 54 5 280
344 8 317 1 281
99 0 290 14 282
330 0 85 15 283
99 0 61 14 284
340 8 323 1 285
109 0 286 14 286
330 0 71 14 287
102 0 173 2 288
333 0 186 3 289
101 0 189 3 290
331 0 170 3 291
106 0 160 2 292
334 0 195 4 293
106 0 198 3 294
336 0 159 2 295
70 8 90 14 296
336 0 210 4 297
104 0 209 4 298
335 0 145 2 299
70 8 80 5 300
334 0 220 4 301
100 0 230 4 302
337 0 134 2 303
94 0 107 15 304
334 0 234 5 305
100 0 244 5 306
337 0 119 1 307
94 0 95 15 308
334 0 248 5 309
70 8 305 14 310
337 0 106 1 311
93 0 82 14 312
357 8 317 1 313
98 0 272 5 314
343 0 81 15 315
90 0 68 14 316
354 8 323 1 317
102 0 278 14 318
344 0 69 15 319
92 0 174 2 320
341 0 184 3 321
95 0 186 3 322
342 0 171 3 323
90 0 162 2 324
344 0 195 4 325
91 0 202 3 326
348 0 158 3 327
90 0 147 1 328
346 0 209 4 329
93 0 211 3 330
347 0 147 2 331
89 0 134 1 332
346 0 221 5 333
93 0 224 4 334
347 0 137 2 335
85 0 113 15 336
346 0 238 5 337
90 0 237 4 338
349 0 122 2 339
85 0 100 14 340
350 0 256 14 341
90 0 250 4 342
349 0 108 1 343
84 0 88 14 344
346 0 259 14 345
91 0 265 5 346
349 0 94 1 347
84 0 74 14 348
346 0 271 14 349
94 0 270 5 350
350 0 81 15 351
81 0 175 2 352
354 0 185 4 353
83 0 187 2 354
354 0 171 3 355
81 0 162 1 356
356 0 197 4 357
84 0 199 3 358
360 0 157 3 359
