360
213 0 177 14 0
231 0 183 15 1
219 0 185 15 2
225 0 174 14 3
227 0 166 14 4
227 0 199 15 5
223 0 193 15 6
237 0 168 15 7
215 0 147 5 8
231 0 206 1 9
223 0 207 15 10
233 0 149 14 11
171 12 29 15 12
227 0 217 1 13
218 0 221 1 14
225 0 141 5 15
185 12 25 15 16
223 0 234 1 17
214 0 236 1 18
208 12 25 1 19
189 12 20 15 20
192 12 336 4 21
173 12 336 3 22
213 12 20 1 23
194 12 16 15 24
196 12 340 4 25
178 12 340 3 26
217 12 16 1 27
199 12 11 15 28
201 12 345 4 29
183 12 345 4 30
221 12 11 1 31
202 0 178 14 32
242 0 182 15 33
207 0 186 14 34
247 0 177 15 35
206 0 149 5 36
241 0 199 1 37
199 0 193 14 38
251 0 167 15 39
199 0 144 5 40
239 0 205 1 41
196 0 222 15 42
243 0 154 14 43
134 12 29 14 44
243 0 218 1 45
204 0 223 15 46
238 0 140 14 47
148 12 25 14 48
232 0 237 2 49
202 0 238 1 50
230 12 25 2 51
162 12 20 14 52
237 0 242 2 53
150 12 336 2 54
244 12 20 2 55
171 12 16 14 56
210 12 340 4 57
160 12 340 3 58
235 12 16 2 59
176 12 11 14 60
215 12 345 5 61
164 12 345 3 62
239 12 11 2 63
97 12 43 5 64
248 0 186 1 65
191 0 183 14 66
255 0 175 15 67
185 0 154 4 68
255 0 189 1 69
118 12 318 1 70
256 0 161 15 71
189 0 146 4 72
248 0 208 1 73
122 12 322 1 74
256 0 148 15 75
115 12 29 5 76
250 0 225 2 77
186 0 230 15 78
248 0 142 14 79
125 12 25 5 80
248 0 233 2 81
192 0 240 15 82
267 12 25 3 83
134 12 20 5 84
223 12 336 5 85
136 12 336 2 86
262 12 20 3 87
148 12 16 14 88
228 12 340 5 89
141 12 340 2 90
258 12 16 2 91
153 12 11 14 92
232 12 345 5 93
150 12 345 2 94
253 12 11 2 95
83 12 43 5 96
263 0 182 1 97
180 0 189 5 98
263 0 176 1 99
172 0 156 4 100
266 0 184 1 101
104 12 318 15 102
263 0 163 15 103
97 12 34 5 104
266 0 191 1 105
109 12 322 15 106
263 0 152 15 107
102 12 29 5 108
260 0 217 2 109
130 0 304 15 110
263 0 141 15 111
106 12 25 5 112
252 0 237 2 113
123 12 331 1 114
290 12 25 4 115
116 12 20 5 116
241 12 336 5 117
140 0 310 1 118
286 12 20 3 119
126 0 25 5 120
246 12 340 5 121
127 12 340 2 122
281 12 16 3 123
134 12 11 5 124
251 12 345 14 125
141 0 328 2 126
276 12 11 3 127
155 0 168 4 128
273 0 183 1 129
153 0 189 5 130
272 0 173 1 131
160 0 157 4 132
272 0 193 2 133
165 0 196 5 134
269 0 168 1 135
83 12 34 4 136
272 0 210 2 137
95 12 322 15 138
271 0 156 15 139
104 0 50 5 140
273 0 222 2 141
123 0 295 15 142
275 0 140 15 143
123 0 64 14 144
267 0 227 2 145
134 0 287 15 146
318 12 25 5 147
109 0 30 5 148
260 12 336 14 149
121 0 323 1 150
309 12 20 4 151
123 0 35 14 152
265 12 340 14 153
126 0 326 1 154
304 12 16 4 155
116 0 21 5 156
269 12 345 14 157
132 0 328 1 158
299 12 11 4 159
150 0 175 4 160
279 0 181 1 161
150 0 184 4 162
279 0 174 1 163
149 0 158 3 164
284 0 196 2 165
151 0 198 5 166
287 0 166 1 167
74 12 38 4 168
283 0 208 2 169
86 12 322 15 170
281 0 159 1 171
86 0 39 5 172
283 0 220 3 173
128 0 263 14 174
289 0 137 15 175
105 0 55 14 176
278 12 331 14 177
115 0 300 15 178
336 12 25 5 179
105 0 44 5 180
292 12 336 15 181
105 0 327 15 182
332 12 20 5 183
105 0 32 5 184
283 12 340 15 185
111 0 329 1 186
327 12 16 5 187
118 0 39 14 188
288 12 345 15 189
130 0 311 1 190
318 12 11 4 191
139 0 170 3 192
292 0 183 2 193
130 0 180 3 194
295 0 175 2 195
69 12 52 4 196
292 0 193 2 197
141 0 194 4 198
298 0 167 1 199
69 12 43 4 200
294 0 203 3 201
72 12 322 14 202
295 0 158 1 203
101 0 77 14 204
291 0 217 3 205
77 12 327 15 206
300 0 137 1 207
116 0 91 15 208
315 12 331 15 209
101 0 305 15 210
346 12 25 5 211
96 0 50 5 212
311 12 336 15 213
114 0 294 15 214
335 0 42 14 215
89 0 26 4 216
306 12 340 15 217
124 0 287 15 218
326 0 45 5 219
95 0 21 4 220
301 12 345 15 221
111 0 323 15 222
327 0 32 5 223
131 0 173 3 224
308 0 180 2 225
119 0 180 3 226
309 0 170 2 227
65 12 62 5 228
304 0 189 2 229
130 0 196 4 230
306 0 162 2 231
65 12 52 4 232
303 0 198 3 233
117 0 216 4 234
310 0 151 1 235
112 0 113 1 236
305 0 207 3 237
65 12 325 14 238
310 0 137 1 239
112 0 99 15 240
339 12 331 1 241
119 0 254 14 242
347 0 46 14 243
92 0 59 5 244
334 12 336 1 245
104 0 285 14 246
339 0 50 14 247
112 0 75 14 248
329 12 340 1 249
106 0 299 15 250
330 0 59 14 251
110 0 61 14 252
325 12 345 1 253
96 0 327 15 254
331 0 47 14 255
111 0 172 3 256
320 0 182 3 257
109 0 180 3 258
319 0 170 2 259
110 0 149 2 260
326 0 199 3 261
117 0 198 4 262
320 0 159 2 263
109 0 134 1 264
318 0 206 3 265
112 0 208 4 266
314 0 147 1 267
107 0 123 1 268
325 0 213 4 269
113 0 229 5 270
323 0 139 1 271
74 0 60 5 272
329 0 253 5 273
114 0 243 5 274
334 0 98 15 275
74 0 46 4 276
329 0 266 14 277
90 0 289 14 278
343 0 60 15 279
73 0 35 4 280
352 12 340 2 281
91 0 302 14 282
333 0 78 15 283
91 0 50 5 284
348 12 345 2 285
105 0 293 14 286
334 0 64 14 287
101 0 173 2 288
333 0 186 3 289
98 0 190 3 290
330 0 168 3 291
105 0 159 2 292
334 0 194 4 293
106 0 198 3 294
337 0 158 2 295
56 12 66 4 296
337 0 211 4 297
103 0 208 4 298
335 0 143 2 299
56 12 57 4 300
335 0 220 4 301
98 0 234 4 302
338 0 132 2 303
89 0 99 15 304
335 0 234 5 305
98 0 248 5 306
338 0 117 1 307
89 0 88 14 308
334 0 249 5 309
56 12 329 14 310
338 0 103 1 311
88 0 73 14 312
366 12 340 2 313
95 0 278 14 314
347 0 73 15 315
84 0 59 5 316
361 12 345 2 317
100 0 281 14 318
348 0 60 15 319
91 0 174 2 320
340 0 183 3 321
95 0 187 3 322
341 0 170 3 323
89 0 161 2 324
344 0 194 4 325
90 0 204 3 326
349 0 157 3 327
88 0 146 1 328
347 0 208 4 329
93 0 212 3 330
348 0 146 2 331
87 0 132 1 332
346 0 220 5 333
93 0 225 4 334
348 0 137 2 335
81 0 108 15 336
346 0 239 5 337
88 0 238 4 338
350 0 121 2 339
81 0 95 14 340
352 0 260 14 341
88 0 252 4 342
350 0 106 1 343
80 0 82 14 344
346 0 259 14 345
90 0 268 5 346
350 0 91 1 347
80 0 68 5 348
346 0 271 14 349
94 0 271 5 350
351 0 77 15 351
81 0 175 2 352
353 0 185 4 353
84 0 187 2 354
353 0 170 3 355
81 0 162 1 356
356 0 197 4 357
84 0 199 3 358
361 0 154 3 359
