360
212 0 177 14 0
232 0 183 15 1
220 0 185 15 2
225 0 174 14 3
228 0 167 14 4
228 0 199 15 5
224 0 193 15 6
238 0 169 15 7
215 0 147 5 8
232 0 205 1 9
224 0 207 15 10
234 0 149 14 11
167 13 21 15 12
227 0 217 1 13
218 0 221 1 14
225 0 141 5 15
182 13 17 15 16
223 0 234 1 17
214 0 236 1 18
206 13 17 1 19
187 13 13 15 20
189 13 343 4 21
170 13 343 3 22
211 13 13 1 23
193 13 9 15 24
194 13 347 4 25
175 13 347 3 26
216 13 9 1 27
198 13 5 15 28
199 13 351 4 29
180 13 351 4 30
221 13 5 1 31
202 0 179 14 32
242 0 181 15 33
207 0 186 14 34
248 0 177 15 35
206 0 148 5 36
242 0 199 1 37
198 0 193 14 38
252 0 167 15 39
199 0 143 5 40
239 0 205 1 41
196 0 223 15 42
244 0 155 14 43
128 13 21 5 44
244 0 217 1 45
204 0 223 15 46
238 0 141 14 47
143 13 17 14 48
231 0 237 2 49
202 0 238 1 50
229 13 17 1 51
158 13 13 14 52
237 0 241 2 53
146 13 343 2 54
245 13 13 2 55
169 13 9 14 56
208 13 347 4 57
156 13 347 3 58
234 13 9 1 59
174 13 5 14 60
213 13 351 5 61
161 13 351 3 62
239 13 5 1 63
89 13 32 4 64
248 0 186 1 65
191 0 183 14 66
256 0 175 15 67
184 0 154 4 68
256 0 188 1 69
112 13 328 1 70
256 0 161 15 71
189 0 145 4 72
248 0 207 1 73
117 13 331 1 74
256 0 148 15 75
109 13 21 5 76
250 0 225 2 77
186 0 231 15 78
248 0 142 14 79
119 13 17 5 80
248 0 233 2 81
192 0 240 15 82
268 13 17 3 83
129 13 13 5 84
221 13 343 5 85
132 13 343 2 86
263 13 13 2 87
145 13 9 5 88
226 13 347 5 89
137 13 347 2 90
258 13 9 2 91
150 13 5 5 92
231 13 351 5 93
147 13 351 3 94
253 13 5 2 95
75 13 32 4 96
263 0 181 1 97
180 0 189 5 98
264 0 176 1 99
172 0 156 4 100
267 0 183 1 101
98 13 328 15 102
264 0 163 15 103
90 13 24 4 104
266 0 190 1 105
103 13 331 1 106
263 0 153 15 107
95 13 21 4 108
260 0 216 2 109
126 0 310 1 110
263 0 141 15 111
100 13 17 4 112
251 0 237 2 113
118 13 339 1 114
292 13 17 3 115
111 13 13 4 116
240 13 343 5 117
137 0 316 1 118
287 13 13 3 119
122 0 18 5 120
245 13 347 14 121
123 13 347 2 122
282 13 9 3 123
131 13 5 5 124
250 13 351 14 125
138 0 332 2 126
277 13 5 3 127
154 0 168 4 128
273 0 183 1 129
152 0 190 5 130
271 0 173 1 131
160 0 156 4 132
271 0 192 1 133
164 0 195 5 134
269 0 169 1 135
76 13 24 4 136
271 0 210 2 137
89 13 331 15 138
271 0 157 15 139
99 0 43 5 140
273 0 222 2 141
120 0 301 15 142
276 0 140 15 143
119 0 59 14 144
266 0 227 2 145
131 0 291 15 146
321 13 17 4 147
104 0 24 5 148
259 13 343 14 149
117 0 329 1 150
311 13 13 4 151
119 0 30 5 152
264 13 347 14 153
123 0 332 1 154
306 13 9 4 155
112 0 15 5 156
269 13 351 15 157
129 0 333 1 158
301 13 5 3 159
150 0 175 4 160
278 0 180 1 161
150 0 184 4 162
279 0 174 1 163
148 0 158 3 164
283 0 195 2 165
150 0 198 5 166
288 0 166 1 167
68 13 29 4 168
283 0 207 2 169
80 13 331 15 170
281 0 159 1 171
81 0 31 4 172
283 0 220 3 173
126 0 267 14 174
289 0 137 15 175
101 0 50 5 176
278 13 339 14 177
112 0 306 15 178
340 13 17 5 179
101 0 38 5 180
293 13 343 15 181
101 0 334 1 182
335 13 13 5 183
101 0 26 5 184
283 13 347 15 185
108 0 335 1 186
330 13 9 4 187
115 0 35 5 188
288 13 351 15 189
128 0 315 1 190
320 13 5 4 191
139 0 170 3 192
291 0 183 2 193
129 0 179 3 194
295 0 175 2 195
64 13 43 4 196
291 0 193 2 197
140 0 194 4 198
298 0 167 2 199
64 13 34 4 200
294 0 203 3 201
66 13 331 14 202
295 0 159 1 203
97 0 72 14 204
290 0 217 3 205
71 13 335 15 206
300 0 137 1 207
114 0 88 15 208
317 13 339 1 209
97 0 311 15 210
349 13 17 5 211
93 0 45 5 212
312 13 343 1 213
112 0 297 15 214
338 0 36 14 215
85 0 20 4 216
307 13 347 1 217
123 0 290 15 218
328 0 40 5 219
91 0 16 4 220
302 13 351 1 221
109 0 327 1 222
329 0 27 5 223
131 0 172 3 224
307 0 180 2 225
118 0 180 3 226
309 0 170 2 227
60 13 53 4 228
303 0 188 2 229
130 0 195 4 230
306 0 162 2 231
60 13 45 4 232
303 0 197 3 233
116 0 216 4 234
310 0 151 1 235
110 0 111 1 236
305 0 206 3 237
60 13 333 14 238
310 0 137 1 239
110 0 97 15 240
341 13 339 1 241
118 0 256 14 242
350 0 40 14 243
89 0 55 5 244
336 13 343 1 245
102 0 288 14 246
341 0 44 14 247
110 0 73 14 248
331 13 347 1 249
104 0 303 15 250
332 0 55 14 251
108 0 58 14 252
326 13 351 1 253
93 0 332 15 254
332 0 44 14 255
110 0 172 3 256
319 0 182 3 257
108 0 180 3 258
319 0 169 2 259
109 0 148 2 260
327 0 199 3 261
117 0 198 4 262
319 0 159 2 263
108 0 133 1 264
317 0 206 3 265
112 0 207 4 266
313 0 146 1 267
106 0 122 1 268
326 0 212 4 269
112 0 230 5 270
324 0 139 1 271
71 0 54 5 272
330 0 255 5 273
113 0 244 5 274
335 0 95 15 275
70 0 41 4 276
330 0 268 14 277
87 0 292 14 278
345 0 56 14 279
69 0 30 4 280
355 13 347 2 281
89 0 306 14 282
334 0 76 15 283
89 0 47 5 284
350 13 351 2 285
104 0 295 14 286
335 0 62 14 287
100 0 172 2 288
333 0 186 3 289
98 0 191 3 290
329 0 168 3 291
105 0 159 2 292
334 0 194 4 293
106 0 198 3 294
338 0 158 2 295
52 13 60 4 296
338 0 211 4 297
103 0 208 4 298
336 0 142 2 299
52 13 51 4 300
335 0 219 4 301
97 0 235 4 302
339 0 132 2 303
88 0 97 14 304
335 0 234 5 305
97 0 249 5 306
338 0 116 1 307
88 0 86 14 308
334 0 249 5 309
52 13 336 14 310
338 0 102 1 311
86 0 71 14 312
369 13 347 3 313
94 0 280 14 314
348 0 70 15 315
82 0 56 5 316
364 13 351 3 317
99 0 282 14 318
349 0 57 15 319
90 0 174 2 320
339 0 183 3 321
95 0 187 3 322
340 0 170 3 323
88 0 161 2 324
343 0 194 4 325
89 0 204 3 326
349 0 156 3 327
88 0 146 1 328
347 0 208 4 329
92 0 212 3 330
348 0 145 2 331
86 0 131 15 332
346 0 220 5 333
92 0 226 4 334
348 0 136 2 335
80 0 106 14 336
346 0 240 5 337
88 0 239 4 338
350 0 120 2 339
80 0 93 14 340
353 0 261 14 341
88 0 252 4 342
350 0 105 1 343
79 0 80 14 344
346 0 260 14 345
89 0 269 5 346
351 0 90 1 347
78 0 66 5 348
346 0 272 14 349
94 0 271 5 350
352 0 76 15 351
80 0 175 2 352
352 0 185 4 353
84 0 188 2 354
352 0 169 3 355
80 0 162 1 356
355 0 197 4 357
85 0 200 3 358
362 0 154 3 359
