360
213 0 176 14 0
229 0 184 15 1
218 0 185 14 2
225 0 174 14 3
223 0 165 14 4
227 0 198 15 5
220 0 195 15 6
234 0 166 14 7
215 0 148 5 8
229 0 207 1 9
220 0 208 15 10
231 0 150 14 11
185 8 64 1 12
226 0 219 1 13
217 0 221 1 14
225 0 140 5 15
194 8 57 2 16
224 0 234 1 17
214 0 235 1 18
214 8 57 2 19
197 8 50 1 20
203 8 308 3 21
186 8 308 2 22
217 8 50 2 23
201 8 43 1 24
206 8 314 3 25
189 8 314 3 26
220 8 43 2 27
204 8 36 1 28
209 8 321 4 29
193 8 321 3 30
222 8 36 2 31
202 0 177 14 32
241 0 183 15 33
205 0 186 14 34
244 0 176 15 35
205 0 153 5 36
240 0 198 1 37
200 0 195 14 38
247 0 165 15 39
200 0 146 5 40
238 0 207 1 41
198 0 218 15 42
241 0 153 14 43
155 8 64 1 44
241 0 219 1 45
203 0 222 15 46
238 0 140 14 47
165 8 57 1 48
234 0 236 2 49
202 0 237 1 50
232 8 57 3 51
175 8 50 1 52
237 0 243 2 53
167 8 308 2 54
242 8 50 3 55
181 8 43 1 56
219 8 314 4 57
173 8 314 2 58
236 8 43 2 59
184 8 36 1 60
221 8 321 4 61
176 8 321 3 62
239 8 36 2 63
126 8 84 15 64
249 0 186 1 65
191 0 184 14 66
253 0 175 15 67
187 0 157 5 68
253 0 192 1 69
141 8 280 15 70
254 0 162 15 71
190 0 147 4 72
249 0 208 1 73
144 8 287 15 74
254 0 149 14 75
139 8 64 15 76
250 0 224 2 77
187 0 228 15 78
249 0 141 14 79
145 8 57 15 80
249 0 233 2 81
191 0 238 15 82
262 8 57 4 83
152 8 50 15 84
231 8 308 4 85
153 8 308 1 86
258 8 50 3 87
161 8 43 15 88
235 8 314 4 89
157 8 314 2 90
255 8 43 3 91
164 8 36 15 92
238 8 321 5 93
163 8 321 2 94
252 8 36 3 95
113 8 84 15 96
262 0 183 1 97
179 0 188 5 98
263 0 175 1 99
174 0 158 4 100
265 0 189 1 101
127 8 280 15 102
263 0 163 15 103
123 8 70 15 104
265 0 197 1 105
131 8 287 15 106
262 0 152 15 107
126 8 64 15 108
261 0 218 2 109
145 0 278 15 110
262 0 140 14 111
129 8 57 14 112
255 0 236 2 113
140 8 301 1 114
281 8 57 4 115
135 8 50 14 116
248 8 308 4 117
152 0 290 1 118
278 8 50 4 119
143 0 49 15 120
251 8 314 5 121
143 8 314 1 122
275 8 43 4 123
148 8 36 14 124
254 8 321 5 125
153 0 309 1 126
272 8 36 3 127
158 0 170 4 128
273 0 184 1 129
157 0 188 5 130
272 0 174 1 131
162 0 159 4 132
272 0 194 2 133
165 0 196 5 134
271 0 166 1 135
109 8 70 14 136
272 0 210 2 137
117 8 287 15 138
272 0 154 15 139
124 0 78 15 140
273 0 222 2 141
137 0 272 15 142
275 0 139 15 143
137 0 84 1 144
269 0 229 3 145
144 0 270 15 146
304 8 57 5 147
127 0 57 14 148
264 8 308 5 149
135 0 299 15 150
298 8 50 5 151
137 0 56 15 152
267 8 314 5 153
139 0 305 1 154
294 8 43 4 155
132 0 43 14 156
271 8 321 14 157
143 0 310 1 158
291 8 36 4 159
151 0 175 4 160
281 0 182 1 161
151 0 185 4 162
281 0 174 1 163
151 0 159 3 164
284 0 196 2 165
152 0 198 5 166
287 0 165 1 167
99 8 74 14 168
284 0 208 2 169
107 8 287 14 170
283 0 156 1 171
108 0 70 14 172
284 0 221 3 173
137 0 250 14 174
288 0 138 15 175
120 0 78 15 176
281 8 301 5 177
128 0 279 15 178
320 8 57 14 179
120 0 66 14 180
290 8 308 14 181
121 0 302 15 182
317 8 50 5 183
120 0 54 14 184
284 8 314 14 185
125 0 307 15 186
314 8 43 5 187
130 0 55 14 188
287 8 321 14 189
138 0 298 1 190
308 8 36 5 191
140 0 171 4 192
294 0 184 2 193
134 0 181 4 194
296 0 175 2 195
92 8 87 14 196
294 0 195 2 197
141 0 195 4 198
298 0 165 1 199
92 8 77 14 200
295 0 205 3 201
94 8 287 14 202
296 0 156 1 203
114 0 96 15 204
293 0 219 3 205
97 8 294 14 206
299 0 138 1 207
125 0 102 1 208
310 8 301 14 209
114 0 283 14 210
330 8 57 14 211
111 0 70 14 212
307 8 308 14 213
123 0 278 14 214
323 0 65 14 215
106 0 50 5 216
303 8 314 14 217
130 0 278 15 218
317 0 63 14 219
110 0 43 5 220
300 8 321 15 221
121 0 306 15 222
318 0 50 5 223
131 0 173 3 224
308 0 182 2 225
123 0 182 3 226
309 0 171 2 227
86 8 93 14 228
306 0 192 3 229
130 0 196 4 230
307 0 162 2 231
86 8 83 14 232
305 0 201 3 233
121 0 214 4 234
310 0 151 1 235
118 0 121 1 236
307 0 212 3 237
86 8 292 14 238
310 0 138 1 239
118 0 108 1 240
329 8 301 15 241
122 0 248 5 242
335 0 71 15 243
104 0 76 14 244
326 8 308 15 245
113 0 272 14 246
330 0 70 14 247
118 0 84 15 248
323 8 314 15 249
113 0 286 14 250
324 0 73 14 251
116 0 70 14 252
320 8 321 15 253
107 0 309 15 254
324 0 61 14 255
113 0 173 3 256
320 0 183 3 257
112 0 182 3 258
320 0 171 2 259
112 0 153 2 260
325 0 198 3 261
118 0 198 4 262
320 0 160 2 263
112 0 139 2 264
319 0 207 4 265
114 0 208 4 266
316 0 148 1 267
111 0 128 1 268
324 0 216 4 269
115 0 227 5 270
323 0 139 1 271
88 0 81 14 272
327 0 247 5 273
115 0 240 5 274
330 0 107 1 275
88 0 68 5 276
327 0 260 5 277
99 0 275 14 278
336 0 77 15 279
87 0 56 5 280
343 8 314 1 281
100 0 288 14 282
330 0 85 15 283
100 0 63 14 284
339 8 321 1 285
109 0 286 14 286
330 0 72 14 287
103 0 173 2 288
333 0 186 3 289
101 0 189 3 290
331 0 170 3 291
106 0 160 2 292
334 0 195 4 293
106 0 198 3 294
336 0 159 2 295
72 8 93 14 296
336 0 210 4 297
104 0 209 4 298
335 0 145 2 299
72 8 83 5 300
334 0 220 4 301
100 0 230 4 302
337 0 134 2 303
95 0 108 15 304
334 0 234 5 305
100 0 243 5 306
337 0 120 1 307
95 0 96 15 308
334 0 248 5 309
72 8 303 14 310
337 0 106 1 311
94 0 82 14 312
356 8 314 1 313
98 0 272 5 314
343 0 82 15 315
91 0 69 14 316
353 8 321 1 317
102 0 278 14 318
343 0 70 15 319
92 0 174 2 320
342 0 184 3 321
95 0 186 3 322
342 0 171 3 323
91 0 162 2 324
344 0 195 4 325
91 0 202 3 326
348 0 159 3 327
90 0 147 1 328
346 0 209 4 329
93 0 211 3 330
347 0 147 2 331
89 0 134 1 332
346 0 221 5 333
93 0 224 4 334
347 0 137 2 335
85 0 114 15 336
346 0 237 5 337
90 0 237 4 338
349 0 123 2 339
85 0 101 14 340
350 0 255 14 341
90 0 250 4 342
349 0 108 1 343
85 0 88 14 344
346 0 259 14 345
91 0 265 5 346
349 0 94 1 347
84 0 75 14 348
346 0 271 14 349
94 0 270 5 350
349 0 81 15 351
81 0 175 2 352
354 0 185 4 353
83 0 187 2 354
354 0 171 3 355
81 0 162 1 356
356 0 197 4 357
84 0 199 3 358
360 0 157 3 359
