360
214 0 176 14 0
228 0 184 15 1
217 0 185 14 2
225 0 174 14 3
220 0 164 14 4
226 0 198 15 5
219 0 196 15 6
231 0 165 14 7
215 0 149 5 8
228 0 208 1 9
219 0 208 15 10
229 0 150 14 11
195 5 90 3 12
226 0 220 1 13
216 0 221 1 14
225 0 140 5 15
201 5 81 3 16
224 0 234 1 17
214 0 235 1 18
218 5 81 3 19
203 5 72 2 20
211 5 286 3 21
196 5 286 2 22
220 5 72 3 23
205 5 64 2 24
213 5 295 3 25
198 5 295 2 26
221 5 64 3 27
207 5 55 2 28
215 5 303 3 29
200 5 303 3 30
223 5 55 2 31
202 0 176 14 32
239 0 184 15 33
204 0 186 14 34
242 0 176 15 35
204 0 157 5 36
239 0 198 1 37
201 0 196 14 38
244 0 164 15 39
201 0 147 5 40
238 0 208 1 41
200 0 215 15 42
240 0 152 14 43
172 5 90 2 44
240 0 220 1 45
203 0 222 15 46
238 0 139 14 47
178 5 81 2 48
235 0 235 2 49
202 0 235 1 50
234 5 81 4 51
184 5 72 2 52
237 0 244 2 53
179 5 286 2 54
240 5 72 4 55
188 5 64 2 56
225 5 295 3 57
183 5 295 2 58
236 5 64 3 59
191 5 55 1 60
227 5 303 4 61
185 5 303 2 62
238 5 55 3 63
149 5 116 2 64
249 0 186 1 65
191 0 184 14 66
252 0 175 15 67
188 0 159 5 68
252 0 194 1 69
158 5 251 15 70
252 0 162 15 71
190 0 148 4 72
249 0 209 1 73
160 5 260 15 74
252 0 149 14 75
157 5 90 1 76
250 0 223 2 77
189 0 225 15 78
249 0 140 14 79
161 5 81 1 80
249 0 233 2 81
191 0 236 15 82
257 5 81 4 83
165 5 72 1 84
238 5 286 3 85
166 5 286 1 86
255 5 72 4 87
171 5 64 1 88
240 5 295 4 89
168 5 295 1 90
253 5 64 4 91
174 5 55 1 92
242 5 303 4 93
173 5 303 2 94
251 5 55 3 95
136 5 116 2 96
262 0 184 1 97
179 0 187 5 98
262 0 175 1 99
176 0 160 4 100
264 0 192 1 101
145 5 251 14 102
262 0 163 15 103
142 5 98 1 104
263 0 201 2 105
147 5 260 15 106
262 0 151 15 107
144 5 90 1 108
261 0 219 2 109
157 0 258 15 110
262 0 140 14 111
146 5 81 1 112
257 0 235 2 113
154 5 277 15 114
274 5 81 5 115
150 5 72 1 116
253 5 286 4 117
161 0 275 1 118
272 5 72 5 119
155 0 68 1 120
255 5 295 4 121
156 5 295 1 122
270 5 64 4 123
159 5 55 15 124
257 5 303 5 125
162 0 295 1 126
268 5 55 4 127
161 0 172 4 128
273 0 184 1 129
161 0 187 5 130
273 0 174 1 131
164 0 160 4 132
273 0 195 2 133
166 0 197 5 134
272 0 165 1 135
129 5 98 1 136
273 0 210 2 137
134 5 260 14 138
272 0 153 15 139
139 0 99 1 140
273 0 222 2 141
147 0 254 14 142
274 0 139 15 143
147 0 99 1 144
270 0 231 3 145
152 0 257 15 146
293 5 81 14 147
141 0 77 15 148
267 5 286 4 149
146 0 280 15 150
289 5 72 5 151
147 0 72 1 152
270 5 295 5 153
148 0 288 1 154
287 5 64 5 155
144 0 59 15 156
272 5 303 5 157
151 0 296 1 158
285 5 55 4 159
153 0 175 4 160
282 0 183 2 161
153 0 185 4 162
283 0 174 1 163
152 0 161 4 164
285 0 197 2 165
153 0 198 5 166
286 0 164 1 167
119 5 100 1 168
284 0 209 2 169
124 5 260 14 170
284 0 154 1 171
124 0 94 1 172
284 0 221 3 173
143 0 240 14 174
287 0 138 15 175
132 0 95 1 176
282 5 277 5 177
137 0 263 14 178
308 5 81 14 179
132 0 83 15 180
289 5 286 5 181
132 0 282 15 182
306 5 72 14 183
132 0 71 15 184
284 5 295 5 185
135 0 290 15 186
304 5 64 5 187
138 0 68 15 188
286 5 303 14 189
144 0 288 15 190
300 5 55 5 191
141 0 173 4 192
295 0 184 2 193
137 0 182 4 194
296 0 175 2 195
110 5 113 1 196
295 0 196 2 197
142 0 196 4 198
298 0 164 1 199
110 5 102 15 200
296 0 207 3 201
111 5 260 5 202
296 0 154 1 203
124 0 111 1 204
294 0 220 3 205
113 5 269 14 206
299 0 138 1 207
131 0 111 1 208
306 5 277 5 209
124 0 266 14 210
319 5 81 14 211
122 0 86 15 212
303 5 286 14 213
130 0 267 14 214
314 0 82 14 215
119 0 68 14 216
301 5 295 14 217
134 0 271 15 218
310 0 77 14 219
121 0 60 14 220
299 5 303 14 221
129 0 293 15 222
311 0 64 14 223
131 0 174 3 224
309 0 183 2 225
125 0 183 3 226
309 0 173 2 227
101 5 117 1 228
307 0 194 3 229
130 0 197 4 230
308 0 162 2 231
101 5 107 15 232
307 0 204 3 233
125 0 212 4 234
310 0 151 1 235
122 0 127 2 236
308 0 215 3 237
101 5 268 5 238
310 0 138 1 239
122 0 114 1 240
322 5 277 14 241
125 0 243 5 242
326 0 91 15 243
113 0 90 15 244
320 5 286 14 245
119 0 263 14 246
323 0 85 15 247
122 0 90 15 248
318 5 295 14 249
119 0 276 14 250
319 0 83 14 251
121 0 77 15 252
316 5 303 15 253
115 0 295 15 254
319 0 71 14 255
115 0 173 3 256
321 0 184 3 257
114 0 183 3 258
320 0 172 2 259
115 0 156 2 260
324 0 198 3 261
118 0 198 4 262
321 0 161 2 263
114 0 143 2 264
320 0 208 4 265
116 0 209 4 266
318 0 149 2 267
113 0 132 1 268
323 0 218 4 269
116 0 225 4 270
322 0 139 1 271
99 0 97 15 272
325 0 242 5 273
116 0 238 5 274
327 0 114 1 275
98 0 84 14 276
325 0 255 5 277
106 0 265 5 278
331 0 90 15 279
98 0 72 14 280
335 5 295 15 281
106 0 278 14 282
327 0 91 15 283
106 0 72 14 284
333 5 303 15 285
113 0 280 14 286
327 0 79 15 287
104 0 174 2 288
333 0 186 3 289
103 0 188 3 290
332 0 172 3 291
106 0 161 2 292
334 0 196 4 293
106 0 198 3 294
335 0 161 2 295
84 5 113 15 296
335 0 210 4 297
105 0 209 4 298
334 0 147 2 299
84 5 102 14 300
334 0 221 4 301
103 0 227 4 302
336 0 136 2 303
99 0 114 15 304
334 0 234 5 305
103 0 240 5 306
335 0 122 1 307
99 0 103 15 308
334 0 247 5 309
84 5 283 5 310
335 0 109 1 311
98 0 89 15 312
348 5 295 15 313
101 0 267 5 314
340 0 89 15 315
96 0 76 14 316
346 5 303 15 317
103 0 275 14 318
340 0 77 15 319
93 0 174 2 320
343 0 184 4 321
95 0 186 3 322
343 0 173 3 323
92 0 162 2 324
345 0 196 4 325
92 0 200 3 326
347 0 160 3 327
92 0 149 1 328
346 0 209 4 329
94 0 211 3 330
347 0 148 2 331
91 0 135 1 332
346 0 221 5 333
94 0 223 4 334
347 0 138 2 335
89 0 118 15 336
346 0 236 5 337
92 0 236 4 338
347 0 124 2 339
88 0 106 15 340
349 0 252 14 341
92 0 248 4 342
347 0 111 1 343
88 0 93 14 344
346 0 258 14 345
92 0 262 5 346
348 0 97 1 347
88 0 80 14 348
346 0 270 14 349
94 0 270 5 350
348 0 85 15 351
82 0 175 2 352
355 0 185 4 353
83 0 186 2 354
355 0 172 4 355
82 0 162 1 356
357 0 197 4 357
83 0 198 3 358
359 0 159 3 359
