360
212 0 177 14 0
232 0 183 15 1
220 0 185 15 2
225 0 174 14 3
229 0 167 14 4
228 0 199 15 5
224 0 192 15 6
239 0 169 15 7
215 0 147 5 8
232 0 205 1 9
224 0 207 15 10
234 0 149 14 11
164 14 11 14 12
227 0 216 1 13
218 0 221 1 14
225 0 141 5 15
180 14 8 15 16
223 0 234 1 17
214 0 236 1 18
205 14 8 15 19
185 14 4 15 20
186 14 351 4 21
166 14 351 3 22
210 14 4 15 23
191 14 1 15 24
191 14 354 4 25
172 14 354 3 26
216 14 1 15 27
196 14 -2 15 28
197 14 358 4 29
177 14 358 4 30
220 14 -2 1 31
202 0 179 14 32
243 0 181 15 33
208 0 186 14 34
249 0 177 15 35
206 0 147 5 36
242 0 199 1 37
198 0 192 14 38
254 0 168 15 39
199 0 142 4 40
239 0 204 1 41
195 0 224 15 42
244 0 155 14 43
122 14 11 5 44
244 0 217 1 45
204 0 223 15 46
238 0 141 14 47
139 14 8 5 48
231 0 237 2 49
202 0 239 1 50
229 14 8 1 51
155 14 4 14 52
237 0 241 2 53
141 14 351 2 54
245 14 4 2 55
166 14 1 14 56
205 14 354 5 57
152 14 354 3 58
234 14 1 1 59
171 14 -2 14 60
211 14 358 5 61
158 14 358 3 62
240 14 -2 1 63
81 14 21 4 64
248 0 186 1 65
191 0 183 14 66
256 0 175 15 67
184 0 153 4 68
256 0 187 1 69
106 14 338 1 70
257 0 161 15 71
189 0 145 4 72
248 0 207 1 73
111 14 341 1 74
257 0 148 15 75
103 14 11 4 76
250 0 225 2 77
185 0 232 15 78
248 0 142 14 79
114 14 8 4 80
248 0 233 2 81
192 0 241 15 82
270 14 8 2 83
125 14 4 5 84
220 14 351 5 85
127 14 351 2 86
265 14 4 2 87
141 14 1 5 88
224 14 354 5 89
133 14 354 2 90
259 14 1 2 91
146 14 -2 5 92
229 14 358 5 93
144 14 358 3 94
254 14 -2 2 95
67 14 21 3 96
263 0 181 1 97
180 0 189 5 98
264 0 176 1 99
171 0 155 4 100
267 0 182 1 101
92 14 338 15 102
264 0 163 15 103
83 14 14 4 104
267 0 188 1 105
97 14 341 1 106
263 0 153 15 107
89 14 11 4 108
260 0 216 2 109
122 0 318 1 110
263 0 141 15 111
94 14 8 4 112
250 0 237 2 113
113 14 348 1 114
295 14 8 3 115
105 14 4 4 116
238 14 351 14 117
133 0 321 1 118
290 14 4 3 119
117 0 11 5 120
244 14 354 14 121
119 14 354 2 122
284 14 1 3 123
127 14 -2 4 124
249 14 358 14 125
135 0 337 2 126
279 14 -2 2 127
153 0 167 4 128
273 0 183 1 129
151 0 190 5 130
271 0 173 1 131
159 0 156 4 132
271 0 192 1 133
164 0 195 5 134
268 0 169 1 135
69 14 14 3 136
271 0 210 2 137
83 14 341 15 138
271 0 157 15 139
94 0 35 5 140
273 0 222 2 141
116 0 307 15 142
276 0 140 15 143
115 0 54 14 144
265 0 226 2 145
129 0 296 15 146
325 14 8 4 147
99 0 16 4 148
258 14 351 14 149
113 0 336 1 150
315 14 4 4 151
115 0 24 5 152
263 14 354 14 153
119 0 338 1 154
309 14 1 4 155
107 0 9 4 156
269 14 358 15 157
126 0 338 1 158
304 14 -2 3 159
149 0 175 4 160
277 0 180 1 161
149 0 184 4 162
278 0 174 1 163
148 0 157 3 164
283 0 195 2 165
150 0 198 5 166
288 0 166 1 167
61 14 20 3 168
283 0 207 2 169
74 14 341 15 170
280 0 160 1 171
75 0 23 4 172
283 0 220 3 173
124 0 270 14 174
289 0 137 15 175
96 0 43 5 176
277 14 348 15 177
109 0 311 15 178
345 14 8 5 179
96 0 32 5 180
293 14 351 15 181
97 0 341 1 182
339 14 4 5 183
96 0 20 4 184
283 14 354 15 185
104 0 341 1 186
334 14 1 4 187
112 0 31 5 188
288 14 358 15 189
126 0 318 1 190
323 14 -2 4 191
139 0 169 3 192
291 0 183 2 193
128 0 178 3 194
295 0 175 2 195
57 14 34 3 196
291 0 192 2 197
140 0 194 4 198
298 0 168 2 199
57 14 25 3 200
294 0 202 3 201
60 14 341 14 202
295 0 159 1 203
94 0 66 14 204
289 0 216 3 205
65 14 345 15 206
300 0 137 1 207
112 0 85 15 208
318 14 348 1 209
94 0 317 15 210
354 14 8 5 211
89 0 39 5 212
313 14 351 1 213
110 0 302 15 214
341 0 30 5 215
80 0 13 3 216
308 14 354 1 217
121 0 292 15 218
330 0 35 5 219
87 0 10 4 220
302 14 358 1 221
106 0 331 1 222
332 0 22 5 223
131 0 172 3 224
307 0 180 2 225
117 0 180 3 226
309 0 169 2 227
54 14 45 4 228
303 0 187 2 229
130 0 195 4 230
306 0 162 2 231
54 14 36 3 232
302 0 196 3 233
115 0 217 4 234
310 0 151 1 235
109 0 109 15 236
304 0 205 3 237
54 14 342 14 238
310 0 137 1 239
109 0 94 15 240
343 14 348 2 241
117 0 258 14 242
353 0 33 14 243
86 0 50 5 244
338 14 351 2 245
100 0 291 14 246
344 0 39 14 247
109 0 70 14 248
333 14 354 2 249
101 0 306 15 250
334 0 51 14 251
106 0 56 14 252
327 14 358 2 253
90 0 337 15 254
334 0 40 14 255
110 0 172 3 256
319 0 182 3 257
107 0 180 3 258
319 0 169 2 259
108 0 146 2 260
327 0 199 4 261
117 0 198 4 262
319 0 159 2 263
107 0 132 1 264
317 0 206 3 265
111 0 207 4 266
313 0 146 1 267
105 0 120 1 268
326 0 211 4 269
112 0 230 5 270
324 0 139 1 271
67 0 49 4 272
330 0 257 5 273
113 0 245 5 274
336 0 93 15 275
66 0 35 4 276
330 0 270 14 277
85 0 296 14 278
347 0 51 14 279
65 0 24 3 280
357 14 354 2 281
86 0 310 14 282
335 0 73 15 283
86 0 43 5 284
352 14 358 2 285
103 0 297 14 286
336 0 59 14 287
100 0 172 2 288
333 0 186 3 289
97 0 191 3 290
329 0 167 3 291
105 0 159 2 292
334 0 194 4 293
106 0 198 3 294
338 0 157 2 295
47 14 52 4 296
338 0 211 4 297
103 0 208 4 298
336 0 142 2 299
47 14 44 3 300
335 0 219 4 301
96 0 236 4 302
339 0 131 2 303
86 0 94 14 304
335 0 234 5 305
96 0 250 5 306
339 0 115 1 307
86 0 83 14 308
334 0 249 5 309
47 14 343 14 310
339 0 101 1 311
85 0 68 5 312
372 14 354 3 313
93 0 282 14 314
350 0 68 15 315
80 0 53 5 316
366 14 358 3 317
98 0 283 14 318
350 0 55 15 319
90 0 174 2 320
339 0 183 3 321
95 0 187 3 322
340 0 169 3 323
88 0 161 1 324
343 0 194 4 325
89 0 205 3 326
349 0 156 3 327
87 0 145 1 328
347 0 208 4 329
92 0 212 3 330
348 0 145 2 331
86 0 130 15 332
346 0 220 5 333
92 0 226 4 334
348 0 136 2 335
79 0 105 14 336
346 0 240 5 337
87 0 239 4 338
351 0 120 2 339
78 0 91 14 340
354 0 262 14 341
87 0 253 4 342
351 0 104 1 343
78 0 78 14 344
346 0 260 14 345
89 0 270 5 346
351 0 89 1 347
77 0 64 5 348
346 0 272 14 349
94 0 271 5 350
352 0 75 15 351
80 0 175 2 352
352 0 185 4 353
84 0 188 2 354
352 0 169 3 355
80 0 162 1 356
355 0 197 4 357
85 0 200 3 358
362 0 153 3 359
