360
212 0 177 14 0
232 0 183 15 1
220 0 185 15 2
225 0 174 14 3
228 0 167 14 4
228 0 199 15 5
224 0 193 15 6
239 0 169 15 7
215 0 147 5 8
232 0 205 1 9
224 0 207 15 10
234 0 149 14 11
165 14 14 14 12
227 0 217 1 13
218 0 221 1 14
225 0 141 5 15
181 14 10 15 16
223 0 234 1 17
214 0 236 1 18
205 14 10 15 19
186 14 7 15 20
187 14 349 4 21
167 14 349 3 22
211 14 7 15 23
191 14 3 15 24
192 14 352 4 25
173 14 352 3 26
216 14 3 1 27
197 14 0 15 28
197 14 356 4 29
178 14 356 4 30
220 14 0 1 31
202 0 179 14 32
242 0 181 15 33
207 0 186 14 34
249 0 177 15 35
206 0 148 5 36
242 0 199 1 37
198 0 193 14 38
253 0 167 15 39
199 0 143 4 40
239 0 205 1 41
195 0 224 15 42
244 0 155 14 43
124 14 14 5 44
244 0 217 1 45
204 0 223 15 46
238 0 141 14 47
140 14 10 5 48
231 0 237 2 49
202 0 238 1 50
229 14 10 1 51
156 14 7 14 52
237 0 241 2 53
143 14 349 2 54
245 14 7 2 55
167 14 3 14 56
206 14 352 5 57
153 14 352 3 58
234 14 3 1 59
172 14 0 14 60
211 14 356 5 61
159 14 356 3 62
240 14 0 1 63
83 14 24 4 64
248 0 186 1 65
191 0 183 14 66
256 0 175 15 67
184 0 153 4 68
256 0 188 1 69
107 14 335 1 70
257 0 161 15 71
189 0 145 4 72
248 0 207 1 73
113 14 339 1 74
257 0 148 15 75
105 14 14 4 76
250 0 225 2 77
186 0 231 15 78
248 0 142 14 79
115 14 10 5 80
248 0 233 2 81
192 0 241 15 82
270 14 10 3 83
126 14 7 5 84
220 14 349 5 85
129 14 349 2 86
264 14 7 2 87
142 14 3 5 88
225 14 352 5 89
134 14 352 2 90
259 14 3 2 91
147 14 0 5 92
230 14 356 5 93
145 14 356 3 94
254 14 0 2 95
69 14 24 3 96
263 0 181 1 97
180 0 189 5 98
264 0 176 1 99
171 0 155 4 100
267 0 183 1 101
93 14 335 15 102
264 0 163 15 103
85 14 17 4 104
266 0 189 1 105
99 14 339 1 106
263 0 153 15 107
91 14 14 4 108
260 0 216 2 109
123 0 316 1 110
263 0 141 15 111
96 14 10 4 112
250 0 237 2 113
115 14 346 1 114
294 14 10 3 115
107 14 7 4 116
239 14 349 5 117
134 0 320 1 118
289 14 7 3 119
119 0 13 5 120
244 14 352 14 121
120 14 352 2 122
284 14 3 3 123
128 14 0 5 124
249 14 356 14 125
136 0 336 2 126
278 14 0 2 127
153 0 167 4 128
273 0 183 1 129
152 0 190 5 130
271 0 173 1 131
159 0 156 4 132
271 0 192 1 133
164 0 195 5 134
269 0 169 1 135
71 14 17 3 136
271 0 210 2 137
85 14 339 15 138
271 0 157 15 139
95 0 37 5 140
273 0 222 2 141
117 0 306 15 142
276 0 140 15 143
117 0 55 14 144
266 0 226 2 145
129 0 295 15 146
324 14 10 4 147
101 0 18 4 148
258 14 349 14 149
114 0 334 1 150
314 14 7 4 151
117 0 25 5 152
263 14 352 14 153
120 0 336 1 154
308 14 3 4 155
109 0 11 4 156
269 14 356 15 157
127 0 337 1 158
303 14 0 3 159
150 0 175 4 160
278 0 180 1 161
150 0 184 4 162
278 0 174 1 163
148 0 158 3 164
283 0 195 2 165
150 0 198 5 166
288 0 166 1 167
62 14 22 3 168
283 0 207 2 169
76 14 339 15 170
281 0 160 1 171
77 0 25 4 172
283 0 220 3 173
125 0 269 14 174
289 0 137 15 175
97 0 45 5 176
277 14 346 15 177
110 0 310 15 178
344 14 10 5 179
97 0 34 5 180
293 14 349 15 181
98 0 339 1 182
338 14 7 5 183
97 0 22 4 184
283 14 352 15 185
105 0 340 1 186
333 14 3 4 187
113 0 32 5 188
288 14 356 15 189
127 0 317 1 190
322 14 0 4 191
139 0 170 3 192
291 0 183 2 193
128 0 179 3 194
295 0 175 2 195
59 14 36 4 196
291 0 193 2 197
140 0 194 4 198
298 0 167 2 199
59 14 28 3 200
294 0 202 3 201
62 14 339 14 202
295 0 159 1 203
95 0 68 14 204
290 0 217 3 205
67 14 342 15 206
300 0 137 1 207
113 0 86 15 208
318 14 346 1 209
95 0 316 15 210
352 14 10 5 211
90 0 41 5 212
313 14 349 1 213
110 0 300 15 214
340 0 32 14 215
81 0 15 4 216
307 14 352 1 217
122 0 292 15 218
330 0 37 5 219
88 0 11 4 220
302 14 356 1 221
107 0 330 1 222
331 0 23 5 223
131 0 172 3 224
307 0 180 2 225
118 0 180 3 226
309 0 170 2 227
56 14 47 4 228
303 0 188 2 229
130 0 195 4 230
306 0 162 2 231
56 14 38 3 232
302 0 196 3 233
116 0 217 4 234
310 0 151 1 235
109 0 109 1 236
305 0 205 3 237
56 14 340 14 238
310 0 137 1 239
109 0 95 15 240
343 14 346 2 241
117 0 257 14 242
352 0 34 14 243
87 0 51 5 244
337 14 349 2 245
101 0 290 14 246
343 0 40 14 247
109 0 71 14 248
332 14 352 2 249
102 0 305 15 250
333 0 53 14 251
107 0 56 14 252
327 14 356 2 253
91 0 335 15 254
334 0 41 14 255
110 0 172 3 256
319 0 182 3 257
107 0 180 3 258
319 0 169 2 259
109 0 147 2 260
327 0 199 4 261
117 0 198 4 262
319 0 159 2 263
107 0 132 1 264
317 0 206 3 265
111 0 207 4 266
313 0 146 1 267
106 0 121 1 268
326 0 212 4 269
112 0 230 5 270
324 0 139 1 271
68 0 50 4 272
330 0 256 5 273
113 0 245 5 274
336 0 94 15 275
67 0 37 4 276
330 0 269 14 277
86 0 295 14 278
346 0 52 14 279
66 0 25 3 280
357 14 352 2 281
87 0 309 14 282
335 0 74 15 283
87 0 44 5 284
351 14 356 2 285
104 0 297 14 286
336 0 60 14 287
100 0 172 2 288
333 0 186 3 289
97 0 191 3 290
329 0 167 3 291
105 0 159 2 292
334 0 194 4 293
106 0 198 3 294
338 0 158 2 295
49 14 54 4 296
338 0 211 4 297
103 0 208 4 298
336 0 142 2 299
49 14 46 4 300
335 0 219 4 301
97 0 236 4 302
339 0 131 2 303
87 0 95 14 304
335 0 234 5 305
97 0 250 5 306
338 0 115 1 307
87 0 84 14 308
334 0 249 5 309
49 14 341 14 310
338 0 101 1 311
85 0 69 5 312
371 14 352 3 313
93 0 281 14 314
349 0 68 15 315
81 0 54 5 316
365 14 356 3 317
99 0 283 14 318
350 0 56 15 319
90 0 174 2 320
339 0 183 3 321
95 0 187 3 322
340 0 170 3 323
88 0 161 2 324
343 0 194 4 325
89 0 205 3 326
349 0 156 3 327
87 0 146 1 328
347 0 208 4 329
92 0 212 3 330
348 0 145 2 331
86 0 131 15 332
346 0 220 5 333
92 0 226 4 334
348 0 136 2 335
80 0 105 14 336
346 0 240 5 337
87 0 239 4 338
350 0 120 2 339
79 0 92 14 340
353 0 262 14 341
87 0 253 4 342
350 0 105 1 343
78 0 79 14 344
346 0 260 14 345
89 0 270 5 346
351 0 89 1 347
77 0 65 5 348
346 0 272 14 349
94 0 271 5 350
352 0 76 15 351
80 0 175 2 352
352 0 185 4 353
84 0 188 2 354
352 0 169 3 355
80 0 162 1 356
355 0 197 4 357
85 0 200 3 358
362 0 153 3 359
