360
213 0 177 14 0
231 0 183 15 1
219 0 185 15 2
225 0 174 14 3
226 0 166 14 4
227 0 199 15 5
222 0 193 15 6
237 0 168 15 7
215 0 148 5 8
231 0 206 1 9
222 0 207 15 10
233 0 149 14 11
173 11 34 15 12
227 0 217 1 13
217 0 221 1 14
225 0 141 5 15
186 11 29 15 16
223 0 234 1 17
214 0 236 1 18
209 11 29 1 19
191 11 24 15 20
193 11 332 3 21
175 11 332 3 22
213 11 24 1 23
195 11 19 15 24
198 11 337 4 25
179 11 337 3 26
218 11 19 1 27
199 11 15 15 28
202 11 342 4 29
184 11 342 3 30
221 11 15 1 31
202 0 178 14 32
242 0 182 15 33
207 0 186 14 34
247 0 177 15 35
205 0 150 5 36
241 0 199 1 37
199 0 193 14 38
251 0 167 15 39
200 0 144 5 40
239 0 205 1 41
197 0 221 15 42
243 0 154 14 43
137 11 34 14 44
243 0 218 1 45
204 0 223 15 46
238 0 140 14 47
150 11 29 14 48
232 0 236 2 49
202 0 238 1 50
230 11 29 2 51
163 11 24 15 52
237 0 242 2 53
152 11 332 2 54
244 11 24 2 55
172 11 19 15 56
211 11 337 4 57
161 11 337 3 58
235 11 19 2 59
177 11 15 15 60
216 11 342 4 61
166 11 342 3 62
239 11 15 2 63
101 11 48 5 64
248 0 186 1 65
191 0 183 14 66
255 0 175 15 67
185 0 155 4 68
255 0 189 1 69
121 11 313 15 70
255 0 161 15 71
189 0 146 4 72
248 0 208 1 73
125 11 318 1 74
255 0 148 15 75
119 11 34 5 76
250 0 224 2 77
186 0 230 15 78
248 0 141 14 79
127 11 29 14 80
248 0 233 2 81
192 0 239 15 82
266 11 29 3 83
136 11 24 14 84
224 11 332 4 85
139 11 332 2 86
262 11 24 3 87
150 11 19 14 88
229 11 337 5 89
143 11 337 2 90
257 11 19 2 91
154 11 15 14 92
233 11 342 5 93
152 11 342 2 94
253 11 15 2 95
87 11 48 5 96
263 0 182 1 97
180 0 188 5 98
263 0 176 1 99
173 0 157 4 100
266 0 185 1 101
107 11 313 15 102
263 0 163 15 103
100 11 39 5 104
266 0 192 1 105
112 11 318 15 106
263 0 152 15 107
105 11 34 5 108
260 0 217 2 109
132 0 300 15 110
263 0 141 15 111
109 11 29 5 112
252 0 236 2 113
125 11 327 1 114
289 11 29 4 115
118 11 24 5 116
242 11 332 5 117
141 0 308 1 118
285 11 24 3 119
128 0 28 14 120
247 11 337 5 121
129 11 337 2 122
280 11 19 3 123
136 11 15 5 124
251 11 342 14 125
143 0 325 2 126
276 11 15 3 127
155 0 169 4 128
273 0 183 1 129
154 0 189 5 130
272 0 173 1 131
161 0 157 4 132
272 0 193 2 133
165 0 196 5 134
269 0 168 1 135
87 11 39 5 136
272 0 210 2 137
98 11 318 15 138
271 0 156 15 139
107 0 54 14 140
273 0 222 2 141
125 0 292 15 142
275 0 140 15 143
125 0 67 15 144
267 0 228 2 145
135 0 285 15 146
316 11 29 5 147
111 0 34 5 148
260 11 332 14 149
123 0 320 1 150
307 11 24 4 151
125 0 38 14 152
265 11 337 14 153
128 0 323 1 154
303 11 19 4 155
118 0 24 5 156
269 11 342 14 157
133 0 326 1 158
298 11 15 4 159
150 0 175 4 160
279 0 181 1 161
150 0 184 4 162
280 0 174 1 163
149 0 158 3 164
284 0 196 2 165
151 0 198 5 166
287 0 165 1 167
77 11 43 4 168
283 0 208 2 169
89 11 318 15 170
281 0 158 1 171
89 0 43 5 172
283 0 220 3 173
129 0 262 14 174
288 0 137 15 175
107 0 58 14 176
279 11 327 14 177
117 0 297 15 178
334 11 29 5 179
107 0 47 5 180
292 11 332 15 181
107 0 324 15 182
330 11 24 5 183
107 0 35 5 184
283 11 337 15 185
113 0 326 1 186
325 11 19 5 187
120 0 41 14 188
288 11 342 15 189
131 0 310 1 190
316 11 15 4 191
140 0 170 3 192
292 0 183 2 193
131 0 180 3 194
295 0 175 2 195
73 11 57 5 196
292 0 193 2 197
141 0 195 4 198
298 0 167 1 199
73 11 48 4 200
295 0 204 3 201
75 11 318 14 202
295 0 158 1 203
102 0 79 14 204
291 0 217 3 205
79 11 323 14 206
300 0 137 1 207
117 0 92 15 208
315 11 327 15 209
102 0 302 15 210
344 11 29 14 211
98 0 53 5 212
310 11 332 15 213
116 0 292 15 214
333 0 45 14 215
91 0 29 4 216
306 11 337 15 217
125 0 286 15 218
324 0 47 5 219
97 0 24 4 220
301 11 342 15 221
113 0 320 15 222
326 0 34 5 223
131 0 173 3 224
308 0 180 2 225
120 0 180 3 226
309 0 170 2 227
68 11 66 5 228
304 0 189 2 229
130 0 196 4 230
307 0 162 2 231
68 11 56 4 232
304 0 198 3 233
118 0 215 4 234
310 0 151 1 235
113 0 114 1 236
305 0 208 3 237
68 11 320 14 238
310 0 137 1 239
113 0 100 15 240
337 11 327 1 241
119 0 253 14 242
345 0 49 14 243
94 0 61 5 244
333 11 332 1 245
105 0 283 14 246
338 0 52 14 247
113 0 76 15 248
328 11 337 1 249
107 0 298 15 250
329 0 61 14 251
111 0 62 14 252
324 11 342 1 253
98 0 325 15 254
330 0 49 14 255
111 0 172 3 256
320 0 183 3 257
109 0 180 3 258
319 0 170 2 259
110 0 149 2 260
326 0 199 3 261
117 0 198 4 262
320 0 160 2 263
109 0 135 1 264
318 0 207 3 265
113 0 208 4 266
314 0 147 1 267
108 0 124 1 268
325 0 213 4 269
113 0 229 5 270
323 0 139 1 271
76 0 63 5 272
329 0 253 5 273
114 0 243 5 274
333 0 99 15 275
75 0 49 4 276
329 0 265 14 277
91 0 287 14 278
342 0 62 15 279
75 0 38 4 280
351 11 337 2 281
92 0 301 14 282
333 0 79 15 283
92 0 52 5 284
347 11 342 2 285
106 0 292 14 286
333 0 65 14 287
101 0 173 2 288
333 0 186 3 289
99 0 190 3 290
330 0 169 3 291
105 0 160 2 292
334 0 195 4 293
106 0 198 3 294
337 0 158 2 295
58 11 70 5 296
337 0 211 4 297
104 0 208 4 298
335 0 143 2 299
58 11 61 4 300
335 0 220 4 301
98 0 233 4 302
338 0 133 2 303
90 0 100 15 304
335 0 234 5 305
98 0 247 5 306
338 0 117 1 307
90 0 89 14 308
334 0 248 5 309
58 11 326 14 310
338 0 103 1 311
89 0 74 14 312
365 11 337 2 313
95 0 277 14 314
347 0 74 15 315
85 0 60 5 316
360 11 342 2 317
100 0 281 14 318
347 0 61 15 319
91 0 174 2 320
340 0 183 3 321
95 0 187 3 322
341 0 170 3 323
89 0 161 2 324
344 0 195 4 325
90 0 203 3 326
348 0 157 3 327
89 0 146 1 328
347 0 208 4 329
93 0 212 3 330
348 0 146 2 331
87 0 132 1 332
346 0 220 5 333
93 0 225 4 334
348 0 137 2 335
82 0 109 15 336
346 0 239 5 337
89 0 238 4 338
350 0 121 2 339
81 0 95 14 340
352 0 259 14 341
89 0 251 4 342
350 0 106 1 343
81 0 83 14 344
346 0 259 14 345
90 0 268 5 346
350 0 91 1 347
80 0 69 5 348
346 0 271 14 349
94 0 271 5 350
351 0 78 15 351
81 0 175 2 352
353 0 185 4 353
84 0 187 2 354
353 0 170 3 355
81 0 162 1 356
356 0 197 4 357
84 0 199 3 358
361 0 155 3 359
