360
214 0 175 14 0
227 0 185 15 1
216 0 185 14 2
225 0 174 14 3
217 0 163 14 4
226 0 198 15 5
216 0 197 15 6
228 0 164 14 7
215 0 150 5 8
227 0 209 1 9
216 0 209 15 10
227 0 150 14 11
205 2 115 4 12
226 0 221 1 13
215 0 221 1 14
225 0 139 5 15
208 2 105 4 16
225 0 234 1 17
214 0 234 1 18
222 2 105 4 19
209 2 94 3 20
219 2 265 2 21
206 2 265 2 22
223 2 94 4 23
210 2 84 3 24
220 2 275 2 25
207 2 275 2 26
224 2 84 3 27
211 2 74 3 28
220 2 286 3 29
208 2 286 2 30
225 2 74 3 31
202 0 175 14 32
238 0 185 15 33
203 0 186 14 34
240 0 175 15 35
203 0 160 5 36
238 0 198 1 37
202 0 197 14 38
240 0 163 15 39
202 0 149 5 40
238 0 209 1 41
201 0 212 15 42
239 0 151 14 43
188 2 115 3 44
239 0 221 1 45
203 0 222 15 46
238 0 139 14 47
191 2 105 3 48
236 0 234 2 49
202 0 234 1 50
236 2 105 4 51
194 2 94 3 52
237 0 245 2 53
191 2 265 1 54
239 2 94 4 55
196 2 84 2 56
231 2 275 3 57
193 2 275 2 58
237 2 84 4 59
197 2 74 2 60
232 2 286 3 61
194 2 286 2 62
238 2 74 4 63
170 2 146 4 64
249 0 186 1 65
191 0 185 14 66
251 0 175 15 67
189 0 161 5 68
251 0 196 1 69
175 2 223 14 70
251 0 162 15 71
190 0 149 4 72
249 0 209 1 73
176 2 234 15 74
251 0 150 14 75
174 2 115 3 76
250 0 222 2 77
190 0 223 15 78
249 0 139 14 79
176 2 105 3 80
249 0 233 2 81
191 0 235 15 82
253 2 105 5 83
178 2 94 2 84
244 2 265 3 85
179 2 265 1 86
252 2 94 5 87
181 2 84 2 88
245 2 275 3 89
180 2 275 1 90
251 2 84 4 91
182 2 74 2 92
246 2 286 4 93
182 2 286 2 94
250 2 74 4 95
158 2 146 3 96
262 0 185 1 97
179 0 186 5 98
262 0 175 1 99
177 0 161 4 100
263 0 195 1 101
163 2 223 14 102
262 0 163 15 103
161 2 126 3 104
262 0 206 2 105
164 2 234 14 106
262 0 151 15 107
162 2 115 2 108
261 0 220 2 109
168 0 239 15 110
262 0 139 14 111
163 2 105 2 112
259 0 234 2 113
167 2 254 15 114
268 2 105 14 115
165 2 94 2 116
257 2 265 3 117
170 0 259 15 118
267 2 94 5 119
167 0 86 2 120
258 2 275 4 121
168 2 275 1 122
266 2 84 5 123
169 2 74 1 124
259 2 286 4 125
170 0 282 1 126
265 2 74 4 127
164 0 173 4 128
273 0 185 1 129
164 0 186 5 130
273 0 174 1 131
165 0 161 4 132
273 0 196 2 133
166 0 197 5 134
273 0 164 1 135
149 2 126 2 136
273 0 210 2 137
151 2 234 14 138
273 0 152 15 139
153 0 120 2 140
273 0 222 2 141
157 0 237 14 142
274 0 139 15 143
157 0 113 2 144
272 0 232 3 145
160 0 245 15 146
283 2 105 14 147
154 0 96 2 148
271 2 265 4 149
157 0 262 15 150
281 2 94 14 151
157 0 88 1 152
272 2 275 4 153
158 0 272 15 154
280 2 84 5 155
156 0 76 1 156
273 2 286 5 157
159 0 282 1 158
279 2 74 5 159
154 0 175 4 160
284 0 184 2 161
154 0 185 4 162
284 0 174 1 163
153 0 162 4 164
285 0 197 2 165
154 0 198 5 166
286 0 163 1 167
137 2 127 2 168
285 0 209 2 169
140 2 234 14 170
285 0 152 1 171
140 0 117 2 172
285 0 221 3 173
149 0 230 14 174
286 0 138 15 175
144 0 111 2 176
284 2 254 4 177
146 0 248 14 178
296 2 105 14 179
144 0 99 1 180
287 2 265 4 181
144 0 263 15 182
295 2 94 14 183
144 0 87 1 184
285 2 275 5 185
145 0 273 15 186
294 2 84 14 187
147 0 80 1 188
286 2 286 5 189
149 0 278 15 190
292 2 74 5 191
142 0 174 4 192
296 0 185 2 193
140 0 184 4 194
297 0 175 2 195
127 2 139 2 196
296 0 197 2 197
142 0 197 4 198
298 0 163 1 199
127 2 128 2 200
297 0 208 3 201
127 2 234 5 202
297 0 152 1 203
134 0 125 2 204
296 0 221 3 205
128 2 244 14 206
298 0 138 1 207
137 0 119 2 208
301 2 254 4 209
134 0 249 14 210
308 2 105 15 211
133 0 101 1 212
300 2 265 5 213
136 0 256 14 214
306 0 99 15 215
131 0 86 15 216
299 2 275 5 217
139 0 264 14 218
304 0 90 14 219
132 0 76 15 220
298 2 286 5 221
136 0 281 15 222
304 0 78 14 223
131 0 174 3 224
309 0 184 2 225
128 0 184 4 226
309 0 174 2 227
116 2 141 2 228
308 0 196 3 229
130 0 197 4 230
309 0 162 2 231
116 2 130 1 232
308 0 207 3 233
128 0 211 4 234
310 0 151 1 235
126 0 133 2 236
309 0 218 4 237
116 2 244 5 238
310 0 138 1 239
126 0 121 1 240
316 2 254 5 241
128 0 238 5 242
318 0 109 15 243
122 0 103 1 244
315 2 265 5 245
125 0 254 14 246
316 0 101 15 247
126 0 97 1 248
314 2 275 14 249
125 0 266 14 250
314 0 93 15 251
126 0 84 15 252
313 2 286 14 253
123 0 282 15 254
314 0 81 14 255
117 0 174 3 256
321 0 185 3 257
116 0 184 3 258
321 0 173 2 259
117 0 160 2 260
323 0 198 3 261
118 0 198 4 262
321 0 162 2 263
116 0 147 2 264
321 0 209 4 265
117 0 209 4 266
320 0 150 2 267
116 0 135 2 268
322 0 220 4 269
117 0 223 4 270
322 0 139 1 271
109 0 112 1 272
323 0 238 5 273
117 0 236 5 274
324 0 120 1 275
109 0 100 15 276
323 0 250 5 277
112 0 255 5 278
326 0 103 15 279
109 0 88 15 280
328 2 275 14 281
113 0 267 14 282
324 0 97 15 283
113 0 82 15 284
327 2 286 14 285
116 0 275 14 286
324 0 85 15 287
105 0 174 2 288
333 0 186 3 289
105 0 187 3 290
333 0 173 3 291
106 0 162 2 292
334 0 197 4 293
106 0 198 3 294
334 0 162 2 295
96 2 132 1 296
334 0 210 4 297
106 0 209 4 298
334 0 149 2 299
96 2 121 15 300
334 0 221 4 301
105 0 224 4 302
335 0 137 2 303
103 0 121 1 304
334 0 234 5 305
105 0 237 5 306
334 0 124 1 307
103 0 109 15 308
334 0 246 5 309
96 2 263 5 310
334 0 112 1 311
102 0 96 15 312
340 2 275 14 313
104 0 262 5 314
336 0 96 15 315
102 0 84 14 316
339 2 286 15 317
105 0 272 14 318
337 0 84 15 319
94 0 174 2 320
344 0 185 4 321
95 0 186 3 322
344 0 174 3 323
93 0 162 2 324
345 0 197 4 325
93 0 199 3 326
346 0 161 3 327
93 0 150 1 328
346 0 209 4 329
94 0 210 3 330
346 0 149 2 331
93 0 137 1 332
346 0 221 5 333
94 0 222 4 334
346 0 138 2 335
92 0 122 15 336
346 0 235 5 337
93 0 235 4 338
346 0 125 2 339
92 0 110 15 340
347 0 249 14 341
93 0 247 4 342
346 0 113 1 343
91 0 98 15 344
346 0 258 14 345
93 0 260 5 346
347 0 100 1 347
91 0 86 14 348
346 0 270 14 349
94 0 270 5 350
347 0 88 1 351
82 0 175 2 352
356 0 185 4 353
83 0 186 2 354
356 0 173 4 355
82 0 162 1 356
357 0 197 4 357
83 0 198 3 358
358 0 161 3 359
