360
213 0 176 14 0
229 0 184 15 1
217 0 185 14 2
225 0 174 14 3
221 0 165 14 4
227 0 198 15 5
220 0 195 15 6
232 0 166 14 7
215 0 149 5 8
229 0 207 1 9
220 0 208 15 10
230 0 150 14 11
191 6 79 2 12
226 0 219 1 13
216 0 221 1 14
225 0 140 5 15
198 6 71 2 16
224 0 234 1 17
214 0 235 1 18
216 6 71 3 19
201 6 63 2 20
207 6 295 3 21
192 6 295 2 22
219 6 63 3 23
203 6 55 2 24
210 6 303 3 25
194 6 303 3 26
220 6 55 2 27
206 6 47 2 28
213 6 311 3 29
197 6 311 3 30
223 6 47 2 31
202 0 177 14 32
240 0 183 15 33
205 0 186 14 34
243 0 176 15 35
204 0 155 5 36
240 0 198 1 37
200 0 195 14 38
245 0 165 15 39
201 0 147 5 40
238 0 207 1 41
199 0 216 15 42
241 0 153 14 43
165 6 79 1 44
241 0 219 1 45
203 0 222 15 46
238 0 140 14 47
172 6 71 1 48
234 0 235 2 49
202 0 236 1 50
233 6 71 3 51
180 6 63 1 52
237 0 243 2 53
174 6 295 2 54
241 6 63 3 55
185 6 55 1 56
222 6 303 3 57
179 6 303 2 58
236 6 55 3 59
188 6 47 1 60
225 6 311 4 61
181 6 311 2 62
239 6 47 3 63
139 6 102 1 64
249 0 186 1 65
191 0 184 14 66
253 0 175 15 67
187 0 158 5 68
253 0 193 1 69
151 6 264 15 70
253 0 162 15 71
190 0 148 4 72
249 0 208 1 73
153 6 271 15 74
253 0 149 14 75
149 6 79 1 76
250 0 223 2 77
188 0 226 15 78
249 0 140 14 79
154 6 71 1 80
249 0 233 2 81
191 0 237 15 82
259 6 71 4 83
159 6 63 1 84
235 6 295 4 85
161 6 295 1 86
257 6 63 4 87
167 6 55 1 88
238 6 303 4 89
163 6 303 2 90
254 6 55 3 91
170 6 47 15 92
240 6 311 4 93
168 6 311 2 94
252 6 47 3 95
126 6 102 1 96
262 0 183 1 97
179 0 187 5 98
263 0 175 1 99
175 0 159 4 100
264 0 190 1 101
138 6 264 14 102
263 0 163 15 103
134 6 86 1 104
264 0 200 1 105
140 6 271 15 106
262 0 152 15 107
136 6 79 15 108
261 0 219 2 109
152 0 267 15 110
262 0 140 14 111
139 6 71 15 112
256 0 235 2 113
148 6 287 1 114
277 6 71 5 115
144 6 63 15 116
251 6 295 4 117
157 0 281 1 118
275 6 63 4 119
150 0 60 15 120
253 6 303 4 121
150 6 303 1 122
272 6 55 4 123
154 6 47 15 124
256 6 311 5 125
158 0 301 1 126
270 6 47 4 127
160 0 171 4 128
273 0 184 1 129
159 0 188 5 130
272 0 174 1 131
163 0 159 4 132
272 0 195 2 133
165 0 196 5 134
271 0 166 1 135
121 6 86 15 136
272 0 210 2 137
127 6 271 14 138
272 0 154 15 139
132 0 90 1 140
273 0 222 2 141
143 0 262 15 142
275 0 139 15 143
143 0 92 1 144
270 0 230 3 145
149 0 263 15 146
298 6 71 5 147
135 0 68 15 148
266 6 295 5 149
142 0 288 15 150
293 6 63 5 151
143 0 66 15 152
269 6 303 5 153
144 0 295 1 154
290 6 55 5 155
139 0 52 15 156
271 6 311 5 157
147 0 302 1 158
288 6 47 4 159
152 0 175 4 160
282 0 183 2 161
152 0 185 4 162
282 0 174 1 163
151 0 160 4 164
284 0 196 2 165
152 0 198 5 166
287 0 164 1 167
110 6 89 15 168
284 0 208 2 169
117 6 271 14 170
283 0 155 1 171
117 0 84 15 172
284 0 221 3 173
140 0 244 14 174
287 0 138 15 175
127 0 87 15 176
282 6 287 5 177
133 0 270 15 178
313 6 71 14 179
127 0 76 15 180
289 6 295 5 181
127 0 290 15 182
311 6 63 14 183
127 0 64 15 184
284 6 303 5 185
131 0 297 15 186
308 6 55 5 187
135 0 62 15 188
287 6 311 14 189
141 0 292 15 190
303 6 47 5 191
141 0 172 4 192
294 0 184 2 193
136 0 182 4 194
296 0 175 2 195
102 6 102 15 196
294 0 195 2 197
141 0 196 4 198
298 0 165 1 199
102 6 92 15 200
296 0 206 3 201
104 6 271 14 202
296 0 155 1 203
120 0 105 1 204
294 0 219 3 205
106 6 279 14 206
299 0 138 1 207
128 0 107 1 208
307 6 287 14 209
120 0 273 14 210
324 6 71 14 211
117 0 79 15 212
305 6 295 14 213
127 0 272 14 214
318 0 75 14 215
113 0 60 14 216
302 6 303 14 217
133 0 274 15 218
313 0 71 14 219
116 0 52 14 220
300 6 311 14 221
125 0 299 15 222
314 0 58 5 223
131 0 173 3 224
308 0 182 2 225
124 0 182 3 226
309 0 172 2 227
95 6 107 15 228
306 0 193 3 229
130 0 196 4 230
308 0 162 2 231
95 6 97 15 232
306 0 203 3 233
123 0 213 4 234
310 0 151 1 235
120 0 124 1 236
307 0 214 3 237
95 6 278 14 238
310 0 138 1 239
120 0 111 1 240
325 6 287 14 241
124 0 245 5 242
330 0 82 15 243
110 0 84 15 244
323 6 295 14 245
116 0 267 14 246
326 0 79 15 247
120 0 87 15 248
320 6 303 15 249
117 0 280 14 250
321 0 79 14 251
119 0 74 15 252
318 6 311 15 253
112 0 301 15 254
321 0 67 14 255
114 0 173 3 256
320 0 184 3 257
113 0 182 3 258
320 0 172 2 259
114 0 155 2 260
324 0 198 3 261
118 0 198 4 262
320 0 161 2 263
113 0 142 2 264
319 0 208 4 265
115 0 208 4 266
317 0 148 2 267
112 0 130 1 268
324 0 217 4 269
115 0 226 5 270
323 0 139 1 271
94 0 90 14 272
326 0 244 5 273
116 0 239 5 274
328 0 111 1 275
94 0 77 14 276
326 0 257 5 277
103 0 269 5 278
333 0 85 15 279
94 0 66 14 280
338 6 303 15 281
103 0 282 14 282
328 0 89 15 283
103 0 68 14 284
336 6 311 15 285
111 0 283 14 286
328 0 76 15 287
103 0 173 2 288
333 0 186 3 289
102 0 188 3 290
331 0 171 3 291
106 0 161 2 292
334 0 196 4 293
106 0 198 3 294
336 0 160 2 295
79 6 104 14 296
336 0 210 4 297
105 0 209 4 298
335 0 146 2 299
79 6 94 14 300
334 0 220 4 301
102 0 228 4 302
336 0 135 2 303
97 0 111 15 304
334 0 234 5 305
102 0 241 5 306
336 0 121 1 307
97 0 100 15 308
334 0 247 5 309
79 6 291 5 310
336 0 108 1 311
96 0 86 14 312
351 6 303 1 313
100 0 269 5 314
341 0 86 15 315
94 0 73 14 316
349 6 311 1 317
103 0 276 14 318
341 0 74 15 319
92 0 174 2 320
342 0 184 4 321
95 0 186 3 322
343 0 172 3 323
91 0 162 2 324
344 0 196 4 325
92 0 201 3 326
347 0 159 3 327
91 0 148 1 328
346 0 209 4 329
93 0 211 3 330
347 0 148 2 331
90 0 135 1 332
346 0 221 5 333
93 0 224 4 334
347 0 137 2 335
87 0 116 15 336
346 0 237 5 337
91 0 236 4 338
348 0 123 2 339
87 0 104 15 340
349 0 253 14 341
91 0 249 4 342
348 0 110 1 343
87 0 91 14 344
346 0 259 14 345
92 0 263 5 346
348 0 96 1 347
86 0 78 14 348
346 0 271 14 349
94 0 270 5 350
349 0 83 15 351
81 0 175 2 352
355 0 185 4 353
83 0 187 2 354
355 0 172 3 355
81 0 162 1 356
356 0 197 4 357
84 0 199 3 358
360 0 158 3 359
