360
213 0 177 14 0
230 0 183 15 1
219 0 185 15 2
225 0 174 14 3
225 0 166 14 4
227 0 199 15 5
222 0 194 15 6
236 0 167 15 7
215 0 148 5 8
230 0 206 1 9
222 0 207 15 10
232 0 149 14 11
176 11 42 15 12
227 0 218 1 13
217 0 221 1 14
225 0 141 5 15
188 11 36 1 16
223 0 234 1 17
214 0 236 1 18
210 11 36 1 19
192 11 31 1 20
196 11 326 3 21
178 11 326 3 22
214 11 31 1 23
196 11 26 1 24
200 11 331 4 25
182 11 331 3 26
218 11 26 1 27
201 11 20 1 28
204 11 337 4 29
186 11 337 3 30
221 11 20 1 31
202 0 178 14 32
241 0 182 15 33
206 0 186 14 34
246 0 177 15 35
205 0 151 5 36
241 0 199 1 37
199 0 194 14 38
250 0 166 15 39
200 0 144 5 40
239 0 206 1 41
197 0 221 15 42
242 0 154 14 43
142 11 42 14 44
242 0 218 1 45
204 0 223 15 46
238 0 140 14 47
154 11 36 15 48
233 0 236 2 49
202 0 237 1 50
231 11 36 2 51
166 11 31 15 52
237 0 242 2 53
156 11 326 2 54
243 11 31 2 55
175 11 26 15 56
213 11 331 4 57
164 11 331 2 58
235 11 26 2 59
179 11 20 15 60
218 11 337 4 61
168 11 337 3 62
239 11 20 2 63
107 11 58 14 64
248 0 186 1 65
191 0 183 14 66
254 0 175 15 67
186 0 155 4 68
254 0 190 1 69
126 11 304 15 70
255 0 161 15 71
189 0 146 4 72
248 0 208 1 73
130 11 310 1 74
255 0 148 15 75
124 11 42 14 76
250 0 224 2 77
187 0 229 15 78
248 0 141 14 79
132 11 36 14 80
248 0 233 2 81
192 0 239 15 82
265 11 36 3 83
140 11 31 14 84
226 11 326 4 85
142 11 326 2 86
261 11 31 3 87
153 11 26 14 88
230 11 331 5 89
147 11 331 2 90
257 11 26 3 91
157 11 20 14 92
234 11 337 5 93
155 11 337 2 94
253 11 20 2 95
94 11 58 5 96
263 0 182 1 97
180 0 188 5 98
263 0 176 1 99
173 0 157 4 100
266 0 186 1 101
112 11 304 15 102
263 0 163 15 103
106 11 47 5 104
265 0 193 1 105
117 11 310 15 106
263 0 152 15 107
110 11 42 5 108
260 0 217 2 109
135 0 295 15 110
263 0 141 15 111
114 11 36 5 112
253 0 236 2 113
129 11 320 1 114
287 11 36 4 115
123 11 31 5 116
244 11 326 5 117
144 0 303 1 118
283 11 31 4 119
132 0 33 14 120
248 11 331 5 121
133 11 331 1 122
279 11 26 3 123
139 11 20 14 124
252 11 337 14 125
145 0 321 2 126
275 11 20 3 127
156 0 169 4 128
273 0 183 1 129
155 0 189 5 130
272 0 173 1 131
161 0 158 4 132
272 0 193 2 133
165 0 196 5 134
270 0 167 1 135
93 11 47 5 136
272 0 210 2 137
103 11 310 15 138
271 0 155 15 139
111 0 60 14 140
273 0 222 2 141
128 0 287 15 142
275 0 140 15 143
128 0 71 15 144
267 0 228 3 145
138 0 281 15 146
313 11 36 5 147
116 0 40 5 148
261 11 326 5 149
126 0 314 1 150
305 11 31 4 151
128 0 43 14 152
266 11 331 14 153
130 0 318 1 154
301 11 26 4 155
122 0 28 5 156
270 11 337 14 157
135 0 322 1 158
296 11 20 4 159
151 0 175 4 160
279 0 181 1 161
151 0 184 4 162
280 0 174 1 163
150 0 159 3 164
284 0 196 2 165
151 0 198 5 166
287 0 165 1 167
83 11 51 5 168
283 0 208 2 169
93 11 310 15 170
282 0 158 1 171
94 0 50 5 172
283 0 220 3 173
131 0 259 14 174
288 0 137 15 175
110 0 63 14 176
279 11 320 14 177
120 0 293 15 178
331 11 36 5 179
110 0 52 14 180
292 11 326 14 181
111 0 318 15 182
327 11 31 5 183
110 0 40 5 184
283 11 331 14 185
116 0 321 1 186
322 11 26 5 187
122 0 45 14 188
287 11 337 15 189
133 0 307 1 190
314 11 20 4 191
140 0 171 3 192
293 0 183 2 193
131 0 180 4 194
295 0 175 2 195
78 11 65 5 196
293 0 194 2 197
141 0 195 4 198
298 0 166 1 199
78 11 55 5 200
295 0 204 3 201
80 11 310 14 202
295 0 157 1 203
105 0 84 15 204
291 0 218 3 205
84 11 315 14 206
300 0 137 1 207
119 0 95 15 208
313 11 320 15 209
105 0 297 14 210
340 11 36 14 211
102 0 57 14 212
309 11 326 15 213
118 0 288 15 214
331 0 50 14 215
95 0 34 5 216
305 11 331 15 217
126 0 284 15 218
322 0 52 14 219
100 0 29 5 220
301 11 337 15 221
115 0 317 15 222
324 0 38 5 223
131 0 173 3 224
308 0 181 2 225
121 0 181 3 226
309 0 171 2 227
72 11 73 5 228
305 0 190 2 229
130 0 196 4 230
307 0 162 2 231
72 11 63 5 232
304 0 199 3 233
119 0 215 4 234
310 0 151 1 235
114 0 116 1 236
306 0 209 3 237
72 11 313 14 238
310 0 137 1 239
114 0 102 15 240
335 11 320 1 241
120 0 252 5 242
343 0 55 14 243
97 0 65 14 244
331 11 326 1 245
107 0 280 14 246
336 0 57 14 247
114 0 78 15 248
327 11 331 1 249
108 0 295 14 250
328 0 64 14 251
112 0 64 14 252
323 11 337 1 253
100 0 320 15 254
328 0 52 14 255
112 0 172 3 256
320 0 183 3 257
110 0 181 3 258
319 0 170 2 259
111 0 150 2 260
326 0 199 3 261
117 0 198 4 262
320 0 160 2 263
110 0 136 1 264
318 0 207 3 265
113 0 208 4 266
315 0 147 1 267
109 0 125 1 268
325 0 214 4 269
114 0 228 5 270
323 0 139 1 271
79 0 67 5 272
328 0 251 5 273
114 0 242 5 274
333 0 101 15 275
79 0 54 5 276
328 0 264 14 277
93 0 284 14 278
341 0 66 15 279
78 0 43 4 280
349 11 331 1 281
94 0 297 14 282
332 0 80 15 283
94 0 54 5 284
345 11 337 2 285
107 0 291 14 286
333 0 67 14 287
102 0 173 2 288
333 0 186 3 289
99 0 190 3 290
330 0 169 3 291
105 0 160 2 292
334 0 195 4 293
106 0 198 3 294
337 0 159 2 295
62 11 76 5 296
337 0 211 4 297
104 0 208 4 298
335 0 144 2 299
62 11 66 5 300
335 0 220 4 301
99 0 233 4 302
338 0 133 2 303
91 0 102 15 304
335 0 234 5 305
99 0 246 5 306
337 0 118 1 307
91 0 91 14 308
334 0 248 5 309
62 11 320 14 310
337 0 104 1 311
90 0 76 14 312
362 11 331 2 313
96 0 276 5 314
346 0 76 15 315
87 0 62 5 316
358 11 337 2 317
100 0 280 14 318
346 0 63 15 319
91 0 174 2 320
341 0 183 3 321
95 0 187 3 322
341 0 171 3 323
90 0 161 2 324
344 0 195 4 325
90 0 203 3 326
348 0 158 3 327
89 0 147 1 328
347 0 208 4 329
93 0 212 3 330
348 0 146 2 331
88 0 132 1 332
346 0 220 5 333
93 0 225 4 334
348 0 137 2 335
83 0 110 15 336
346 0 238 5 337
89 0 238 4 338
349 0 122 2 339
82 0 97 14 340
352 0 258 14 341
89 0 251 4 342
349 0 107 1 343
82 0 84 14 344
346 0 259 14 345
90 0 267 5 346
350 0 92 1 347
81 0 71 5 348
346 0 271 14 349
94 0 271 5 350
350 0 79 15 351
81 0 175 2 352
353 0 185 4 353
84 0 187 2 354
353 0 170 3 355
81 0 162 1 356
356 0 197 4 357
84 0 199 3 358
361 0 155 3 359
