360
213 0 176 14 0
230 0 184 15 1
218 0 185 15 2
225 0 174 14 3
223 0 165 14 4
227 0 198 15 5
221 0 194 15 6
234 0 167 14 7
215 0 148 5 8
230 0 207 1 9
221 0 208 15 10
231 0 150 14 11
181 9 56 1 12
226 0 218 1 13
217 0 221 1 14
225 0 140 5 15
192 9 49 1 16
224 0 234 1 17
214 0 235 1 18
212 9 49 2 19
196 9 43 1 20
200 9 314 3 21
183 9 314 3 22
216 9 43 2 23
199 9 37 1 24
204 9 320 3 25
187 9 320 3 26
219 9 37 2 27
203 9 30 1 28
207 9 327 4 29
190 9 327 3 30
222 9 30 2 31
202 0 177 14 32
241 0 183 15 33
206 0 186 14 34
245 0 176 15 35
205 0 153 5 36
240 0 198 1 37
200 0 194 14 38
248 0 166 15 39
200 0 145 5 40
238 0 206 1 41
198 0 219 15 42
242 0 153 14 43
150 9 56 15 44
242 0 219 1 45
203 0 222 15 46
238 0 140 14 47
161 9 49 15 48
233 0 236 2 49
202 0 237 1 50
232 9 49 3 51
172 9 43 15 52
237 0 243 2 53
163 9 314 2 54
242 9 43 3 55
179 9 37 15 56
217 9 320 4 57
170 9 320 2 58
235 9 37 2 59
182 9 30 15 60
220 9 327 4 61
173 9 327 3 62
239 9 30 2 63
119 9 75 15 64
249 0 186 1 65
191 0 184 14 66
254 0 175 15 67
186 0 156 5 68
254 0 191 1 69
135 9 289 15 70
254 0 162 15 71
190 0 147 4 72
249 0 208 1 73
139 9 295 1 74
254 0 149 14 75
134 9 56 15 76
250 0 224 2 77
187 0 228 15 78
249 0 141 14 79
141 9 49 15 80
249 0 233 2 81
191 0 238 15 82
263 9 49 4 83
148 9 43 15 84
229 9 314 4 85
149 9 314 1 86
259 9 43 3 87
158 9 37 15 88
233 9 320 4 89
153 9 320 2 90
256 9 37 3 91
162 9 30 15 92
236 9 327 5 93
160 9 327 2 94
252 9 30 3 95
106 9 75 14 96
262 0 183 1 97
179 0 188 5 98
263 0 175 1 99
174 0 158 4 100
265 0 188 1 101
122 9 289 15 102
263 0 163 15 103
117 9 62 14 104
265 0 196 1 105
126 9 295 15 106
262 0 152 15 107
120 9 56 14 108
261 0 218 2 109
142 0 284 15 110
262 0 140 14 111
124 9 49 14 112
254 0 236 2 113
136 9 308 1 114
283 9 49 4 115
131 9 43 14 116
246 9 314 5 117
149 0 295 1 118
280 9 43 4 119
139 0 43 14 120
250 9 320 5 121
140 9 320 1 122
276 9 37 4 123
145 9 30 14 124
253 9 327 5 125
150 0 313 1 126
273 9 30 3 127
158 0 170 4 128
273 0 184 1 129
157 0 188 5 130
272 0 174 1 131
162 0 158 4 132
272 0 194 2 133
165 0 196 5 134
270 0 167 1 135
103 9 62 14 136
272 0 210 2 137
112 9 295 15 138
272 0 155 15 139
119 0 71 15 140
273 0 222 2 141
134 0 277 15 142
275 0 139 15 143
133 0 79 15 144
268 0 229 3 145
142 0 274 15 146
307 9 49 5 147
123 0 51 14 148
263 9 314 5 149
132 0 304 1 150
300 9 43 5 151
133 0 51 14 152
267 9 320 5 153
136 0 310 1 154
297 9 37 4 155
128 0 38 14 156
270 9 327 14 157
140 0 314 1 158
293 9 30 4 159
151 0 175 4 160
280 0 182 1 161
151 0 185 4 162
281 0 174 1 163
150 0 159 3 164
284 0 196 2 165
152 0 198 5 166
287 0 165 1 167
93 9 66 14 168
284 0 208 2 169
102 9 295 14 170
282 0 157 1 171
103 0 63 14 172
284 0 221 3 173
135 0 253 14 174
288 0 138 15 175
117 0 73 15 176
280 9 308 5 177
125 0 284 15 178
324 9 49 14 179
117 0 61 14 180
291 9 314 14 181
117 0 307 15 182
321 9 43 5 183
117 0 49 14 184
284 9 320 14 185
122 0 312 15 186
317 9 37 5 187
127 0 52 14 188
287 9 327 14 189
136 0 301 1 190
310 9 30 4 191
140 0 171 4 192
293 0 184 2 193
133 0 180 4 194
296 0 175 2 195
87 9 79 14 196
293 0 194 2 197
141 0 195 4 198
298 0 166 1 199
87 9 69 14 200
295 0 205 3 201
89 9 295 14 202
296 0 156 1 203
111 0 92 15 204
292 0 218 3 205
93 9 301 14 206
299 0 138 1 207
123 0 100 1 208
311 9 308 14 209
111 0 288 14 210
334 9 49 14 211
107 0 66 14 212
308 9 314 15 213
121 0 282 15 214
326 0 60 14 215
102 0 44 5 216
304 9 320 15 217
129 0 280 15 218
319 0 59 14 219
107 0 38 5 220
301 9 327 15 221
119 0 310 15 222
320 0 46 5 223
131 0 173 3 224
308 0 181 2 225
122 0 181 3 226
309 0 171 2 227
81 9 86 14 228
305 0 191 3 229
130 0 196 4 230
307 0 162 2 231
81 9 76 14 232
305 0 201 3 233
121 0 214 4 234
310 0 151 1 235
116 0 119 1 236
306 0 211 3 237
81 9 300 14 238
310 0 138 1 239
116 0 106 1 240
331 9 308 15 241
122 0 249 5 242
338 0 65 15 243
102 0 72 14 244
328 9 314 15 245
111 0 275 14 246
332 0 65 14 247
116 0 82 15 248
324 9 320 15 249
112 0 289 14 250
325 0 69 14 251
115 0 68 14 252
321 9 327 15 253
104 0 313 15 254
326 0 58 14 255
113 0 173 3 256
320 0 183 3 257
111 0 181 3 258
320 0 171 2 259
112 0 152 2 260
325 0 198 3 261
118 0 198 4 262
320 0 160 2 263
111 0 138 2 264
319 0 207 3 265
114 0 208 4 266
316 0 148 1 267
110 0 127 1 268
324 0 215 4 269
114 0 227 5 270
323 0 139 1 271
85 0 76 14 272
327 0 249 5 273
115 0 241 5 274
331 0 105 1 275
84 0 63 5 276
327 0 261 14 277
97 0 278 14 278
338 0 73 15 279
84 0 51 5 280
345 9 320 1 281
98 0 292 14 282
330 0 84 15 283
98 0 60 14 284
341 9 327 1 285
109 0 287 14 286
331 0 70 14 287
102 0 173 2 288
333 0 186 3 289
100 0 189 3 290
331 0 170 3 291
106 0 160 2 292
334 0 195 4 293
106 0 198 3 294
336 0 159 2 295
68 9 87 5 296
336 0 210 4 297
104 0 209 4 298
335 0 145 2 299
68 9 77 5 300
334 0 220 4 301
100 0 231 4 302
337 0 134 2 303
93 0 106 15 304
334 0 234 5 305
100 0 244 5 306
337 0 119 1 307
93 0 94 15 308
334 0 248 5 309
68 9 309 14 310
337 0 106 1 311
92 0 80 14 312
358 9 320 1 313
98 0 273 5 314
344 0 80 15 315
89 0 66 5 316
355 9 327 2 317
101 0 278 14 318
344 0 67 15 319
92 0 174 2 320
341 0 184 3 321
95 0 186 3 322
342 0 171 3 323
90 0 162 2 324
344 0 195 4 325
91 0 202 3 326
348 0 158 3 327
90 0 147 1 328
346 0 209 4 329
93 0 211 3 330
347 0 147 2 331
89 0 133 1 332
346 0 221 5 333
93 0 224 4 334
347 0 137 2 335
85 0 112 15 336
346 0 238 5 337
90 0 237 4 338
349 0 122 2 339
84 0 99 14 340
351 0 256 14 341
90 0 250 4 342
349 0 108 1 343
84 0 87 14 344
346 0 259 14 345
91 0 266 5 346
349 0 94 1 347
83 0 73 14 348
346 0 271 14 349
94 0 270 5 350
350 0 81 15 351
81 0 175 2 352
354 0 185 4 353
83 0 187 2 354
354 0 171 3 355
81 0 162 1 356
356 0 197 4 357
84 0 199 3 358
360 0 156 3 359
