360
214 0 175 14 0
227 0 185 15 1
216 0 185 14 2
225 0 174 14 3
218 0 163 14 4
226 0 198 15 5
217 0 196 15 6
228 0 164 14 7
215 0 150 5 8
227 0 209 1 9
217 0 209 15 10
227 0 150 14 11
204 2 112 4 12
226 0 220 1 13
215 0 221 1 14
225 0 139 5 15
207 2 102 3 16
225 0 234 1 17
214 0 234 1 18
221 2 102 4 19
209 2 92 3 20
218 2 267 2 21
205 2 267 2 22
222 2 92 4 23
210 2 82 3 24
219 2 277 3 25
206 2 277 2 26
223 2 82 3 27
211 2 72 3 28
220 2 288 3 29
207 2 288 2 30
224 2 72 3 31
202 0 175 14 32
239 0 185 15 33
204 0 186 14 34
240 0 175 15 35
203 0 159 5 36
238 0 198 1 37
202 0 196 14 38
241 0 164 15 39
202 0 149 5 40
238 0 208 1 41
201 0 212 15 42
239 0 151 14 43
186 2 112 3 44
239 0 221 1 45
203 0 222 15 46
238 0 139 14 47
189 2 102 3 48
236 0 234 2 49
202 0 235 1 50
236 2 102 4 51
193 2 92 3 52
237 0 245 2 53
190 2 267 1 54
239 2 92 4 55
195 2 82 2 56
231 2 277 3 57
192 2 277 2 58
237 2 82 4 59
196 2 72 2 60
232 2 288 3 61
193 2 288 2 62
238 2 72 3 63
168 2 143 4 64
249 0 186 1 65
191 0 185 14 66
251 0 175 15 67
189 0 161 5 68
251 0 195 1 69
173 2 226 14 70
251 0 162 15 71
190 0 149 4 72
249 0 209 1 73
174 2 237 15 74
251 0 150 14 75
173 2 112 3 76
250 0 222 2 77
189 0 224 15 78
249 0 139 14 79
175 2 102 2 80
249 0 233 2 81
191 0 235 15 82
254 2 102 5 83
177 2 92 2 84
243 2 267 3 85
178 2 267 1 86
253 2 92 5 87
180 2 82 2 88
244 2 277 3 89
179 2 277 1 90
251 2 82 4 91
181 2 72 2 92
245 2 288 4 93
181 2 288 2 94
250 2 72 4 95
156 2 143 3 96
262 0 185 1 97
179 0 186 5 98
262 0 175 1 99
177 0 161 4 100
263 0 194 1 101
161 2 226 14 102
262 0 163 15 103
159 2 123 3 104
263 0 205 2 105
162 2 237 14 106
262 0 151 15 107
160 2 112 2 108
261 0 220 2 109
167 0 241 15 110
262 0 139 14 111
161 2 102 2 112
259 0 234 2 113
165 2 257 15 114
268 2 102 5 115
163 2 92 2 116
257 2 267 3 117
169 0 261 15 118
267 2 92 5 119
166 0 84 2 120
258 2 277 4 121
166 2 277 1 122
266 2 82 5 123
168 2 72 1 124
259 2 288 4 125
170 0 283 1 126
265 2 72 4 127
164 0 173 4 128
273 0 185 1 129
163 0 186 5 130
273 0 174 1 131
165 0 161 4 132
273 0 196 2 133
166 0 197 5 134
272 0 164 1 135
147 2 123 2 136
273 0 210 2 137
149 2 237 14 138
273 0 152 15 139
152 0 117 2 140
273 0 222 2 141
156 0 239 14 142
274 0 139 15 143
156 0 112 2 144
272 0 232 3 145
159 0 246 15 146
284 2 102 14 147
153 0 94 1 148
270 2 267 4 149
156 0 264 15 150
282 2 92 14 151
156 0 86 1 152
271 2 277 4 153
157 0 274 15 154
281 2 82 5 155
154 0 74 1 156
272 2 288 5 157
158 0 284 1 158
280 2 72 5 159
153 0 175 4 160
284 0 184 2 161
153 0 185 4 162
284 0 174 1 163
153 0 161 4 164
285 0 197 2 165
154 0 198 5 166
286 0 163 1 167
135 2 124 2 168
285 0 209 2 169
138 2 237 14 170
284 0 152 1 171
138 0 115 2 172
285 0 221 3 173
148 0 231 14 174
286 0 138 15 175
143 0 109 2 176
284 2 257 4 177
145 0 249 14 178
298 2 102 14 179
143 0 98 1 180
287 2 267 4 181
143 0 265 15 182
297 2 92 14 183
143 0 86 1 184
285 2 277 5 185
144 0 275 15 186
295 2 82 14 187
146 0 78 1 188
286 2 288 5 189
149 0 279 15 190
293 2 72 5 191
142 0 173 4 192
296 0 185 2 193
140 0 184 4 194
297 0 175 2 195
125 2 136 2 196
296 0 196 2 197
142 0 197 4 198
298 0 164 1 199
125 2 125 2 200
297 0 208 3 201
126 2 237 5 202
297 0 152 1 203
133 0 124 2 204
296 0 220 3 205
127 2 247 14 206
298 0 138 1 207
136 0 118 2 208
302 2 257 5 209
133 0 251 14 210
309 2 102 15 211
131 0 99 1 212
301 2 267 5 213
136 0 257 14 214
306 0 97 15 215
130 0 84 15 216
300 2 277 5 217
138 0 265 14 218
304 0 89 14 219
131 0 74 15 220
298 2 288 5 221
135 0 282 15 222
305 0 76 14 223
131 0 174 3 224
309 0 184 2 225
128 0 184 4 226
309 0 173 2 227
115 2 138 2 228
308 0 195 3 229
130 0 197 4 230
309 0 162 2 231
115 2 127 1 232
308 0 207 3 233
127 0 211 4 234
310 0 151 1 235
126 0 132 2 236
308 0 218 4 237
115 2 246 5 238
310 0 138 1 239
126 0 120 1 240
316 2 257 5 241
128 0 238 5 242
318 0 107 15 243
121 0 101 1 244
315 2 267 5 245
124 0 255 14 246
317 0 99 15 247
126 0 96 1 248
314 2 277 14 249
125 0 267 14 250
314 0 92 15 251
126 0 83 15 252
313 2 288 14 253
122 0 283 15 254
315 0 80 14 255
117 0 174 3 256
321 0 185 3 257
116 0 184 3 258
321 0 173 2 259
116 0 159 2 260
323 0 198 3 261
118 0 198 4 262
321 0 162 2 263
116 0 147 2 264
321 0 209 4 265
117 0 209 4 266
320 0 150 2 267
116 0 135 2 268
322 0 219 4 269
117 0 223 4 270
322 0 139 1 271
108 0 111 1 272
323 0 238 5 273
117 0 236 5 274
324 0 120 1 275
108 0 98 15 276
323 0 250 5 277
112 0 256 5 278
327 0 102 15 279
108 0 86 15 280
329 2 277 14 281
112 0 268 14 282
324 0 97 15 283
112 0 81 15 284
328 2 288 14 285
115 0 275 14 286
324 0 84 15 287
105 0 174 2 288
333 0 186 3 289
105 0 187 3 290
333 0 173 3 291
106 0 162 2 292
334 0 197 4 293
106 0 198 3 294
334 0 161 2 295
94 2 130 1 296
334 0 210 4 297
106 0 209 4 298
334 0 149 2 299
94 2 119 15 300
334 0 221 4 301
104 0 224 4 302
335 0 137 2 303
102 0 120 1 304
334 0 234 5 305
104 0 237 5 306
335 0 124 1 307
102 0 108 15 308
334 0 246 5 309
94 2 265 5 310
335 0 112 1 311
102 0 95 15 312
341 2 277 14 313
104 0 262 5 314
337 0 95 15 315
101 0 83 14 316
340 2 288 15 317
105 0 272 14 318
337 0 83 15 319
94 0 174 2 320
344 0 185 4 321
95 0 186 3 322
344 0 173 3 323
93 0 162 2 324
345 0 197 4 325
93 0 199 3 326
346 0 161 3 327
93 0 149 1 328
346 0 209 4 329
94 0 210 3 330
346 0 149 2 331
93 0 137 1 332
346 0 221 5 333
94 0 222 4 334
346 0 138 2 335
91 0 122 15 336
346 0 235 5 337
93 0 235 4 338
347 0 125 2 339
91 0 110 15 340
347 0 249 14 341
93 0 247 4 342
347 0 112 1 343
91 0 98 15 344
346 0 258 14 345
93 0 260 5 346
347 0 100 1 347
91 0 85 14 348
346 0 270 14 349
94 0 270 5 350
347 0 87 1 351
82 0 175 2 352
356 0 185 4 353
83 0 186 2 354
356 0 173 4 355
82 0 162 1 356
357 0 197 4 357
83 0 198 3 358
358 0 161 3 359
