360
214 0 175 14 0
228 0 185 15 1
216 0 185 14 2
225 0 174 14 3
219 0 164 14 4
226 0 198 15 5
218 0 196 15 6
230 0 165 14 7
215 0 149 5 8
228 0 208 1 9
218 0 209 15 10
228 0 150 14 11
199 4 99 3 12
226 0 220 1 13
216 0 221 1 14
225 0 139 5 15
204 4 89 3 16
225 0 234 1 17
214 0 234 1 18
220 4 89 3 19
205 4 80 3 20
214 4 279 2 21
199 4 279 2 22
220 4 80 3 23
207 4 71 2 24
215 4 288 3 25
201 4 288 2 26
222 4 71 3 27
209 4 61 2 28
217 4 297 3 29
203 4 297 3 30
224 4 61 3 31
202 0 176 14 32
239 0 184 15 33
204 0 186 14 34
241 0 175 15 35
204 0 158 5 36
239 0 198 1 37
201 0 196 14 38
243 0 164 15 39
201 0 148 5 40
238 0 208 1 41
200 0 214 15 42
240 0 152 14 43
177 4 99 2 44
240 0 220 1 45
203 0 222 15 46
238 0 139 14 47
182 4 89 2 48
235 0 235 2 49
202 0 235 1 50
235 4 89 4 51
188 4 80 2 52
237 0 244 2 53
183 4 279 1 54
240 4 80 4 55
191 4 71 2 56
227 4 288 3 57
187 4 288 2 58
236 4 71 3 59
193 4 61 2 60
229 4 297 3 61
188 4 297 2 62
238 4 61 3 63
156 4 126 3 64
249 0 186 1 65
191 0 185 14 66
252 0 175 15 67
188 0 160 5 68
252 0 194 1 69
164 4 242 15 70
252 0 162 15 71
190 0 149 4 72
249 0 209 1 73
166 4 251 15 74
252 0 150 14 75
163 4 99 2 76
250 0 223 2 77
189 0 225 15 78
249 0 140 14 79
166 4 89 2 80
249 0 233 2 81
191 0 236 15 82
256 4 89 5 83
170 4 80 2 84
240 4 279 3 85
171 4 279 1 86
254 4 80 4 87
175 4 71 1 88
242 4 288 4 89
172 4 288 1 90
253 4 71 4 91
177 4 61 1 92
243 4 297 4 93
176 4 297 2 94
251 4 61 4 95
144 4 126 2 96
262 0 184 1 97
179 0 187 5 98
262 0 175 1 99
176 0 160 4 100
263 0 193 1 101
151 4 242 14 102
262 0 163 15 103
149 4 108 2 104
263 0 203 2 105
153 4 251 15 106
262 0 151 15 107
150 4 99 1 108
261 0 220 2 109
161 0 252 15 110
262 0 139 14 111
152 4 89 1 112
258 0 235 2 113
158 4 269 15 114
272 4 89 5 115
155 4 80 1 116
254 4 279 4 117
164 0 269 15 118
270 4 80 5 119
159 0 74 1 120
256 4 288 4 121
160 4 288 1 122
269 4 71 4 123
162 4 61 1 124
258 4 297 4 125
165 0 291 1 126
267 4 61 4 127
162 0 172 4 128
273 0 185 1 129
162 0 187 5 130
273 0 174 1 131
164 0 160 4 132
273 0 196 2 133
166 0 197 5 134
272 0 165 1 135
136 4 108 1 136
273 0 210 2 137
140 4 251 14 138
273 0 153 15 139
144 0 106 2 140
273 0 222 2 141
151 0 248 14 142
274 0 139 15 143
151 0 104 2 144
271 0 231 3 145
155 0 253 15 146
290 4 89 14 147
145 0 84 1 148
269 4 279 4 149
150 0 274 15 150
286 4 80 5 151
151 0 78 1 152
270 4 288 5 153
152 0 283 1 154
285 4 71 5 155
148 0 65 15 156
272 4 297 5 157
154 0 291 1 158
283 4 61 5 159
153 0 175 4 160
283 0 184 2 161
153 0 185 4 162
283 0 174 1 163
152 0 161 4 164
285 0 197 2 165
153 0 198 5 166
286 0 164 1 167
125 4 109 1 168
285 0 209 2 169
129 4 251 14 170
284 0 153 1 171
130 0 102 1 172
285 0 221 3 173
145 0 237 14 174
287 0 138 15 175
136 0 100 1 176
283 4 269 4 177
140 0 258 14 178
304 4 89 14 179
136 0 89 1 180
288 4 279 5 181
136 0 275 15 182
302 4 80 14 183
136 0 77 15 184
285 4 288 5 185
139 0 284 15 186
301 4 71 5 187
141 0 72 15 188
286 4 297 5 189
146 0 285 15 190
297 4 61 5 191
141 0 173 4 192
295 0 185 2 193
138 0 183 4 194
297 0 175 2 195
116 4 122 1 196
295 0 196 2 197
142 0 196 4 198
298 0 164 1 199
116 4 111 1 200
296 0 207 3 201
117 4 251 5 202
297 0 153 1 203
127 0 116 1 204
295 0 220 3 205
118 4 260 14 206
298 0 138 1 207
133 0 113 1 208
304 4 269 5 209
127 0 260 14 210
315 4 89 15 211
126 0 91 15 212
302 4 279 5 213
132 0 263 14 214
311 0 88 14 215
123 0 74 15 216
301 4 288 14 217
136 0 268 15 218
308 0 81 14 219
125 0 65 15 220
299 4 297 14 221
131 0 289 15 222
308 0 69 14 223
131 0 174 3 224
309 0 183 2 225
126 0 183 3 226
309 0 173 2 227
107 4 126 1 228
307 0 194 3 229
130 0 197 4 230
308 0 162 2 231
107 4 115 1 232
307 0 205 3 233
126 0 212 4 234
310 0 151 1 235
124 0 129 2 236
308 0 216 3 237
107 4 259 5 238
310 0 138 1 239
124 0 116 1 240
320 4 269 14 241
126 0 241 5 242
323 0 97 15 243
117 0 94 15 244
318 4 279 14 245
121 0 260 14 246
320 0 91 15 247
124 0 92 15 248
317 4 288 14 249
121 0 273 14 250
317 0 87 15 251
123 0 80 15 252
315 4 297 14 253
118 0 291 15 254
317 0 75 14 255
116 0 174 3 256
321 0 184 3 257
115 0 183 3 258
321 0 173 2 259
115 0 157 2 260
323 0 198 3 261
118 0 198 4 262
321 0 161 2 263
115 0 145 2 264
320 0 208 4 265
116 0 209 4 266
319 0 149 2 267
114 0 133 1 268
323 0 218 4 269
116 0 224 4 270
322 0 139 1 271
102 0 102 15 272
324 0 241 5 273
117 0 237 5 274
326 0 116 1 275
102 0 90 15 276
324 0 253 5 277
108 0 261 5 278
330 0 95 15 279
102 0 78 14 280
333 4 288 15 281
108 0 274 14 282
326 0 93 15 283
108 0 76 14 284
331 4 297 15 285
114 0 278 14 286
326 0 81 15 287
104 0 174 2 288
333 0 186 3 289
104 0 187 3 290
332 0 172 3 291
106 0 161 2 292
334 0 196 4 293
106 0 198 3 294
335 0 161 2 295
88 4 120 15 296
335 0 210 4 297
105 0 209 4 298
334 0 148 2 299
88 4 109 15 300
334 0 221 4 301
103 0 226 4 302
335 0 136 2 303
100 0 116 15 304
334 0 234 5 305
103 0 239 5 306
335 0 123 1 307
100 0 105 15 308
334 0 247 5 309
88 4 276 5 310
335 0 110 1 311
100 0 92 15 312
345 4 288 15 313
102 0 265 5 314
339 0 92 15 315
98 0 79 14 316
344 4 297 15 317
104 0 274 14 318
339 0 79 15 319
93 0 174 2 320
343 0 185 4 321
95 0 186 3 322
344 0 173 3 323
92 0 162 2 324
345 0 196 4 325
93 0 200 3 326
347 0 160 3 327
92 0 149 1 328
346 0 209 4 329
94 0 210 3 330
346 0 149 2 331
92 0 136 1 332
346 0 221 5 333
94 0 223 4 334
346 0 138 2 335
90 0 120 15 336
346 0 236 5 337
92 0 235 4 338
347 0 124 2 339
89 0 107 15 340
348 0 251 14 341
92 0 248 4 342
347 0 111 1 343
89 0 95 14 344
346 0 258 14 345
93 0 261 5 346
347 0 98 1 347
89 0 82 14 348
346 0 270 14 349
94 0 270 5 350
348 0 86 15 351
82 0 175 2 352
356 0 185 4 353
83 0 186 2 354
356 0 173 4 355
82 0 162 1 356
357 0 197 4 357
83 0 198 3 358
359 0 160 3 359
