360
214 0 175 14 0
228 0 185 15 1
216 0 185 14 2
225 0 174 14 3
220 0 164 14 4
226 0 198 15 5
218 0 196 15 6
230 0 165 14 7
215 0 149 5 8
228 0 208 1 9
218 0 209 15 10
228 0 150 14 11
198 4 96 3 12
226 0 220 1 13
216 0 221 1 14
225 0 139 5 15
203 4 87 3 16
225 0 234 1 17
214 0 234 1 18
219 4 87 3 19
205 4 78 3 20
213 4 281 2 21
198 4 281 2 22
220 4 78 3 23
207 4 69 2 24
215 4 290 3 25
200 4 290 2 26
222 4 69 3 27
208 4 60 2 28
217 4 299 3 29
202 4 299 3 30
224 4 60 3 31
202 0 176 14 32
239 0 184 15 33
204 0 186 14 34
241 0 175 15 35
204 0 157 5 36
239 0 198 1 37
201 0 196 14 38
243 0 164 15 39
201 0 148 5 40
238 0 208 1 41
200 0 214 15 42
240 0 152 14 43
176 4 96 2 44
240 0 220 1 45
203 0 222 15 46
238 0 139 14 47
181 4 87 2 48
235 0 235 2 49
202 0 235 1 50
235 4 87 4 51
187 4 78 2 52
237 0 244 2 53
182 4 281 1 54
240 4 78 4 55
190 4 69 2 56
227 4 290 3 57
186 4 290 2 58
236 4 69 3 59
192 4 60 2 60
228 4 299 4 61
188 4 299 2 62
238 4 60 3 63
154 4 123 2 64
249 0 186 1 65
191 0 185 14 66
252 0 175 15 67
188 0 159 5 68
252 0 194 1 69
162 4 244 15 70
252 0 162 15 71
190 0 149 4 72
249 0 209 1 73
164 4 253 15 74
252 0 150 14 75
161 4 96 2 76
250 0 223 2 77
189 0 225 15 78
249 0 140 14 79
165 4 87 2 80
249 0 233 2 81
191 0 236 15 82
256 4 87 5 83
169 4 78 1 84
239 4 281 3 85
169 4 281 1 86
255 4 78 4 87
174 4 69 1 88
241 4 290 4 89
171 4 290 1 90
253 4 69 4 91
176 4 60 1 92
243 4 299 4 93
175 4 299 2 94
251 4 60 4 95
141 4 123 2 96
262 0 184 1 97
179 0 187 5 98
262 0 175 1 99
176 0 160 4 100
263 0 192 1 101
150 4 244 14 102
262 0 163 15 103
147 4 105 2 104
263 0 202 2 105
151 4 253 15 106
262 0 151 15 107
149 4 96 1 108
261 0 220 2 109
160 0 253 15 110
262 0 139 14 111
150 4 87 1 112
258 0 235 2 113
157 4 272 15 114
273 4 87 5 115
154 4 78 1 116
254 4 281 4 117
163 0 271 1 118
271 4 78 5 119
158 0 72 1 120
256 4 290 4 121
159 4 290 1 122
269 4 69 4 123
161 4 60 1 124
257 4 299 4 125
164 0 292 1 126
267 4 60 4 127
162 0 172 4 128
273 0 185 1 129
161 0 187 5 130
273 0 174 1 131
164 0 160 4 132
273 0 196 2 133
166 0 197 5 134
272 0 165 1 135
134 4 105 1 136
273 0 210 2 137
139 4 253 14 138
273 0 153 15 139
142 0 104 1 140
273 0 222 2 141
150 0 250 14 142
274 0 139 15 143
150 0 102 2 144
271 0 231 3 145
154 0 254 15 146
291 4 87 14 147
144 0 82 1 148
268 4 281 4 149
149 0 276 15 150
287 4 78 5 151
150 0 76 1 152
270 4 290 5 153
151 0 284 1 154
285 4 69 5 155
147 0 63 15 156
272 4 299 5 157
153 0 292 1 158
284 4 60 5 159
153 0 175 4 160
283 0 184 2 161
153 0 185 4 162
283 0 174 1 163
152 0 161 4 164
285 0 197 2 165
153 0 198 5 166
286 0 164 1 167
123 4 107 1 168
285 0 209 2 169
128 4 253 14 170
284 0 154 1 171
128 0 100 1 172
285 0 221 3 173
144 0 238 14 174
287 0 138 15 175
135 0 99 1 176
283 4 272 4 177
139 0 259 14 178
305 4 87 14 179
135 0 87 1 180
288 4 281 5 181
135 0 277 15 182
303 4 78 14 183
135 0 75 15 184
285 4 290 5 185
138 0 285 15 186
302 4 69 5 187
140 0 71 15 188
286 4 299 5 189
145 0 286 15 190
298 4 60 5 191
141 0 173 4 192
295 0 185 2 193
138 0 183 4 194
297 0 175 2 195
114 4 120 1 196
295 0 196 2 197
142 0 196 4 198
298 0 164 1 199
114 4 109 1 200
296 0 207 3 201
115 4 253 5 202
297 0 153 1 203
126 0 115 1 204
295 0 220 3 205
117 4 262 14 206
298 0 138 1 207
132 0 113 1 208
304 4 272 5 209
126 0 261 14 210
316 4 87 15 211
125 0 90 15 212
303 4 281 5 213
132 0 264 14 214
312 0 86 14 215
122 0 73 15 216
301 4 290 14 217
135 0 269 15 218
308 0 80 14 219
124 0 64 15 220
299 4 299 14 221
130 0 290 15 222
309 0 68 14 223
131 0 174 3 224
309 0 183 2 225
126 0 183 3 226
309 0 173 2 227
105 4 123 1 228
307 0 194 3 229
130 0 197 4 230
308 0 162 2 231
105 4 112 15 232
307 0 205 3 233
125 0 212 4 234
310 0 151 1 235
123 0 129 2 236
308 0 216 3 237
105 4 262 5 238
310 0 138 1 239
123 0 116 1 240
321 4 272 14 241
126 0 242 5 242
324 0 95 15 243
116 0 93 15 244
319 4 281 14 245
120 0 261 14 246
321 0 89 15 247
123 0 92 15 248
317 4 290 14 249
121 0 274 14 250
318 0 86 15 251
122 0 79 15 252
315 4 299 14 253
117 0 292 15 254
318 0 74 14 255
116 0 174 3 256
321 0 184 3 257
115 0 183 3 258
321 0 173 2 259
115 0 157 2 260
323 0 198 3 261
118 0 198 4 262
321 0 161 2 263
115 0 144 2 264
320 0 208 4 265
116 0 209 4 266
319 0 149 2 267
114 0 132 1 268
323 0 218 4 269
116 0 224 4 270
322 0 139 1 271
101 0 101 15 272
324 0 241 5 273
117 0 237 5 274
326 0 115 1 275
101 0 88 15 276
324 0 254 5 277
107 0 262 5 278
330 0 93 15 279
101 0 76 14 280
333 4 290 15 281
108 0 275 14 282
326 0 93 15 283
108 0 75 14 284
332 4 299 15 285
113 0 279 14 286
326 0 80 15 287
104 0 174 2 288
333 0 186 3 289
103 0 187 3 290
332 0 172 3 291
106 0 161 2 292
334 0 196 4 293
106 0 198 3 294
335 0 161 2 295
87 4 118 15 296
335 0 210 4 297
105 0 209 4 298
334 0 148 2 299
87 4 107 15 300
334 0 221 4 301
103 0 226 4 302
335 0 136 2 303
100 0 116 15 304
334 0 234 5 305
103 0 239 5 306
335 0 123 1 307
100 0 104 15 308
334 0 247 5 309
87 4 278 5 310
335 0 110 1 311
99 0 91 15 312
346 4 290 15 313
102 0 266 5 314
339 0 91 15 315
98 0 78 14 316
344 4 299 15 317
104 0 274 14 318
339 0 79 15 319
93 0 174 2 320
343 0 185 4 321
95 0 186 3 322
344 0 173 3 323
92 0 162 2 324
345 0 196 4 325
93 0 200 3 326
347 0 160 3 327
92 0 149 1 328
346 0 209 4 329
94 0 210 3 330
346 0 149 2 331
92 0 136 1 332
346 0 221 5 333
94 0 223 4 334
346 0 138 2 335
89 0 119 15 336
346 0 236 5 337
92 0 235 4 338
347 0 124 2 339
89 0 107 15 340
348 0 251 14 341
92 0 248 4 342
347 0 111 1 343
89 0 94 14 344
346 0 258 14 345
93 0 262 5 346
347 0 98 1 347
89 0 82 14 348
346 0 270 14 349
94 0 270 5 350
348 0 85 15 351
82 0 175 2 352
356 0 185 4 353
83 0 186 2 354
356 0 173 4 355
82 0 162 1 356
357 0 197 4 357
83 0 198 3 358
359 0 159 3 359
