360
212 0 178 14 0
233 0 182 15 1
220 0 185 15 2
225 0 174 14 3
230 0 167 14 4
228 0 199 15 5
225 0 192 15 6
240 0 169 15 7
215 0 147 5 8
233 0 205 1 9
225 0 206 15 10
235 0 149 14 11
160 15 2 14 12
227 0 216 1 13
218 0 221 1 14
225 0 142 5 15
178 15 0 14 16
222 0 234 1 17
214 0 237 1 18
203 15 0 15 19
183 15 -3 14 20
183 15 358 4 21
163 15 358 3 22
209 15 -3 15 23
189 15 -6 14 24
189 15 361 4 25
169 15 361 4 26
215 15 -6 15 27
195 15 -8 14 28
195 15 364 5 29
175 15 364 4 30
220 15 -8 15 31
202 0 179 14 32
243 0 181 15 33
208 0 186 14 34
250 0 178 15 35
206 0 146 5 36
242 0 199 1 37
198 0 192 14 38
255 0 168 15 39
199 0 142 4 40
239 0 204 1 41
195 0 225 15 42
245 0 155 14 43
117 15 2 4 44
245 0 217 1 45
204 0 223 15 46
238 0 141 14 47
134 15 0 5 48
231 0 237 2 49
202 0 239 1 50
228 15 0 1 51
152 15 -3 5 52
237 0 241 2 53
137 15 358 2 54
246 15 -3 1 55
163 15 -6 14 56
203 15 361 5 57
149 15 361 3 58
234 15 -6 1 59
169 15 -8 14 60
209 15 364 5 61
155 15 364 3 62
240 15 -8 1 63
74 15 10 3 64
248 0 186 1 65
191 0 182 14 66
257 0 175 15 67
183 0 152 4 68
257 0 187 1 69
100 15 348 1 70
257 0 161 15 71
189 0 144 4 72
248 0 207 1 73
106 15 350 1 74
257 0 147 15 75
97 15 2 4 76
250 0 225 2 77
185 0 232 15 78
248 0 142 14 79
108 15 0 4 80
248 0 233 2 81
192 0 241 15 82
271 15 0 2 83
120 15 -3 4 84
217 15 358 5 85
123 15 358 2 86
266 15 -3 2 87
137 15 -6 5 88
222 15 361 5 89
129 15 361 2 90
260 15 -6 2 91
143 15 -8 5 92
228 15 364 14 93
140 15 364 3 94
254 15 -8 1 95
59 15 10 3 96
263 0 181 1 97
180 0 189 5 98
264 0 176 1 99
171 0 155 4 100
268 0 181 1 101
86 15 348 15 102
264 0 163 15 103
77 15 5 3 104
267 0 187 1 105
91 15 350 1 106
263 0 153 15 107
83 15 2 3 108
260 0 215 2 109
118 0 324 1 110
263 0 142 15 111
88 15 0 3 112
249 0 237 2 113
109 15 356 1 114
297 15 0 3 115
100 15 -3 4 116
237 15 358 14 117
130 0 326 1 118
291 15 -3 3 119
113 0 5 4 120
242 15 361 14 121
115 15 361 2 122
286 15 -6 3 123
123 15 -8 4 124
248 15 364 14 125
132 0 342 2 126
280 15 -8 2 127
152 0 167 4 128
273 0 182 1 129
150 0 190 4 130
271 0 173 1 131
159 0 155 4 132
271 0 191 1 133
164 0 195 5 134
268 0 169 1 135
63 15 5 3 136
271 0 210 2 137
77 15 350 15 138
270 0 157 15 139
89 0 28 4 140
273 0 222 2 141
113 0 313 15 142
276 0 140 15 143
112 0 49 14 144
265 0 226 2 145
126 0 300 15 146
329 15 0 4 147
95 0 9 4 148
257 15 358 14 149
110 0 342 1 150
317 15 -3 4 151
112 0 18 5 152
262 15 361 15 153
116 0 343 1 154
312 15 -6 3 155
103 0 3 4 156
268 15 364 15 157
123 0 343 2 158
306 15 -8 3 159
149 0 175 4 160
277 0 180 1 161
149 0 184 4 162
278 0 174 1 163
147 0 157 3 164
283 0 195 2 165
150 0 198 5 166
288 0 166 1 167
54 15 11 3 168
282 0 207 2 169
69 15 350 15 170
280 0 161 1 171
70 0 15 3 172
282 0 220 3 173
122 0 274 14 174
289 0 137 15 175
92 0 38 5 176
277 15 356 15 177
105 0 317 15 178
349 15 0 5 179
92 0 27 4 180
294 15 358 1 181
93 0 347 1 182
343 15 -3 4 183
92 0 15 4 184
282 15 361 15 185
101 0 347 1 186
337 15 -6 4 187
109 0 27 5 188
288 15 364 1 189
124 0 322 1 190
326 15 -8 4 191
139 0 169 3 192
291 0 182 2 193
127 0 178 3 194
294 0 175 2 195
51 15 25 3 196
291 0 192 2 197
140 0 194 4 198
298 0 168 2 199
51 15 17 3 200
294 0 202 3 201
54 15 350 15 202
294 0 160 1 203
90 0 61 5 204
289 0 216 3 205
60 15 353 15 206
301 0 137 1 207
110 0 82 15 208
320 15 356 1 209
90 0 323 15 210
357 15 0 5 211
85 0 34 4 212
314 15 358 1 213
107 0 305 15 214
344 0 24 5 215
76 0 7 3 216
308 15 361 1 217
120 0 295 15 218
333 0 31 5 219
83 0 4 3 220
302 15 364 1 221
104 0 336 1 222
334 0 17 5 223
131 0 172 3 224
307 0 179 2 225
116 0 179 3 226
309 0 169 2 227
49 15 37 3 228
303 0 187 2 229
130 0 195 4 230
306 0 162 2 231
49 15 28 3 232
302 0 195 3 233
114 0 217 4 234
310 0 151 1 235
107 0 107 15 236
304 0 204 3 237
49 15 350 14 238
310 0 137 1 239
107 0 92 15 240
346 15 356 2 241
116 0 259 14 242
356 0 26 14 243
83 0 45 5 244
340 15 358 2 245
98 0 295 14 246
346 0 34 14 247
107 0 68 14 248
334 15 361 2 249
99 0 310 15 250
335 0 48 14 251
105 0 53 14 252
328 15 364 2 253
88 0 341 15 254
336 0 37 14 255
109 0 171 3 256
319 0 182 3 257
106 0 179 3 258
318 0 168 2 259
108 0 145 2 260
328 0 199 4 261
117 0 198 4 262
319 0 159 2 263
106 0 130 1 264
317 0 206 3 265
111 0 207 4 266
312 0 146 1 267
104 0 119 1 268
326 0 211 4 269
111 0 231 5 270
324 0 139 1 271
63 0 43 4 272
331 0 258 14 273
112 0 246 5 274
337 0 91 15 275
62 0 30 3 276
331 0 271 14 277
83 0 299 14 278
349 0 47 14 279
62 0 18 3 280
360 15 361 3 281
84 0 314 14 282
336 0 71 15 283
84 0 40 4 284
354 15 364 3 285
102 0 299 14 286
337 0 57 14 287
99 0 172 2 288
333 0 186 3 289
96 0 192 3 290
329 0 167 2 291
105 0 159 2 292
334 0 194 4 293
106 0 198 3 294
338 0 157 2 295
43 15 46 3 296
338 0 211 4 297
103 0 208 4 298
336 0 141 2 299
43 15 37 3 300
335 0 219 4 301
96 0 237 4 302
340 0 131 2 303
85 0 92 14 304
335 0 234 5 305
96 0 251 5 306
339 0 114 1 307
85 0 81 14 308
334 0 249 5 309
43 15 350 14 310
339 0 100 1 311
83 0 66 5 312
374 15 361 3 313
92 0 283 14 314
351 0 65 15 315
78 0 51 5 316
368 15 364 3 317
98 0 284 14 318
351 0 52 15 319
90 0 174 2 320
339 0 182 3 321
95 0 187 3 322
339 0 169 3 323
87 0 161 1 324
343 0 194 4 325
88 0 205 3 326
349 0 155 3 327
87 0 145 1 328
347 0 208 4 329
92 0 213 3 330
349 0 144 2 331
85 0 130 15 332
346 0 220 5 333
92 0 226 4 334
349 0 136 2 335
78 0 103 14 336
346 0 241 5 337
87 0 240 4 338
351 0 119 2 339
77 0 90 14 340
354 0 263 14 341
87 0 253 4 342
351 0 104 1 343
77 0 77 5 344
346 0 260 14 345
88 0 271 5 346
352 0 88 1 347
76 0 62 5 348
346 0 272 14 349
94 0 271 5 350
353 0 74 15 351
80 0 175 2 352
351 0 185 4 353
84 0 188 2 354
351 0 168 3 355
80 0 162 1 356
355 0 197 4 357
85 0 200 3 358
362 0 152 3 359
