360
213 0 177 14 0
231 0 183 15 1
219 0 185 15 2
225 0 174 14 3
225 0 166 14 4
227 0 199 15 5
222 0 194 15 6
236 0 168 15 7
215 0 148 5 8
231 0 206 1 9
222 0 207 15 10
232 0 149 14 11
175 11 40 15 12
227 0 218 1 13
217 0 221 1 14
225 0 141 5 15
188 11 35 1 16
223 0 234 1 17
214 0 236 1 18
210 11 35 1 19
192 11 30 1 20
195 11 327 3 21
177 11 327 3 22
214 11 30 1 23
196 11 24 1 24
199 11 332 4 25
182 11 332 3 26
218 11 24 1 27
200 11 19 1 28
204 11 338 4 29
186 11 338 3 30
221 11 19 1 31
202 0 178 14 32
241 0 182 15 33
206 0 186 14 34
247 0 177 15 35
205 0 151 5 36
241 0 199 1 37
199 0 194 14 38
250 0 166 15 39
200 0 144 5 40
239 0 206 1 41
197 0 221 15 42
243 0 154 14 43
141 11 40 14 44
243 0 218 1 45
204 0 223 15 46
238 0 140 14 47
153 11 35 15 48
232 0 236 2 49
202 0 237 1 50
231 11 35 2 51
166 11 30 15 52
237 0 242 2 53
155 11 327 2 54
243 11 30 2 55
174 11 24 15 56
213 11 332 4 57
164 11 332 3 58
235 11 24 2 59
178 11 19 15 60
217 11 338 4 61
168 11 338 3 62
239 11 19 2 63
106 11 56 14 64
248 0 186 1 65
191 0 183 14 66
255 0 175 15 67
185 0 155 4 68
255 0 190 1 69
125 11 306 15 70
255 0 161 15 71
189 0 146 4 72
248 0 208 1 73
129 11 311 1 74
255 0 148 15 75
123 11 40 14 76
250 0 224 2 77
187 0 229 15 78
248 0 141 14 79
131 11 35 14 80
248 0 233 2 81
192 0 239 15 82
265 11 35 3 83
140 11 30 14 84
226 11 327 4 85
142 11 327 2 86
261 11 30 3 87
152 11 24 14 88
230 11 332 5 89
146 11 332 2 90
257 11 24 3 91
156 11 19 14 92
234 11 338 5 93
154 11 338 2 94
253 11 19 2 95
92 11 56 5 96
263 0 182 1 97
180 0 188 5 98
263 0 176 1 99
173 0 157 4 100
266 0 186 1 101
111 11 306 15 102
263 0 163 15 103
105 11 45 5 104
265 0 193 1 105
116 11 311 15 106
263 0 152 15 107
109 11 40 5 108
260 0 217 2 109
135 0 296 15 110
263 0 141 15 111
113 11 35 5 112
253 0 236 2 113
128 11 322 1 114
287 11 35 4 115
122 11 30 5 116
243 11 327 5 117
144 0 304 1 118
283 11 30 4 119
131 0 32 14 120
248 11 332 5 121
132 11 332 1 122
279 11 24 3 123
138 11 19 14 124
252 11 338 14 125
145 0 322 2 126
275 11 19 3 127
156 0 169 4 128
273 0 183 1 129
155 0 189 5 130
272 0 173 1 131
161 0 157 4 132
272 0 193 2 133
165 0 196 5 134
270 0 168 1 135
91 11 45 5 136
272 0 210 2 137
102 11 311 15 138
271 0 156 15 139
110 0 59 14 140
273 0 222 2 141
128 0 288 15 142
275 0 140 15 143
127 0 70 15 144
267 0 228 3 145
137 0 282 15 146
314 11 35 5 147
115 0 39 5 148
261 11 327 14 149
125 0 315 1 150
305 11 30 4 151
127 0 42 14 152
265 11 332 14 153
130 0 319 1 154
301 11 24 4 155
121 0 27 5 156
270 11 338 14 157
135 0 322 1 158
297 11 19 4 159
151 0 175 4 160
279 0 181 1 161
151 0 184 4 162
280 0 174 1 163
149 0 159 3 164
284 0 196 2 165
151 0 198 5 166
287 0 165 1 167
82 11 49 5 168
283 0 208 2 169
92 11 311 15 170
282 0 158 1 171
93 0 49 5 172
283 0 220 3 173
131 0 259 14 174
288 0 137 15 175
109 0 62 14 176
279 11 322 14 177
119 0 294 15 178
331 11 35 5 179
109 0 51 14 180
292 11 327 14 181
110 0 319 15 182
327 11 30 5 183
109 0 39 5 184
283 11 332 14 185
116 0 322 1 186
323 11 24 5 187
122 0 44 14 188
287 11 338 15 189
133 0 307 1 190
315 11 19 4 191
140 0 171 3 192
292 0 183 2 193
131 0 180 4 194
295 0 175 2 195
77 11 63 5 196
292 0 194 2 197
141 0 195 4 198
298 0 166 1 199
77 11 54 5 200
295 0 204 3 201
79 11 311 14 202
295 0 157 1 203
105 0 83 15 204
291 0 218 3 205
83 11 317 14 206
300 0 137 1 207
119 0 94 15 208
314 11 322 15 209
105 0 298 15 210
341 11 35 14 211
101 0 57 14 212
309 11 327 15 213
117 0 289 15 214
331 0 49 14 215
94 0 33 5 216
305 11 332 15 217
126 0 285 15 218
323 0 51 14 219
100 0 28 5 220
301 11 338 15 221
114 0 317 15 222
324 0 38 5 223
131 0 173 3 224
308 0 180 2 225
120 0 180 3 226
309 0 171 2 227
71 11 71 5 228
304 0 190 2 229
130 0 196 4 230
307 0 162 2 231
71 11 62 5 232
304 0 199 3 233
119 0 215 4 234
310 0 151 1 235
114 0 115 1 236
306 0 209 3 237
71 11 315 14 238
310 0 137 1 239
114 0 102 15 240
336 11 322 1 241
120 0 252 5 242
343 0 54 14 243
96 0 64 14 244
331 11 327 1 245
107 0 281 14 246
336 0 56 14 247
114 0 78 15 248
327 11 332 1 249
108 0 295 15 250
328 0 63 14 251
112 0 63 14 252
323 11 338 1 253
100 0 321 15 254
329 0 52 14 255
112 0 172 3 256
320 0 183 3 257
109 0 180 3 258
319 0 170 2 259
111 0 150 2 260
326 0 199 3 261
117 0 198 4 262
320 0 160 2 263
109 0 136 1 264
318 0 207 3 265
113 0 208 4 266
315 0 147 1 267
108 0 124 1 268
325 0 214 4 269
113 0 228 5 270
323 0 139 1 271
79 0 66 5 272
328 0 252 5 273
114 0 243 5 274
333 0 101 15 275
78 0 53 5 276
328 0 264 14 277
93 0 284 14 278
341 0 66 15 279
77 0 42 4 280
349 11 332 2 281
94 0 298 14 282
332 0 80 15 283
94 0 54 5 284
345 11 338 2 285
107 0 291 14 286
333 0 66 14 287
101 0 173 2 288
333 0 186 3 289
99 0 190 3 290
330 0 169 3 291
105 0 160 2 292
334 0 195 4 293
106 0 198 3 294
337 0 159 2 295
61 11 75 5 296
337 0 211 4 297
104 0 208 4 298
335 0 144 2 299
61 11 65 5 300
335 0 220 4 301
99 0 233 4 302
338 0 133 2 303
91 0 102 15 304
335 0 234 5 305
99 0 246 5 306
337 0 117 1 307
91 0 90 14 308
334 0 248 5 309
61 11 321 14 310
337 0 104 1 311
90 0 76 14 312
363 11 332 2 313
96 0 276 5 314
346 0 75 15 315
86 0 62 5 316
359 11 338 2 317
100 0 280 14 318
346 0 63 15 319
91 0 174 2 320
340 0 183 3 321
95 0 187 3 322
341 0 171 3 323
89 0 161 2 324
344 0 195 4 325
90 0 203 3 326
348 0 157 3 327
89 0 147 1 328
347 0 208 4 329
93 0 212 3 330
348 0 146 2 331
88 0 132 1 332
346 0 220 5 333
93 0 225 4 334
348 0 137 2 335
83 0 110 15 336
346 0 239 5 337
89 0 238 4 338
349 0 121 2 339
82 0 96 14 340
352 0 258 14 341
89 0 251 4 342
349 0 107 1 343
82 0 84 14 344
346 0 259 14 345
90 0 267 5 346
350 0 92 1 347
81 0 70 5 348
346 0 271 14 349
94 0 271 5 350
351 0 79 15 351
81 0 175 2 352
353 0 185 4 353
84 0 187 2 354
353 0 170 3 355
81 0 162 1 356
356 0 197 4 357
84 0 199 3 358
361 0 155 3 359
