360
50 0 -21 1 0
50 0 -6 1 1
51 0 5 1 2
52 0 19 1 3
53 0 33 1 4
55 0 45 1 5
56 0 58 1 6
57 0 69 1 7
57 0 83 1 8
58 0 99 1 9
60 0 114 1 10
61 0 -21 1 11
61 0 124 1 12
62 0 137 1 13
62 0 149 1 14
64 0 163 1 15
64 0 177 1 16
70 0 219 1 17
70 0 233 1 18
70 0 246 1 19
71 0 -21 1 20
71 0 -4 1 21
72 0 259 1 22
73 0 11 1 23
73 0 276 1 24
74 0 25 1 25
75 0 39 1 26
75 0 54 1 27
75 0 176 1 28
75 0 296 1 29
76 0 69 1 30
77 0 82 1 31
77 0 315 1 32
78 0 96 1 33
79 0 -21 1 34
79 0 -11 1 35
79 0 1 1 36
79 0 12 1 37
79 0 25 1 38
79 0 217 1 39
79 0 330 1 40
80 0 39 1 41
80 0 349 1 42
80 0 362 1 43
80 0 377 1 44
81 0 55 1 45
81 0 113 1 46
82 0 127 1 47
82 0 143 1 48
83 0 71 1 49
83 0 82 1 50
84 0 96 1 51
84 0 161 1 52
84 0 175 1 53
86 0 113 1 54
87 0 127 1 55
87 0 214 1 56
87 0 229 1 57
88 0 182 15 58
89 0 143 1 59
89 0 189 15 60
89 0 242 1 61
89 0 256 1 62
90 0 -22 1 63
90 0 160 1 64
90 0 201 15 65
90 0 373 1 66
91 0 208 15 67
91 0 275 1 68
92 0 291 1 69
93 0 174 1 70
93 0 309 1 71
95 0 325 1 72
96 0 214 1 73
96 0 228 1 74
96 0 341 1 75
97 0 242 1 76
97 0 257 1 77
97 0 355 1 78
98 0 194 15 79
98 0 370 1 80
99 0 -23 1 81
99 0 272 1 82
100 0 188 15 83
100 0 289 1 84
101 0 -6 1 85
101 0 8 1 86
101 0 26 1 87
102 0 42 1 88
102 0 171 1 89
102 0 308 1 90
102 0 323 1 91
102 0 340 1 92
105 0 58 1 93
105 0 69 1 94
105 0 82 1 95
105 0 97 1 96
105 0 113 1 97
105 0 354 1 98
106 0 208 1 99
106 0 368 1 100
107 0 124 1 101
107 0 177 15 102
109 0 140 1 103
109 0 157 1 104
110 0 199 15 105
111 0 170 1 106
113 0 207 1 107
114 0 220 1 108
114 0 234 1 109
115 0 250 1 110
115 0 364 1 111
116 0 267 1 112
117 0 177 15 113
117 0 289 1 114
118 0 306 1 115
119 0 320 1 116
120 0 337 1 117
121 0 198 15 118
121 0 350 1 119
123 0 363 1 120
127 0 175 15 121
134 0 195 15 122
136 0 171 15 123
142 0 167 15 124
144 0 193 15 125
150 0 155 15 126
150 0 192 15 127
152 0 164 15 128
152 0 175 15 129
152 0 184 15 130
153 0 199 15 131
161 0 153 15 132
168 0 195 15 133
173 0 152 15 134
185 0 191 15 135
186 0 149 15 136
188 0 236 15 137
193 0 142 15 138
196 0 182 1 139
197 0 230 15 140
197 0 244 15 141
201 0 191 1 142
202 0 139 15 143
206 0 180 1 144
206 0 241 15 145
209 0 224 15 146
212 0 141 15 147
214 0 186 1 148
216 0 178 1 149
219 0 238 15 150
220 0 145 15 151
223 0 221 15 152
226 0 185 1 153
226 0 235 15 154
229 0 142 15 155
229 0 174 1 156
232 0 215 15 157
233 0 191 15 158
233 0 200 15 159
233 0 206 15 160
233 0 239 15 161
239 0 168 15 162
239 0 182 1 163
239 0 204 15 164
241 0 240 15 165
242 0 148 15 166
243 0 141 15 167
244 0 203 15 168
248 0 200 15 169
249 0 171 15 170
249 0 180 1 171
250 0 239 15 172
251 0 156 15 173
251 0 216 15 174
252 0 143 15 175
252 0 186 15 176
252 0 207 15 177
252 0 233 15 178
255 0 227 15 179
258 0 178 15 180
263 0 175 15 181
263 0 184 15 182
264 0 146 15 183
264 0 160 15 184
264 0 169 15 185
264 0 214 15 186
267 0 224 15 187
268 0 142 15 188
268 0 153 15 189
268 0 180 4 190
269 0 163 15 191
269 0 176 4 192
271 0 171 4 193
273 0 181 4 194
274 0 159 15 195
274 0 177 4 196
275 0 172 4 197
275 0 190 15 198
275 0 210 15 199
277 0 182 4 200
277 0 222 15 201
279 0 178 4 202
280 0 174 4 203
281 0 140 15 204
283 0 163 15 205
286 0 207 15 206
286 0 220 15 207
287 0 195 15 208
291 0 215 15 209
293 0 167 15 210
293 0 182 15 211
293 0 191 15 212
295 0 136 15 213
297 0 200 15 214
298 0 162 1 215
298 0 175 15 216
303 0 169 15 217
304 0 191 15 218
305 0 184 15 219
306 0 136 15 220
307 0 199 15 221
309 0 161 1 222
311 0 177 15 223
313 0 167 1 224
314 0 144 15 225
315 0 136 15 226
315 0 151 15 227
320 0 205 15 228
322 0 166 1 229
323 0 157 1 230
323 0 181 15 231
329 0 139 15 232
332 0 164 1 233
332 0 208 15 234
334 0 200 15 235
337 0 186 15 236
338 0 193 15 237
338 0 251 1 238
338 0 266 1 239
338 0 279 1 240
340 0 219 1 241
340 0 235 1 242
341 0 138 15 243
341 0 182 1 244
342 0 167 1 245
344 0 155 1 246
344 0 212 15 247
345 0 62 1 248
345 0 95 1 249
345 0 110 1 250
346 0 47 1 251
346 0 80 1 252
346 0 128 1 253
347 0 10 1 254
347 0 32 1 255
347 0 193 15 256
348 0 21 1 257
349 0 -4 1 258
350 0 243 1 259
350 0 261 1 260
350 0 273 1 261
351 0 220 1 262
352 0 208 15 263
354 0 135 15 264
354 0 142 15 265
354 0 166 1 266
354 0 185 1 267
355 0 153 1 268
355 0 200 15 269
357 0 100 1 270
357 0 117 1 271
357 0 131 1 272
358 0 83 1 273
359 0 69 1 274
359 0 197 15 275
359 0 215 15 276
360 0 54 1 277
361 0 10 1 278
361 0 27 1 279
361 0 41 1 280
361 0 257 1 281
361 0 269 1 282
362 0 -2 1 283
362 0 240 1 284
363 0 222 1 285
365 0 206 15 286
366 0 188 1 287
367 0 127 1 288
368 0 106 1 289
368 0 149 1 290
368 0 167 1 291
369 0 88 1 292
370 0 57 1 293
370 0 71 1 294
372 0 27 1 295
372 0 42 1 296
373 0 10 1 297
374 0 -3 1 298
30 20 -37 4 299
38 20 -37 4 300
45 20 -37 4 301
53 20 -37 4 302
60 20 -37 4 303
67 20 -37 4 304
75 20 -37 4 305
82 20 -37 4 306
90 20 -37 4 307
97 20 -37 4 308
105 20 -37 4 309
112 20 -37 4 310
120 20 -37 4 311
127 20 -37 4 312
135 20 -37 4 313
142 20 -37 4 314
149 20 -37 4 315
157 20 -37 4 316
164 20 -37 4 317
172 20 -37 4 318
179 20 -37 4 319
187 20 -37 4 320
194 20 -37 4 321
202 20 -37 4 322
209 20 -37 4 323
216 20 -37 4 324
223 20 -37 4 325
230 20 -37 4 326
238 20 -37 4 327
245 20 -37 4 328
253 20 -37 4 329
260 20 -37 4 330
268 20 -37 4 331
275 20 -37 4 332
282 20 -37 4 333
290 20 -37 4 334
297 20 -37 4 335
305 20 -37 4 336
312 20 -37 4 337
320 20 -37 4 338
327 20 -37 4 339
335 20 -37 4 340
342 20 -37 4 341
349 20 -37 4 342
357 20 -37 4 343
364 20 -37 4 344
372 20 -37 4 345
379 20 -37 4 346
387 20 -37 4 347
394 20 -37 4 348
394 20 -29 4 349
394 20 -22 4 350
394 20 -14 4 351
394 20 -7 4 352
394 20 1 4 353
394 20 8 4 354
394 20 15 4 355
394 20 23 4 356
394 20 30 4 357
394 20 38 4 358
394 20 45 4 359
