360
212 0 178 14 0
233 0 182 15 1
220 0 185 15 2
225 0 174 14 3
231 0 168 14 4
228 0 199 15 5
226 0 192 15 6
242 0 170 15 7
215 0 146 5 8
233 0 204 1 9
226 0 206 15 10
236 0 149 14 11
155 17 -10 5 12
227 0 216 1 13
219 0 221 1 14
225 0 142 5 15
174 17 -12 14 16
222 0 234 1 17
214 0 237 1 18
201 17 -12 15 19
180 17 -14 14 20
179 17 369 4 21
158 17 369 4 22
208 17 -14 15 23
187 17 -16 14 24
185 17 371 4 25
165 17 371 4 26
214 17 -16 15 27
193 17 -18 14 28
192 17 372 5 29
171 17 372 4 30
220 17 -18 15 31
202 0 180 14 32
243 0 180 15 33
208 0 186 14 34
251 0 178 15 35
207 0 145 5 36
243 0 199 1 37
197 0 192 14 38
256 0 168 15 39
198 0 141 4 40
239 0 204 1 41
194 0 227 15 42
245 0 156 14 43
109 17 -10 4 44
245 0 216 1 45
204 0 223 15 46
238 0 141 14 47
128 17 -12 4 48
230 0 238 2 49
202 0 239 1 50
227 17 -12 15 51
147 17 -14 5 52
237 0 240 2 53
131 17 369 3 54
246 17 -14 1 55
160 17 -16 5 56
200 17 371 5 57
144 17 371 3 58
234 17 -16 1 59
166 17 -18 5 60
206 17 372 5 61
150 17 372 3 62
240 17 -18 1 63
63 17 -5 2 64
248 0 186 1 65
191 0 182 14 66
257 0 175 15 67
183 0 151 4 68
257 0 186 1 69
91 17 362 1 70
258 0 161 15 71
189 0 144 4 72
248 0 207 1 73
98 17 364 1 74
258 0 147 15 75
88 17 -10 3 76
250 0 226 2 77
185 0 233 15 78
248 0 143 14 79
101 17 -12 3 80
248 0 233 2 81
192 0 242 1 82
273 17 -12 2 83
113 17 -14 4 84
214 17 369 5 85
117 17 369 2 86
267 17 -14 2 87
132 17 -16 4 88
220 17 371 14 89
123 17 371 2 90
261 17 -16 1 91
139 17 -18 4 92
226 17 372 14 93
136 17 372 3 94
254 17 -18 1 95
48 17 -5 2 96
263 0 180 1 97
180 0 190 5 98
264 0 176 1 99
170 0 154 4 100
268 0 180 1 101
77 17 362 1 102
264 0 163 15 103
67 17 -9 2 104
267 0 185 1 105
83 17 364 1 106
263 0 153 15 107
74 17 -10 3 108
260 0 215 2 109
112 0 334 1 110
263 0 142 15 111
80 17 -12 3 112
248 0 238 2 113
102 17 367 2 114
301 17 -12 3 115
93 17 -14 3 116
234 17 369 14 117
126 0 334 1 118
294 17 -14 3 119
107 0 -4 4 120
241 17 371 14 121
109 17 371 2 122
288 17 -16 2 123
118 17 -18 4 124
247 17 372 15 125
127 0 349 2 126
282 17 -18 2 127
150 0 166 4 128
273 0 182 1 129
149 0 191 4 130
271 0 173 1 131
158 0 155 4 132
271 0 191 1 133
164 0 195 5 134
268 0 170 1 135
53 17 -9 2 136
271 0 210 2 137
69 17 364 15 138
270 0 158 15 139
81 0 18 4 140
273 0 222 2 141
108 0 322 15 142
276 0 140 15 143
107 0 41 5 144
264 0 225 2 145
122 0 307 15 146
334 17 -12 4 147
88 0 0 3 148
255 17 369 15 149
104 0 351 1 150
321 17 -14 3 151
107 0 11 4 152
261 17 371 15 153
111 0 351 1 154
315 17 -16 3 155
98 0 -5 3 156
268 17 372 15 157
119 0 349 2 158
309 17 -18 3 159
149 0 175 4 160
276 0 180 1 161
149 0 184 4 162
277 0 174 1 163
147 0 157 3 164
283 0 195 2 165
149 0 198 5 166
288 0 167 1 167
45 17 -2 2 168
282 0 207 2 169
61 17 364 15 170
280 0 162 1 171
62 0 3 3 172
282 0 220 3 173
119 0 279 14 174
290 0 137 15 175
86 0 29 4 176
276 17 367 15 177
101 0 325 15 178
355 17 -12 5 179
86 0 18 4 180
295 17 369 1 181
87 0 357 1 182
349 17 -14 4 183
86 0 6 3 184
282 17 371 1 185
96 0 355 1 186
342 17 -16 4 187
105 0 21 5 188
288 17 372 1 189
121 0 327 1 190
330 17 -18 4 191
138 0 169 3 192
290 0 182 2 193
125 0 177 3 194
294 0 175 2 195
43 17 12 2 196
290 0 192 2 197
140 0 193 4 198
298 0 168 2 199
43 17 4 2 200
293 0 201 2 201
46 17 364 15 202
294 0 161 1 203
85 0 54 5 204
288 0 216 3 205
53 17 365 15 206
301 0 137 1 207
107 0 78 14 208
322 17 367 2 209
85 0 331 15 210
363 17 -12 5 211
80 0 27 4 212
316 17 369 2 213
104 0 311 15 214
349 0 16 5 215
69 0 -2 3 216
309 17 371 1 217
118 0 298 15 218
336 0 24 5 219
78 0 -4 3 220
303 17 372 1 221
100 0 342 1 222
337 0 11 5 223
131 0 172 3 224
307 0 179 2 225
115 0 179 3 226
309 0 169 2 227
41 17 25 3 228
302 0 186 2 229
130 0 195 4 230
305 0 162 2 231
41 17 17 2 232
301 0 193 2 233
113 0 218 4 234
310 0 151 1 235
105 0 104 15 236
304 0 202 3 237
41 17 362 15 238
310 0 137 1 239
105 0 89 15 240
349 17 367 3 241
114 0 262 14 242
361 0 17 14 243
79 0 39 4 244
343 17 369 2 245
95 0 299 14 246
349 0 26 14 247
105 0 65 14 248
336 17 371 2 249
96 0 315 15 250
338 0 43 14 251
102 0 50 5 252
330 17 372 2 253
84 0 348 15 254
338 0 32 5 255
108 0 171 2 256
319 0 181 3 257
105 0 179 3 258
318 0 168 2 259
107 0 144 2 260
328 0 199 4 261
117 0 198 4 262
319 0 158 2 263
105 0 128 1 264
316 0 205 3 265
110 0 207 4 266
311 0 145 1 267
103 0 117 1 268
327 0 210 4 269
111 0 232 5 270
324 0 139 1 271
58 0 35 3 272
332 0 261 14 273
112 0 247 5 274
339 0 87 15 275
57 0 22 3 276
332 0 274 14 277
79 0 304 14 278
351 0 40 14 279
56 0 11 3 280
364 17 371 3 281
81 0 319 14 282
338 0 68 15 283
81 0 35 4 284
357 17 372 3 285
101 0 302 14 286
339 0 54 14 287
99 0 172 2 288
333 0 186 3 289
95 0 192 3 290
328 0 166 2 291
105 0 158 2 292
334 0 193 4 293
106 0 198 3 294
339 0 157 2 295
38 17 36 3 296
339 0 211 4 297
102 0 208 4 298
336 0 140 2 299
38 17 28 3 300
335 0 219 4 301
95 0 239 4 302
340 0 130 2 303
83 0 89 14 304
335 0 234 5 305
95 0 253 5 306
339 0 113 1 307
83 0 78 14 308
334 0 250 5 309
38 17 360 14 310
339 0 98 1 311
81 0 63 5 312
378 17 371 4 313
90 0 286 14 314
352 0 62 15 315
76 0 47 4 316
372 17 372 4 317
97 0 286 14 318
353 0 49 14 319
89 0 174 2 320
338 0 182 3 321
95 0 187 3 322
339 0 169 3 323
87 0 161 1 324
343 0 193 4 325
88 0 206 3 326
350 0 155 3 327
86 0 145 1 328
347 0 208 4 329
92 0 213 3 330
349 0 144 2 331
84 0 129 15 332
346 0 220 5 333
92 0 227 4 334
349 0 136 2 335
77 0 101 14 336
346 0 241 5 337
86 0 240 4 338
351 0 119 2 339
76 0 87 14 340
355 0 265 15 341
86 0 254 4 342
351 0 103 1 343
75 0 74 5 344
346 0 260 14 345
88 0 272 5 346
352 0 86 1 347
74 0 60 5 348
346 0 272 14 349
94 0 271 5 350
353 0 73 15 351
80 0 175 2 352
351 0 185 4 353
84 0 188 2 354
351 0 168 3 355
80 0 162 1 356
355 0 197 4 357
85 0 200 3 358
363 0 151 3 359
