360
212 0 178 14 0
233 0 182 15 1
220 0 185 15 2
225 0 174 14 3
231 0 168 14 4
228 0 199 15 5
226 0 192 15 6
241 0 170 15 7
215 0 146 5 8
233 0 204 1 9
226 0 206 15 10
236 0 149 14 11
156 16 -8 5 12
227 0 216 1 13
219 0 221 1 14
225 0 142 5 15
175 16 -10 14 16
222 0 234 1 17
214 0 237 1 18
202 16 -10 15 19
181 16 -12 14 20
180 16 367 4 21
159 16 367 3 22
208 16 -12 15 23
187 16 -14 14 24
186 16 369 4 25
165 16 369 4 26
214 16 -14 15 27
193 16 -16 14 28
192 16 371 5 29
172 16 371 4 30
220 16 -16 15 31
202 0 180 14 32
243 0 180 15 33
208 0 186 14 34
251 0 178 15 35
207 0 145 5 36
243 0 199 1 37
197 0 192 14 38
256 0 168 15 39
198 0 141 4 40
239 0 204 1 41
194 0 226 15 42
245 0 156 14 43
110 16 -8 4 44
245 0 216 1 45
204 0 223 15 46
238 0 141 14 47
129 16 -10 4 48
230 0 238 2 49
202 0 239 1 50
227 16 -10 1 51
148 16 -12 5 52
237 0 240 2 53
132 16 367 3 54
246 16 -12 1 55
160 16 -14 5 56
200 16 369 5 57
145 16 369 3 58
234 16 -14 1 59
166 16 -16 5 60
207 16 371 5 61
151 16 371 3 62
240 16 -16 1 63
64 16 -3 2 64
248 0 186 1 65
191 0 182 14 66
257 0 175 15 67
183 0 152 4 68
257 0 186 1 69
93 16 360 1 70
258 0 161 15 71
189 0 144 4 72
248 0 207 1 73
99 16 362 1 74
258 0 147 15 75
89 16 -8 3 76
250 0 226 2 77
185 0 233 15 78
248 0 143 14 79
102 16 -10 3 80
248 0 233 2 81
192 0 242 1 82
273 16 -10 2 83
114 16 -12 4 84
215 16 367 5 85
118 16 367 2 86
267 16 -12 2 87
133 16 -14 4 88
220 16 369 14 89
124 16 369 2 90
261 16 -14 1 91
139 16 -16 4 92
226 16 371 14 93
136 16 371 3 94
254 16 -16 1 95
50 16 -3 2 96
263 0 180 1 97
180 0 190 5 98
264 0 176 1 99
170 0 154 4 100
268 0 180 1 101
78 16 360 1 102
264 0 163 15 103
69 16 -7 2 104
267 0 185 1 105
85 16 362 1 106
263 0 153 15 107
75 16 -8 3 108
260 0 215 2 109
113 0 332 1 110
263 0 142 15 111
81 16 -10 3 112
248 0 238 2 113
103 16 365 2 114
300 16 -10 3 115
94 16 -12 3 116
235 16 367 14 117
126 0 333 1 118
294 16 -12 3 119
108 0 -2 4 120
241 16 369 14 121
110 16 369 2 122
288 16 -14 2 123
119 16 -16 4 124
247 16 371 14 125
128 0 348 2 126
281 16 -16 2 127
151 0 166 4 128
273 0 182 1 129
149 0 191 4 130
271 0 173 1 131
158 0 155 4 132
271 0 191 1 133
164 0 195 5 134
268 0 170 1 135
54 16 -7 2 136
271 0 210 2 137
70 16 362 15 138
270 0 158 15 139
83 0 19 4 140
273 0 222 2 141
109 0 321 15 142
276 0 140 15 143
108 0 43 5 144
264 0 225 2 145
123 0 306 15 146
333 16 -10 4 147
89 0 1 3 148
255 16 367 15 149
105 0 350 1 150
321 16 -12 3 151
108 0 12 4 152
261 16 369 15 153
112 0 350 1 154
315 16 -14 3 155
98 0 -4 4 156
268 16 371 15 157
119 0 348 2 158
308 16 -16 3 159
149 0 175 4 160
276 0 180 1 161
149 0 184 4 162
277 0 174 1 163
147 0 157 3 164
283 0 195 2 165
149 0 198 5 166
288 0 167 1 167
46 16 0 2 168
282 0 207 2 169
62 16 362 15 170
280 0 161 1 171
63 0 5 3 172
282 0 220 3 173
119 0 278 14 174
290 0 137 15 175
87 0 31 4 176
276 16 365 15 177
102 0 323 15 178
354 16 -10 5 179
87 0 20 4 180
295 16 367 1 181
88 0 356 1 182
348 16 -12 4 183
87 0 8 4 184
282 16 369 1 185
97 0 354 1 186
341 16 -14 4 187
106 0 22 5 188
288 16 371 1 189
122 0 326 1 190
329 16 -16 4 191
138 0 169 3 192
290 0 182 2 193
126 0 177 3 194
294 0 175 2 195
44 16 14 2 196
290 0 192 2 197
140 0 193 4 198
298 0 168 2 199
44 16 6 2 200
293 0 201 2 201
47 16 362 15 202
294 0 161 1 203
86 0 55 5 204
288 0 216 3 205
54 16 363 15 206
301 0 137 1 207
107 0 79 14 208
322 16 365 2 209
86 0 330 15 210
362 16 -10 5 211
80 0 28 4 212
315 16 367 2 213
105 0 310 15 214
348 0 17 5 215
70 0 -1 3 216
309 16 369 1 217
118 0 298 15 218
335 0 25 5 219
79 0 -3 3 220
303 16 371 1 221
101 0 341 1 222
337 0 12 5 223
131 0 172 3 224
307 0 179 2 225
115 0 179 3 226
309 0 169 2 227
42 16 27 3 228
302 0 186 2 229
130 0 195 4 230
305 0 162 2 231
42 16 18 2 232
301 0 194 2 233
113 0 218 4 234
310 0 151 1 235
105 0 104 15 236
304 0 202 3 237
42 16 360 14 238
310 0 137 1 239
105 0 90 15 240
349 16 365 3 241
115 0 261 14 242
360 0 18 14 243
79 0 40 4 244
342 16 367 2 245
95 0 298 14 246
349 0 27 14 247
105 0 66 14 248
336 16 369 2 249
97 0 314 15 250
337 0 44 14 251
103 0 50 5 252
330 16 371 2 253
84 0 347 15 254
338 0 33 5 255
108 0 171 2 256
319 0 181 3 257
105 0 179 3 258
318 0 168 2 259
107 0 144 2 260
328 0 199 4 261
117 0 198 4 262
319 0 158 2 263
105 0 129 1 264
316 0 205 3 265
110 0 207 4 266
311 0 145 1 267
103 0 117 1 268
327 0 210 4 269
111 0 232 5 270
324 0 139 1 271
59 0 37 4 272
332 0 260 14 273
112 0 247 5 274
338 0 88 15 275
58 0 23 3 276
332 0 273 14 277
80 0 303 14 278
351 0 41 14 279
57 0 12 3 280
363 16 369 3 281
82 0 318 14 282
337 0 69 15 283
82 0 36 4 284
357 16 371 3 285
101 0 301 14 286
338 0 54 14 287
99 0 172 2 288
333 0 186 3 289
96 0 192 3 290
328 0 166 2 291
105 0 158 2 292
334 0 193 4 293
106 0 198 3 294
339 0 157 2 295
38 16 37 3 296
339 0 211 4 297
102 0 208 4 298
336 0 140 2 299
38 16 29 3 300
335 0 219 4 301
95 0 238 4 302
340 0 130 2 303
83 0 90 14 304
335 0 234 5 305
95 0 253 5 306
339 0 113 1 307
83 0 78 14 308
334 0 250 5 309
38 16 358 14 310
339 0 99 1 311
81 0 63 5 312
377 16 369 4 313
91 0 285 14 314
352 0 62 15 315
76 0 48 4 316
371 16 371 3 317
97 0 285 14 318
353 0 49 14 319
89 0 174 2 320
338 0 182 3 321
95 0 187 3 322
339 0 169 3 323
87 0 161 1 324
343 0 193 4 325
88 0 206 3 326
350 0 155 3 327
86 0 145 1 328
347 0 208 4 329
92 0 213 3 330
349 0 144 2 331
84 0 129 15 332
346 0 220 5 333
92 0 227 4 334
349 0 136 2 335
77 0 101 14 336
346 0 241 5 337
86 0 240 4 338
351 0 119 2 339
76 0 88 14 340
355 0 265 15 341
86 0 254 4 342
351 0 103 1 343
75 0 75 5 344
346 0 260 14 345
88 0 272 5 346
352 0 87 1 347
74 0 60 5 348
346 0 272 14 349
94 0 271 5 350
353 0 73 15 351
80 0 175 2 352
351 0 185 4 353
84 0 188 2 354
351 0 168 3 355
80 0 162 1 356
355 0 197 4 357
85 0 200 3 358
363 0 152 3 359
