360
212 0 178 14 0
233 0 182 15 1
221 0 185 15 2
225 0 174 14 3
232 0 168 14 4
228 0 199 15 5
227 0 191 15 6
242 0 170 15 7
215 0 146 5 8
233 0 204 1 9
227 0 206 15 10
236 0 149 14 11
153 17 -17 5 12
227 0 215 1 13
219 0 221 1 14
225 0 142 5 15
172 17 -18 5 16
222 0 234 1 17
214 0 237 1 18
200 17 -18 14 19
179 17 -19 14 20
177 17 374 4 21
156 17 374 4 22
207 17 -19 15 23
186 17 -21 14 24
184 17 375 5 25
163 17 375 4 26
213 17 -21 15 27
192 17 -22 14 28
190 17 377 5 29
169 17 377 4 30
220 17 -22 15 31
202 0 180 14 32
244 0 180 15 33
209 0 186 14 34
252 0 178 15 35
207 0 144 5 36
243 0 199 1 37
197 0 191 14 38
257 0 169 15 39
198 0 141 4 40
239 0 203 1 41
194 0 227 15 42
245 0 156 14 43
105 17 -17 3 44
245 0 216 1 45
204 0 223 15 46
238 0 141 14 47
125 17 -18 4 48
230 0 238 2 49
202 0 240 1 50
227 17 -18 15 51
145 17 -19 5 52
237 0 240 2 53
128 17 374 3 54
247 17 -19 1 55
158 17 -21 5 56
198 17 375 5 57
141 17 375 3 58
234 17 -21 15 59
164 17 -22 5 60
205 17 377 5 61
148 17 377 3 62
240 17 -22 1 63
58 17 -12 2 64
248 0 186 1 65
191 0 182 14 66
257 0 175 15 67
183 0 151 4 68
257 0 185 1 69
87 17 368 1 70
258 0 161 15 71
189 0 143 4 72
248 0 207 1 73
94 17 370 1 74
258 0 147 15 75
84 17 -17 3 76
250 0 226 2 77
184 0 234 15 78
248 0 143 14 79
97 17 -18 3 80
248 0 233 2 81
192 0 242 1 82
274 17 -18 2 83
110 17 -19 3 84
213 17 374 5 85
114 17 374 2 86
268 17 -19 2 87
130 17 -21 4 88
220 17 375 14 89
120 17 375 2 90
261 17 -21 1 91
137 17 -22 4 92
225 17 377 14 93
134 17 377 3 94
255 17 -22 1 95
43 17 -12 1 96
263 0 180 1 97
180 0 190 5 98
264 0 176 1 99
170 0 154 4 100
269 0 180 1 101
73 17 368 1 102
264 0 163 15 103
63 17 -15 2 104
268 0 184 1 105
79 17 370 1 106
263 0 153 15 107
69 17 -17 2 108
260 0 214 2 109
109 0 338 1 110
263 0 142 15 111
76 17 -18 2 112
247 0 238 2 113
99 17 373 2 114
302 17 -18 3 115
89 17 -19 3 116
233 17 374 14 117
124 0 338 1 118
296 17 -19 2 119
104 0 -8 4 120
240 17 375 14 121
106 17 375 2 122
289 17 -21 2 123
116 17 -22 3 124
246 17 377 15 125
125 0 352 2 126
282 17 -22 2 127
150 0 166 4 128
273 0 182 1 129
148 0 191 4 130
271 0 173 1 131
158 0 155 4 132
271 0 190 1 133
164 0 195 5 134
267 0 170 1 135
48 17 -15 2 136
271 0 210 2 137
65 17 370 1 138
270 0 158 15 139
78 0 13 3 140
273 0 222 2 141
105 0 326 15 142
276 0 140 15 143
104 0 38 5 144
264 0 225 2 145
120 0 310 15 146
337 17 -18 4 147
85 0 -5 3 148
254 17 374 15 149
102 0 355 1 150
323 17 -19 3 151
104 0 7 4 152
261 17 375 15 153
109 0 355 1 154
317 17 -21 3 155
95 0 -9 3 156
267 17 377 15 157
117 0 353 2 158
310 17 -22 3 159
148 0 175 4 160
276 0 179 1 161
148 0 184 4 162
277 0 174 1 163
147 0 156 3 164
283 0 195 2 165
149 0 198 5 166
288 0 167 1 167
40 17 -9 1 168
282 0 207 2 169
57 17 370 15 170
279 0 162 1 171
58 0 -2 2 172
282 0 220 3 173
117 0 281 14 174
290 0 137 15 175
84 0 26 4 176
275 17 373 15 177
99 0 328 15 178
358 17 -18 4 179
84 0 14 4 180
295 17 374 1 181
85 0 362 1 182
351 17 -19 4 183
84 0 2 3 184
282 17 375 1 185
93 0 359 1 186
345 17 -21 4 187
103 0 18 4 188
289 17 377 1 189
120 0 329 1 190
331 17 -22 3 191
138 0 168 3 192
290 0 182 2 193
125 0 177 3 194
294 0 175 2 195
39 17 6 2 196
290 0 191 2 197
140 0 193 4 198
298 0 169 2 199
39 17 -2 2 200
293 0 201 2 201
42 17 370 15 202
294 0 161 1 203
83 0 51 5 204
288 0 215 3 205
49 17 371 15 206
301 0 137 1 207
105 0 76 14 208
323 17 373 2 209
83 0 335 15 210
366 17 -18 5 211
77 0 23 4 212
316 17 374 2 213
103 0 314 15 214
351 0 12 5 215
66 0 -6 2 216
310 17 375 2 217
117 0 300 15 218
337 0 21 5 219
75 0 -8 3 220
303 17 377 1 221
98 0 345 1 222
339 0 7 5 223
131 0 172 3 224
307 0 179 2 225
115 0 179 3 226
309 0 168 2 227
37 17 19 2 228
302 0 185 2 229
130 0 195 4 230
305 0 162 2 231
37 17 11 2 232
301 0 193 2 233
112 0 218 4 234
310 0 151 1 235
104 0 102 15 236
303 0 201 3 237
37 17 368 15 238
310 0 137 1 239
104 0 88 15 240
351 17 373 3 241
114 0 263 14 242
363 0 12 14 243
76 0 36 4 244
344 17 374 3 245
93 0 301 14 246
351 0 22 14 247
104 0 64 14 248
337 17 375 3 249
95 0 317 15 250
339 0 40 14 251
101 0 48 5 252
331 17 377 2 253
82 0 351 15 254
340 0 29 5 255
108 0 171 2 256
319 0 181 3 257
104 0 179 3 258
318 0 167 2 259
106 0 143 2 260
329 0 199 4 261
117 0 198 4 262
319 0 158 2 263
104 0 127 1 264
316 0 205 3 265
110 0 207 4 266
311 0 145 1 267
103 0 116 1 268
327 0 209 4 269
111 0 232 5 270
324 0 139 1 271
56 0 32 3 272
332 0 262 14 273
111 0 248 5 274
339 0 86 15 275
55 0 18 3 276
332 0 275 14 277
78 0 307 14 278
353 0 37 14 279
54 0 7 2 280
365 17 375 3 281
80 0 321 14 282
338 0 67 15 283
80 0 33 4 284
359 17 377 3 285
100 0 303 15 286
339 0 52 14 287
99 0 172 2 288
333 0 186 3 289
95 0 193 3 290
328 0 166 2 291
105 0 158 2 292
334 0 193 4 293
106 0 198 3 294
339 0 156 2 295
35 17 31 3 296
339 0 211 4 297
102 0 208 3 298
336 0 140 2 299
35 17 23 2 300
335 0 219 4 301
94 0 239 4 302
341 0 130 2 303
82 0 88 14 304
335 0 234 5 305
94 0 254 5 306
340 0 112 1 307
82 0 76 14 308
334 0 250 5 309
35 17 364 14 310
340 0 98 1 311
80 0 61 5 312
380 17 375 4 313
90 0 287 14 314
353 0 60 15 315
75 0 45 4 316
373 17 377 4 317
97 0 286 14 318
354 0 47 14 319
89 0 174 2 320
338 0 182 3 321
95 0 187 3 322
338 0 168 3 323
87 0 161 1 324
343 0 193 4 325
87 0 206 3 326
350 0 155 3 327
86 0 144 1 328
347 0 208 4 329
92 0 213 3 330
349 0 143 2 331
84 0 129 15 332
346 0 220 5 333
92 0 227 4 334
349 0 136 2 335
76 0 100 14 336
346 0 241 5 337
86 0 241 4 338
352 0 119 2 339
75 0 86 14 340
355 0 266 15 341
86 0 254 4 342
352 0 102 1 343
74 0 73 5 344
346 0 260 14 345
87 0 273 5 346
353 0 86 1 347
73 0 59 5 348
346 0 272 14 349
94 0 271 5 350
353 0 72 15 351
80 0 175 2 352
350 0 185 4 353
84 0 188 2 354
350 0 167 3 355
80 0 162 1 356
355 0 197 4 357
85 0 200 3 358
363 0 151 3 359
