360
212 0 178 14 0
234 0 182 15 1
221 0 185 15 2
225 0 174 14 3
233 0 168 14 4
228 0 199 15 5
228 0 191 15 6
243 0 171 15 7
215 0 146 5 8
234 0 204 1 9
228 0 206 1 10
237 0 149 14 11
149 18 -27 4 12
227 0 215 1 13
219 0 221 1 14
225 0 142 5 15
170 18 -27 5 16
222 0 234 1 17
214 0 237 1 18
198 18 -27 14 19
177 18 -28 5 20
174 18 382 4 21
152 18 382 4 22
205 18 -28 14 23
184 18 -29 5 24
181 18 383 5 25
159 18 383 4 26
212 18 -29 14 27
191 18 -29 14 28
188 18 384 5 29
166 18 384 4 30
220 18 -29 15 31
202 0 180 14 32
244 0 180 15 33
209 0 186 14 34
253 0 178 15 35
207 0 143 5 36
243 0 199 1 37
197 0 191 14 38
258 0 169 15 39
198 0 140 4 40
239 0 203 1 41
193 0 228 15 42
246 0 156 14 43
99 18 -27 3 44
246 0 216 1 45
204 0 223 15 46
238 0 141 14 47
120 18 -27 3 48
229 0 238 2 49
202 0 240 1 50
226 18 -27 15 51
141 18 -28 4 52
237 0 240 2 53
123 18 382 3 54
247 18 -28 1 55
155 18 -29 5 56
196 18 383 5 57
137 18 383 3 58
233 18 -29 15 59
162 18 -29 5 60
203 18 384 5 61
145 18 384 4 62
240 18 -29 15 63
49 18 -25 1 64
248 0 186 1 65
191 0 182 14 66
258 0 175 15 67
182 0 150 4 68
258 0 184 1 69
81 18 380 1 70
259 0 161 15 71
189 0 143 4 72
248 0 207 1 73
88 18 380 2 74
259 0 147 15 75
77 18 -27 2 76
250 0 226 2 77
184 0 235 15 78
248 0 143 14 79
91 18 -27 3 80
248 0 233 2 81
192 0 243 1 82
276 18 -27 2 83
105 18 -28 3 84
210 18 382 14 85
109 18 382 2 86
269 18 -28 1 87
126 18 -29 4 88
217 18 383 14 89
116 18 383 3 90
262 18 -29 1 91
133 18 -29 4 92
224 18 384 14 93
130 18 384 3 94
255 18 -29 1 95
34 18 -25 1 96
263 0 180 1 97
180 0 190 5 98
264 0 176 1 99
169 0 153 4 100
269 0 179 1 101
66 18 380 1 102
264 0 163 15 103
55 18 -26 1 104
268 0 182 1 105
73 18 380 1 106
263 0 153 15 107
62 18 -27 2 108
260 0 214 2 109
105 0 346 1 110
263 0 142 15 111
69 18 -27 2 112
246 0 238 2 113
94 18 382 2 114
305 18 -27 2 115
83 18 -28 2 116
231 18 382 14 117
120 0 344 1 118
298 18 -28 2 119
99 0 -15 3 120
238 18 383 15 121
101 18 383 2 122
291 18 -29 2 123
111 18 -29 3 124
245 18 384 15 125
122 0 357 2 126
284 18 -29 2 127
149 0 165 4 128
273 0 182 1 129
147 0 191 4 130
271 0 173 1 131
157 0 154 4 132
271 0 190 1 133
164 0 195 5 134
267 0 171 1 135
40 18 -26 1 136
271 0 210 2 137
58 18 380 1 138
270 0 159 15 139
72 0 4 3 140
273 0 222 2 141
101 0 333 1 142
276 0 140 15 143
100 0 32 5 144
263 0 224 2 145
117 0 315 15 146
341 18 -27 4 147
80 0 -13 3 148
253 18 382 15 149
98 0 363 1 150
327 18 -28 3 151
100 0 1 4 152
260 18 383 15 153
105 0 361 2 154
320 18 -29 3 155
90 0 -15 3 156
267 18 384 1 157
114 0 358 2 158
313 18 -29 3 159
148 0 175 4 160
275 0 179 1 161
148 0 184 4 162
276 0 174 1 163
146 0 156 3 164
283 0 195 2 165
149 0 198 5 166
288 0 167 1 167
33 18 -19 1 168
282 0 207 2 169
50 18 380 15 170
279 0 163 1 171
52 0 -12 2 172
282 0 220 3 173
115 0 285 14 174
290 0 137 15 175
79 0 19 4 176
275 18 382 1 177
95 0 335 15 178
362 18 -27 4 179
79 0 8 3 180
296 18 382 1 181
80 0 369 1 182
355 18 -28 4 183
79 0 -4 3 184
282 18 383 1 185
89 0 366 1 186
348 18 -29 4 187
100 0 13 4 188
289 18 384 1 189
118 0 333 1 190
334 18 -29 3 191
138 0 168 3 192
289 0 182 2 193
124 0 176 3 194
294 0 175 2 195
32 18 -4 1 196
289 0 191 2 197
140 0 193 4 198
298 0 169 2 199
32 18 -12 1 200
293 0 200 2 201
36 18 380 15 202
294 0 162 1 203
79 0 45 4 204
287 0 215 3 205
43 18 381 15 206
301 0 137 1 207
103 0 73 14 208
325 18 382 2 209
79 0 342 15 210
370 18 -27 5 211
73 0 17 3 212
318 18 382 2 213
100 0 318 15 214
354 0 5 5 215
61 0 -14 2 216
311 18 383 2 217
115 0 303 15 218
340 0 16 5 219
71 0 -14 2 220
304 18 384 2 221
95 0 350 1 222
342 0 2 5 223
131 0 172 3 224
307 0 178 2 225
114 0 178 3 226
309 0 168 2 227
31 18 10 2 228
301 0 184 2 229
130 0 195 4 230
305 0 162 2 231
31 18 2 2 232
300 0 192 2 233
111 0 219 4 234
310 0 151 1 235
102 0 100 15 236
303 0 200 3 237
31 18 378 15 238
310 0 137 1 239
102 0 85 15 240
353 18 382 3 241
113 0 265 14 242
366 0 5 5 243
73 0 30 4 244
346 18 382 3 245
91 0 305 14 246
354 0 16 5 247
102 0 61 14 248
339 18 383 3 249
93 0 321 15 250
341 0 36 14 251
99 0 45 5 252
332 18 384 3 253
79 0 356 1 254
342 0 25 5 255
107 0 171 2 256
319 0 181 3 257
103 0 178 3 258
318 0 167 2 259
105 0 142 1 260
329 0 199 4 261
117 0 198 4 262
319 0 158 2 263
103 0 126 1 264
316 0 205 3 265
109 0 207 4 266
310 0 145 1 267
102 0 115 15 268
327 0 208 4 269
110 0 233 5 270
324 0 139 1 271
51 0 25 3 272
333 0 264 14 273
111 0 249 5 274
340 0 83 15 275
51 0 12 2 276
333 0 277 14 277
75 0 311 14 278
355 0 32 14 279
50 0 1 2 280
368 18 383 4 281
77 0 325 14 282
339 0 65 15 283
77 0 29 4 284
361 18 384 4 285
99 0 305 15 286
340 0 50 14 287
98 0 172 2 288
333 0 186 3 289
94 0 193 3 290
328 0 165 2 291
105 0 158 2 292
334 0 193 4 293
106 0 198 3 294
339 0 156 2 295
30 18 23 2 296
339 0 211 4 297
102 0 208 3 298
336 0 139 2 299
30 18 15 2 300
335 0 219 4 301
93 0 240 4 302
341 0 129 2 303
80 0 85 14 304
335 0 234 5 305
93 0 255 5 306
340 0 111 1 307
80 0 74 5 308
334 0 250 5 309
30 18 372 14 310
340 0 97 1 311
78 0 58 5 312
383 18 383 4 313
89 0 289 14 314
354 0 57 15 315
73 0 42 4 316
376 18 384 4 317
96 0 287 14 318
355 0 44 14 319
89 0 174 2 320
337 0 182 3 321
95 0 187 3 322
338 0 168 3 323
86 0 161 1 324
343 0 193 4 325
87 0 207 3 326
350 0 154 3 327
85 0 144 1 328
347 0 208 4 329
92 0 213 3 330
349 0 143 2 331
83 0 128 15 332
346 0 220 5 333
92 0 227 4 334
349 0 136 2 335
75 0 98 14 336
346 0 242 5 337
85 0 241 4 338
352 0 118 2 339
74 0 84 14 340
356 0 267 15 341
85 0 255 4 342
352 0 101 1 343
73 0 71 5 344
346 0 260 14 345
87 0 274 5 346
353 0 85 1 347
72 0 57 5 348
346 0 272 14 349
94 0 271 5 350
354 0 71 15 351
80 0 175 2 352
350 0 185 4 353
84 0 188 2 354
350 0 167 3 355
80 0 162 1 356
355 0 197 4 357
85 0 200 3 358
363 0 150 3 359
