360
66 0 -21 1 0
66 0 -6 1 1
67 0 5 1 2
68 0 19 1 3
69 0 33 1 4
71 0 45 1 5
72 0 58 1 6
73 0 69 1 7
73 0 83 1 8
74 0 99 1 9
76 0 114 1 10
77 0 -21 1 11
77 0 124 1 12
78 0 137 1 13
78 0 149 1 14
80 0 163 1 15
80 0 177 1 16
86 0 219 1 17
86 0 233 1 18
86 0 246 1 19
87 0 -21 1 20
87 0 -4 1 21
88 0 259 1 22
89 0 11 1 23
89 0 276 1 24
90 0 25 1 25
91 0 39 1 26
91 0 54 1 27
91 0 176 1 28
91 0 296 1 29
92 0 69 1 30
93 0 82 1 31
93 0 315 1 32
94 0 96 1 33
95 0 -21 1 34
95 0 -11 1 35
95 0 1 1 36
95 0 12 1 37
95 0 25 1 38
95 0 217 1 39
95 0 330 1 40
96 0 39 1 41
96 0 349 1 42
96 0 362 1 43
96 0 377 1 44
97 0 55 1 45
97 0 113 1 46
98 0 127 1 47
98 0 143 1 48
99 0 71 1 49
99 0 82 1 50
100 0 96 1 51
100 0 161 1 52
100 0 175 1 53
102 0 113 1 54
103 0 127 1 55
103 0 214 1 56
103 0 229 1 57
104 0 182 15 58
105 0 143 1 59
105 0 189 15 60
105 0 242 1 61
105 0 256 1 62
106 0 -22 1 63
106 0 160 1 64
106 0 201 15 65
106 0 373 1 66
107 0 208 15 67
107 0 275 1 68
108 0 291 1 69
109 0 174 1 70
109 0 309 1 71
111 0 325 1 72
112 0 214 1 73
112 0 228 1 74
112 0 341 1 75
113 0 242 1 76
113 0 257 1 77
113 0 355 1 78
114 0 194 15 79
114 0 370 1 80
115 0 -23 1 81
115 0 272 1 82
116 0 188 15 83
116 0 289 1 84
117 0 -6 1 85
117 0 8 1 86
117 0 26 1 87
118 0 42 1 88
118 0 171 1 89
118 0 308 1 90
118 0 323 1 91
118 0 340 1 92
121 0 58 1 93
121 0 69 1 94
121 0 82 1 95
121 0 97 1 96
121 0 113 1 97
121 0 354 1 98
122 0 208 1 99
122 0 368 1 100
123 0 124 1 101
123 0 177 15 102
125 0 140 1 103
125 0 157 1 104
126 0 199 15 105
127 0 170 1 106
129 0 207 1 107
130 0 220 1 108
130 0 234 1 109
131 0 250 1 110
131 0 364 1 111
132 0 267 1 112
133 0 177 15 113
133 0 289 1 114
134 0 306 1 115
135 0 320 1 116
136 0 337 1 117
137 0 198 15 118
137 0 350 1 119
139 0 363 1 120
143 0 175 15 121
150 0 195 15 122
152 0 171 15 123
158 0 167 15 124
160 0 193 15 125
166 0 155 15 126
166 0 192 15 127
168 0 164 15 128
168 0 175 15 129
168 0 184 15 130
169 0 199 15 131
177 0 153 15 132
184 0 195 15 133
189 0 152 15 134
201 0 191 15 135
202 0 149 15 136
204 0 236 15 137
209 0 142 15 138
212 0 182 1 139
213 0 230 15 140
213 0 244 15 141
217 0 191 1 142
218 0 139 15 143
221 0 180 1 144
221 0 241 15 145
224 0 224 15 146
227 0 141 15 147
229 0 186 1 148
231 0 178 1 149
234 0 238 15 150
235 0 145 15 151
239 0 221 15 152
242 0 185 1 153
242 0 235 15 154
245 0 142 15 155
245 0 174 1 156
248 0 215 15 157
249 0 191 15 158
249 0 200 15 159
249 0 206 15 160
249 0 239 15 161
255 0 168 15 162
255 0 182 1 163
255 0 204 15 164
257 0 240 15 165
258 0 148 15 166
259 0 141 15 167
260 0 203 15 168
264 0 200 15 169
265 0 171 15 170
265 0 180 1 171
266 0 239 15 172
267 0 156 15 173
267 0 216 15 174
268 0 143 15 175
268 0 186 15 176
268 0 207 15 177
268 0 233 15 178
271 0 227 15 179
274 0 178 15 180
279 0 175 15 181
279 0 184 15 182
280 0 146 15 183
280 0 160 15 184
280 0 169 15 185
280 0 214 15 186
283 0 224 15 187
284 0 142 15 188
284 0 153 15 189
284 0 180 4 190
285 0 163 15 191
285 0 176 4 192
287 0 171 4 193
289 0 181 4 194
290 0 159 15 195
290 0 177 4 196
291 0 172 4 197
291 0 190 15 198
291 0 210 15 199
293 0 182 4 200
293 0 222 15 201
295 0 178 4 202
296 0 174 4 203
297 0 140 15 204
299 0 163 15 205
302 0 207 15 206
302 0 220 15 207
303 0 195 15 208
307 0 215 15 209
309 0 167 15 210
309 0 182 15 211
309 0 191 15 212
311 0 136 15 213
313 0 200 15 214
314 0 162 1 215
314 0 175 15 216
319 0 169 15 217
320 0 191 15 218
321 0 184 15 219
322 0 136 15 220
323 0 199 15 221
325 0 161 1 222
327 0 177 15 223
329 0 167 1 224
330 0 144 15 225
331 0 136 15 226
331 0 151 15 227
336 0 205 15 228
338 0 166 1 229
339 0 157 1 230
339 0 181 15 231
345 0 139 15 232
348 0 164 1 233
348 0 208 15 234
350 0 200 15 235
353 0 186 15 236
354 0 193 15 237
354 0 251 1 238
354 0 266 1 239
354 0 279 1 240
356 0 219 1 241
356 0 235 1 242
357 0 138 15 243
357 0 182 1 244
358 0 167 1 245
360 0 155 1 246
360 0 212 15 247
361 0 62 1 248
361 0 95 1 249
361 0 110 1 250
362 0 47 1 251
362 0 80 1 252
362 0 128 1 253
363 0 10 1 254
363 0 32 1 255
363 0 193 15 256
364 0 21 1 257
365 0 -4 1 258
366 0 243 1 259
366 0 261 1 260
366 0 273 1 261
367 0 220 1 262
368 0 208 15 263
370 0 135 15 264
370 0 142 15 265
370 0 166 1 266
370 0 185 1 267
371 0 153 1 268
371 0 200 15 269
373 0 100 1 270
373 0 117 1 271
373 0 131 1 272
374 0 83 1 273
375 0 69 1 274
375 0 197 15 275
375 0 215 15 276
376 0 54 1 277
377 0 10 1 278
377 0 27 1 279
377 0 41 1 280
377 0 257 1 281
377 0 269 1 282
378 0 -2 1 283
378 0 240 1 284
379 0 222 1 285
381 0 206 15 286
382 0 188 1 287
383 0 127 1 288
384 0 106 1 289
384 0 149 1 290
384 0 167 1 291
385 0 88 1 292
386 0 57 1 293
386 0 71 1 294
388 0 27 1 295
388 0 42 1 296
389 0 10 1 297
390 0 -3 1 298
46 20 -37 4 299
53 20 -37 4 300
61 20 -37 4 301
68 20 -37 4 302
76 20 -37 4 303
83 20 -37 4 304
90 20 -37 4 305
98 20 -37 4 306
105 20 -37 4 307
113 20 -37 4 308
120 20 -37 4 309
128 20 -37 4 310
135 20 -37 4 311
143 20 -37 4 312
150 20 -37 4 313
157 20 -37 4 314
165 20 -37 4 315
172 20 -37 4 316
180 20 -37 4 317
187 20 -37 4 318
195 20 -37 4 319
202 20 -37 4 320
210 20 -37 4 321
217 20 -37 4 322
224 20 -37 4 323
231 20 -37 4 324
238 20 -37 4 325
246 20 -37 4 326
253 20 -37 4 327
261 20 -37 4 328
268 20 -37 4 329
276 20 -37 4 330
283 20 -37 4 331
291 20 -37 4 332
298 20 -37 4 333
305 20 -37 4 334
313 20 -37 4 335
320 20 -37 4 336
328 20 -37 4 337
335 20 -37 4 338
343 20 -37 4 339
350 20 -37 4 340
358 20 -37 4 341
365 20 -37 4 342
372 20 -37 4 343
380 20 -37 4 344
387 20 -37 4 345
395 20 -37 4 346
402 20 -37 4 347
410 20 -37 4 348
410 20 -29 4 349
410 20 -22 4 350
410 20 -14 4 351
410 20 -7 4 352
410 20 1 4 353
410 20 8 4 354
410 20 15 4 355
410 20 23 4 356
410 20 30 4 357
410 20 38 4 358
410 20 45 4 359
