360
59 0 -21 1 0
59 0 -6 1 1
60 0 5 1 2
61 0 19 1 3
62 0 33 1 4
64 0 45 1 5
65 0 58 1 6
66 0 69 1 7
66 0 83 1 8
67 0 99 1 9
69 0 114 1 10
70 0 -21 1 11
70 0 124 1 12
71 0 137 1 13
71 0 149 1 14
73 0 163 1 15
73 0 177 1 16
79 0 219 1 17
79 0 233 1 18
79 0 246 1 19
80 0 -21 1 20
80 0 -4 1 21
81 0 259 1 22
82 0 11 1 23
82 0 276 1 24
83 0 25 1 25
84 0 39 1 26
84 0 54 1 27
84 0 176 1 28
84 0 296 1 29
85 0 69 1 30
86 0 82 1 31
86 0 315 1 32
87 0 96 1 33
88 0 -21 1 34
88 0 -11 1 35
88 0 1 1 36
88 0 12 1 37
88 0 25 1 38
88 0 217 1 39
88 0 330 1 40
89 0 39 1 41
89 0 349 1 42
89 0 362 1 43
89 0 377 1 44
90 0 55 1 45
90 0 113 1 46
91 0 127 1 47
91 0 143 1 48
92 0 71 1 49
92 0 82 1 50
93 0 96 1 51
93 0 161 1 52
93 0 175 1 53
95 0 113 1 54
96 0 127 1 55
96 0 214 1 56
96 0 229 1 57
97 0 182 15 58
98 0 143 1 59
98 0 189 15 60
98 0 242 1 61
98 0 256 1 62
99 0 -22 1 63
99 0 160 1 64
99 0 201 15 65
99 0 373 1 66
100 0 208 15 67
100 0 275 1 68
101 0 291 1 69
102 0 174 1 70
102 0 309 1 71
104 0 325 1 72
105 0 214 1 73
105 0 228 1 74
105 0 341 1 75
106 0 242 1 76
106 0 257 1 77
106 0 355 1 78
107 0 194 15 79
107 0 370 1 80
108 0 -23 1 81
108 0 272 1 82
109 0 188 15 83
109 0 289 1 84
110 0 -6 1 85
110 0 8 1 86
110 0 26 1 87
111 0 42 1 88
111 0 171 1 89
111 0 308 1 90
111 0 323 1 91
111 0 340 1 92
114 0 58 1 93
114 0 69 1 94
114 0 82 1 95
114 0 97 1 96
114 0 113 1 97
114 0 354 1 98
115 0 208 1 99
115 0 368 1 100
116 0 124 1 101
116 0 177 15 102
118 0 140 1 103
118 0 157 1 104
119 0 199 15 105
120 0 170 1 106
122 0 207 1 107
123 0 220 1 108
123 0 234 1 109
124 0 250 1 110
124 0 364 1 111
125 0 267 1 112
126 0 177 15 113
126 0 289 1 114
127 0 306 1 115
128 0 320 1 116
129 0 337 1 117
130 0 198 15 118
130 0 350 1 119
132 0 363 1 120
136 0 175 15 121
143 0 195 15 122
145 0 171 15 123
151 0 167 15 124
153 0 193 15 125
159 0 155 15 126
159 0 192 15 127
161 0 164 15 128
161 0 175 15 129
161 0 184 15 130
162 0 199 15 131
170 0 153 15 132
177 0 195 15 133
182 0 152 15 134
194 0 191 15 135
195 0 149 15 136
197 0 236 15 137
202 0 142 15 138
205 0 182 1 139
206 0 230 15 140
206 0 244 15 141
210 0 191 1 142
211 0 139 15 143
215 0 180 1 144
215 0 241 15 145
218 0 224 15 146
220 0 141 15 147
222 0 186 1 148
224 0 178 1 149
227 0 238 15 150
228 0 145 15 151
232 0 221 15 152
235 0 185 1 153
235 0 235 15 154
238 0 142 15 155
238 0 174 1 156
241 0 215 15 157
242 0 191 15 158
242 0 200 15 159
242 0 206 15 160
242 0 239 15 161
248 0 168 15 162
248 0 182 1 163
248 0 204 15 164
250 0 240 15 165
251 0 148 15 166
252 0 141 15 167
253 0 203 15 168
257 0 200 15 169
258 0 171 15 170
258 0 180 1 171
259 0 239 15 172
260 0 156 15 173
260 0 216 15 174
261 0 143 15 175
261 0 186 15 176
261 0 207 15 177
261 0 233 15 178
264 0 227 15 179
267 0 178 15 180
272 0 175 15 181
272 0 184 15 182
273 0 146 15 183
273 0 160 15 184
273 0 169 15 185
273 0 214 15 186
276 0 224 15 187
277 0 142 15 188
277 0 153 15 189
277 0 180 4 190
278 0 163 15 191
278 0 176 4 192
280 0 171 4 193
282 0 181 4 194
283 0 159 15 195
283 0 177 4 196
284 0 172 4 197
284 0 190 15 198
284 0 210 15 199
286 0 182 4 200
286 0 222 15 201
288 0 178 4 202
289 0 174 4 203
290 0 140 15 204
292 0 163 15 205
295 0 207 15 206
295 0 220 15 207
296 0 195 15 208
300 0 215 15 209
302 0 167 15 210
302 0 182 15 211
302 0 191 15 212
304 0 136 15 213
306 0 200 15 214
307 0 162 1 215
307 0 175 15 216
312 0 169 15 217
313 0 191 15 218
314 0 184 15 219
315 0 136 15 220
316 0 199 15 221
318 0 161 1 222
320 0 177 15 223
322 0 167 1 224
323 0 144 15 225
324 0 136 15 226
324 0 151 15 227
329 0 205 15 228
331 0 166 1 229
332 0 157 1 230
332 0 181 15 231
338 0 139 15 232
341 0 164 1 233
341 0 208 15 234
343 0 200 15 235
346 0 186 15 236
347 0 193 15 237
347 0 251 1 238
347 0 266 1 239
347 0 279 1 240
349 0 219 1 241
349 0 235 1 242
350 0 138 15 243
350 0 182 1 244
351 0 167 1 245
353 0 155 1 246
353 0 212 15 247
354 0 62 1 248
354 0 95 1 249
354 0 110 1 250
355 0 47 1 251
355 0 80 1 252
355 0 128 1 253
356 0 10 1 254
356 0 32 1 255
356 0 193 15 256
357 0 21 1 257
358 0 -4 1 258
359 0 243 1 259
359 0 261 1 260
359 0 273 1 261
360 0 220 1 262
361 0 208 15 263
363 0 135 15 264
363 0 142 15 265
363 0 166 1 266
363 0 185 1 267
364 0 153 1 268
364 0 200 15 269
366 0 100 1 270
366 0 117 1 271
366 0 131 1 272
367 0 83 1 273
368 0 69 1 274
368 0 197 15 275
368 0 215 15 276
369 0 54 1 277
370 0 10 1 278
370 0 27 1 279
370 0 41 1 280
370 0 257 1 281
370 0 269 1 282
371 0 -2 1 283
371 0 240 1 284
372 0 222 1 285
374 0 206 15 286
375 0 188 1 287
376 0 127 1 288
377 0 106 1 289
377 0 149 1 290
377 0 167 1 291
378 0 88 1 292
379 0 57 1 293
379 0 71 1 294
381 0 27 1 295
381 0 42 1 296
382 0 10 1 297
383 0 -3 1 298
39 20 -37 4 299
46 20 -37 4 300
53 20 -37 4 301
61 20 -37 4 302
68 20 -37 4 303
76 20 -37 4 304
83 20 -37 4 305
91 20 -37 4 306
98 20 -37 4 307
106 20 -37 4 308
113 20 -37 4 309
120 20 -37 4 310
128 20 -37 4 311
135 20 -37 4 312
143 20 -37 4 313
150 20 -37 4 314
158 20 -37 4 315
165 20 -37 4 316
173 20 -37 4 317
180 20 -37 4 318
187 20 -37 4 319
195 20 -37 4 320
202 20 -37 4 321
210 20 -37 4 322
217 20 -37 4 323
224 20 -37 4 324
231 20 -37 4 325
239 20 -37 4 326
246 20 -37 4 327
253 20 -37 4 328
261 20 -37 4 329
268 20 -37 4 330
276 20 -37 4 331
283 20 -37 4 332
291 20 -37 4 333
298 20 -37 4 334
306 20 -37 4 335
313 20 -37 4 336
321 20 -37 4 337
328 20 -37 4 338
335 20 -37 4 339
343 20 -37 4 340
350 20 -37 4 341
358 20 -37 4 342
365 20 -37 4 343
373 20 -37 4 344
380 20 -37 4 345
388 20 -37 4 346
395 20 -37 4 347
402 20 -37 4 348
403 20 -29 4 349
403 20 -22 4 350
403 20 -14 4 351
403 20 -7 4 352
403 20 1 4 353
403 20 8 4 354
403 20 15 4 355
403 20 23 4 356
403 20 30 4 357
403 20 38 4 358
403 20 45 4 359
