360
57 0 -21 1 0
57 0 -6 1 1
58 0 5 1 2
59 0 19 1 3
60 0 33 1 4
62 0 45 1 5
63 0 58 1 6
64 0 69 1 7
64 0 83 1 8
65 0 99 1 9
67 0 114 1 10
68 0 -21 1 11
68 0 124 1 12
69 0 137 1 13
69 0 149 1 14
71 0 163 1 15
71 0 177 1 16
77 0 219 1 17
77 0 233 1 18
77 0 246 1 19
78 0 -21 1 20
78 0 -4 1 21
79 0 259 1 22
80 0 11 1 23
80 0 276 1 24
81 0 25 1 25
82 0 39 1 26
82 0 54 1 27
82 0 176 1 28
82 0 296 1 29
83 0 69 1 30
84 0 82 1 31
84 0 315 1 32
85 0 96 1 33
86 0 -21 1 34
86 0 -11 1 35
86 0 1 1 36
86 0 12 1 37
86 0 25 1 38
86 0 217 1 39
86 0 330 1 40
87 0 39 1 41
87 0 349 1 42
87 0 362 1 43
87 0 377 1 44
88 0 55 1 45
88 0 113 1 46
89 0 127 1 47
89 0 143 1 48
90 0 71 1 49
90 0 82 1 50
91 0 96 1 51
91 0 161 1 52
91 0 175 1 53
93 0 113 1 54
94 0 127 1 55
94 0 214 1 56
94 0 229 1 57
95 0 182 15 58
96 0 143 1 59
96 0 189 15 60
96 0 242 1 61
96 0 256 1 62
97 0 -22 1 63
97 0 160 1 64
97 0 201 15 65
97 0 373 1 66
98 0 208 15 67
98 0 275 1 68
99 0 291 1 69
100 0 174 1 70
100 0 309 1 71
102 0 325 1 72
103 0 214 1 73
103 0 228 1 74
103 0 341 1 75
104 0 242 1 76
104 0 257 1 77
104 0 355 1 78
105 0 194 15 79
105 0 370 1 80
106 0 -23 1 81
106 0 272 1 82
107 0 188 15 83
107 0 289 1 84
108 0 -6 1 85
108 0 8 1 86
108 0 26 1 87
109 0 42 1 88
109 0 171 1 89
109 0 308 1 90
109 0 323 1 91
109 0 340 1 92
112 0 58 1 93
112 0 69 1 94
112 0 82 1 95
112 0 97 1 96
112 0 113 1 97
112 0 354 1 98
113 0 208 1 99
113 0 368 1 100
114 0 124 1 101
114 0 177 15 102
116 0 140 1 103
116 0 157 1 104
117 0 199 15 105
118 0 170 1 106
120 0 207 1 107
121 0 220 1 108
121 0 234 1 109
122 0 250 1 110
122 0 364 1 111
123 0 267 1 112
124 0 177 15 113
124 0 289 1 114
125 0 306 1 115
126 0 320 1 116
127 0 337 1 117
128 0 198 15 118
128 0 350 1 119
130 0 363 1 120
134 0 175 15 121
141 0 195 15 122
143 0 171 15 123
149 0 167 15 124
151 0 193 15 125
157 0 155 15 126
157 0 192 15 127
159 0 164 15 128
159 0 175 15 129
159 0 184 15 130
160 0 199 15 131
168 0 153 15 132
175 0 195 15 133
180 0 152 15 134
192 0 191 15 135
193 0 149 15 136
195 0 236 15 137
200 0 142 15 138
203 0 182 1 139
204 0 230 15 140
204 0 244 15 141
208 0 191 1 142
209 0 139 15 143
213 0 180 1 144
213 0 241 15 145
216 0 224 15 146
219 0 141 15 147
220 0 186 1 148
222 0 178 1 149
225 0 238 15 150
226 0 145 15 151
230 0 221 15 152
233 0 185 1 153
233 0 235 15 154
236 0 142 15 155
236 0 174 1 156
239 0 215 15 157
240 0 191 15 158
240 0 200 15 159
240 0 206 15 160
240 0 239 15 161
246 0 168 15 162
246 0 182 1 163
246 0 204 15 164
248 0 240 15 165
249 0 148 15 166
250 0 141 15 167
251 0 203 15 168
255 0 200 15 169
256 0 171 15 170
256 0 180 1 171
257 0 239 15 172
258 0 156 15 173
258 0 216 15 174
259 0 143 15 175
259 0 186 15 176
259 0 207 15 177
259 0 233 15 178
262 0 227 15 179
265 0 178 15 180
270 0 175 15 181
270 0 184 15 182
271 0 146 15 183
271 0 160 15 184
271 0 169 15 185
271 0 214 15 186
274 0 224 15 187
275 0 142 15 188
275 0 153 15 189
275 0 180 4 190
276 0 163 15 191
276 0 176 4 192
278 0 171 4 193
280 0 181 4 194
281 0 159 15 195
281 0 177 4 196
282 0 172 4 197
282 0 190 15 198
282 0 210 15 199
284 0 182 4 200
284 0 222 15 201
286 0 178 4 202
287 0 174 4 203
288 0 140 15 204
290 0 163 15 205
293 0 207 15 206
293 0 220 15 207
294 0 195 15 208
298 0 215 15 209
300 0 167 15 210
300 0 182 15 211
300 0 191 15 212
302 0 136 15 213
304 0 200 15 214
305 0 162 1 215
305 0 175 15 216
310 0 169 15 217
311 0 191 15 218
312 0 184 15 219
313 0 136 15 220
314 0 199 15 221
316 0 161 1 222
318 0 177 15 223
320 0 167 1 224
321 0 144 15 225
322 0 136 15 226
322 0 151 15 227
327 0 205 15 228
329 0 166 1 229
330 0 157 1 230
330 0 181 15 231
336 0 139 15 232
339 0 164 1 233
339 0 208 15 234
341 0 200 15 235
344 0 186 15 236
345 0 193 15 237
345 0 251 1 238
345 0 266 1 239
345 0 279 1 240
347 0 219 1 241
347 0 235 1 242
348 0 138 15 243
348 0 182 1 244
349 0 167 1 245
351 0 155 1 246
351 0 212 15 247
352 0 62 1 248
352 0 95 1 249
352 0 110 1 250
353 0 47 1 251
353 0 80 1 252
353 0 128 1 253
354 0 10 1 254
354 0 32 1 255
354 0 193 15 256
355 0 21 1 257
356 0 -4 1 258
357 0 243 1 259
357 0 261 1 260
357 0 273 1 261
358 0 220 1 262
359 0 208 15 263
361 0 135 15 264
361 0 142 15 265
361 0 166 1 266
361 0 185 1 267
362 0 153 1 268
362 0 200 15 269
364 0 100 1 270
364 0 117 1 271
364 0 131 1 272
365 0 83 1 273
366 0 69 1 274
366 0 197 15 275
366 0 215 15 276
367 0 54 1 277
368 0 10 1 278
368 0 27 1 279
368 0 41 1 280
368 0 257 1 281
368 0 269 1 282
369 0 -2 1 283
369 0 240 1 284
370 0 222 1 285
372 0 206 15 286
373 0 188 1 287
374 0 127 1 288
375 0 106 1 289
375 0 149 1 290
375 0 167 1 291
376 0 88 1 292
377 0 57 1 293
377 0 71 1 294
379 0 27 1 295
379 0 42 1 296
380 0 10 1 297
381 0 -3 1 298
37 20 -37 4 299
44 20 -37 4 300
52 20 -37 4 301
59 20 -37 4 302
67 20 -37 4 303
74 20 -37 4 304
82 20 -37 4 305
89 20 -37 4 306
96 20 -37 4 307
104 20 -37 4 308
111 20 -37 4 309
119 20 -37 4 310
126 20 -37 4 311
134 20 -37 4 312
141 20 -37 4 313
149 20 -37 4 314
156 20 -37 4 315
163 20 -37 4 316
171 20 -37 4 317
178 20 -37 4 318
186 20 -37 4 319
193 20 -37 4 320
201 20 -37 4 321
208 20 -37 4 322
216 20 -37 4 323
222 20 -37 4 324
230 20 -37 4 325
237 20 -37 4 326
244 20 -37 4 327
252 20 -37 4 328
259 20 -37 4 329
267 20 -37 4 330
274 20 -37 4 331
282 20 -37 4 332
289 20 -37 4 333
297 20 -37 4 334
304 20 -37 4 335
311 20 -37 4 336
319 20 -37 4 337
326 20 -37 4 338
334 20 -37 4 339
341 20 -37 4 340
349 20 -37 4 341
356 20 -37 4 342
364 20 -37 4 343
371 20 -37 4 344
378 20 -37 4 345
386 20 -37 4 346
393 20 -37 4 347
401 20 -37 4 348
401 20 -29 4 349
401 20 -22 4 350
401 20 -14 4 351
401 20 -7 4 352
401 20 1 4 353
401 20 8 4 354
401 20 15 4 355
401 20 23 4 356
401 20 30 4 357
401 20 38 4 358
401 20 45 4 359
