360
71 0 -21 1 0
71 0 -6 1 1
72 0 5 1 2
73 0 19 1 3
74 0 33 1 4
76 0 45 1 5
77 0 58 1 6
78 0 69 1 7
78 0 83 1 8
79 0 99 1 9
81 0 114 1 10
82 0 -21 1 11
82 0 124 1 12
83 0 137 1 13
83 0 149 1 14
85 0 163 1 15
85 0 177 1 16
91 0 219 1 17
91 0 233 1 18
91 0 246 1 19
92 0 -21 1 20
92 0 -4 1 21
93 0 259 1 22
94 0 11 1 23
94 0 276 1 24
95 0 25 1 25
96 0 39 1 26
96 0 54 1 27
96 0 176 1 28
96 0 296 1 29
97 0 69 1 30
98 0 82 1 31
98 0 315 1 32
99 0 96 1 33
100 0 -21 1 34
100 0 -11 1 35
100 0 1 1 36
100 0 12 1 37
100 0 25 1 38
100 0 217 1 39
100 0 330 1 40
101 0 39 1 41
101 0 349 1 42
101 0 362 1 43
101 0 377 1 44
102 0 55 1 45
102 0 113 1 46
103 0 127 1 47
103 0 143 1 48
104 0 71 1 49
104 0 82 1 50
105 0 96 1 51
105 0 161 1 52
105 0 175 1 53
107 0 113 1 54
108 0 127 1 55
108 0 214 1 56
108 0 229 1 57
109 0 182 15 58
110 0 143 1 59
110 0 189 15 60
110 0 242 1 61
110 0 256 1 62
111 0 -22 1 63
111 0 160 1 64
111 0 201 15 65
111 0 373 1 66
112 0 208 15 67
112 0 275 1 68
113 0 291 1 69
114 0 174 1 70
114 0 309 1 71
116 0 325 1 72
117 0 214 1 73
117 0 228 1 74
117 0 341 1 75
118 0 242 1 76
118 0 257 1 77
118 0 355 1 78
119 0 194 15 79
119 0 370 1 80
120 0 -23 1 81
120 0 272 1 82
121 0 188 15 83
121 0 289 1 84
122 0 -6 1 85
122 0 8 1 86
122 0 26 1 87
123 0 42 1 88
123 0 171 1 89
123 0 308 1 90
123 0 323 1 91
123 0 340 1 92
126 0 58 1 93
126 0 69 1 94
126 0 82 1 95
126 0 97 1 96
126 0 113 1 97
126 0 354 1 98
127 0 208 1 99
127 0 368 1 100
128 0 124 1 101
128 0 177 15 102
130 0 140 1 103
130 0 157 1 104
131 0 199 15 105
132 0 170 1 106
134 0 207 1 107
135 0 220 1 108
135 0 234 1 109
136 0 250 1 110
136 0 364 1 111
137 0 267 1 112
138 0 177 15 113
138 0 289 1 114
139 0 306 1 115
140 0 320 1 116
141 0 337 1 117
142 0 198 15 118
142 0 350 1 119
144 0 363 1 120
148 0 175 15 121
155 0 195 15 122
157 0 171 15 123
163 0 167 15 124
165 0 193 15 125
171 0 155 15 126
171 0 192 15 127
173 0 164 15 128
173 0 175 15 129
173 0 184 15 130
174 0 199 15 131
182 0 153 15 132
189 0 195 15 133
194 0 152 15 134
206 0 191 15 135
207 0 149 15 136
209 0 236 15 137
214 0 142 15 138
217 0 182 1 139
218 0 230 15 140
218 0 244 15 141
221 0 191 1 142
222 0 139 15 143
226 0 180 1 144
226 0 241 15 145
229 0 224 15 146
232 0 141 15 147
234 0 186 1 148
236 0 178 1 149
239 0 238 15 150
240 0 145 15 151
244 0 221 15 152
247 0 185 1 153
247 0 235 15 154
250 0 142 15 155
250 0 174 1 156
253 0 215 15 157
254 0 191 15 158
254 0 200 15 159
254 0 206 15 160
254 0 239 15 161
260 0 168 15 162
260 0 182 1 163
260 0 204 15 164
262 0 240 15 165
263 0 148 15 166
264 0 141 15 167
265 0 203 15 168
269 0 200 15 169
270 0 171 15 170
270 0 180 1 171
271 0 239 15 172
272 0 156 15 173
272 0 216 15 174
273 0 143 15 175
273 0 186 15 176
273 0 207 15 177
273 0 233 15 178
276 0 227 15 179
279 0 178 15 180
284 0 175 15 181
284 0 184 15 182
285 0 146 15 183
285 0 160 15 184
285 0 169 15 185
285 0 214 15 186
288 0 224 15 187
289 0 142 15 188
289 0 153 15 189
289 0 180 4 190
290 0 163 15 191
290 0 176 4 192
292 0 171 4 193
294 0 181 4 194
295 0 159 15 195
295 0 177 4 196
296 0 172 4 197
296 0 190 15 198
296 0 210 15 199
298 0 182 4 200
298 0 222 15 201
300 0 178 4 202
301 0 174 4 203
302 0 140 15 204
304 0 163 15 205
307 0 207 15 206
307 0 220 15 207
308 0 195 15 208
312 0 215 15 209
314 0 167 15 210
314 0 182 15 211
314 0 191 15 212
316 0 136 15 213
318 0 200 15 214
319 0 162 1 215
319 0 175 15 216
324 0 169 15 217
325 0 191 15 218
326 0 184 15 219
327 0 136 15 220
328 0 199 15 221
330 0 161 1 222
332 0 177 15 223
334 0 167 1 224
335 0 144 15 225
336 0 136 15 226
336 0 151 15 227
341 0 205 15 228
343 0 166 1 229
344 0 157 1 230
344 0 181 15 231
350 0 139 15 232
353 0 164 1 233
353 0 208 15 234
355 0 200 15 235
358 0 186 15 236
359 0 193 15 237
359 0 251 1 238
359 0 266 1 239
359 0 279 1 240
361 0 219 1 241
361 0 235 1 242
362 0 138 15 243
362 0 182 1 244
363 0 167 1 245
365 0 155 1 246
365 0 212 15 247
366 0 62 1 248
366 0 95 1 249
366 0 110 1 250
367 0 47 1 251
367 0 80 1 252
367 0 128 1 253
368 0 10 1 254
368 0 32 1 255
368 0 193 15 256
369 0 21 1 257
370 0 -4 1 258
371 0 243 1 259
371 0 261 1 260
371 0 273 1 261
372 0 220 1 262
373 0 208 15 263
375 0 135 15 264
375 0 142 15 265
375 0 166 1 266
375 0 185 1 267
376 0 153 1 268
376 0 200 15 269
378 0 100 1 270
378 0 117 1 271
378 0 131 1 272
379 0 83 1 273
380 0 69 1 274
380 0 197 15 275
380 0 215 15 276
381 0 54 1 277
382 0 10 1 278
382 0 27 1 279
382 0 41 1 280
382 0 257 1 281
382 0 269 1 282
383 0 -2 1 283
383 0 240 1 284
384 0 222 1 285
386 0 206 15 286
387 0 188 1 287
388 0 127 1 288
389 0 106 1 289
389 0 149 1 290
389 0 167 1 291
390 0 88 1 292
391 0 57 1 293
391 0 71 1 294
393 0 27 1 295
393 0 42 1 296
394 0 10 1 297
395 0 -3 1 298
51 20 -37 4 299
59 20 -37 4 300
66 20 -37 4 301
74 20 -37 4 302
81 20 -37 4 303
89 20 -37 4 304
96 20 -37 4 305
104 20 -37 4 306
111 20 -37 4 307
118 20 -37 4 308
126 20 -37 4 309
133 20 -37 4 310
141 20 -37 4 311
148 20 -37 4 312
156 20 -37 4 313
163 20 -37 4 314
171 20 -37 4 315
178 20 -37 4 316
185 20 -37 4 317
193 20 -37 4 318
200 20 -37 4 319
208 20 -37 4 320
215 20 -37 4 321
222 20 -37 4 322
229 20 -37 4 323
237 20 -37 4 324
244 20 -37 4 325
251 20 -37 4 326
259 20 -37 4 327
266 20 -37 4 328
274 20 -37 4 329
281 20 -37 4 330
289 20 -37 4 331
296 20 -37 4 332
304 20 -37 4 333
311 20 -37 4 334
318 20 -37 4 335
326 20 -37 4 336
333 20 -37 4 337
341 20 -37 4 338
348 20 -37 4 339
356 20 -37 4 340
363 20 -37 4 341
371 20 -37 4 342
378 20 -37 4 343
385 20 -37 4 344
393 20 -37 4 345
400 20 -37 4 346
408 20 -37 4 347
415 20 -37 4 348
415 20 -29 4 349
415 20 -22 4 350
415 20 -14 4 351
415 20 -7 4 352
415 20 1 4 353
415 20 8 4 354
415 20 15 4 355
415 20 23 4 356
415 20 30 4 357
415 20 38 4 358
415 20 45 4 359
