360
63 0 -21 1 0
63 0 -6 1 1
64 0 5 1 2
65 0 19 1 3
66 0 33 1 4
68 0 45 1 5
69 0 58 1 6
70 0 69 1 7
70 0 83 1 8
71 0 99 1 9
73 0 114 1 10
74 0 -21 1 11
74 0 124 1 12
75 0 137 1 13
75 0 149 1 14
77 0 163 1 15
77 0 177 1 16
83 0 219 1 17
83 0 233 1 18
83 0 246 1 19
84 0 -21 1 20
84 0 -4 1 21
85 0 259 1 22
86 0 11 1 23
86 0 276 1 24
87 0 25 1 25
88 0 39 1 26
88 0 54 1 27
88 0 176 1 28
88 0 296 1 29
89 0 69 1 30
90 0 82 1 31
90 0 315 1 32
91 0 96 1 33
92 0 -21 1 34
92 0 -11 1 35
92 0 1 1 36
92 0 12 1 37
92 0 25 1 38
92 0 217 1 39
92 0 330 1 40
93 0 39 1 41
93 0 349 1 42
93 0 362 1 43
93 0 377 1 44
94 0 55 1 45
94 0 113 1 46
95 0 127 1 47
95 0 143 1 48
96 0 71 1 49
96 0 82 1 50
97 0 96 1 51
97 0 161 1 52
97 0 175 1 53
99 0 113 1 54
100 0 127 1 55
100 0 214 1 56
100 0 229 1 57
101 0 182 15 58
102 0 143 1 59
102 0 189 15 60
102 0 242 1 61
102 0 256 1 62
103 0 -22 1 63
103 0 160 1 64
103 0 201 15 65
103 0 373 1 66
104 0 208 15 67
104 0 275 1 68
105 0 291 1 69
106 0 174 1 70
106 0 309 1 71
108 0 325 1 72
109 0 214 1 73
109 0 228 1 74
109 0 341 1 75
110 0 242 1 76
110 0 257 1 77
110 0 355 1 78
111 0 194 15 79
111 0 370 1 80
112 0 -23 1 81
112 0 272 1 82
113 0 188 15 83
113 0 289 1 84
114 0 -6 1 85
114 0 8 1 86
114 0 26 1 87
115 0 42 1 88
115 0 171 1 89
115 0 308 1 90
115 0 323 1 91
115 0 340 1 92
118 0 58 1 93
118 0 69 1 94
118 0 82 1 95
118 0 97 1 96
118 0 113 1 97
118 0 354 1 98
119 0 208 1 99
119 0 368 1 100
120 0 124 1 101
120 0 177 15 102
122 0 140 1 103
122 0 157 1 104
123 0 199 15 105
124 0 170 1 106
126 0 207 1 107
127 0 220 1 108
127 0 234 1 109
128 0 250 1 110
128 0 364 1 111
129 0 267 1 112
130 0 177 15 113
130 0 289 1 114
131 0 306 1 115
132 0 320 1 116
133 0 337 1 117
134 0 198 15 118
134 0 350 1 119
136 0 363 1 120
140 0 175 15 121
147 0 195 15 122
149 0 171 15 123
155 0 167 15 124
157 0 193 15 125
163 0 155 15 126
163 0 192 15 127
165 0 164 15 128
165 0 175 15 129
165 0 184 15 130
166 0 199 15 131
174 0 153 15 132
181 0 195 15 133
186 0 152 15 134
198 0 191 15 135
199 0 149 15 136
201 0 236 15 137
206 0 142 15 138
209 0 182 1 139
210 0 230 15 140
210 0 244 15 141
214 0 191 1 142
215 0 139 15 143
219 0 180 1 144
219 0 241 15 145
221 0 224 15 146
224 0 141 15 147
226 0 186 1 148
228 0 178 1 149
231 0 238 15 150
232 0 145 15 151
236 0 221 15 152
239 0 185 1 153
239 0 235 15 154
242 0 142 15 155
242 0 174 1 156
245 0 215 15 157
246 0 191 15 158
246 0 200 15 159
246 0 206 15 160
246 0 239 15 161
252 0 168 15 162
252 0 182 1 163
252 0 204 15 164
254 0 240 15 165
255 0 148 15 166
256 0 141 15 167
257 0 203 15 168
261 0 200 15 169
262 0 171 15 170
262 0 180 1 171
263 0 239 15 172
264 0 156 15 173
264 0 216 15 174
265 0 143 15 175
265 0 186 15 176
265 0 207 15 177
265 0 233 15 178
268 0 227 15 179
271 0 178 15 180
276 0 175 15 181
276 0 184 15 182
277 0 146 15 183
277 0 160 15 184
277 0 169 15 185
277 0 214 15 186
280 0 224 15 187
281 0 142 15 188
281 0 153 15 189
281 0 180 4 190
282 0 163 15 191
282 0 176 4 192
284 0 171 4 193
286 0 181 4 194
287 0 159 15 195
287 0 177 4 196
288 0 172 4 197
288 0 190 15 198
288 0 210 15 199
290 0 182 4 200
290 0 222 15 201
292 0 178 4 202
293 0 174 4 203
294 0 140 15 204
296 0 163 15 205
299 0 207 15 206
299 0 220 15 207
300 0 195 15 208
304 0 215 15 209
306 0 167 15 210
306 0 182 15 211
306 0 191 15 212
308 0 136 15 213
310 0 200 15 214
311 0 162 1 215
311 0 175 15 216
316 0 169 15 217
317 0 191 15 218
318 0 184 15 219
319 0 136 15 220
320 0 199 15 221
322 0 161 1 222
324 0 177 15 223
326 0 167 1 224
327 0 144 15 225
328 0 136 15 226
328 0 151 15 227
333 0 205 15 228
335 0 166 1 229
336 0 157 1 230
336 0 181 15 231
342 0 139 15 232
345 0 164 1 233
345 0 208 15 234
347 0 200 15 235
350 0 186 15 236
351 0 193 15 237
351 0 251 1 238
351 0 266 1 239
351 0 279 1 240
353 0 219 1 241
353 0 235 1 242
354 0 138 15 243
354 0 182 1 244
355 0 167 1 245
357 0 155 1 246
357 0 212 15 247
358 0 62 1 248
358 0 95 1 249
358 0 110 1 250
359 0 47 1 251
359 0 80 1 252
359 0 128 1 253
360 0 10 1 254
360 0 32 1 255
360 0 193 15 256
361 0 21 1 257
362 0 -4 1 258
363 0 243 1 259
363 0 261 1 260
363 0 273 1 261
364 0 220 1 262
365 0 208 15 263
367 0 135 15 264
367 0 142 15 265
367 0 166 1 266
367 0 185 1 267
368 0 153 1 268
368 0 200 15 269
370 0 100 1 270
370 0 117 1 271
370 0 131 1 272
371 0 83 1 273
372 0 69 1 274
372 0 197 15 275
372 0 215 15 276
373 0 54 1 277
374 0 10 1 278
374 0 27 1 279
374 0 41 1 280
374 0 257 1 281
374 0 269 1 282
375 0 -2 1 283
375 0 240 1 284
376 0 222 1 285
378 0 206 15 286
379 0 188 1 287
380 0 127 1 288
381 0 106 1 289
381 0 149 1 290
381 0 167 1 291
382 0 88 1 292
383 0 57 1 293
383 0 71 1 294
385 0 27 1 295
385 0 42 1 296
386 0 10 1 297
387 0 -3 1 298
43 20 -37 4 299
50 20 -37 4 300
58 20 -37 4 301
65 20 -37 4 302
72 20 -37 4 303
80 20 -37 4 304
87 20 -37 4 305
95 20 -37 4 306
102 20 -37 4 307
110 20 -37 4 308
117 20 -37 4 309
125 20 -37 4 310
132 20 -37 4 311
139 20 -37 4 312
147 20 -37 4 313
154 20 -37 4 314
162 20 -37 4 315
169 20 -37 4 316
177 20 -37 4 317
184 20 -37 4 318
192 20 -37 4 319
199 20 -37 4 320
207 20 -37 4 321
214 20 -37 4 322
220 20 -37 4 323
228 20 -37 4 324
235 20 -37 4 325
243 20 -37 4 326
250 20 -37 4 327
258 20 -37 4 328
265 20 -37 4 329
273 20 -37 4 330
280 20 -37 4 331
287 20 -37 4 332
295 20 -37 4 333
302 20 -37 4 334
310 20 -37 4 335
317 20 -37 4 336
325 20 -37 4 337
332 20 -37 4 338
340 20 -37 4 339
347 20 -37 4 340
354 20 -37 4 341
362 20 -37 4 342
369 20 -37 4 343
377 20 -37 4 344
384 20 -37 4 345
392 20 -37 4 346
399 20 -37 4 347
407 20 -37 4 348
407 20 -29 4 349
407 20 -22 4 350
407 20 -14 4 351
407 20 -7 4 352
407 20 1 4 353
407 20 8 4 354
407 20 15 4 355
407 20 23 4 356
407 20 30 4 357
407 20 38 4 358
407 20 45 4 359
