360
86 0 -21 15 0
86 0 -6 15 1
87 0 5 15 2
88 0 20 15 3
89 0 34 15 4
91 0 45 15 5
92 0 58 15 6
93 0 69 15 7
93 0 83 15 8
94 0 99 15 9
96 0 114 15 10
97 0 -21 15 11
97 0 124 15 12
98 0 137 15 13
98 0 150 15 14
99 0 164 15 15
100 0 178 15 16
106 0 219 15 17
106 0 233 15 18
106 0 246 15 19
107 0 -20 15 20
107 0 -3 15 21
108 0 259 15 22
109 0 11 15 23
109 0 276 15 24
110 0 26 15 25
111 0 39 15 26
111 0 54 15 27
111 0 177 15 28
111 0 296 15 29
114 0 69 4 30
112 0 82 15 31
112 0 314 15 32
113 0 97 15 33
115 0 -21 15 34
117 0 -11 15 35
117 0 2 15 36
117 0 13 4 37
117 0 25 4 38
114 0 217 15 39
114 0 330 15 40
118 0 39 4 41
116 0 349 15 42
116 0 362 15 43
116 0 377 15 44
119 0 55 4 45
119 0 112 15 46
117 0 127 15 47
117 0 144 15 48
121 0 71 4 49
121 0 81 4 50
121 0 95 15 51
119 0 162 15 52
119 0 176 15 53
123 0 112 15 54
124 0 126 15 55
124 0 216 4 56
123 0 230 15 57
123 0 182 15 58
126 0 143 15 59
124 0 189 15 60
126 0 245 15 61
126 0 257 4 62
126 0 -22 15 63
125 0 161 15 64
127 0 204 15 65
126 0 373 15 66
128 0 210 4 67
127 0 276 15 68
129 0 293 15 69
129 0 177 4 70
129 0 309 15 71
131 0 325 15 72
133 0 217 15 73
132 0 229 4 74
132 0 341 15 75
133 0 243 4 76
133 0 258 4 77
133 0 355 15 78
134 0 196 4 79
134 0 370 15 80
135 0 -23 15 81
135 0 273 15 82
136 0 190 4 83
136 0 290 15 84
138 0 -6 15 85
138 0 9 15 86
138 0 26 15 87
139 0 42 4 88
138 0 174 4 89
139 0 310 15 90
138 0 324 15 91
138 0 340 15 92
142 0 58 15 93
143 0 69 4 94
143 0 81 4 95
142 0 96 15 96
142 0 112 15 97
141 0 354 15 98
142 0 209 15 99
142 0 368 15 100
144 0 124 15 101
144 0 181 15 102
146 0 140 15 103
146 0 157 15 104
146 0 199 15 105
147 0 172 4 106
149 0 208 4 107
151 0 223 15 108
150 0 235 4 109
151 0 250 15 110
151 0 364 15 111
152 0 267 15 112
154 0 180 15 113
153 0 290 15 114
154 0 306 4 115
156 0 321 15 116
156 0 337 15 117
157 0 198 15 118
157 0 350 15 119
159 0 363 15 120
163 0 177 15 121
170 0 197 15 122
172 0 173 15 123
178 0 168 15 124
180 0 194 15 125
186 0 155 15 126
186 0 192 15 127
188 0 164 15 128
188 0 176 15 129
188 0 184 15 130
189 0 199 15 131
197 0 153 15 132
203 0 195 15 133
208 0 152 15 134
220 0 191 15 135
220 0 149 15 136
222 0 238 15 137
228 0 142 15 138
230 0 181 15 139
231 0 232 15 140
231 0 246 15 141
235 0 191 15 142
237 0 139 15 143
240 0 180 15 144
240 0 243 15 145
244 0 224 15 146
247 0 141 15 147
248 0 186 15 148
250 0 178 15 149
253 0 238 15 150
254 0 145 15 151
258 0 221 15 152
261 0 185 15 153
260 0 238 15 154
264 0 142 15 155
264 0 174 15 156
267 0 216 15 157
268 0 191 15 158
268 0 200 15 159
267 0 209 15 160
267 0 241 15 161
274 0 168 15 162
274 0 182 15 163
272 0 208 15 164
275 0 242 15 165
276 0 146 15 166
278 0 141 15 167
277 0 207 15 168
282 0 203 15 169
283 0 172 15 170
282 0 185 15 171
284 0 242 15 172
285 0 154 15 173
285 0 218 15 174
287 0 142 15 175
286 0 188 15 176
285 0 211 15 177
287 0 233 4 178
289 0 230 15 179
293 0 180 15 180
297 0 179 15 181
297 0 187 15 182
297 0 143 4 183
297 0 158 15 184
297 0 175 15 185
298 0 217 15 186
302 0 224 15 187
302 0 141 15 188
302 0 151 15 189
303 0 181 4 190
303 0 161 15 191
302 0 181 15 192
306 0 173 4 193
308 0 182 4 194
308 0 157 15 195
308 0 181 15 196
310 0 174 15 197
310 0 192 4 198
310 0 211 4 199
310 0 187 15 200
312 0 223 15 201
314 0 180 15 202
315 0 177 4 203
315 0 138 15 204
317 0 166 4 205
319 0 211 15 206
320 0 223 15 207
320 0 199 15 208
325 0 217 4 209
329 0 167 15 210
329 0 182 15 211
329 0 191 15 212
330 0 137 15 213
331 0 202 4 214
333 0 162 15 215
331 0 180 15 216
338 0 170 15 217
338 0 193 15 218
340 0 184 15 219
341 0 136 15 220
342 0 199 15 221
345 0 162 15 222
346 0 178 15 223
348 0 168 15 224
349 0 144 15 225
350 0 136 15 226
350 0 151 15 227
355 0 205 15 228
357 0 167 15 229
358 0 157 15 230
358 0 182 15 231
364 0 139 15 232
367 0 165 15 233
366 0 209 15 234
367 0 202 15 235
370 0 189 4 236
371 0 196 4 237
373 0 251 15 238
373 0 266 15 239
373 0 279 15 240
373 0 221 15 241
375 0 236 15 242
376 0 138 15 243
375 0 183 15 244
375 0 171 15 245
379 0 157 15 246
379 0 213 15 247
379 0 62 15 248
379 0 95 15 249
379 0 110 15 250
380 0 47 15 251
378 0 79 15 252
380 0 128 15 253
381 0 11 15 254
381 0 32 15 255
379 0 196 15 256
380 0 21 15 257
383 0 -4 15 258
384 0 244 15 259
384 0 262 15 260
384 0 274 15 261
385 0 221 15 262
386 0 209 15 263
388 0 135 15 264
388 0 142 15 265
386 0 171 4 266
388 0 187 15 267
389 0 156 15 268
387 0 203 4 269
391 0 100 15 270
389 0 116 15 271
391 0 130 15 272
392 0 83 15 273
393 0 69 15 274
393 0 199 15 275
393 0 217 15 276
394 0 54 15 277
395 0 11 15 278
395 0 27 15 279
392 0 41 4 280
395 0 258 15 281
395 0 270 15 282
396 0 -1 15 283
396 0 241 15 284
395 0 225 15 285
397 0 209 15 286
398 0 191 15 287
401 0 127 15 288
402 0 106 15 289
402 0 152 15 290
402 0 170 15 291
402 0 88 15 292
401 0 57 15 293
404 0 71 15 294
405 0 27 15 295
406 0 42 15 296
406 0 10 15 297
408 0 -3 15 298
66 19 -37 15 299
74 19 -37 15 300
81 19 -37 15 301
89 19 -37 15 302
96 19 -37 15 303
104 19 -37 15 304
111 19 -37 15 305
118 19 -37 15 306
126 19 -37 15 307
134 19 -37 15 308
141 19 -37 15 309
148 19 -37 15 310
156 19 -37 15 311
163 19 -37 15 312
170 19 -37 15 313
178 19 -37 15 314
185 19 -37 15 315
193 19 -36 15 316
200 19 -37 15 317
207 19 -37 15 318
215 19 -37 15 319
221 19 -36 15 320
228 19 -37 15 321
236 19 -37 15 322
243 19 -36 15 323
250 19 -37 15 324
257 19 -36 15 325
265 19 -37 15 326
272 19 -37 15 327
279 19 -37 15 328
287 19 -37 15 329
294 19 -37 15 330
302 19 -37 15 331
309 19 -37 15 332
316 19 -37 15 333
324 19 -37 15 334
331 19 -37 15 335
339 19 -37 15 336
346 19 -37 15 337
353 19 -37 15 338
361 19 -37 15 339
368 19 -37 15 340
376 19 -37 15 341
383 19 -37 15 342
390 19 -37 15 343
398 19 -36 15 344
405 19 -37 15 345
413 19 -37 15 346
419 19 -37 15 347
427 19 -37 15 348
427 19 -29 15 349
427 19 -22 15 350
427 19 -14 15 351
427 19 -7 15 352
424 19 0 15 353
424 19 8 15 354
425 19 15 15 355
424 19 23 4 356
424 19 30 4 357
424 19 37 4 358
424 19 45 4 359
