360
85 0 -21 1 0
85 0 -6 1 1
86 0 5 1 2
87 0 19 1 3
88 0 33 1 4
90 0 45 1 5
91 0 58 1 6
92 0 69 1 7
92 0 83 1 8
93 0 99 1 9
95 0 114 1 10
96 0 -21 1 11
96 0 124 1 12
97 0 137 1 13
97 0 149 1 14
99 0 163 1 15
99 0 177 1 16
105 0 219 1 17
105 0 233 1 18
105 0 246 1 19
106 0 -21 1 20
106 0 -4 1 21
107 0 259 1 22
108 0 11 1 23
108 0 276 1 24
109 0 25 1 25
110 0 39 1 26
110 0 54 1 27
110 0 176 1 28
110 0 296 1 29
111 0 69 1 30
112 0 82 1 31
112 0 315 1 32
113 0 96 1 33
114 0 -21 1 34
114 0 -11 1 35
114 0 1 1 36
114 0 12 1 37
114 0 25 1 38
114 0 217 1 39
114 0 330 1 40
115 0 39 1 41
115 0 349 1 42
115 0 362 1 43
115 0 377 1 44
116 0 55 1 45
116 0 113 1 46
117 0 127 1 47
117 0 143 1 48
118 0 71 1 49
118 0 82 1 50
119 0 96 1 51
119 0 161 1 52
119 0 175 1 53
121 0 113 1 54
122 0 127 1 55
122 0 214 1 56
122 0 229 1 57
123 0 182 15 58
124 0 143 1 59
124 0 189 15 60
124 0 242 1 61
124 0 256 1 62
125 0 -22 1 63
125 0 160 1 64
125 0 201 15 65
125 0 373 1 66
126 0 208 15 67
126 0 275 1 68
127 0 291 1 69
128 0 174 1 70
128 0 309 1 71
130 0 325 1 72
131 0 214 1 73
131 0 228 1 74
131 0 341 1 75
132 0 242 1 76
132 0 257 1 77
132 0 355 1 78
133 0 194 15 79
133 0 370 1 80
134 0 -23 1 81
134 0 272 1 82
135 0 188 15 83
135 0 289 1 84
136 0 -6 1 85
136 0 8 1 86
136 0 26 1 87
137 0 42 1 88
137 0 171 1 89
137 0 308 1 90
137 0 323 1 91
137 0 340 1 92
140 0 58 1 93
140 0 69 1 94
140 0 82 1 95
140 0 97 1 96
140 0 113 1 97
140 0 354 1 98
141 0 208 1 99
141 0 368 1 100
142 0 124 1 101
142 0 177 15 102
144 0 140 1 103
144 0 157 1 104
145 0 199 15 105
146 0 170 1 106
148 0 207 1 107
149 0 220 1 108
149 0 234 1 109
150 0 250 1 110
150 0 364 1 111
151 0 267 1 112
152 0 177 15 113
152 0 289 1 114
153 0 306 1 115
154 0 320 1 116
155 0 337 1 117
156 0 198 15 118
156 0 350 1 119
158 0 363 1 120
162 0 175 15 121
169 0 195 15 122
171 0 171 15 123
177 0 167 15 124
179 0 193 15 125
185 0 155 15 126
185 0 192 15 127
187 0 164 15 128
187 0 175 15 129
187 0 184 15 130
188 0 199 15 131
196 0 153 15 132
203 0 195 15 133
208 0 152 15 134
220 0 191 15 135
220 0 149 15 136
222 0 236 15 137
227 0 142 15 138
230 0 182 1 139
231 0 230 15 140
231 0 244 15 141
235 0 191 1 142
236 0 139 15 143
240 0 180 1 144
240 0 241 15 145
243 0 224 15 146
246 0 141 15 147
248 0 186 1 148
250 0 178 1 149
253 0 238 15 150
254 0 145 15 151
258 0 221 15 152
261 0 185 1 153
261 0 235 15 154
264 0 142 15 155
264 0 174 1 156
267 0 215 15 157
268 0 191 15 158
268 0 200 15 159
268 0 206 15 160
268 0 239 15 161
274 0 168 15 162
274 0 182 1 163
274 0 204 15 164
276 0 240 15 165
277 0 148 15 166
278 0 141 15 167
279 0 203 15 168
283 0 200 15 169
284 0 171 15 170
284 0 180 1 171
285 0 239 15 172
286 0 156 15 173
286 0 216 15 174
287 0 143 15 175
287 0 186 15 176
287 0 207 15 177
287 0 233 15 178
290 0 227 15 179
293 0 178 15 180
298 0 175 15 181
298 0 184 15 182
299 0 146 15 183
299 0 160 15 184
299 0 169 15 185
299 0 214 15 186
302 0 224 15 187
303 0 142 15 188
303 0 153 15 189
303 0 180 4 190
304 0 163 15 191
304 0 176 4 192
306 0 171 4 193
308 0 181 4 194
309 0 159 15 195
309 0 177 4 196
310 0 172 4 197
310 0 190 15 198
310 0 210 15 199
312 0 182 4 200
312 0 222 15 201
314 0 178 4 202
315 0 174 4 203
316 0 140 15 204
318 0 163 15 205
321 0 207 15 206
321 0 220 15 207
322 0 195 15 208
326 0 215 15 209
328 0 167 15 210
328 0 182 15 211
328 0 191 15 212
330 0 136 15 213
332 0 200 15 214
333 0 162 1 215
333 0 175 15 216
338 0 169 15 217
339 0 191 15 218
340 0 184 15 219
341 0 136 15 220
342 0 199 15 221
344 0 161 1 222
346 0 177 15 223
348 0 167 1 224
349 0 144 15 225
350 0 136 15 226
350 0 151 15 227
355 0 205 15 228
357 0 166 1 229
358 0 157 1 230
358 0 181 15 231
364 0 139 15 232
367 0 164 1 233
367 0 208 15 234
369 0 200 15 235
372 0 186 15 236
373 0 193 15 237
373 0 251 1 238
373 0 266 1 239
373 0 279 1 240
375 0 219 1 241
375 0 235 1 242
376 0 138 15 243
376 0 182 1 244
377 0 167 1 245
379 0 155 1 246
379 0 212 15 247
380 0 62 1 248
380 0 95 1 249
380 0 110 1 250
381 0 47 1 251
381 0 80 1 252
381 0 128 1 253
382 0 10 1 254
382 0 32 1 255
382 0 193 15 256
383 0 21 1 257
384 0 -4 1 258
385 0 243 1 259
385 0 261 1 260
385 0 273 1 261
386 0 220 1 262
387 0 208 15 263
389 0 135 15 264
389 0 142 15 265
389 0 166 1 266
389 0 185 1 267
390 0 153 1 268
390 0 200 15 269
392 0 100 1 270
392 0 117 1 271
392 0 131 1 272
393 0 83 1 273
394 0 69 1 274
394 0 197 15 275
394 0 215 15 276
395 0 54 1 277
396 0 10 1 278
396 0 27 1 279
396 0 41 1 280
396 0 257 1 281
396 0 269 1 282
397 0 -2 1 283
397 0 240 1 284
398 0 222 1 285
400 0 206 15 286
401 0 188 1 287
402 0 127 1 288
403 0 106 1 289
403 0 149 1 290
403 0 167 1 291
404 0 88 1 292
405 0 57 1 293
405 0 71 1 294
407 0 27 1 295
407 0 42 1 296
408 0 10 1 297
409 0 -3 1 298
65 20 -37 4 299
72 20 -37 4 300
80 20 -37 4 301
87 20 -37 4 302
94 20 -37 4 303
102 20 -37 4 304
109 20 -37 4 305
117 20 -37 4 306
124 20 -37 4 307
132 20 -37 4 308
139 20 -37 4 309
147 20 -37 4 310
154 20 -37 4 311
161 20 -37 4 312
169 20 -37 4 313
176 20 -37 4 314
184 20 -37 4 315
191 20 -37 4 316
199 20 -37 4 317
206 20 -37 4 318
214 20 -37 4 319
220 20 -37 4 320
227 20 -37 4 321
235 20 -37 4 322
242 20 -37 4 323
250 20 -37 4 324
257 20 -37 4 325
265 20 -37 4 326
272 20 -37 4 327
280 20 -37 4 328
287 20 -37 4 329
295 20 -37 4 330
302 20 -37 4 331
309 20 -37 4 332
317 20 -37 4 333
324 20 -37 4 334
332 20 -37 4 335
339 20 -37 4 336
347 20 -37 4 337
354 20 -37 4 338
362 20 -37 4 339
369 20 -37 4 340
376 20 -37 4 341
384 20 -37 4 342
391 20 -37 4 343
399 20 -37 4 344
406 20 -37 4 345
414 20 -37 4 346
421 20 -37 4 347
429 20 -37 4 348
429 20 -29 4 349
429 20 -22 4 350
429 20 -14 4 351
429 20 -7 4 352
429 20 1 4 353
429 20 8 4 354
429 20 15 4 355
429 20 23 4 356
429 20 30 4 357
429 20 38 4 358
429 20 45 4 359
