360
86 0 -21 15 0
86 0 -6 15 1
87 0 5 15 2
88 0 20 15 3
89 0 33 15 4
91 0 45 15 5
92 0 58 15 6
92 0 69 15 7
92 0 83 15 8
93 0 99 15 9
96 0 114 15 10
97 0 -21 15 11
97 0 124 15 12
98 0 137 15 13
98 0 150 15 14
99 0 163 15 15
100 0 178 15 16
106 0 219 15 17
106 0 233 15 18
106 0 246 15 19
107 0 -21 15 20
107 0 -3 15 21
108 0 259 15 22
108 0 11 15 23
108 0 276 15 24
109 0 25 15 25
110 0 39 15 26
110 0 54 15 27
110 0 177 15 28
110 0 296 15 29
112 0 69 4 30
112 0 82 15 31
112 0 315 15 32
113 0 96 15 33
115 0 -21 15 34
115 0 -11 15 35
115 0 2 15 36
115 0 13 4 37
115 0 25 4 38
114 0 217 15 39
114 0 330 15 40
116 0 39 4 41
116 0 349 15 42
116 0 362 15 43
116 0 377 15 44
117 0 55 4 45
117 0 113 15 46
117 0 127 15 47
117 0 143 15 48
119 0 71 4 49
119 0 82 4 50
120 0 96 15 51
119 0 161 15 52
119 0 176 15 53
122 0 113 15 54
123 0 127 15 55
123 0 214 4 56
123 0 229 15 57
123 0 182 15 58
125 0 143 15 59
124 0 189 15 60
125 0 242 15 61
125 0 256 4 62
126 0 -22 15 63
125 0 161 15 64
126 0 201 15 65
126 0 373 15 66
127 0 208 4 67
127 0 275 15 68
128 0 291 15 69
129 0 175 4 70
129 0 309 15 71
131 0 325 15 72
132 0 214 15 73
132 0 228 4 74
132 0 341 15 75
133 0 242 4 76
133 0 257 4 77
133 0 355 15 78
134 0 194 4 79
134 0 370 15 80
135 0 -23 15 81
135 0 272 15 82
136 0 188 4 83
136 0 289 15 84
137 0 -6 15 85
137 0 9 15 86
137 0 26 15 87
138 0 42 4 88
138 0 172 4 89
138 0 308 15 90
138 0 323 15 91
138 0 340 15 92
141 0 58 15 93
141 0 69 4 94
141 0 82 4 95
141 0 97 15 96
141 0 113 15 97
141 0 354 15 98
142 0 208 15 99
142 0 368 15 100
143 0 124 15 101
143 0 178 15 102
145 0 140 15 103
145 0 157 15 104
146 0 199 15 105
147 0 171 4 106
149 0 207 4 107
150 0 220 15 108
150 0 234 4 109
151 0 250 15 110
151 0 364 15 111
152 0 267 15 112
153 0 178 15 113
153 0 289 15 114
154 0 306 4 115
155 0 320 15 116
156 0 337 15 117
157 0 198 15 118
157 0 350 15 119
159 0 363 15 120
163 0 176 15 121
170 0 195 15 122
172 0 172 15 123
178 0 168 15 124
180 0 193 15 125
186 0 155 15 126
186 0 192 15 127
188 0 164 15 128
188 0 176 15 129
188 0 184 15 130
189 0 199 15 131
196 0 153 15 132
203 0 195 15 133
208 0 152 15 134
220 0 191 15 135
221 0 149 15 136
222 0 236 15 137
228 0 142 15 138
230 0 181 15 139
231 0 230 15 140
231 0 244 15 141
235 0 191 15 142
237 0 139 15 143
240 0 180 15 144
240 0 241 15 145
244 0 224 15 146
247 0 141 15 147
248 0 186 15 148
250 0 178 15 149
253 0 238 15 150
255 0 145 15 151
258 0 221 15 152
261 0 185 15 153
261 0 235 15 154
264 0 142 15 155
264 0 174 15 156
267 0 215 15 157
268 0 191 15 158
268 0 200 15 159
268 0 206 15 160
268 0 239 15 161
274 0 168 15 162
274 0 182 15 163
274 0 204 15 164
276 0 240 15 165
277 0 148 15 166
278 0 141 15 167
279 0 203 15 168
283 0 200 15 169
284 0 172 15 170
284 0 180 15 171
285 0 239 15 172
286 0 156 15 173
286 0 216 15 174
287 0 143 15 175
287 0 186 15 176
287 0 207 15 177
287 0 233 4 178
290 0 227 15 179
293 0 179 15 180
298 0 176 15 181
298 0 184 15 182
299 0 146 4 183
299 0 160 15 184
299 0 170 15 185
299 0 214 15 186
302 0 224 15 187
303 0 142 15 188
303 0 153 15 189
303 0 180 4 190
304 0 163 15 191
304 0 177 15 192
306 0 172 4 193
308 0 181 4 194
309 0 159 15 195
309 0 178 15 196
310 0 173 15 197
310 0 190 4 198
310 0 210 4 199
312 0 182 15 200
312 0 222 15 201
314 0 179 15 202
315 0 175 4 203
316 0 140 15 204
318 0 164 4 205
321 0 207 15 206
321 0 220 15 207
322 0 195 15 208
326 0 215 4 209
329 0 167 15 210
329 0 182 15 211
329 0 191 15 212
331 0 136 15 213
332 0 200 4 214
333 0 162 15 215
333 0 176 15 216
338 0 170 15 217
339 0 191 15 218
340 0 184 15 219
341 0 136 15 220
342 0 199 15 221
345 0 161 15 222
346 0 178 15 223
348 0 168 15 224
349 0 144 15 225
350 0 136 15 226
350 0 151 15 227
355 0 205 15 228
357 0 167 15 229
358 0 157 15 230
358 0 181 15 231
364 0 139 15 232
367 0 165 15 233
367 0 208 15 234
369 0 200 15 235
372 0 186 4 236
373 0 193 4 237
373 0 251 15 238
373 0 266 15 239
373 0 279 15 240
375 0 219 15 241
375 0 235 15 242
376 0 138 15 243
376 0 182 15 244
377 0 168 15 245
379 0 156 15 246
379 0 212 15 247
380 0 62 15 248
380 0 95 15 249
380 0 110 15 250
381 0 47 15 251
381 0 80 15 252
381 0 128 15 253
382 0 10 15 254
382 0 32 15 255
382 0 193 15 256
383 0 21 15 257
384 0 -4 15 258
385 0 243 15 259
385 0 261 15 260
385 0 273 15 261
386 0 220 15 262
387 0 208 15 263
389 0 135 15 264
389 0 142 15 265
389 0 167 4 266
389 0 185 15 267
390 0 154 15 268
390 0 200 4 269
392 0 100 15 270
392 0 117 15 271
392 0 131 15 272
393 0 83 15 273
394 0 69 15 274
394 0 197 15 275
394 0 215 15 276
395 0 54 15 277
396 0 10 15 278
396 0 27 15 279
396 0 41 4 280
396 0 257 15 281
396 0 269 15 282
397 0 -2 15 283
397 0 240 15 284
398 0 222 15 285
400 0 206 15 286
401 0 188 15 287
402 0 127 15 288
403 0 106 15 289
403 0 150 15 290
403 0 168 15 291
404 0 88 15 292
405 0 57 15 293
405 0 71 15 294
407 0 27 15 295
407 0 42 15 296
408 0 10 15 297
409 0 -3 15 298
66 19 -37 15 299
73 19 -37 15 300
80 19 -37 15 301
88 19 -37 15 302
95 19 -37 15 303
103 19 -37 15 304
110 19 -37 15 305
118 19 -37 15 306
125 19 -37 15 307
133 19 -37 15 308
140 19 -37 15 309
147 19 -37 15 310
155 19 -37 15 311
162 19 -37 15 312
170 19 -37 15 313
177 19 -37 15 314
185 19 -37 15 315
192 19 -36 15 316
200 19 -37 15 317
207 19 -37 15 318
214 19 -37 15 319
221 19 -36 15 320
228 19 -37 15 321
236 19 -37 15 322
243 19 -36 15 323
251 19 -37 15 324
258 19 -36 15 325
265 19 -37 15 326
273 19 -37 15 327
280 19 -37 15 328
288 19 -37 15 329
295 19 -37 15 330
303 19 -37 15 331
310 19 -37 15 332
318 19 -37 15 333
325 19 -37 15 334
332 19 -37 15 335
340 19 -37 15 336
347 19 -37 15 337
355 19 -37 15 338
362 19 -37 15 339
370 19 -37 15 340
377 19 -37 15 341
385 19 -37 15 342
392 19 -37 15 343
399 19 -36 15 344
407 19 -37 15 345
414 19 -37 15 346
422 19 -37 15 347
429 19 -37 15 348
429 19 -29 15 349
429 19 -22 15 350
429 19 -14 15 351
429 19 -7 15 352
429 19 1 15 353
429 19 8 15 354
429 19 15 15 355
429 19 23 4 356
429 19 30 4 357
429 19 38 4 358
429 19 45 4 359
