360
87 0 -22 15 0
87 0 -6 15 1
88 0 5 15 2
89 0 20 15 3
89 0 34 15 4
91 0 45 15 5
92 0 58 15 6
93 0 69 15 7
93 0 83 15 8
94 0 100 15 9
98 0 114 15 10
98 0 -21 15 11
98 0 124 15 12
99 0 137 15 13
99 0 150 15 14
99 0 164 15 15
101 0 180 15 16
106 0 220 15 17
106 0 234 15 18
106 0 246 15 19
107 0 -20 15 20
107 0 -3 15 21
108 0 260 15 22
109 0 11 15 23
109 0 276 15 24
110 0 26 15 25
111 0 39 15 26
111 0 54 15 27
111 0 177 15 28
111 0 296 15 29
125 0 65 4 30
112 0 82 15 31
112 0 314 15 32
113 0 97 15 33
118 0 -23 15 34
127 0 -11 15 35
125 0 2 15 36
127 0 13 4 37
127 0 25 4 38
114 0 217 15 39
114 0 330 15 40
128 0 37 4 41
118 0 350 15 42
118 0 363 15 43
118 0 380 15 44
128 0 53 4 45
129 0 106 15 46
117 0 127 15 47
117 0 144 15 48
130 0 67 4 49
131 0 77 4 50
129 0 91 15 51
118 0 162 15 52
118 0 177 15 53
131 0 108 15 54
132 0 122 15 55
128 0 226 4 56
127 0 237 15 57
122 0 185 15 58
133 0 139 15 59
123 0 192 15 60
134 0 258 15 61
130 0 263 4 62
130 0 -24 15 63
124 0 162 15 64
133 0 217 15 65
129 0 376 15 66
132 0 219 4 67
130 0 281 15 68
135 0 301 15 69
133 0 185 4 70
132 0 313 15 71
133 0 328 15 72
140 0 232 15 73
136 0 236 4 74
133 0 343 15 75
137 0 249 4 76
137 0 265 4 77
136 0 359 15 78
137 0 204 4 79
136 0 371 15 80
139 0 -25 15 81
138 0 276 15 82
140 0 197 4 83
139 0 294 15 84
145 0 -6 15 85
144 0 9 15 86
144 0 26 15 87
147 0 41 4 88
141 0 181 4 89
144 0 318 15 90
141 0 327 15 91
141 0 344 15 92
147 0 56 15 93
151 0 65 4 94
151 0 77 4 95
148 0 92 15 96
149 0 108 15 97
143 0 356 15 98
144 0 213 15 99
142 0 368 15 100
149 0 121 15 101
150 0 198 15 102
151 0 138 15 103
151 0 155 15 104
147 0 203 15 105
149 0 180 4 106
150 0 212 4 107
155 0 234 15 108
152 0 239 4 109
151 0 251 15 110
153 0 366 15 111
152 0 268 15 112
158 0 192 15 113
156 0 294 15 114
155 0 308 4 115
159 0 327 15 116
156 0 338 15 117
158 0 201 15 118
158 0 352 15 119
161 0 365 15 120
164 0 180 15 121
173 0 204 15 122
173 0 177 15 123
181 0 168 15 124
182 0 200 15 125
186 0 155 15 126
186 0 193 15 127
188 0 164 15 128
188 0 176 15 129
188 0 185 15 130
190 0 202 15 131
197 0 151 15 132
203 0 196 15 133
208 0 150 15 134
219 0 193 15 135
220 0 148 15 136
220 0 246 15 137
228 0 142 15 138
228 0 180 15 139
228 0 241 15 140
228 0 256 15 141
234 0 193 15 142
237 0 139 15 143
239 0 180 15 144
237 0 251 15 145
244 0 224 15 146
247 0 141 15 147
247 0 189 15 148
249 0 178 15 149
252 0 240 15 150
254 0 144 15 151
257 0 223 15 152
260 0 185 15 153
254 0 253 15 154
263 0 140 15 155
263 0 174 15 156
264 0 222 15 157
265 0 194 15 158
268 0 201 15 159
261 0 223 15 160
264 0 249 15 161
272 0 167 15 162
272 0 184 15 163
265 0 227 15 164
271 0 252 15 165
270 0 138 15 166
275 0 137 15 167
270 0 224 15 168
276 0 217 15 169
280 0 176 15 170
274 0 203 15 171
278 0 257 15 172
279 0 145 15 173
281 0 228 15 174
283 0 137 15 175
282 0 198 15 176
278 0 229 15 177
287 0 234 4 178
285 0 241 15 179
291 0 183 15 180
292 0 190 15 181
291 0 201 15 182
289 0 132 4 183
289 0 147 15 184
288 0 194 15 185
293 0 229 15 186
300 0 228 15 187
297 0 134 15 188
294 0 140 15 189
301 0 187 4 190
296 0 151 15 191
294 0 200 15 192
303 0 180 4 193
304 0 190 4 194
302 0 148 15 195
301 0 196 15 196
307 0 180 15 197
306 0 201 4 198
307 0 217 4 199
302 0 205 15 200
309 0 229 15 201
311 0 186 15 202
311 0 184 4 203
309 0 131 15 204
313 0 177 4 205
310 0 228 15 206
313 0 234 15 207
311 0 216 15 208
320 0 226 4 209
329 0 167 15 210
329 0 182 15 211
329 0 191 15 212
330 0 137 15 213
325 0 212 4 214
333 0 162 15 215
322 0 197 15 216
337 0 170 15 217
332 0 203 15 218
339 0 186 15 219
340 0 136 15 220
341 0 201 15 221
345 0 162 15 222
344 0 181 15 223
348 0 168 15 224
349 0 144 15 225
350 0 136 15 226
348 0 151 15 227
354 0 206 15 228
356 0 169 15 229
357 0 157 15 230
355 0 187 15 231
360 0 137 15 232
364 0 169 15 233
362 0 214 15 234
358 0 214 15 235
360 0 202 4 236
361 0 208 4 237
370 0 255 15 238
370 0 269 15 239
370 0 282 15 240
364 0 232 15 241
371 0 239 15 242
372 0 136 15 243
370 0 190 15 244
365 0 183 15 245
375 0 162 15 246
375 0 216 15 247
374 0 61 15 248
374 0 93 15 249
374 0 107 15 250
375 0 46 15 251
365 0 75 15 252
377 0 126 15 253
375 0 11 15 254
375 0 32 15 255
368 0 211 15 256
367 0 21 15 257
377 0 -4 15 258
378 0 250 15 259
378 0 268 15 260
380 0 278 15 261
379 0 228 15 262
382 0 214 15 263
382 0 131 15 264
382 0 138 15 265
375 0 186 4 266
382 0 195 15 267
382 0 164 15 268
376 0 216 4 269
386 0 97 15 270
375 0 109 15 271
384 0 126 15 272
387 0 81 15 273
386 0 68 15 274
386 0 206 15 275
386 0 224 15 276
389 0 53 15 277
390 0 11 15 278
390 0 27 15 279
376 0 39 4 280
388 0 266 15 281
388 0 277 15 282
391 0 -1 15 283
388 0 248 15 284
384 0 237 15 285
384 0 223 15 286
385 0 206 15 287
395 0 124 15 288
396 0 104 15 289
396 0 160 15 290
396 0 177 15 291
395 0 86 15 292
386 0 54 15 293
398 0 69 15 294
397 0 27 15 295
399 0 41 15 296
398 0 10 15 297
401 0 -3 15 298
69 17 -39 15 299
77 17 -39 15 300
85 17 -39 15 301
93 17 -39 15 302
100 17 -37 15 303
107 17 -39 15 304
115 17 -39 15 305
122 17 -37 15 306
130 17 -39 15 307
138 17 -39 15 308
144 17 -37 15 309
152 17 -39 15 310
159 17 -37 15 311
166 17 -39 15 312
173 17 -37 15 313
181 17 -39 15 314
187 17 -37 15 315
195 17 -34 15 316
201 17 -37 15 317
208 17 -39 15 318
215 17 -37 15 319
221 17 -35 15 320
228 17 -39 15 321
235 17 -37 15 322
241 17 -35 15 323
249 17 -37 15 324
255 17 -34 15 325
262 17 -39 15 326
269 17 -37 15 327
276 17 -39 15 328
284 17 -37 15 329
291 17 -37 15 330
297 17 -39 15 331
305 17 -37 15 332
311 17 -39 15 333
319 17 -37 15 334
325 17 -39 15 335
334 17 -37 15 336
341 17 -37 15 337
346 17 -39 15 338
355 17 -37 15 339
361 17 -39 15 340
369 17 -37 15 341
375 17 -39 15 342
384 17 -37 15 343
390 17 -36 15 344
396 17 -39 15 345
405 17 -37 15 346
410 17 -39 15 347
418 17 -39 15 348
418 17 -29 15 349
416 17 -22 15 350
418 17 -15 15 351
416 17 -8 15 352
405 17 -1 15 353
405 17 6 15 354
406 17 14 15 355
405 17 22 4 356
404 17 29 4 357
403 17 35 4 358
404 17 42 4 359
