360
87 0 -22 15 0
87 0 -6 15 1
88 0 5 15 2
88 0 20 15 3
89 0 34 15 4
91 0 45 15 5
92 0 58 15 6
93 0 69 15 7
93 0 83 15 8
94 0 100 15 9
97 0 114 15 10
98 0 -21 15 11
98 0 124 15 12
99 0 137 15 13
99 0 150 15 14
99 0 164 15 15
101 0 180 15 16
106 0 220 15 17
106 0 234 15 18
106 0 246 15 19
107 0 -20 15 20
107 0 -3 15 21
108 0 260 15 22
109 0 11 15 23
109 0 276 15 24
110 0 26 15 25
111 0 39 15 26
111 0 54 15 27
111 0 177 15 28
111 0 296 15 29
123 0 65 4 30
112 0 82 15 31
112 0 314 15 32
113 0 97 15 33
117 0 -23 15 34
125 0 -11 15 35
124 0 2 15 36
125 0 13 4 37
126 0 25 4 38
114 0 217 15 39
114 0 330 15 40
126 0 38 4 41
118 0 350 15 42
117 0 363 15 43
118 0 379 15 44
127 0 53 4 45
127 0 107 15 46
117 0 127 15 47
117 0 144 15 48
128 0 68 4 49
129 0 77 4 50
128 0 92 15 51
119 0 162 15 52
119 0 177 15 53
129 0 109 15 54
130 0 122 15 55
127 0 224 4 56
126 0 236 15 57
122 0 184 15 58
132 0 140 15 59
123 0 192 15 60
133 0 256 15 61
129 0 262 4 62
129 0 -24 15 63
124 0 162 15 64
132 0 215 15 65
128 0 376 15 66
131 0 218 4 67
130 0 280 15 68
134 0 299 15 69
132 0 183 4 70
132 0 312 15 71
133 0 327 15 72
139 0 230 15 73
135 0 235 4 74
133 0 342 15 75
136 0 248 4 76
136 0 264 4 77
136 0 358 15 78
137 0 202 4 79
136 0 371 15 80
138 0 -24 15 81
137 0 276 15 82
139 0 196 4 83
139 0 293 15 84
144 0 -6 15 85
143 0 9 15 86
143 0 26 15 87
145 0 41 4 88
141 0 180 4 89
143 0 316 15 90
140 0 327 15 91
140 0 343 15 92
146 0 56 15 93
149 0 65 4 94
149 0 77 4 95
147 0 93 15 96
148 0 109 15 97
143 0 356 15 98
143 0 212 15 99
142 0 368 15 100
148 0 121 15 101
149 0 195 15 102
150 0 138 15 103
150 0 155 15 104
147 0 202 15 105
149 0 179 4 106
150 0 211 4 107
154 0 232 15 108
151 0 238 4 109
151 0 251 15 110
153 0 366 15 111
152 0 268 15 112
158 0 189 15 113
155 0 293 15 114
155 0 308 4 115
159 0 326 15 116
156 0 338 15 117
158 0 201 15 118
158 0 352 15 119
161 0 365 15 120
164 0 180 15 121
173 0 203 15 122
173 0 176 15 123
180 0 168 15 124
182 0 199 15 125
186 0 155 15 126
186 0 193 15 127
188 0 164 15 128
188 0 176 15 129
188 0 185 15 130
190 0 202 15 131
197 0 151 15 132
203 0 196 15 133
208 0 151 15 134
219 0 193 15 135
220 0 148 15 136
220 0 245 15 137
228 0 142 15 138
229 0 180 15 139
228 0 240 15 140
228 0 254 15 141
234 0 193 15 142
237 0 139 15 143
239 0 180 15 144
238 0 250 15 145
244 0 224 15 146
247 0 141 15 147
247 0 188 15 148
249 0 178 15 149
252 0 239 15 150
254 0 145 15 151
257 0 223 15 152
260 0 185 15 153
255 0 250 15 154
263 0 140 15 155
263 0 174 15 156
265 0 221 15 157
266 0 193 15 158
268 0 201 15 159
262 0 220 15 160
264 0 248 15 161
272 0 167 15 162
272 0 184 15 163
266 0 224 15 164
272 0 250 15 165
271 0 140 15 166
276 0 137 15 167
271 0 221 15 168
277 0 215 15 169
280 0 175 15 170
275 0 200 15 171
279 0 255 15 172
280 0 147 15 173
282 0 226 15 174
284 0 138 15 175
283 0 196 15 176
279 0 226 15 177
287 0 234 4 178
285 0 239 15 179
291 0 182 15 180
292 0 188 15 181
292 0 199 15 182
291 0 134 4 183
291 0 148 15 184
290 0 190 15 185
294 0 227 15 186
301 0 227 15 187
298 0 135 15 188
296 0 142 15 189
301 0 186 4 190
297 0 153 15 191
296 0 197 15 192
303 0 179 4 193
305 0 189 4 194
303 0 150 15 195
302 0 193 15 196
308 0 179 15 197
307 0 199 4 198
307 0 216 4 199
304 0 202 15 200
309 0 228 15 201
311 0 185 15 202
311 0 183 4 203
310 0 132 15 204
314 0 175 4 205
312 0 225 15 206
314 0 232 15 207
313 0 213 15 208
321 0 224 4 209
329 0 167 15 210
329 0 182 15 211
329 0 191 15 212
330 0 137 15 213
326 0 211 4 214
333 0 162 15 215
324 0 194 15 216
337 0 170 15 217
333 0 201 15 218
339 0 185 15 219
340 0 136 15 220
341 0 201 15 221
345 0 162 15 222
344 0 180 15 223
348 0 168 15 224
349 0 144 15 225
350 0 136 15 226
348 0 151 15 227
354 0 206 15 228
356 0 169 15 229
357 0 157 15 230
355 0 186 15 231
360 0 137 15 232
365 0 168 15 233
363 0 213 15 234
360 0 212 15 235
362 0 200 4 236
363 0 206 4 237
370 0 254 15 238
370 0 269 15 239
370 0 281 15 240
365 0 230 15 241
372 0 239 15 242
373 0 136 15 243
371 0 189 15 244
367 0 181 15 245
376 0 161 15 246
376 0 216 15 247
375 0 61 15 248
375 0 93 15 249
375 0 107 15 250
375 0 47 15 251
367 0 76 15 252
377 0 126 15 253
376 0 11 15 254
376 0 32 15 255
370 0 208 15 256
369 0 21 15 257
378 0 -4 15 258
379 0 249 15 259
379 0 267 15 260
381 0 277 15 261
380 0 226 15 262
383 0 213 15 263
383 0 132 15 264
383 0 139 15 265
377 0 183 4 266
383 0 193 15 267
383 0 163 15 268
378 0 213 4 269
387 0 98 15 270
377 0 110 15 271
385 0 127 15 272
388 0 82 15 273
387 0 68 15 274
387 0 205 15 275
387 0 223 15 276
390 0 53 15 277
391 0 11 15 278
391 0 27 15 279
379 0 40 4 280
389 0 264 15 281
389 0 276 15 282
391 0 -1 15 283
390 0 247 15 284
386 0 235 15 285
387 0 221 15 286
387 0 204 15 287
396 0 124 15 288
397 0 104 15 289
397 0 158 15 290
397 0 176 15 291
396 0 86 15 292
388 0 54 15 293
399 0 70 15 294
399 0 27 15 295
400 0 42 15 296
399 0 10 15 297
402 0 -3 15 298
69 17 -38 15 299
77 17 -38 15 300
85 17 -38 15 301
92 17 -38 15 302
99 17 -37 15 303
107 17 -38 15 304
115 17 -38 15 305
121 17 -37 15 306
129 17 -38 15 307
137 17 -38 15 308
144 17 -37 15 309
151 17 -38 15 310
158 17 -37 15 311
166 17 -38 15 312
172 17 -37 15 313
180 17 -38 15 314
187 17 -37 15 315
195 17 -35 15 316
201 17 -37 15 317
208 17 -38 15 318
215 17 -37 15 319
221 17 -35 15 320
228 17 -38 15 321
235 17 -37 15 322
241 17 -35 15 323
249 17 -37 15 324
255 17 -35 15 325
262 17 -38 15 326
270 17 -37 15 327
277 17 -38 15 328
284 17 -37 15 329
292 17 -37 15 330
298 17 -38 15 331
306 17 -37 15 332
312 17 -38 15 333
320 17 -37 15 334
326 17 -38 15 335
334 17 -37 15 336
342 17 -37 15 337
347 17 -38 15 338
356 17 -37 15 339
362 17 -38 15 340
370 17 -37 15 341
376 17 -38 15 342
385 17 -37 15 343
392 17 -36 15 344
397 17 -38 15 345
407 17 -37 15 346
412 17 -38 15 347
420 17 -38 15 348
420 17 -29 15 349
418 17 -22 15 350
420 17 -15 15 351
418 17 -8 15 352
408 17 -1 15 353
409 17 7 15 354
409 17 15 15 355
408 17 22 4 356
407 17 29 4 357
407 17 36 4 358
407 17 43 4 359
