360
87 0 -22 15 0
87 0 -6 15 1
87 0 5 15 2
88 0 20 15 3
89 0 34 15 4
91 0 45 15 5
92 0 58 15 6
93 0 69 15 7
93 0 83 15 8
94 0 100 15 9
97 0 114 15 10
98 0 -21 15 11
98 0 124 15 12
99 0 137 15 13
99 0 150 15 14
99 0 164 15 15
101 0 180 15 16
106 0 220 15 17
106 0 234 15 18
106 0 246 15 19
107 0 -20 15 20
107 0 -3 15 21
108 0 260 15 22
109 0 11 15 23
109 0 276 15 24
110 0 26 15 25
111 0 39 15 26
111 0 54 15 27
111 0 177 15 28
111 0 296 15 29
122 0 66 4 30
112 0 82 15 31
112 0 314 15 32
113 0 97 15 33
117 0 -23 15 34
124 0 -11 15 35
123 0 2 15 36
124 0 13 4 37
125 0 25 4 38
114 0 217 15 39
114 0 330 15 40
126 0 38 4 41
117 0 350 15 42
117 0 363 15 43
117 0 379 15 44
126 0 53 4 45
126 0 107 15 46
117 0 127 15 47
117 0 144 15 48
128 0 68 4 49
128 0 78 4 50
127 0 92 15 51
119 0 162 15 52
119 0 177 15 53
129 0 109 15 54
130 0 123 15 55
127 0 223 4 56
126 0 235 15 57
122 0 184 15 58
132 0 140 15 59
123 0 191 15 60
132 0 255 15 61
129 0 262 4 62
129 0 -23 15 63
124 0 162 15 64
132 0 214 15 65
128 0 375 15 66
131 0 217 4 67
130 0 280 15 68
133 0 299 15 69
132 0 182 4 70
131 0 312 15 71
133 0 327 15 72
138 0 228 15 73
135 0 234 4 74
133 0 342 15 75
136 0 248 4 76
136 0 263 4 77
136 0 358 15 78
137 0 202 4 79
136 0 371 15 80
138 0 -24 15 81
137 0 275 15 82
139 0 195 4 83
139 0 293 15 84
143 0 -6 15 85
142 0 9 15 86
142 0 26 15 87
145 0 41 4 88
141 0 180 4 89
143 0 316 15 90
140 0 326 15 91
140 0 343 15 92
146 0 56 15 93
149 0 66 4 94
149 0 78 4 95
147 0 93 15 96
147 0 109 15 97
142 0 356 15 98
143 0 212 15 99
142 0 368 15 100
148 0 121 15 101
148 0 193 15 102
150 0 139 15 103
150 0 155 15 104
147 0 202 15 105
149 0 178 4 106
150 0 211 4 107
154 0 231 15 108
151 0 238 4 109
151 0 251 15 110
153 0 366 15 111
152 0 268 15 112
157 0 189 15 113
155 0 293 15 114
154 0 307 4 115
158 0 325 15 116
156 0 338 15 117
157 0 200 15 118
158 0 352 15 119
161 0 365 15 120
164 0 180 15 121
172 0 202 15 122
173 0 176 15 123
180 0 168 15 124
181 0 199 15 125
186 0 155 15 126
186 0 193 15 127
188 0 164 15 128
188 0 176 15 129
188 0 185 15 130
189 0 202 15 131
197 0 152 15 132
203 0 196 15 133
208 0 151 15 134
219 0 192 15 135
220 0 148 15 136
220 0 244 15 137
228 0 142 15 138
229 0 180 15 139
229 0 239 15 140
228 0 253 15 141
234 0 192 15 142
237 0 139 15 143
239 0 180 15 144
238 0 249 15 145
244 0 224 15 146
247 0 141 15 147
247 0 188 15 148
250 0 178 15 149
253 0 239 15 150
254 0 145 15 151
257 0 223 15 152
261 0 185 15 153
255 0 249 15 154
263 0 140 15 155
263 0 174 15 156
265 0 220 15 157
266 0 193 15 158
268 0 201 15 159
263 0 219 15 160
265 0 247 15 161
272 0 167 15 162
272 0 184 15 163
267 0 222 15 164
272 0 250 15 165
271 0 140 15 166
276 0 138 15 167
272 0 220 15 168
277 0 214 15 169
281 0 175 15 170
276 0 199 15 171
279 0 253 15 172
280 0 148 15 173
282 0 225 15 174
284 0 138 15 175
283 0 195 15 176
280 0 225 15 177
287 0 234 4 178
286 0 238 15 179
291 0 182 15 180
293 0 187 15 181
292 0 198 15 182
291 0 135 4 183
291 0 149 15 184
291 0 189 15 185
294 0 226 15 186
301 0 227 15 187
298 0 136 15 188
296 0 143 15 189
301 0 185 4 190
298 0 154 15 191
296 0 195 15 192
303 0 179 4 193
305 0 188 4 194
303 0 150 15 195
303 0 192 15 196
308 0 179 15 197
307 0 198 4 198
307 0 216 4 199
304 0 201 15 200
310 0 227 15 201
312 0 184 15 202
312 0 182 4 203
310 0 133 15 204
314 0 174 4 205
312 0 224 15 206
315 0 231 15 207
314 0 212 15 208
322 0 224 4 209
329 0 167 15 210
329 0 182 15 211
329 0 191 15 212
330 0 137 15 213
327 0 210 4 214
333 0 162 15 215
324 0 193 15 216
337 0 170 15 217
334 0 201 15 218
339 0 185 15 219
340 0 136 15 220
341 0 201 15 221
345 0 162 15 222
345 0 180 15 223
348 0 168 15 224
349 0 144 15 225
350 0 136 15 226
348 0 151 15 227
354 0 206 15 228
356 0 168 15 229
357 0 157 15 230
355 0 185 15 231
361 0 137 15 232
365 0 168 15 233
363 0 212 15 234
361 0 211 15 235
362 0 198 4 236
364 0 205 4 237
370 0 254 15 238
370 0 268 15 239
370 0 281 15 240
366 0 229 15 241
372 0 238 15 242
373 0 137 15 243
371 0 188 15 244
368 0 180 15 245
376 0 161 15 246
376 0 216 15 247
375 0 61 15 248
375 0 93 15 249
375 0 108 15 250
376 0 47 15 251
368 0 76 15 252
378 0 127 15 253
377 0 11 15 254
377 0 32 15 255
371 0 207 15 256
370 0 21 15 257
379 0 -4 15 258
380 0 248 15 259
380 0 266 15 260
381 0 277 15 261
380 0 226 15 262
383 0 213 15 263
383 0 132 15 264
383 0 139 15 265
378 0 182 4 266
383 0 193 15 267
384 0 162 15 268
379 0 212 4 269
387 0 98 15 270
378 0 111 15 271
386 0 127 15 272
388 0 82 15 273
388 0 68 15 274
388 0 204 15 275
388 0 222 15 276
390 0 53 15 277
391 0 11 15 278
391 0 27 15 279
380 0 40 4 280
389 0 264 15 281
389 0 275 15 282
392 0 -1 15 283
390 0 247 15 284
387 0 234 15 285
388 0 219 15 286
388 0 202 15 287
396 0 124 15 288
397 0 105 15 289
397 0 158 15 290
397 0 175 15 291
397 0 86 15 292
390 0 55 15 293
399 0 70 15 294
399 0 27 15 295
401 0 42 15 296
400 0 10 15 297
403 0 -3 15 298
69 17 -38 15 299
76 17 -38 15 300
84 17 -38 15 301
92 17 -38 15 302
99 17 -37 15 303
107 17 -38 15 304
114 17 -38 15 305
121 17 -37 15 306
129 17 -38 15 307
137 17 -38 15 308
144 17 -37 15 309
151 17 -38 15 310
158 17 -37 15 311
166 17 -38 15 312
172 17 -37 15 313
180 17 -38 15 314
186 17 -37 15 315
194 17 -35 15 316
201 17 -37 15 317
208 17 -38 15 318
215 17 -37 15 319
221 17 -35 15 320
228 17 -38 15 321
235 17 -37 15 322
242 17 -35 15 323
249 17 -37 15 324
256 17 -35 15 325
262 17 -38 15 326
270 17 -37 15 327
277 17 -38 15 328
284 17 -37 15 329
292 17 -37 15 330
298 17 -38 15 331
306 17 -37 15 332
312 17 -38 15 333
321 17 -37 15 334
327 17 -38 15 335
335 17 -37 15 336
342 17 -37 15 337
348 17 -38 15 338
357 17 -37 15 339
362 17 -38 15 340
371 17 -37 15 341
377 17 -38 15 342
385 17 -37 15 343
392 17 -36 15 344
398 17 -38 15 345
407 17 -37 15 346
413 17 -38 15 347
420 17 -38 15 348
421 17 -29 15 349
419 17 -22 15 350
421 17 -15 15 351
419 17 -8 15 352
410 17 -1 15 353
410 17 7 15 354
411 17 15 15 355
410 17 23 4 356
409 17 29 4 357
408 17 36 4 358
409 17 43 4 359
