360
86 0 -21 15 0
86 0 -6 15 1
87 0 5 15 2
88 0 20 15 3
89 0 34 15 4
91 0 45 15 5
92 0 58 15 6
93 0 69 15 7
93 0 83 15 8
94 0 100 15 9
96 0 114 15 10
97 0 -21 15 11
97 0 124 15 12
98 0 137 15 13
98 0 150 15 14
99 0 164 15 15
100 0 178 15 16
106 0 219 15 17
106 0 233 15 18
106 0 246 15 19
107 0 -20 15 20
107 0 -3 15 21
108 0 259 15 22
109 0 11 15 23
109 0 276 15 24
110 0 26 15 25
111 0 39 15 26
111 0 54 15 27
111 0 177 15 28
111 0 296 15 29
115 0 68 4 30
112 0 82 15 31
112 0 314 15 32
113 0 97 15 33
115 0 -21 15 34
118 0 -11 15 35
118 0 2 15 36
118 0 13 4 37
118 0 25 4 38
114 0 217 15 39
114 0 330 15 40
119 0 39 4 41
116 0 349 15 42
116 0 362 15 43
116 0 377 15 44
120 0 55 4 45
120 0 111 15 46
117 0 127 15 47
117 0 144 15 48
122 0 70 4 49
122 0 81 4 50
122 0 95 15 51
119 0 162 15 52
119 0 176 15 53
124 0 112 15 54
125 0 126 15 55
124 0 217 4 56
124 0 231 15 57
123 0 182 15 58
127 0 142 15 59
124 0 190 15 60
127 0 247 15 61
126 0 258 4 62
127 0 -22 15 63
125 0 161 15 64
128 0 206 15 65
127 0 374 15 66
128 0 211 4 67
128 0 277 15 68
130 0 294 15 69
130 0 178 4 70
130 0 310 15 71
131 0 325 15 72
134 0 219 15 73
133 0 230 4 74
132 0 341 15 75
134 0 244 4 76
134 0 259 4 77
134 0 356 15 78
135 0 197 4 79
134 0 370 15 80
136 0 -23 15 81
135 0 273 15 82
137 0 191 4 83
137 0 290 15 84
139 0 -6 15 85
139 0 9 15 86
139 0 26 15 87
140 0 42 4 88
139 0 175 4 89
140 0 311 15 90
138 0 324 15 91
138 0 341 15 92
142 0 58 15 93
144 0 68 4 94
144 0 81 4 95
143 0 96 15 96
143 0 112 15 97
141 0 354 15 98
142 0 209 15 99
142 0 368 15 100
144 0 123 15 101
145 0 183 15 102
146 0 140 15 103
146 0 157 15 104
146 0 200 15 105
147 0 173 4 106
149 0 208 4 107
151 0 224 15 108
150 0 235 4 109
151 0 250 15 110
151 0 364 15 111
152 0 267 15 112
154 0 181 15 113
153 0 290 15 114
154 0 306 4 115
156 0 322 15 116
156 0 337 15 117
157 0 199 15 118
157 0 350 15 119
159 0 363 15 120
163 0 177 15 121
171 0 197 15 122
172 0 173 15 123
178 0 168 15 124
180 0 195 15 125
186 0 155 15 126
186 0 192 15 127
188 0 164 15 128
188 0 176 15 129
188 0 184 15 130
189 0 200 15 131
197 0 153 15 132
203 0 195 15 133
208 0 152 15 134
220 0 191 15 135
220 0 149 15 136
221 0 239 15 137
228 0 142 15 138
230 0 181 15 139
230 0 233 15 140
230 0 247 15 141
235 0 191 15 142
237 0 139 15 143
240 0 180 15 144
240 0 244 15 145
244 0 224 15 146
247 0 141 15 147
248 0 186 15 148
250 0 178 15 149
253 0 238 15 150
254 0 145 15 151
258 0 221 15 152
261 0 185 15 153
259 0 240 15 154
264 0 142 15 155
264 0 174 15 156
267 0 217 15 157
268 0 191 15 158
268 0 200 15 159
266 0 211 15 160
267 0 242 15 161
274 0 168 15 162
274 0 182 15 163
271 0 211 15 164
275 0 243 15 165
275 0 145 15 166
277 0 140 15 167
277 0 209 15 168
281 0 205 15 169
283 0 173 15 170
281 0 187 15 171
283 0 244 15 172
284 0 153 15 173
285 0 219 15 174
286 0 141 15 175
286 0 189 15 176
285 0 213 15 177
287 0 233 4 178
289 0 231 15 179
293 0 180 15 180
296 0 180 15 181
296 0 189 15 182
296 0 142 4 183
296 0 156 15 184
296 0 177 15 185
298 0 218 15 186
302 0 225 15 187
302 0 140 15 188
301 0 150 15 189
303 0 182 4 190
302 0 160 15 191
301 0 183 15 192
305 0 174 4 193
307 0 183 4 194
307 0 156 15 195
307 0 182 15 196
310 0 175 15 197
309 0 193 4 198
309 0 212 4 199
309 0 189 15 200
311 0 224 15 201
313 0 180 15 202
314 0 178 4 203
314 0 137 15 204
317 0 167 4 205
318 0 213 15 206
319 0 224 15 207
319 0 201 15 208
325 0 218 4 209
329 0 167 15 210
329 0 182 15 211
329 0 191 15 212
330 0 137 15 213
330 0 203 4 214
333 0 162 15 215
330 0 181 15 216
338 0 170 15 217
337 0 194 15 218
340 0 184 15 219
341 0 136 15 220
342 0 199 15 221
345 0 162 15 222
346 0 179 15 223
348 0 168 15 224
349 0 144 15 225
350 0 136 15 226
350 0 151 15 227
355 0 205 15 228
357 0 167 15 229
358 0 157 15 230
357 0 182 15 231
363 0 139 15 232
367 0 166 15 233
366 0 209 15 234
366 0 204 15 235
369 0 190 4 236
370 0 197 4 237
372 0 252 15 238
372 0 267 15 239
372 0 280 15 240
372 0 223 15 241
374 0 236 15 242
375 0 138 15 243
375 0 184 15 244
374 0 173 15 245
378 0 158 15 246
378 0 213 15 247
378 0 62 15 248
378 0 95 15 249
378 0 109 15 250
379 0 47 15 251
376 0 79 15 252
380 0 128 15 253
380 0 11 15 254
380 0 32 15 255
378 0 198 15 256
378 0 21 15 257
382 0 -4 15 258
383 0 245 15 259
383 0 263 15 260
384 0 274 15 261
384 0 222 15 262
386 0 210 15 263
387 0 134 15 264
387 0 141 15 265
385 0 173 4 266
387 0 188 15 267
388 0 157 15 268
386 0 204 4 269
391 0 100 15 270
387 0 115 15 271
390 0 130 15 272
392 0 83 15 273
392 0 69 15 274
392 0 200 15 275
392 0 218 15 276
393 0 54 15 277
394 0 11 15 278
394 0 27 15 279
390 0 41 4 280
394 0 259 15 281
394 0 271 15 282
395 0 -1 15 283
395 0 242 15 284
394 0 226 15 285
396 0 211 15 286
397 0 193 15 287
400 0 126 15 288
401 0 106 15 289
401 0 153 15 290
401 0 170 15 291
401 0 88 15 292
400 0 56 15 293
403 0 71 15 294
404 0 27 15 295
405 0 42 15 296
405 0 10 15 297
407 0 -3 15 298
67 19 -37 15 299
74 19 -37 15 300
82 19 -37 15 301
89 19 -37 15 302
97 19 -37 15 303
104 19 -37 15 304
112 19 -37 15 305
119 19 -37 15 306
126 19 -37 15 307
134 19 -37 15 308
141 19 -37 15 309
149 19 -37 15 310
156 19 -37 15 311
164 19 -37 15 312
171 19 -37 15 313
178 19 -37 15 314
185 19 -37 15 315
193 19 -36 15 316
200 19 -37 15 317
207 19 -37 15 318
215 19 -37 15 319
221 19 -36 15 320
228 19 -37 15 321
235 19 -37 15 322
243 19 -36 15 323
250 19 -37 15 324
257 19 -36 15 325
264 19 -37 15 326
272 19 -37 15 327
279 19 -37 15 328
287 19 -37 15 329
294 19 -37 15 330
301 19 -37 15 331
309 19 -37 15 332
316 19 -37 15 333
323 19 -37 15 334
330 19 -37 15 335
338 19 -37 15 336
346 19 -37 15 337
352 19 -37 15 338
360 19 -37 15 339
367 19 -37 15 340
375 19 -37 15 341
382 19 -37 15 342
390 19 -37 15 343
397 19 -36 15 344
404 19 -37 15 345
412 19 -37 15 346
418 19 -37 15 347
426 19 -37 15 348
426 19 -29 15 349
425 19 -22 15 350
426 19 -15 15 351
425 19 -7 15 352
422 19 0 15 353
422 19 8 15 354
422 19 15 15 355
422 19 23 4 356
422 19 30 4 357
422 19 37 4 358
422 19 44 4 359
