360
91 0 -26 15 0
91 0 -7 15 1
91 0 4 15 2
92 0 22 15 3
92 0 34 15 4
93 0 45 15 5
94 0 57 15 6
94 0 68 15 7
94 0 81 15 8
95 0 100 15 9
104 0 111 15 10
104 0 -24 15 11
104 0 121 15 12
105 0 136 15 13
105 0 151 15 14
97 0 164 15 15
106 0 187 15 16
109 0 226 15 17
109 0 237 15 18
109 0 248 15 19
109 0 -19 15 20
109 0 -2 15 21
110 0 264 15 22
110 0 10 15 23
110 0 277 15 24
111 0 26 15 25
111 0 38 15 26
111 0 54 15 27
111 0 178 15 28
111 0 296 15 29
163 0 51 4 30
112 0 82 15 31
112 0 314 15 32
112 0 98 15 33
127 0 -30 15 34
163 0 -12 15 35
157 0 3 15 36
162 0 16 4 37
164 0 22 4 38
113 0 220 15 39
113 0 331 15 40
165 0 32 4 41
125 0 355 15 42
124 0 367 15 43
125 0 389 15 44
163 0 44 4 45
165 0 84 15 46
114 0 127 15 47
114 0 144 15 48
164 0 54 4 49
167 0 60 4 50
156 0 77 15 51
115 0 162 15 52
115 0 181 15 53
157 0 91 15 54
158 0 104 15 55
145 0 262 4 56
140 0 261 15 57
117 0 194 15 58
159 0 126 15 59
118 0 202 15 60
161 0 307 15 61
144 0 286 4 62
141 0 -31 15 63
118 0 166 15 64
157 0 266 15 65
139 0 387 15 66
148 0 254 4 67
142 0 300 15 68
155 0 331 15 69
146 0 217 4 70
143 0 326 15 71
142 0 337 15 72
164 0 286 15 73
148 0 261 4 74
138 0 348 15 75
148 0 273 4 76
150 0 289 4 77
147 0 370 15 78
149 0 233 4 79
144 0 376 15 80
150 0 -31 15 81
146 0 290 15 82
151 0 226 4 83
150 0 310 15 84
170 0 -6 15 85
164 0 12 15 86
164 0 26 15 87
173 0 35 4 88
153 0 213 4 89
164 0 347 15 90
149 0 342 15 91
149 0 356 15 92
166 0 49 15 93
180 0 51 4 94
180 0 60 4 95
171 0 76 15 96
173 0 93 15 97
150 0 365 15 98
150 0 228 15 99
144 0 370 15 100
168 0 110 15 101
171 0 259 15 102
169 0 131 15 103
169 0 146 15 104
152 0 216 15 105
157 0 206 4 106
156 0 227 4 107
172 0 276 15 108
158 0 255 4 109
154 0 255 15 110
161 0 375 15 111
155 0 273 15 112
176 0 235 15 113
164 0 309 15 114
158 0 315 4 115
174 0 348 15 116
159 0 342 15 117
161 0 212 15 118
164 0 360 15 119
169 0 374 15 120
168 0 196 15 121
184 0 232 15 122
177 0 191 15 123
190 0 170 15 124
189 0 222 15 125
189 0 153 15 126
188 0 197 15 127
190 0 164 15 128
190 0 178 15 129
190 0 190 15 130
193 0 214 15 131
198 0 144 15 132
200 0 201 15 133
208 0 144 15 134
214 0 200 15 135
220 0 142 15 136
210 0 276 15 137
228 0 139 15 138
222 0 177 15 139
218 0 276 15 140
217 0 291 15 141
229 0 200 15 142
237 0 138 15 143
234 0 177 15 144
228 0 281 15 145
244 0 226 15 146
247 0 139 15 147
242 0 198 15 148
246 0 176 15 149
249 0 246 15 150
253 0 141 15 151
251 0 232 15 152
257 0 185 15 153
231 0 306 15 154
258 0 133 15 155
258 0 173 15 156
256 0 242 15 157
257 0 203 15 158
266 0 205 15 159
239 0 272 15 160
250 0 280 15 161
263 0 162 15 162
263 0 191 15 163
236 0 294 15 164
255 0 289 15 165
247 0 109 15 166
265 0 123 15 167
242 0 287 15 168
252 0 269 15 169
266 0 188 15 170
243 0 273 15 171
255 0 311 15 172
257 0 113 15 173
265 0 263 15 174
270 0 118 15 175
266 0 234 15 176
250 0 295 15 177
284 0 239 4 178
267 0 282 15 179
283 0 199 15 180
271 0 236 15 181
269 0 253 15 182
260 0 91 4 183
260 0 106 15 184
256 0 267 15 185
275 0 273 15 186
294 0 241 15 187
278 0 108 15 188
268 0 103 15 189
292 0 208 4 190
272 0 117 15 191
265 0 271 15 192
292 0 206 4 193
293 0 217 4 194
279 0 115 15 195
277 0 251 15 196
298 0 201 15 197
293 0 233 4 198
295 0 239 4 199
272 0 275 15 200
298 0 249 15 201
300 0 211 15 202
297 0 216 4 203
285 0 102 15 204
297 0 214 4 205
277 0 291 15 206
290 0 276 15 207
279 0 279 15 208
302 0 259 4 209
329 0 166 15 210
329 0 182 15 211
329 0 191 15 212
329 0 137 15 213
304 0 249 4 214
331 0 159 15 215
288 0 263 15 216
333 0 172 15 217
311 0 239 15 218
334 0 192 15 219
335 0 133 15 220
335 0 208 15 221
345 0 163 15 222
337 0 193 15 223
346 0 171 15 224
347 0 143 15 225
347 0 134 15 226
339 0 149 15 227
350 0 211 15 228
351 0 176 15 229
351 0 155 15 230
343 0 204 15 231
346 0 130 15 232
356 0 180 15 233
348 0 231 15 234
326 0 255 15 235
323 0 249 4 236
325 0 255 4 237
359 0 267 15 238
359 0 280 15 239
359 0 291 15 240
329 0 272 15 241
360 0 253 15 242
360 0 129 15 243
352 0 214 15 244
330 0 232 15 245
362 0 181 15 246
362 0 231 15 247
354 0 55 15 248
354 0 85 15 249
354 0 97 15 250
354 0 43 15 251
317 0 61 15 252
363 0 119 15 253
355 0 11 15 254
355 0 31 15 255
325 0 263 15 256
318 0 19 15 257
356 0 -5 15 258
356 0 271 15 259
356 0 289 15 260
364 0 294 15 261
357 0 251 15 262
365 0 235 15 263
358 0 118 15 264
358 0 126 15 265
331 0 244 4 266
358 0 225 15 267
359 0 195 15 268
334 0 262 4 269
368 0 89 15 270
322 0 84 15 271
360 0 112 15 272
368 0 75 15 273
361 0 63 15 274
361 0 235 15 275
361 0 253 15 276
369 0 49 15 277
370 0 11 15 278
370 0 25 15 279
317 0 33 4 280
362 0 292 15 281
362 0 303 15 282
370 0 0 15 283
362 0 275 15 284
340 0 283 15 285
337 0 273 15 286
338 0 260 15 287
373 0 113 15 288
373 0 97 15 289
373 0 189 15 290
373 0 203 15 291
366 0 77 15 292
329 0 43 15 293
374 0 63 15 294
367 0 24 15 295
375 0 38 15 296
368 0 7 15 297
376 0 -6 15 298
81 9 -44 15 299
90 9 -44 15 300
99 9 -44 15 301
108 9 -44 15 302
113 9 -38 15 303
121 9 -44 15 304
130 9 -44 15 305
133 9 -38 15 306
143 9 -44 15 307
152 9 -44 15 308
158 9 -38 15 309
165 9 -44 15 310
170 9 -38 15 311
178 9 -44 15 312
181 9 -38 15 313
191 9 -44 15 314
193 9 -38 15 315
203 9 -29 15 316
205 9 -38 15 317
211 9 -44 15 318
217 9 -38 15 319
220 9 -31 15 320
226 9 -44 15 321
232 9 -38 15 322
235 9 -31 15 323
243 9 -38 15 324
245 9 -28 15 325
250 9 -44 15 326
259 9 -38 15 327
263 9 -44 15 328
271 9 -38 15 329
279 9 -38 15 330
279 9 -44 15 331
291 9 -38 15 332
292 9 -44 15 333
303 9 -38 15 334
305 9 -44 15 335
315 9 -38 15 336
323 9 -38 15 337
321 9 -44 15 338
335 9 -38 15 339
334 9 -44 15 340
347 9 -38 15 341
347 9 -44 15 342
358 9 -38 15 343
363 9 -35 15 344
363 9 -44 15 345
379 9 -39 15 346
376 9 -44 15 347
385 9 -44 15 348
386 9 -30 15 349
378 9 -23 15 350
386 9 -17 15 351
378 9 -11 15 352
333 9 -6 15 353
335 9 2 15 354
339 9 11 15 355
333 9 21 4 356
330 9 25 4 357
326 9 28 4 358
330 9 34 4 359
