360
90 0 -25 15 0
90 0 -7 15 1
91 0 4 15 2
91 0 21 15 3
92 0 34 15 4
93 0 45 15 5
93 0 58 15 6
94 0 68 15 7
94 0 81 15 8
94 0 100 15 9
103 0 112 15 10
103 0 -23 15 11
103 0 121 15 12
104 0 136 15 13
104 0 151 15 14
98 0 164 15 15
105 0 186 15 16
108 0 225 15 17
108 0 237 15 18
108 0 248 15 19
109 0 -19 15 20
109 0 -2 15 21
109 0 263 15 22
110 0 10 15 23
110 0 277 15 24
110 0 26 15 25
111 0 38 15 26
111 0 54 15 27
111 0 178 15 28
111 0 296 15 29
156 0 54 4 30
112 0 82 15 31
112 0 314 15 32
113 0 98 15 33
125 0 -29 15 34
156 0 -12 15 35
152 0 3 15 36
156 0 15 4 37
158 0 23 4 38
113 0 220 15 39
113 0 331 15 40
158 0 33 4 41
124 0 355 15 42
123 0 366 15 43
124 0 387 15 44
157 0 45 4 45
158 0 87 15 46
115 0 127 15 47
115 0 144 15 48
158 0 57 4 49
160 0 63 4 50
151 0 79 15 51
116 0 162 15 52
116 0 181 15 53
152 0 94 15 54
154 0 107 15 55
142 0 256 4 56
138 0 257 15 57
118 0 192 15 58
155 0 129 15 59
119 0 200 15 60
156 0 298 15 61
142 0 282 4 62
139 0 -30 15 63
119 0 165 15 64
153 0 258 15 65
137 0 385 15 66
145 0 248 4 67
140 0 297 15 68
152 0 326 15 69
144 0 211 4 70
141 0 323 15 71
140 0 335 15 72
160 0 277 15 73
146 0 257 4 74
137 0 347 15 75
146 0 268 4 76
148 0 284 4 77
145 0 368 15 78
147 0 228 4 79
143 0 376 15 80
148 0 -30 15 81
145 0 288 15 82
149 0 221 4 83
148 0 307 15 84
165 0 -6 15 85
161 0 11 15 86
161 0 26 15 87
168 0 36 4 88
151 0 208 4 89
161 0 342 15 90
148 0 339 15 91
148 0 354 15 92
163 0 50 15 93
175 0 54 4 94
175 0 63 4 95
167 0 79 15 96
169 0 95 15 97
149 0 364 15 98
149 0 226 15 99
143 0 370 15 100
165 0 112 15 101
167 0 248 15 102
166 0 132 15 103
166 0 147 15 104
151 0 214 15 105
156 0 201 4 106
155 0 225 4 107
169 0 268 15 108
157 0 252 4 109
154 0 255 15 110
160 0 373 15 111
154 0 272 15 112
173 0 228 15 113
163 0 307 15 114
158 0 314 4 115
171 0 345 15 116
158 0 342 15 117
161 0 210 15 118
163 0 359 15 119
168 0 372 15 120
167 0 193 15 121
182 0 227 15 122
176 0 188 15 123
189 0 170 15 124
188 0 219 15 125
189 0 153 15 126
187 0 197 15 127
190 0 164 15 128
190 0 178 15 129
190 0 189 15 130
193 0 212 15 131
198 0 145 15 132
201 0 201 15 133
208 0 145 15 134
215 0 199 15 135
220 0 143 15 136
212 0 271 15 137
228 0 140 15 138
223 0 177 15 139
220 0 270 15 140
219 0 285 15 141
230 0 199 15 142
237 0 138 15 143
235 0 177 15 144
230 0 276 15 145
244 0 226 15 146
247 0 139 15 147
243 0 196 15 148
246 0 176 15 149
249 0 245 15 150
254 0 142 15 151
252 0 230 15 152
257 0 185 15 153
235 0 297 15 154
259 0 134 15 155
259 0 173 15 156
257 0 238 15 157
258 0 201 15 158
267 0 204 15 159
243 0 264 15 160
252 0 275 15 161
265 0 162 15 162
265 0 190 15 163
241 0 283 15 164
258 0 283 15 165
251 0 114 15 166
267 0 126 15 167
246 0 276 15 168
256 0 260 15 169
268 0 186 15 170
248 0 261 15 171
259 0 302 15 172
261 0 119 15 173
268 0 257 15 174
272 0 121 15 175
269 0 228 15 176
255 0 284 15 177
285 0 238 4 178
270 0 275 15 179
285 0 196 15 180
275 0 228 15 181
273 0 244 15 182
265 0 98 4 183
265 0 113 15 184
262 0 254 15 185
278 0 265 15 186
295 0 239 15 187
281 0 113 15 188
272 0 109 15 189
294 0 205 4 190
276 0 123 15 191
270 0 258 15 192
294 0 202 4 193
295 0 212 4 194
283 0 120 15 195
281 0 241 15 196
299 0 198 15 197
295 0 228 4 198
297 0 236 4 199
277 0 263 15 200
300 0 245 15 201
302 0 207 15 202
299 0 210 4 203
289 0 107 15 204
300 0 207 4 205
283 0 280 15 206
294 0 269 15 207
285 0 268 15 208
306 0 254 4 209
329 0 166 15 210
329 0 182 15 211
329 0 191 15 212
330 0 137 15 213
308 0 243 4 214
331 0 160 15 215
294 0 252 15 216
334 0 172 15 217
315 0 233 15 218
335 0 191 15 219
336 0 133 15 220
336 0 207 15 221
345 0 163 15 222
338 0 191 15 223
347 0 171 15 224
347 0 143 15 225
348 0 134 15 226
341 0 149 15 227
351 0 210 15 228
352 0 175 15 229
352 0 155 15 230
345 0 201 15 231
348 0 131 15 232
357 0 179 15 233
350 0 228 15 234
332 0 247 15 235
330 0 241 4 236
332 0 247 4 237
361 0 265 15 238
361 0 278 15 239
361 0 290 15 240
335 0 265 15 241
362 0 251 15 242
362 0 130 15 243
355 0 210 15 244
336 0 223 15 245
364 0 179 15 246
364 0 228 15 247
357 0 56 15 248
357 0 86 15 249
357 0 99 15 250
358 0 44 15 251
325 0 63 15 252
365 0 120 15 253
358 0 11 15 254
358 0 31 15 255
333 0 254 15 256
327 0 19 15 257
360 0 -5 15 258
360 0 268 15 259
360 0 286 15 260
367 0 291 15 261
361 0 247 15 262
368 0 231 15 263
362 0 121 15 264
362 0 128 15 265
339 0 234 4 266
362 0 220 15 267
363 0 190 15 268
341 0 254 4 269
371 0 90 15 270
331 0 89 15 271
364 0 114 15 272
372 0 76 15 273
365 0 64 15 274
365 0 230 15 275
365 0 248 15 276
373 0 50 15 277
373 0 11 15 278
373 0 25 15 279
327 0 34 4 280
366 0 288 15 281
366 0 298 15 282
374 0 0 15 283
367 0 270 15 284
348 0 275 15 285
346 0 265 15 286
346 0 251 15 287
377 0 115 15 288
377 0 98 15 289
377 0 184 15 290
377 0 199 15 291
371 0 78 15 292
339 0 45 15 293
378 0 64 15 294
372 0 25 15 295
379 0 39 15 296
373 0 7 15 297
381 0 -6 15 298
79 11 -43 15 299
88 11 -43 15 300
97 11 -43 15 301
106 11 -43 15 302
111 11 -38 15 303
119 11 -43 15 304
128 11 -43 15 305
131 11 -38 15 306
141 11 -43 15 307
150 11 -43 15 308
155 11 -38 15 309
163 11 -43 15 310
168 11 -38 15 311
176 11 -43 15 312
180 11 -38 15 313
189 11 -43 15 314
192 11 -38 15 315
202 11 -30 15 316
204 11 -38 15 317
210 11 -43 15 318
217 11 -38 15 319
220 11 -31 15 320
227 11 -43 15 321
232 11 -38 15 322
236 11 -32 15 323
244 11 -38 15 324
247 11 -29 15 325
252 11 -43 15 326
261 11 -38 15 327
265 11 -43 15 328
273 11 -38 15 329
281 11 -38 15 330
282 11 -43 15 331
293 11 -38 15 332
295 11 -43 15 333
306 11 -38 15 334
309 11 -43 15 335
318 11 -38 15 336
326 11 -38 15 337
326 11 -43 15 338
338 11 -38 15 339
339 11 -43 15 340
351 11 -38 15 341
352 11 -43 15 342
363 11 -38 15 343
368 11 -35 15 344
369 11 -43 15 345
383 11 -39 15 346
382 11 -43 15 347
391 11 -43 15 348
392 11 -30 15 349
384 11 -23 15 350
392 11 -17 15 351
384 11 -10 15 352
345 11 -5 15 353
347 11 3 15 354
351 11 12 15 355
345 11 21 4 356
343 11 25 4 357
340 11 29 4 358
343 11 36 4 359
