360
88 0 -23 15 0
88 0 -6 15 1
89 0 5 15 2
89 0 21 15 3
90 0 34 15 4
92 0 45 15 5
92 0 58 15 6
93 0 69 15 7
93 0 82 15 8
94 0 100 15 9
99 0 113 15 10
100 0 -22 15 11
100 0 123 15 12
101 0 137 15 13
101 0 150 15 14
98 0 164 15 15
102 0 182 15 16
107 0 222 15 17
107 0 235 15 18
107 0 247 15 19
108 0 -20 15 20
108 0 -3 15 21
108 0 261 15 22
109 0 11 15 23
109 0 276 15 24
110 0 26 15 25
111 0 39 15 26
111 0 54 15 27
111 0 177 15 28
111 0 296 15 29
136 0 61 4 30
112 0 82 15 31
112 0 314 15 32
113 0 97 15 33
120 0 -25 15 34
138 0 -11 15 35
135 0 2 15 36
137 0 14 4 37
139 0 24 4 38
114 0 218 15 39
114 0 330 15 40
139 0 36 4 41
120 0 352 15 42
119 0 364 15 43
120 0 382 15 44
139 0 50 4 45
140 0 99 15 46
116 0 127 15 47
116 0 144 15 48
140 0 63 4 49
142 0 71 4 50
137 0 87 15 51
118 0 162 15 52
118 0 179 15 53
139 0 103 15 54
140 0 116 15 55
133 0 237 4 56
131 0 244 15 57
121 0 188 15 58
141 0 135 15 59
121 0 195 15 60
142 0 273 15 61
134 0 270 4 62
133 0 -26 15 63
122 0 163 15 64
141 0 233 15 65
132 0 379 15 66
137 0 230 4 67
134 0 287 15 68
141 0 310 15 69
137 0 195 4 70
135 0 317 15 71
136 0 331 15 72
147 0 249 15 73
139 0 244 4 74
134 0 344 15 75
140 0 257 4 76
141 0 272 4 77
140 0 362 15 78
141 0 213 4 79
139 0 373 15 80
142 0 -27 15 81
140 0 281 15 82
143 0 206 4 83
143 0 299 15 84
153 0 -6 15 85
150 0 10 15 86
150 0 26 15 87
155 0 39 4 88
145 0 191 4 89
150 0 327 15 90
143 0 332 15 91
143 0 348 15 92
153 0 54 15 93
160 0 61 4 94
160 0 71 4 95
155 0 87 15 96
156 0 103 15 97
145 0 359 15 98
145 0 218 15 99
142 0 369 15 100
155 0 117 15 101
156 0 216 15 102
156 0 136 15 103
156 0 152 15 104
148 0 207 15 105
152 0 187 4 106
152 0 217 4 107
160 0 247 15 108
154 0 244 4 109
152 0 252 15 110
156 0 369 15 111
153 0 270 15 112
164 0 205 15 113
158 0 299 15 114
156 0 310 4 115
164 0 334 15 116
157 0 339 15 117
159 0 204 15 118
160 0 355 15 119
164 0 368 15 120
165 0 185 15 121
176 0 213 15 122
174 0 180 15 123
184 0 169 15 124
184 0 207 15 125
187 0 154 15 126
186 0 194 15 127
189 0 164 15 128
189 0 177 15 129
189 0 187 15 130
191 0 206 15 131
197 0 149 15 132
202 0 198 15 133
208 0 148 15 134
217 0 195 15 135
220 0 146 15 136
217 0 255 15 137
228 0 141 15 138
227 0 180 15 139
225 0 252 15 140
224 0 267 15 141
232 0 195 15 142
237 0 139 15 143
238 0 179 15 144
235 0 260 15 145
244 0 225 15 146
247 0 140 15 147
246 0 192 15 148
248 0 177 15 149
251 0 242 15 150
254 0 143 15 151
255 0 226 15 152
259 0 185 15 153
247 0 269 15 154
262 0 138 15 155
262 0 174 15 156
262 0 228 15 157
263 0 197 15 158
268 0 202 15 159
254 0 238 15 160
259 0 259 15 161
269 0 165 15 162
269 0 186 15 163
256 0 248 15 164
266 0 264 15 165
263 0 129 15 166
272 0 133 15 167
261 0 244 15 168
268 0 233 15 169
275 0 180 15 170
264 0 225 15 171
271 0 274 15 172
272 0 135 15 173
276 0 239 15 174
279 0 131 15 175
277 0 209 15 176
269 0 250 15 177
286 0 236 4 178
279 0 254 15 179
289 0 188 15 180
285 0 204 15 181
284 0 218 15 182
280 0 119 4 183
280 0 134 15 184
279 0 216 15 185
288 0 243 15 186
298 0 232 15 187
291 0 126 15 188
286 0 129 15 189
298 0 194 4 190
289 0 141 15 191
285 0 222 15 192
299 0 188 4 193
301 0 198 4 194
295 0 138 15 195
294 0 213 15 196
304 0 186 15 197
302 0 211 4 198
303 0 224 4 199
293 0 227 15 200
306 0 235 15 201
308 0 194 15 202
307 0 194 4 203
301 0 122 15 204
308 0 188 4 205
300 0 247 15 206
306 0 247 15 207
301 0 236 15 208
315 0 236 4 209
329 0 167 15 210
329 0 182 15 211
329 0 191 15 212
330 0 137 15 213
319 0 224 4 214
332 0 161 15 215
312 0 218 15 216
336 0 171 15 217
326 0 214 15 218
338 0 188 15 219
338 0 135 15 220
339 0 203 15 221
345 0 162 15 222
342 0 185 15 223
348 0 169 15 224
348 0 144 15 225
349 0 135 15 226
345 0 150 15 227
353 0 208 15 228
354 0 171 15 229
355 0 156 15 230
351 0 192 15 231
356 0 135 15 232
362 0 172 15 233
358 0 219 15 234
349 0 226 15 235
349 0 216 4 236
350 0 223 4 237
366 0 258 15 238
366 0 272 15 239
366 0 285 15 240
353 0 245 15 241
368 0 244 15 242
369 0 134 15 243
365 0 197 15 244
355 0 198 15 245
371 0 168 15 246
371 0 221 15 247
368 0 59 15 248
368 0 90 15 249
368 0 104 15 250
368 0 45 15 251
350 0 71 15 252
372 0 124 15 253
369 0 11 15 254
369 0 32 15 255
355 0 227 15 256
352 0 20 15 257
371 0 -4 15 258
371 0 257 15 259
371 0 275 15 260
375 0 283 15 261
372 0 235 15 262
377 0 221 15 263
374 0 127 15 264
374 0 135 15 265
361 0 203 4 266
374 0 204 15 267
375 0 174 15 268
363 0 230 4 269
381 0 95 15 270
358 0 101 15 271
377 0 122 15 272
381 0 79 15 273
378 0 66 15 274
378 0 215 15 275
378 0 233 15 276
383 0 52 15 277
384 0 11 15 278
384 0 26 15 279
358 0 37 4 280
380 0 274 15 281
380 0 285 15 282
384 0 -1 15 283
380 0 257 15 284
370 0 251 15 285
370 0 239 15 286
371 0 223 15 287
388 0 120 15 288
389 0 102 15 289
389 0 169 15 290
389 0 184 15 291
386 0 83 15 292
368 0 51 15 293
390 0 68 15 294
388 0 26 15 295
392 0 40 15 296
389 0 9 15 297
393 0 -4 15 298
73 15 -40 15 299
81 15 -40 15 300
90 15 -40 15 301
98 15 -40 15 302
104 15 -37 15 303
112 15 -40 15 304
120 15 -40 15 305
125 15 -37 15 306
134 15 -40 15 307
142 15 -40 15 308
149 15 -37 15 309
156 15 -40 15 310
162 15 -37 15 311
170 15 -40 15 312
175 15 -37 15 313
184 15 -40 15 314
189 15 -37 15 315
197 15 -33 15 316
202 15 -37 15 317
209 15 -40 15 318
216 15 -37 15 319
221 15 -34 15 320
227 15 -40 15 321
234 15 -37 15 322
239 15 -34 15 323
247 15 -37 15 324
252 15 -32 15 325
258 15 -40 15 326
266 15 -37 15 327
272 15 -40 15 328
280 15 -37 15 329
287 15 -37 15 330
291 15 -40 15 331
301 15 -37 15 332
305 15 -40 15 333
314 15 -37 15 334
319 15 -40 15 335
328 15 -37 15 336
336 15 -37 15 337
339 15 -40 15 338
349 15 -37 15 339
352 15 -40 15 340
362 15 -37 15 341
366 15 -40 15 342
376 15 -37 15 343
382 15 -36 15 344
386 15 -40 15 345
397 15 -38 15 346
400 15 -40 15 347
408 15 -40 15 348
408 15 -30 15 349
404 15 -22 15 350
408 15 -16 15 351
404 15 -9 15 352
382 15 -3 15 353
384 15 5 15 354
385 15 13 15 355
382 15 22 4 356
381 15 28 4 357
379 15 33 4 358
381 15 40 4 359
