360
89 0 -24 15 0
89 0 -7 15 1
89 0 4 15 2
90 0 21 15 3
91 0 34 15 4
92 0 45 15 5
93 0 58 15 6
93 0 69 15 7
93 0 82 15 8
94 0 100 15 9
101 0 112 15 10
101 0 -23 15 11
101 0 122 15 12
102 0 137 15 13
102 0 151 15 14
98 0 164 15 15
103 0 183 15 16
107 0 223 15 17
107 0 236 15 18
107 0 247 15 19
108 0 -20 15 20
108 0 -2 15 21
109 0 262 15 22
109 0 11 15 23
109 0 276 15 24
110 0 26 15 25
111 0 38 15 26
111 0 54 15 27
111 0 178 15 28
111 0 296 15 29
144 0 58 4 30
112 0 82 15 31
112 0 314 15 32
113 0 97 15 33
122 0 -27 15 34
145 0 -12 15 35
142 0 3 15 36
145 0 15 4 37
146 0 23 4 38
114 0 219 15 39
114 0 330 15 40
147 0 34 4 41
122 0 353 15 42
121 0 365 15 43
121 0 384 15 44
146 0 48 4 45
147 0 94 15 46
116 0 127 15 47
116 0 144 15 48
147 0 61 4 49
149 0 68 4 50
143 0 84 15 51
117 0 162 15 52
117 0 180 15 53
144 0 99 15 54
145 0 113 15 55
137 0 244 4 56
134 0 249 15 57
120 0 190 15 58
147 0 133 15 59
120 0 197 15 60
148 0 283 15 61
137 0 275 4 62
136 0 -28 15 63
121 0 164 15 64
145 0 243 15 65
134 0 381 15 66
140 0 237 4 67
136 0 291 15 68
145 0 316 15 69
140 0 201 4 70
138 0 319 15 71
138 0 333 15 72
152 0 260 15 73
142 0 249 4 74
135 0 346 15 75
143 0 261 4 76
144 0 277 4 77
142 0 364 15 78
143 0 219 4 79
140 0 374 15 80
145 0 -28 15 81
142 0 283 15 82
146 0 212 4 83
145 0 302 15 84
158 0 -6 15 85
154 0 11 15 86
154 0 26 15 87
160 0 38 4 88
147 0 198 4 89
154 0 333 15 90
145 0 335 15 91
145 0 350 15 92
157 0 52 15 93
166 0 58 4 94
166 0 68 4 95
160 0 84 15 96
161 0 100 15 97
146 0 361 15 98
147 0 221 15 99
143 0 369 15 100
159 0 115 15 101
160 0 229 15 102
160 0 134 15 103
160 0 150 15 104
149 0 210 15 105
153 0 193 4 106
153 0 220 4 107
164 0 255 15 108
155 0 247 4 109
153 0 253 15 110
157 0 371 15 111
153 0 271 15 112
167 0 214 15 113
160 0 302 15 114
156 0 312 4 115
167 0 338 15 116
157 0 340 15 117
159 0 206 15 118
161 0 356 15 119
165 0 370 15 120
166 0 188 15 121
179 0 218 15 122
175 0 183 15 123
186 0 169 15 124
185 0 212 15 125
188 0 154 15 126
187 0 195 15 127
189 0 164 15 128
189 0 177 15 129
189 0 188 15 130
191 0 208 15 131
197 0 147 15 132
202 0 199 15 133
208 0 147 15 134
216 0 197 15 135
220 0 145 15 136
215 0 261 15 137
228 0 140 15 138
225 0 179 15 139
222 0 259 15 140
222 0 274 15 141
231 0 197 15 142
237 0 138 15 143
237 0 178 15 144
233 0 266 15 145
244 0 225 15 146
247 0 140 15 147
245 0 194 15 148
248 0 177 15 149
251 0 243 15 150
254 0 143 15 151
254 0 228 15 152
259 0 185 15 153
242 0 280 15 154
261 0 136 15 155
261 0 173 15 156
260 0 232 15 157
261 0 199 15 158
267 0 203 15 159
250 0 248 15 160
256 0 265 15 161
267 0 164 15 162
267 0 188 15 163
250 0 262 15 164
263 0 271 15 165
258 0 123 15 166
270 0 130 15 167
255 0 257 15 168
264 0 244 15 169
272 0 182 15 170
258 0 239 15 171
266 0 285 15 172
268 0 129 15 173
273 0 246 15 174
276 0 127 15 175
274 0 216 15 176
264 0 263 15 177
286 0 237 4 178
276 0 262 15 179
287 0 191 15 180
281 0 214 15 181
280 0 228 15 182
274 0 111 4 183
274 0 126 15 184
272 0 231 15 185
284 0 252 15 186
297 0 235 15 187
287 0 121 15 188
281 0 121 15 189
296 0 198 4 190
284 0 134 15 191
279 0 236 15 192
297 0 193 4 193
298 0 204 4 194
290 0 131 15 195
289 0 224 15 196
302 0 191 15 197
299 0 217 4 198
301 0 229 4 199
287 0 241 15 200
303 0 239 15 201
305 0 199 15 202
304 0 200 4 203
297 0 116 15 204
305 0 195 4 205
293 0 260 15 206
301 0 256 15 207
295 0 249 15 208
311 0 243 4 209
329 0 167 15 210
329 0 182 15 211
329 0 191 15 212
330 0 137 15 213
314 0 231 4 214
332 0 160 15 215
305 0 231 15 216
335 0 171 15 217
322 0 222 15 218
337 0 189 15 219
337 0 134 15 220
338 0 205 15 221
345 0 162 15 222
341 0 187 15 223
347 0 170 15 224
348 0 144 15 225
349 0 135 15 226
343 0 150 15 227
352 0 209 15 228
353 0 173 15 229
354 0 156 15 230
349 0 196 15 231
353 0 133 15 232
360 0 175 15 233
355 0 223 15 234
342 0 235 15 235
341 0 226 4 236
343 0 232 4 237
364 0 261 15 238
364 0 274 15 239
364 0 287 15 240
346 0 253 15 241
365 0 246 15 242
366 0 133 15 243
361 0 202 15 244
347 0 208 15 245
368 0 172 15 246
368 0 224 15 247
364 0 58 15 248
364 0 89 15 249
364 0 102 15 250
364 0 45 15 251
340 0 68 15 252
369 0 122 15 253
365 0 11 15 254
365 0 32 15 255
346 0 237 15 256
342 0 20 15 257
366 0 -4 15 258
367 0 261 15 259
367 0 279 15 260
372 0 286 15 261
368 0 240 15 262
373 0 225 15 263
370 0 125 15 264
370 0 132 15 265
352 0 215 4 266
370 0 210 15 267
370 0 180 15 268
354 0 240 4 269
377 0 93 15 270
348 0 96 15 271
372 0 119 15 272
377 0 78 15 273
373 0 65 15 274
373 0 221 15 275
373 0 239 15 276
379 0 51 15 277
380 0 11 15 278
380 0 26 15 279
345 0 36 4 280
374 0 279 15 281
374 0 290 15 282
380 0 -1 15 283
375 0 262 15 284
361 0 261 15 285
360 0 249 15 286
361 0 234 15 287
384 0 118 15 288
384 0 100 15 289
384 0 175 15 290
384 0 190 15 291
380 0 81 15 292
356 0 49 15 293
386 0 66 15 294
382 0 25 15 295
387 0 40 15 296
382 0 8 15 297
388 0 -5 15 298
75 13 -42 15 299
84 13 -42 15 300
92 13 -42 15 301
101 13 -42 15 302
106 13 -38 15 303
115 13 -42 15 304
123 13 -42 15 305
127 13 -38 15 306
137 13 -42 15 307
145 13 -42 15 308
151 13 -38 15 309
159 13 -42 15 310
164 13 -38 15 311
172 13 -42 15 312
177 13 -38 15 313
186 13 -42 15 314
190 13 -38 15 315
199 13 -31 15 316
203 13 -38 15 317
209 13 -42 15 318
216 13 -38 15 319
220 13 -33 15 320
227 13 -42 15 321
233 13 -38 15 322
238 13 -33 15 323
246 13 -38 15 324
250 13 -31 15 325
256 13 -42 15 326
264 13 -38 15 327
269 13 -42 15 328
277 13 -38 15 329
285 13 -38 15 330
288 13 -42 15 331
298 13 -38 15 332
301 13 -42 15 333
311 13 -38 15 334
315 13 -42 15 335
324 13 -38 15 336
332 13 -38 15 337
334 13 -42 15 338
345 13 -38 15 339
347 13 -42 15 340
358 13 -38 15 341
361 13 -42 15 342
371 13 -38 15 343
376 13 -35 15 344
379 13 -42 15 345
392 13 -38 15 346
393 13 -42 15 347
401 13 -42 15 348
402 13 -30 15 349
396 13 -22 15 350
402 13 -16 15 351
396 13 -10 15 352
368 13 -4 15 353
369 13 4 15 354
372 13 13 15 355
368 13 22 4 356
366 13 27 4 357
364 13 32 4 358
366 13 38 4 359
