360
88 0 -23 15 0
88 0 -6 15 1
89 0 5 15 2
90 0 21 15 3
90 0 34 15 4
92 0 45 15 5
93 0 58 15 6
93 0 69 15 7
93 0 82 15 8
94 0 100 15 9
100 0 113 15 10
100 0 -22 15 11
100 0 123 15 12
101 0 137 15 13
101 0 150 15 14
98 0 164 15 15
103 0 182 15 16
107 0 222 15 17
107 0 235 15 18
107 0 247 15 19
108 0 -20 15 20
108 0 -3 15 21
109 0 261 15 22
109 0 11 15 23
109 0 276 15 24
110 0 26 15 25
111 0 39 15 26
111 0 54 15 27
111 0 177 15 28
111 0 296 15 29
138 0 60 4 30
112 0 82 15 31
112 0 314 15 32
113 0 97 15 33
121 0 -26 15 34
139 0 -11 15 35
136 0 2 15 36
139 0 14 4 37
140 0 24 4 38
114 0 218 15 39
114 0 330 15 40
141 0 35 4 41
120 0 352 15 42
120 0 364 15 43
120 0 383 15 44
140 0 50 4 45
141 0 98 15 46
116 0 127 15 47
116 0 144 15 48
142 0 63 4 49
143 0 71 4 50
138 0 86 15 51
117 0 162 15 52
117 0 179 15 53
140 0 102 15 54
141 0 116 15 55
134 0 238 4 56
132 0 245 15 57
120 0 188 15 58
142 0 135 15 59
121 0 195 15 60
143 0 275 15 61
135 0 271 4 62
134 0 -26 15 63
122 0 163 15 64
142 0 234 15 65
132 0 380 15 66
138 0 231 4 67
134 0 288 15 68
142 0 311 15 69
138 0 196 4 70
136 0 317 15 71
136 0 331 15 72
148 0 251 15 73
140 0 245 4 74
135 0 345 15 75
141 0 257 4 76
141 0 273 4 77
140 0 363 15 78
141 0 214 4 79
139 0 373 15 80
143 0 -27 15 81
141 0 281 15 82
144 0 207 4 83
143 0 299 15 84
154 0 -6 15 85
151 0 10 15 86
151 0 26 15 87
156 0 39 4 88
145 0 192 4 89
151 0 328 15 90
144 0 332 15 91
144 0 348 15 92
154 0 53 15 93
161 0 60 4 94
161 0 71 4 95
156 0 86 15 96
157 0 103 15 97
145 0 359 15 98
146 0 218 15 99
143 0 369 15 100
156 0 117 15 101
157 0 219 15 102
157 0 136 15 103
157 0 152 15 104
149 0 208 15 105
152 0 188 4 106
152 0 217 4 107
161 0 248 15 108
154 0 244 4 109
152 0 253 15 110
156 0 369 15 111
153 0 270 15 112
164 0 207 15 113
159 0 299 15 114
156 0 310 4 115
164 0 334 15 116
157 0 340 15 117
159 0 205 15 118
160 0 355 15 119
164 0 368 15 120
165 0 185 15 121
177 0 214 15 122
174 0 181 15 123
184 0 169 15 124
184 0 208 15 125
187 0 154 15 126
187 0 195 15 127
189 0 164 15 128
189 0 177 15 129
189 0 187 15 130
191 0 206 15 131
197 0 149 15 132
202 0 198 15 133
208 0 148 15 134
217 0 195 15 135
220 0 146 15 136
217 0 256 15 137
228 0 141 15 138
226 0 179 15 139
224 0 253 15 140
224 0 268 15 141
232 0 195 15 142
237 0 139 15 143
237 0 179 15 144
234 0 261 15 145
244 0 225 15 146
247 0 140 15 147
245 0 192 15 148
248 0 177 15 149
251 0 242 15 150
254 0 143 15 151
255 0 226 15 152
259 0 185 15 153
246 0 271 15 154
261 0 137 15 155
261 0 174 15 156
261 0 229 15 157
262 0 197 15 158
267 0 202 15 159
254 0 240 15 160
259 0 260 15 161
269 0 165 15 162
269 0 187 15 163
255 0 250 15 164
265 0 265 15 165
262 0 128 15 166
272 0 132 15 167
260 0 246 15 168
267 0 235 15 169
275 0 180 15 170
263 0 227 15 171
270 0 276 15 172
271 0 134 15 173
276 0 240 15 174
278 0 130 15 175
276 0 210 15 176
268 0 252 15 177
286 0 236 4 178
279 0 255 15 179
288 0 188 15 180
285 0 206 15 181
283 0 219 15 182
279 0 118 4 183
279 0 133 15 184
277 0 219 15 185
287 0 244 15 186
298 0 233 15 187
290 0 125 15 188
285 0 127 15 189
298 0 194 4 190
288 0 139 15 191
284 0 224 15 192
299 0 189 4 193
300 0 199 4 194
294 0 137 15 195
293 0 215 15 196
304 0 187 15 197
302 0 212 4 198
303 0 225 4 199
292 0 229 15 200
305 0 236 15 201
307 0 195 15 202
306 0 195 4 203
300 0 121 15 204
307 0 189 4 205
299 0 250 15 206
305 0 249 15 207
300 0 238 15 208
314 0 237 4 209
329 0 167 15 210
329 0 182 15 211
329 0 191 15 212
330 0 137 15 213
318 0 225 4 214
332 0 161 15 215
310 0 220 15 216
336 0 171 15 217
325 0 216 15 218
337 0 188 15 219
338 0 135 15 220
339 0 204 15 221
345 0 162 15 222
342 0 185 15 223
347 0 169 15 224
348 0 144 15 225
349 0 135 15 226
345 0 150 15 227
353 0 208 15 228
354 0 171 15 229
355 0 156 15 230
351 0 193 15 231
355 0 134 15 232
361 0 173 15 233
357 0 220 15 234
347 0 228 15 235
347 0 218 4 236
349 0 224 4 237
366 0 259 15 238
366 0 273 15 239
366 0 285 15 240
352 0 246 15 241
367 0 244 15 242
368 0 134 15 243
364 0 198 15 244
353 0 200 15 245
370 0 169 15 246
370 0 221 15 247
367 0 59 15 248
367 0 90 15 249
367 0 104 15 250
368 0 45 15 251
348 0 70 15 252
372 0 124 15 253
368 0 11 15 254
368 0 32 15 255
353 0 229 15 256
350 0 20 15 257
370 0 -4 15 258
371 0 257 15 259
371 0 275 15 260
375 0 284 15 261
371 0 236 15 262
376 0 221 15 263
373 0 127 15 264
373 0 134 15 265
360 0 206 4 266
373 0 205 15 267
374 0 175 15 268
361 0 232 4 269
380 0 94 15 270
357 0 101 15 271
376 0 121 15 272
381 0 79 15 273
377 0 66 15 274
377 0 216 15 275
377 0 234 15 276
382 0 52 15 277
383 0 11 15 278
383 0 26 15 279
356 0 37 4 280
379 0 275 15 281
379 0 286 15 282
384 0 -1 15 283
379 0 257 15 284
369 0 253 15 285
368 0 240 15 286
369 0 225 15 287
387 0 120 15 288
388 0 102 15 289
388 0 170 15 290
388 0 185 15 291
385 0 83 15 292
366 0 50 15 293
389 0 67 15 294
387 0 26 15 295
391 0 40 15 296
388 0 9 15 297
392 0 -4 15 298
73 14 -41 15 299
82 14 -41 15 300
90 14 -41 15 301
98 14 -41 15 302
104 14 -37 15 303
112 14 -41 15 304
121 14 -41 15 305
125 14 -37 15 306
134 14 -41 15 307
143 14 -41 15 308
149 14 -37 15 309
157 14 -41 15 310
162 14 -37 15 311
170 14 -41 15 312
176 14 -37 15 313
184 14 -41 15 314
189 14 -37 15 315
198 14 -32 15 316
202 14 -37 15 317
209 14 -41 15 318
216 14 -37 15 319
221 14 -33 15 320
227 14 -41 15 321
234 14 -37 15 322
239 14 -34 15 323
247 14 -37 15 324
252 14 -32 15 325
258 14 -41 15 326
266 14 -37 15 327
271 14 -41 15 328
279 14 -37 15 329
287 14 -37 15 330
291 14 -41 15 331
300 14 -37 15 332
305 14 -41 15 333
314 14 -37 15 334
318 14 -41 15 335
327 14 -37 15 336
335 14 -37 15 337
338 14 -41 15 338
348 14 -37 15 339
352 14 -41 15 340
362 14 -37 15 341
365 14 -41 15 342
375 14 -37 15 343
381 14 -36 15 344
385 14 -41 15 345
396 14 -38 15 346
399 14 -41 15 347
407 14 -41 15 348
407 14 -30 15 349
403 14 -22 15 350
407 14 -16 15 351
403 14 -9 15 352
380 14 -3 15 353
381 14 5 15 354
383 14 13 15 355
380 14 22 4 356
378 14 27 4 357
377 14 33 4 358
378 14 40 4 359
