360
88 0 -23 15 0
88 0 -6 15 1
89 0 5 15 2
90 0 21 15 3
91 0 34 15 4
92 0 45 15 5
93 0 58 15 6
93 0 69 15 7
93 0 82 15 8
94 0 100 15 9
100 0 113 15 10
101 0 -22 15 11
101 0 122 15 12
102 0 137 15 13
102 0 151 15 14
98 0 164 15 15
103 0 183 15 16
107 0 223 15 17
107 0 235 15 18
107 0 247 15 19
108 0 -20 15 20
108 0 -2 15 21
109 0 262 15 22
109 0 11 15 23
109 0 276 15 24
110 0 26 15 25
111 0 38 15 26
111 0 54 15 27
111 0 178 15 28
111 0 296 15 29
141 0 59 4 30
112 0 82 15 31
112 0 314 15 32
113 0 97 15 33
122 0 -26 15 34
142 0 -12 15 35
139 0 3 15 36
142 0 14 4 37
143 0 24 4 38
114 0 219 15 39
114 0 330 15 40
144 0 35 4 41
121 0 353 15 42
120 0 365 15 43
121 0 383 15 44
143 0 49 4 45
144 0 96 15 46
116 0 127 15 47
116 0 144 15 48
145 0 62 4 49
146 0 69 4 50
141 0 85 15 51
117 0 162 15 52
117 0 180 15 53
142 0 101 15 54
143 0 114 15 55
136 0 242 4 56
133 0 247 15 57
120 0 189 15 58
145 0 134 15 59
121 0 196 15 60
146 0 279 15 61
136 0 273 4 62
135 0 -27 15 63
121 0 164 15 64
144 0 239 15 65
133 0 381 15 66
139 0 234 4 67
135 0 290 15 68
144 0 314 15 69
139 0 199 4 70
137 0 318 15 71
137 0 332 15 72
151 0 256 15 73
141 0 247 4 74
135 0 345 15 75
142 0 260 4 76
143 0 275 4 77
141 0 364 15 78
142 0 216 4 79
140 0 374 15 80
144 0 -28 15 81
141 0 282 15 82
145 0 210 4 83
144 0 301 15 84
156 0 -6 15 85
153 0 10 15 86
153 0 26 15 87
158 0 38 4 88
146 0 195 4 89
153 0 331 15 90
144 0 334 15 91
144 0 349 15 92
155 0 53 15 93
163 0 59 4 94
164 0 69 4 95
158 0 85 15 96
160 0 101 15 97
146 0 360 15 98
146 0 220 15 99
143 0 369 15 100
157 0 116 15 101
159 0 224 15 102
159 0 135 15 103
159 0 151 15 104
149 0 209 15 105
153 0 191 4 106
153 0 219 4 107
163 0 252 15 108
155 0 246 4 109
153 0 253 15 110
157 0 370 15 111
153 0 270 15 112
166 0 211 15 113
159 0 301 15 114
156 0 311 4 115
166 0 336 15 116
157 0 340 15 117
159 0 206 15 118
161 0 356 15 119
165 0 369 15 120
166 0 187 15 121
178 0 216 15 122
174 0 182 15 123
185 0 169 15 124
185 0 210 15 125
188 0 154 15 126
187 0 195 15 127
189 0 164 15 128
189 0 177 15 129
189 0 187 15 130
191 0 207 15 131
197 0 148 15 132
202 0 199 15 133
208 0 147 15 134
217 0 196 15 135
220 0 145 15 136
216 0 259 15 137
228 0 141 15 138
226 0 179 15 139
223 0 256 15 140
223 0 271 15 141
232 0 196 15 142
237 0 138 15 143
237 0 178 15 144
233 0 264 15 145
244 0 225 15 146
247 0 140 15 147
245 0 193 15 148
248 0 177 15 149
251 0 243 15 150
254 0 143 15 151
254 0 227 15 152
259 0 185 15 153
244 0 276 15 154
261 0 137 15 155
261 0 173 15 156
261 0 230 15 157
262 0 198 15 158
267 0 203 15 159
252 0 244 15 160
257 0 263 15 161
268 0 164 15 162
268 0 187 15 163
252 0 256 15 164
264 0 268 15 165
260 0 126 15 166
271 0 131 15 167
257 0 252 15 168
265 0 240 15 169
273 0 181 15 170
260 0 234 15 171
268 0 281 15 172
269 0 131 15 173
274 0 243 15 174
277 0 128 15 175
275 0 214 15 176
266 0 258 15 177
286 0 236 4 178
277 0 259 15 179
288 0 190 15 180
283 0 210 15 181
281 0 224 15 182
277 0 114 4 183
277 0 129 15 184
275 0 226 15 185
285 0 248 15 186
297 0 234 15 187
289 0 123 15 188
283 0 124 15 189
297 0 196 4 190
285 0 136 15 191
282 0 231 15 192
298 0 191 4 193
299 0 202 4 194
292 0 133 15 195
290 0 220 15 196
303 0 189 15 197
300 0 215 4 198
302 0 227 4 199
289 0 236 15 200
304 0 237 15 201
306 0 197 15 202
305 0 198 4 203
298 0 118 15 204
306 0 192 4 205
296 0 255 15 206
303 0 252 15 207
297 0 244 15 208
313 0 241 4 209
329 0 167 15 210
329 0 182 15 211
329 0 191 15 212
330 0 137 15 213
316 0 229 4 214
332 0 161 15 215
307 0 226 15 216
336 0 171 15 217
323 0 219 15 218
337 0 188 15 219
338 0 134 15 220
338 0 204 15 221
345 0 162 15 222
341 0 186 15 223
347 0 170 15 224
348 0 144 15 225
349 0 135 15 226
344 0 150 15 227
352 0 208 15 228
354 0 172 15 229
354 0 156 15 230
350 0 194 15 231
354 0 134 15 232
361 0 174 15 233
356 0 221 15 234
345 0 231 15 235
344 0 222 4 236
346 0 229 4 237
365 0 260 15 238
365 0 274 15 239
365 0 286 15 240
349 0 250 15 241
366 0 245 15 242
367 0 133 15 243
362 0 200 15 244
350 0 204 15 245
369 0 171 15 246
369 0 223 15 247
365 0 58 15 248
365 0 89 15 249
365 0 103 15 250
366 0 45 15 251
344 0 69 15 252
370 0 123 15 253
366 0 11 15 254
366 0 32 15 255
349 0 233 15 256
346 0 20 15 257
368 0 -4 15 258
369 0 259 15 259
369 0 277 15 260
373 0 285 15 261
369 0 238 15 262
375 0 223 15 263
371 0 126 15 264
371 0 133 15 265
356 0 211 4 266
371 0 208 15 267
372 0 178 15 268
357 0 236 4 269
378 0 94 15 270
352 0 98 15 271
373 0 120 15 272
379 0 78 15 273
375 0 66 15 274
375 0 219 15 275
375 0 237 15 276
380 0 52 15 277
381 0 11 15 278
381 0 26 15 279
350 0 36 4 280
376 0 277 15 281
376 0 288 15 282
382 0 -1 15 283
377 0 260 15 284
365 0 257 15 285
364 0 245 15 286
365 0 230 15 287
385 0 119 15 288
386 0 101 15 289
386 0 173 15 290
386 0 188 15 291
382 0 82 15 292
361 0 49 15 293
387 0 67 15 294
384 0 26 15 295
389 0 40 15 296
385 0 8 15 297
390 0 -5 15 298
74 14 -41 15 299
83 14 -41 15 300
91 14 -41 15 301
100 14 -41 15 302
105 14 -38 15 303
113 14 -41 15 304
122 14 -41 15 305
127 14 -38 15 306
136 14 -41 15 307
144 14 -41 15 308
150 14 -38 15 309
158 14 -41 15 310
163 14 -38 15 311
171 14 -41 15 312
177 14 -38 15 313
185 14 -41 15 314
190 14 -38 15 315
198 14 -32 15 316
203 14 -38 15 317
209 14 -41 15 318
216 14 -38 15 319
220 14 -33 15 320
227 14 -41 15 321
233 14 -38 15 322
239 14 -33 15 323
246 14 -38 15 324
251 14 -31 15 325
257 14 -41 15 326
265 14 -38 15 327
270 14 -41 15 328
278 14 -38 15 329
286 14 -38 15 330
289 14 -41 15 331
299 14 -38 15 332
303 14 -41 15 333
312 14 -38 15 334
317 14 -41 15 335
325 14 -38 15 336
333 14 -38 15 337
335 14 -41 15 338
346 14 -38 15 339
349 14 -41 15 340
359 14 -38 15 341
363 14 -41 15 342
373 14 -38 15 343
378 14 -35 15 344
382 14 -41 15 345
394 14 -38 15 346
395 14 -41 15 347
404 14 -41 15 348
404 14 -30 15 349
399 14 -22 15 350
404 14 -16 15 351
399 14 -9 15 352
373 14 -3 15 353
375 14 4 15 354
377 14 13 15 355
373 14 22 4 356
371 14 27 4 357
370 14 32 4 358
371 14 39 4 359
