360
93 0 -28 15 0
93 0 -8 15 1
93 0 3 15 2
94 0 23 15 3
94 0 34 15 4
94 0 45 15 5
95 0 57 15 6
95 0 68 15 7
95 0 79 15 8
95 0 100 15 9
108 0 109 15 10
108 0 -26 15 11
108 0 119 15 12
108 0 136 15 13
108 0 152 15 14
96 0 164 15 15
109 0 192 15 16
110 0 230 15 17
110 0 240 15 18
110 0 250 15 19
110 0 -19 15 20
110 0 -1 15 21
111 0 267 15 22
111 0 10 15 23
111 0 277 15 24
111 0 27 15 25
111 0 37 15 26
111 0 54 15 27
111 0 179 15 28
111 0 296 15 29
189 0 42 4 30
112 0 81 15 31
112 0 314 15 32
112 0 98 15 33
133 0 -36 15 34
187 0 -13 15 35
179 0 4 15 36
186 0 18 4 37
190 0 20 4 38
112 0 222 15 39
112 0 331 15 40
190 0 27 4 41
130 0 359 15 42
128 0 370 15 43
129 0 395 15 44
186 0 38 4 45
189 0 68 15 46
113 0 126 15 47
113 0 144 15 48
187 0 45 4 49
191 0 48 4 50
175 0 67 15 51
113 0 162 15 52
113 0 185 15 53
175 0 80 15 54
177 0 92 15 55
157 0 287 4 56
150 0 278 15 57
114 0 201 15 58
177 0 117 15 59
114 0 209 15 60
180 0 341 15 61
155 0 302 4 62
150 0 -36 15 63
115 0 169 15 64
173 0 300 15 65
146 0 394 15 66
159 0 278 4 67
150 0 314 15 68
169 0 351 15 69
156 0 239 4 70
150 0 335 15 71
148 0 344 15 72
181 0 323 15 73
156 0 278 4 74
141 0 353 15 75
157 0 288 4 76
159 0 305 4 77
155 0 378 15 78
157 0 253 4 79
150 0 380 15 80
159 0 -36 15 81
152 0 300 15 82
160 0 246 4 83
158 0 321 15 84
187 0 -6 15 85
178 0 14 15 86
178 0 25 15 87
191 0 31 4 88
161 0 235 4 89
178 0 368 15 90
155 0 352 15 91
155 0 365 15 92
179 0 43 15 93
200 0 42 4 94
201 0 48 4 95
187 0 64 15 96
190 0 82 15 97
154 0 371 15 98
154 0 239 15 99
145 0 371 15 100
181 0 102 15 101
185 0 301 15 102
182 0 126 15 103
182 0 140 15 104
155 0 225 15 105
163 0 225 4 106
160 0 238 4 107
184 0 305 15 108
163 0 266 4 109
156 0 258 15 110
167 0 380 15 111
156 0 276 15 112
187 0 265 15 113
170 0 320 15 114
160 0 320 4 115
184 0 363 15 116
160 0 345 15 117
163 0 219 15 118
167 0 365 15 119
175 0 379 15 120
171 0 207 15 121
191 0 251 15 122
179 0 201 15 123
197 0 171 15 124
193 0 238 15 125
191 0 151 15 126
189 0 200 15 127
191 0 164 15 128
191 0 180 15 129
191 0 193 15 130
195 0 221 15 131
199 0 139 15 132
199 0 205 15 133
208 0 139 15 134
210 0 205 15 135
220 0 138 15 136
203 0 297 15 137
228 0 137 15 138
219 0 174 15 139
211 0 300 15 140
209 0 315 15 141
225 0 205 15 142
237 0 137 15 143
231 0 175 15 144
222 0 302 15 145
244 0 228 15 146
247 0 137 15 147
239 0 205 15 148
244 0 174 15 149
247 0 251 15 150
253 0 139 15 151
248 0 237 15 152
255 0 186 15 153
217 0 343 15 154
255 0 127 15 155
255 0 172 15 156
250 0 256 15 157
251 0 210 15 158
265 0 208 15 159
224 0 307 15 160
240 0 302 15 161
257 0 158 15 162
257 0 197 15 163
216 0 341 15 164
244 0 314 15 165
231 0 89 15 166
258 0 114 15 167
222 0 331 15 168
236 0 305 15 169
256 0 197 15 170
222 0 321 15 171
240 0 348 15 172
241 0 91 15 173
255 0 288 15 174
260 0 104 15 175
255 0 259 15 176
231 0 341 15 177
283 0 242 4 178
256 0 311 15 179
278 0 210 15 180
257 0 267 15 181
253 0 290 15 182
240 0 62 4 183
240 0 78 15 184
234 0 318 15 185
262 0 304 15 186
289 0 250 15 187
265 0 91 15 188
249 0 76 15 189
286 0 223 4 190
255 0 92 15 191
245 0 320 15 192
284 0 224 4 193
284 0 236 4 194
264 0 92 15 195
260 0 289 15 196
291 0 217 15 197
284 0 256 4 198
287 0 255 4 199
251 0 323 15 200
291 0 263 15 201
293 0 228 15 202
288 0 238 4 203
269 0 82 15 204
286 0 241 4 205
255 0 334 15 206
273 0 305 15 207
256 0 323 15 208
290 0 282 4 209
329 0 166 15 210
329 0 182 15 211
329 0 191 15 212
329 0 138 15 213
289 0 275 4 214
330 0 157 15 215
265 0 309 15 216
331 0 173 15 217
297 0 265 15 218
331 0 196 15 219
331 0 131 15 220
332 0 214 15 221
345 0 163 15 222
333 0 202 15 223
345 0 173 15 224
346 0 143 15 225
346 0 132 15 226
333 0 148 15 227
347 0 214 15 228
347 0 180 15 229
348 0 154 15 230
335 0 217 15 231
337 0 124 15 232
350 0 188 15 233
337 0 244 15 234
304 0 283 15 235
298 0 281 4 236
301 0 287 4 237
351 0 275 15 238
351 0 287 15 239
351 0 298 15 240
306 0 300 15 241
351 0 263 15 242
352 0 125 15 243
339 0 231 15 244
306 0 266 15 245
352 0 195 15 246
352 0 241 15 247
340 0 51 15 248
340 0 80 15 249
340 0 90 15 250
340 0 41 15 251
284 0 51 15 252
353 0 114 15 253
341 0 12 15 254
341 0 31 15 255
296 0 299 15 256
285 0 17 15 257
341 0 -5 15 258
341 0 286 15 259
341 0 304 15 260
354 0 305 15 261
341 0 267 15 262
354 0 249 15 263
342 0 109 15 264
342 0 118 15 265
301 0 284 4 266
342 0 245 15 267
342 0 217 15 268
304 0 295 4 269
355 0 82 15 270
286 0 67 15 271
343 0 102 15 272
355 0 70 15 273
343 0 60 15 274
343 0 255 15 275
343 0 273 15 276
356 0 47 15 277
356 0 12 15 278
356 0 24 15 279
275 0 28 4 280
344 0 310 15 281
344 0 320 15 282
356 0 1 15 283
344 0 293 15 284
310 0 314 15 285
305 0 308 15 286
305 0 297 15 287
357 0 105 15 288
358 0 92 15 289
358 0 210 15 290
358 0 223 15 291
345 0 71 15 292
289 0 36 15 293
358 0 59 15 294
346 0 22 15 295
359 0 36 15 296
346 0 5 15 297
359 0 -8 15 298
89 4 -49 15 299
99 4 -49 15 300
109 4 -49 15 301
119 4 -49 15 302
122 4 -39 15 303
131 4 -49 15 304
141 4 -49 15 305
141 4 -39 15 306
153 4 -49 15 307
163 4 -49 15 308
167 4 -39 15 309
174 4 -49 15 310
177 4 -39 15 311
186 4 -49 15 312
187 4 -39 15 313
198 4 -49 15 314
198 4 -39 15 315
209 4 -24 15 316
208 4 -39 15 317
213 4 -49 15 318
218 4 -39 15 319
220 4 -28 15 320
225 4 -49 15 321
229 4 -39 15 322
231 4 -28 15 323
240 4 -39 15 324
239 4 -23 15 325
242 4 -49 15 326
252 4 -39 15 327
254 4 -49 15 328
262 4 -39 15 329
271 4 -39 15 330
267 4 -49 15 331
281 4 -39 15 332
279 4 -49 15 333
291 4 -39 15 334
291 4 -49 15 335
302 4 -39 15 336
310 4 -39 15 337
304 4 -49 15 338
321 4 -39 15 339
316 4 -49 15 340
331 4 -39 15 341
328 4 -49 15 342
341 4 -39 15 343
344 4 -34 15 344
341 4 -49 15 345
360 4 -41 15 346
353 4 -49 15 347
363 4 -49 15 348
363 4 -31 15 349
351 4 -24 15 350
363 4 -19 15 351
351 4 -13 15 352
283 4 -9 15 353
287 4 -1 15 354
292 4 9 15 355
283 4 20 4 356
278 4 22 4 357
273 4 23 4 358
278 4 29 4 359
