360
94 0 -29 15 0
94 0 -8 15 1
94 0 3 15 2
94 0 23 15 3
94 0 34 15 4
95 0 45 15 5
95 0 57 15 6
95 0 68 15 7
95 0 79 15 8
95 0 100 15 9
109 0 109 15 10
109 0 -26 15 11
109 0 118 15 12
109 0 135 15 13
109 0 152 15 14
96 0 164 15 15
110 0 194 15 16
111 0 231 15 17
111 0 240 15 18
111 0 250 15 19
111 0 -18 15 20
111 0 -1 15 21
111 0 267 15 22
111 0 9 15 23
111 0 278 15 24
111 0 27 15 25
111 0 37 15 26
111 0 54 15 27
111 0 179 15 28
111 0 296 15 29
195 0 40 4 30
112 0 81 15 31
112 0 314 15 32
112 0 99 15 33
135 0 -37 15 34
193 0 -13 15 35
184 0 4 15 36
191 0 18 4 37
195 0 20 4 38
112 0 223 15 39
112 0 332 15 40
196 0 27 4 41
131 0 360 15 42
129 0 370 15 43
131 0 396 15 44
192 0 37 4 45
195 0 65 15 46
112 0 126 15 47
112 0 144 15 48
192 0 44 4 49
197 0 45 4 50
179 0 64 15 51
113 0 162 15 52
113 0 186 15 53
179 0 77 15 54
181 0 90 15 55
159 0 292 4 56
152 0 281 15 57
113 0 202 15 58
181 0 116 15 59
114 0 211 15 60
184 0 348 15 61
157 0 305 4 62
151 0 -37 15 63
114 0 169 15 64
176 0 308 15 65
147 0 395 15 66
162 0 283 4 67
152 0 317 15 68
173 0 356 15 69
158 0 244 4 70
152 0 336 15 71
149 0 345 15 72
185 0 332 15 73
158 0 282 4 74
142 0 353 15 75
158 0 292 4 76
161 0 309 4 77
157 0 380 15 78
159 0 257 4 79
151 0 381 15 80
160 0 -37 15 81
154 0 302 15 82
161 0 250 4 83
160 0 323 15 84
191 0 -6 15 85
182 0 14 15 86
182 0 25 15 87
195 0 30 4 88
163 0 240 4 89
181 0 372 15 90
157 0 354 15 91
157 0 367 15 92
182 0 42 15 93
205 0 40 4 94
206 0 45 4 95
191 0 62 15 96
194 0 80 15 97
156 0 372 15 98
155 0 241 15 99
145 0 371 15 100
184 0 101 15 101
188 0 310 15 102
185 0 125 15 103
185 0 139 15 104
156 0 227 15 105
164 0 229 4 106
161 0 240 4 107
186 0 311 15 108
164 0 268 4 109
156 0 259 15 110
168 0 381 15 111
157 0 277 15 112
190 0 272 15 113
172 0 322 15 114
161 0 321 4 115
186 0 367 15 116
161 0 346 15 117
164 0 220 15 118
168 0 367 15 119
176 0 380 15 120
172 0 209 15 121
193 0 255 15 122
180 0 203 15 123
198 0 171 15 124
195 0 241 15 125
191 0 151 15 126
189 0 201 15 127
192 0 164 15 128
192 0 180 15 129
192 0 194 15 130
196 0 223 15 131
199 0 138 15 132
198 0 206 15 133
208 0 138 15 134
210 0 206 15 135
220 0 137 15 136
202 0 302 15 137
228 0 137 15 138
218 0 173 15 139
209 0 305 15 140
207 0 321 15 141
225 0 206 15 142
237 0 137 15 143
230 0 174 15 144
220 0 307 15 145
244 0 228 15 146
247 0 137 15 147
238 0 206 15 148
243 0 174 15 149
246 0 252 15 150
253 0 138 15 151
247 0 238 15 152
254 0 186 15 153
213 0 351 15 154
254 0 126 15 155
254 0 172 15 156
248 0 259 15 157
249 0 211 15 158
265 0 208 15 159
221 0 314 15 160
238 0 306 15 161
256 0 157 15 162
256 0 198 15 163
212 0 352 15 164
241 0 320 15 165
227 0 85 15 166
257 0 112 15 167
219 0 341 15 168
233 0 313 15 169
254 0 199 15 170
218 0 332 15 171
236 0 357 15 172
238 0 86 15 173
252 0 294 15 174
258 0 101 15 175
252 0 264 15 176
227 0 351 15 177
282 0 243 4 178
253 0 317 15 179
277 0 212 15 180
254 0 274 15 181
250 0 297 15 182
235 0 56 4 183
235 0 72 15 184
229 0 329 15 185
259 0 311 15 186
288 0 252 15 187
262 0 87 15 188
245 0 70 15 189
285 0 227 4 190
251 0 87 15 191
240 0 330 15 192
282 0 228 4 193
283 0 240 4 194
260 0 87 15 195
256 0 298 15 196
290 0 220 15 197
282 0 261 4 198
285 0 258 4 199
247 0 334 15 200
289 0 266 15 201
291 0 232 15 202
285 0 242 4 203
266 0 78 15 204
283 0 246 4 205
250 0 344 15 206
270 0 312 15 207
252 0 333 15 208
287 0 287 4 209
329 0 165 15 210
329 0 182 15 211
329 0 191 15 212
329 0 138 15 213
286 0 281 4 214
329 0 157 15 215
260 0 319 15 216
330 0 173 15 217
294 0 270 15 218
330 0 197 15 219
331 0 130 15 220
331 0 215 15 221
345 0 163 15 222
331 0 204 15 223
345 0 173 15 224
345 0 143 15 225
345 0 132 15 226
332 0 148 15 227
346 0 215 15 228
347 0 181 15 229
347 0 154 15 230
333 0 219 15 231
334 0 123 15 232
348 0 190 15 233
335 0 246 15 234
299 0 289 15 235
292 0 289 4 236
295 0 294 4 237
349 0 277 15 238
349 0 288 15 239
349 0 300 15 240
300 0 306 15 241
350 0 265 15 242
350 0 123 15 243
336 0 234 15 244
301 0 273 15 245
350 0 198 15 246
350 0 243 15 247
337 0 50 15 248
337 0 78 15 249
337 0 88 15 250
337 0 40 15 251
276 0 48 15 252
351 0 113 15 253
337 0 12 15 254
337 0 30 15 255
289 0 307 15 256
278 0 17 15 257
338 0 -6 15 258
338 0 290 15 259
338 0 308 15 260
351 0 308 15 261
338 0 271 15 262
352 0 252 15 263
339 0 108 15 264
339 0 116 15 265
294 0 293 4 266
339 0 250 15 267
339 0 222 15 268
298 0 302 4 269
352 0 81 15 270
278 0 64 15 271
339 0 99 15 272
353 0 69 15 273
339 0 59 15 274
339 0 259 15 275
339 0 277 15 276
353 0 46 15 277
353 0 12 15 278
353 0 24 15 279
266 0 27 4 280
340 0 314 15 281
340 0 324 15 282
353 0 1 15 283
340 0 297 15 284
303 0 321 15 285
298 0 316 15 286
298 0 306 15 287
354 0 104 15 288
354 0 91 15 289
354 0 215 15 290
354 0 227 15 291
341 0 70 15 292
280 0 35 15 293
355 0 58 15 294
342 0 22 15 295
355 0 35 15 296
342 0 4 15 297
355 0 -8 15 298
91 3 -49 15 299
101 3 -49 15 300
111 3 -49 15 301
121 3 -49 15 302
124 3 -39 15 303
133 3 -49 15 304
143 3 -49 15 305
143 3 -39 15 306
155 3 -49 15 307
165 3 -49 15 308
169 3 -39 15 309
176 3 -49 15 310
179 3 -39 15 311
188 3 -49 15 312
189 3 -39 15 313
199 3 -49 15 314
199 3 -39 15 315
210 3 -24 15 316
209 3 -39 15 317
213 3 -49 15 318
219 3 -39 15 319
220 3 -27 15 320
225 3 -49 15 321
229 3 -39 15 322
230 3 -28 15 323
239 3 -39 15 324
238 3 -22 15 325
240 3 -49 15 326
250 3 -39 15 327
252 3 -49 15 328
260 3 -39 15 329
269 3 -39 15 330
265 3 -49 15 331
279 3 -39 15 332
276 3 -49 15 333
289 3 -39 15 334
288 3 -49 15 335
299 3 -39 15 336
307 3 -39 15 337
300 3 -49 15 338
317 3 -39 15 339
312 3 -49 15 340
327 3 -39 15 341
323 3 -49 15 342
337 3 -39 15 343
340 3 -34 15 344
336 3 -49 15 345
356 3 -41 15 346
348 3 -49 15 347
358 3 -49 15 348
359 3 -31 15 349
345 3 -24 15 350
359 3 -19 15 351
345 3 -14 15 352
272 3 -10 15 353
276 3 -2 15 354
282 3 8 15 355
272 3 20 4 356
267 3 21 4 357
262 3 22 4 358
267 3 28 4 359
