360
89 0 -24 15 0
89 0 -7 15 1
90 0 4 15 2
90 0 21 15 3
91 0 34 15 4
92 0 45 15 5
93 0 58 15 6
94 0 69 15 7
94 0 82 15 8
94 0 100 15 9
101 0 112 15 10
102 0 -23 15 11
102 0 122 15 12
102 0 137 15 13
102 0 151 15 14
98 0 164 15 15
104 0 184 15 16
108 0 224 15 17
108 0 236 15 18
108 0 247 15 19
108 0 -20 15 20
108 0 -2 15 21
109 0 262 15 22
110 0 11 15 23
110 0 276 15 24
110 0 26 15 25
111 0 38 15 26
111 0 54 15 27
111 0 178 15 28
111 0 296 15 29
146 0 57 4 30
112 0 82 15 31
112 0 314 15 32
113 0 97 15 33
123 0 -27 15 34
147 0 -12 15 35
144 0 3 15 36
147 0 15 4 37
148 0 23 4 38
113 0 219 15 39
113 0 330 15 40
149 0 34 4 41
122 0 353 15 42
121 0 365 15 43
122 0 385 15 44
148 0 48 4 45
149 0 93 15 46
115 0 127 15 47
115 0 144 15 48
149 0 60 4 49
151 0 67 4 50
144 0 83 15 51
117 0 162 15 52
117 0 180 15 53
146 0 98 15 54
147 0 112 15 55
138 0 247 4 56
135 0 251 15 57
119 0 190 15 58
148 0 132 15 59
120 0 198 15 60
149 0 286 15 61
138 0 276 4 62
136 0 -28 15 63
121 0 164 15 64
147 0 245 15 65
135 0 382 15 66
141 0 239 4 67
137 0 292 15 68
146 0 318 15 69
141 0 203 4 70
138 0 320 15 71
138 0 333 15 72
154 0 263 15 73
143 0 250 4 74
136 0 346 15 75
143 0 263 4 76
144 0 278 4 77
143 0 365 15 78
144 0 220 4 79
141 0 374 15 80
145 0 -29 15 81
143 0 284 15 82
146 0 214 4 83
146 0 303 15 84
159 0 -6 15 85
155 0 11 15 86
155 0 26 15 87
162 0 37 4 88
148 0 200 4 89
156 0 335 15 90
146 0 336 15 91
146 0 351 15 92
158 0 52 15 93
167 0 57 4 94
168 0 67 4 95
161 0 83 15 96
163 0 99 15 97
147 0 361 15 98
147 0 222 15 99
143 0 369 15 100
160 0 115 15 101
162 0 233 15 102
161 0 134 15 103
161 0 150 15 104
150 0 211 15 105
154 0 195 4 106
154 0 221 4 107
165 0 258 15 108
155 0 248 4 109
153 0 254 15 110
158 0 371 15 111
154 0 271 15 112
168 0 217 15 113
161 0 303 15 114
157 0 312 4 115
168 0 339 15 116
158 0 341 15 117
160 0 207 15 118
161 0 357 15 119
166 0 370 15 120
166 0 189 15 121
179 0 220 15 122
175 0 184 15 123
186 0 169 15 124
186 0 213 15 125
188 0 154 15 126
187 0 196 15 127
189 0 164 15 128
189 0 177 15 129
189 0 188 15 130
192 0 209 15 131
198 0 147 15 132
201 0 199 15 133
208 0 146 15 134
216 0 197 15 135
220 0 144 15 136
214 0 263 15 137
228 0 140 15 138
225 0 178 15 139
222 0 261 15 140
221 0 276 15 141
231 0 197 15 142
237 0 138 15 143
236 0 178 15 144
232 0 268 15 145
244 0 225 15 146
247 0 140 15 147
244 0 194 15 148
247 0 177 15 149
250 0 244 15 150
254 0 143 15 151
254 0 228 15 152
258 0 185 15 153
241 0 283 15 154
260 0 136 15 155
260 0 173 15 156
259 0 233 15 157
260 0 199 15 158
267 0 203 15 159
249 0 251 15 160
256 0 267 15 161
267 0 164 15 162
267 0 188 15 163
248 0 266 15 164
262 0 273 15 165
257 0 122 15 166
269 0 129 15 167
254 0 260 15 168
262 0 247 15 169
272 0 183 15 170
256 0 243 15 171
265 0 288 15 172
266 0 127 15 173
272 0 248 15 174
275 0 126 15 175
273 0 219 15 176
262 0 267 15 177
285 0 237 4 178
275 0 264 15 179
287 0 192 15 180
280 0 216 15 181
278 0 231 15 182
273 0 109 4 183
273 0 123 15 184
270 0 236 15 185
283 0 254 15 186
297 0 236 15 187
286 0 119 15 188
279 0 119 15 189
296 0 199 4 190
282 0 131 15 191
278 0 240 15 192
296 0 195 4 193
298 0 206 4 194
289 0 129 15 195
287 0 227 15 196
302 0 192 15 197
299 0 219 4 198
300 0 230 4 199
285 0 245 15 200
303 0 240 15 201
305 0 200 15 202
303 0 202 4 203
295 0 114 15 204
304 0 198 4 205
291 0 264 15 206
300 0 258 15 207
293 0 252 15 208
310 0 245 4 209
329 0 167 15 210
329 0 182 15 211
329 0 191 15 212
330 0 137 15 213
313 0 234 4 214
332 0 160 15 215
303 0 235 15 216
335 0 171 15 217
320 0 224 15 218
336 0 189 15 219
337 0 134 15 220
338 0 205 15 221
345 0 162 15 222
340 0 188 15 223
347 0 170 15 224
348 0 144 15 225
348 0 135 15 226
343 0 150 15 227
352 0 209 15 228
353 0 173 15 229
354 0 156 15 230
348 0 197 15 231
352 0 133 15 232
359 0 176 15 233
354 0 224 15 234
340 0 237 15 235
339 0 229 4 236
341 0 235 4 237
363 0 262 15 238
363 0 275 15 239
363 0 287 15 240
344 0 255 15 241
365 0 247 15 242
365 0 132 15 243
360 0 204 15 244
345 0 211 15 245
367 0 174 15 246
367 0 225 15 247
362 0 57 15 248
362 0 88 15 249
362 0 101 15 250
363 0 45 15 251
337 0 67 15 252
369 0 122 15 253
364 0 11 15 254
364 0 32 15 255
343 0 241 15 256
339 0 20 15 257
365 0 -4 15 258
366 0 262 15 259
366 0 280 15 260
371 0 287 15 261
366 0 241 15 262
372 0 226 15 263
368 0 124 15 264
368 0 131 15 265
350 0 219 4 266
368 0 212 15 267
369 0 182 15 268
352 0 242 4 269
376 0 92 15 270
345 0 95 15 271
370 0 118 15 272
376 0 77 15 273
371 0 65 15 274
371 0 223 15 275
371 0 241 15 276
378 0 51 15 277
378 0 11 15 278
378 0 26 15 279
342 0 35 4 280
373 0 281 15 281
373 0 292 15 282
379 0 -1 15 283
373 0 263 15 284
359 0 263 15 285
357 0 252 15 286
358 0 237 15 287
382 0 117 15 288
383 0 100 15 289
383 0 177 15 290
383 0 192 15 291
378 0 81 15 292
353 0 48 15 293
384 0 66 15 294
380 0 25 15 295
385 0 39 15 296
381 0 8 15 297
387 0 -5 15 298
76 13 -42 15 299
85 13 -42 15 300
93 13 -42 15 301
102 13 -42 15 302
107 13 -38 15 303
115 13 -42 15 304
124 13 -42 15 305
128 13 -38 15 306
137 13 -42 15 307
146 13 -42 15 308
152 13 -38 15 309
160 13 -42 15 310
165 13 -38 15 311
173 13 -42 15 312
178 13 -38 15 313
187 13 -42 15 314
191 13 -38 15 315
200 13 -31 15 316
203 13 -38 15 317
210 13 -42 15 318
216 13 -38 15 319
220 13 -32 15 320
227 13 -42 15 321
233 13 -38 15 322
238 13 -33 15 323
246 13 -38 15 324
249 13 -30 15 325
255 13 -42 15 326
263 13 -38 15 327
268 13 -42 15 328
276 13 -38 15 329
284 13 -38 15 330
287 13 -42 15 331
297 13 -38 15 332
300 13 -42 15 333
310 13 -38 15 334
314 13 -42 15 335
323 13 -38 15 336
331 13 -38 15 337
332 13 -42 15 338
344 13 -38 15 339
345 13 -42 15 340
356 13 -38 15 341
359 13 -42 15 342
369 13 -38 15 343
375 13 -35 15 344
377 13 -42 15 345
390 13 -38 15 346
391 13 -42 15 347
399 13 -42 15 348
400 13 -30 15 349
394 13 -23 15 350
400 13 -16 15 351
394 13 -10 15 352
363 13 -4 15 353
365 13 4 15 354
368 13 13 15 355
363 13 22 4 356
361 13 26 4 357
359 13 31 4 358
361 13 38 4 359
