360
88 0 -23 15 0
88 0 -6 15 1
89 0 5 15 2
90 0 21 15 3
90 0 34 15 4
92 0 45 15 5
93 0 58 15 6
93 0 69 15 7
93 0 82 15 8
94 0 100 15 9
100 0 113 15 10
101 0 -22 15 11
101 0 122 15 12
101 0 137 15 13
101 0 150 15 14
98 0 164 15 15
103 0 182 15 16
107 0 223 15 17
107 0 235 15 18
107 0 247 15 19
108 0 -20 15 20
108 0 -3 15 21
109 0 261 15 22
109 0 11 15 23
109 0 276 15 24
110 0 26 15 25
111 0 39 15 26
111 0 54 15 27
111 0 177 15 28
111 0 296 15 29
140 0 59 4 30
112 0 82 15 31
112 0 314 15 32
113 0 97 15 33
121 0 -26 15 34
141 0 -11 15 35
138 0 2 15 36
141 0 14 4 37
142 0 24 4 38
114 0 219 15 39
114 0 330 15 40
143 0 35 4 41
121 0 352 15 42
120 0 364 15 43
121 0 383 15 44
142 0 49 4 45
143 0 97 15 46
116 0 127 15 47
116 0 144 15 48
143 0 62 4 49
145 0 70 4 50
140 0 86 15 51
117 0 162 15 52
117 0 179 15 53
141 0 101 15 54
142 0 115 15 55
135 0 240 4 56
132 0 246 15 57
120 0 188 15 58
144 0 134 15 59
121 0 196 15 60
145 0 278 15 61
136 0 272 4 62
134 0 -27 15 63
122 0 163 15 64
143 0 237 15 65
133 0 380 15 66
138 0 233 4 67
135 0 289 15 68
143 0 313 15 69
138 0 197 4 70
136 0 318 15 71
137 0 331 15 72
150 0 254 15 73
141 0 246 4 74
135 0 345 15 75
141 0 259 4 76
142 0 274 4 77
141 0 363 15 78
142 0 215 4 79
139 0 373 15 80
143 0 -27 15 81
141 0 282 15 82
144 0 209 4 83
144 0 300 15 84
155 0 -6 15 85
152 0 10 15 86
152 0 26 15 87
157 0 38 4 88
146 0 194 4 89
152 0 329 15 90
144 0 333 15 91
144 0 349 15 92
155 0 53 15 93
162 0 59 4 94
163 0 70 4 95
157 0 85 15 96
159 0 102 15 97
146 0 360 15 98
146 0 219 15 99
143 0 369 15 100
157 0 116 15 101
158 0 222 15 102
158 0 135 15 103
158 0 151 15 104
149 0 208 15 105
152 0 190 4 106
153 0 218 4 107
162 0 251 15 108
154 0 245 4 109
152 0 253 15 110
156 0 370 15 111
153 0 270 15 112
165 0 209 15 113
159 0 300 15 114
156 0 311 4 115
165 0 336 15 116
157 0 340 15 117
159 0 205 15 118
160 0 355 15 119
164 0 369 15 120
166 0 186 15 121
177 0 215 15 122
174 0 182 15 123
185 0 169 15 124
185 0 209 15 125
187 0 154 15 126
187 0 195 15 127
189 0 164 15 128
189 0 177 15 129
189 0 187 15 130
191 0 207 15 131
197 0 148 15 132
202 0 198 15 133
208 0 148 15 134
217 0 196 15 135
220 0 145 15 136
216 0 258 15 137
228 0 141 15 138
226 0 179 15 139
224 0 255 15 140
223 0 270 15 141
232 0 196 15 142
237 0 139 15 143
237 0 178 15 144
234 0 263 15 145
244 0 225 15 146
247 0 140 15 147
245 0 192 15 148
248 0 177 15 149
251 0 242 15 150
254 0 143 15 151
255 0 227 15 152
259 0 185 15 153
245 0 274 15 154
261 0 137 15 155
261 0 174 15 156
261 0 230 15 157
262 0 197 15 158
267 0 202 15 159
252 0 242 15 160
258 0 262 15 161
268 0 165 15 162
268 0 187 15 163
253 0 254 15 164
265 0 267 15 165
261 0 127 15 166
271 0 131 15 167
259 0 249 15 168
266 0 238 15 169
274 0 180 15 170
262 0 231 15 171
269 0 279 15 172
270 0 133 15 173
275 0 242 15 174
278 0 129 15 175
276 0 212 15 176
267 0 256 15 177
286 0 236 4 178
278 0 257 15 179
288 0 189 15 180
283 0 208 15 181
282 0 222 15 182
278 0 116 4 183
278 0 130 15 184
276 0 223 15 185
286 0 247 15 186
298 0 233 15 187
289 0 124 15 188
284 0 125 15 189
297 0 196 4 190
286 0 138 15 191
283 0 228 15 192
298 0 190 4 193
300 0 201 4 194
293 0 135 15 195
291 0 218 15 196
303 0 188 15 197
301 0 214 4 198
302 0 226 4 199
290 0 233 15 200
305 0 237 15 201
307 0 196 15 202
305 0 197 4 203
299 0 119 15 204
307 0 191 4 205
297 0 253 15 206
304 0 251 15 207
298 0 241 15 208
313 0 239 4 209
329 0 167 15 210
329 0 182 15 211
329 0 191 15 212
330 0 137 15 213
317 0 227 4 214
332 0 161 15 215
309 0 224 15 216
336 0 171 15 217
324 0 218 15 218
337 0 188 15 219
338 0 134 15 220
339 0 204 15 221
345 0 162 15 222
341 0 186 15 223
347 0 170 15 224
348 0 144 15 225
349 0 135 15 226
344 0 150 15 227
352 0 208 15 228
354 0 172 15 229
355 0 156 15 230
350 0 194 15 231
354 0 134 15 232
361 0 174 15 233
356 0 221 15 234
346 0 230 15 235
345 0 220 4 236
347 0 227 4 237
365 0 259 15 238
365 0 273 15 239
365 0 286 15 240
350 0 248 15 241
367 0 245 15 242
367 0 133 15 243
363 0 199 15 244
351 0 203 15 245
370 0 170 15 246
370 0 222 15 247
366 0 58 15 248
366 0 90 15 249
366 0 103 15 250
366 0 45 15 251
346 0 70 15 252
371 0 123 15 253
367 0 11 15 254
367 0 32 15 255
351 0 231 15 256
348 0 20 15 257
369 0 -4 15 258
369 0 259 15 259
369 0 277 15 260
374 0 284 15 261
370 0 237 15 262
375 0 222 15 263
372 0 126 15 264
372 0 134 15 265
357 0 209 4 266
372 0 207 15 267
373 0 177 15 268
359 0 234 4 269
379 0 94 15 270
354 0 99 15 271
374 0 121 15 272
380 0 79 15 273
376 0 66 15 274
376 0 218 15 275
376 0 236 15 276
381 0 52 15 277
382 0 11 15 278
382 0 26 15 279
352 0 37 4 280
377 0 276 15 281
377 0 287 15 282
382 0 -1 15 283
378 0 259 15 284
366 0 255 15 285
366 0 243 15 286
366 0 228 15 287
386 0 119 15 288
387 0 101 15 289
387 0 172 15 290
387 0 187 15 291
383 0 82 15 292
363 0 50 15 293
388 0 67 15 294
385 0 26 15 295
390 0 40 15 296
386 0 8 15 297
391 0 -4 15 298
74 14 -41 15 299
82 14 -41 15 300
91 14 -41 15 301
99 14 -41 15 302
105 14 -37 15 303
113 14 -41 15 304
121 14 -41 15 305
126 14 -37 15 306
135 14 -41 15 307
144 14 -41 15 308
150 14 -37 15 309
157 14 -41 15 310
163 14 -37 15 311
171 14 -41 15 312
176 14 -37 15 313
185 14 -41 15 314
189 14 -37 15 315
198 14 -32 15 316
203 14 -37 15 317
209 14 -41 15 318
216 14 -37 15 319
220 14 -33 15 320
227 14 -41 15 321
233 14 -37 15 322
239 14 -34 15 323
247 14 -37 15 324
251 14 -32 15 325
257 14 -41 15 326
265 14 -37 15 327
271 14 -41 15 328
278 14 -37 15 329
286 14 -37 15 330
290 14 -41 15 331
300 14 -37 15 332
304 14 -41 15 333
313 14 -37 15 334
317 14 -41 15 335
326 14 -37 15 336
334 14 -37 15 337
336 14 -41 15 338
347 14 -37 15 339
350 14 -41 15 340
360 14 -37 15 341
364 14 -41 15 342
374 14 -37 15 343
379 14 -36 15 344
383 14 -41 15 345
395 14 -38 15 346
397 14 -41 15 347
405 14 -41 15 348
405 14 -30 15 349
401 14 -22 15 350
405 14 -16 15 351
401 14 -9 15 352
376 14 -3 15 353
377 14 5 15 354
379 14 13 15 355
376 14 22 4 356
374 14 27 4 357
373 14 32 4 358
374 14 39 4 359
