360
87 0 -22 15 0
87 0 -6 15 1
88 0 5 15 2
89 0 20 15 3
90 0 34 15 4
91 0 45 15 5
92 0 58 15 6
93 0 69 15 7
93 0 83 15 8
94 0 100 15 9
98 0 113 15 10
99 0 -22 15 11
99 0 123 15 12
100 0 137 15 13
100 0 150 15 14
99 0 164 15 15
102 0 180 15 16
107 0 221 15 17
107 0 234 15 18
107 0 246 15 19
107 0 -20 15 20
107 0 -3 15 21
108 0 260 15 22
109 0 11 15 23
109 0 276 15 24
110 0 26 15 25
111 0 39 15 26
111 0 54 15 27
111 0 177 15 28
111 0 296 15 29
129 0 63 4 30
112 0 82 15 31
112 0 314 15 32
113 0 97 15 33
119 0 -24 15 34
131 0 -11 15 35
129 0 2 15 36
131 0 14 4 37
132 0 24 4 38
114 0 218 15 39
114 0 330 15 40
132 0 37 4 41
119 0 351 15 42
118 0 363 15 43
119 0 381 15 44
132 0 52 4 45
133 0 103 15 46
116 0 127 15 47
116 0 144 15 48
134 0 66 4 49
135 0 75 4 50
132 0 90 15 51
118 0 162 15 52
118 0 178 15 53
134 0 106 15 54
135 0 119 15 55
130 0 230 4 56
129 0 240 15 57
121 0 186 15 58
137 0 138 15 59
122 0 193 15 60
137 0 264 15 61
131 0 266 4 62
131 0 -25 15 63
123 0 162 15 64
136 0 223 15 65
130 0 377 15 66
134 0 223 4 67
132 0 283 15 68
137 0 304 15 69
135 0 188 4 70
133 0 314 15 71
134 0 329 15 72
143 0 238 15 73
137 0 239 4 74
134 0 343 15 75
138 0 252 4 76
138 0 268 4 77
138 0 360 15 78
139 0 207 4 79
137 0 372 15 80
140 0 -26 15 81
139 0 278 15 82
141 0 201 4 83
141 0 296 15 84
148 0 -6 15 85
146 0 10 15 86
146 0 26 15 87
150 0 40 4 88
143 0 185 4 89
147 0 321 15 90
142 0 329 15 91
142 0 345 15 92
149 0 55 15 93
154 0 63 4 94
154 0 75 4 95
151 0 90 15 96
152 0 106 15 97
144 0 357 15 98
144 0 215 15 99
142 0 368 15 100
151 0 119 15 101
152 0 205 15 102
153 0 137 15 103
153 0 154 15 104
148 0 205 15 105
150 0 182 4 106
151 0 214 4 107
157 0 239 15 108
152 0 241 4 109
152 0 252 15 110
154 0 367 15 111
153 0 269 15 112
160 0 197 15 113
157 0 296 15 114
155 0 309 4 115
161 0 329 15 116
157 0 339 15 117
158 0 202 15 118
159 0 353 15 119
162 0 366 15 120
164 0 182 15 121
174 0 207 15 122
173 0 178 15 123
182 0 168 15 124
183 0 203 15 125
187 0 155 15 126
186 0 194 15 127
188 0 164 15 128
188 0 176 15 129
188 0 186 15 130
190 0 204 15 131
197 0 150 15 132
202 0 197 15 133
208 0 149 15 134
218 0 194 15 135
220 0 147 15 136
219 0 250 15 137
228 0 141 15 138
228 0 180 15 139
227 0 245 15 140
226 0 260 15 141
233 0 194 15 142
237 0 139 15 143
238 0 179 15 144
236 0 255 15 145
244 0 224 15 146
247 0 141 15 147
246 0 190 15 148
249 0 178 15 149
252 0 241 15 150
254 0 144 15 151
256 0 224 15 152
260 0 185 15 153
251 0 259 15 154
262 0 139 15 155
262 0 174 15 156
263 0 224 15 157
264 0 195 15 158
268 0 201 15 159
258 0 229 15 160
262 0 253 15 161
271 0 166 15 162
271 0 185 15 163
261 0 235 15 164
269 0 257 15 165
267 0 135 15 166
274 0 135 15 167
266 0 232 15 168
273 0 223 15 169
278 0 178 15 170
270 0 212 15 171
275 0 263 15 172
276 0 142 15 173
279 0 232 15 174
281 0 135 15 175
280 0 202 15 176
275 0 237 15 177
286 0 235 4 178
283 0 246 15 179
290 0 185 15 180
289 0 196 15 181
288 0 208 15 182
286 0 127 4 183
286 0 142 15 184
285 0 202 15 185
291 0 234 15 186
300 0 230 15 187
295 0 131 15 188
291 0 136 15 189
300 0 189 4 190
293 0 147 15 191
291 0 208 15 192
301 0 183 4 193
303 0 193 4 194
299 0 144 15 195
298 0 202 15 196
306 0 182 15 197
305 0 205 4 198
305 0 220 4 199
299 0 214 15 200
308 0 231 15 201
310 0 189 15 202
309 0 188 4 203
306 0 127 15 204
311 0 180 4 205
306 0 236 15 206
311 0 239 15 207
307 0 224 15 208
318 0 230 4 209
329 0 167 15 210
329 0 182 15 211
329 0 191 15 212
330 0 137 15 213
323 0 217 4 214
333 0 161 15 215
318 0 205 15 216
337 0 170 15 217
330 0 207 15 218
338 0 186 15 219
339 0 135 15 220
340 0 202 15 221
345 0 162 15 222
343 0 182 15 223
348 0 169 15 224
349 0 144 15 225
349 0 136 15 226
347 0 151 15 227
354 0 207 15 228
355 0 170 15 229
356 0 157 15 230
353 0 189 15 231
358 0 136 15 232
363 0 170 15 233
361 0 216 15 234
355 0 218 15 235
356 0 207 4 236
357 0 214 4 237
368 0 256 15 238
368 0 270 15 239
368 0 283 15 240
360 0 237 15 241
370 0 241 15 242
371 0 135 15 243
368 0 193 15 244
361 0 189 15 245
373 0 165 15 246
373 0 218 15 247
371 0 60 15 248
371 0 92 15 249
371 0 106 15 250
372 0 46 15 251
359 0 74 15 252
375 0 125 15 253
373 0 11 15 254
373 0 32 15 255
363 0 217 15 256
361 0 21 15 257
375 0 -4 15 258
375 0 252 15 259
375 0 270 15 260
378 0 280 15 261
376 0 230 15 262
380 0 217 15 263
379 0 130 15 264
379 0 137 15 265
369 0 192 4 266
379 0 198 15 267
380 0 168 15 268
371 0 221 4 269
384 0 96 15 270
368 0 106 15 271
381 0 125 15 272
385 0 80 15 273
383 0 67 15 274
383 0 210 15 275
383 0 228 15 276
387 0 53 15 277
387 0 11 15 278
387 0 27 15 279
369 0 38 4 280
384 0 269 15 281
384 0 280 15 282
388 0 -1 15 283
385 0 252 15 284
378 0 243 15 285
379 0 229 15 286
380 0 212 15 287
392 0 122 15 288
393 0 103 15 289
393 0 164 15 290
393 0 180 15 291
391 0 85 15 292
379 0 53 15 293
395 0 69 15 294
394 0 26 15 295
396 0 41 15 296
394 0 9 15 297
398 0 -4 15 298
71 16 -39 15 299
79 16 -39 15 300
87 16 -39 15 301
95 16 -39 15 302
101 16 -37 15 303
109 16 -39 15 304
117 16 -39 15 305
123 16 -37 15 306
131 16 -39 15 307
139 16 -39 15 308
146 16 -37 15 309
154 16 -39 15 310
160 16 -37 15 311
168 16 -39 15 312
174 16 -37 15 313
182 16 -39 15 314
188 16 -37 15 315
196 16 -34 15 316
201 16 -37 15 317
208 16 -39 15 318
215 16 -37 15 319
221 16 -34 15 320
228 16 -39 15 321
234 16 -37 15 322
240 16 -35 15 323
248 16 -37 15 324
254 16 -33 15 325
260 16 -39 15 326
268 16 -37 15 327
274 16 -39 15 328
282 16 -37 15 329
290 16 -37 15 330
295 16 -39 15 331
304 16 -37 15 332
309 16 -39 15 333
317 16 -37 15 334
323 16 -39 15 335
331 16 -37 15 336
339 16 -37 15 337
343 16 -39 15 338
353 16 -37 15 339
358 16 -39 15 340
367 16 -37 15 341
372 16 -39 15 342
381 16 -37 15 343
387 16 -36 15 344
392 16 -39 15 345
402 16 -37 15 346
406 16 -39 15 347
414 16 -39 15 348
414 16 -30 15 349
412 16 -22 15 350
414 16 -15 15 351
412 16 -8 15 352
396 16 -2 15 353
397 16 6 15 354
398 16 14 15 355
396 16 22 4 356
395 16 28 4 357
394 16 34 4 358
395 16 42 4 359
