360
94 0 -28 15 0
94 0 -8 15 1
94 0 3 15 2
94 0 23 15 3
94 0 34 15 4
94 0 45 15 5
95 0 57 15 6
95 0 68 15 7
95 0 79 15 8
95 0 100 15 9
108 0 109 15 10
109 0 -26 15 11
109 0 118 15 12
109 0 135 15 13
109 0 152 15 14
96 0 164 15 15
109 0 193 15 16
110 0 230 15 17
110 0 240 15 18
110 0 250 15 19
110 0 -19 15 20
110 0 -1 15 21
111 0 267 15 22
111 0 9 15 23
111 0 278 15 24
111 0 27 15 25
111 0 37 15 26
111 0 54 15 27
111 0 179 15 28
111 0 296 15 29
192 0 41 4 30
112 0 81 15 31
112 0 314 15 32
112 0 98 15 33
134 0 -36 15 34
190 0 -13 15 35
181 0 4 15 36
188 0 18 4 37
192 0 20 4 38
112 0 223 15 39
112 0 332 15 40
192 0 27 4 41
131 0 359 15 42
128 0 370 15 43
130 0 395 15 44
189 0 37 4 45
192 0 67 15 46
113 0 126 15 47
113 0 144 15 48
189 0 45 4 49
194 0 47 4 50
176 0 66 15 51
113 0 162 15 52
113 0 185 15 53
177 0 79 15 54
179 0 91 15 55
158 0 289 4 56
151 0 279 15 57
114 0 201 15 58
179 0 117 15 59
114 0 210 15 60
181 0 344 15 61
156 0 303 4 62
150 0 -36 15 63
114 0 169 15 64
174 0 303 15 65
146 0 395 15 66
160 0 280 4 67
151 0 315 15 68
171 0 353 15 69
157 0 241 4 70
151 0 335 15 71
148 0 344 15 72
183 0 327 15 73
157 0 280 4 74
141 0 353 15 75
157 0 290 4 76
160 0 307 4 77
156 0 379 15 78
158 0 255 4 79
150 0 380 15 80
159 0 -37 15 81
153 0 301 15 82
160 0 248 4 83
159 0 322 15 84
189 0 -6 15 85
180 0 14 15 86
180 0 25 15 87
193 0 31 4 88
162 0 237 4 89
179 0 370 15 90
156 0 353 15 91
156 0 366 15 92
181 0 43 15 93
202 0 41 4 94
203 0 47 4 95
189 0 63 15 96
192 0 81 15 97
155 0 372 15 98
154 0 240 15 99
145 0 371 15 100
183 0 102 15 101
187 0 305 15 102
183 0 126 15 103
183 0 139 15 104
155 0 226 15 105
163 0 227 4 106
161 0 239 4 107
185 0 307 15 108
163 0 267 4 109
156 0 259 15 110
167 0 381 15 111
156 0 277 15 112
189 0 268 15 113
171 0 321 15 114
161 0 320 4 115
185 0 365 15 116
160 0 346 15 117
164 0 220 15 118
168 0 366 15 119
175 0 380 15 120
171 0 208 15 121
192 0 253 15 122
180 0 202 15 123
198 0 171 15 124
194 0 239 15 125
191 0 151 15 126
189 0 201 15 127
191 0 164 15 128
191 0 180 15 129
191 0 194 15 130
196 0 222 15 131
199 0 139 15 132
199 0 205 15 133
208 0 138 15 134
210 0 205 15 135
220 0 138 15 136
203 0 299 15 137
228 0 137 15 138
219 0 173 15 139
210 0 302 15 140
208 0 318 15 141
225 0 205 15 142
237 0 137 15 143
231 0 174 15 144
221 0 304 15 145
244 0 228 15 146
247 0 137 15 147
239 0 205 15 148
243 0 174 15 149
246 0 252 15 150
253 0 139 15 151
247 0 238 15 152
254 0 186 15 153
215 0 346 15 154
255 0 127 15 155
255 0 172 15 156
249 0 257 15 157
250 0 210 15 158
265 0 208 15 159
223 0 310 15 160
239 0 304 15 161
257 0 158 15 162
257 0 197 15 163
215 0 346 15 164
243 0 317 15 165
229 0 87 15 166
258 0 113 15 167
220 0 335 15 168
235 0 308 15 169
255 0 198 15 170
220 0 326 15 171
238 0 352 15 172
240 0 89 15 173
254 0 290 15 174
259 0 103 15 175
254 0 261 15 176
229 0 345 15 177
283 0 243 4 178
254 0 313 15 179
277 0 211 15 180
256 0 270 15 181
252 0 293 15 182
238 0 60 4 183
238 0 75 15 184
232 0 323 15 185
261 0 307 15 186
289 0 251 15 187
263 0 89 15 188
247 0 74 15 189
286 0 225 4 190
253 0 90 15 191
243 0 324 15 192
283 0 226 4 193
284 0 238 4 194
262 0 89 15 195
258 0 293 15 196
290 0 218 15 197
283 0 258 4 198
286 0 256 4 199
249 0 328 15 200
290 0 264 15 201
292 0 230 15 202
287 0 240 4 203
268 0 80 15 204
285 0 243 4 205
253 0 338 15 206
272 0 308 15 207
254 0 327 15 208
289 0 285 4 209
329 0 165 15 210
329 0 182 15 211
329 0 191 15 212
329 0 138 15 213
288 0 278 4 214
330 0 157 15 215
263 0 313 15 216
330 0 173 15 217
295 0 267 15 218
331 0 197 15 219
331 0 130 15 220
331 0 214 15 221
345 0 163 15 222
332 0 203 15 223
345 0 173 15 224
346 0 143 15 225
346 0 132 15 226
333 0 148 15 227
347 0 215 15 228
347 0 181 15 229
347 0 154 15 230
334 0 218 15 231
336 0 124 15 232
349 0 189 15 233
336 0 245 15 234
302 0 286 15 235
296 0 284 4 236
298 0 290 4 237
350 0 276 15 238
350 0 287 15 239
350 0 299 15 240
303 0 302 15 241
351 0 264 15 242
351 0 124 15 243
338 0 232 15 244
304 0 269 15 245
351 0 196 15 246
351 0 242 15 247
339 0 51 15 248
339 0 79 15 249
339 0 89 15 250
339 0 41 15 251
281 0 50 15 252
352 0 113 15 253
339 0 12 15 254
339 0 30 15 255
293 0 303 15 256
282 0 17 15 257
340 0 -6 15 258
340 0 288 15 259
340 0 306 15 260
353 0 306 15 261
340 0 269 15 262
353 0 250 15 263
341 0 109 15 264
341 0 117 15 265
298 0 288 4 266
341 0 247 15 267
341 0 219 15 268
302 0 298 4 269
354 0 82 15 270
283 0 66 15 271
341 0 101 15 272
354 0 70 15 273
342 0 59 15 274
342 0 257 15 275
342 0 275 15 276
355 0 47 15 277
355 0 12 15 278
355 0 24 15 279
272 0 27 4 280
342 0 312 15 281
342 0 322 15 282
355 0 1 15 283
342 0 294 15 284
307 0 317 15 285
302 0 312 15 286
302 0 301 15 287
356 0 105 15 288
356 0 92 15 289
356 0 212 15 290
356 0 224 15 291
344 0 70 15 292
285 0 35 15 293
357 0 59 15 294
344 0 22 15 295
357 0 36 15 296
344 0 4 15 297
357 0 -8 15 298
90 3 -49 15 299
100 3 -49 15 300
110 3 -49 15 301
120 3 -49 15 302
123 3 -39 15 303
132 3 -49 15 304
142 3 -49 15 305
142 3 -39 15 306
153 3 -49 15 307
164 3 -49 15 308
168 3 -39 15 309
175 3 -49 15 310
178 3 -39 15 311
187 3 -49 15 312
188 3 -39 15 313
199 3 -49 15 314
198 3 -39 15 315
209 3 -24 15 316
208 3 -39 15 317
213 3 -49 15 318
218 3 -39 15 319
220 3 -27 15 320
225 3 -49 15 321
229 3 -39 15 322
231 3 -28 15 323
239 3 -39 15 324
238 3 -22 15 325
241 3 -49 15 326
251 3 -39 15 327
253 3 -49 15 328
261 3 -39 15 329
270 3 -39 15 330
266 3 -49 15 331
280 3 -39 15 332
278 3 -49 15 333
290 3 -39 15 334
289 3 -49 15 335
300 3 -39 15 336
309 3 -39 15 337
303 3 -49 15 338
319 3 -39 15 339
314 3 -49 15 340
329 3 -39 15 341
326 3 -49 15 342
340 3 -39 15 343
343 3 -34 15 344
339 3 -49 15 345
358 3 -41 15 346
351 3 -49 15 347
361 3 -49 15 348
361 3 -31 15 349
349 3 -24 15 350
361 3 -19 15 351
349 3 -13 15 352
278 3 -9 15 353
282 3 -2 15 354
288 3 9 15 355
278 3 20 4 356
273 3 21 4 357
269 3 23 4 358
273 3 28 4 359
