360
92 0 -27 15 0
92 0 -7 15 1
92 0 3 15 2
93 0 22 15 3
93 0 34 15 4
94 0 45 15 5
94 0 57 15 6
94 0 68 15 7
94 0 80 15 8
95 0 100 15 9
106 0 110 15 10
106 0 -25 15 11
106 0 120 15 12
106 0 136 15 13
106 0 152 15 14
97 0 164 15 15
107 0 189 15 16
109 0 228 15 17
109 0 238 15 18
109 0 249 15 19
110 0 -19 15 20
110 0 -1 15 21
110 0 265 15 22
110 0 10 15 23
110 0 277 15 24
111 0 26 15 25
111 0 37 15 26
111 0 54 15 27
111 0 179 15 28
111 0 296 15 29
174 0 47 4 30
112 0 82 15 31
112 0 314 15 32
112 0 98 15 33
130 0 -33 15 34
173 0 -13 15 35
167 0 4 15 36
172 0 17 4 37
175 0 21 4 38
113 0 221 15 39
113 0 331 15 40
176 0 30 4 41
127 0 357 15 42
126 0 368 15 43
127 0 391 15 44
173 0 41 4 45
175 0 77 15 46
114 0 127 15 47
114 0 144 15 48
174 0 50 4 49
177 0 55 4 50
164 0 72 15 51
114 0 162 15 52
114 0 183 15 53
165 0 86 15 54
166 0 99 15 55
150 0 273 4 56
144 0 268 15 57
116 0 197 15 58
167 0 122 15 59
116 0 205 15 60
169 0 321 15 61
149 0 293 4 62
145 0 -33 15 63
117 0 167 15 64
164 0 281 15 65
142 0 390 15 66
153 0 264 4 67
145 0 306 15 68
161 0 340 15 69
150 0 226 4 70
146 0 330 15 71
144 0 340 15 72
172 0 302 15 73
152 0 269 4 74
139 0 350 15 75
152 0 279 4 76
154 0 296 4 77
151 0 374 15 78
152 0 241 4 79
147 0 378 15 80
154 0 -33 15 81
149 0 294 15 82
155 0 235 4 83
154 0 315 15 84
177 0 -6 15 85
170 0 13 15 86
170 0 26 15 87
181 0 33 4 88
156 0 223 4 89
170 0 356 15 90
152 0 346 15 91
152 0 360 15 92
172 0 46 15 93
189 0 47 4 94
189 0 55 4 95
178 0 71 15 96
181 0 88 15 97
152 0 368 15 98
152 0 233 15 99
144 0 370 15 100
174 0 107 15 101
177 0 277 15 102
175 0 129 15 103
175 0 143 15 104
153 0 220 15 105
160 0 214 4 106
158 0 232 4 107
177 0 288 15 108
160 0 260 4 109
155 0 257 15 110
164 0 377 15 111
155 0 274 15 112
181 0 248 15 113
167 0 314 15 114
159 0 317 4 115
178 0 355 15 116
159 0 344 15 117
162 0 215 15 118
165 0 362 15 119
172 0 376 15 120
169 0 201 15 121
187 0 240 15 122
178 0 195 15 123
193 0 170 15 124
191 0 229 15 125
190 0 152 15 126
188 0 199 15 127
191 0 164 15 128
191 0 179 15 129
191 0 191 15 130
194 0 217 15 131
198 0 142 15 132
200 0 203 15 133
208 0 142 15 134
212 0 202 15 135
220 0 140 15 136
207 0 285 15 137
228 0 138 15 138
220 0 175 15 139
215 0 286 15 140
214 0 301 15 141
227 0 202 15 142
237 0 137 15 143
233 0 176 15 144
225 0 290 15 145
244 0 227 15 146
247 0 138 15 147
241 0 201 15 148
245 0 175 15 149
248 0 248 15 150
253 0 140 15 151
250 0 234 15 152
256 0 185 15 153
225 0 322 15 154
257 0 130 15 155
257 0 172 15 156
253 0 248 15 157
254 0 206 15 158
266 0 206 15 159
233 0 287 15 160
245 0 290 15 161
261 0 160 15 162
261 0 194 15 163
227 0 315 15 164
250 0 300 15 165
240 0 101 15 166
262 0 119 15 167
233 0 306 15 168
245 0 284 15 169
261 0 192 15 170
234 0 294 15 171
249 0 327 15 172
250 0 104 15 173
261 0 274 15 174
266 0 112 15 175
261 0 245 15 176
242 0 315 15 177
284 0 240 4 178
262 0 295 15 179
281 0 204 15 180
265 0 249 15 181
262 0 269 15 182
251 0 78 4 183
251 0 94 15 184
247 0 289 15 185
269 0 287 15 186
292 0 245 15 187
272 0 101 15 188
260 0 91 15 189
290 0 215 4 190
264 0 106 15 191
256 0 292 15 192
288 0 214 4 193
289 0 225 4 194
273 0 105 15 195
269 0 268 15 196
295 0 208 15 197
289 0 243 4 198
292 0 246 4 199
263 0 296 15 200
295 0 255 15 201
297 0 219 15 202
293 0 225 4 203
278 0 93 15 204
292 0 225 4 205
268 0 310 15 206
283 0 289 15 207
269 0 298 15 208
297 0 269 4 209
329 0 166 15 210
329 0 182 15 211
329 0 191 15 212
329 0 137 15 213
297 0 261 4 214
330 0 158 15 215
278 0 283 15 216
332 0 172 15 217
305 0 250 15 218
333 0 194 15 219
333 0 132 15 220
334 0 211 15 221
345 0 163 15 222
335 0 197 15 223
346 0 172 15 224
346 0 143 15 225
347 0 133 15 226
337 0 149 15 227
349 0 212 15 228
349 0 178 15 229
350 0 155 15 230
340 0 210 15 231
342 0 127 15 232
353 0 183 15 233
343 0 237 15 234
317 0 267 15 235
312 0 263 4 236
315 0 269 4 237
355 0 270 15 238
355 0 283 15 239
355 0 294 15 240
319 0 284 15 241
356 0 257 15 242
356 0 127 15 243
346 0 221 15 244
320 0 246 15 245
358 0 187 15 246
358 0 235 15 247
348 0 53 15 248
348 0 83 15 249
348 0 94 15 250
348 0 42 15 251
303 0 56 15 252
358 0 117 15 253
349 0 11 15 254
349 0 31 15 255
312 0 279 15 256
304 0 18 15 257
349 0 -5 15 258
350 0 278 15 259
350 0 296 15 260
360 0 299 15 261
350 0 258 15 262
361 0 241 15 263
351 0 114 15 264
351 0 123 15 265
318 0 261 4 266
351 0 234 15 267
352 0 205 15 268
321 0 276 4 269
362 0 86 15 270
307 0 77 15 271
352 0 107 15 272
363 0 73 15 273
353 0 62 15 274
353 0 244 15 275
353 0 262 15 276
364 0 48 15 277
364 0 12 15 278
364 0 25 15 279
299 0 31 4 280
354 0 300 15 281
354 0 310 15 282
364 0 0 15 283
354 0 282 15 284
327 0 296 15 285
323 0 289 15 286
324 0 276 15 287
366 0 110 15 288
367 0 95 15 289
367 0 198 15 290
367 0 212 15 291
357 0 74 15 292
311 0 40 15 293
367 0 61 15 294
358 0 23 15 295
368 0 37 15 296
358 0 6 15 297
369 0 -7 15 298
84 7 -46 15 299
94 7 -46 15 300
103 7 -46 15 301
113 7 -46 15 302
117 7 -39 15 303
125 7 -46 15 304
135 7 -46 15 305
136 7 -39 15 306
147 7 -46 15 307
157 7 -46 15 308
162 7 -39 15 309
169 7 -46 15 310
173 7 -39 15 311
182 7 -46 15 312
184 7 -39 15 313
194 7 -46 15 314
195 7 -39 15 315
206 7 -27 15 316
206 7 -39 15 317
212 7 -46 15 318
218 7 -39 15 319
220 7 -29 15 320
226 7 -46 15 321
231 7 -39 15 322
233 7 -30 15 323
242 7 -39 15 324
243 7 -26 15 325
247 7 -46 15 326
256 7 -39 15 327
259 7 -46 15 328
267 7 -39 15 329
275 7 -39 15 330
274 7 -46 15 331
287 7 -39 15 332
286 7 -46 15 333
298 7 -39 15 334
299 7 -46 15 335
309 7 -39 15 336
317 7 -39 15 337
314 7 -46 15 338
329 7 -39 15 339
326 7 -46 15 340
340 7 -39 15 341
339 7 -46 15 342
351 7 -39 15 343
355 7 -34 15 344
354 7 -46 15 345
371 7 -40 15 346
366 7 -46 15 347
376 7 -46 15 348
376 7 -30 15 349
366 7 -23 15 350
376 7 -18 15 351
366 7 -12 15 352
311 7 -7 15 353
314 7 0 15 354
319 7 10 15 355
311 7 20 4 356
307 7 23 4 357
304 7 26 4 358
307 7 32 4 359
