360
92 0 -27 15 0
92 0 -8 15 1
92 0 3 15 2
93 0 22 15 3
93 0 34 15 4
94 0 45 15 5
94 0 57 15 6
94 0 68 15 7
94 0 80 15 8
95 0 100 15 9
106 0 110 15 10
106 0 -25 15 11
106 0 120 15 12
106 0 136 15 13
106 0 152 15 14
97 0 164 15 15
107 0 190 15 16
109 0 228 15 17
109 0 239 15 18
109 0 249 15 19
110 0 -19 15 20
110 0 -1 15 21
110 0 265 15 22
110 0 10 15 23
110 0 277 15 24
111 0 26 15 25
111 0 37 15 26
111 0 54 15 27
111 0 179 15 28
111 0 296 15 29
175 0 47 4 30
112 0 82 15 31
112 0 314 15 32
112 0 98 15 33
130 0 -33 15 34
174 0 -13 15 35
167 0 4 15 36
173 0 17 4 37
176 0 21 4 38
113 0 221 15 39
113 0 331 15 40
176 0 30 4 41
128 0 357 15 42
126 0 368 15 43
127 0 391 15 44
174 0 41 4 45
176 0 76 15 46
114 0 127 15 47
114 0 144 15 48
174 0 50 4 49
178 0 54 4 50
165 0 72 15 51
114 0 162 15 52
114 0 183 15 53
165 0 86 15 54
167 0 99 15 55
150 0 273 4 56
145 0 269 15 57
116 0 197 15 58
168 0 122 15 59
116 0 205 15 60
170 0 322 15 61
149 0 293 4 62
145 0 -33 15 63
117 0 167 15 64
164 0 282 15 65
142 0 390 15 66
153 0 265 4 67
146 0 307 15 68
162 0 340 15 69
151 0 227 4 70
146 0 330 15 71
144 0 340 15 72
172 0 303 15 73
152 0 269 4 74
139 0 350 15 75
152 0 280 4 76
154 0 296 4 77
151 0 374 15 78
153 0 242 4 79
147 0 378 15 80
154 0 -34 15 81
149 0 295 15 82
155 0 235 4 83
154 0 315 15 84
178 0 -6 15 85
171 0 13 15 86
171 0 26 15 87
181 0 33 4 88
157 0 223 4 89
170 0 357 15 90
152 0 346 15 91
152 0 360 15 92
172 0 46 15 93
189 0 47 4 94
190 0 54 4 95
179 0 71 15 96
181 0 88 15 97
152 0 368 15 98
152 0 233 15 99
144 0 370 15 100
174 0 106 15 101
177 0 278 15 102
175 0 129 15 103
175 0 143 15 104
153 0 220 15 105
160 0 215 4 106
158 0 232 4 107
177 0 289 15 108
160 0 260 4 109
155 0 257 15 110
164 0 377 15 111
155 0 274 15 112
181 0 249 15 113
167 0 314 15 114
159 0 317 4 115
179 0 355 15 116
159 0 344 15 117
162 0 215 15 118
165 0 363 15 119
172 0 376 15 120
169 0 201 15 121
187 0 241 15 122
178 0 196 15 123
193 0 170 15 124
191 0 230 15 125
190 0 152 15 126
188 0 199 15 127
191 0 164 15 128
191 0 179 15 129
191 0 191 15 130
194 0 217 15 131
198 0 142 15 132
200 0 203 15 133
208 0 141 15 134
212 0 202 15 135
220 0 140 15 136
207 0 286 15 137
228 0 138 15 138
220 0 175 15 139
215 0 287 15 140
213 0 302 15 141
227 0 202 15 142
237 0 137 15 143
233 0 176 15 144
225 0 291 15 145
244 0 227 15 146
247 0 138 15 147
241 0 201 15 148
245 0 175 15 149
248 0 249 15 150
253 0 140 15 151
250 0 234 15 152
256 0 185 15 153
224 0 323 15 154
257 0 130 15 155
257 0 172 15 156
253 0 248 15 157
254 0 206 15 158
266 0 206 15 159
232 0 288 15 160
245 0 290 15 161
261 0 160 15 162
261 0 194 15 163
226 0 316 15 164
250 0 301 15 165
239 0 100 15 166
262 0 119 15 167
233 0 308 15 168
245 0 285 15 169
261 0 192 15 170
233 0 295 15 171
248 0 328 15 172
250 0 103 15 173
260 0 275 15 174
265 0 111 15 175
261 0 245 15 176
241 0 317 15 177
284 0 240 4 178
262 0 295 15 179
281 0 204 15 180
265 0 250 15 181
262 0 270 15 182
251 0 78 4 183
251 0 93 15 184
246 0 291 15 185
269 0 287 15 186
292 0 245 15 187
272 0 100 15 188
259 0 90 15 189
290 0 215 4 190
264 0 105 15 191
256 0 293 15 192
288 0 215 4 193
289 0 226 4 194
272 0 104 15 195
269 0 269 15 196
295 0 209 15 197
289 0 244 4 198
291 0 247 4 199
262 0 297 15 200
295 0 255 15 201
297 0 219 15 202
293 0 226 4 203
278 0 93 15 204
292 0 226 4 205
267 0 311 15 206
282 0 290 15 207
269 0 300 15 208
297 0 270 4 209
329 0 166 15 210
329 0 182 15 211
329 0 191 15 212
329 0 137 15 213
297 0 261 4 214
330 0 158 15 215
278 0 285 15 216
332 0 172 15 217
305 0 251 15 218
333 0 194 15 219
333 0 132 15 220
334 0 211 15 221
345 0 163 15 222
335 0 197 15 223
346 0 172 15 224
346 0 143 15 225
347 0 133 15 226
337 0 149 15 227
349 0 212 15 228
349 0 179 15 229
350 0 155 15 230
339 0 210 15 231
342 0 127 15 232
353 0 184 15 233
343 0 237 15 234
316 0 268 15 235
312 0 264 4 236
314 0 270 4 237
355 0 270 15 238
355 0 283 15 239
355 0 294 15 240
318 0 285 15 241
356 0 258 15 242
356 0 127 15 243
346 0 222 15 244
319 0 247 15 245
357 0 187 15 246
357 0 236 15 247
348 0 53 15 248
348 0 82 15 249
348 0 94 15 250
348 0 42 15 251
302 0 56 15 252
358 0 117 15 253
348 0 11 15 254
348 0 31 15 255
311 0 280 15 256
303 0 18 15 257
349 0 -5 15 258
349 0 278 15 259
349 0 296 15 260
359 0 299 15 261
350 0 259 15 262
360 0 241 15 263
351 0 114 15 264
351 0 123 15 265
317 0 262 4 266
351 0 234 15 267
351 0 205 15 268
320 0 277 4 269
362 0 86 15 270
306 0 77 15 271
352 0 107 15 272
362 0 73 15 273
353 0 62 15 274
353 0 244 15 275
353 0 262 15 276
363 0 48 15 277
364 0 12 15 278
364 0 25 15 279
298 0 30 4 280
353 0 301 15 281
353 0 311 15 282
364 0 0 15 283
354 0 283 15 284
326 0 297 15 285
322 0 290 15 286
323 0 277 15 287
366 0 109 15 288
366 0 95 15 289
366 0 199 15 290
366 0 212 15 291
356 0 74 15 292
310 0 40 15 293
367 0 61 15 294
357 0 23 15 295
368 0 37 15 296
358 0 6 15 297
368 0 -7 15 298
85 7 -46 15 299
94 7 -46 15 300
104 7 -46 15 301
113 7 -46 15 302
117 7 -39 15 303
126 7 -46 15 304
135 7 -46 15 305
137 7 -39 15 306
148 7 -46 15 307
157 7 -46 15 308
162 7 -39 15 309
169 7 -46 15 310
173 7 -39 15 311
182 7 -46 15 312
184 7 -39 15 313
194 7 -46 15 314
195 7 -39 15 315
206 7 -27 15 316
206 7 -39 15 317
212 7 -46 15 318
218 7 -39 15 319
220 7 -29 15 320
226 7 -46 15 321
231 7 -39 15 322
233 7 -30 15 323
242 7 -39 15 324
242 7 -25 15 325
246 7 -46 15 326
256 7 -39 15 327
259 7 -46 15 328
267 7 -39 15 329
275 7 -39 15 330
274 7 -46 15 331
286 7 -39 15 332
286 7 -46 15 333
297 7 -39 15 334
298 7 -46 15 335
309 7 -39 15 336
317 7 -39 15 337
313 7 -46 15 338
328 7 -39 15 339
326 7 -46 15 340
339 7 -39 15 341
338 7 -46 15 342
350 7 -39 15 343
354 7 -34 15 344
353 7 -46 15 345
370 7 -40 15 346
365 7 -46 15 347
375 7 -46 15 348
376 7 -30 15 349
365 7 -23 15 350
376 7 -18 15 351
365 7 -12 15 352
310 7 -7 15 353
313 7 0 15 354
317 7 10 15 355
310 7 20 4 356
306 7 23 4 357
302 7 26 4 358
306 7 32 4 359
