360
87 0 -22 15 0
87 0 -6 15 1
88 0 5 15 2
89 0 20 15 3
90 0 34 15 4
91 0 45 15 5
92 0 58 15 6
93 0 69 15 7
93 0 83 15 8
94 0 100 15 9
98 0 113 15 10
99 0 -22 15 11
99 0 123 15 12
100 0 137 15 13
100 0 150 15 14
99 0 164 15 15
101 0 180 15 16
106 0 221 15 17
106 0 234 15 18
106 0 246 15 19
107 0 -20 15 20
107 0 -3 15 21
108 0 260 15 22
109 0 11 15 23
109 0 276 15 24
110 0 26 15 25
111 0 39 15 26
111 0 54 15 27
111 0 177 15 28
111 0 296 15 29
128 0 64 4 30
112 0 82 15 31
112 0 314 15 32
113 0 97 15 33
118 0 -24 15 34
130 0 -11 15 35
128 0 2 15 36
130 0 14 4 37
131 0 24 4 38
114 0 218 15 39
114 0 330 15 40
131 0 37 4 41
119 0 351 15 42
118 0 363 15 43
118 0 380 15 44
131 0 52 4 45
132 0 104 15 46
117 0 127 15 47
117 0 144 15 48
133 0 66 4 49
134 0 75 4 50
131 0 90 15 51
118 0 162 15 52
118 0 178 15 53
133 0 106 15 54
134 0 120 15 55
130 0 229 4 56
128 0 239 15 57
122 0 186 15 58
136 0 138 15 59
122 0 193 15 60
136 0 263 15 61
131 0 265 4 62
131 0 -25 15 63
123 0 162 15 64
136 0 222 15 65
130 0 377 15 66
133 0 223 4 67
131 0 283 15 68
136 0 304 15 69
134 0 188 4 70
133 0 314 15 71
134 0 329 15 72
142 0 237 15 73
137 0 238 4 74
133 0 343 15 75
138 0 252 4 76
138 0 267 4 77
137 0 360 15 78
138 0 206 4 79
137 0 372 15 80
140 0 -25 15 81
138 0 278 15 82
141 0 200 4 83
140 0 295 15 84
147 0 -6 15 85
145 0 10 15 86
145 0 26 15 87
149 0 40 4 88
142 0 184 4 89
146 0 320 15 90
141 0 329 15 91
141 0 345 15 92
149 0 55 15 93
153 0 64 4 94
153 0 75 4 95
150 0 90 15 96
151 0 107 15 97
143 0 357 15 98
144 0 214 15 99
142 0 368 15 100
151 0 120 15 101
152 0 203 15 102
152 0 137 15 103
152 0 154 15 104
147 0 204 15 105
150 0 181 4 106
151 0 213 4 107
157 0 238 15 108
152 0 240 4 109
152 0 251 15 110
154 0 367 15 111
152 0 269 15 112
160 0 195 15 113
156 0 295 15 114
155 0 309 4 115
161 0 329 15 116
156 0 338 15 117
158 0 202 15 118
159 0 353 15 119
162 0 366 15 120
164 0 181 15 121
174 0 207 15 122
173 0 178 15 123
182 0 168 15 124
182 0 202 15 125
187 0 155 15 126
186 0 193 15 127
188 0 164 15 128
188 0 176 15 129
188 0 186 15 130
190 0 203 15 131
197 0 150 15 132
203 0 197 15 133
208 0 150 15 134
218 0 194 15 135
220 0 147 15 136
219 0 249 15 137
228 0 141 15 138
228 0 180 15 139
227 0 245 15 140
227 0 259 15 141
233 0 194 15 142
237 0 139 15 143
239 0 179 15 144
237 0 254 15 145
244 0 224 15 146
247 0 141 15 147
247 0 190 15 148
249 0 178 15 149
252 0 240 15 150
254 0 144 15 151
256 0 224 15 152
260 0 185 15 153
252 0 258 15 154
263 0 139 15 155
263 0 174 15 156
264 0 223 15 157
265 0 195 15 158
268 0 201 15 159
259 0 227 15 160
262 0 252 15 161
271 0 166 15 162
271 0 185 15 163
262 0 233 15 164
270 0 256 15 165
268 0 136 15 166
274 0 136 15 167
267 0 230 15 168
273 0 222 15 169
278 0 177 15 170
271 0 210 15 171
276 0 262 15 172
277 0 142 15 173
280 0 231 15 174
282 0 135 15 175
281 0 201 15 176
275 0 235 15 177
287 0 235 4 178
283 0 244 15 179
290 0 184 15 180
290 0 194 15 181
289 0 206 15 182
287 0 129 4 183
287 0 143 15 184
286 0 200 15 185
292 0 233 15 186
300 0 229 15 187
295 0 131 15 188
292 0 137 15 189
300 0 189 4 190
294 0 148 15 191
292 0 206 15 192
302 0 182 4 193
303 0 192 4 194
300 0 145 15 195
299 0 201 15 196
306 0 181 15 197
305 0 204 4 198
306 0 219 4 199
299 0 212 15 200
308 0 230 15 201
310 0 188 15 202
310 0 187 4 203
306 0 128 15 204
312 0 180 4 205
307 0 234 15 206
311 0 238 15 207
308 0 222 15 208
319 0 229 4 209
329 0 167 15 210
329 0 182 15 211
329 0 191 15 212
330 0 137 15 213
323 0 216 4 214
333 0 161 15 215
319 0 203 15 216
337 0 170 15 217
330 0 206 15 218
339 0 186 15 219
339 0 135 15 220
340 0 202 15 221
345 0 162 15 222
344 0 182 15 223
348 0 169 15 224
349 0 144 15 225
350 0 136 15 226
347 0 151 15 227
354 0 207 15 228
355 0 170 15 229
356 0 157 15 230
354 0 188 15 231
359 0 136 15 232
364 0 170 15 233
361 0 215 15 234
356 0 217 15 235
357 0 206 4 236
358 0 213 4 237
369 0 256 15 238
369 0 270 15 239
369 0 283 15 240
361 0 236 15 241
370 0 241 15 242
371 0 136 15 243
369 0 192 15 244
362 0 188 15 245
374 0 164 15 246
374 0 218 15 247
372 0 60 15 248
372 0 92 15 249
372 0 106 15 250
373 0 46 15 251
361 0 74 15 252
375 0 125 15 253
374 0 11 15 254
374 0 32 15 255
364 0 215 15 256
362 0 21 15 257
375 0 -4 15 258
376 0 252 15 259
376 0 270 15 260
379 0 279 15 261
377 0 230 15 262
380 0 216 15 263
379 0 130 15 264
379 0 137 15 265
371 0 191 4 266
379 0 198 15 267
380 0 167 15 268
372 0 220 4 269
385 0 97 15 270
370 0 107 15 271
382 0 125 15 272
385 0 81 15 273
384 0 67 15 274
384 0 209 15 275
384 0 227 15 276
387 0 53 15 277
388 0 11 15 278
388 0 27 15 279
371 0 39 4 280
385 0 268 15 281
385 0 280 15 282
389 0 -1 15 283
386 0 251 15 284
380 0 241 15 285
380 0 227 15 286
381 0 211 15 287
393 0 123 15 288
394 0 103 15 289
394 0 163 15 290
394 0 179 15 291
392 0 85 15 292
381 0 53 15 293
395 0 69 15 294
394 0 26 15 295
397 0 41 15 296
395 0 9 15 297
399 0 -4 15 298
70 16 -39 15 299
78 16 -39 15 300
86 16 -39 15 301
94 16 -39 15 302
101 16 -37 15 303
109 16 -39 15 304
117 16 -39 15 305
123 16 -37 15 306
131 16 -39 15 307
139 16 -39 15 308
146 16 -37 15 309
153 16 -39 15 310
160 16 -37 15 311
167 16 -39 15 312
174 16 -37 15 313
182 16 -39 15 314
187 16 -37 15 315
196 16 -34 15 316
201 16 -37 15 317
208 16 -39 15 318
215 16 -37 15 319
221 16 -35 15 320
228 16 -39 15 321
234 16 -37 15 322
241 16 -35 15 323
248 16 -37 15 324
254 16 -34 15 325
261 16 -39 15 326
268 16 -37 15 327
275 16 -39 15 328
282 16 -37 15 329
290 16 -37 15 330
295 16 -39 15 331
304 16 -37 15 332
309 16 -39 15 333
318 16 -37 15 334
324 16 -39 15 335
332 16 -37 15 336
340 16 -37 15 337
344 16 -39 15 338
353 16 -37 15 339
358 16 -39 15 340
367 16 -37 15 341
372 16 -39 15 342
381 16 -37 15 343
388 16 -36 15 344
393 16 -39 15 345
403 16 -37 15 346
407 16 -39 15 347
415 16 -39 15 348
415 16 -30 15 349
413 16 -22 15 350
415 16 -15 15 351
413 16 -8 15 352
398 16 -2 15 353
399 16 6 15 354
400 16 14 15 355
398 16 22 4 356
397 16 28 4 357
396 16 35 4 358
397 16 42 4 359
