360
88 0 -23 15 0
88 0 -6 15 1
88 0 5 15 2
89 0 20 15 3
90 0 34 15 4
92 0 45 15 5
92 0 58 15 6
93 0 69 15 7
93 0 82 15 8
94 0 100 15 9
99 0 113 15 10
100 0 -22 15 11
100 0 123 15 12
100 0 137 15 13
100 0 150 15 14
99 0 164 15 15
102 0 181 15 16
107 0 221 15 17
107 0 234 15 18
107 0 247 15 19
108 0 -20 15 20
108 0 -3 15 21
108 0 261 15 22
109 0 11 15 23
109 0 276 15 24
110 0 26 15 25
111 0 39 15 26
111 0 54 15 27
111 0 177 15 28
111 0 296 15 29
132 0 62 4 30
112 0 82 15 31
112 0 314 15 32
113 0 97 15 33
119 0 -25 15 34
134 0 -11 15 35
132 0 2 15 36
133 0 14 4 37
134 0 24 4 38
114 0 218 15 39
114 0 330 15 40
135 0 36 4 41
119 0 351 15 42
119 0 364 15 43
119 0 381 15 44
135 0 51 4 45
136 0 101 15 46
116 0 127 15 47
116 0 144 15 48
137 0 65 4 49
138 0 73 4 50
134 0 89 15 51
118 0 162 15 52
118 0 178 15 53
136 0 105 15 54
137 0 118 15 55
132 0 233 4 56
130 0 242 15 57
121 0 187 15 58
138 0 137 15 59
122 0 194 15 60
139 0 268 15 61
132 0 268 4 62
132 0 -25 15 63
123 0 163 15 64
138 0 227 15 65
131 0 378 15 66
135 0 226 4 67
133 0 285 15 68
139 0 307 15 69
136 0 191 4 70
134 0 315 15 71
135 0 330 15 72
145 0 243 15 73
138 0 241 4 74
134 0 344 15 75
139 0 254 4 76
139 0 269 4 77
138 0 361 15 78
140 0 209 4 79
138 0 372 15 80
141 0 -26 15 81
139 0 279 15 82
142 0 203 4 83
141 0 297 15 84
150 0 -6 15 85
148 0 10 15 86
148 0 26 15 87
152 0 40 4 88
144 0 188 4 89
148 0 323 15 90
142 0 330 15 91
142 0 346 15 92
151 0 54 15 93
156 0 62 4 94
156 0 73 4 95
153 0 89 15 96
154 0 105 15 97
144 0 358 15 98
145 0 216 15 99
142 0 368 15 100
153 0 119 15 101
154 0 209 15 102
154 0 137 15 103
154 0 153 15 104
148 0 206 15 105
151 0 184 4 106
152 0 215 4 107
159 0 242 15 108
153 0 242 4 109
152 0 252 15 110
155 0 368 15 111
153 0 269 15 112
162 0 200 15 113
157 0 297 15 114
155 0 309 4 115
162 0 331 15 116
157 0 339 15 117
158 0 203 15 118
159 0 354 15 119
163 0 367 15 120
165 0 183 15 121
175 0 209 15 122
174 0 180 15 123
183 0 168 15 124
183 0 205 15 125
187 0 154 15 126
186 0 194 15 127
189 0 164 15 128
189 0 177 15 129
189 0 186 15 130
190 0 205 15 131
197 0 150 15 132
202 0 197 15 133
208 0 149 15 134
218 0 194 15 135
220 0 147 15 136
218 0 252 15 137
228 0 141 15 138
227 0 180 15 139
226 0 248 15 140
225 0 262 15 141
233 0 194 15 142
237 0 139 15 143
238 0 179 15 144
236 0 257 15 145
244 0 225 15 146
247 0 140 15 147
246 0 191 15 148
249 0 177 15 149
252 0 241 15 150
254 0 144 15 151
256 0 225 15 152
260 0 185 15 153
249 0 263 15 154
262 0 138 15 155
262 0 174 15 156
263 0 225 15 157
264 0 196 15 158
268 0 202 15 159
257 0 232 15 160
261 0 255 15 161
270 0 166 15 162
270 0 186 15 163
259 0 240 15 164
268 0 259 15 165
265 0 133 15 166
273 0 134 15 167
264 0 236 15 168
271 0 227 15 169
277 0 179 15 170
268 0 217 15 171
273 0 268 15 172
275 0 139 15 173
278 0 235 15 174
280 0 133 15 175
279 0 205 15 176
273 0 242 15 177
286 0 235 4 178
281 0 249 15 179
289 0 186 15 180
288 0 199 15 181
287 0 212 15 182
284 0 124 4 183
284 0 139 15 184
282 0 208 15 185
290 0 237 15 186
299 0 231 15 187
293 0 129 15 188
289 0 133 15 189
299 0 191 4 190
291 0 145 15 191
289 0 214 15 192
301 0 185 4 193
302 0 195 4 194
297 0 142 15 195
296 0 206 15 196
305 0 184 15 197
304 0 207 4 198
304 0 222 4 199
296 0 219 15 200
307 0 232 15 201
309 0 191 15 202
308 0 190 4 203
304 0 125 15 204
310 0 183 4 205
304 0 240 15 206
309 0 242 15 207
305 0 228 15 208
317 0 232 4 209
329 0 167 15 210
329 0 182 15 211
329 0 191 15 212
330 0 137 15 213
321 0 220 4 214
332 0 161 15 215
315 0 210 15 216
336 0 170 15 217
328 0 210 15 218
338 0 187 15 219
339 0 135 15 220
340 0 203 15 221
345 0 162 15 222
343 0 183 15 223
348 0 169 15 224
348 0 144 15 225
349 0 135 15 226
346 0 151 15 227
353 0 207 15 228
355 0 170 15 229
356 0 157 15 230
352 0 190 15 231
357 0 135 15 232
363 0 171 15 233
360 0 217 15 234
352 0 222 15 235
353 0 211 4 236
354 0 217 4 237
368 0 257 15 238
368 0 271 15 239
368 0 284 15 240
357 0 240 15 241
369 0 242 15 242
370 0 135 15 243
367 0 195 15 244
359 0 193 15 245
372 0 166 15 246
372 0 219 15 247
370 0 60 15 248
370 0 91 15 249
370 0 105 15 250
371 0 46 15 251
356 0 73 15 252
374 0 125 15 253
371 0 11 15 254
371 0 32 15 255
360 0 221 15 256
357 0 20 15 257
373 0 -4 15 258
374 0 254 15 259
374 0 272 15 260
377 0 281 15 261
375 0 232 15 262
379 0 218 15 263
377 0 129 15 264
377 0 136 15 265
366 0 197 4 266
377 0 201 15 267
378 0 171 15 268
368 0 225 4 269
383 0 96 15 270
364 0 104 15 271
379 0 124 15 272
383 0 80 15 273
381 0 67 15 274
381 0 212 15 275
381 0 230 15 276
385 0 52 15 277
386 0 11 15 278
386 0 27 15 279
365 0 38 4 280
383 0 271 15 281
383 0 282 15 282
387 0 -1 15 283
383 0 254 15 284
375 0 246 15 285
375 0 233 15 286
376 0 217 15 287
391 0 122 15 288
391 0 103 15 289
391 0 166 15 290
391 0 181 15 291
389 0 84 15 292
375 0 52 15 293
393 0 68 15 294
391 0 26 15 295
395 0 41 15 296
392 0 9 15 297
396 0 -4 15 298
72 15 -40 15 299
80 15 -40 15 300
88 15 -40 15 301
96 15 -40 15 302
102 15 -37 15 303
110 15 -40 15 304
118 15 -40 15 305
124 15 -37 15 306
132 15 -40 15 307
140 15 -40 15 308
147 15 -37 15 309
155 15 -40 15 310
161 15 -37 15 311
169 15 -40 15 312
174 15 -37 15 313
183 15 -40 15 314
188 15 -37 15 315
196 15 -33 15 316
202 15 -37 15 317
209 15 -40 15 318
215 15 -37 15 319
221 15 -34 15 320
228 15 -40 15 321
234 15 -37 15 322
240 15 -34 15 323
248 15 -37 15 324
253 15 -33 15 325
259 15 -40 15 326
267 15 -37 15 327
273 15 -40 15 328
281 15 -37 15 329
289 15 -37 15 330
293 15 -40 15 331
302 15 -37 15 332
307 15 -40 15 333
316 15 -37 15 334
322 15 -40 15 335
330 15 -37 15 336
338 15 -37 15 337
341 15 -40 15 338
351 15 -37 15 339
356 15 -40 15 340
365 15 -37 15 341
370 15 -40 15 342
379 15 -37 15 343
385 15 -36 15 344
390 15 -40 15 345
400 15 -38 15 346
404 15 -40 15 347
412 15 -40 15 348
412 15 -30 15 349
409 15 -22 15 350
412 15 -16 15 351
409 15 -9 15 352
391 15 -2 15 353
392 15 6 15 354
393 15 14 15 355
391 15 22 4 356
390 15 28 4 357
388 15 34 4 358
390 15 41 4 359
