360
93 0 -27 15 0
93 0 -8 15 1
93 0 3 15 2
93 0 23 15 3
93 0 34 15 4
94 0 45 15 5
94 0 57 15 6
95 0 68 15 7
95 0 80 15 8
95 0 100 15 9
107 0 110 15 10
107 0 -25 15 11
107 0 119 15 12
107 0 136 15 13
107 0 152 15 14
97 0 164 15 15
108 0 191 15 16
110 0 229 15 17
110 0 239 15 18
110 0 249 15 19
110 0 -19 15 20
110 0 -1 15 21
110 0 266 15 22
111 0 10 15 23
111 0 277 15 24
111 0 27 15 25
111 0 37 15 26
111 0 54 15 27
111 0 179 15 28
111 0 296 15 29
182 0 44 4 30
112 0 81 15 31
112 0 314 15 32
112 0 98 15 33
132 0 -34 15 34
181 0 -13 15 35
173 0 4 15 36
180 0 17 4 37
183 0 21 4 38
112 0 222 15 39
112 0 331 15 40
184 0 28 4 41
129 0 358 15 42
127 0 369 15 43
128 0 393 15 44
180 0 40 4 45
183 0 72 15 46
113 0 126 15 47
113 0 144 15 48
181 0 48 4 49
185 0 51 4 50
170 0 69 15 51
114 0 162 15 52
114 0 184 15 53
170 0 83 15 54
172 0 95 15 55
154 0 281 4 56
147 0 274 15 57
115 0 199 15 58
173 0 120 15 59
115 0 207 15 60
175 0 332 15 61
152 0 298 4 62
147 0 -35 15 63
116 0 168 15 64
169 0 292 15 65
144 0 392 15 66
156 0 272 4 67
148 0 310 15 68
166 0 346 15 69
153 0 233 4 70
148 0 332 15 71
146 0 342 15 72
177 0 314 15 73
154 0 274 4 74
140 0 352 15 75
154 0 284 4 76
157 0 301 4 77
153 0 376 15 78
155 0 248 4 79
148 0 379 15 80
156 0 -35 15 81
151 0 297 15 82
157 0 241 4 83
156 0 318 15 84
183 0 -6 15 85
175 0 13 15 86
175 0 25 15 87
186 0 32 4 88
159 0 230 4 89
174 0 363 15 90
154 0 349 15 91
154 0 363 15 92
176 0 45 15 93
195 0 44 4 94
196 0 51 4 95
183 0 67 15 96
186 0 85 15 97
153 0 369 15 98
153 0 236 15 99
144 0 371 15 100
178 0 104 15 101
182 0 290 15 102
179 0 127 15 103
179 0 142 15 104
154 0 223 15 105
161 0 220 4 106
159 0 235 4 107
181 0 297 15 108
162 0 263 4 109
155 0 258 15 110
165 0 379 15 111
156 0 275 15 112
184 0 258 15 113
169 0 317 15 114
160 0 319 4 115
181 0 360 15 116
160 0 345 15 117
163 0 217 15 118
166 0 364 15 119
173 0 378 15 120
170 0 204 15 121
189 0 246 15 122
179 0 199 15 123
195 0 171 15 124
192 0 234 15 125
190 0 152 15 126
188 0 200 15 127
191 0 164 15 128
191 0 179 15 129
191 0 192 15 130
195 0 219 15 131
199 0 140 15 132
199 0 204 15 133
208 0 140 15 134
211 0 204 15 135
220 0 139 15 136
205 0 292 15 137
228 0 138 15 138
220 0 174 15 139
213 0 294 15 140
211 0 309 15 141
226 0 204 15 142
237 0 137 15 143
232 0 175 15 144
223 0 297 15 145
244 0 227 15 146
247 0 138 15 147
240 0 203 15 148
244 0 175 15 149
247 0 250 15 150
253 0 139 15 151
249 0 236 15 152
255 0 186 15 153
220 0 334 15 154
256 0 129 15 155
256 0 172 15 156
251 0 252 15 157
252 0 208 15 158
266 0 207 15 159
228 0 298 15 160
242 0 296 15 161
259 0 159 15 162
259 0 195 15 163
221 0 329 15 164
247 0 308 15 165
235 0 94 15 166
260 0 116 15 167
227 0 320 15 168
240 0 296 15 169
258 0 195 15 170
227 0 309 15 171
244 0 339 15 172
245 0 97 15 173
257 0 282 15 174
263 0 108 15 175
258 0 253 15 176
236 0 330 15 177
283 0 241 4 178
259 0 304 15 179
279 0 207 15 180
261 0 259 15 181
257 0 280 15 182
245 0 69 4 183
245 0 85 15 184
240 0 305 15 185
265 0 296 15 186
290 0 248 15 187
268 0 95 15 188
254 0 83 15 189
288 0 220 4 190
259 0 99 15 191
250 0 307 15 192
286 0 220 4 193
287 0 231 4 194
268 0 97 15 195
264 0 280 15 196
293 0 213 15 197
286 0 250 4 198
289 0 251 4 199
256 0 311 15 200
293 0 259 15 201
295 0 224 15 202
290 0 232 4 203
273 0 87 15 204
289 0 234 4 205
260 0 323 15 206
278 0 298 15 207
262 0 312 15 208
293 0 277 4 209
329 0 166 15 210
329 0 182 15 211
329 0 191 15 212
329 0 138 15 213
293 0 269 4 214
330 0 158 15 215
271 0 298 15 216
331 0 173 15 217
300 0 258 15 218
332 0 195 15 219
332 0 131 15 220
333 0 212 15 221
345 0 163 15 222
334 0 200 15 223
346 0 173 15 224
346 0 143 15 225
346 0 133 15 226
335 0 148 15 227
348 0 213 15 228
348 0 180 15 229
349 0 154 15 230
337 0 214 15 231
339 0 126 15 232
351 0 186 15 233
340 0 241 15 234
310 0 276 15 235
304 0 273 4 236
307 0 279 4 237
353 0 273 15 238
353 0 285 15 239
353 0 296 15 240
312 0 293 15 241
354 0 261 15 242
354 0 126 15 243
342 0 227 15 244
312 0 257 15 245
355 0 191 15 246
355 0 238 15 247
344 0 52 15 248
344 0 81 15 249
344 0 92 15 250
344 0 41 15 251
292 0 53 15 252
355 0 115 15 253
344 0 12 15 254
344 0 31 15 255
303 0 290 15 256
293 0 18 15 257
345 0 -5 15 258
345 0 283 15 259
345 0 301 15 260
356 0 302 15 261
345 0 263 15 262
357 0 245 15 263
346 0 112 15 264
346 0 120 15 265
309 0 274 4 266
346 0 240 15 267
347 0 212 15 268
312 0 286 4 269
358 0 84 15 270
295 0 72 15 271
347 0 104 15 272
359 0 71 15 273
348 0 61 15 274
348 0 250 15 275
348 0 268 15 276
359 0 48 15 277
360 0 12 15 278
360 0 24 15 279
286 0 29 4 280
348 0 306 15 281
348 0 316 15 282
360 0 1 15 283
349 0 288 15 284
318 0 306 15 285
313 0 300 15 286
314 0 288 15 287
361 0 107 15 288
362 0 93 15 289
362 0 205 15 290
362 0 218 15 291
351 0 73 15 292
299 0 38 15 293
362 0 60 15 294
351 0 23 15 295
363 0 36 15 296
352 0 5 15 297
363 0 -7 15 298
87 5 -48 15 299
97 5 -48 15 300
106 5 -48 15 301
116 5 -48 15 302
120 5 -39 15 303
128 5 -48 15 304
138 5 -48 15 305
139 5 -39 15 306
150 5 -48 15 307
160 5 -48 15 308
164 5 -39 15 309
172 5 -48 15 310
175 5 -39 15 311
184 5 -48 15 312
186 5 -39 15 313
196 5 -48 15 314
197 5 -39 15 315
207 5 -26 15 316
207 5 -39 15 317
212 5 -48 15 318
218 5 -39 15 319
220 5 -28 15 320
226 5 -48 15 321
230 5 -39 15 322
232 5 -29 15 323
241 5 -39 15 324
241 5 -24 15 325
244 5 -48 15 326
253 5 -39 15 327
256 5 -48 15 328
264 5 -39 15 329
273 5 -39 15 330
270 5 -48 15 331
283 5 -39 15 332
282 5 -48 15 333
294 5 -39 15 334
294 5 -48 15 335
305 5 -39 15 336
313 5 -39 15 337
308 5 -48 15 338
324 5 -39 15 339
321 5 -48 15 340
335 5 -39 15 341
333 5 -48 15 342
346 5 -39 15 343
349 5 -34 15 344
347 5 -48 15 345
365 5 -40 15 346
359 5 -48 15 347
369 5 -48 15 348
369 5 -31 15 349
358 5 -23 15 350
369 5 -19 15 351
358 5 -13 15 352
295 5 -8 15 353
299 5 -1 15 354
304 5 9 15 355
295 5 20 4 356
291 5 22 4 357
287 5 24 4 358
291 5 30 4 359
