360
90 0 -25 15 0
90 0 -7 15 1
91 0 4 15 2
91 0 22 15 3
92 0 34 15 4
93 0 45 15 5
93 0 57 15 6
94 0 68 15 7
94 0 81 15 8
94 0 100 15 9
103 0 111 15 10
104 0 -24 15 11
104 0 121 15 12
104 0 136 15 13
104 0 151 15 14
98 0 164 15 15
105 0 187 15 16
108 0 226 15 17
108 0 237 15 18
108 0 248 15 19
109 0 -19 15 20
109 0 -2 15 21
109 0 264 15 22
110 0 10 15 23
110 0 277 15 24
110 0 26 15 25
111 0 38 15 26
111 0 54 15 27
111 0 178 15 28
111 0 296 15 29
161 0 52 4 30
112 0 82 15 31
112 0 314 15 32
113 0 98 15 33
126 0 -30 15 34
161 0 -12 15 35
156 0 3 15 36
160 0 16 4 37
163 0 22 4 38
113 0 220 15 39
113 0 331 15 40
163 0 32 4 41
125 0 355 15 42
123 0 367 15 43
124 0 388 15 44
161 0 44 4 45
163 0 84 15 46
115 0 127 15 47
115 0 144 15 48
162 0 55 4 49
165 0 60 4 50
155 0 77 15 51
116 0 162 15 52
116 0 181 15 53
156 0 92 15 54
157 0 105 15 55
144 0 260 4 56
140 0 260 15 57
118 0 194 15 58
158 0 127 15 59
118 0 202 15 60
160 0 305 15 61
144 0 285 4 62
141 0 -31 15 63
119 0 166 15 64
156 0 264 15 65
138 0 386 15 66
147 0 252 4 67
141 0 300 15 68
154 0 329 15 69
146 0 215 4 70
142 0 325 15 71
141 0 337 15 72
163 0 284 15 73
147 0 260 4 74
137 0 348 15 75
148 0 272 4 76
149 0 287 4 77
147 0 370 15 78
148 0 231 4 79
144 0 376 15 80
150 0 -31 15 81
146 0 290 15 82
151 0 225 4 83
150 0 309 15 84
169 0 -6 15 85
163 0 12 15 86
163 0 26 15 87
172 0 35 4 88
152 0 212 4 89
163 0 346 15 90
149 0 341 15 91
149 0 356 15 92
165 0 49 15 93
179 0 52 4 94
179 0 60 4 95
170 0 76 15 96
172 0 93 15 97
149 0 365 15 98
149 0 228 15 99
143 0 370 15 100
167 0 110 15 101
170 0 256 15 102
168 0 131 15 103
168 0 146 15 104
151 0 216 15 105
157 0 205 4 106
156 0 227 4 107
171 0 274 15 108
158 0 254 4 109
154 0 255 15 110
161 0 374 15 111
154 0 273 15 112
175 0 233 15 113
164 0 309 15 114
158 0 315 4 115
173 0 348 15 116
158 0 342 15 117
161 0 211 15 118
163 0 360 15 119
169 0 373 15 120
168 0 195 15 121
183 0 230 15 122
176 0 190 15 123
190 0 170 15 124
188 0 222 15 125
189 0 153 15 126
187 0 197 15 127
190 0 164 15 128
190 0 178 15 129
190 0 190 15 130
193 0 213 15 131
198 0 144 15 132
201 0 201 15 133
208 0 144 15 134
214 0 200 15 135
220 0 142 15 136
211 0 275 15 137
228 0 139 15 138
223 0 177 15 139
219 0 274 15 140
218 0 289 15 141
229 0 200 15 142
237 0 138 15 143
235 0 177 15 144
229 0 280 15 145
244 0 226 15 146
247 0 139 15 147
243 0 198 15 148
246 0 176 15 149
249 0 246 15 150
254 0 141 15 151
252 0 231 15 152
257 0 185 15 153
232 0 304 15 154
259 0 133 15 155
259 0 173 15 156
256 0 241 15 157
257 0 203 15 158
267 0 205 15 159
240 0 270 15 160
250 0 279 15 161
264 0 162 15 162
264 0 191 15 163
237 0 292 15 164
256 0 287 15 165
248 0 111 15 166
266 0 124 15 167
243 0 285 15 168
253 0 267 15 169
266 0 188 15 170
244 0 270 15 171
256 0 309 15 172
258 0 115 15 173
266 0 262 15 174
270 0 118 15 175
267 0 232 15 176
251 0 293 15 177
285 0 239 4 178
268 0 280 15 179
284 0 198 15 180
272 0 234 15 181
270 0 251 15 182
261 0 93 4 183
261 0 108 15 184
258 0 264 15 185
276 0 271 15 186
294 0 241 15 187
279 0 110 15 188
269 0 104 15 189
293 0 208 4 190
273 0 118 15 191
266 0 267 15 192
292 0 205 4 193
293 0 216 4 194
280 0 116 15 195
278 0 249 15 196
298 0 201 15 197
294 0 232 4 198
296 0 239 4 199
273 0 272 15 200
299 0 248 15 201
301 0 210 15 202
298 0 214 4 203
286 0 103 15 204
298 0 212 4 205
279 0 288 15 206
291 0 274 15 207
280 0 277 15 208
303 0 258 4 209
329 0 166 15 210
329 0 182 15 211
329 0 191 15 212
330 0 137 15 213
305 0 248 4 214
331 0 159 15 215
290 0 261 15 216
334 0 172 15 217
312 0 238 15 218
335 0 192 15 219
335 0 133 15 220
336 0 208 15 221
345 0 163 15 222
338 0 193 15 223
347 0 171 15 224
347 0 143 15 225
348 0 134 15 226
340 0 149 15 227
350 0 211 15 228
351 0 176 15 229
352 0 155 15 230
344 0 204 15 231
347 0 130 15 232
356 0 180 15 233
348 0 231 15 234
328 0 253 15 235
325 0 247 4 236
327 0 253 4 237
359 0 266 15 238
359 0 279 15 239
359 0 291 15 240
331 0 270 15 241
360 0 253 15 242
361 0 130 15 243
353 0 213 15 244
332 0 230 15 245
362 0 180 15 246
362 0 230 15 247
355 0 55 15 248
355 0 85 15 249
355 0 97 15 250
355 0 43 15 251
319 0 61 15 252
363 0 119 15 253
356 0 11 15 254
356 0 31 15 255
327 0 261 15 256
321 0 19 15 257
357 0 -5 15 258
357 0 271 15 259
357 0 289 15 260
365 0 293 15 261
358 0 250 15 262
366 0 234 15 263
359 0 119 15 264
359 0 127 15 265
333 0 241 4 266
359 0 223 15 267
360 0 194 15 268
335 0 260 4 269
369 0 89 15 270
325 0 86 15 271
361 0 112 15 272
369 0 75 15 273
362 0 63 15 274
362 0 234 15 275
362 0 252 15 276
370 0 50 15 277
371 0 11 15 278
371 0 25 15 279
319 0 33 4 280
363 0 291 15 281
363 0 301 15 282
371 0 0 15 283
363 0 273 15 284
342 0 281 15 285
340 0 271 15 286
340 0 258 15 287
374 0 113 15 288
374 0 97 15 289
374 0 188 15 290
374 0 202 15 291
367 0 77 15 292
331 0 44 15 293
375 0 64 15 294
368 0 24 15 295
376 0 38 15 296
369 0 7 15 297
377 0 -6 15 298
80 10 -44 15 299
89 10 -44 15 300
99 10 -44 15 301
108 10 -44 15 302
112 10 -38 15 303
121 10 -44 15 304
130 10 -44 15 305
132 10 -38 15 306
143 10 -44 15 307
152 10 -44 15 308
157 10 -38 15 309
165 10 -44 15 310
169 10 -38 15 311
178 10 -44 15 312
181 10 -38 15 313
190 10 -44 15 314
193 10 -38 15 315
203 10 -29 15 316
205 10 -38 15 317
211 10 -44 15 318
217 10 -38 15 319
220 10 -31 15 320
226 10 -44 15 321
232 10 -38 15 322
235 10 -31 15 323
244 10 -38 15 324
246 10 -28 15 325
251 10 -44 15 326
259 10 -38 15 327
263 10 -44 15 328
271 10 -38 15 329
280 10 -38 15 330
280 10 -44 15 331
292 10 -38 15 332
293 10 -44 15 333
303 10 -38 15 334
306 10 -44 15 335
315 10 -38 15 336
324 10 -38 15 337
322 10 -44 15 338
336 10 -38 15 339
335 10 -44 15 340
348 10 -38 15 341
348 10 -44 15 342
360 10 -38 15 343
364 10 -35 15 344
365 10 -44 15 345
380 10 -39 15 346
378 10 -44 15 347
387 10 -44 15 348
387 10 -30 15 349
379 10 -23 15 350
387 10 -17 15 351
379 10 -11 15 352
336 10 -6 15 353
338 10 2 15 354
342 10 11 15 355
336 10 21 4 356
333 10 25 4 357
330 10 28 4 358
333 10 35 4 359
