360
93 0 -28 15 0
93 0 -8 15 1
93 0 3 15 2
94 0 23 15 3
94 0 34 15 4
94 0 45 15 5
94 0 57 15 6
95 0 68 15 7
95 0 79 15 8
95 0 100 15 9
108 0 110 15 10
108 0 -25 15 11
108 0 119 15 12
108 0 136 15 13
108 0 152 15 14
96 0 164 15 15
109 0 192 15 16
110 0 229 15 17
110 0 240 15 18
110 0 250 15 19
110 0 -19 15 20
110 0 -1 15 21
110 0 266 15 22
111 0 10 15 23
111 0 277 15 24
111 0 27 15 25
111 0 37 15 26
111 0 54 15 27
111 0 179 15 28
111 0 296 15 29
187 0 43 4 30
112 0 81 15 31
112 0 314 15 32
112 0 98 15 33
133 0 -35 15 34
185 0 -13 15 35
177 0 4 15 36
184 0 17 4 37
187 0 21 4 38
112 0 222 15 39
112 0 331 15 40
188 0 28 4 41
130 0 359 15 42
128 0 369 15 43
129 0 394 15 44
184 0 39 4 45
187 0 70 15 46
113 0 126 15 47
113 0 144 15 48
185 0 46 4 49
189 0 49 4 50
173 0 68 15 51
113 0 162 15 52
113 0 185 15 53
173 0 81 15 54
175 0 93 15 55
156 0 284 4 56
149 0 276 15 57
114 0 200 15 58
176 0 118 15 59
115 0 208 15 60
178 0 337 15 61
154 0 300 4 62
149 0 -35 15 63
115 0 168 15 64
171 0 297 15 65
145 0 393 15 66
158 0 275 4 67
149 0 312 15 68
168 0 349 15 69
155 0 237 4 70
150 0 334 15 71
147 0 343 15 72
180 0 320 15 73
156 0 277 4 74
141 0 352 15 75
156 0 287 4 76
158 0 303 4 77
154 0 377 15 78
156 0 251 4 79
149 0 380 15 80
158 0 -36 15 81
152 0 299 15 82
159 0 244 4 83
157 0 320 15 84
185 0 -6 15 85
177 0 13 15 86
177 0 25 15 87
189 0 32 4 88
160 0 233 4 89
177 0 366 15 90
155 0 351 15 91
155 0 364 15 92
178 0 44 15 93
198 0 43 4 94
199 0 49 4 95
186 0 66 15 96
189 0 83 15 97
154 0 370 15 98
154 0 238 15 99
144 0 371 15 100
180 0 103 15 101
184 0 297 15 102
181 0 127 15 103
181 0 141 15 104
155 0 224 15 105
162 0 223 4 106
160 0 237 4 107
183 0 302 15 108
162 0 265 4 109
156 0 258 15 110
166 0 380 15 111
156 0 276 15 112
186 0 262 15 113
170 0 319 15 114
160 0 319 4 115
183 0 362 15 116
160 0 345 15 117
163 0 218 15 118
167 0 365 15 119
174 0 379 15 120
171 0 206 15 121
191 0 249 15 122
179 0 200 15 123
196 0 171 15 124
193 0 236 15 125
191 0 151 15 126
188 0 200 15 127
191 0 164 15 128
191 0 180 15 129
191 0 193 15 130
195 0 221 15 131
199 0 140 15 132
199 0 205 15 133
208 0 139 15 134
211 0 204 15 135
220 0 139 15 136
204 0 295 15 137
228 0 138 15 138
219 0 174 15 139
211 0 297 15 140
210 0 313 15 141
226 0 204 15 142
237 0 137 15 143
231 0 175 15 144
222 0 300 15 145
244 0 228 15 146
247 0 137 15 147
239 0 204 15 148
244 0 174 15 149
247 0 251 15 150
253 0 139 15 151
248 0 237 15 152
255 0 186 15 153
218 0 339 15 154
255 0 128 15 155
255 0 172 15 156
250 0 255 15 157
251 0 209 15 158
266 0 207 15 159
226 0 303 15 160
241 0 300 15 161
258 0 158 15 162
258 0 196 15 163
218 0 337 15 164
245 0 312 15 165
232 0 91 15 166
259 0 115 15 167
224 0 327 15 168
238 0 301 15 169
257 0 196 15 170
224 0 317 15 171
241 0 345 15 172
243 0 93 15 173
256 0 286 15 174
261 0 106 15 175
256 0 256 15 176
233 0 337 15 177
283 0 242 4 178
257 0 308 15 179
278 0 209 15 180
259 0 264 15 181
255 0 286 15 182
242 0 65 4 183
242 0 81 15 184
236 0 313 15 185
263 0 301 15 186
290 0 249 15 187
266 0 93 15 188
251 0 79 15 189
287 0 222 4 190
256 0 95 15 191
247 0 315 15 192
285 0 223 4 193
285 0 234 4 194
265 0 94 15 195
261 0 286 15 196
292 0 215 15 197
285 0 254 4 198
288 0 253 4 199
253 0 319 15 200
291 0 262 15 201
293 0 227 15 202
288 0 235 4 203
271 0 84 15 204
287 0 238 4 205
257 0 330 15 206
275 0 302 15 207
259 0 319 15 208
291 0 280 4 209
329 0 166 15 210
329 0 182 15 211
329 0 191 15 212
329 0 138 15 213
290 0 273 4 214
330 0 158 15 215
267 0 305 15 216
331 0 173 15 217
298 0 262 15 218
331 0 196 15 219
332 0 131 15 220
332 0 213 15 221
345 0 163 15 222
333 0 201 15 223
346 0 173 15 224
346 0 143 15 225
346 0 133 15 226
334 0 148 15 227
347 0 214 15 228
348 0 180 15 229
348 0 154 15 230
336 0 215 15 231
337 0 125 15 232
350 0 187 15 233
338 0 242 15 234
306 0 280 15 235
300 0 278 4 236
303 0 284 4 237
352 0 274 15 238
352 0 286 15 239
352 0 297 15 240
308 0 297 15 241
352 0 262 15 242
352 0 125 15 243
340 0 229 15 244
308 0 262 15 245
353 0 193 15 246
353 0 240 15 247
341 0 52 15 248
341 0 80 15 249
341 0 91 15 250
342 0 41 15 251
287 0 52 15 252
354 0 114 15 253
342 0 12 15 254
342 0 31 15 255
298 0 296 15 256
288 0 17 15 257
342 0 -5 15 258
343 0 285 15 259
343 0 303 15 260
355 0 304 15 261
343 0 266 15 262
355 0 247 15 263
344 0 110 15 264
344 0 119 15 265
304 0 280 4 266
344 0 243 15 267
344 0 215 15 268
307 0 291 4 269
356 0 83 15 270
290 0 69 15 271
344 0 103 15 272
357 0 71 15 273
345 0 60 15 274
345 0 253 15 275
345 0 271 15 276
357 0 47 15 277
357 0 12 15 278
357 0 24 15 279
279 0 28 4 280
345 0 309 15 281
345 0 318 15 282
358 0 1 15 283
346 0 291 15 284
313 0 311 15 285
308 0 305 15 286
308 0 294 15 287
359 0 106 15 288
359 0 93 15 289
359 0 208 15 290
359 0 221 15 291
347 0 72 15 292
293 0 37 15 293
360 0 59 15 294
348 0 23 15 295
360 0 36 15 296
348 0 5 15 297
361 0 -8 15 298
88 4 -48 15 299
98 4 -48 15 300
108 4 -48 15 301
118 4 -48 15 302
121 4 -39 15 303
130 4 -48 15 304
140 4 -48 15 305
140 4 -39 15 306
152 4 -48 15 307
162 4 -48 15 308
166 4 -39 15 309
174 4 -48 15 310
176 4 -39 15 311
185 4 -48 15 312
187 4 -39 15 313
197 4 -48 15 314
197 4 -39 15 315
208 4 -25 15 316
208 4 -39 15 317
213 4 -48 15 318
218 4 -39 15 319
220 4 -28 15 320
225 4 -48 15 321
230 4 -39 15 322
231 4 -29 15 323
240 4 -39 15 324
240 4 -23 15 325
243 4 -48 15 326
252 4 -39 15 327
255 4 -48 15 328
263 4 -39 15 329
271 4 -39 15 330
268 4 -48 15 331
282 4 -39 15 332
280 4 -48 15 333
292 4 -39 15 334
292 4 -48 15 335
303 4 -39 15 336
311 4 -39 15 337
306 4 -48 15 338
322 4 -39 15 339
318 4 -48 15 340
332 4 -39 15 341
329 4 -48 15 342
343 4 -39 15 343
346 4 -34 15 344
343 4 -48 15 345
362 4 -41 15 346
355 4 -48 15 347
365 4 -48 15 348
366 4 -31 15 349
354 4 -23 15 350
366 4 -19 15 351
354 4 -13 15 352
288 4 -9 15 353
291 4 -1 15 354
297 4 9 15 355
288 4 20 4 356
283 4 22 4 357
279 4 24 4 358
283 4 29 4 359
