360
87 0 -22 15 0
87 0 -6 15 1
88 0 5 15 2
89 0 20 15 3
90 0 34 15 4
91 0 45 15 5
92 0 58 15 6
93 0 69 15 7
93 0 82 15 8
94 0 100 15 9
99 0 113 15 10
99 0 -22 15 11
99 0 123 15 12
100 0 137 15 13
100 0 150 15 14
99 0 164 15 15
102 0 181 15 16
107 0 221 15 17
107 0 234 15 18
107 0 247 15 19
107 0 -20 15 20
107 0 -3 15 21
108 0 261 15 22
109 0 11 15 23
109 0 276 15 24
110 0 26 15 25
111 0 39 15 26
111 0 54 15 27
111 0 177 15 28
111 0 296 15 29
131 0 62 4 30
112 0 82 15 31
112 0 314 15 32
113 0 97 15 33
119 0 -24 15 34
133 0 -11 15 35
131 0 2 15 36
133 0 14 4 37
134 0 24 4 38
114 0 218 15 39
114 0 330 15 40
135 0 36 4 41
119 0 351 15 42
119 0 364 15 43
119 0 381 15 44
134 0 51 4 45
135 0 102 15 46
116 0 127 15 47
116 0 144 15 48
136 0 65 4 49
137 0 74 4 50
134 0 89 15 51
118 0 162 15 52
118 0 178 15 53
135 0 105 15 54
136 0 118 15 55
131 0 232 4 56
129 0 241 15 57
121 0 186 15 58
138 0 137 15 59
122 0 194 15 60
139 0 267 15 61
132 0 267 4 62
132 0 -25 15 63
123 0 163 15 64
138 0 226 15 65
131 0 378 15 66
135 0 226 4 67
132 0 285 15 68
138 0 306 15 69
135 0 190 4 70
134 0 315 15 71
135 0 329 15 72
144 0 242 15 73
138 0 241 4 74
134 0 344 15 75
139 0 254 4 76
139 0 269 4 77
138 0 361 15 78
139 0 209 4 79
138 0 372 15 80
141 0 -26 15 81
139 0 279 15 82
142 0 203 4 83
141 0 297 15 84
149 0 -6 15 85
147 0 10 15 86
147 0 26 15 87
151 0 40 4 88
143 0 187 4 89
148 0 323 15 90
142 0 330 15 91
142 0 346 15 92
150 0 55 15 93
156 0 62 4 94
156 0 74 4 95
152 0 89 15 96
153 0 105 15 97
144 0 358 15 98
145 0 216 15 99
142 0 368 15 100
152 0 119 15 101
153 0 208 15 102
154 0 137 15 103
154 0 153 15 104
148 0 205 15 105
151 0 184 4 106
151 0 215 4 107
158 0 241 15 108
153 0 242 4 109
152 0 252 15 110
155 0 368 15 111
153 0 269 15 112
161 0 199 15 113
157 0 297 15 114
155 0 309 4 115
162 0 331 15 116
157 0 339 15 117
158 0 203 15 118
159 0 354 15 119
163 0 367 15 120
165 0 183 15 121
175 0 209 15 122
173 0 179 15 123
182 0 168 15 124
183 0 204 15 125
187 0 154 15 126
186 0 194 15 127
188 0 164 15 128
188 0 177 15 129
188 0 186 15 130
190 0 204 15 131
197 0 150 15 132
202 0 197 15 133
208 0 149 15 134
218 0 194 15 135
220 0 147 15 136
218 0 251 15 137
228 0 141 15 138
227 0 180 15 139
226 0 248 15 140
226 0 262 15 141
233 0 194 15 142
237 0 139 15 143
238 0 179 15 144
236 0 256 15 145
244 0 225 15 146
247 0 140 15 147
246 0 190 15 148
249 0 177 15 149
252 0 241 15 150
254 0 144 15 151
256 0 225 15 152
260 0 185 15 153
250 0 262 15 154
262 0 139 15 155
262 0 174 15 156
263 0 225 15 157
264 0 195 15 158
268 0 202 15 159
257 0 232 15 160
261 0 255 15 161
270 0 166 15 162
270 0 185 15 163
259 0 239 15 164
268 0 259 15 165
266 0 133 15 166
273 0 134 15 167
265 0 235 15 168
271 0 226 15 169
277 0 178 15 170
268 0 216 15 171
274 0 267 15 172
275 0 140 15 173
278 0 234 15 174
281 0 133 15 175
279 0 204 15 176
273 0 241 15 177
286 0 235 4 178
282 0 248 15 179
290 0 186 15 180
288 0 198 15 181
287 0 211 15 182
284 0 125 4 183
284 0 139 15 184
283 0 207 15 185
290 0 237 15 186
299 0 230 15 187
294 0 129 15 188
290 0 134 15 189
299 0 191 4 190
292 0 145 15 191
289 0 212 15 192
301 0 184 4 193
302 0 195 4 194
298 0 142 15 195
297 0 205 15 196
306 0 183 15 197
304 0 207 4 198
305 0 221 4 199
297 0 218 15 200
307 0 232 15 201
309 0 191 15 202
308 0 190 4 203
304 0 125 15 204
310 0 183 4 205
304 0 239 15 206
309 0 242 15 207
306 0 227 15 208
317 0 232 4 209
329 0 167 15 210
329 0 182 15 211
329 0 191 15 212
330 0 137 15 213
321 0 219 4 214
333 0 161 15 215
316 0 209 15 216
337 0 170 15 217
329 0 210 15 218
338 0 187 15 219
339 0 135 15 220
340 0 202 15 221
345 0 162 15 222
343 0 183 15 223
348 0 169 15 224
349 0 144 15 225
349 0 135 15 226
346 0 151 15 227
353 0 207 15 228
355 0 170 15 229
356 0 157 15 230
353 0 190 15 231
357 0 136 15 232
363 0 171 15 233
360 0 217 15 234
353 0 221 15 235
353 0 210 4 236
355 0 217 4 237
368 0 257 15 238
368 0 271 15 239
368 0 284 15 240
358 0 239 15 241
369 0 242 15 242
370 0 135 15 243
367 0 194 15 244
359 0 192 15 245
373 0 166 15 246
373 0 219 15 247
370 0 60 15 248
370 0 91 15 249
370 0 105 15 250
371 0 46 15 251
356 0 73 15 252
374 0 125 15 253
372 0 11 15 254
372 0 32 15 255
360 0 220 15 256
358 0 20 15 257
373 0 -4 15 258
374 0 254 15 259
374 0 272 15 260
377 0 281 15 261
375 0 232 15 262
379 0 218 15 263
377 0 129 15 264
377 0 136 15 265
367 0 196 4 266
377 0 200 15 267
378 0 170 15 268
368 0 224 4 269
383 0 96 15 270
365 0 105 15 271
380 0 124 15 272
384 0 80 15 273
381 0 67 15 274
381 0 212 15 275
381 0 230 15 276
385 0 53 15 277
386 0 11 15 278
386 0 27 15 279
365 0 38 4 280
383 0 270 15 281
383 0 282 15 282
387 0 -1 15 283
384 0 253 15 284
376 0 245 15 285
376 0 232 15 286
377 0 216 15 287
391 0 122 15 288
392 0 103 15 289
392 0 165 15 290
392 0 181 15 291
389 0 84 15 292
376 0 52 15 293
393 0 68 15 294
392 0 26 15 295
395 0 41 15 296
393 0 9 15 297
397 0 -4 15 298
71 16 -40 15 299
80 16 -40 15 300
88 16 -40 15 301
96 16 -40 15 302
102 16 -37 15 303
110 16 -40 15 304
118 16 -40 15 305
124 16 -37 15 306
132 16 -40 15 307
140 16 -40 15 308
147 16 -37 15 309
154 16 -40 15 310
161 16 -37 15 311
168 16 -40 15 312
174 16 -37 15 313
182 16 -40 15 314
188 16 -37 15 315
196 16 -33 15 316
202 16 -37 15 317
208 16 -40 15 318
215 16 -37 15 319
221 16 -34 15 320
228 16 -40 15 321
234 16 -37 15 322
240 16 -34 15 323
248 16 -37 15 324
253 16 -33 15 325
260 16 -40 15 326
268 16 -37 15 327
274 16 -40 15 328
281 16 -37 15 329
289 16 -37 15 330
294 16 -40 15 331
303 16 -37 15 332
308 16 -40 15 333
316 16 -37 15 334
322 16 -40 15 335
330 16 -37 15 336
338 16 -37 15 337
342 16 -40 15 338
352 16 -37 15 339
356 16 -40 15 340
365 16 -37 15 341
370 16 -40 15 342
379 16 -37 15 343
385 16 -36 15 344
390 16 -40 15 345
401 16 -38 15 346
404 16 -40 15 347
412 16 -40 15 348
413 16 -30 15 349
409 16 -22 15 350
413 16 -16 15 351
409 16 -8 15 352
392 16 -2 15 353
393 16 6 15 354
394 16 14 15 355
392 16 22 4 356
391 16 28 4 357
389 16 34 4 358
391 16 41 4 359
