360
91 0 -26 15 0
91 0 -7 15 1
91 0 4 15 2
92 0 22 15 3
92 0 34 15 4
93 0 45 15 5
94 0 57 15 6
94 0 68 15 7
94 0 81 15 8
95 0 100 15 9
104 0 111 15 10
104 0 -24 15 11
104 0 121 15 12
105 0 136 15 13
105 0 151 15 14
97 0 164 15 15
106 0 187 15 16
109 0 226 15 17
109 0 238 15 18
109 0 248 15 19
109 0 -19 15 20
109 0 -2 15 21
110 0 264 15 22
110 0 10 15 23
110 0 277 15 24
111 0 26 15 25
111 0 38 15 26
111 0 54 15 27
111 0 178 15 28
111 0 296 15 29
164 0 51 4 30
112 0 82 15 31
112 0 314 15 32
112 0 98 15 33
127 0 -31 15 34
164 0 -12 15 35
158 0 3 15 36
163 0 16 4 37
166 0 22 4 38
113 0 220 15 39
113 0 331 15 40
166 0 31 4 41
126 0 356 15 42
124 0 367 15 43
125 0 389 15 44
164 0 44 4 45
166 0 83 15 46
114 0 127 15 47
114 0 144 15 48
165 0 54 4 49
168 0 59 4 50
157 0 76 15 51
115 0 162 15 52
115 0 182 15 53
158 0 90 15 54
160 0 103 15 55
146 0 264 4 56
141 0 262 15 57
117 0 194 15 58
160 0 126 15 59
118 0 203 15 60
162 0 309 15 61
145 0 287 4 62
142 0 -31 15 63
118 0 166 15 64
158 0 268 15 65
139 0 387 15 66
149 0 255 4 67
142 0 301 15 68
156 0 332 15 69
147 0 218 4 70
143 0 326 15 71
142 0 337 15 72
165 0 288 15 73
148 0 262 4 74
138 0 349 15 75
149 0 274 4 76
150 0 290 4 77
148 0 371 15 78
149 0 234 4 79
145 0 377 15 80
151 0 -32 15 81
147 0 291 15 82
152 0 227 4 83
151 0 310 15 84
171 0 -6 15 85
165 0 12 15 86
165 0 26 15 87
174 0 35 4 88
153 0 215 4 89
165 0 349 15 90
150 0 342 15 91
150 0 357 15 92
167 0 48 15 93
181 0 51 4 94
182 0 59 4 95
172 0 75 15 96
174 0 92 15 97
150 0 365 15 98
150 0 229 15 99
144 0 370 15 100
169 0 109 15 101
172 0 261 15 102
170 0 131 15 103
170 0 146 15 104
152 0 217 15 105
158 0 207 4 106
156 0 228 4 107
173 0 277 15 108
158 0 255 4 109
154 0 256 15 110
162 0 375 15 111
155 0 273 15 112
176 0 237 15 113
165 0 310 15 114
158 0 315 4 115
175 0 349 15 116
159 0 343 15 117
161 0 212 15 118
164 0 360 15 119
170 0 374 15 120
168 0 196 15 121
184 0 233 15 122
177 0 191 15 123
191 0 170 15 124
189 0 223 15 125
189 0 153 15 126
188 0 198 15 127
190 0 164 15 128
190 0 178 15 129
190 0 190 15 130
193 0 214 15 131
198 0 144 15 132
200 0 202 15 133
208 0 143 15 134
214 0 200 15 135
220 0 142 15 136
210 0 278 15 137
228 0 139 15 138
222 0 176 15 139
218 0 277 15 140
217 0 292 15 141
229 0 200 15 142
237 0 138 15 143
234 0 177 15 144
228 0 283 15 145
244 0 226 15 146
247 0 139 15 147
242 0 198 15 148
246 0 176 15 149
249 0 247 15 150
253 0 141 15 151
251 0 232 15 152
257 0 185 15 153
230 0 308 15 154
258 0 132 15 155
258 0 173 15 156
255 0 243 15 157
256 0 203 15 158
266 0 205 15 159
238 0 275 15 160
249 0 282 15 161
263 0 161 15 162
263 0 192 15 163
234 0 297 15 164
254 0 291 15 165
246 0 108 15 166
265 0 123 15 167
240 0 290 15 168
251 0 271 15 169
265 0 189 15 170
242 0 276 15 171
254 0 313 15 172
256 0 112 15 173
265 0 265 15 174
269 0 117 15 175
265 0 236 15 176
249 0 298 15 177
284 0 239 4 178
267 0 284 15 179
283 0 199 15 180
270 0 238 15 181
268 0 256 15 182
259 0 89 4 183
259 0 104 15 184
255 0 270 15 185
274 0 275 15 186
294 0 242 15 187
277 0 107 15 188
266 0 101 15 189
292 0 209 4 190
271 0 115 15 191
264 0 274 15 192
291 0 207 4 193
292 0 218 4 194
278 0 113 15 195
276 0 253 15 196
297 0 202 15 197
293 0 235 4 198
295 0 240 4 199
271 0 278 15 200
298 0 250 15 201
300 0 212 15 202
296 0 217 4 203
284 0 101 15 204
296 0 216 4 205
276 0 294 15 206
289 0 278 15 207
278 0 282 15 208
302 0 261 4 209
329 0 166 15 210
329 0 182 15 211
329 0 191 15 212
329 0 137 15 213
303 0 251 4 214
331 0 159 15 215
287 0 266 15 216
333 0 172 15 217
310 0 241 15 218
334 0 192 15 219
335 0 133 15 220
335 0 209 15 221
345 0 163 15 222
337 0 194 15 223
346 0 171 15 224
347 0 143 15 225
347 0 134 15 226
339 0 149 15 227
350 0 211 15 228
351 0 177 15 229
351 0 155 15 230
343 0 205 15 231
345 0 129 15 232
355 0 180 15 233
347 0 232 15 234
325 0 256 15 235
322 0 251 4 236
324 0 257 4 237
358 0 267 15 238
358 0 280 15 239
358 0 292 15 240
328 0 274 15 241
359 0 254 15 242
360 0 129 15 243
351 0 215 15 244
329 0 234 15 245
361 0 182 15 246
361 0 232 15 247
353 0 55 15 248
353 0 85 15 249
353 0 96 15 250
353 0 43 15 251
315 0 60 15 252
362 0 119 15 253
354 0 11 15 254
354 0 31 15 255
323 0 265 15 256
316 0 19 15 257
355 0 -5 15 258
355 0 272 15 259
355 0 290 15 260
364 0 295 15 261
356 0 252 15 262
365 0 235 15 263
357 0 118 15 264
357 0 126 15 265
329 0 246 4 266
357 0 226 15 267
358 0 197 15 268
332 0 264 4 269
367 0 88 15 270
320 0 83 15 271
359 0 111 15 272
368 0 74 15 273
360 0 63 15 274
360 0 236 15 275
360 0 254 15 276
369 0 49 15 277
369 0 11 15 278
369 0 25 15 279
314 0 32 4 280
361 0 293 15 281
361 0 304 15 282
369 0 0 15 283
361 0 276 15 284
338 0 285 15 285
335 0 276 15 286
336 0 262 15 287
372 0 112 15 288
372 0 97 15 289
372 0 190 15 290
372 0 205 15 291
364 0 77 15 292
326 0 43 15 293
373 0 63 15 294
366 0 24 15 295
374 0 38 15 296
366 0 7 15 297
375 0 -6 15 298
81 9 -45 15 299
91 9 -45 15 300
100 9 -45 15 301
109 9 -45 15 302
113 9 -38 15 303
122 9 -45 15 304
131 9 -45 15 305
133 9 -38 15 306
144 9 -45 15 307
153 9 -45 15 308
158 9 -38 15 309
166 9 -45 15 310
170 9 -38 15 311
179 9 -45 15 312
182 9 -38 15 313
191 9 -45 15 314
194 9 -38 15 315
203 9 -28 15 316
205 9 -38 15 317
211 9 -45 15 318
217 9 -38 15 319
220 9 -30 15 320
226 9 -45 15 321
231 9 -38 15 322
235 9 -31 15 323
243 9 -38 15 324
245 9 -27 15 325
250 9 -45 15 326
258 9 -38 15 327
262 9 -45 15 328
270 9 -38 15 329
278 9 -38 15 330
279 9 -45 15 331
290 9 -38 15 332
291 9 -45 15 333
302 9 -38 15 334
304 9 -45 15 335
314 9 -38 15 336
322 9 -38 15 337
320 9 -45 15 338
334 9 -38 15 339
333 9 -45 15 340
346 9 -38 15 341
346 9 -45 15 342
357 9 -38 15 343
362 9 -35 15 344
362 9 -45 15 345
377 9 -39 15 346
375 9 -45 15 347
384 9 -45 15 348
385 9 -30 15 349
376 9 -23 15 350
385 9 -18 15 351
376 9 -11 15 352
330 9 -6 15 353
332 9 2 15 354
336 9 11 15 355
330 9 21 4 356
326 9 24 4 357
323 9 28 4 358
326 9 34 4 359
