360
90 0 -25 15 0
90 0 -7 15 1
90 0 4 15 2
91 0 21 15 3
91 0 34 15 4
93 0 45 15 5
93 0 58 15 6
94 0 69 15 7
94 0 81 15 8
94 0 100 15 9
102 0 112 15 10
103 0 -23 15 11
103 0 121 15 12
103 0 136 15 13
103 0 151 15 14
98 0 164 15 15
105 0 185 15 16
108 0 225 15 17
108 0 237 15 18
108 0 248 15 19
109 0 -19 15 20
109 0 -2 15 21
109 0 263 15 22
110 0 10 15 23
110 0 277 15 24
110 0 26 15 25
111 0 38 15 26
111 0 54 15 27
111 0 178 15 28
111 0 296 15 29
154 0 55 4 30
112 0 82 15 31
112 0 314 15 32
113 0 98 15 33
125 0 -29 15 34
154 0 -12 15 35
149 0 3 15 36
153 0 15 4 37
155 0 23 4 38
113 0 220 15 39
113 0 331 15 40
156 0 33 4 41
124 0 354 15 42
122 0 366 15 43
123 0 386 15 44
154 0 46 4 45
156 0 89 15 46
115 0 127 15 47
115 0 144 15 48
156 0 57 4 49
158 0 64 4 50
149 0 80 15 51
116 0 162 15 52
116 0 180 15 53
151 0 95 15 54
152 0 108 15 55
141 0 253 4 56
137 0 255 15 57
118 0 192 15 58
153 0 129 15 59
119 0 200 15 60
154 0 295 15 61
141 0 281 4 62
139 0 -29 15 63
120 0 165 15 64
151 0 255 15 65
136 0 384 15 66
144 0 246 4 67
139 0 296 15 68
150 0 324 15 69
143 0 209 4 70
140 0 323 15 71
140 0 335 15 72
158 0 273 15 73
145 0 255 4 74
137 0 347 15 75
146 0 267 4 76
147 0 283 4 77
145 0 367 15 78
146 0 226 4 79
142 0 375 15 80
148 0 -30 15 81
144 0 287 15 82
149 0 219 4 83
148 0 306 15 84
164 0 -6 15 85
159 0 11 15 86
159 0 26 15 87
167 0 36 4 88
150 0 206 4 89
159 0 340 15 90
147 0 338 15 91
147 0 353 15 92
162 0 50 15 93
173 0 55 4 94
173 0 64 4 95
166 0 80 15 96
167 0 96 15 97
148 0 363 15 98
148 0 225 15 99
143 0 369 15 100
164 0 112 15 101
166 0 244 15 102
165 0 133 15 103
165 0 148 15 104
151 0 213 15 105
155 0 200 4 106
155 0 224 4 107
168 0 266 15 108
157 0 251 4 109
153 0 254 15 110
159 0 373 15 111
154 0 272 15 112
171 0 225 15 113
162 0 306 15 114
157 0 313 4 115
171 0 343 15 116
158 0 341 15 117
160 0 209 15 118
162 0 358 15 119
167 0 372 15 120
167 0 192 15 121
181 0 225 15 122
176 0 187 15 123
188 0 169 15 124
187 0 217 15 125
188 0 153 15 126
187 0 196 15 127
190 0 164 15 128
190 0 178 15 129
190 0 189 15 130
192 0 211 15 131
198 0 146 15 132
201 0 200 15 133
208 0 145 15 134
215 0 198 15 135
220 0 143 15 136
213 0 269 15 137
228 0 140 15 138
224 0 178 15 139
220 0 268 15 140
220 0 282 15 141
230 0 198 15 142
237 0 138 15 143
235 0 177 15 144
230 0 274 15 145
244 0 226 15 146
247 0 139 15 147
243 0 196 15 148
247 0 176 15 149
250 0 245 15 150
254 0 142 15 151
253 0 230 15 152
258 0 185 15 153
237 0 293 15 154
259 0 134 15 155
259 0 173 15 156
258 0 237 15 157
259 0 201 15 158
267 0 204 15 159
244 0 261 15 160
253 0 273 15 161
265 0 163 15 162
265 0 190 15 163
242 0 278 15 164
259 0 280 15 165
252 0 116 15 166
268 0 127 15 167
248 0 272 15 168
258 0 257 15 169
269 0 185 15 170
250 0 256 15 171
261 0 298 15 172
262 0 121 15 173
269 0 255 15 174
273 0 122 15 175
270 0 225 15 176
257 0 280 15 177
285 0 238 4 178
272 0 272 15 179
285 0 195 15 180
276 0 225 15 181
274 0 241 15 182
267 0 101 4 183
267 0 116 15 184
264 0 250 15 185
279 0 263 15 186
295 0 238 15 187
282 0 114 15 188
274 0 112 15 189
294 0 203 4 190
278 0 125 15 191
272 0 254 15 192
294 0 200 4 193
295 0 211 4 194
285 0 123 15 195
283 0 238 15 196
300 0 196 15 197
296 0 226 4 198
298 0 234 4 199
279 0 258 15 200
301 0 244 15 201
303 0 205 15 202
300 0 208 4 203
291 0 109 15 204
301 0 205 4 205
285 0 276 15 206
295 0 266 15 207
287 0 264 15 208
307 0 251 4 209
329 0 166 15 210
329 0 182 15 211
329 0 191 15 212
330 0 137 15 213
309 0 241 4 214
331 0 160 15 215
296 0 248 15 216
334 0 171 15 217
316 0 231 15 218
335 0 190 15 219
336 0 133 15 220
337 0 207 15 221
345 0 162 15 222
339 0 190 15 223
347 0 171 15 224
347 0 144 15 225
348 0 134 15 226
341 0 150 15 227
351 0 210 15 228
352 0 175 15 229
353 0 156 15 230
346 0 200 15 231
349 0 131 15 232
358 0 178 15 233
351 0 227 15 234
334 0 245 15 235
332 0 238 4 236
334 0 244 4 237
361 0 264 15 238
361 0 277 15 239
361 0 289 15 240
338 0 263 15 241
362 0 250 15 242
363 0 131 15 243
356 0 208 15 244
339 0 220 15 245
365 0 177 15 246
365 0 228 15 247
359 0 56 15 248
359 0 87 15 249
359 0 99 15 250
359 0 44 15 251
328 0 64 15 252
366 0 121 15 253
360 0 11 15 254
360 0 31 15 255
335 0 250 15 256
330 0 19 15 257
361 0 -5 15 258
361 0 266 15 259
361 0 284 15 260
368 0 290 15 261
362 0 245 15 262
369 0 230 15 263
364 0 121 15 264
364 0 129 15 265
341 0 230 4 266
364 0 218 15 267
364 0 188 15 268
344 0 251 4 269
372 0 91 15 270
335 0 90 15 271
366 0 115 15 272
373 0 76 15 273
367 0 64 15 274
367 0 228 15 275
367 0 246 15 276
374 0 50 15 277
375 0 11 15 278
375 0 26 15 279
331 0 34 4 280
368 0 286 15 281
368 0 297 15 282
375 0 0 15 283
368 0 268 15 284
350 0 272 15 285
349 0 261 15 286
349 0 247 15 287
378 0 115 15 288
379 0 99 15 289
379 0 182 15 290
379 0 197 15 291
372 0 79 15 292
342 0 46 15 293
380 0 65 15 294
374 0 25 15 295
381 0 39 15 296
375 0 7 15 297
382 0 -5 15 298
78 11 -43 15 299
87 11 -43 15 300
96 11 -43 15 301
105 11 -43 15 302
110 11 -38 15 303
118 11 -43 15 304
127 11 -43 15 305
130 11 -38 15 306
140 11 -43 15 307
149 11 -43 15 308
155 11 -38 15 309
162 11 -43 15 310
167 11 -38 15 311
175 11 -43 15 312
179 11 -38 15 313
188 11 -43 15 314
192 11 -38 15 315
201 11 -30 15 316
204 11 -38 15 317
210 11 -43 15 318
217 11 -38 15 319
220 11 -32 15 320
227 11 -43 15 321
232 11 -38 15 322
237 11 -32 15 323
245 11 -38 15 324
248 11 -29 15 325
253 11 -43 15 326
261 11 -38 15 327
266 11 -43 15 328
274 11 -38 15 329
282 11 -38 15 330
283 11 -43 15 331
294 11 -38 15 332
297 11 -43 15 333
307 11 -38 15 334
310 11 -43 15 335
319 11 -38 15 336
327 11 -38 15 337
327 11 -43 15 338
340 11 -38 15 339
341 11 -43 15 340
352 11 -38 15 341
354 11 -43 15 342
364 11 -38 15 343
370 11 -35 15 344
371 11 -43 15 345
385 11 -39 15 346
384 11 -43 15 347
393 11 -43 15 348
394 11 -30 15 349
387 11 -23 15 350
394 11 -17 15 351
387 11 -10 15 352
350 11 -5 15 353
352 11 3 15 354
355 11 12 15 355
350 11 21 4 356
347 11 26 4 357
345 11 30 4 358
347 11 36 4 359
