360
91 0 -26 15 0
91 0 -7 15 1
92 0 4 15 2
92 0 22 15 3
92 0 34 15 4
93 0 45 15 5
94 0 57 15 6
94 0 68 15 7
94 0 80 15 8
95 0 100 15 9
105 0 111 15 10
105 0 -24 15 11
105 0 120 15 12
105 0 136 15 13
105 0 151 15 14
97 0 164 15 15
106 0 188 15 16
109 0 227 15 17
109 0 238 15 18
109 0 249 15 19
109 0 -19 15 20
109 0 -2 15 21
110 0 264 15 22
110 0 10 15 23
110 0 277 15 24
111 0 26 15 25
111 0 37 15 26
111 0 54 15 27
111 0 178 15 28
111 0 296 15 29
169 0 49 4 30
112 0 82 15 31
112 0 314 15 32
112 0 98 15 33
128 0 -32 15 34
168 0 -13 15 35
162 0 3 15 36
167 0 16 4 37
170 0 22 4 38
113 0 221 15 39
113 0 331 15 40
170 0 31 4 41
126 0 356 15 42
125 0 367 15 43
126 0 390 15 44
168 0 43 4 45
170 0 80 15 46
114 0 127 15 47
114 0 144 15 48
169 0 52 4 49
172 0 57 4 50
160 0 75 15 51
115 0 162 15 52
115 0 182 15 53
161 0 89 15 54
162 0 102 15 55
148 0 267 4 56
142 0 265 15 57
117 0 195 15 58
163 0 124 15 59
117 0 204 15 60
165 0 314 15 61
147 0 289 4 62
143 0 -32 15 63
118 0 166 15 64
160 0 274 15 65
140 0 388 15 66
150 0 259 4 67
144 0 303 15 68
158 0 335 15 69
148 0 222 4 70
144 0 328 15 71
143 0 338 15 72
168 0 294 15 73
150 0 265 4 74
138 0 349 15 75
150 0 276 4 76
152 0 292 4 77
149 0 372 15 78
151 0 237 4 79
145 0 377 15 80
152 0 -32 15 81
148 0 292 15 82
153 0 231 4 83
152 0 312 15 84
174 0 -6 15 85
167 0 12 15 86
167 0 26 15 87
177 0 34 4 88
155 0 218 4 89
167 0 352 15 90
151 0 344 15 91
151 0 358 15 92
169 0 47 15 93
184 0 49 4 94
185 0 57 4 95
175 0 73 15 96
177 0 90 15 97
151 0 366 15 98
151 0 231 15 99
144 0 370 15 100
171 0 108 15 101
174 0 268 15 102
172 0 130 15 103
172 0 145 15 104
152 0 218 15 105
158 0 210 4 106
157 0 230 4 107
175 0 282 15 108
159 0 257 4 109
154 0 256 15 110
162 0 376 15 111
155 0 274 15 112
178 0 242 15 113
166 0 312 15 114
159 0 316 4 115
176 0 352 15 116
159 0 343 15 117
162 0 213 15 118
164 0 361 15 119
170 0 375 15 120
169 0 198 15 121
185 0 236 15 122
177 0 193 15 123
192 0 170 15 124
190 0 226 15 125
189 0 152 15 126
188 0 198 15 127
190 0 164 15 128
190 0 179 15 129
190 0 191 15 130
194 0 215 15 131
198 0 143 15 132
200 0 202 15 133
208 0 143 15 134
213 0 201 15 135
220 0 141 15 136
209 0 281 15 137
228 0 139 15 138
221 0 176 15 139
217 0 281 15 140
215 0 296 15 141
228 0 201 15 142
237 0 137 15 143
234 0 176 15 144
227 0 286 15 145
244 0 227 15 146
247 0 138 15 147
242 0 199 15 148
245 0 175 15 149
248 0 247 15 150
253 0 141 15 151
251 0 233 15 152
256 0 185 15 153
228 0 314 15 154
258 0 131 15 155
258 0 172 15 156
254 0 245 15 157
255 0 204 15 158
266 0 205 15 159
236 0 280 15 160
247 0 285 15 161
262 0 161 15 162
262 0 193 15 163
231 0 305 15 164
253 0 295 15 165
243 0 105 15 166
264 0 121 15 167
237 0 297 15 168
249 0 277 15 169
263 0 190 15 170
238 0 284 15 171
252 0 319 15 172
253 0 108 15 173
263 0 269 15 174
268 0 115 15 175
264 0 239 15 176
246 0 305 15 177
284 0 240 4 178
265 0 288 15 179
282 0 201 15 180
268 0 243 15 181
265 0 261 15 182
256 0 85 4 183
256 0 100 15 184
252 0 278 15 185
272 0 280 15 186
293 0 243 15 187
275 0 105 15 188
264 0 97 15 189
291 0 212 4 190
268 0 111 15 191
261 0 281 15 192
290 0 210 4 193
291 0 221 4 194
276 0 110 15 195
273 0 259 15 196
296 0 205 15 197
291 0 238 4 198
293 0 243 4 199
267 0 286 15 200
297 0 252 15 201
299 0 215 15 202
295 0 221 4 203
282 0 97 15 204
295 0 220 4 205
272 0 300 15 206
286 0 283 15 207
274 0 289 15 208
300 0 264 4 209
329 0 166 15 210
329 0 182 15 211
329 0 191 15 212
329 0 137 15 213
301 0 255 4 214
331 0 159 15 215
283 0 273 15 216
333 0 172 15 217
308 0 245 15 218
334 0 193 15 219
334 0 132 15 220
335 0 210 15 221
345 0 163 15 222
336 0 195 15 223
346 0 172 15 224
347 0 143 15 225
347 0 134 15 226
338 0 149 15 227
349 0 212 15 228
350 0 177 15 229
351 0 155 15 230
341 0 207 15 231
344 0 128 15 232
354 0 182 15 233
345 0 234 15 234
322 0 261 15 235
318 0 256 4 236
320 0 262 4 237
357 0 268 15 238
357 0 281 15 239
357 0 293 15 240
324 0 278 15 241
358 0 255 15 242
358 0 128 15 243
349 0 218 15 244
325 0 239 15 245
360 0 184 15 246
360 0 233 15 247
351 0 54 15 248
351 0 84 15 249
351 0 95 15 250
351 0 43 15 251
310 0 59 15 252
360 0 118 15 253
352 0 11 15 254
352 0 31 15 255
319 0 271 15 256
311 0 18 15 257
353 0 -5 15 258
353 0 275 15 259
353 0 293 15 260
362 0 296 15 261
353 0 255 15 262
363 0 238 15 263
355 0 116 15 264
355 0 125 15 265
324 0 252 4 266
355 0 229 15 267
355 0 200 15 268
327 0 269 4 269
365 0 87 15 270
314 0 81 15 271
356 0 110 15 272
366 0 74 15 273
357 0 62 15 274
357 0 240 15 275
357 0 258 15 276
366 0 49 15 277
367 0 11 15 278
367 0 25 15 279
308 0 32 4 280
358 0 296 15 281
358 0 306 15 282
367 0 0 15 283
358 0 279 15 284
333 0 290 15 285
330 0 281 15 286
331 0 268 15 287
369 0 111 15 288
370 0 96 15 289
370 0 194 15 290
370 0 208 15 291
361 0 76 15 292
320 0 42 15 293
371 0 62 15 294
362 0 24 15 295
372 0 38 15 296
363 0 6 15 297
372 0 -6 15 298
83 8 -45 15 299
92 8 -45 15 300
101 8 -45 15 301
111 8 -45 15 302
115 8 -39 15 303
123 8 -45 15 304
133 8 -45 15 305
135 8 -39 15 306
145 8 -45 15 307
155 8 -45 15 308
160 8 -39 15 309
167 8 -45 15 310
171 8 -39 15 311
180 8 -45 15 312
183 8 -39 15 313
192 8 -45 15 314
194 8 -39 15 315
204 8 -28 15 316
206 8 -39 15 317
211 8 -45 15 318
217 8 -39 15 319
220 8 -30 15 320
226 8 -45 15 321
231 8 -39 15 322
234 8 -31 15 323
243 8 -39 15 324
244 8 -27 15 325
248 8 -45 15 326
257 8 -39 15 327
261 8 -45 15 328
269 8 -39 15 329
277 8 -39 15 330
277 8 -45 15 331
289 8 -39 15 332
289 8 -45 15 333
300 8 -39 15 334
302 8 -45 15 335
312 8 -39 15 336
320 8 -39 15 337
318 8 -45 15 338
332 8 -39 15 339
330 8 -45 15 340
343 8 -39 15 341
343 8 -45 15 342
355 8 -39 15 343
359 8 -35 15 344
359 8 -45 15 345
375 8 -40 15 346
371 8 -45 15 347
380 8 -45 15 348
381 8 -30 15 349
372 8 -23 15 350
381 8 -18 15 351
372 8 -12 15 352
322 8 -7 15 353
325 8 1 15 354
329 8 11 15 355
322 8 21 4 356
318 8 24 4 357
315 8 27 4 358
318 8 33 4 359
