360
95 0 -30 15 0
95 0 -9 15 1
95 0 2 15 2
95 0 24 15 3
95 0 35 15 4
95 0 45 15 5
95 0 56 15 6
95 0 67 15 7
95 0 78 15 8
95 0 100 15 9
111 0 108 15 10
111 0 -27 15 11
111 0 117 15 12
111 0 135 15 13
111 0 153 15 14
96 0 165 15 15
111 0 197 15 16
111 0 233 15 17
111 0 242 15 18
111 0 251 15 19
111 0 -18 15 20
111 0 0 15 21
111 0 269 15 22
111 0 9 15 23
111 0 278 15 24
111 0 27 15 25
111 0 36 15 26
111 0 54 15 27
111 0 180 15 28
111 0 296 15 29
209 0 35 4 30
112 0 81 15 31
112 0 314 15 32
112 0 99 15 33
138 0 -40 15 34
206 0 -14 15 35
196 0 5 15 36
204 0 19 4 37
209 0 19 4 38
112 0 224 15 39
112 0 332 15 40
209 0 24 4 41
134 0 362 15 42
131 0 372 15 43
133 0 399 15 44
204 0 34 4 45
208 0 56 15 46
112 0 126 15 47
112 0 144 15 48
204 0 39 4 49
210 0 39 4 50
189 0 59 15 51
112 0 162 15 52
112 0 188 15 53
189 0 71 15 54
191 0 83 15 55
165 0 306 4 56
157 0 291 15 57
112 0 205 15 58
191 0 111 15 59
112 0 214 15 60
194 0 366 15 61
163 0 314 4 62
156 0 -40 15 63
112 0 171 15 64
185 0 326 15 65
151 0 399 15 66
168 0 296 4 67
156 0 324 15 68
180 0 367 15 69
163 0 256 4 70
156 0 341 15 71
152 0 348 15 72
194 0 352 15 73
163 0 291 4 74
143 0 356 15 75
163 0 301 4 76
166 0 318 4 77
161 0 384 15 78
163 0 268 4 79
154 0 383 15 80
165 0 -40 15 81
157 0 307 15 82
166 0 261 4 83
164 0 329 15 84
200 0 -6 15 85
189 0 15 15 86
189 0 25 15 87
205 0 28 4 88
167 0 252 4 89
188 0 383 15 90
160 0 359 15 91
160 0 371 15 92
189 0 39 15 93
216 0 35 4 94
217 0 39 4 95
199 0 56 15 96
203 0 74 15 97
158 0 375 15 98
157 0 247 15 99
145 0 372 15 100
191 0 97 15 101
196 0 333 15 102
191 0 122 15 103
191 0 136 15 104
157 0 232 15 105
167 0 239 4 106
163 0 246 4 107
192 0 326 15 108
166 0 274 4 109
157 0 261 15 110
171 0 385 15 111
157 0 279 15 112
196 0 288 15 113
175 0 328 15 114
162 0 324 4 115
192 0 375 15 116
161 0 348 15 117
165 0 224 15 118
170 0 370 15 119
179 0 384 15 120
173 0 215 15 121
197 0 265 15 122
181 0 209 15 123
202 0 172 15 124
197 0 250 15 125
192 0 150 15 126
189 0 203 15 127
192 0 164 15 128
192 0 180 15 129
192 0 196 15 130
197 0 227 15 131
199 0 135 15 132
198 0 208 15 133
208 0 135 15 134
208 0 209 15 135
220 0 135 15 136
198 0 313 15 137
228 0 136 15 138
216 0 171 15 139
205 0 318 15 140
203 0 334 15 141
223 0 209 15 142
237 0 136 15 143
229 0 173 15 144
218 0 318 15 145
244 0 229 15 146
247 0 136 15 147
237 0 209 15 148
242 0 173 15 149
245 0 255 15 150
253 0 137 15 151
245 0 242 15 152
253 0 186 15 153
205 0 371 15 154
253 0 123 15 155
253 0 171 15 156
245 0 267 15 157
246 0 214 15 158
265 0 210 15 159
214 0 333 15 160
232 0 318 15 161
253 0 155 15 162
253 0 201 15 163
201 0 377 15 164
235 0 334 15 165
220 0 74 15 166
253 0 107 15 167
208 0 364 15 168
224 0 332 15 169
248 0 204 15 170
206 0 358 15 171
228 0 377 15 172
230 0 74 15 173
246 0 307 15 174
253 0 94 15 175
246 0 278 15 176
217 0 376 15 177
282 0 245 4 178
247 0 332 15 179
274 0 218 15 180
247 0 291 15 181
242 0 317 15 182
224 0 41 4 183
224 0 56 15 184
218 0 356 15 185
253 0 327 15 186
286 0 257 15 187
255 0 78 15 188
235 0 56 15 189
282 0 235 4 190
242 0 74 15 191
229 0 357 15 192
278 0 238 4 193
278 0 250 4 194
252 0 74 15 195
247 0 319 15 196
286 0 229 15 197
277 0 273 4 198
281 0 267 4 199
235 0 360 15 200
285 0 274 15 201
287 0 241 15 202
280 0 254 4 203
257 0 67 15 204
277 0 261 4 205
238 0 367 15 206
261 0 327 15 207
239 0 356 15 208
281 0 300 4 209
329 0 165 15 210
329 0 182 15 211
329 0 191 15 212
329 0 138 15 213
278 0 295 4 214
329 0 156 15 215
248 0 344 15 216
329 0 174 15 217
286 0 284 15 218
329 0 200 15 219
329 0 129 15 220
329 0 218 15 221
345 0 164 15 222
329 0 208 15 223
345 0 174 15 224
345 0 142 15 225
345 0 131 15 226
329 0 147 15 227
345 0 217 15 228
345 0 184 15 229
345 0 153 15 230
329 0 226 15 231
329 0 120 15 232
345 0 195 15 233
329 0 253 15 234
287 0 304 15 235
279 0 306 4 236
282 0 311 4 237
345 0 281 15 238
345 0 292 15 239
345 0 303 15 240
288 0 321 15 241
345 0 270 15 242
345 0 121 15 243
330 0 244 15 244
288 0 291 15 245
345 0 205 15 246
345 0 249 15 247
330 0 48 15 248
330 0 75 15 249
330 0 85 15 250
330 0 39 15 251
258 0 43 15 252
345 0 110 15 253
330 0 12 15 254
330 0 30 15 255
273 0 327 15 256
259 0 16 15 257
330 0 -6 15 258
330 0 298 15 259
330 0 316 15 260
345 0 314 15 261
330 0 280 15 262
346 0 259 15 263
330 0 103 15 264
330 0 112 15 265
278 0 314 4 266
330 0 261 15 267
330 0 234 15 268
282 0 319 4 269
346 0 78 15 270
259 0 55 15 271
330 0 94 15 272
346 0 67 15 273
330 0 57 15 274
330 0 270 15 275
330 0 288 15 276
346 0 45 15 277
346 0 12 15 278
346 0 23 15 279
244 0 24 4 280
330 0 324 15 281
330 0 333 15 282
346 0 1 15 283
330 0 306 15 284
287 0 338 15 285
280 0 335 15 286
280 0 326 15 287
346 0 99 15 288
346 0 88 15 289
346 0 226 15 290
346 0 237 15 291
330 0 67 15 292
259 0 31 15 293
346 0 56 15 294
330 0 21 15 295
346 0 34 15 296
330 0 3 15 297
346 0 -9 15 298
95 0 -52 15 299
106 0 -52 15 300
116 0 -52 15 301
127 0 -52 15 302
129 0 -40 15 303
138 0 -52 15 304
149 0 -52 15 305
147 0 -40 15 306
160 0 -52 15 307
170 0 -52 15 308
174 0 -40 15 309
181 0 -52 15 310
183 0 -40 15 311
192 0 -52 15 312
192 0 -40 15 313
203 0 -52 15 314
201 0 -40 15 315
213 0 -21 15 316
210 0 -40 15 317
214 0 -52 15 318
219 0 -40 15 319
220 0 -25 15 320
225 0 -52 15 321
228 0 -40 15 322
228 0 -26 15 323
237 0 -40 15 324
234 0 -19 15 325
236 0 -52 15 326
246 0 -40 15 327
247 0 -52 15 328
255 0 -40 15 329
264 0 -40 15 330
258 0 -52 15 331
273 0 -40 15 332
269 0 -52 15 333
283 0 -40 15 334
280 0 -52 15 335
292 0 -40 15 336
301 0 -40 15 337
291 0 -52 15 338
310 0 -40 15 339
302 0 -52 15 340
319 0 -40 15 341
313 0 -52 15 342
328 0 -40 15 343
330 0 -33 15 344
324 0 -52 15 345
346 0 -42 15 346
335 0 -52 15 347
346 0 -52 15 348
346 0 -31 15 349
331 0 -24 15 350
346 0 -20 15 351
331 0 -15 15 352
245 0 -12 15 353
250 0 -4 15 354
257 0 7 15 355
245 0 19 4 356
239 0 19 4 357
233 0 19 4 358
239 0 24 4 359
