360
126 0 370 15 0
134 0 362 1 1
143 0 356 15 2
144 0 372 1 3
152 0 349 1 4
153 0 383 1 5
153 0 323 1 6
155 0 341 15 7
157 0 233 2 8
155 0 247 2 9
155 0 260 2 10
155 0 278 1 11
157 0 291 1 12
154 0 306 1 13
153 0 374 15 14
159 0 359 15 15
158 0 371 15 16
160 0 347 15 17
160 0 385 1 18
162 0 324 1 19
162 0 246 2 20
163 0 258 1 21
160 0 268 1 22
163 0 293 1 23
163 0 302 1 24
160 0 313 2 25
159 0 327 15 26
165 0 225 1 27
162 0 261 2 28
163 0 274 1 29
165 0 307 15 30
165 0 318 1 31
167 0 240 2 32
165 0 253 1 33
167 0 297 1 34
168 0 369 15 35
170 0 384 1 36
173 0 215 1 37
174 0 328 15 38
177 0 383 15 39
184 1 210 15 40
185 -1 366 15 41
189 1 327 15 42
192 1 203 15 43
193 -1 382 15 44
187 0 16 1 45
188 0 25 1 46
186 0 40 2 47
187 0 58 1 48
190 0 70 14 49
192 0 82 14 50
189 0 96 1 51
187 0 110 2 52
191 0 122 1 53
191 0 135 1 54
191 0 150 1 55
195 1 165 15 56
195 -1 180 15 57
195 -1 196 15 58
195 1 373 15 59
196 -1 327 15 60
198 1 352 15 61
198 -1 366 15 62
194 0 5 1 63
200 -1 208 15 64
200 0 228 15 65
200 0 250 15 66
200 1 266 15 67
200 -1 289 15 68
200 -1 313 15 69
200 -1 334 15 70
203 -1 136 15 71
203 1 378 15 72
200 0 55 14 73
195 0 -5 15 74
205 0 172 15 75
205 1 334 15 76
206 1 371 15 77
204 0 73 14 78
207 1 318 15 79
208 -1 359 15 80
200 0 20 15 81
203 0 24 1 82
206 0 28 14 83
206 0 33 14 84
206 0 38 14 85
210 1 365 15 86
209 0 209 15 87
203 0 -13 15 88
211 -1 136 15 89
210 0 56 14 90
207 0 20 1 91
211 0 24 14 92
211 0 29 14 93
211 0 34 14 94
212 0 38 14 95
215 -1 334 15 96
207 0 -20 15 97
217 0 171 15 98
218 1 377 15 99
219 -1 359 15 100
210 0 20 15 101
217 0 24 14 102
213 0 30 1 103
217 0 34 14 104
220 1 317 15 105
219 0 38 14 106
218 0 72 14 107
221 1 136 15 108
223 0 -24 14 109
227 0 20 14 110
225 0 25 14 111
225 0 30 14 112
225 0 35 14 113
224 0 39 14 114
223 0 54 14 115
224 0 209 15 116
224 1 333 15 117
229 1 377 15 118
233 0 -24 14 119
229 0 38 14 120
230 1 358 15 121
231 0 19 14 122
235 0 25 15 123
229 0 29 14 124
231 0 35 14 125
228 0 72 14 126
230 0 137 15 127
230 0 173 15 128
234 1 318 15 129
236 0 -18 14 130
234 0 54 14 131
236 -1 362 15 132
236 0 19 14 133
235 0 24 14 134
236 0 29 14 135
236 0 35 14 136
236 0 39 14 137
237 1 333 15 138
239 -1 368 15 139
238 0 137 15 140
238 0 210 15 141
241 1 357 15 142
242 1 377 15 143
244 0 -11 14 144
241 0 19 14 145
242 0 24 14 146
243 0 30 14 147
243 0 34 14 148
242 0 39 14 149
243 0 74 15 150
242 -1 319 15 151
243 0 173 15 152
245 0 229 15 153
245 0 242 15 154
245 0 254 15 155
245 0 267 15 156
249 0 -3 14 157
246 0 215 15 158
247 0 279 15 159
247 0 293 15 160
247 0 308 15 161
247 0 321 15 162
248 -1 333 15 163
247 0 347 15 164
247 0 359 15 165
248 0 367 15 166
247 0 55 14 167
250 1 372 15 168
249 0 137 15 169
248 0 205 15 170
251 -1 382 15 171
251 0 72 14 172
253 0 329 15 173
254 0 8 14 174
254 0 95 15 175
255 1 108 15 176
254 0 124 15 177
254 0 138 15 178
254 0 155 15 179
254 0 171 15 180
253 0 186 15 181
253 0 201 15 182
254 0 76 14 183
260 0 31 14 184
256 0 42 14 185
256 0 54 14 186
256 0 65 14 187
257 0 367 15 188
258 1 380 15 189
257 0 16 14 190
262 -1 328 15 191
265 0 210 15 192
268 0 384 15 193
269 0 366 15 194
273 -1 328 15 195
274 0 219 15 196
278 1 316 15 197
277 0 263 15 198
277 0 275 15 199
279 -1 295 15 200
277 0 308 15 201
278 0 240 15 202
278 0 252 15 203
280 -1 327 15 204
279 0 337 15 205
280 -1 349 15 206
279 0 358 15 207
280 0 381 15 208
281 -1 255 15 209
282 -1 300 15 210
280 0 313 15 211
282 1 320 15 212
282 0 369 15 213
281 0 268 15 214
283 1 235 15 215
283 -1 244 15 216
285 0 375 15 217
285 0 275 15 218
287 1 284 15 219
287 1 339 15 220
287 -1 229 15 221
287 1 257 15 222
286 0 294 15 223
288 -1 305 15 224
288 1 321 15 225
288 1 242 15 226
289 0 381 15 227
291 0 347 15 228
291 0 370 15 229
300 0 353 15 230
304 0 370 15 231
308 0 360 15 232
313 0 369 15 233
108 0 -40 1 234
115 0 -40 15 235
129 0 -40 15 236
134 0 -40 1 237
147 0 -40 15 238
152 0 -40 1 239
165 0 -40 15 240
170 0 -39 1 241
183 0 -40 15 242
187 0 -39 15 243
201 0 -40 15 244
210 0 -40 15 245
219 0 -40 15 246
228 0 -40 15 247
241 0 -38 14 248
249 0 -39 14 249
258 0 -39 14 250
268 0 -39 14 251
277 0 -39 14 252
286 0 -39 14 253
291 0 -40 15 254
300 0 -40 15 255
313 0 -39 15 256
318 0 -40 15 257
331 0 -40 15 258
333 0 -32 15 259
333 0 -23 15 260
333 0 -13 15 261
332 0 -5 14 262
333 0 5 15 263
330 0 13 14 264
330 0 22 14 265
329 0 30 14 266
329 0 39 14 267
330 0 48 14 268
330 0 57 14 269
329 0 66 14 270
329 0 75 14 271
329 0 84 14 272
333 0 93 15 273
333 0 103 15 274
333 0 112 15 275
330 0 121 15 276
329 0 130 15 277
329 0 139 15 278
329 0 147 15 279
329 0 156 15 280
329 0 165 15 281
330 0 174 15 282
329 1 182 15 283
330 1 191 15 284
330 -1 200 15 285
330 1 209 15 286
330 -1 218 15 287
330 0 226 15 288
330 0 235 15 289
330 1 244 15 290
330 0 253 15 291
330 0 262 15 292
330 0 271 15 293
331 0 280 15 294
330 0 289 15 295
330 0 298 15 296
330 0 307 15 297
329 0 317 15 298
330 0 325 15 299
330 0 333 15 300
330 0 343 15 301
330 0 351 15 302
333 0 359 15 303
333 0 369 15 304
333 0 378 15 305
333 0 388 15 306
333 0 398 15 307
326 0 400 15 308
316 0 400 15 309
307 0 400 15 310
298 0 400 15 311
288 0 400 15 312
282 0 399 15 313
270 0 397 15 314
261 0 397 15 315
252 -1 397 15 316
243 -1 397 15 317
235 -1 397 15 318
225 -1 397 15 319
218 1 397 15 320
209 -1 397 15 321
200 -1 396 15 322
191 -1 397 15 323
177 0 400 15 324
167 0 400 15 325
157 0 400 15 326
147 0 400 15 327
138 0 400 15 328
129 0 400 15 329
120 0 400 15 330
111 0 400 15 331
111 0 395 1 332
107 0 385 15 333
110 0 377 1 334
107 0 367 15 335
111 0 359 15 336
110 0 349 1 337
107 0 339 15 338
111 0 332 15 339
107 0 320 15 340
111 0 313 1 341
111 0 305 15 342
111 0 296 15 343
109 0 286 2 344
111 0 278 15 345
107 0 267 15 346
108 0 259 1 347
111 0 251 1 348
110 0 241 2 349
107 0 231 15 350
110 0 223 1 351
110 0 214 2 352
108 0 205 1 353
110 0 197 1 354
109 0 187 1 355
109 0 179 2 356
107 0 170 15 357
109 0 162 2 358
108 0 152 1 359
