360
117 0 367 15 0
133 0 361 1 1
141 0 355 15 2
142 0 371 1 3
150 0 348 1 4
149 0 382 1 5
145 0 318 1 6
154 0 340 15 7
155 0 232 2 8
150 0 245 2 9
150 0 258 2 10
150 0 276 1 11
155 0 290 1 12
149 0 303 1 13
142 0 370 15 14
156 0 357 15 15
155 0 369 15 16
156 0 345 15 17
158 0 384 1 18
161 0 323 1 19
160 0 246 2 20
162 0 257 1 21
153 0 265 1 22
162 0 292 1 23
161 0 301 1 24
153 0 309 2 25
148 0 320 15 26
164 0 224 1 27
155 0 258 2 28
157 0 271 1 29
163 0 306 15 30
161 0 316 1 31
165 0 240 2 32
160 0 251 1 33
164 0 296 1 34
164 0 366 15 35
167 0 383 1 36
171 0 214 1 37
172 0 327 15 38
172 0 381 15 39
190 3 210 15 40
190 -4 360 15 41
194 3 322 15 42
197 2 203 15 43
199 -4 376 15 44
180 0 17 1 45
183 0 26 1 46
177 0 41 2 47
180 0 59 1 48
190 0 70 14 49
192 0 82 14 50
182 0 96 1 51
177 0 110 2 52
188 0 122 1 53
188 0 135 1 54
189 0 151 1 55
201 3 166 15 56
200 -2 181 15 57
201 -3 196 15 58
201 4 368 15 59
201 -3 323 15 60
204 4 347 15 61
203 -3 361 15 62
188 0 6 1 63
204 -3 208 15 64
203 -2 227 15 65
203 2 249 15 66
204 3 264 15 67
204 -2 287 15 68
205 -3 308 15 69
206 -4 329 15 70
208 -3 138 15 71
208 4 373 15 72
200 0 55 14 73
183 0 -3 15 74
209 2 173 15 75
209 3 330 15 76
211 3 367 15 77
204 0 73 14 78
210 2 315 15 79
213 -4 353 15 80
189 0 22 15 81
197 0 25 1 82
206 0 28 14 83
205 0 33 14 84
206 0 39 14 85
215 4 359 15 86
213 -2 208 15 87
193 0 -11 15 88
216 -2 138 15 89
210 0 57 14 90
199 0 21 1 91
211 0 24 14 92
210 0 29 14 93
210 0 35 14 94
212 0 39 14 95
218 -3 330 15 96
196 0 -18 15 97
220 -1 172 15 98
222 3 373 15 99
222 -3 355 15 100
198 0 23 15 101
217 0 24 14 102
206 0 31 1 103
217 0 35 14 104
224 4 313 15 105
219 0 39 14 106
218 0 72 14 107
225 2 138 15 108
230 0 -21 14 109
235 0 22 14 110
229 0 25 14 111
231 0 31 14 112
229 0 36 14 113
225 0 40 14 114
223 0 54 14 115
227 2 209 15 116
228 2 330 15 117
235 4 372 15 118
243 0 -21 14 119
230 0 39 14 120
236 4 353 15 121
235 0 20 14 122
246 0 28 15 123
230 0 29 14 124
236 0 36 14 125
228 0 72 14 126
234 2 138 15 127
233 1 174 15 128
239 4 313 15 129
241 0 -16 14 130
235 0 55 14 131
240 -3 358 15 132
238 0 19 14 133
236 0 24 14 134
238 0 30 14 135
240 0 35 14 136
240 0 40 14 137
242 4 329 15 138
244 -4 363 15 139
242 -2 138 15 140
239 1 210 15 141
246 4 352 15 142
248 3 372 15 143
251 0 -8 14 144
242 0 19 14 145
243 0 25 14 146
247 0 31 14 147
248 0 35 14 148
246 0 40 14 149
247 2 78 15 150
244 -2 316 15 151
245 0 173 15 152
247 1 228 15 153
247 0 241 15 154
247 -1 254 15 155
247 1 266 15 156
256 0 -1 14 157
248 -1 215 15 158
248 -2 277 15 159
248 -2 291 15 160
248 2 306 15 161
249 -1 319 15 162
253 -4 328 15 163
250 2 344 15 164
251 -2 356 15 165
251 2 364 15 166
249 0 56 14 167
255 3 367 15 168
252 -1 138 15 169
250 -1 204 15 170
256 -3 377 15 171
251 0 72 14 172
255 -2 327 15 173
258 0 9 14 174
258 1 97 15 175
258 3 111 15 176
257 0 126 15 177
256 0 139 15 178
256 1 156 15 179
255 0 171 15 180
255 0 186 15 181
255 0 200 15 182
254 0 76 14 183
269 0 33 14 184
257 0 43 14 185
258 0 54 14 186
257 0 66 14 187
261 -2 364 15 188
264 3 375 15 189
258 0 16 14 190
267 -4 324 15 191
266 0 210 15 192
272 2 379 15 193
273 1 363 15 194
278 -3 324 15 195
274 0 219 15 196
282 4 312 15 197
277 -1 262 15 198
277 1 274 15 199
282 -4 292 15 200
278 1 307 15 201
278 0 240 15 202
278 0 251 15 203
285 -3 323 15 204
281 0 335 15 205
285 -2 345 15 206
283 -2 356 15 207
285 2 377 15 208
284 -4 253 15 209
286 -3 297 15 210
282 0 313 15 211
287 3 316 15 212
287 2 365 15 213
281 0 268 15 214
285 3 233 15 215
285 -4 242 15 216
289 1 371 15 217
285 0 274 15 218
291 3 281 15 219
292 3 335 15 220
290 -3 227 15 221
291 4 254 15 222
287 0 293 15 223
293 -3 301 15 224
293 2 317 15 225
291 4 240 15 226
293 -1 377 15 227
294 0 345 15 228
295 -1 367 15 229
304 -2 349 15 230
308 1 366 15 231
312 -1 356 15 232
321 0 362 15 233
101 0 -39 1 234
107 0 -39 15 235
128 0 -40 15 236
127 0 -39 1 237
146 0 -40 15 238
145 0 -39 1 239
165 0 -40 15 240
163 0 -38 1 241
183 0 -40 15 242
177 0 -37 15 243
200 0 -40 15 244
210 0 -40 15 245
219 0 -40 15 246
228 0 -40 15 247
248 0 -35 14 248
256 0 -36 14 249
265 0 -36 14 250
276 0 -36 14 251
285 0 -36 14 252
294 0 -36 14 253
291 0 -40 15 254
301 0 -40 15 255
321 0 -38 15 256
319 0 -40 15 257
338 0 -39 15 258
340 0 -30 15 259
340 0 -20 15 260
340 0 -11 15 261
338 0 -3 14 262
340 0 7 15 263
334 0 14 14 264
333 0 23 14 265
330 0 30 14 266
330 0 39 14 267
332 0 49 14 268
332 0 58 14 269
329 0 66 14 270
330 0 75 14 271
330 0 84 14 272
340 0 94 15 273
340 0 104 15 274
340 0 115 15 275
332 -1 123 15 276
331 -2 132 15 277
330 -2 140 15 278
330 0 148 15 279
330 -1 156 15 280
331 2 165 15 281
332 2 174 15 282
330 3 182 15 283
331 3 191 15 284
331 -3 200 15 285
332 3 208 15 286
332 -3 217 15 287
333 -2 225 15 288
333 2 234 15 289
333 3 243 15 290
333 2 252 15 291
334 -2 260 15 292
334 1 269 15 293
334 -1 278 15 294
334 -2 287 15 295
334 2 295 15 296
334 -1 304 15 297
330 0 316 15 298
334 1 322 15 299
334 0 331 15 300
332 0 341 15 301
333 0 348 15 302
340 0 354 15 303
340 0 365 15 304
340 0 375 15 305
340 0 387 15 306
340 0 398 15 307
333 0 400 15 308
323 0 400 15 309
313 0 400 15 310
304 0 400 15 311
292 0 400 15 312
291 0 396 15 313
275 -2 392 15 314
266 -2 393 15 315
258 -3 392 15 316
248 -3 392 15 317
240 -3 391 15 318
230 -3 392 15 319
222 3 392 15 320
215 -4 391 15 321
206 -4 390 15 322
197 -4 391 15 323
175 0 400 15 324
162 0 400 15 325
150 0 400 15 326
140 0 400 15 327
130 0 400 15 328
120 0 400 15 329
111 0 400 15 330
102 0 400 15 331
110 0 395 1 332
98 0 384 15 333
107 0 376 1 334
98 0 364 15 335
109 0 358 15 336
107 0 348 1 337
98 0 335 15 338
109 0 331 15 339
98 0 316 15 340
109 0 312 1 341
111 0 305 15 342
111 0 295 15 343
104 0 283 2 344
111 0 278 15 345
98 0 262 15 346
103 0 256 1 347
111 0 251 1 348
107 0 240 2 349
98 0 227 15 350
106 0 222 1 351
107 0 214 2 352
103 0 203 1 353
108 0 196 1 354
105 0 186 1 355
105 0 178 2 356
98 0 168 15 357
104 0 161 2 358
100 0 152 1 359
