360
129 0 371 15 0
134 0 362 1 1
143 0 356 15 2
145 0 372 1 3
152 0 349 1 4
153 0 383 1 5
154 0 324 1 6
156 0 342 15 7
157 0 233 2 8
156 0 247 2 9
156 0 260 2 10
156 0 278 1 11
157 0 292 1 12
156 0 307 1 13
155 0 375 15 14
160 0 359 15 15
159 0 371 15 16
160 0 347 15 17
161 0 385 1 18
162 0 324 1 19
163 0 247 2 20
163 0 258 1 21
161 0 269 1 22
163 0 293 1 23
163 0 302 1 24
161 0 314 2 25
161 0 328 15 26
165 0 225 1 27
164 0 262 2 28
165 0 274 1 29
166 0 308 15 30
165 0 318 1 31
167 0 241 2 32
166 0 253 1 33
168 0 298 1 34
169 0 369 15 35
171 0 385 1 36
173 0 216 1 37
175 0 329 15 38
178 0 383 15 39
183 0 210 15 40
183 0 367 15 41
188 0 328 15 42
191 0 203 15 43
191 0 383 15 44
188 0 15 1 45
189 0 25 1 46
188 0 39 2 47
189 0 58 1 48
190 0 70 14 49
192 0 82 14 50
190 0 96 1 51
189 0 110 2 52
192 0 122 1 53
192 0 135 1 54
192 0 150 1 55
194 0 164 15 56
194 0 180 15 57
194 0 196 15 58
194 0 374 15 59
195 0 328 15 60
197 0 353 15 61
197 0 368 15 62
196 0 5 1 63
199 0 208 15 64
199 0 228 15 65
199 0 251 15 66
199 0 266 15 67
199 0 290 15 68
199 0 314 15 69
199 0 336 15 70
201 0 136 15 71
201 0 379 15 72
200 0 55 14 73
198 0 -5 15 74
204 0 172 15 75
204 0 335 15 76
205 0 373 15 77
204 0 73 14 78
206 0 319 15 79
206 0 360 15 80
203 0 20 15 81
205 0 23 1 82
206 0 28 14 83
206 0 33 14 84
206 0 38 14 85
208 0 366 15 86
209 0 209 15 87
205 0 -13 15 88
210 0 136 15 89
210 0 55 14 90
209 0 19 1 91
211 0 24 14 92
211 0 29 14 93
211 0 34 14 94
212 0 38 14 95
214 0 335 15 96
210 0 -20 15 97
217 0 171 15 98
217 0 379 15 99
218 0 360 15 100
214 0 20 15 101
217 0 24 14 102
215 0 29 1 103
217 0 34 14 104
219 0 319 15 105
219 0 38 14 106
218 0 72 14 107
220 0 136 15 108
222 0 -24 14 109
225 0 20 14 110
224 0 24 14 111
224 0 29 14 112
224 0 34 14 113
223 0 38 14 114
223 0 54 14 115
223 0 209 15 116
224 0 334 15 117
228 0 378 15 118
231 0 -25 14 119
228 0 38 14 120
229 0 359 15 121
230 0 19 14 122
232 0 25 15 123
229 0 29 14 124
230 0 34 14 125
228 0 72 14 126
230 0 136 15 127
229 0 173 15 128
233 0 319 15 129
235 0 -18 14 130
234 0 54 14 131
235 0 363 15 132
235 0 19 14 133
235 0 24 14 134
235 0 29 14 135
236 0 34 14 136
236 0 38 14 137
236 0 335 15 138
237 0 369 15 139
238 0 136 15 140
237 0 210 15 141
239 0 359 15 142
241 0 378 15 143
243 0 -11 14 144
241 0 19 14 145
241 0 24 14 146
242 0 29 14 147
242 0 33 14 148
242 0 38 14 149
242 0 73 15 150
241 0 319 15 151
242 0 173 15 152
245 0 229 15 153
245 0 242 15 154
245 0 255 15 155
245 0 268 15 156
248 0 -3 14 157
246 0 215 15 158
246 0 279 15 159
246 0 293 15 160
246 0 308 15 161
246 0 321 15 162
247 0 334 15 163
246 0 347 15 164
247 0 360 15 165
247 0 368 15 166
247 0 55 14 167
248 0 373 15 168
248 0 136 15 169
248 0 205 15 170
249 0 383 15 171
251 0 72 14 172
252 0 329 15 173
254 0 7 14 174
253 0 94 15 175
254 0 107 15 176
253 0 123 15 177
253 0 137 15 178
253 0 155 15 179
253 0 171 15 180
253 0 186 15 181
253 0 201 15 182
254 0 76 14 183
258 0 31 14 184
256 0 42 14 185
256 0 53 14 186
256 0 65 14 187
257 0 368 15 188
257 0 382 15 189
257 0 16 14 190
261 0 329 15 191
265 0 210 15 192
267 0 385 15 193
269 0 367 15 194
272 0 329 15 195
274 0 219 15 196
277 0 317 15 197
277 0 263 15 198
277 0 275 15 199
278 0 296 15 200
277 0 309 15 201
278 0 240 15 202
278 0 252 15 203
279 0 328 15 204
278 0 337 15 205
279 0 350 15 206
279 0 359 15 207
279 0 383 15 208
280 0 255 15 209
281 0 301 15 210
280 0 314 15 211
281 0 321 15 212
281 0 371 15 213
281 0 268 15 214
282 0 235 15 215
282 0 244 15 216
284 0 376 15 217
285 0 275 15 218
286 0 285 15 219
286 0 340 15 220
286 0 229 15 221
287 0 257 15 222
286 0 294 15 223
287 0 306 15 224
287 0 322 15 225
287 0 242 15 226
288 0 382 15 227
290 0 347 15 228
291 0 371 15 229
299 0 354 15 230
303 0 371 15 231
307 0 361 15 232
311 0 371 15 233
109 0 -40 1 234
118 0 -40 15 235
129 0 -40 15 236
136 0 -40 1 237
147 0 -40 15 238
154 0 -40 1 239
165 0 -40 15 240
172 0 -40 1 241
183 0 -40 15 242
189 0 -39 15 243
201 0 -40 15 244
210 0 -40 15 245
219 0 -40 15 246
228 0 -40 15 247
239 0 -39 14 248
247 0 -39 14 249
257 0 -39 14 250
266 0 -39 14 251
275 0 -39 14 252
284 0 -39 14 253
291 0 -40 15 254
300 0 -40 15 255
311 0 -40 15 256
318 0 -40 15 257
329 0 -40 15 258
331 0 -32 15 259
331 0 -23 15 260
331 0 -14 15 261
330 0 -5 14 262
331 0 4 15 263
330 0 12 14 264
329 0 21 14 265
329 0 30 14 266
329 0 39 14 267
329 0 48 14 268
329 0 57 14 269
329 0 66 14 270
329 0 75 14 271
329 0 84 14 272
331 0 93 15 273
331 0 102 15 274
331 0 112 15 275
329 0 121 15 276
329 0 130 15 277
329 0 138 15 278
329 0 147 15 279
329 0 156 15 280
329 0 165 15 281
329 0 174 15 282
329 0 182 15 283
329 0 191 15 284
329 0 200 15 285
329 0 209 15 286
329 0 218 15 287
329 0 227 15 288
329 0 236 15 289
329 0 245 15 290
329 0 254 15 291
330 0 262 15 292
330 0 271 15 293
330 0 280 15 294
330 0 289 15 295
330 0 298 15 296
330 0 307 15 297
329 0 317 15 298
330 0 325 15 299
329 0 334 15 300
329 0 343 15 301
329 0 352 15 302
331 0 360 15 303
331 0 370 15 304
331 0 379 15 305
331 0 389 15 306
331 0 398 15 307
324 0 400 15 308
315 0 400 15 309
305 0 400 15 310
296 0 400 15 311
287 0 400 15 312
279 0 399 15 313
269 0 398 15 314
260 0 399 15 315
251 0 398 15 316
242 0 399 15 317
233 0 398 15 318
224 0 398 15 319
216 0 398 15 320
207 0 398 15 321
198 0 398 15 322
189 0 398 15 323
178 0 400 15 324
168 0 400 15 325
158 0 400 15 326
149 0 400 15 327
140 0 400 15 328
131 0 400 15 329
122 0 400 15 330
113 0 400 15 331
111 0 395 1 332
109 0 386 15 333
111 0 377 1 334
109 0 367 15 335
111 0 359 15 336
111 0 350 1 337
109 0 340 15 338
111 0 332 15 339
109 0 322 15 340
111 0 314 1 341
111 0 305 15 342
111 0 296 15 343
110 0 286 2 344
111 0 278 15 345
109 0 268 15 346
110 0 259 1 347
111 0 251 1 348
111 0 242 2 349
109 0 232 15 350
110 0 224 1 351
111 0 215 2 352
110 0 205 1 353
111 0 197 1 354
110 0 188 1 355
110 0 180 2 356
109 0 170 15 357
110 0 162 2 358
109 0 153 1 359
