360
116 0 367 15 0
133 0 361 1 1
141 0 355 15 2
141 0 371 1 3
150 0 348 1 4
149 0 382 1 5
145 0 318 1 6
153 0 340 15 7
155 0 232 2 8
150 0 245 2 9
149 0 257 2 10
150 0 275 1 11
155 0 290 1 12
148 0 303 1 13
141 0 369 15 14
156 0 357 15 15
154 0 369 15 16
156 0 345 15 17
157 0 384 1 18
160 0 323 1 19
160 0 245 2 20
162 0 257 1 21
152 0 265 1 22
162 0 292 1 23
161 0 301 1 24
152 0 308 2 25
147 0 320 15 26
164 0 224 1 27
154 0 257 2 28
157 0 271 1 29
163 0 306 15 30
161 0 316 1 31
165 0 239 2 32
160 0 251 1 33
163 0 296 1 34
163 0 366 15 35
166 0 383 1 36
171 0 214 1 37
172 0 327 15 38
171 0 381 15 39
190 3 210 15 40
191 -4 360 15 41
195 4 322 15 42
197 3 203 15 43
199 -4 375 15 44
179 0 17 1 45
183 0 26 1 46
176 0 41 2 47
180 0 59 1 48
190 0 70 14 49
192 0 82 14 50
181 0 96 1 51
175 0 110 2 52
187 0 122 1 53
188 0 135 1 54
189 0 151 1 55
201 3 166 15 56
200 -3 181 15 57
201 -3 196 15 58
201 4 367 15 59
201 -3 322 15 60
204 4 346 15 61
204 -4 361 15 62
188 0 6 1 63
205 -3 208 15 64
204 -2 227 15 65
204 2 249 15 66
204 3 264 15 67
204 -3 286 15 68
205 -4 308 15 69
206 -4 329 15 70
209 -3 138 15 71
209 4 372 15 72
200 0 55 14 73
181 0 -3 15 74
210 2 173 15 75
210 3 329 15 76
211 3 366 15 77
204 0 73 14 78
211 3 314 15 79
214 -4 353 15 80
187 0 22 15 81
196 0 25 1 82
206 0 28 14 83
205 0 33 14 84
206 0 39 14 85
216 4 359 15 86
213 -2 208 15 87
192 0 -11 15 88
217 -3 138 15 89
210 0 57 14 90
198 0 21 1 91
211 0 24 14 92
210 0 29 14 93
210 0 35 14 94
212 0 39 14 95
219 -3 330 15 96
195 0 -18 15 97
220 -2 172 15 98
223 4 372 15 99
222 -3 354 15 100
196 0 23 15 101
217 0 24 14 102
205 0 31 1 103
217 0 35 14 104
224 4 312 15 105
219 0 39 14 106
218 0 72 14 107
226 2 138 15 108
231 0 -21 14 109
236 0 22 14 110
230 0 26 14 111
231 0 31 14 112
229 0 36 14 113
226 0 40 14 114
223 0 54 14 115
227 2 209 15 116
228 3 330 15 117
235 4 371 15 118
244 0 -20 14 119
231 0 39 14 120
236 4 352 15 121
236 0 20 14 122
247 0 28 15 123
230 0 29 14 124
236 0 36 14 125
228 0 72 14 126
234 2 139 15 127
233 1 174 15 128
239 4 313 15 129
241 0 -16 14 130
235 0 55 14 131
240 -3 358 15 132
238 0 19 14 133
236 0 24 14 134
238 0 30 14 135
240 0 36 14 136
240 0 40 14 137
243 4 328 15 138
245 -4 363 15 139
242 -2 138 15 140
240 1 210 15 141
247 4 352 15 142
248 4 372 15 143
251 0 -8 14 144
242 0 19 14 145
244 0 25 14 146
248 0 31 14 147
249 0 35 14 148
246 0 40 14 149
248 2 78 15 150
245 -2 316 15 151
245 -1 173 15 152
247 1 228 15 153
247 0 241 15 154
247 -1 253 15 155
247 2 266 15 156
257 0 0 14 157
248 -1 215 15 158
249 -2 277 15 159
249 -2 291 15 160
249 2 305 15 161
249 -1 319 15 162
253 -4 328 15 163
250 2 344 15 164
251 -2 356 15 165
252 2 363 15 166
249 0 56 14 167
256 4 366 15 168
252 -1 138 15 169
250 -1 204 15 170
257 -3 376 15 171
251 0 72 14 172
256 -2 326 15 173
258 0 9 14 174
258 1 98 15 175
259 3 111 15 176
257 0 126 15 177
257 0 139 15 178
256 1 156 15 179
256 0 171 15 180
255 0 186 15 181
255 0 200 15 182
254 0 76 14 183
270 0 33 14 184
257 0 43 14 185
258 0 55 14 186
257 0 66 14 187
261 -2 364 15 188
264 3 375 15 189
258 0 16 14 190
267 -4 323 15 191
266 0 210 15 192
273 2 379 15 193
273 1 363 15 194
278 -4 324 15 195
274 0 219 15 196
282 4 312 15 197
277 -1 262 15 198
277 1 274 15 199
283 -4 291 15 200
279 1 307 15 201
278 0 240 15 202
278 1 251 15 203
286 -3 323 15 204
281 0 335 15 205
286 -3 344 15 206
283 -2 355 15 207
285 2 376 15 208
284 -4 253 15 209
287 -4 296 15 210
282 0 312 15 211
287 3 316 15 212
288 2 364 15 213
281 0 268 15 214
285 4 233 15 215
285 -4 242 15 216
289 1 371 15 217
285 0 274 15 218
291 4 281 15 219
292 3 335 15 220
290 -4 227 15 221
291 4 254 15 222
287 0 293 15 223
293 -3 301 15 224
293 3 317 15 225
291 4 240 15 226
293 -1 376 15 227
294 0 345 15 228
295 -1 367 15 229
305 -2 348 15 230
308 1 365 15 231
312 -1 356 15 232
322 0 362 15 233
100 0 -39 1 234
106 0 -39 15 235
128 0 -40 15 236
126 0 -39 1 237
145 0 -40 15 238
144 0 -39 1 239
165 0 -40 15 240
162 0 -38 1 241
182 0 -40 15 242
176 0 -37 15 243
200 0 -40 15 244
210 0 -40 15 245
219 0 -40 15 246
228 0 -40 15 247
249 0 -35 14 248
256 0 -36 14 249
265 0 -36 14 250
276 0 -36 14 251
286 0 -36 14 252
295 0 -36 14 253
291 0 -40 15 254
301 0 -40 15 255
322 0 -38 15 256
319 0 -40 15 257
339 0 -39 15 258
341 0 -29 15 259
341 0 -20 15 260
341 0 -10 15 261
339 0 -2 14 262
341 0 8 15 263
334 0 14 14 264
333 0 23 14 265
330 0 30 14 266
330 0 39 14 267
332 0 49 14 268
332 0 58 14 269
329 0 66 14 270
330 0 75 14 271
330 0 84 14 272
341 0 94 15 273
341 0 104 15 274
341 0 115 15 275
332 -1 124 15 276
331 -2 132 15 277
330 -2 140 15 278
330 0 148 15 279
330 -1 156 15 280
331 2 165 15 281
332 2 174 15 282
331 3 182 15 283
332 3 191 15 284
332 -3 200 15 285
333 3 208 15 286
333 -3 217 15 287
333 -2 225 15 288
334 2 234 15 289
333 3 243 15 290
334 2 252 15 291
334 -2 260 15 292
334 1 269 15 293
335 -1 278 15 294
334 -2 286 15 295
334 2 295 15 296
334 -1 304 15 297
330 0 316 15 298
334 1 322 15 299
334 0 330 15 300
332 0 340 15 301
333 0 348 15 302
341 0 354 15 303
341 0 364 15 304
341 0 375 15 305
341 0 387 15 306
341 0 398 15 307
334 0 401 15 308
323 0 401 15 309
314 0 401 15 310
304 0 401 15 311
293 0 401 15 312
292 0 396 15 313
276 -2 391 15 314
267 -2 392 15 315
258 -3 391 15 316
249 -3 392 15 317
240 -4 391 15 318
231 -3 392 15 319
223 3 391 15 320
215 -4 391 15 321
207 -4 389 15 322
197 -4 390 15 323
175 0 401 15 324
162 0 401 15 325
149 0 401 15 326
139 0 401 15 327
129 0 401 15 328
119 0 401 15 329
110 0 401 15 330
101 0 400 15 331
110 0 395 1 332
97 0 384 15 333
107 0 376 1 334
97 0 364 15 335
109 0 358 15 336
107 0 348 1 337
97 0 334 15 338
109 0 331 15 339
97 0 315 15 340
109 0 312 1 341
111 0 305 15 342
111 0 295 15 343
104 0 283 2 344
111 0 278 15 345
97 0 262 15 346
102 0 256 1 347
111 0 251 1 348
107 0 240 2 349
97 0 227 15 350
106 0 222 1 351
107 0 213 2 352
102 0 203 1 353
107 0 196 1 354
105 0 186 1 355
104 0 178 2 356
97 0 168 15 357
103 0 161 2 358
100 0 151 1 359
