360
27 0 337 15 0
124 0 357 1 1
125 0 346 15 2
118 0 362 1 3
138 0 342 1 4
116 0 373 1 5
78 0 278 1 6
136 0 330 15 7
139 0 223 2 8
105 0 226 2 9
103 0 237 2 10
106 0 254 1 11
139 0 280 1 12
93 0 273 1 13
42 0 332 15 14
130 0 341 15 15
118 0 352 15 16
124 0 326 15 17
133 0 380 1 18
149 0 316 1 19
142 0 236 2 20
154 0 253 1 21
88 0 235 1 22
152 0 286 1 23
149 0 293 1 24
85 0 270 2 25
45 0 261 15 26
155 0 221 1 27
83 0 226 2 28
102 0 245 1 29
144 0 296 15 30
127 0 298 1 31
148 0 231 2 32
116 0 233 1 33
134 0 282 1 34
121 0 343 15 35
137 0 373 1 36
158 0 203 1 37
150 0 315 15 38
124 0 361 15 39
240 26 207 15 40
243 -29 308 15 41
241 26 280 15 42
239 20 203 15 43
255 -31 319 15 44
113 0 26 1 45
138 0 35 1 46
95 0 55 2 47
118 0 67 1 48
188 0 72 14 49
192 0 80 14 50
116 0 96 1 51
79 0 108 2 52
158 0 119 1 53
163 0 137 1 54
167 0 156 1 55
249 23 176 15 56
244 -20 184 15 57
250 -25 196 15 58
250 29 316 15 59
244 -26 283 15 60
253 30 296 15 61
249 -27 315 15 62
133 0 14 1 63
244 -21 207 15 64
237 -14 222 15 65
237 15 237 15 66
242 21 245 15 67
241 -20 259 15 68
249 -26 268 15 69
255 -30 283 15 70
263 -25 157 15 71
262 30 320 15 72
195 0 54 14 73
66 0 15 15 74
249 18 179 15 75
249 25 292 15 76
254 25 323 15 77
201 0 76 14 78
244 20 283 15 79
266 -31 300 15 80
78 0 41 15 81
138 0 35 1 82
203 0 28 14 83
199 0 35 14 84
202 0 43 14 85
266 31 305 15 86
245 -15 205 15 87
100 0 5 15 88
262 -21 154 15 89
209 0 66 14 90
123 0 35 1 91
209 0 25 14 92
202 0 29 14 93
202 0 38 14 94
208 0 43 14 95
253 -23 294 15 96
89 0 -1 15 97
254 -14 177 15 98
268 26 328 15 99
260 -23 318 15 100
75 0 44 15 101
217 0 24 14 102
136 0 42 1 103
216 0 41 14 104
267 29 269 15 105
219 0 45 14 106
218 0 74 14 107
267 19 153 15 108
295 0 3 14 109
314 0 40 14 110
269 0 35 14 111
281 0 45 14 112
266 0 49 14 113
243 0 49 14 114
223 0 57 14 115
253 14 206 15 116
259 21 300 15 117
284 30 322 15 118
338 0 12 14 119
248 0 47 14 120
285 31 303 15 121
276 0 28 14 122
354 0 53 15 123
239 0 32 14 124
281 0 48 14 125
225 0 71 14 126
267 14 153 15 127
259 12 180 15 128
283 31 271 15 129
285 0 0 14 130
245 0 61 14 131
278 -24 322 15 132
256 0 22 14 133
245 0 26 14 134
257 0 35 14 135
273 0 45 14 136
271 0 50 14 137
292 31 282 15 138
296 -29 316 15 139
274 -15 152 15 140
258 7 207 15 141
298 30 305 15 142
298 27 325 15 143
313 0 14 14 144
252 0 21 14 145
261 0 29 14 146
289 0 40 14 147
294 0 47 14 148
279 0 51 14 149
288 16 114 15 150
268 -19 292 15 151
267 -6 176 15 152
261 8 225 15 153
260 -5 235 15 154
262 -12 244 15 155
263 14 254 15 156
319 0 21 14 157
262 -7 213 15 158
266 -18 261 15 159
266 -14 275 15 160
267 15 286 15 161
270 -12 299 15 162
296 -31 287 15 163
278 15 319 15 164
282 -18 326 15 165
286 17 332 15 166
264 0 64 14 167
309 26 316 15 168
278 -8 150 15 169
266 -8 200 15 170
309 -26 325 15 171
251 0 74 14 172
279 -16 307 15 173
291 0 18 14 174
289 12 125 15 175
293 23 139 15 176
284 6 141 15 177
281 0 149 15 178
276 8 164 15 179
274 0 174 15 180
269 5 187 15 181
268 -1 197 15 182
258 0 76 14 183
351 0 51 14 184
267 0 46 14 185
272 0 63 14 186
264 0 70 14 187
295 -17 333 15 188
313 23 329 15 189
265 0 19 14 190
311 -30 286 15 191
272 0 208 15 192
315 18 339 15 193
304 13 334 15 194
324 -26 287 15 195
275 1 221 15 196
321 29 275 15 197
279 -8 256 15 198
281 8 267 15 199
317 -30 259 15 200
290 9 297 15 201
278 0 241 15 202
279 6 246 15 203
333 -21 287 15 204
302 -5 319 15 205
332 -20 307 15 206
314 -14 329 15 207
330 17 332 15 208
312 -30 234 15 209
326 -27 263 15 210
296 -3 304 15 211
330 26 280 15 212
336 15 320 15 213
283 0 265 15 214
305 27 216 15 215
306 -29 225 15 216
327 11 336 15 217
287 -6 271 15 218
328 27 250 15 219
335 21 300 15 220
318 -26 212 15 221
322 29 233 15 222
295 2 290 15 223
336 -23 267 15 224
338 20 283 15 225
315 29 222 15 226
333 -11 337 15 227
319 5 326 15 228
326 -9 336 15 229
347 -14 309 15 230
345 10 328 15 231
349 -12 320 15 232
399 0 298 15 233
33 0 -35 1 234
21 0 -34 15 235
117 0 -41 15 236
56 0 -33 1 237
134 0 -41 15 238
74 0 -30 1 239
159 0 -41 15 240
93 0 -27 1 241
177 0 -41 15 242
80 0 -17 15 243
194 0 -41 15 244
207 0 -41 15 245
219 0 -41 15 246
231 0 -41 15 247
319 0 -8 14 248
317 0 -12 14 249
327 0 -11 14 250
350 0 -10 14 251
359 0 -11 14 252
369 0 -12 14 253
296 0 -41 15 254
308 0 -41 15 255
399 0 -28 15 256
326 0 -41 15 257
408 0 -36 15 258
410 0 -9 15 259
410 0 3 15 260
410 0 16 15 261
395 0 18 14 262
410 0 33 15 263
366 0 24 14 264
358 0 32 14 265
338 0 32 14 266
337 0 41 14 267
353 0 54 14 268
355 0 63 14 269
332 0 66 14 270
337 0 74 14 271
337 0 83 14 272
410 0 98 15 273
410 0 118 15 274
410 0 138 15 275
355 -13 144 15 276
348 -17 148 15 277
341 -15 151 15 278
336 -2 151 15 279
336 -9 158 15 280
344 18 167 15 281
351 17 175 15 282
342 24 182 15 283
349 24 190 15 284
349 -26 197 15 285
356 21 202 15 286
355 -23 209 15 287
361 -18 214 15 288
362 17 220 15 289
359 23 230 15 290
364 18 238 15 291
365 -17 243 15 292
367 12 250 15 293
369 -8 260 15 294
366 -15 266 15 295
366 14 273 15 296
367 -7 283 15 297
337 -1 309 15 298
365 8 297 15 299
364 -5 304 15 300
353 4 320 15 301
359 -4 320 15 302
410 0 307 15 303
410 0 327 15 304
410 0 347 15 305
410 0 375 15 306
410 0 395 15 307
406 0 403 15 308
386 0 403 15 309
373 0 403 15 310
361 0 403 15 311
333 0 403 15 312
381 0 373 15 313
323 -18 341 15 314
312 -17 347 15 315
308 -23 340 15 316
296 -21 346 15 317
291 -27 339 15 318
279 -24 344 15 319
275 26 341 15 320
269 -29 337 15 321
266 -31 330 15 322
252 -29 335 15 323
153 0 403 15 324
118 0 403 15 325
83 0 403 15 326
70 0 403 15 327
50 0 403 15 328
38 0 403 15 329
25 0 403 15 330
18 0 398 15 331
100 0 394 1 332
16 0 375 15 333
81 0 373 1 334
16 0 342 15 335
92 0 352 15 336
81 0 335 1 337
16 0 297 15 338
97 0 323 15 339
16 0 272 15 340
93 0 302 1 341
108 0 303 15 342
105 0 292 15 343
60 0 259 2 344
107 0 276 15 345
16 0 220 15 346
51 0 232 1 347
107 0 249 1 348
81 0 228 2 349
16 0 192 15 350
75 0 208 1 351
83 0 205 2 352
50 0 184 1 353
84 0 189 1 354
66 0 175 1 355
62 0 168 2 356
16 0 151 15 357
56 0 153 2 358
33 0 143 1 359
