360
110 0 365 15 0
132 0 361 1 1
140 0 354 15 2
140 0 370 1 3
150 0 348 1 4
147 0 381 1 5
141 0 316 1 6
152 0 340 15 7
154 0 231 2 8
147 0 244 2 9
146 0 256 2 10
147 0 274 1 11
154 0 290 1 12
145 0 301 1 13
135 0 367 15 14
154 0 356 15 15
152 0 368 15 16
154 0 344 15 17
156 0 384 1 18
160 0 322 1 19
159 0 245 2 20
162 0 257 1 21
148 0 263 1 22
161 0 292 1 23
161 0 300 1 24
148 0 306 2 25
140 0 316 15 26
163 0 224 1 27
150 0 256 2 28
153 0 269 1 29
162 0 306 15 30
159 0 315 1 31
164 0 239 2 32
157 0 250 1 33
162 0 295 1 34
160 0 365 15 35
164 0 383 1 36
170 0 213 1 37
170 0 326 15 38
168 0 379 15 39
194 5 209 15 40
194 -5 357 15 41
198 5 319 15 42
200 4 203 15 43
203 -6 372 15 44
175 0 17 1 45
180 0 27 1 46
171 0 42 2 47
176 0 60 1 48
190 0 70 14 49
192 0 82 14 50
177 0 96 1 51
170 0 110 2 52
186 0 121 1 53
187 0 135 1 54
187 0 151 1 55
204 4 166 15 56
203 -4 181 15 57
204 -5 196 15 58
204 5 364 15 59
204 -5 320 15 60
207 6 343 15 61
207 -5 358 15 62
184 0 7 1 63
207 -4 208 15 64
206 -2 227 15 65
206 3 248 15 66
207 4 263 15 67
206 -4 285 15 68
208 -5 306 15 69
209 -6 326 15 70
212 -5 139 15 71
212 6 369 15 72
199 0 55 14 73
174 0 -2 15 74
212 3 173 15 75
212 5 327 15 76
214 5 364 15 77
204 0 74 14 78
213 4 312 15 79
217 -6 349 15 80
181 0 23 15 81
193 0 25 1 82
206 0 28 14 83
205 0 33 14 84
206 0 39 14 85
219 6 355 15 86
215 -3 208 15 87
187 0 -10 15 88
219 -4 139 15 89
210 0 57 14 90
194 0 22 1 91
211 0 24 14 92
210 0 29 14 93
210 0 35 14 94
212 0 39 14 95
220 -4 328 15 96
188 0 -17 15 97
222 -2 172 15 98
225 5 369 15 99
225 -4 352 15 100
189 0 24 15 101
217 0 24 14 102
201 0 32 1 103
217 0 35 14 104
227 5 310 15 105
219 0 39 14 106
218 0 72 14 107
228 4 139 15 108
235 0 -19 14 109
241 0 23 14 110
232 0 26 14 111
234 0 32 14 112
231 0 37 14 113
227 0 40 14 114
223 0 55 14 115
229 2 208 15 116
230 4 328 15 117
238 6 368 15 118
250 0 -18 14 119
232 0 40 14 120
239 6 349 15 121
238 0 21 14 122
254 0 30 15 123
231 0 30 14 124
239 0 37 14 125
228 0 72 14 126
236 2 140 15 127
235 2 174 15 128
242 6 310 15 129
244 0 -15 14 130
236 0 55 14 131
242 -5 355 15 132
239 0 20 14 133
237 0 24 14 134
239 0 30 14 135
242 0 36 14 136
242 0 40 14 137
246 6 325 15 138
248 -5 360 15 139
244 -3 139 15 140
241 1 209 15 141
250 6 349 15 142
251 5 369 15 143
255 0 -7 14 144
243 0 19 14 145
245 0 25 14 146
250 0 31 14 147
251 0 36 14 148
248 0 41 14 149
250 3 81 15 150
246 -4 314 15 151
247 -1 174 15 152
248 1 228 15 153
248 -1 241 15 154
248 -2 253 15 155
248 2 265 15 156
260 0 1 14 157
249 -1 215 15 158
250 -3 276 15 159
250 -2 290 15 160
250 3 304 15 161
250 -2 317 15 162
256 -6 325 15 163
252 3 342 15 164
253 -3 354 15 165
254 3 362 15 166
250 0 57 14 167
259 5 363 15 168
254 -1 139 15 169
251 -1 204 15 170
260 -5 373 15 171
251 0 72 14 172
257 -3 325 15 173
260 0 9 14 174
260 2 99 15 175
261 4 113 15 176
259 1 127 15 177
258 0 140 15 178
257 1 157 15 179
257 0 172 15 180
256 1 186 15 181
256 0 200 15 182
254 0 76 14 183
275 0 34 14 184
258 0 43 14 185
259 0 55 14 186
257 0 66 14 187
264 -3 362 15 188
267 4 372 15 189
258 0 17 14 190
270 -6 321 15 191
266 0 210 15 192
275 3 376 15 193
275 2 361 15 194
281 -5 321 15 195
274 0 219 15 196
285 5 309 15 197
277 -1 262 15 198
277 1 273 15 199
285 -6 289 15 200
279 1 307 15 201
278 0 240 15 202
278 1 251 15 203
289 -4 321 15 204
283 -1 334 15 205
288 -4 342 15 206
285 -2 354 15 207
288 3 374 15 208
286 -6 252 15 209
289 -5 294 15 210
283 0 312 15 211
290 5 314 15 212
291 3 361 15 213
281 0 267 15 214
286 5 232 15 215
286 -5 241 15 216
292 2 369 15 217
285 -1 274 15 218
293 5 279 15 219
295 4 333 15 220
292 -5 226 15 221
293 5 253 15 222
287 0 293 15 223
296 -4 299 15 224
296 4 315 15 225
292 5 239 15 226
296 -2 374 15 227
295 1 343 15 228
297 -1 365 15 229
308 -2 346 15 230
310 2 363 15 231
314 -2 353 15 232
327 0 358 15 233
96 0 -39 1 234
100 0 -39 15 235
127 0 -40 15 236
122 0 -39 1 237
145 0 -40 15 238
140 0 -38 1 239
164 0 -40 15 240
158 0 -37 1 241
182 0 -40 15 242
170 0 -35 15 243
200 0 -40 15 244
210 0 -40 15 245
219 0 -40 15 246
228 0 -40 15 247
253 0 -33 14 248
260 0 -34 14 249
269 0 -34 14 250
281 0 -34 14 251
290 0 -34 14 252
299 0 -34 14 253
292 0 -40 15 254
301 0 -40 15 255
327 0 -38 15 256
319 0 -40 15 257
343 0 -39 15 258
345 0 -28 15 259
345 0 -18 15 260
345 0 -9 15 261
342 0 -1 14 262
345 0 9 15 263
336 0 14 14 264
334 0 23 14 265
330 0 30 14 266
330 0 39 14 267
333 0 49 14 268
334 0 58 14 269
329 0 66 14 270
330 0 75 14 271
330 0 84 14 272
345 0 94 15 273
345 0 105 15 274
345 0 117 15 275
334 -2 125 15 276
332 -3 133 15 277
331 -3 141 15 278
330 0 148 15 279
330 -1 156 15 280
332 3 165 15 281
333 3 174 15 282
331 5 182 15 283
333 4 191 15 284
333 -5 199 15 285
334 4 208 15 286
334 -4 216 15 287
335 -3 224 15 288
335 3 233 15 289
335 4 242 15 290
336 3 251 15 291
336 -3 259 15 292
336 2 268 15 293
337 -1 277 15 294
336 -3 285 15 295
336 2 294 15 296
336 -1 303 15 297
330 0 315 15 298
336 1 320 15 299
336 -1 329 15 300
334 0 339 15 301
335 0 346 15 302
345 0 351 15 303
345 0 362 15 304
345 0 373 15 305
345 0 386 15 306
345 0 397 15 307
339 0 401 15 308
327 0 401 15 309
318 0 401 15 310
308 0 401 15 311
295 0 401 15 312
298 0 395 15 313
279 -3 388 15 314
269 -3 389 15 315
261 -4 388 15 316
252 -4 389 15 317
244 -5 388 15 318
234 -4 389 15 319
226 5 388 15 320
219 -5 387 15 321
211 -6 386 15 322
201 -5 387 15 323
173 0 401 15 324
159 0 401 15 325
145 0 401 15 326
135 0 401 15 327
124 0 401 15 328
114 0 401 15 329
104 0 401 15 330
96 0 400 15 331
109 0 395 1 332
92 0 384 15 333
105 0 376 1 334
92 0 363 15 335
108 0 358 15 336
105 0 347 1 337
92 0 332 15 338
109 0 330 15 339
92 0 313 15 340
108 0 312 1 341
111 0 305 15 342
110 0 295 15 343
101 0 281 2 344
111 0 278 15 345
92 0 259 15 346
99 0 254 1 347
110 0 251 1 348
105 0 239 2 349
92 0 225 15 350
104 0 221 1 351
106 0 213 2 352
99 0 202 1 353
106 0 195 1 354
102 0 185 1 355
101 0 178 2 356
92 0 167 15 357
100 0 160 2 358
96 0 151 1 359
