360
109 0 365 15 0
132 0 361 1 1
139 0 354 15 2
140 0 370 1 3
149 0 347 1 4
146 0 381 1 5
140 0 315 1 6
152 0 339 15 7
153 0 231 2 8
146 0 243 2 9
146 0 256 2 10
146 0 274 1 11
154 0 289 1 12
144 0 300 1 13
134 0 366 15 14
154 0 356 15 15
151 0 368 15 16
154 0 343 15 17
155 0 384 1 18
160 0 322 1 19
159 0 245 2 20
161 0 257 1 21
147 0 262 1 22
161 0 292 1 23
160 0 300 1 24
147 0 305 2 25
139 0 315 15 26
163 0 224 1 27
149 0 255 2 28
153 0 269 1 29
162 0 305 15 30
158 0 314 1 31
163 0 239 2 32
156 0 249 1 33
161 0 295 1 34
160 0 364 15 35
164 0 382 1 36
170 0 213 1 37
170 0 326 15 38
168 0 379 15 39
194 5 209 15 40
195 -6 356 15 41
198 5 319 15 42
200 4 203 15 43
204 -6 371 15 44
174 0 17 1 45
179 0 27 1 46
170 0 43 2 47
175 0 60 1 48
190 0 71 14 49
192 0 82 14 50
176 0 96 1 51
168 0 110 2 52
185 0 121 1 53
186 0 135 1 54
187 0 151 1 55
205 5 167 15 56
204 -4 181 15 57
205 -5 196 15 58
205 6 363 15 59
204 -5 319 15 60
208 6 342 15 61
207 -5 357 15 62
184 0 7 1 63
208 -4 208 15 64
206 -3 227 15 65
206 3 248 15 66
207 4 262 15 67
207 -4 284 15 68
209 -5 305 15 69
210 -6 325 15 70
213 -5 140 15 71
213 6 368 15 72
199 0 55 14 73
172 0 -1 15 74
213 4 174 15 75
213 5 327 15 76
215 5 363 15 77
204 0 74 14 78
213 4 312 15 79
218 -6 349 15 80
179 0 24 15 81
192 0 26 1 82
206 0 28 14 83
205 0 33 14 84
206 0 39 14 85
219 6 355 15 86
216 -3 208 15 87
185 0 -10 15 88
220 -4 139 15 89
210 0 57 14 90
193 0 22 1 91
211 0 24 14 92
209 0 29 14 93
209 0 35 14 94
212 0 39 14 95
220 -5 327 15 96
187 0 -17 15 97
223 -3 172 15 98
226 5 369 15 99
225 -5 352 15 100
187 0 24 15 101
217 0 24 14 102
200 0 32 1 103
217 0 36 14 104
227 6 309 15 105
219 0 39 14 106
218 0 73 14 107
229 4 139 15 108
236 0 -19 14 109
242 0 23 14 110
233 0 26 14 111
235 0 32 14 112
232 0 37 14 113
227 0 40 14 114
223 0 55 14 115
229 3 208 15 116
230 4 328 15 117
239 6 368 15 118
251 0 -18 14 119
232 0 40 14 120
240 6 349 15 121
239 0 21 14 122
256 0 30 15 123
231 0 30 14 124
240 0 37 14 125
228 0 72 14 126
237 3 140 15 127
235 2 174 15 128
242 6 310 15 129
244 0 -15 14 130
236 0 55 14 131
243 -5 355 15 132
239 0 20 14 133
237 0 24 14 134
239 0 30 14 135
243 0 36 14 136
242 0 41 14 137
247 6 325 15 138
248 -6 359 15 139
244 -3 140 15 140
241 1 209 15 141
250 6 348 15 142
252 5 368 15 143
256 0 -6 14 144
243 0 19 14 145
245 0 25 14 146
251 0 31 14 147
252 0 36 14 148
249 0 41 14 149
251 3 81 15 150
246 -4 314 15 151
247 -1 174 15 152
248 1 228 15 153
248 -1 240 15 154
248 -2 253 15 155
248 3 265 15 156
261 0 1 14 157
249 -1 215 15 158
250 -4 276 15 159
250 -3 290 15 160
250 3 304 15 161
251 -2 317 15 162
256 -6 325 15 163
253 3 342 15 164
253 -3 354 15 165
254 3 361 15 166
250 0 57 14 167
260 5 362 15 168
254 -1 139 15 169
251 -1 204 15 170
261 -5 372 15 171
251 0 72 14 172
257 -3 325 15 173
261 0 9 14 174
260 2 100 15 175
261 5 113 15 176
259 1 127 15 177
259 0 140 15 178
258 1 157 15 179
257 0 172 15 180
256 1 186 15 181
256 0 200 15 182
254 0 76 14 183
276 0 35 14 184
258 0 43 14 185
259 0 55 14 186
257 0 66 14 187
264 -3 361 15 188
268 5 371 15 189
258 0 17 14 190
271 -6 321 15 191
266 0 210 15 192
276 3 376 15 193
275 2 361 15 194
282 -5 321 15 195
274 0 219 15 196
285 6 309 15 197
277 -1 261 15 198
278 1 273 15 199
285 -6 289 15 200
279 2 306 15 201
278 0 240 15 202
278 1 251 15 203
289 -4 320 15 204
283 -1 334 15 205
289 -4 342 15 206
285 -3 353 15 207
289 3 373 15 208
286 -6 251 15 209
290 -5 294 15 210
283 0 312 15 211
290 5 313 15 212
292 3 361 15 213
281 0 267 15 214
287 5 232 15 215
287 -6 241 15 216
292 2 368 15 217
285 -1 274 15 218
294 5 278 15 219
295 4 332 15 220
292 -5 226 15 221
293 6 253 15 222
288 0 293 15 223
296 -5 298 15 224
297 4 314 15 225
293 6 238 15 226
296 -2 373 15 227
296 1 343 15 228
297 -2 364 15 229
308 -3 345 15 230
311 2 363 15 231
315 -2 353 15 232
328 0 357 15 233
95 0 -39 1 234
99 0 -39 15 235
127 0 -40 15 236
121 0 -39 1 237
145 0 -40 15 238
139 0 -38 1 239
164 0 -40 15 240
157 0 -37 1 241
182 0 -40 15 242
168 0 -35 15 243
200 0 -40 15 244
210 0 -40 15 245
219 0 -40 15 246
228 0 -40 15 247
254 0 -33 14 248
261 0 -34 14 249
270 0 -34 14 250
282 0 -34 14 251
291 0 -34 14 252
300 0 -34 14 253
292 0 -40 15 254
301 0 -40 15 255
328 0 -37 15 256
319 0 -40 15 257
344 0 -39 15 258
346 0 -28 15 259
346 0 -18 15 260
346 0 -8 15 261
343 0 -1 14 262
346 0 10 15 263
336 0 15 14 264
335 0 23 14 265
331 0 31 14 266
330 0 40 14 267
334 0 49 14 268
334 0 58 14 269
329 0 66 14 270
330 0 75 14 271
330 0 84 14 272
346 0 94 15 273
346 0 106 15 274
346 0 117 15 275
334 -2 125 15 276
333 -3 133 15 277
331 -3 141 15 278
330 0 148 15 279
330 -2 156 15 280
332 3 166 15 281
333 3 174 15 282
331 5 182 15 283
333 5 191 15 284
333 -5 199 15 285
334 4 208 15 286
334 -5 216 15 287
335 -3 224 15 288
336 3 233 15 289
335 5 242 15 290
336 4 251 15 291
336 -3 259 15 292
337 2 267 15 293
337 -1 277 15 294
336 -3 285 15 295
337 3 293 15 296
337 -1 303 15 297
330 0 315 15 298
336 1 320 15 299
336 -1 328 15 300
334 0 339 15 301
335 0 346 15 302
346 0 350 15 303
346 0 362 15 304
346 0 373 15 305
346 0 386 15 306
346 0 397 15 307
340 0 401 15 308
328 0 401 15 309
318 0 401 15 310
309 0 401 15 311
296 0 401 15 312
299 0 394 15 313
279 -4 387 15 314
270 -3 389 15 315
262 -5 387 15 316
252 -4 388 15 317
244 -5 387 15 318
235 -5 388 15 319
227 5 387 15 320
219 -6 386 15 321
212 -6 385 15 322
202 -6 386 15 323
173 0 401 15 324
158 0 401 15 325
144 0 401 15 326
134 0 401 15 327
123 0 401 15 328
113 0 401 15 329
103 0 401 15 330
95 0 400 15 331
109 0 395 1 332
91 0 384 15 333
105 0 376 1 334
91 0 363 15 335
107 0 357 15 336
105 0 347 1 337
91 0 332 15 338
108 0 330 15 339
91 0 312 15 340
108 0 311 1 341
111 0 305 15 342
110 0 295 15 343
100 0 281 2 344
111 0 278 15 345
91 0 258 15 346
99 0 254 1 347
110 0 251 1 348
105 0 239 2 349
91 0 224 15 350
104 0 220 1 351
105 0 213 2 352
98 0 201 1 353
106 0 195 1 354
102 0 185 1 355
101 0 177 2 356
91 0 167 15 357
100 0 160 2 358
95 0 151 1 359
