360
1 0 328 15 0
121 0 356 1 1
120 0 344 15 2
111 0 360 1 3
135 0 340 1 4
106 0 371 1 5
58 0 267 1 6
131 0 327 15 7
134 0 221 2 8
92 0 220 2 9
89 0 231 2 10
93 0 248 1 11
135 0 277 1 12
78 0 264 1 13
13 0 321 15 14
123 0 336 15 15
108 0 347 15 16
115 0 320 15 17
126 0 379 1 18
145 0 314 1 19
137 0 234 2 20
151 0 252 1 21
69 0 226 1 22
149 0 284 1 23
145 0 291 1 24
66 0 259 2 25
16 0 244 15 26
153 0 220 1 27
63 0 217 2 28
86 0 238 1 29
138 0 293 15 30
117 0 292 1 31
143 0 228 2 32
103 0 227 1 33
126 0 278 1 34
109 0 337 15 35
128 0 370 1 36
155 0 200 1 37
144 0 311 15 38
110 0 356 15 39
255 32 207 15 40
259 -36 293 15 41
255 33 268 15 42
251 26 203 15 43
271 -39 303 15 44
93 0 29 1 45
125 0 37 1 46
72 0 59 2 47
101 0 69 1 48
187 0 73 14 49
191 0 80 14 50
97 0 96 1 51
51 0 107 2 52
150 0 118 1 53
156 0 138 1 54
160 0 157 1 55
263 29 179 15 56
257 -25 185 15 57
264 -32 195 15 58
265 36 301 15 59
256 -32 272 15 60
267 37 282 15 61
263 -33 302 15 62
117 0 16 1 63
255 -27 206 15 64
247 -18 221 15 65
247 19 233 15 66
253 27 240 15 67
252 -26 252 15 68
262 -33 257 15 69
269 -37 270 15 70
278 -31 162 15 71
277 38 305 15 72
193 0 54 14 73
32 0 21 15 74
260 23 180 15 75
261 32 281 15 76
267 31 310 15 77
201 0 77 14 78
255 25 274 15 79
281 -39 284 15 80
47 0 47 15 81
121 0 38 1 82
202 0 28 14 83
197 0 35 14 84
201 0 44 14 85
281 39 290 15 86
255 -19 204 15 87
73 0 10 15 88
275 -26 159 15 89
208 0 69 14 90
102 0 39 1 91
209 0 25 14 92
200 0 29 14 93
199 0 39 14 94
207 0 44 14 95
263 -29 284 15 96
58 0 4 15 97
263 -17 179 15 98
281 33 315 15 99
272 -29 307 15 100
39 0 51 15 101
216 0 24 14 102
116 0 45 1 103
215 0 43 14 104
279 36 257 15 105
220 0 47 14 106
217 0 75 14 107
279 24 158 15 108
313 0 9 14 109
336 0 45 14 110
281 0 37 14 111
296 0 49 14 112
277 0 53 14 113
248 0 52 14 114
223 0 58 14 115
261 18 205 15 116
268 26 292 15 117
299 37 308 15 118
365 0 22 14 119
253 0 49 14 120
300 39 289 15 121
287 0 30 14 122
385 0 60 15 123
242 0 33 14 124
294 0 52 14 125
224 0 71 14 126
276 18 158 15 127
267 15 181 15 128
295 39 259 15 129
297 0 5 14 130
248 0 63 14 131
288 -31 311 15 132
261 0 23 14 133
247 0 27 14 134
263 0 37 14 135
283 0 47 14 136
280 0 53 14 137
306 39 269 15 138
311 -36 302 15 139
283 -18 156 15 140
263 9 206 15 141
313 37 292 15 142
313 34 311 15 143
332 0 20 14 144
254 0 22 14 145
266 0 30 14 146
301 0 43 14 147
308 0 51 14 148
289 0 54 14 149
300 20 125 15 150
275 -24 285 15 151
273 -8 177 15 152
265 11 224 15 153
264 -7 233 15 154
266 -15 242 15 155
267 17 251 15 156
337 0 27 14 157
266 -9 212 15 158
271 -23 256 15 159
270 -18 271 15 160
272 18 280 15 161
276 -15 294 15 162
309 -39 275 15 163
287 19 311 15 164
291 -22 318 15 165
296 21 323 15 166
268 0 66 14 167
324 33 302 15 168
285 -10 154 15 169
270 -11 199 15 170
324 -32 310 15 171
252 0 74 14 172
286 -20 301 15 173
301 0 21 14 174
297 15 133 15 175
303 29 147 15 176
291 7 145 15 177
288 0 152 15 178
282 10 166 15 179
279 1 174 15 180
274 7 187 15 181
272 -1 195 15 182
259 0 76 14 183
374 0 57 14 184
269 0 47 14 185
276 0 66 14 186
266 0 71 14 187
305 -21 324 15 188
327 29 316 15 189
267 0 20 14 190
324 -37 275 15 191
274 0 208 15 192
327 22 327 15 193
314 16 326 15 194
337 -33 277 15 195
276 1 221 15 196
333 36 265 15 197
280 -10 254 15 198
282 10 266 15 199
328 -37 249 15 200
294 12 294 15 201
278 -1 241 15 202
279 8 245 15 203
347 -27 277 15 204
308 -6 315 15 205
345 -26 296 15 206
323 -17 322 15 207
342 21 320 15 208
320 -38 229 15 209
338 -34 254 15 210
300 -4 301 15 211
342 32 270 15 212
350 19 307 15 213
284 0 264 15 214
311 33 211 15 215
312 -36 221 15 216
338 14 326 15 217
288 -7 270 15 218
339 33 242 15 219
348 27 290 15 220
325 -33 207 15 221
331 36 226 15 222
297 2 289 15 223
348 -29 257 15 224
352 26 274 15 225
322 36 217 15 226
344 -14 326 15 227
326 7 320 15 228
335 -11 328 15 229
359 -18 298 15 230
356 13 317 15 231
359 -15 309 15 232
421 0 279 15 233
14 0 -34 1 234
-3 0 -32 15 235
114 0 -41 15 236
35 0 -31 1 237
131 0 -41 15 238
54 0 -28 1 239
158 0 -41 15 240
73 0 -24 1 241
175 0 -41 15 242
52 0 -12 15 243
192 0 -41 15 244
206 0 -41 15 245
219 0 -41 15 246
232 0 -41 15 247
339 0 0 14 248
335 0 -6 14 249
345 0 -4 14 250
371 0 -3 14 251
381 0 -4 14 252
390 0 -5 14 253
297 0 -41 15 254
311 0 -41 15 255
421 0 -25 15 256
328 0 -41 15 257
429 0 -35 15 258
430 0 -3 15 259
430 0 10 15 260
430 0 24 15 261
412 0 24 14 262
430 0 41 15 263
375 0 27 14 264
365 0 35 14 265
340 0 33 14 266
340 0 42 14 267
359 0 56 14 268
361 0 65 14 269
333 0 66 14 270
340 0 74 14 271
340 0 83 14 272
430 0 100 15 273
430 0 122 15 274
430 0 145 15 275
361 -16 150 15 276
353 -21 153 15 277
343 -19 154 15 278
338 -2 152 15 279
338 -12 158 15 280
348 22 168 15 281
357 21 175 15 282
345 31 182 15 283
355 30 189 15 284
353 -32 196 15 285
363 27 201 15 286
362 -29 206 15 287
369 -22 211 15 288
370 21 216 15 289
366 29 227 15 290
372 23 234 15 291
374 -21 238 15 292
377 15 245 15 293
379 -11 255 15 294
375 -19 260 15 295
375 18 266 15 296
377 -9 276 15 297
339 -1 307 15 298
374 11 289 15 299
373 -7 297 15 300
360 5 314 15 301
367 -5 312 15 302
430 0 293 15 303
430 0 316 15 304
430 0 339 15 305
430 0 371 15 306
430 0 394 15 307
426 0 404 15 308
404 0 404 15 309
390 0 404 15 310
377 0 404 15 311
345 0 404 15 312
407 0 367 15 313
337 -23 326 15 314
326 -21 333 15 315
322 -29 325 15 316
310 -27 332 15 317
306 -33 324 15 318
293 -30 330 15 319
290 32 327 15 320
285 -36 321 15 321
284 -39 313 15 322
268 -36 318 15 323
147 0 404 15 324
106 0 404 15 325
64 0 404 15 326
50 0 404 15 327
28 0 404 15 328
14 0 404 15 329
1 0 404 15 330
-6 0 397 15 331
97 0 394 1 332
-7 0 372 15 333
74 0 372 1 334
-7 0 336 15 335
87 0 350 15 336
73 0 331 1 337
-7 0 286 15 338
93 0 321 15 339
-7 0 260 15 340
89 0 299 1 341
107 0 302 15 342
104 0 291 15 343
47 0 252 2 344
106 0 276 15 345
-7 0 208 15 346
37 0 225 1 347
105 0 248 1 348
74 0 225 2 349
-7 0 182 15 350
66 0 204 1 351
76 0 202 2 352
34 0 179 1 353
77 0 187 1 354
55 0 172 1 355
50 0 165 2 356
-7 0 146 15 357
43 0 151 2 358
13 0 140 1 359
