360
72 0 352 15 0
128 0 359 1 1
133 0 350 15 2
130 0 366 1 3
144 0 345 1 4
132 0 377 1 5
111 0 298 1 6
145 0 335 15 7
147 0 227 2 8
128 0 235 2 9
126 0 247 2 10
128 0 265 1 11
147 0 285 1 12
121 0 288 1 13
92 0 351 15 14
143 0 349 15 15
136 0 360 15 16
140 0 335 15 17
145 0 382 1 18
155 0 319 1 19
151 0 241 2 20
158 0 255 1 21
120 0 250 1 22
157 0 289 1 23
155 0 297 1 24
119 0 290 2 25
96 0 291 15 26
160 0 223 1 27
119 0 242 2 28
130 0 258 1 29
153 0 301 15 30
144 0 307 1 31
156 0 235 2 32
138 0 242 1 33
149 0 289 1 34
142 0 355 15 35
152 0 378 1 36
165 0 208 1 37
161 0 321 15 38
148 0 371 15 39
216 14 209 15 40
218 -16 334 15 41
218 15 301 15 42
218 11 203 15 43
227 -17 347 15 44
146 0 22 1 45
160 0 31 1 46
136 0 48 2 47
149 0 63 1 48
189 0 71 14 49
192 0 81 14 50
149 0 96 1 51
128 0 109 2 52
173 0 120 1 53
176 0 136 1 54
178 0 153 1 55
224 13 171 15 56
222 -11 182 15 57
225 -14 196 15 58
225 16 341 15 59
222 -14 303 15 60
228 17 321 15 61
226 -15 338 15 62
160 0 10 1 63
223 -12 207 15 64
220 -8 225 15 65
220 9 243 15 66
222 12 255 15 67
222 -11 273 15 68
226 -15 288 15 69
230 -17 306 15 70
235 -14 148 15 71
235 17 346 15 72
197 0 54 14 73
124 0 6 15 74
229 10 176 15 75
229 14 311 15 76
232 14 345 15 77
203 0 75 14 78
227 11 299 15 79
239 -18 326 15 80
133 0 32 15 81
167 0 30 1 82
204 0 28 14 83
202 0 34 14 84
204 0 41 14 85
240 18 332 15 86
229 -9 207 15 87
146 0 -3 15 88
239 -12 146 15 89
209 0 62 14 90
161 0 28 1 91
210 0 24 14 92
206 0 29 14 93
206 0 36 14 94
210 0 41 14 95
235 -13 312 15 96
142 0 -9 15 97
237 -8 174 15 98
245 15 350 15 99
241 -13 336 15 100
136 0 33 15 101
217 0 24 14 102
171 0 37 1 103
216 0 38 14 104
245 16 291 15 105
219 0 42 14 106
218 0 73 14 107
246 11 146 15 108
263 0 -9 14 109
275 0 31 14 110
249 0 30 14 111
256 0 38 14 112
248 0 43 14 113
234 0 45 14 114
223 0 56 14 115
240 8 207 15 116
243 12 315 15 117
260 17 347 15 118
291 0 -4 14 119
239 0 43 14 120
261 18 328 15 121
255 0 24 14 122
300 0 40 15 123
235 0 31 14 124
258 0 42 14 125
226 0 72 14 126
251 8 146 15 127
246 7 177 15 128
261 17 292 15 129
263 0 -8 14 130
240 0 58 14 131
259 -14 340 15 132
247 0 21 14 133
240 0 25 14 134
248 0 33 14 135
257 0 40 14 136
256 0 45 14 137
267 17 305 15 138
270 -16 339 15 139
258 -8 145 15 140
249 4 208 15 141
272 17 329 15 142
273 15 348 15 143
282 0 3 14 144
247 0 20 14 145
252 0 27 14 146
268 0 36 14 147
271 0 41 14 148
263 0 46 14 149
268 9 96 15 150
256 -11 304 15 151
256 -3 175 15 152
254 5 227 15 153
253 -3 238 15 154
254 -7 249 15 155
255 8 260 15 156
288 0 10 14 157
255 -4 214 15 158
257 -10 269 15 159
257 -8 283 15 160
258 8 296 15 161
259 -6 309 15 162
274 -18 307 15 163
264 9 331 15 164
267 -10 341 15 165
269 9 348 15 166
256 0 60 14 167
282 15 341 15 168
265 -4 144 15 169
258 -5 202 15 170
283 -14 351 15 171
251 0 73 14 172
267 -9 317 15 173
275 0 13 14 174
273 6 111 15 175
276 13 125 15 176
270 3 133 15 177
269 0 144 15 178
266 4 160 15 179
265 0 172 15 180
262 3 187 15 181
261 0 198 15 182
256 0 76 14 183
310 0 42 14 184
262 0 44 14 185
265 0 59 14 186
260 0 68 14 187
278 -9 348 15 188
288 13 352 15 189
261 0 18 14 190
289 -17 305 15 191
269 0 209 15 192
294 10 359 15 193
289 7 349 15 194
301 -15 306 15 195
275 0 220 15 196
302 16 293 15 197
278 -4 259 15 198
279 4 271 15 199
300 -17 275 15 200
284 5 302 15 201
278 0 241 15 202
278 3 249 15 203
309 -12 305 15 204
292 -2 327 15 205
308 -11 326 15 206
298 -8 342 15 207
307 10 354 15 208
298 -17 243 15 209
306 -15 280 15 210
289 -2 308 15 211
308 14 298 15 212
312 9 342 15 213
282 0 266 15 214
295 15 225 15 215
295 -16 234 15 216
308 6 354 15 217
286 -3 273 15 218
309 15 266 15 219
313 12 318 15 220
304 -15 219 15 221
306 16 243 15 222
291 1 292 15 223
314 -13 284 15 224
316 11 300 15 225
303 16 231 15 226
313 -6 357 15 227
306 3 335 15 228
311 -5 352 15 229
326 -8 329 15 230
327 6 347 15 231
330 -7 338 15 232
360 0 330 15 233
67 0 -37 1 234
64 0 -36 15 235
122 0 -41 15 236
91 0 -36 1 237
140 0 -41 15 238
109 0 -34 1 239
162 0 -41 15 240
128 0 -32 1 241
180 0 -41 15 242
128 0 -27 15 243
197 0 -41 15 244
208 0 -41 15 245
219 0 -41 15 246
229 0 -41 15 247
284 0 -21 14 248
286 0 -24 14 249
296 0 -23 14 250
313 0 -23 14 251
322 0 -23 14 252
331 0 -24 14 253
294 0 -41 15 254
305 0 -41 15 255
360 0 -33 15 256
322 0 -41 15 257
373 0 -37 15 258
375 0 -19 15 259
375 0 -8 15 260
375 0 3 15 261
367 0 8 14 262
375 0 20 15 263
350 0 19 14 264
345 0 27 14 265
334 0 31 14 266
334 0 40 14 267
343 0 51 14 268
344 0 61 14 269
331 0 66 14 270
334 0 75 14 271
334 0 84 14 272
375 0 96 15 273
375 0 111 15 274
375 0 127 15 275
343 -7 134 15 276
340 -9 140 15 277
335 -9 145 15 278
333 -1 149 15 279
333 -5 157 15 280
337 10 166 15 281
341 9 174 15 282
336 14 182 15 283
340 13 190 15 284
340 -15 198 15 285
344 12 205 15 286
344 -13 213 15 287
347 -10 220 15 288
348 9 227 15 289
346 13 237 15 290
349 10 245 15 291
349 -10 252 15 292
351 7 260 15 293
352 -5 269 15 294
350 -9 276 15 295
350 8 284 15 296
351 -4 294 15 297
333 0 313 15 298
350 5 309 15 299
349 -3 317 15 300
343 2 330 15 301
346 -2 334 15 302
375 0 330 15 303
375 0 346 15 304
375 0 361 15 305
375 0 381 15 306
375 0 396 15 307
370 0 402 15 308
354 0 402 15 309
343 0 402 15 310
332 0 402 15 311
313 0 402 15 312
336 0 385 15 313
299 -10 366 15 314
289 -9 369 15 315
283 -13 366 15 316
272 -12 369 15 317
266 -15 365 15 318
255 -13 368 15 319
248 15 366 15 320
241 -16 364 15 321
236 -17 360 15 322
224 -16 363 15 323
164 0 402 15 324
140 0 402 15 325
116 0 402 15 326
105 0 402 15 327
90 0 402 15 328
79 0 402 15 329
68 0 402 15 330
60 0 399 15 331
105 0 395 1 332
57 0 380 15 333
94 0 375 1 334
57 0 353 15 335
100 0 355 15 336
94 0 341 1 337
57 0 316 15 338
103 0 327 15 339
57 0 294 15 340
101 0 307 1 341
109 0 304 15 342
108 0 294 15 343
82 0 271 2 344
109 0 277 15 345
57 0 241 15 346
77 0 244 1 347
109 0 250 1 348
94 0 234 2 349
57 0 210 15 350
91 0 215 1 351
95 0 209 2 352
76 0 193 1 353
96 0 192 1 354
86 0 180 1 355
83 0 173 2 356
57 0 160 15 357
80 0 157 2 358
66 0 147 1 359
