360
24 0 336 15 0
123 0 357 1 1
124 0 346 15 2
117 0 362 1 3
138 0 341 1 4
115 0 373 1 5
76 0 277 1 6
136 0 330 15 7
138 0 223 2 8
104 0 225 2 9
101 0 236 2 10
104 0 253 1 11
139 0 280 1 12
92 0 272 1 13
39 0 331 15 14
130 0 340 15 15
117 0 351 15 16
123 0 325 15 17
133 0 380 1 18
148 0 315 1 19
141 0 236 2 20
153 0 253 1 21
86 0 234 1 22
152 0 286 1 23
148 0 293 1 24
83 0 269 2 25
42 0 259 15 26
155 0 221 1 27
81 0 225 2 28
100 0 244 1 29
143 0 295 15 30
126 0 297 1 31
148 0 231 2 32
115 0 232 1 33
134 0 282 1 34
119 0 343 15 35
136 0 373 1 36
158 0 202 1 37
150 0 315 15 38
122 0 361 15 39
242 26 207 15 40
245 -30 306 15 41
243 27 279 15 42
240 21 203 15 43
257 -32 318 15 44
110 0 27 1 45
136 0 35 1 46
93 0 56 2 47
116 0 67 1 48
188 0 73 14 49
192 0 80 14 50
114 0 96 1 51
76 0 108 2 52
158 0 119 1 53
163 0 137 1 54
166 0 156 1 55
251 24 176 15 56
246 -21 184 15 57
251 -26 196 15 58
252 30 314 15 59
245 -26 282 15 60
254 31 294 15 61
251 -27 313 15 62
131 0 14 1 63
245 -22 207 15 64
238 -15 222 15 65
238 16 236 15 66
243 22 245 15 67
242 -21 259 15 68
250 -27 267 15 69
256 -31 282 15 70
264 -25 158 15 71
263 31 319 15 72
195 0 54 14 73
62 0 16 15 74
250 19 180 15 75
250 26 291 15 76
256 25 321 15 77
201 0 76 14 78
246 21 282 15 79
267 -32 298 15 80
75 0 42 15 81
136 0 36 1 82
203 0 28 14 83
199 0 35 14 84
202 0 43 14 85
268 32 303 15 86
246 -16 205 15 87
97 0 6 15 88
263 -21 155 15 89
209 0 67 14 90
121 0 35 1 91
209 0 25 14 92
202 0 29 14 93
201 0 38 14 94
208 0 43 14 95
254 -24 293 15 96
86 0 0 15 97
255 -14 177 15 98
269 27 327 15 99
262 -23 316 15 100
71 0 45 15 101
217 0 24 14 102
134 0 43 1 103
216 0 42 14 104
268 30 268 15 105
219 0 45 14 106
218 0 75 14 107
269 20 154 15 108
297 0 3 14 109
316 0 40 14 110
270 0 35 14 111
283 0 45 14 112
268 0 50 14 113
243 0 50 14 114
223 0 57 14 115
254 15 206 15 116
260 21 299 15 117
286 31 321 15 118
341 0 13 14 119
249 0 47 14 120
287 32 302 15 121
277 0 28 14 122
358 0 53 15 123
240 0 32 14 124
282 0 48 14 125
225 0 71 14 126
268 15 154 15 127
260 13 180 15 128
284 32 270 15 129
286 0 1 14 130
245 0 61 14 131
279 -25 321 15 132
257 0 22 14 133
245 0 26 14 134
258 0 36 14 135
274 0 45 14 136
272 0 50 14 137
293 32 281 15 138
297 -30 314 15 139
275 -15 153 15 140
258 7 207 15 141
299 31 304 15 142
300 28 323 15 143
315 0 14 14 144
252 0 21 14 145
262 0 29 14 146
290 0 41 14 147
296 0 47 14 148
281 0 52 14 149
290 16 115 15 150
269 -20 291 15 151
268 -6 176 15 152
261 9 225 15 153
260 -6 235 15 154
262 -13 244 15 155
263 14 254 15 156
321 0 22 14 157
262 -7 213 15 158
267 -19 260 15 159
266 -15 275 15 160
267 15 285 15 161
270 -12 299 15 162
297 -32 286 15 163
279 16 318 15 164
283 -18 325 15 165
287 17 331 15 166
264 0 64 14 167
311 27 315 15 168
279 -8 151 15 169
266 -9 200 15 170
311 -26 323 15 171
251 0 74 14 172
280 -16 306 15 173
293 0 18 14 174
290 12 126 15 175
294 23 140 15 176
285 6 142 15 177
282 0 150 15 178
277 8 164 15 179
274 0 174 15 180
270 6 187 15 181
269 -1 196 15 182
258 0 76 14 183
353 0 52 14 184
267 0 46 14 185
273 0 63 14 186
264 0 70 14 187
296 -17 332 15 188
315 24 328 15 189
265 0 19 14 190
312 -31 285 15 191
272 0 208 15 192
316 18 338 15 193
305 13 334 15 194
325 -27 286 15 195
275 1 221 15 196
323 30 274 15 197
279 -8 255 15 198
281 8 267 15 199
319 -31 258 15 200
291 10 296 15 201
278 0 241 15 202
279 6 246 15 203
335 -22 286 15 204
303 -5 319 15 205
333 -21 306 15 206
315 -14 328 15 207
331 17 331 15 208
313 -31 233 15 209
328 -28 262 15 210
296 -3 303 15 211
331 26 279 15 212
338 16 318 15 213
283 0 265 15 214
306 27 216 15 215
306 -30 225 15 216
328 12 335 15 217
287 -6 271 15 218
329 27 250 15 219
336 22 299 15 220
318 -27 211 15 221
323 29 232 15 222
295 2 290 15 223
337 -24 266 15 224
340 21 282 15 225
316 29 221 15 226
334 -11 336 15 227
320 6 325 15 228
327 -9 336 15 229
349 -15 308 15 230
347 10 327 15 231
350 -13 319 15 232
401 0 296 15 233
31 0 -35 1 234
18 0 -33 15 235
116 0 -41 15 236
53 0 -33 1 237
134 0 -41 15 238
72 0 -30 1 239
159 0 -41 15 240
91 0 -26 1 241
177 0 -41 15 242
77 0 -17 15 243
194 0 -41 15 244
207 0 -41 15 245
219 0 -41 15 246
231 0 -41 15 247
321 0 -7 14 248
319 0 -12 14 249
329 0 -10 14 250
352 0 -9 14 251
362 0 -10 14 252
371 0 -11 14 253
296 0 -41 15 254
309 0 -41 15 255
401 0 -28 15 256
326 0 -41 15 257
411 0 -35 15 258
412 0 -8 15 259
412 0 4 15 260
412 0 17 15 261
397 0 19 14 262
412 0 34 15 263
367 0 25 14 264
358 0 32 14 265
338 0 33 14 266
338 0 42 14 267
354 0 54 14 268
356 0 64 14 269
332 0 66 14 270
338 0 74 14 271
338 0 83 14 272
412 0 98 15 273
412 0 119 15 274
412 0 139 15 275
355 -13 145 15 276
348 -17 149 15 277
341 -16 151 15 278
337 -2 151 15 279
336 -10 158 15 280
344 18 167 15 281
352 17 175 15 282
342 25 182 15 283
350 25 190 15 284
349 -27 197 15 285
357 22 202 15 286
356 -24 208 15 287
362 -18 214 15 288
363 17 219 15 289
359 24 230 15 290
365 19 238 15 291
366 -17 242 15 292
369 13 250 15 293
370 -9 260 15 294
367 -16 265 15 295
367 15 272 15 296
368 -7 282 15 297
337 -1 309 15 298
366 9 296 15 299
365 -6 303 15 300
354 4 319 15 301
360 -4 320 15 302
412 0 305 15 303
412 0 326 15 304
412 0 346 15 305
412 0 374 15 306
412 0 395 15 307
408 0 403 15 308
388 0 403 15 309
375 0 403 15 310
362 0 403 15 311
334 0 403 15 312
384 0 372 15 313
325 -19 339 15 314
314 -17 345 15 315
309 -24 338 15 316
298 -22 344 15 317
293 -27 337 15 318
280 -25 342 15 319
276 27 340 15 320
271 -29 335 15 321
268 -32 328 15 322
254 -29 333 15 323
153 0 403 15 324
117 0 403 15 325
81 0 403 15 326
68 0 403 15 327
48 0 403 15 328
35 0 403 15 329
23 0 403 15 330
16 0 398 15 331
100 0 394 1 332
14 0 375 15 333
80 0 373 1 334
14 0 342 15 335
91 0 351 15 336
80 0 334 1 337
14 0 296 15 338
96 0 323 15 339
14 0 271 15 340
93 0 302 1 341
108 0 303 15 342
105 0 292 15 343
59 0 258 2 344
107 0 276 15 345
14 0 218 15 346
50 0 231 1 347
106 0 249 1 348
80 0 228 2 349
14 0 191 15 350
74 0 207 1 351
82 0 205 2 352
48 0 183 1 353
83 0 188 1 354
65 0 175 1 355
60 0 168 2 356
14 0 150 15 357
55 0 153 2 358
31 0 143 1 359
