360
85 0 356 15 0
130 0 360 1 1
135 0 352 15 2
133 0 368 1 3
146 0 346 1 4
137 0 379 1 5
121 0 304 1 6
147 0 337 15 7
149 0 229 2 8
134 0 238 2 9
133 0 250 2 10
134 0 268 1 11
149 0 287 1 12
129 0 292 1 13
106 0 356 15 14
147 0 351 15 15
142 0 363 15 16
145 0 338 15 17
149 0 383 1 18
156 0 320 1 19
154 0 242 2 20
159 0 256 1 21
130 0 254 1 22
158 0 290 1 23
157 0 298 1 24
128 0 295 2 25
111 0 299 15 26
161 0 223 1 27
129 0 246 2 28
138 0 262 1 29
156 0 302 15 30
149 0 309 1 31
159 0 236 2 32
144 0 244 1 33
153 0 291 1 34
148 0 358 15 35
156 0 380 1 36
167 0 210 1 37
164 0 323 15 38
155 0 374 15 39
208 11 209 15 40
210 -13 342 15 41
211 11 307 15 42
212 9 203 15 43
219 -14 356 15 44
156 0 20 1 45
167 0 29 1 46
148 0 46 2 47
158 0 62 1 48
189 0 71 14 49
192 0 81 14 50
158 0 96 1 51
142 0 109 2 52
177 0 121 1 53
179 0 136 1 54
181 0 152 1 55
218 10 169 15 56
216 -9 182 15 57
218 -11 196 15 58
219 13 349 15 59
216 -11 309 15 60
221 13 329 15 61
220 -12 345 15 62
168 0 9 1 63
219 -9 207 15 64
216 -6 225 15 65
216 7 245 15 66
218 9 257 15 67
217 -9 277 15 68
220 -11 294 15 69
223 -13 313 15 70
227 -11 145 15 71
227 13 354 15 72
198 0 54 14 73
141 0 4 15 74
223 8 175 15 75
223 11 316 15 76
226 11 351 15 77
203 0 74 14 78
222 9 303 15 79
231 -14 334 15 80
149 0 29 15 81
176 0 29 1 82
205 0 28 14 83
203 0 34 14 84
204 0 40 14 85
233 14 340 15 86
224 -7 207 15 87
160 0 -5 15 88
232 -9 144 15 89
210 0 60 14 90
172 0 26 1 91
210 0 24 14 92
207 0 29 14 93
207 0 36 14 94
211 0 40 14 95
230 -10 317 15 96
158 0 -12 15 97
232 -6 174 15 98
238 12 357 15 99
236 -10 342 15 100
154 0 30 15 101
217 0 24 14 102
181 0 35 1 103
217 0 37 14 104
239 13 297 15 105
219 0 41 14 106
218 0 73 14 107
240 8 143 15 108
253 0 -13 14 109
263 0 28 14 110
243 0 29 14 111
249 0 36 14 112
242 0 41 14 113
232 0 43 14 114
223 0 55 14 115
236 6 208 15 116
239 9 319 15 117
252 13 354 15 118
277 0 -9 14 119
237 0 42 14 120
253 14 335 15 121
250 0 23 14 122
285 0 37 15 123
233 0 30 14 124
252 0 40 14 125
227 0 72 14 126
246 6 144 15 127
242 5 176 15 128
254 14 298 15 129
256 0 -10 14 130
239 0 57 14 131
253 -11 345 15 132
244 0 20 14 133
239 0 25 14 134
245 0 32 14 135
252 0 39 14 136
251 0 43 14 137
260 14 312 15 138
262 -13 346 15 139
253 -6 143 15 140
246 3 209 15 141
264 13 336 15 142
266 12 355 15 143
273 0 0 14 144
246 0 20 14 145
250 0 26 14 146
262 0 34 14 147
265 0 39 14 148
258 0 44 14 149
262 7 91 15 150
253 -8 308 15 151
253 -3 174 15 152
252 3 227 15 153
251 -2 239 15 154
252 -5 250 15 155
253 6 262 15 156
278 0 7 14 157
253 -3 214 15 158
255 -8 271 15 159
254 -6 286 15 160
255 6 299 15 161
256 -5 312 15 162
268 -14 313 15 163
260 7 335 15 164
262 -8 345 15 165
264 7 353 15 166
254 0 59 14 167
274 11 349 15 168
261 -3 142 15 169
256 -3 203 15 170
275 -11 358 15 171
251 0 73 14 172
264 -7 319 15 173
270 0 12 14 174
269 5 107 15 175
271 10 121 15 176
266 2 131 15 177
265 0 143 15 178
263 3 159 15 179
262 0 172 15 180
260 2 187 15 181
260 0 199 15 182
256 0 76 14 183
298 0 40 14 184
261 0 44 14 185
263 0 58 14 186
259 0 67 14 187
273 -7 353 15 188
281 10 359 15 189
260 0 17 14 190
282 -13 310 15 191
268 0 209 15 192
288 8 365 15 193
284 5 353 15 194
294 -11 311 15 195
274 0 220 15 196
296 13 299 15 197
278 -3 260 15 198
279 3 272 15 199
295 -13 280 15 200
283 4 304 15 201
278 0 240 15 202
278 3 249 15 203
302 -9 310 15 204
289 -2 330 15 205
302 -9 331 15 206
294 -6 346 15 207
301 7 361 15 208
294 -13 246 15 209
300 -12 285 15 210
287 -1 309 15 211
302 11 303 15 212
305 7 349 15 213
282 0 267 15 214
292 12 227 15 215
292 -13 236 15 216
303 5 359 15 217
286 -2 273 15 218
304 12 270 15 219
307 9 323 15 220
300 -12 222 15 221
302 12 247 15 222
290 0 292 15 223
308 -10 289 15 224
309 9 305 15 225
299 12 234 15 226
307 -5 363 15 227
303 2 338 15 228
306 -4 356 15 229
320 -6 335 15 230
321 4 352 15 231
325 -5 343 15 232
349 0 339 15 233
76 0 -38 1 234
76 0 -37 15 235
124 0 -41 15 236
101 0 -37 1 237
142 0 -41 15 238
120 0 -36 1 239
163 0 -41 15 240
138 0 -34 1 241
180 0 -41 15 242
142 0 -30 15 243
198 0 -41 15 244
209 0 -41 15 245
219 0 -41 15 246
229 0 -41 15 247
273 0 -25 14 248
278 0 -28 14 249
287 0 -27 14 250
302 0 -27 14 251
311 0 -27 14 252
321 0 -27 14 253
293 0 -41 15 254
303 0 -41 15 255
349 0 -35 15 256
321 0 -41 15 257
363 0 -38 15 258
365 0 -22 15 259
365 0 -12 15 260
365 0 -1 15 261
358 0 5 14 262
365 0 17 15 263
345 0 18 14 264
342 0 26 14 265
333 0 31 14 266
333 0 40 14 267
340 0 51 14 268
340 0 60 14 269
330 0 66 14 270
333 0 75 14 271
333 0 84 14 272
365 0 95 15 273
365 0 109 15 274
365 0 123 15 275
340 -5 131 15 276
337 -7 138 15 277
334 -7 144 15 278
332 0 149 15 279
332 -4 157 15 280
335 8 166 15 281
339 7 174 15 282
335 11 182 15 283
338 10 190 15 284
337 -11 199 15 285
341 9 206 15 286
341 -10 214 15 287
343 -8 221 15 288
344 7 229 15 289
342 10 239 15 290
344 8 247 15 291
345 -7 254 15 292
346 5 262 15 293
346 -3 272 15 294
345 -7 279 15 295
345 6 287 15 296
346 -3 297 15 297
332 0 313 15 298
345 3 313 15 299
345 -2 321 15 300
340 2 333 15 301
342 -2 338 15 302
365 0 337 15 303
365 0 351 15 304
365 0 365 15 305
365 0 383 15 306
365 0 397 15 307
359 0 402 15 308
345 0 402 15 309
335 0 402 15 310
324 0 402 15 311
307 0 402 15 312
323 0 388 15 313
292 -8 373 15 314
283 -7 376 15 315
275 -10 373 15 316
265 -9 376 15 317
258 -12 373 15 318
248 -10 375 15 319
241 11 374 15 320
233 -12 372 15 321
227 -14 369 15 322
217 -12 371 15 323
167 0 402 15 324
147 0 402 15 325
126 0 402 15 326
115 0 402 15 327
101 0 402 15 328
91 0 402 15 329
80 0 402 15 330
72 0 399 15 331
106 0 395 1 332
69 0 381 15 333
98 0 375 1 334
69 0 357 15 335
103 0 356 15 336
98 0 343 1 337
69 0 321 15 338
105 0 328 15 339
69 0 300 15 340
103 0 309 1 341
110 0 304 15 342
109 0 294 15 343
88 0 274 2 344
110 0 277 15 345
69 0 247 15 346
85 0 247 1 347
109 0 250 1 348
98 0 236 2 349
69 0 215 15 350
95 0 217 1 351
99 0 210 2 352
84 0 196 1 353
99 0 193 1 354
91 0 182 1 355
89 0 175 2 356
69 0 162 15 357
87 0 158 2 358
76 0 148 1 359
