360
19 0 334 15 0
123 0 357 1 1
123 0 346 15 2
115 0 362 1 3
137 0 341 1 4
113 0 373 1 5
71 0 274 1 6
135 0 329 15 7
137 0 223 2 8
101 0 224 2 9
98 0 235 2 10
101 0 252 1 11
138 0 279 1 12
88 0 270 1 13
32 0 328 15 14
128 0 339 15 15
115 0 350 15 16
121 0 324 15 17
131 0 379 1 18
147 0 315 1 19
140 0 236 2 20
153 0 253 1 21
82 0 232 1 22
151 0 285 1 23
148 0 293 1 24
79 0 267 2 25
36 0 255 15 26
154 0 220 1 27
76 0 223 2 28
97 0 243 1 29
142 0 295 15 30
124 0 296 1 31
147 0 230 2 32
112 0 231 1 33
132 0 281 1 34
117 0 341 15 35
134 0 372 1 36
157 0 202 1 37
148 0 314 15 38
119 0 360 15 39
245 28 207 15 40
249 -31 303 15 41
246 28 276 15 42
243 22 203 15 43
260 -33 314 15 44
106 0 27 1 45
133 0 35 1 46
87 0 57 2 47
112 0 67 1 48
188 0 73 14 49
192 0 80 14 50
110 0 96 1 51
70 0 108 2 52
156 0 119 1 53
161 0 137 1 54
164 0 156 1 55
254 25 177 15 56
249 -22 184 15 57
254 -27 196 15 58
255 31 311 15 59
248 -28 279 15 60
258 32 291 15 61
254 -29 311 15 62
127 0 15 1 63
247 -23 207 15 64
240 -15 222 15 65
241 17 235 15 66
245 23 244 15 67
244 -22 257 15 68
253 -28 265 15 69
260 -32 279 15 70
268 -27 159 15 71
267 33 315 15 72
194 0 54 14 73
55 0 17 15 74
253 20 180 15 75
253 27 289 15 76
258 27 319 15 77
201 0 76 14 78
248 22 280 15 79
271 -34 294 15 80
68 0 43 15 81
132 0 36 1 82
203 0 28 14 83
198 0 35 14 84
202 0 44 14 85
271 34 300 15 86
249 -17 204 15 87
91 0 7 15 88
266 -22 156 15 89
209 0 67 14 90
116 0 36 1 91
209 0 25 14 92
201 0 29 14 93
201 0 39 14 94
208 0 44 14 95
256 -25 291 15 96
79 0 1 15 97
257 -15 178 15 98
272 29 324 15 99
264 -25 314 15 100
63 0 46 15 101
217 0 24 14 102
129 0 43 1 103
216 0 42 14 104
271 31 265 15 105
219 0 46 14 106
218 0 75 14 107
271 21 155 15 108
301 0 5 14 109
321 0 42 14 110
273 0 35 14 111
286 0 46 14 112
270 0 51 14 113
244 0 50 14 114
223 0 58 14 115
255 15 206 15 116
262 22 297 15 117
289 32 317 15 118
347 0 15 14 119
250 0 47 14 120
290 34 299 15 121
279 0 28 14 122
365 0 55 15 123
240 0 32 14 124
285 0 49 14 125
225 0 71 14 126
270 15 155 15 127
262 13 180 15 128
287 33 267 15 129
289 0 2 14 130
246 0 62 14 131
281 -26 318 15 132
258 0 23 14 133
246 0 26 14 134
259 0 36 14 135
276 0 45 14 136
274 0 51 14 137
296 33 278 15 138
301 -31 311 15 139
277 -16 154 15 140
259 8 207 15 141
303 32 301 15 142
303 30 320 15 143
319 0 16 14 144
253 0 21 14 145
263 0 29 14 146
293 0 41 14 147
299 0 48 14 148
283 0 52 14 149
292 17 118 15 150
270 -21 290 15 151
269 -7 176 15 152
262 9 225 15 153
261 -6 234 15 154
263 -13 243 15 155
264 15 253 15 156
325 0 23 14 157
263 -8 213 15 158
268 -20 259 15 159
267 -15 274 15 160
269 16 284 15 161
272 -13 298 15 162
300 -34 283 15 163
281 17 316 15 164
285 -19 323 15 165
289 18 329 15 166
265 0 65 14 167
314 28 312 15 168
280 -8 151 15 169
267 -9 200 15 170
314 -28 320 15 171
251 0 74 14 172
281 -17 305 15 173
295 0 19 14 174
292 13 127 15 175
296 25 142 15 176
286 6 143 15 177
283 0 150 15 178
278 8 165 15 179
275 0 174 15 180
271 6 187 15 181
269 -1 196 15 182
258 0 76 14 183
359 0 53 14 184
268 0 46 14 185
273 0 64 14 186
265 0 70 14 187
298 -18 330 15 188
318 25 325 15 189
266 0 19 14 190
315 -32 282 15 191
272 0 208 15 192
319 19 335 15 193
307 14 332 15 194
328 -28 284 15 195
276 1 221 15 196
325 31 272 15 197
279 -8 255 15 198
282 8 267 15 199
321 -32 256 15 200
291 10 296 15 201
278 0 241 15 202
279 7 246 15 203
338 -23 284 15 204
304 -5 318 15 205
336 -22 303 15 206
317 -15 327 15 207
334 18 328 15 208
314 -33 232 15 209
330 -30 260 15 210
297 -4 303 15 211
334 28 277 15 212
341 17 315 15 213
283 0 265 15 214
307 29 215 15 215
308 -31 224 15 216
331 12 333 15 217
287 -6 271 15 218
332 29 248 15 219
339 23 297 15 220
320 -29 210 15 221
325 31 230 15 222
296 2 290 15 223
340 -25 264 15 224
343 22 280 15 225
317 31 220 15 226
337 -12 334 15 227
321 6 324 15 228
329 -10 334 15 229
351 -15 305 15 230
349 11 324 15 231
352 -13 316 15 232
406 0 292 15 233
27 0 -34 1 234
13 0 -33 15 235
116 0 -41 15 236
49 0 -32 1 237
133 0 -41 15 238
67 0 -30 1 239
159 0 -41 15 240
87 0 -26 1 241
176 0 -41 15 242
70 0 -16 15 243
194 0 -41 15 244
206 0 -41 15 245
219 0 -41 15 246
231 0 -41 15 247
326 0 -5 14 248
323 0 -10 14 249
333 0 -9 14 250
357 0 -8 14 251
367 0 -9 14 252
376 0 -9 14 253
296 0 -41 15 254
309 0 -41 15 255
406 0 -27 15 256
327 0 -41 15 257
415 0 -35 15 258
416 0 -7 15 259
416 0 6 15 260
416 0 19 15 261
401 0 20 14 262
416 0 36 15 263
369 0 25 14 264
360 0 33 14 265
339 0 33 14 266
338 0 42 14 267
355 0 55 14 268
357 0 64 14 269
332 0 66 14 270
338 0 74 14 271
338 0 83 14 272
416 0 99 15 273
416 0 120 15 274
416 0 141 15 275
357 -14 146 15 276
349 -18 150 15 277
341 -17 152 15 278
337 -2 152 15 279
337 -10 158 15 280
345 19 168 15 281
353 18 175 15 282
343 26 182 15 283
351 26 190 15 284
350 -28 197 15 285
359 23 202 15 286
358 -25 208 15 287
364 -19 213 15 288
365 18 219 15 289
361 25 229 15 290
367 20 237 15 291
368 -18 241 15 292
371 13 249 15 293
372 -9 259 15 294
369 -17 264 15 295
369 15 270 15 296
371 -8 281 15 297
338 -1 308 15 298
368 9 294 15 299
367 -6 302 15 300
355 4 318 15 301
362 -4 318 15 302
416 0 302 15 303
416 0 323 15 304
416 0 344 15 305
416 0 373 15 306
416 0 394 15 307
413 0 404 15 308
392 0 404 15 309
379 0 404 15 310
366 0 404 15 311
337 0 404 15 312
389 0 371 15 313
328 -20 336 15 314
317 -18 342 15 315
312 -25 335 15 316
301 -23 341 15 317
296 -29 334 15 318
284 -26 339 15 319
280 28 337 15 320
274 -31 332 15 321
272 -33 324 15 322
257 -31 329 15 323
151 0 404 15 324
114 0 404 15 325
77 0 404 15 326
64 0 404 15 327
43 0 404 15 328
30 0 404 15 329
17 0 404 15 330
10 0 398 15 331
99 0 394 1 332
8 0 374 15 333
79 0 373 1 334
8 0 340 15 335
90 0 351 15 336
78 0 333 1 337
8 0 294 15 338
96 0 322 15 339
8 0 268 15 340
92 0 301 1 341
108 0 303 15 342
105 0 292 15 343
56 0 257 2 344
107 0 276 15 345
8 0 216 15 346
47 0 230 1 347
106 0 249 1 348
79 0 227 2 349
8 0 189 15 350
72 0 206 1 351
80 0 204 2 352
45 0 182 1 353
81 0 188 1 354
63 0 174 1 355
58 0 167 2 356
8 0 149 15 357
52 0 152 2 358
26 0 142 1 359
