360
101 0 362 15 0
131 0 361 1 1
138 0 353 15 2
137 0 369 1 3
148 0 347 1 4
143 0 380 1 5
134 0 311 1 6
151 0 339 15 7
152 0 230 2 8
142 0 242 2 9
142 0 254 2 10
142 0 272 1 11
152 0 289 1 12
139 0 298 1 13
125 0 363 15 14
152 0 354 15 15
148 0 366 15 16
151 0 342 15 17
153 0 384 1 18
158 0 322 1 19
157 0 244 2 20
161 0 257 1 21
141 0 260 1 22
160 0 291 1 23
159 0 299 1 24
141 0 302 2 25
130 0 310 15 26
162 0 224 1 27
142 0 252 2 28
148 0 266 1 29
160 0 304 15 30
155 0 313 1 31
162 0 238 2 32
152 0 248 1 33
159 0 293 1 34
156 0 362 15 35
161 0 382 1 36
169 0 212 1 37
168 0 325 15 38
163 0 377 15 39
199 7 209 15 40
200 -8 351 15 41
203 7 315 15 42
204 6 203 15 43
209 -9 366 15 44
168 0 18 1 45
175 0 28 1 46
163 0 44 2 47
169 0 61 1 48
190 0 71 14 49
192 0 82 14 50
170 0 96 1 51
159 0 109 2 52
183 0 121 1 53
184 0 136 1 54
185 0 152 1 55
209 6 167 15 56
208 -6 181 15 57
209 -7 196 15 58
210 8 358 15 59
208 -7 316 15 60
213 8 338 15 61
211 -7 353 15 62
179 0 8 1 63
211 -6 208 15 64
209 -4 226 15 65
209 4 247 15 66
211 6 261 15 67
210 -6 282 15 68
213 -7 301 15 69
215 -8 321 15 70
218 -7 141 15 71
218 9 363 15 72
199 0 55 14 73
162 0 0 15 74
216 5 174 15 75
216 7 323 15 76
219 7 359 15 77
204 0 74 14 78
216 6 309 15 79
222 -9 344 15 80
169 0 25 15 81
187 0 27 1 82
205 0 28 14 83
204 0 33 14 84
205 0 39 14 85
223 9 350 15 86
219 -4 208 15 87
177 0 -8 15 88
223 -6 141 15 89
210 0 58 14 90
186 0 24 1 91
211 0 24 14 92
209 0 29 14 93
209 0 35 14 94
211 0 39 14 95
223 -6 324 15 96
177 0 -15 15 97
226 -4 173 15 98
230 7 365 15 99
229 -6 348 15 100
176 0 26 15 101
217 0 24 14 102
194 0 33 1 103
217 0 36 14 104
231 8 305 15 105
219 0 40 14 106
218 0 73 14 107
233 5 140 15 108
241 0 -17 14 109
249 0 25 14 110
236 0 27 14 111
240 0 34 14 112
235 0 38 14 113
228 0 41 14 114
223 0 55 14 115
231 4 208 15 116
233 6 325 15 117
243 8 363 15 118
260 0 -15 14 119
234 0 41 14 120
244 9 344 15 121
242 0 22 14 122
265 0 32 15 123
232 0 30 14 124
244 0 38 14 125
227 0 72 14 126
240 4 141 15 127
237 3 175 15 128
246 9 306 15 129
248 0 -13 14 130
237 0 56 14 131
246 -7 352 15 132
241 0 20 14 133
238 0 25 14 134
241 0 31 14 135
246 0 37 14 136
245 0 41 14 137
251 9 320 15 138
253 -8 355 15 139
247 -4 141 15 140
243 2 209 15 141
255 8 344 15 142
257 8 364 15 143
262 0 -4 14 144
244 0 20 14 145
247 0 25 14 146
255 0 32 14 147
256 0 37 14 148
252 0 42 14 149
254 4 84 15 150
248 -5 312 15 151
249 -1 174 15 152
249 2 228 15 153
249 -1 240 15 154
250 -3 252 15 155
250 4 264 15 156
267 0 3 14 157
250 -2 214 15 158
252 -5 274 15 159
251 -4 289 15 160
252 4 302 15 161
253 -3 315 15 162
260 -9 321 15 163
255 4 339 15 164
256 -5 351 15 165
257 5 358 15 166
251 0 58 14 167
265 7 358 15 168
256 -2 140 15 169
253 -2 204 15 170
265 -7 367 15 171
251 0 72 14 172
259 -4 323 15 173
264 0 10 14 174
263 3 102 15 175
264 6 116 15 176
262 1 128 15 177
261 0 141 15 178
259 2 158 15 179
259 0 172 15 180
257 1 186 15 181
257 0 200 15 182
255 0 76 14 183
283 0 36 14 184
259 0 43 14 185
260 0 56 14 186
258 0 66 14 187
267 -5 358 15 188
272 6 367 15 189
259 0 17 14 190
274 -8 317 15 191
267 0 210 15 192
280 5 372 15 193
278 3 358 15 194
286 -7 318 15 195
274 0 219 15 196
289 8 306 15 197
277 -2 261 15 198
278 2 273 15 199
288 -8 286 15 200
281 2 305 15 201
278 0 240 15 202
278 1 250 15 203
294 -6 317 15 204
285 -1 333 15 205
293 -6 338 15 206
288 -4 351 15 207
293 5 369 15 208
289 -9 250 15 209
293 -8 291 15 210
284 -1 311 15 211
294 7 310 15 212
296 4 357 15 213
281 0 267 15 214
288 7 230 15 215
289 -8 239 15 216
296 3 365 15 217
285 -1 274 15 218
297 7 276 15 219
299 6 329 15 220
295 -7 225 15 221
296 8 251 15 222
288 0 293 15 223
300 -6 295 15 224
301 6 311 15 225
295 8 237 15 226
300 -3 370 15 227
298 1 341 15 228
300 -2 362 15 229
312 -4 342 15 230
314 3 359 15 231
318 -3 350 15 232
335 0 351 15 233
89 0 -39 1 234
92 0 -38 15 235
126 0 -40 15 236
114 0 -38 1 237
144 0 -40 15 238
132 0 -37 1 239
164 0 -40 15 240
151 0 -36 1 241
182 0 -40 15 242
160 0 -33 15 243
199 0 -40 15 244
209 0 -40 15 245
219 0 -40 15 246
228 0 -40 15 247
261 0 -31 14 248
266 0 -32 14 249
276 0 -32 14 250
289 0 -31 14 251
298 0 -32 14 252
307 0 -32 14 253
292 0 -40 15 254
302 0 -40 15 255
335 0 -37 15 256
320 0 -40 15 257
350 0 -39 15 258
352 0 -26 15 259
352 0 -16 15 260
352 0 -6 15 261
348 0 1 14 262
352 0 12 15 263
339 0 16 14 264
337 0 24 14 265
331 0 31 14 266
331 0 40 14 267
336 0 50 14 268
336 0 59 14 269
330 0 66 14 270
331 0 75 14 271
331 0 84 14 272
352 0 95 15 273
352 0 107 15 274
352 0 119 15 275
336 -3 127 15 276
334 -5 135 15 277
332 -4 142 15 278
331 0 148 15 279
331 -2 157 15 280
333 5 166 15 281
335 5 174 15 282
332 7 182 15 283
335 7 191 15 284
334 -7 199 15 285
337 6 207 15 286
336 -6 215 15 287
338 -5 223 15 288
338 5 231 15 289
337 6 241 15 290
339 5 249 15 291
339 -5 257 15 292
340 3 266 15 293
340 -2 275 15 294
339 -4 283 15 295
339 4 291 15 296
340 -2 301 15 297
331 0 315 15 298
339 2 317 15 299
339 -1 326 15 300
336 1 337 15 301
337 -1 344 15 302
352 0 346 15 303
352 0 358 15 304
352 0 370 15 305
352 0 385 15 306
352 0 397 15 307
346 0 401 15 308
334 0 401 15 309
324 0 401 15 310
314 0 401 15 311
299 0 401 15 312
307 0 392 15 313
284 -5 383 15 314
274 -5 384 15 315
266 -6 382 15 316
257 -6 384 15 317
249 -7 382 15 318
239 -7 384 15 319
231 7 383 15 320
223 -8 382 15 321
217 -9 380 15 322
207 -8 381 15 323
171 0 401 15 324
155 0 401 15 325
138 0 401 15 326
128 0 401 15 327
116 0 401 15 328
106 0 401 15 329
96 0 401 15 330
87 0 399 15 331
108 0 395 1 332
84 0 383 15 333
103 0 376 1 334
84 0 361 15 335
106 0 357 15 336
102 0 346 1 337
84 0 328 15 338
107 0 329 15 339
84 0 308 15 340
106 0 311 1 341
110 0 304 15 342
110 0 295 15 343
96 0 279 2 344
110 0 278 15 345
84 0 255 15 346
94 0 252 1 347
110 0 250 1 348
103 0 238 2 349
84 0 221 15 350
101 0 219 1 351
103 0 212 2 352
93 0 200 1 353
103 0 195 1 354
98 0 184 1 355
97 0 177 2 356
84 0 165 15 357
95 0 159 2 358
89 0 150 1 359
