360
87 0 357 15 0
130 0 360 1 1
135 0 352 15 2
134 0 368 1 3
146 0 346 1 4
138 0 379 1 5
123 0 305 1 6
148 0 337 15 7
149 0 229 2 8
135 0 239 2 9
134 0 251 2 10
135 0 268 1 11
150 0 287 1 12
130 0 293 1 13
109 0 357 15 14
148 0 352 15 15
142 0 363 15 16
146 0 339 15 17
149 0 383 1 18
157 0 320 1 19
154 0 243 2 20
159 0 256 1 21
131 0 255 1 22
159 0 290 1 23
157 0 298 1 24
130 0 296 2 25
114 0 300 15 26
161 0 223 1 27
131 0 247 2 28
139 0 262 1 29
157 0 303 15 30
150 0 310 1 31
159 0 237 2 32
145 0 245 1 33
154 0 291 1 34
149 0 359 15 35
157 0 380 1 36
167 0 210 1 37
165 0 323 15 38
156 0 374 15 39
207 11 209 15 40
208 -12 343 15 41
210 11 308 15 42
211 8 203 15 43
218 -13 357 15 44
157 0 20 1 45
168 0 29 1 46
150 0 46 2 47
160 0 62 1 48
189 0 71 14 49
192 0 81 14 50
160 0 96 1 51
144 0 109 2 52
178 0 121 1 53
180 0 136 1 54
181 0 152 1 55
217 10 169 15 56
215 -8 182 15 57
217 -11 196 15 58
218 12 350 15 59
215 -11 309 15 60
220 12 330 15 61
219 -11 346 15 62
170 0 9 1 63
218 -9 207 15 64
215 -6 226 15 65
215 6 245 15 66
217 9 258 15 67
216 -8 278 15 68
220 -11 295 15 69
221 -12 314 15 70
226 -10 144 15 71
226 13 355 15 72
198 0 55 14 73
143 0 3 15 74
222 8 175 15 75
222 11 317 15 76
225 10 352 15 77
203 0 74 14 78
221 8 304 15 79
230 -13 335 15 80
152 0 28 15 81
177 0 28 1 82
205 0 28 14 83
203 0 34 14 84
205 0 40 14 85
231 13 341 15 86
223 -6 207 15 87
162 0 -6 15 88
231 -9 143 15 89
210 0 60 14 90
174 0 26 1 91
211 0 24 14 92
207 0 29 14 93
207 0 36 14 94
211 0 40 14 95
229 -10 318 15 96
160 0 -12 15 97
231 -6 174 15 98
237 11 358 15 99
235 -9 342 15 100
156 0 30 15 101
217 0 24 14 102
183 0 35 1 103
217 0 37 14 104
238 12 298 15 105
219 0 41 14 106
218 0 73 14 107
239 8 143 15 108
252 0 -13 14 109
262 0 28 14 110
242 0 28 14 111
248 0 36 14 112
241 0 41 14 113
231 0 43 14 114
223 0 55 14 115
236 6 208 15 116
238 9 320 15 117
251 12 355 15 118
275 0 -10 14 119
236 0 42 14 120
252 13 336 15 121
249 0 23 14 122
282 0 36 15 123
233 0 30 14 124
251 0 40 14 125
227 0 72 14 126
245 6 143 15 127
242 5 176 15 128
253 13 299 15 129
255 0 -11 14 130
238 0 57 14 131
252 -10 346 15 132
244 0 20 14 133
239 0 25 14 134
244 0 32 14 135
251 0 38 14 136
250 0 43 14 137
259 13 313 15 138
261 -12 347 15 139
252 -6 143 15 140
246 3 209 15 141
263 12 337 15 142
265 11 356 15 143
272 0 -1 14 144
245 0 20 14 145
249 0 26 14 146
261 0 34 14 147
264 0 39 14 148
257 0 44 14 149
261 6 90 15 150
252 -8 308 15 151
252 -2 174 15 152
251 3 227 15 153
251 -2 239 15 154
252 -5 250 15 155
252 6 262 15 156
277 0 7 14 157
252 -3 214 15 158
254 -8 272 15 159
254 -6 286 15 160
255 6 299 15 161
256 -5 312 15 162
267 -13 314 15 163
260 6 335 15 164
261 -7 346 15 165
263 7 353 15 166
254 0 59 14 167
273 11 350 15 168
260 -3 142 15 169
255 -3 203 15 170
274 -11 359 15 171
251 0 73 14 172
263 -6 320 15 173
269 0 12 14 174
268 5 107 15 175
270 9 120 15 176
266 2 131 15 177
265 0 142 15 178
263 3 159 15 179
262 0 172 15 180
260 2 186 15 181
259 0 199 15 182
255 0 76 14 183
296 0 39 14 184
260 0 44 14 185
263 0 57 14 186
259 0 67 14 187
272 -7 353 15 188
280 10 360 15 189
260 0 17 14 190
281 -12 311 15 191
268 0 209 15 192
287 7 366 15 193
283 5 354 15 194
293 -11 312 15 195
274 0 220 15 196
295 12 300 15 197
278 -3 260 15 198
279 3 272 15 199
294 -12 281 15 200
282 4 304 15 201
278 0 240 15 202
278 2 249 15 203
301 -9 311 15 204
288 -2 330 15 205
301 -8 332 15 206
293 -6 347 15 207
300 7 362 15 208
293 -13 247 15 209
300 -11 285 15 210
287 -1 310 15 211
301 11 304 15 212
304 6 350 15 213
282 0 267 15 214
292 11 228 15 215
292 -12 237 15 216
302 5 360 15 217
286 -2 273 15 218
303 11 271 15 219
306 9 324 15 220
299 -11 222 15 221
301 12 247 15 222
289 0 292 15 223
307 -10 290 15 224
308 8 306 15 225
299 12 234 15 226
306 -4 364 15 227
302 2 338 15 228
305 -4 357 15 229
319 -6 335 15 230
320 4 353 15 231
324 -5 344 15 232
347 0 341 15 233
78 0 -38 1 234
78 0 -37 15 235
124 0 -40 15 236
103 0 -37 1 237
142 0 -40 15 238
121 0 -36 1 239
163 0 -40 15 240
140 0 -34 1 241
181 0 -40 15 242
144 0 -30 15 243
198 0 -40 15 244
209 0 -40 15 245
219 0 -40 15 246
229 0 -40 15 247
272 0 -26 14 248
276 0 -28 14 249
286 0 -28 14 250
301 0 -27 14 251
310 0 -28 14 252
319 0 -28 14 253
293 0 -40 15 254
303 0 -40 15 255
347 0 -35 15 256
321 0 -40 15 257
362 0 -38 15 258
363 0 -23 15 259
363 0 -12 15 260
363 0 -2 15 261
357 0 4 14 262
363 0 16 15 263
344 0 17 14 264
341 0 26 14 265
333 0 31 14 266
332 0 40 14 267
339 0 51 14 268
340 0 60 14 269
330 0 66 14 270
332 0 75 14 271
332 0 84 14 272
363 0 95 15 273
363 0 109 15 274
363 0 123 15 275
340 -5 130 15 276
337 -7 137 15 277
334 -6 143 15 278
332 0 149 15 279
332 -4 157 15 280
335 7 166 15 281
338 7 174 15 282
334 10 182 15 283
337 10 190 15 284
337 -11 199 15 285
340 9 206 15 286
340 -10 214 15 287
342 -7 222 15 288
343 7 229 15 289
341 10 239 15 290
344 8 247 15 291
344 -7 254 15 292
345 5 263 15 293
346 -3 272 15 294
344 -6 280 15 295
345 6 288 15 296
345 -3 297 15 297
332 0 314 15 298
344 3 313 15 299
344 -2 322 15 300
339 1 334 15 301
342 -1 339 15 302
363 0 338 15 303
363 0 352 15 304
363 0 366 15 305
363 0 383 15 306
363 0 397 15 307
358 0 401 15 308
344 0 401 15 309
333 0 401 15 310
323 0 401 15 311
306 0 401 15 312
321 0 389 15 313
291 -8 375 15 314
282 -7 377 15 315
274 -10 374 15 316
264 -9 377 15 317
257 -11 374 15 318
247 -10 376 15 319
240 11 375 15 320
232 -12 373 15 321
226 -13 370 15 322
215 -12 372 15 323
168 0 401 15 324
148 0 401 15 325
127 0 401 15 326
117 0 401 15 327
103 0 401 15 328
93 0 401 15 329
82 0 401 15 330
74 0 399 15 331
107 0 395 1 332
71 0 381 15 333
98 0 375 1 334
71 0 357 15 335
103 0 356 15 336
98 0 343 1 337
71 0 322 15 338
105 0 328 15 339
71 0 301 15 340
104 0 309 1 341
110 0 304 15 342
109 0 294 15 343
89 0 275 2 344
110 0 277 15 345
71 0 248 15 346
86 0 248 1 347
109 0 250 1 348
98 0 236 2 349
71 0 216 15 350
96 0 217 1 351
99 0 211 2 352
85 0 197 1 353
100 0 193 1 354
92 0 182 1 355
90 0 175 2 356
71 0 162 15 357
88 0 158 2 358
78 0 149 1 359
