360
57 0 347 15 0
127 0 359 1 1
130 0 349 15 2
126 0 365 1 3
142 0 344 1 4
127 0 376 1 5
100 0 292 1 6
142 0 334 15 7
144 0 226 2 8
120 0 232 2 9
119 0 244 2 10
120 0 261 1 11
144 0 284 1 12
112 0 283 1 13
76 0 344 15 14
139 0 346 15 15
131 0 357 15 16
135 0 332 15 17
141 0 381 1 18
153 0 318 1 19
148 0 240 2 20
156 0 255 1 21
110 0 245 1 22
155 0 288 1 23
153 0 296 1 24
108 0 283 2 25
80 0 281 15 26
158 0 222 1 27
107 0 237 2 28
121 0 254 1 29
150 0 299 15 30
138 0 304 1 31
154 0 234 2 32
131 0 239 1 33
144 0 287 1 34
135 0 351 15 35
147 0 377 1 36
163 0 207 1 37
158 0 319 15 38
140 0 368 15 39
223 18 208 15 40
225 -21 326 15 41
225 19 294 15 42
224 14 203 15 43
236 -22 338 15 44
135 0 23 1 45
153 0 32 1 46
123 0 51 2 47
139 0 64 1 48
189 0 72 14 49
192 0 81 14 50
138 0 96 1 51
112 0 109 2 52
168 0 120 1 53
172 0 136 1 54
174 0 154 1 55
232 16 172 15 56
229 -14 183 15 57
233 -18 196 15 58
233 20 333 15 59
229 -18 296 15 60
236 21 313 15 61
234 -19 331 15 62
151 0 12 1 63
230 -15 207 15 64
225 -10 224 15 65
225 11 241 15 66
229 15 252 15 67
228 -14 269 15 68
234 -19 282 15 69
238 -21 299 15 70
244 -17 151 15 71
243 21 338 15 72
196 0 54 14 73
105 0 9 15 74
235 13 177 15 75
235 18 305 15 76
239 17 338 15 77
202 0 75 14 78
233 14 293 15 79
248 -22 317 15 80
115 0 35 15 81
158 0 32 1 82
204 0 28 14 83
201 0 34 14 84
203 0 42 14 85
249 22 323 15 86
234 -11 206 15 87
131 0 0 15 88
246 -15 149 15 89
209 0 63 14 90
149 0 30 1 91
210 0 24 14 92
205 0 29 14 93
204 0 37 14 94
210 0 42 14 95
241 -16 306 15 96
125 0 -6 15 97
242 -10 175 15 98
253 19 343 15 99
248 -16 330 15 100
116 0 37 15 101
217 0 24 14 102
159 0 38 1 103
216 0 39 14 104
252 21 284 15 105
219 0 43 14 106
218 0 74 14 107
253 14 148 15 108
273 0 -5 14 109
288 0 34 14 110
256 0 31 14 111
264 0 40 14 112
254 0 45 14 113
237 0 46 14 114
223 0 56 14 115
244 10 207 15 116
248 15 310 15 117
268 21 339 15 118
306 0 1 14 119
242 0 44 14 120
269 22 320 15 121
262 0 25 14 122
318 0 44 15 123
236 0 31 14 124
266 0 44 14 125
226 0 72 14 126
256 10 148 15 127
250 9 178 15 128
268 22 285 15 129
270 0 -5 14 130
242 0 59 14 131
265 -17 334 15 132
250 0 21 14 133
242 0 25 14 134
251 0 34 14 135
262 0 41 14 136
261 0 46 14 137
275 22 298 15 138
278 -21 332 15 139
263 -10 148 15 140
252 5 208 15 141
280 21 321 15 142
281 19 341 15 143
293 0 6 14 144
248 0 20 14 145
255 0 27 14 146
275 0 37 14 147
279 0 43 14 148
268 0 47 14 149
275 11 102 15 150
260 -14 300 15 151
260 -4 175 15 152
256 6 226 15 153
255 -4 237 15 154
257 -9 247 15 155
258 10 258 15 156
298 0 14 14 157
257 -5 213 15 158
260 -13 266 15 159
260 -10 281 15 160
261 10 292 15 161
263 -8 306 15 162
282 -22 301 15 163
269 11 327 15 164
272 -12 336 15 165
274 12 343 15 166
259 0 62 14 167
291 19 333 15 168
269 -5 146 15 169
261 -6 202 15 170
291 -18 342 15 171
251 0 73 14 172
271 -11 313 15 173
280 0 15 14 174
278 8 116 15 175
281 16 129 15 176
275 4 136 15 177
273 0 146 15 178
269 5 161 15 179
267 0 173 15 180
265 4 187 15 181
264 -1 198 15 182
257 0 76 14 183
323 0 45 14 184
263 0 45 14 185
267 0 60 14 186
262 0 68 14 187
284 -12 343 15 188
297 16 345 15 189
263 0 18 14 190
296 -21 299 15 191
270 0 209 15 192
301 13 352 15 193
294 9 344 15 194
308 -19 300 15 195
275 1 220 15 196
308 21 287 15 197
278 -5 258 15 198
280 5 270 15 199
306 -21 270 15 200
286 7 300 15 201
278 0 241 15 202
278 4 248 15 203
317 -15 299 15 204
295 -3 325 15 205
316 -14 320 15 206
304 -10 338 15 207
315 12 347 15 208
302 -21 240 15 209
313 -19 274 15 210
291 -2 307 15 211
315 18 292 15 212
320 11 335 15 213
282 0 266 15 214
298 19 222 15 215
299 -20 231 15 216
314 8 348 15 217
286 -4 272 15 218
316 19 261 15 219
321 15 312 15 220
308 -19 217 15 221
311 20 240 15 222
292 1 291 15 223
321 -16 279 15 224
323 14 295 15 225
307 20 228 15 226
319 -8 351 15 227
310 4 332 15 228
316 -6 347 15 229
333 -10 322 15 230
333 7 341 15 231
336 -9 332 15 232
373 0 319 15 233
56 0 -36 1 234
50 0 -35 15 235
120 0 -41 15 236
79 0 -35 1 237
138 0 -41 15 238
98 0 -33 1 239
161 0 -41 15 240
117 0 -31 1 241
179 0 -41 15 242
112 0 -24 15 243
196 0 -41 15 244
208 0 -41 15 245
219 0 -41 15 246
230 0 -41 15 247
295 0 -17 14 248
297 0 -20 14 249
306 0 -19 14 250
325 0 -19 14 251
334 0 -19 14 252
344 0 -20 14 253
294 0 -41 15 254
306 0 -41 15 255
373 0 -31 15 256
323 0 -41 15 257
385 0 -37 15 258
386 0 -16 15 259
386 0 -4 15 260
386 0 7 15 261
376 0 11 14 262
386 0 25 15 263
355 0 21 14 264
349 0 29 14 265
335 0 32 14 266
335 0 41 14 267
346 0 52 14 268
347 0 62 14 269
331 0 66 14 270
335 0 75 14 271
335 0 84 14 272
386 0 97 15 273
386 0 114 15 274
386 0 131 15 275
347 -9 137 15 276
342 -12 143 15 277
337 -11 147 15 278
334 -1 150 15 279
334 -7 157 15 280
340 12 167 15 281
345 12 174 15 282
338 17 182 15 283
343 17 190 15 284
343 -18 198 15 285
348 15 204 15 286
348 -16 211 15 287
352 -13 218 15 288
352 12 225 15 289
350 16 235 15 290
354 13 243 15 291
354 -12 249 15 292
356 9 257 15 293
357 -6 266 15 294
355 -11 273 15 295
355 10 280 15 296
356 -5 290 15 297
335 0 311 15 298
355 6 305 15 299
354 -4 313 15 300
346 3 327 15 301
350 -3 330 15 302
386 0 323 15 303
386 0 340 15 304
386 0 356 15 305
386 0 379 15 306
386 0 396 15 307
381 0 402 15 308
365 0 402 15 309
353 0 402 15 310
342 0 402 15 311
319 0 402 15 312
351 0 381 15 313
307 -13 358 15 314
297 -12 362 15 315
291 -16 357 15 316
280 -15 361 15 317
274 -19 356 15 318
263 -17 360 15 319
257 18 358 15 320
250 -20 355 15 321
246 -22 350 15 322
233 -20 353 15 323
161 0 402 15 324
133 0 402 15 325
105 0 402 15 326
94 0 402 15 327
77 0 402 15 328
65 0 402 15 329
54 0 402 15 330
46 0 398 15 331
103 0 395 1 332
44 0 378 15 333
90 0 374 1 334
44 0 350 15 335
97 0 354 15 336
89 0 339 1 337
44 0 310 15 338
101 0 325 15 339
44 0 287 15 340
98 0 306 1 341
109 0 304 15 342
107 0 293 15 343
75 0 267 2 344
109 0 277 15 345
44 0 234 15 346
69 0 240 1 347
108 0 250 1 348
90 0 232 2 349
44 0 204 15 350
86 0 212 1 351
91 0 208 2 352
67 0 190 1 353
92 0 191 1 354
79 0 179 1 355
76 0 172 2 356
44 0 157 15 357
72 0 155 2 358
55 0 146 1 359
