360
68 0 351 15 0
128 0 359 1 1
132 0 350 15 2
129 0 366 1 3
144 0 345 1 4
131 0 377 1 5
109 0 297 1 6
144 0 335 15 7
146 0 227 2 8
126 0 235 2 9
124 0 246 2 10
126 0 264 1 11
146 0 285 1 12
119 0 287 1 13
88 0 349 15 14
142 0 348 15 15
135 0 360 15 16
139 0 335 15 17
144 0 382 1 18
154 0 319 1 19
150 0 241 2 20
158 0 255 1 21
118 0 249 1 22
156 0 289 1 23
155 0 297 1 24
116 0 288 2 25
92 0 288 15 26
159 0 222 1 27
116 0 241 2 28
127 0 257 1 29
153 0 301 15 30
143 0 306 1 31
156 0 235 2 32
136 0 241 1 33
148 0 288 1 34
140 0 354 15 35
150 0 378 1 36
164 0 208 1 37
160 0 320 15 38
146 0 370 15 39
218 15 208 15 40
220 -17 332 15 41
220 16 300 15 42
220 12 203 15 43
229 -19 345 15 44
143 0 22 1 45
158 0 31 1 46
133 0 49 2 47
147 0 63 1 48
189 0 71 14 49
192 0 81 14 50
146 0 96 1 51
124 0 109 2 52
172 0 120 1 53
175 0 136 1 54
177 0 153 1 55
226 14 171 15 56
224 -12 182 15 57
227 -15 196 15 58
227 17 339 15 59
224 -15 301 15 60
230 18 319 15 61
228 -16 336 15 62
158 0 11 1 63
225 -13 207 15 64
221 -8 224 15 65
221 9 242 15 66
224 13 254 15 67
223 -12 272 15 68
228 -16 287 15 69
232 -18 304 15 70
237 -15 148 15 71
237 18 344 15 72
197 0 54 14 73
119 0 7 15 74
230 11 176 15 75
230 15 309 15 76
234 15 343 15 77
203 0 75 14 78
228 12 297 15 79
241 -19 324 15 80
129 0 32 15 81
165 0 30 1 82
204 0 28 14 83
202 0 34 14 84
204 0 41 14 85
242 19 330 15 86
230 -9 206 15 87
143 0 -2 15 88
240 -12 147 15 89
209 0 62 14 90
158 0 29 1 91
210 0 24 14 92
206 0 29 14 93
206 0 37 14 94
210 0 41 14 95
236 -14 311 15 96
138 0 -9 15 97
238 -8 175 15 98
247 16 348 15 99
243 -14 335 15 100
131 0 34 15 101
217 0 24 14 102
168 0 37 1 103
216 0 38 14 104
247 17 289 15 105
219 0 42 14 106
218 0 73 14 107
248 12 146 15 108
265 0 -8 14 109
278 0 32 14 110
251 0 30 14 111
258 0 39 14 112
249 0 43 14 113
235 0 45 14 114
223 0 56 14 115
241 8 207 15 116
245 12 314 15 117
262 18 345 15 118
294 0 -3 14 119
240 0 43 14 120
263 19 326 15 121
257 0 24 14 122
305 0 41 15 123
235 0 31 14 124
260 0 43 14 125
226 0 72 14 126
252 8 147 15 127
247 7 177 15 128
262 19 291 15 129
264 0 -7 14 130
241 0 58 14 131
260 -15 338 15 132
248 0 21 14 133
241 0 25 14 134
248 0 33 14 135
258 0 40 14 136
257 0 45 14 137
269 19 304 15 138
272 -17 338 15 139
259 -9 146 15 140
249 4 208 15 141
274 18 327 15 142
275 16 347 15 143
285 0 4 14 144
247 0 20 14 145
253 0 27 14 146
270 0 36 14 147
273 0 42 14 148
264 0 46 14 149
269 9 98 15 150
257 -12 303 15 151
257 -4 175 15 152
254 5 227 15 153
254 -3 238 15 154
255 -7 249 15 155
256 8 260 15 156
290 0 11 14 157
255 -4 214 15 158
258 -11 268 15 159
258 -8 283 15 160
258 9 295 15 161
260 -7 308 15 162
276 -19 306 15 163
265 9 330 15 164
268 -10 340 15 165
270 10 347 15 166
257 0 61 14 167
284 16 339 15 168
266 -4 145 15 169
259 -5 202 15 170
285 -15 349 15 171
251 0 73 14 172
268 -9 316 15 173
276 0 14 14 174
274 7 112 15 175
277 14 126 15 176
271 3 134 15 177
270 0 145 15 178
267 4 160 15 179
265 0 173 15 180
263 3 187 15 181
262 0 198 15 182
256 0 76 14 183
313 0 43 14 184
262 0 44 14 185
266 0 59 14 186
261 0 68 14 187
280 -10 347 15 188
290 14 350 15 189
262 0 18 14 190
291 -18 303 15 191
269 0 209 15 192
295 11 357 15 193
290 8 348 15 194
303 -16 304 15 195
275 0 220 15 196
303 17 292 15 197
278 -4 259 15 198
279 4 270 15 199
301 -18 274 15 200
285 5 302 15 201
278 0 241 15 202
278 4 248 15 203
311 -13 304 15 204
293 -3 327 15 205
310 -12 324 15 206
300 -8 341 15 207
309 10 353 15 208
299 -18 243 15 209
308 -16 279 15 210
290 -2 308 15 211
310 15 297 15 212
314 9 340 15 213
282 0 266 15 214
296 16 224 15 215
296 -17 233 15 216
310 7 352 15 217
286 -3 273 15 218
311 16 264 15 219
315 13 316 15 220
305 -16 219 15 221
307 17 243 15 222
291 1 292 15 223
316 -14 283 15 224
318 12 299 15 225
304 17 230 15 226
315 -6 355 15 227
307 3 334 15 228
312 -5 350 15 229
328 -8 327 15 230
328 6 345 15 231
332 -7 336 15 232
363 0 327 15 233
64 0 -37 1 234
60 0 -36 15 235
122 0 -41 15 236
88 0 -36 1 237
139 0 -41 15 238
107 0 -34 1 239
162 0 -41 15 240
125 0 -32 1 241
179 0 -41 15 242
124 0 -26 15 243
197 0 -41 15 244
208 0 -41 15 245
219 0 -41 15 246
230 0 -41 15 247
286 0 -20 14 248
289 0 -23 14 249
298 0 -23 14 250
316 0 -22 14 251
325 0 -23 14 252
334 0 -23 14 253
294 0 -41 15 254
305 0 -41 15 255
363 0 -33 15 256
323 0 -41 15 257
376 0 -37 15 258
378 0 -19 15 259
378 0 -7 15 260
378 0 4 15 261
369 0 9 14 262
378 0 21 15 263
351 0 19 14 264
346 0 28 14 265
334 0 31 14 266
334 0 40 14 267
343 0 52 14 268
345 0 61 14 269
331 0 66 14 270
334 0 75 14 271
334 0 84 14 272
378 0 96 15 273
378 0 112 15 274
378 0 128 15 275
344 -8 135 15 276
340 -10 141 15 277
336 -9 146 15 278
333 -1 150 15 279
333 -5 157 15 280
338 10 166 15 281
342 10 174 15 282
337 15 182 15 283
341 14 190 15 284
341 -15 198 15 285
345 13 205 15 286
345 -14 212 15 287
348 -11 219 15 288
349 10 226 15 289
347 14 236 15 290
350 11 244 15 291
350 -10 251 15 292
352 7 259 15 293
353 -5 269 15 294
351 -9 275 15 295
351 8 283 15 296
352 -4 293 15 297
334 0 312 15 298
351 5 308 15 299
350 -3 316 15 300
344 2 329 15 301
347 -2 333 15 302
378 0 329 15 303
378 0 344 15 304
378 0 360 15 305
378 0 380 15 306
378 0 396 15 307
373 0 402 15 308
357 0 402 15 309
346 0 402 15 310
335 0 402 15 311
314 0 402 15 312
340 0 384 15 313
301 -11 364 15 314
291 -10 368 15 315
285 -14 364 15 316
274 -13 367 15 317
268 -16 363 15 318
257 -14 366 15 319
251 15 364 15 320
244 -17 362 15 321
238 -19 358 15 322
226 -17 360 15 323
163 0 402 15 324
138 0 402 15 325
114 0 402 15 326
102 0 402 15 327
87 0 402 15 328
76 0 402 15 329
64 0 402 15 330
57 0 399 15 331
104 0 395 1 332
54 0 379 15 333
93 0 375 1 334
54 0 352 15 335
100 0 355 15 336
93 0 341 1 337
54 0 315 15 338
103 0 326 15 339
54 0 292 15 340
100 0 307 1 341
109 0 304 15 342
108 0 294 15 343
80 0 270 2 344
109 0 277 15 345
54 0 239 15 346
75 0 243 1 347
109 0 250 1 348
93 0 234 2 349
54 0 208 15 350
90 0 214 1 351
94 0 209 2 352
74 0 193 1 353
95 0 192 1 354
84 0 180 1 355
81 0 173 2 356
54 0 159 15 357
78 0 156 2 358
64 0 147 1 359
