360
11 0 332 15 0
122 0 357 1 1
122 0 345 15 2
114 0 361 1 3
136 0 341 1 4
110 0 372 1 5
66 0 271 1 6
133 0 328 15 7
136 0 222 2 8
97 0 222 2 9
95 0 233 2 10
98 0 250 1 11
136 0 278 1 12
84 0 268 1 13
24 0 325 15 14
126 0 338 15 15
112 0 349 15 16
119 0 322 15 17
129 0 379 1 18
147 0 314 1 19
139 0 235 2 20
152 0 253 1 21
76 0 230 1 22
150 0 285 1 23
146 0 292 1 24
73 0 264 2 25
27 0 251 15 26
154 0 220 1 27
71 0 220 2 28
92 0 241 1 29
140 0 294 15 30
121 0 295 1 31
145 0 229 2 32
108 0 230 1 33
129 0 280 1 34
113 0 339 15 35
131 0 371 1 36
156 0 201 1 37
147 0 313 15 38
116 0 358 15 39
249 29 207 15 40
253 -34 299 15 41
250 30 273 15 42
246 24 203 15 43
265 -36 309 15 44
101 0 28 1 45
130 0 36 1 46
81 0 58 2 47
108 0 68 1 48
187 0 73 14 49
191 0 80 14 50
104 0 96 1 51
62 0 108 2 52
153 0 119 1 53
159 0 137 1 54
163 0 156 1 55
258 27 177 15 56
252 -23 185 15 57
258 -29 196 15 58
259 33 307 15 59
251 -29 276 15 60
262 34 287 15 61
258 -31 307 15 62
123 0 16 1 63
251 -25 207 15 64
243 -16 221 15 65
243 18 234 15 66
248 25 242 15 67
247 -24 255 15 68
257 -30 261 15 69
264 -34 275 15 70
272 -28 160 15 71
271 35 311 15 72
194 0 54 14 73
45 0 19 15 74
256 21 180 15 75
256 29 286 15 76
262 28 315 15 77
201 0 76 14 78
251 23 277 15 79
275 -36 290 15 80
59 0 45 15 81
128 0 37 1 82
202 0 28 14 83
198 0 35 14 84
201 0 44 14 85
275 36 296 15 86
251 -18 204 15 87
83 0 8 15 88
270 -24 157 15 89
208 0 68 14 90
110 0 37 1 91
209 0 25 14 92
201 0 29 14 93
200 0 39 14 94
208 0 44 14 95
259 -27 288 15 96
70 0 2 15 97
260 -16 178 15 98
276 31 320 15 99
267 -26 311 15 100
53 0 48 15 101
216 0 24 14 102
124 0 44 1 103
215 0 42 14 104
275 34 262 15 105
220 0 46 14 106
217 0 75 14 107
275 22 156 15 108
306 0 7 14 109
328 0 43 14 110
276 0 36 14 111
290 0 47 14 112
273 0 52 14 113
246 0 51 14 114
223 0 58 14 115
258 16 206 15 116
264 24 295 15 117
293 34 313 15 118
354 0 18 14 119
251 0 48 14 120
294 36 295 15 121
283 0 29 14 122
373 0 57 15 123
241 0 32 14 124
289 0 50 14 125
224 0 71 14 126
273 16 156 15 127
264 14 180 15 128
290 36 264 15 129
292 0 3 14 130
247 0 62 14 131
284 -28 315 15 132
259 0 23 14 133
246 0 26 14 134
261 0 36 14 135
279 0 46 14 136
277 0 52 14 137
300 36 274 15 138
305 -34 308 15 139
279 -17 155 15 140
261 8 207 15 141
307 34 297 15 142
307 32 317 15 143
325 0 18 14 144
253 0 21 14 145
264 0 29 14 146
296 0 42 14 147
302 0 49 14 148
285 0 53 14 149
295 18 121 15 150
272 -22 288 15 151
271 -7 177 15 152
263 10 224 15 153
262 -6 234 15 154
265 -14 243 15 155
266 16 252 15 156
330 0 25 14 157
264 -8 212 15 158
269 -21 258 15 159
269 -16 272 15 160
270 17 282 15 161
273 -13 296 15 162
304 -36 280 15 163
283 18 314 15 164
288 -20 321 15 165
292 19 327 15 166
266 0 66 14 167
318 30 308 15 168
282 -9 152 15 169
269 -10 200 15 170
318 -29 316 15 171
252 0 74 14 172
283 -18 303 15 173
297 0 20 14 174
294 13 130 15 175
299 26 144 15 176
288 7 144 15 177
285 0 151 15 178
280 9 165 15 179
277 0 174 15 180
272 6 187 15 181
271 -1 196 15 182
259 0 76 14 183
365 0 54 14 184
268 0 46 14 185
275 0 65 14 186
265 0 70 14 187
301 -20 327 15 188
322 26 321 15 189
266 0 19 14 190
319 -34 279 15 191
273 0 208 15 192
322 21 332 15 193
310 15 329 15 194
332 -30 281 15 195
276 1 221 15 196
328 34 269 15 197
280 -9 255 15 198
282 9 266 15 199
324 -34 253 15 200
292 11 295 15 201
278 0 241 15 202
279 7 245 15 203
342 -25 281 15 204
306 -5 317 15 205
340 -24 300 15 206
320 -16 325 15 207
337 20 325 15 208
317 -35 231 15 209
333 -32 257 15 210
299 -4 302 15 211
338 29 274 15 212
345 18 312 15 213
283 0 265 15 214
309 31 213 15 215
309 -33 222 15 216
334 13 330 15 217
287 -7 270 15 218
335 31 245 15 219
343 25 294 15 220
322 -31 209 15 221
327 33 229 15 222
296 2 289 15 223
343 -26 261 15 224
346 24 277 15 225
319 33 219 15 226
340 -13 331 15 227
323 6 322 15 228
332 -10 331 15 229
355 -16 302 15 230
352 12 321 15 231
355 -14 313 15 232
412 0 286 15 233
21 0 -34 1 234
6 0 -33 15 235
115 0 -41 15 236
43 0 -32 1 237
132 0 -41 15 238
62 0 -29 1 239
158 0 -41 15 240
81 0 -25 1 241
176 0 -41 15 242
63 0 -14 15 243
193 0 -41 15 244
206 0 -41 15 245
219 0 -41 15 246
231 0 -41 15 247
331 0 -3 14 248
328 0 -8 14 249
338 0 -7 14 250
363 0 -6 14 251
372 0 -7 14 252
382 0 -7 14 253
297 0 -41 15 254
310 0 -41 15 255
412 0 -26 15 256
327 0 -41 15 257
421 0 -35 15 258
422 0 -5 15 259
422 0 8 15 260
422 0 21 15 261
405 0 22 14 262
422 0 38 15 263
371 0 26 14 264
362 0 34 14 265
339 0 33 14 266
339 0 42 14 267
357 0 55 14 268
359 0 64 14 269
333 0 66 14 270
339 0 74 14 271
339 0 83 14 272
422 0 99 15 273
422 0 121 15 274
422 0 143 15 275
359 -15 148 15 276
351 -19 151 15 277
342 -18 152 15 278
338 -2 152 15 279
337 -11 158 15 280
346 20 168 15 281
355 20 175 15 282
344 28 182 15 283
353 28 189 15 284
352 -30 197 15 285
360 25 201 15 286
359 -26 207 15 287
366 -21 212 15 288
367 20 217 15 289
363 27 228 15 290
369 21 236 15 291
370 -20 240 15 292
373 14 247 15 293
375 -10 257 15 294
371 -18 262 15 295
372 16 269 15 296
373 -8 279 15 297
339 -1 308 15 298
371 10 292 15 299
370 -6 300 15 300
357 5 316 15 301
364 -5 316 15 302
422 0 298 15 303
422 0 320 15 304
422 0 342 15 305
422 0 372 15 306
422 0 394 15 307
418 0 404 15 308
397 0 404 15 309
384 0 404 15 310
371 0 404 15 311
340 0 404 15 312
397 0 369 15 313
332 -21 332 15 314
320 -20 338 15 315
316 -27 331 15 316
304 -25 337 15 317
300 -31 329 15 318
287 -28 335 15 319
284 30 332 15 320
279 -33 327 15 321
277 -36 319 15 322
262 -33 325 15 323
150 0 404 15 324
110 0 404 15 325
71 0 404 15 326
58 0 404 15 327
36 0 404 15 328
23 0 404 15 329
10 0 404 15 330
4 0 398 15 331
98 0 394 1 332
2 0 373 15 333
76 0 373 1 334
2 0 339 15 335
89 0 351 15 336
76 0 332 1 337
2 0 291 15 338
94 0 321 15 339
2 0 265 15 340
90 0 300 1 341
107 0 303 15 342
104 0 292 15 343
52 0 255 2 344
107 0 276 15 345
2 0 212 15 346
42 0 228 1 347
106 0 249 1 348
76 0 226 2 349
2 0 186 15 350
70 0 205 1 351
79 0 203 2 352
40 0 180 1 353
80 0 187 1 354
59 0 173 1 355
54 0 166 2 356
2 0 148 15 357
48 0 151 2 358
21 0 141 1 359
