360
65 0 350 15 0
128 0 359 1 1
131 0 350 15 2
128 0 366 1 3
143 0 344 1 4
130 0 377 1 5
106 0 295 1 6
144 0 334 15 7
145 0 227 2 8
124 0 234 2 9
123 0 246 2 10
124 0 263 1 11
146 0 284 1 12
116 0 285 1 13
84 0 348 15 14
141 0 348 15 15
134 0 359 15 16
138 0 334 15 17
143 0 382 1 18
154 0 319 1 19
150 0 240 2 20
157 0 255 1 21
115 0 247 1 22
156 0 289 1 23
154 0 296 1 24
113 0 286 2 25
88 0 286 15 26
159 0 222 1 27
113 0 239 2 28
125 0 256 1 29
152 0 300 15 30
141 0 305 1 31
155 0 235 2 32
135 0 240 1 33
147 0 288 1 34
139 0 353 15 35
149 0 377 1 36
164 0 208 1 37
159 0 320 15 38
144 0 370 15 39
220 16 208 15 40
221 -18 330 15 41
221 17 298 15 42
221 13 203 15 43
231 -20 343 15 44
141 0 22 1 45
157 0 31 1 46
129 0 49 2 47
144 0 64 1 48
189 0 72 14 49
192 0 81 14 50
143 0 96 1 51
120 0 109 2 52
171 0 120 1 53
174 0 136 1 54
176 0 154 1 55
228 15 171 15 56
225 -13 183 15 57
229 -16 196 15 58
229 18 337 15 59
225 -16 300 15 60
232 19 317 15 61
230 -17 334 15 62
156 0 11 1 63
227 -14 207 15 64
222 -9 224 15 65
223 10 242 15 66
225 14 253 15 67
225 -13 271 15 68
230 -17 285 15 69
234 -19 303 15 70
240 -16 149 15 71
239 19 342 15 72
197 0 54 14 73
115 0 8 15 74
232 12 177 15 75
232 16 308 15 76
236 16 341 15 77
202 0 75 14 78
230 13 296 15 79
243 -20 322 15 80
124 0 33 15 81
163 0 31 1 82
204 0 28 14 83
202 0 34 14 84
204 0 41 14 85
244 20 328 15 86
231 -10 206 15 87
139 0 -2 15 88
242 -13 147 15 89
209 0 62 14 90
155 0 29 1 91
210 0 24 14 92
205 0 29 14 93
205 0 37 14 94
210 0 41 14 95
238 -15 309 15 96
134 0 -8 15 97
240 -9 175 15 98
249 17 347 15 99
244 -14 333 15 100
126 0 35 15 101
217 0 24 14 102
165 0 37 1 103
216 0 39 14 104
249 18 288 15 105
219 0 42 14 106
218 0 74 14 107
250 12 147 15 108
268 0 -7 14 109
281 0 32 14 110
252 0 31 14 111
260 0 39 14 112
251 0 44 14 113
235 0 45 14 114
223 0 56 14 115
242 9 207 15 116
246 13 313 15 117
264 19 343 15 118
298 0 -1 14 119
241 0 44 14 120
265 20 324 15 121
259 0 25 14 122
309 0 42 15 123
235 0 31 14 124
262 0 43 14 125
226 0 72 14 126
253 9 147 15 127
248 8 177 15 128
264 20 289 15 129
266 0 -7 14 130
241 0 58 14 131
262 -15 337 15 132
248 0 21 14 133
241 0 25 14 134
249 0 33 14 135
259 0 41 14 136
258 0 46 14 137
271 20 302 15 138
274 -18 336 15 139
260 -9 146 15 140
250 4 208 15 141
276 19 325 15 142
277 17 345 15 143
287 0 4 14 144
248 0 20 14 145
254 0 27 14 146
271 0 36 14 147
275 0 42 14 148
265 0 46 14 149
271 10 99 15 150
258 -12 302 15 151
258 -4 175 15 152
255 5 226 15 153
254 -3 238 15 154
256 -8 248 15 155
256 9 259 15 156
293 0 12 14 157
256 -4 214 15 158
259 -12 268 15 159
258 -9 282 15 160
259 9 294 15 161
261 -7 308 15 162
278 -20 304 15 163
267 10 329 15 164
269 -11 339 15 165
271 10 345 15 166
257 0 61 14 167
287 17 337 15 168
267 -5 145 15 169
259 -5 202 15 170
287 -16 347 15 171
251 0 73 14 172
269 -10 315 15 173
277 0 14 14 174
276 7 113 15 175
278 14 127 15 176
273 4 135 15 177
271 0 145 15 178
268 5 161 15 179
266 0 173 15 180
263 3 187 15 181
263 0 198 15 182
256 0 76 14 183
317 0 44 14 184
263 0 44 14 185
266 0 59 14 186
261 0 68 14 187
281 -11 346 15 188
292 15 349 15 189
262 0 18 14 190
292 -19 302 15 191
269 0 209 15 192
297 11 356 15 193
291 8 347 15 194
304 -17 303 15 195
275 0 220 15 196
305 18 291 15 197
278 -5 258 15 198
280 5 270 15 199
303 -19 273 15 200
285 6 301 15 201
278 0 241 15 202
278 4 248 15 203
313 -14 302 15 204
293 -3 326 15 205
312 -13 323 15 206
301 -9 340 15 207
311 11 351 15 208
300 -19 242 15 209
309 -17 277 15 210
290 -2 307 15 211
312 16 295 15 212
316 10 339 15 213
282 0 266 15 214
297 17 223 15 215
297 -18 232 15 216
311 7 351 15 217
286 -4 272 15 218
312 17 263 15 219
317 14 315 15 220
306 -17 218 15 221
309 18 242 15 222
291 1 291 15 223
318 -15 281 15 224
319 13 298 15 225
305 18 230 15 226
316 -7 354 15 227
308 3 334 15 228
313 -6 349 15 229
329 -9 326 15 230
330 6 344 15 231
333 -8 335 15 232
366 0 325 15 233
61 0 -37 1 234
57 0 -36 15 235
121 0 -41 15 236
85 0 -36 1 237
139 0 -41 15 238
104 0 -34 1 239
162 0 -41 15 240
123 0 -32 1 241
179 0 -41 15 242
120 0 -26 15 243
197 0 -41 15 244
208 0 -41 15 245
219 0 -41 15 246
230 0 -41 15 247
289 0 -19 14 248
291 0 -22 14 249
301 0 -22 14 250
319 0 -21 14 251
328 0 -22 14 252
337 0 -22 14 253
294 0 -41 15 254
305 0 -41 15 255
366 0 -32 15 256
323 0 -41 15 257
379 0 -37 15 258
380 0 -18 15 259
380 0 -6 15 260
380 0 5 15 261
371 0 10 14 262
380 0 23 15 263
352 0 20 14 264
347 0 28 14 265
335 0 32 14 266
334 0 41 14 267
344 0 52 14 268
345 0 61 14 269
331 0 66 14 270
334 0 75 14 271
334 0 84 14 272
380 0 96 15 273
380 0 112 15 274
380 0 129 15 275
345 -8 136 15 276
341 -10 141 15 277
336 -10 146 15 278
334 -1 150 15 279
333 -6 157 15 280
338 11 167 15 281
343 11 174 15 282
337 15 182 15 283
342 15 190 15 284
341 -16 198 15 285
346 13 205 15 286
346 -14 212 15 287
349 -11 219 15 288
350 11 226 15 289
348 15 236 15 290
351 12 244 15 291
352 -11 250 15 292
353 8 258 15 293
354 -5 268 15 294
352 -10 275 15 295
353 9 282 15 296
353 -4 292 15 297
334 0 312 15 298
352 5 307 15 299
351 -3 315 15 300
344 2 328 15 301
348 -2 332 15 302
380 0 327 15 303
380 0 343 15 304
380 0 359 15 305
380 0 380 15 306
380 0 396 15 307
375 0 402 15 308
359 0 402 15 309
348 0 402 15 310
337 0 402 15 311
316 0 402 15 312
343 0 383 15 313
303 -12 362 15 314
293 -11 366 15 315
287 -15 362 15 316
276 -13 365 15 317
270 -17 361 15 318
259 -15 364 15 319
253 16 362 15 320
246 -18 360 15 321
241 -20 355 15 322
228 -18 358 15 323
162 0 402 15 324
137 0 402 15 325
111 0 402 15 326
100 0 402 15 327
84 0 402 15 328
72 0 402 15 329
61 0 402 15 330
53 0 399 15 331
104 0 395 1 332
50 0 379 15 333
92 0 375 1 334
50 0 352 15 335
99 0 354 15 336
92 0 340 1 337
50 0 313 15 338
102 0 326 15 339
50 0 290 15 340
100 0 306 1 341
109 0 304 15 342
107 0 294 15 343
79 0 269 2 344
109 0 277 15 345
50 0 237 15 346
73 0 242 1 347
108 0 250 1 348
92 0 233 2 349
50 0 207 15 350
88 0 214 1 351
93 0 209 2 352
72 0 192 1 353
94 0 192 1 354
83 0 180 1 355
80 0 172 2 356
50 0 158 15 357
76 0 156 2 358
61 0 147 1 359
