360
33 0 339 15 0
124 0 358 1 1
126 0 347 15 2
119 0 363 1 3
139 0 342 1 4
118 0 374 1 5
82 0 281 1 6
137 0 331 15 7
140 0 224 2 8
108 0 227 2 9
106 0 238 2 10
108 0 256 1 11
140 0 281 1 12
97 0 275 1 13
48 0 334 15 14
132 0 342 15 15
121 0 353 15 16
126 0 327 15 17
135 0 380 1 18
149 0 316 1 19
143 0 237 2 20
154 0 254 1 21
92 0 237 1 22
152 0 286 1 23
150 0 294 1 24
89 0 273 2 25
52 0 265 15 26
156 0 221 1 27
88 0 228 2 28
106 0 247 1 29
145 0 296 15 30
129 0 299 1 31
149 0 231 2 32
119 0 234 1 33
136 0 283 1 34
123 0 345 15 35
138 0 374 1 36
159 0 204 1 37
152 0 316 15 38
127 0 363 15 39
237 24 208 15 40
240 -27 311 15 41
238 25 283 15 42
236 19 203 15 43
251 -29 323 15 44
117 0 26 1 45
141 0 34 1 46
100 0 54 2 47
122 0 66 1 48
188 0 72 14 49
192 0 81 14 50
120 0 96 1 51
85 0 108 2 52
160 0 119 1 53
165 0 137 1 54
168 0 155 1 55
246 22 175 15 56
242 -19 184 15 57
246 -24 196 15 58
247 27 319 15 59
241 -24 286 15 60
250 28 299 15 61
246 -25 318 15 62
136 0 14 1 63
241 -20 207 15 64
235 -13 223 15 65
235 14 237 15 66
239 20 247 15 67
238 -19 261 15 68
246 -25 271 15 69
252 -28 286 15 70
259 -23 156 15 71
258 29 324 15 72
195 0 54 14 73
73 0 14 15 74
246 17 179 15 75
246 24 295 15 76
251 23 326 15 77
202 0 76 14 78
242 19 285 15 79
262 -30 303 15 80
85 0 40 15 81
142 0 35 1 82
203 0 28 14 83
199 0 34 14 84
202 0 43 14 85
263 30 309 15 86
243 -14 205 15 87
106 0 4 15 88
259 -19 153 15 89
209 0 66 14 90
128 0 34 1 91
209 0 25 14 92
203 0 29 14 93
202 0 38 14 94
209 0 43 14 95
250 -22 296 15 96
96 0 -2 15 97
252 -13 177 15 98
265 25 331 15 99
258 -22 320 15 100
82 0 43 15 101
217 0 24 14 102
140 0 41 1 103
216 0 41 14 104
264 27 272 15 105
219 0 45 14 106
218 0 74 14 107
265 18 152 15 108
291 0 1 14 109
309 0 39 14 110
267 0 34 14 111
278 0 44 14 112
264 0 49 14 113
242 0 49 14 114
223 0 57 14 115
251 13 206 15 116
257 19 302 15 117
281 28 325 15 118
332 0 10 14 119
247 0 46 14 120
282 30 307 15 121
273 0 27 14 122
348 0 51 15 123
239 0 32 14 124
278 0 47 14 125
225 0 71 14 126
265 13 152 15 127
258 12 179 15 128
280 29 274 15 129
282 0 -1 14 130
245 0 61 14 131
275 -23 324 15 132
255 0 22 14 133
244 0 26 14 134
256 0 35 14 135
271 0 44 14 136
269 0 49 14 137
288 29 285 15 138
292 -27 319 15 139
272 -14 151 15 140
257 7 207 15 141
295 28 308 15 142
295 26 328 15 143
310 0 12 14 144
251 0 21 14 145
260 0 28 14 146
286 0 40 14 147
291 0 46 14 148
277 0 50 14 149
286 15 112 15 150
266 -18 294 15 151
266 -6 176 15 152
260 8 225 15 153
259 -5 235 15 154
261 -12 245 15 155
262 13 255 15 156
315 0 19 14 157
261 -7 213 15 158
265 -17 262 15 159
264 -13 276 15 160
266 14 287 15 161
268 -11 301 15 162
293 -30 289 15 163
277 14 320 15 164
280 -17 328 15 165
284 16 334 15 166
263 0 64 14 167
306 25 320 15 168
276 -7 150 15 169
265 -8 201 15 170
306 -24 328 15 171
251 0 73 14 172
277 -15 308 15 173
289 0 17 14 174
287 11 123 15 175
291 22 137 15 176
282 5 140 15 177
279 0 149 15 178
275 7 163 15 179
272 0 173 15 180
269 5 187 15 181
267 -1 197 15 182
258 0 76 14 183
346 0 50 14 184
266 0 46 14 185
271 0 63 14 186
264 0 69 14 187
293 -16 335 15 188
310 22 332 15 189
265 0 19 14 190
308 -28 288 15 191
271 0 208 15 192
312 17 341 15 193
302 12 336 15 194
321 -25 290 15 195
275 1 221 15 196
319 27 277 15 197
279 -7 256 15 198
281 7 268 15 199
315 -28 261 15 200
290 9 297 15 201
278 0 241 15 202
279 6 246 15 203
330 -20 290 15 204
301 -4 320 15 205
329 -19 309 15 206
312 -13 331 15 207
327 16 335 15 208
310 -29 235 15 209
324 -26 265 15 210
295 -3 304 15 211
327 24 282 15 212
333 14 323 15 213
283 0 265 15 214
304 25 217 15 215
304 -27 226 15 216
325 11 338 15 217
287 -5 271 15 218
326 25 252 15 219
332 20 302 15 220
316 -25 213 15 221
320 27 234 15 222
294 1 290 15 223
333 -22 269 15 224
336 19 285 15 225
314 27 223 15 226
330 -10 340 15 227
317 5 327 15 228
324 -8 338 15 229
344 -13 312 15 230
343 9 330 15 231
346 -12 322 15 232
394 0 302 15 233
37 0 -35 1 234
26 0 -34 15 235
117 0 -41 15 236
60 0 -33 1 237
135 0 -41 15 238
79 0 -31 1 239
160 0 -41 15 240
98 0 -28 1 241
177 0 -41 15 242
86 0 -19 15 243
195 0 -41 15 244
207 0 -41 15 245
219 0 -41 15 246
231 0 -41 15 247
314 0 -9 14 248
313 0 -14 14 249
323 0 -13 14 250
345 0 -12 14 251
355 0 -13 14 252
364 0 -13 14 253
296 0 -41 15 254
308 0 -41 15 255
394 0 -29 15 256
325 0 -41 15 257
404 0 -36 15 258
405 0 -10 15 259
405 0 2 15 260
405 0 14 15 261
392 0 17 14 262
405 0 32 15 263
364 0 24 14 264
356 0 31 14 265
337 0 32 14 266
337 0 41 14 267
352 0 54 14 268
353 0 63 14 269
332 0 66 14 270
337 0 74 14 271
337 0 83 14 272
405 0 98 15 273
405 0 117 15 274
405 0 137 15 275
353 -12 143 15 276
347 -16 147 15 277
340 -14 150 15 278
336 -1 151 15 279
336 -9 158 15 280
343 17 167 15 281
350 16 175 15 282
341 23 182 15 283
348 23 190 15 284
347 -24 197 15 285
355 20 203 15 286
354 -22 209 15 287
359 -17 215 15 288
360 16 221 15 289
357 22 231 15 290
362 17 239 15 291
363 -16 244 15 292
365 12 252 15 293
367 -8 262 15 294
364 -14 267 15 295
364 13 274 15 296
365 -7 284 15 297
337 -1 310 15 298
363 8 298 15 299
362 -5 306 15 300
352 4 321 15 301
358 -4 322 15 302
405 0 310 15 303
405 0 329 15 304
405 0 349 15 305
405 0 375 15 306
405 0 395 15 307
401 0 403 15 308
382 0 403 15 309
369 0 403 15 310
357 0 403 15 311
330 0 403 15 312
375 0 375 15 313
320 -17 344 15 314
309 -16 349 15 315
304 -22 343 15 316
293 -20 348 15 317
288 -25 342 15 318
276 -23 347 15 319
271 24 345 15 320
266 -27 340 15 321
262 -29 334 15 322
248 -27 338 15 323
155 0 403 15 324
121 0 403 15 325
87 0 403 15 326
75 0 403 15 327
55 0 403 15 328
43 0 403 15 329
31 0 403 15 330
24 0 398 15 331
100 0 394 1 332
21 0 376 15 333
83 0 373 1 334
21 0 344 15 335
93 0 352 15 336
82 0 335 1 337
21 0 300 15 338
98 0 323 15 339
21 0 275 15 340
94 0 303 1 341
108 0 303 15 342
106 0 292 15 343
63 0 261 2 344
108 0 277 15 345
21 0 222 15 346
55 0 234 1 347
107 0 249 1 348
83 0 229 2 349
21 0 195 15 350
77 0 209 1 351
84 0 205 2 352
53 0 185 1 353
85 0 189 1 354
69 0 176 1 355
64 0 169 2 356
21 0 152 15 357
59 0 153 2 358
37 0 143 1 359
