360
6 0 330 15 0
122 0 356 1 1
121 0 344 15 2
112 0 360 1 3
135 0 340 1 4
108 0 371 1 5
61 0 269 1 6
132 0 328 15 7
135 0 221 2 8
94 0 221 2 9
92 0 232 2 10
95 0 249 1 11
135 0 278 1 12
80 0 266 1 13
18 0 323 15 14
124 0 337 15 15
110 0 347 15 16
117 0 321 15 17
127 0 379 1 18
146 0 314 1 19
138 0 234 2 20
152 0 252 1 21
72 0 228 1 22
149 0 285 1 23
146 0 291 1 24
69 0 261 2 25
21 0 247 15 26
153 0 220 1 27
66 0 218 2 28
89 0 239 1 29
139 0 293 15 30
119 0 293 1 31
144 0 229 2 32
105 0 228 1 33
127 0 279 1 34
111 0 338 15 35
129 0 371 1 36
155 0 200 1 37
145 0 312 15 38
113 0 357 15 39
253 31 207 15 40
256 -35 295 15 41
253 32 270 15 42
249 25 203 15 43
269 -37 306 15 44
97 0 29 1 45
127 0 37 1 46
75 0 59 2 47
104 0 69 1 48
187 0 73 14 49
191 0 80 14 50
100 0 96 1 51
56 0 108 2 52
151 0 118 1 53
157 0 137 1 54
161 0 157 1 55
261 28 178 15 56
255 -24 185 15 57
261 -31 195 15 58
262 35 303 15 59
254 -31 274 15 60
265 36 284 15 61
261 -32 304 15 62
119 0 16 1 63
253 -26 206 15 64
245 -17 221 15 65
246 19 234 15 66
251 26 241 15 67
250 -25 253 15 68
259 -32 259 15 69
267 -36 272 15 70
276 -30 162 15 71
275 37 308 15 72
193 0 54 14 73
38 0 20 15 74
258 22 180 15 75
259 31 283 15 76
265 30 312 15 77
201 0 77 14 78
253 24 275 15 79
278 -38 287 15 80
52 0 46 15 81
124 0 38 1 82
202 0 28 14 83
197 0 35 14 84
201 0 44 14 85
278 38 292 15 86
253 -19 204 15 87
77 0 9 15 88
273 -25 158 15 89
208 0 69 14 90
105 0 38 1 91
209 0 25 14 92
200 0 29 14 93
200 0 39 14 94
208 0 44 14 95
261 -28 285 15 96
63 0 4 15 97
262 -17 178 15 98
279 32 317 15 99
270 -28 309 15 100
45 0 50 15 101
216 0 24 14 102
119 0 45 1 103
215 0 43 14 104
277 35 259 15 105
220 0 46 14 106
217 0 75 14 107
277 23 157 15 108
310 0 8 14 109
333 0 44 14 110
279 0 37 14 111
293 0 48 14 112
275 0 53 14 113
247 0 52 14 114
223 0 58 14 115
259 17 205 15 116
266 25 293 15 117
296 36 310 15 118
360 0 20 14 119
252 0 49 14 120
297 38 292 15 121
285 0 30 14 122
380 0 59 15 123
241 0 33 14 124
292 0 51 14 125
224 0 71 14 126
275 17 157 15 127
266 15 180 15 128
293 37 261 15 129
295 0 4 14 130
248 0 62 14 131
287 -30 313 15 132
260 0 23 14 133
247 0 26 14 134
262 0 37 14 135
281 0 47 14 136
279 0 52 14 137
303 37 271 15 138
308 -35 304 15 139
281 -18 156 15 140
262 9 207 15 141
310 36 294 15 142
311 33 314 15 143
329 0 19 14 144
254 0 21 14 145
265 0 30 14 146
299 0 43 14 147
305 0 50 14 148
287 0 54 14 149
298 19 123 15 150
274 -23 287 15 151
272 -8 177 15 152
264 10 224 15 153
263 -7 234 15 154
266 -15 242 15 155
267 17 251 15 156
334 0 26 14 157
265 -9 212 15 158
271 -22 257 15 159
270 -17 271 15 160
271 18 281 15 161
275 -14 295 15 162
306 -38 277 15 163
285 19 313 15 164
290 -21 319 15 165
294 20 325 15 166
267 0 66 14 167
322 32 304 15 168
284 -9 153 15 169
270 -10 200 15 170
322 -31 313 15 171
252 0 74 14 172
284 -19 302 15 173
299 0 20 14 174
296 14 131 15 175
301 28 146 15 176
290 7 145 15 177
287 0 152 15 178
281 9 166 15 179
278 0 174 15 180
273 7 187 15 181
271 -1 196 15 182
259 0 76 14 183
371 0 56 14 184
269 0 47 14 185
275 0 65 14 186
266 0 71 14 187
303 -20 325 15 188
325 28 318 15 189
267 0 20 14 190
321 -36 277 15 191
273 0 208 15 192
325 22 329 15 193
312 16 328 15 194
334 -32 278 15 195
276 1 221 15 196
331 35 266 15 197
280 -9 254 15 198
282 9 266 15 199
326 -36 251 15 200
293 11 294 15 201
278 0 241 15 202
279 8 245 15 203
345 -26 279 15 204
307 -6 316 15 205
343 -25 298 15 206
322 -17 323 15 207
340 21 322 15 208
318 -37 229 15 209
336 -33 255 15 210
299 -4 302 15 211
340 31 271 15 212
348 19 309 15 213
283 0 264 15 214
310 32 212 15 215
311 -35 221 15 216
336 14 328 15 217
288 -7 270 15 218
337 32 243 15 219
345 26 292 15 220
324 -32 208 15 221
329 34 227 15 222
297 2 289 15 223
346 -28 259 15 224
349 25 275 15 225
321 34 218 15 226
342 -13 328 15 227
325 7 321 15 228
334 -11 329 15 229
357 -17 300 15 230
354 12 319 15 231
358 -15 311 15 232
417 0 282 15 233
17 0 -34 1 234
1 0 -32 15 235
114 0 -41 15 236
39 0 -32 1 237
131 0 -41 15 238
57 0 -28 1 239
158 0 -41 15 240
77 0 -24 1 241
175 0 -41 15 242
56 0 -13 15 243
193 0 -41 15 244
206 0 -41 15 245
219 0 -41 15 246
232 0 -41 15 247
336 0 -1 14 248
332 0 -7 14 249
342 0 -5 14 250
368 0 -4 14 251
377 0 -5 14 252
387 0 -6 14 253
297 0 -41 15 254
310 0 -41 15 255
417 0 -26 15 256
328 0 -41 15 257
425 0 -35 15 258
426 0 -4 15 259
426 0 9 15 260
426 0 22 15 261
409 0 23 14 262
426 0 40 15 263
373 0 27 14 264
364 0 34 14 265
340 0 33 14 266
339 0 42 14 267
358 0 55 14 268
360 0 65 14 269
333 0 66 14 270
339 0 74 14 271
339 0 83 14 272
426 0 99 15 273
426 0 122 15 274
426 0 144 15 275
360 -16 149 15 276
352 -20 152 15 277
343 -19 153 15 278
338 -2 152 15 279
338 -11 158 15 280
347 21 168 15 281
356 20 175 15 282
345 30 182 15 283
354 29 189 15 284
353 -31 196 15 285
362 26 201 15 286
361 -28 207 15 287
368 -22 212 15 288
369 21 217 15 289
365 28 228 15 290
371 22 235 15 291
372 -21 239 15 292
375 15 246 15 293
377 -10 256 15 294
373 -19 261 15 295
374 17 267 15 296
375 -9 277 15 297
339 -1 308 15 298
373 10 290 15 299
372 -7 298 15 300
358 5 315 15 301
366 -5 314 15 302
426 0 295 15 303
426 0 318 15 304
426 0 340 15 305
426 0 372 15 306
426 0 394 15 307
423 0 404 15 308
401 0 404 15 309
387 0 404 15 310
374 0 404 15 311
343 0 404 15 312
402 0 368 15 313
335 -22 328 15 314
323 -21 336 15 315
320 -28 328 15 316
307 -26 334 15 317
303 -32 326 15 318
291 -29 332 15 319
287 31 329 15 320
282 -34 324 15 321
281 -37 316 15 322
265 -34 321 15 323
148 0 404 15 324
108 0 404 15 325
67 0 404 15 326
54 0 404 15 327
31 0 404 15 328
18 0 404 15 329
5 0 404 15 330
-2 0 397 15 331
97 0 394 1 332
-4 0 373 15 333
75 0 372 1 334
-4 0 337 15 335
88 0 350 15 336
74 0 331 1 337
-4 0 288 15 338
94 0 321 15 339
-4 0 262 15 340
89 0 300 1 341
107 0 303 15 342
104 0 291 15 343
49 0 253 2 344
107 0 276 15 345
-4 0 210 15 346
39 0 226 1 347
106 0 249 1 348
75 0 226 2 349
-4 0 184 15 350
68 0 204 1 351
77 0 203 2 352
37 0 180 1 353
78 0 187 1 354
57 0 173 1 355
52 0 166 2 356
-4 0 147 15 357
45 0 151 2 358
16 0 141 1 359
