360
-45 0 313 15 0
116 0 354 1 1
112 0 340 15 2
98 0 356 1 3
128 0 336 1 4
89 0 367 1 5
23 0 246 1 6
122 0 322 15 7
126 0 217 2 8
69 0 210 2 9
65 0 220 2 10
70 0 237 1 11
126 0 272 1 12
49 0 248 1 13
-39 0 301 15 14
110 0 327 15 15
89 0 337 15 16
99 0 310 15 17
114 0 376 1 18
139 0 310 1 19
127 0 229 2 20
147 0 250 1 21
35 0 210 1 22
144 0 281 1 23
138 0 287 1 24
31 0 240 2 25
-37 0 213 15 26
148 0 218 1 27
25 0 200 2 28
57 0 225 1 29
128 0 287 15 30
100 0 283 1 31
135 0 224 2 32
80 0 218 1 33
111 0 271 1 34
86 0 325 15 35
112 0 365 1 36
148 0 194 1 37
133 0 305 15 38
85 0 346 15 39
282 44 206 15 40
287 -50 266 15 41
280 45 247 15 42
274 35 203 15 43
301 -53 274 15 44
59 0 34 1 45
101 0 41 1 46
29 0 67 2 47
68 0 73 1 48
186 0 74 14 49
191 0 79 14 50
63 0 96 1 51
1 0 107 2 52
135 0 117 1 53
143 0 138 1 54
149 0 159 1 55
289 40 183 15 56
281 -34 187 15 57
290 -43 195 15 58
291 49 274 15 59
279 -44 251 15 60
293 51 255 15 61
287 -46 277 15 62
88 0 21 1 63
276 -37 206 15 64
265 -24 218 15 65
265 26 227 15 66
273 37 231 15 67
271 -35 238 15 68
285 -45 236 15 69
295 -51 246 15 70
307 -42 172 15 71
305 52 278 15 72
191 0 53 14 73
-28 0 30 15 74
282 31 183 15 75
282 43 262 15 76
290 42 287 15 77
199 0 78 14 78
273 34 257 15 79
309 -54 256 15 80
-10 0 57 15 81
90 0 44 1 82
200 0 28 14 83
194 0 36 14 84
199 0 47 14 85
308 54 261 15 86
272 -26 202 15 87
24 0 19 15 88
299 -35 168 15 89
207 0 74 14 90
62 0 46 1 91
208 0 25 14 92
196 0 29 14 93
195 0 41 14 94
206 0 47 14 95
281 -40 265 15 96
3 0 14 15 97
281 -23 180 15 98
305 45 292 15 99
292 -39 287 15 100
-24 0 62 15 101
216 0 24 14 102
79 0 51 1 103
214 0 47 14 104
302 50 234 15 105
220 0 50 14 106
217 0 76 14 107
301 33 166 15 108
347 0 22 14 109
377 0 54 14 110
301 0 42 14 111
322 0 56 14 112
297 0 60 14 113
257 0 57 14 114
223 0 60 14 115
274 24 204 15 116
284 35 276 15 117
325 51 282 15 118
414 0 39 14 119
262 0 53 14 120
326 54 264 15 121
308 0 34 14 122
442 0 72 15 123
247 0 34 14 124
317 0 58 14 125
222 0 71 14 126
294 24 165 15 127
280 21 184 15 128
318 53 238 15 129
320 0 14 14 130
253 0 66 14 131
308 -42 293 15 132
271 0 25 14 133
252 0 27 14 134
273 0 40 14 135
300 0 52 14 136
297 0 58 14 137
331 53 245 15 138
337 -50 278 15 139
299 -25 164 15 140
272 12 205 15 141
340 51 268 15 142
339 47 287 15 143
364 0 32 14 144
259 0 22 14 145
275 0 32 14 146
322 0 48 14 147
332 0 57 14 148
306 0 60 14 149
321 27 143 15 150
287 -33 273 15 151
285 -11 178 15 152
272 14 222 15 153
270 -9 230 15 154
274 -21 237 15 155
276 23 244 15 156
370 0 38 14 157
273 -12 211 15 158
281 -31 247 15 159
279 -24 262 15 160
282 25 269 15 161
286 -20 284 15 162
331 -54 253 15 163
301 26 298 15 164
308 -30 302 15 165
314 29 307 15 166
275 0 71 14 167
352 45 276 15 168
299 -13 160 15 169
279 -14 197 15 170
352 -44 283 15 171
252 0 75 14 172
298 -27 290 15 173
318 0 26 14 174
314 20 147 15 175
321 39 162 15 176
305 10 154 15 177
301 -1 158 15 178
292 13 170 15 179
288 1 175 15 180
281 9 188 15 181
279 -2 193 15 182
261 0 76 14 183
417 0 66 14 184
274 0 48 14 185
284 0 70 14 186
270 0 73 14 187
323 -29 307 15 188
353 39 292 15 189
271 0 21 14 190
347 -51 255 15 191
277 0 207 15 192
349 31 306 15 193
330 22 311 15 194
360 -45 258 15 195
277 2 222 15 196
353 50 245 15 197
281 -13 250 15 198
284 13 262 15 199
346 -51 232 15 200
300 16 288 15 201
279 -1 241 15 202
279 11 242 15 203
372 -37 259 15 204
319 -8 307 15 205
369 -35 276 15 206
340 -24 308 15 207
366 29 297 15 208
334 -52 219 15 209
359 -47 236 15 210
307 -6 296 15 211
365 44 251 15 212
375 26 284 15 213
285 1 263 15 214
322 46 203 15 215
322 -49 212 15 216
358 20 308 15 217
289 -10 268 15 218
358 46 226 15 219
370 37 272 15 220
340 -45 199 15 221
347 49 215 15 222
301 3 287 15 223
371 -39 239 15 224
375 35 256 15 225
335 49 207 15 226
365 -19 306 15 227
339 10 310 15 228
352 -15 312 15 229
382 -24 277 15 230
376 17 298 15 231
379 -21 291 15 232
461 0 246 15 233
-21 0 -31 1 234
-48 0 -29 15 235
108 0 -42 15 236
-2 0 -28 1 237
125 0 -42 15 238
17 0 -24 1 239
155 0 -42 15 240
37 0 -18 1 241
172 0 -42 15 242
1 0 -2 15 243
189 0 -42 15 244
204 0 -42 15 245
219 0 -42 15 246
233 0 -42 15 247
376 0 15 14 248
367 0 7 14 249
377 0 9 14 250
410 0 10 14 251
420 0 9 14 252
429 0 8 14 253
300 0 -42 15 254
315 0 -42 15 255
461 0 -20 15 256
332 0 -42 15 257
465 0 -33 15 258
466 0 8 15 259
466 0 22 15 260
466 0 37 15 261
442 0 35 14 262
466 0 55 15 263
391 0 33 14 264
378 0 40 14 265
344 0 34 14 266
344 0 43 14 267
370 0 58 14 268
373 0 68 14 269
335 0 66 14 270
344 0 74 14 271
344 0 83 14 272
466 0 102 15 273
466 0 130 15 274
466 0 157 15 275
373 -22 161 15 276
361 -29 161 15 277
349 -26 159 15 278
342 -3 154 15 279
341 -16 159 15 280
355 30 169 15 281
367 29 175 15 282
351 42 183 15 283
364 41 189 15 284
362 -44 195 15 285
376 36 198 15 286
374 -39 202 15 287
384 -31 205 15 288
385 29 209 15 289
380 40 220 15 290
388 31 227 15 291
390 -29 229 15 292
394 21 236 15 293
397 -14 246 15 294
392 -26 249 15 295
392 24 254 15 296
394 -12 265 15 297
343 -2 304 15 298
391 14 276 15 299
389 -9 283 15 300
371 7 303 15 301
381 -7 298 15 302
466 0 269 15 303
466 0 296 15 304
466 0 324 15 305
466 0 365 15 306
466 0 392 15 307
464 0 406 15 308
436 0 406 15 309
421 0 406 15 310
406 0 406 15 311
366 0 406 15 312
453 0 355 15 313
362 -31 300 15 314
350 -29 309 15 315
348 -40 298 15 316
335 -36 308 15 317
332 -46 296 15 318
318 -41 305 15 319
317 44 301 15 320
314 -49 293 15 321
315 -53 281 15 322
297 -49 289 15 323
136 0 406 15 324
83 0 406 15 325
29 0 406 15 326
14 0 406 15 327
-14 0 406 15 328
-28 0 406 15 329
-43 0 406 15 330
-49 0 396 15 331
92 0 394 1 332
-50 0 367 15 333
60 0 371 1 334
-50 0 325 15 335
78 0 346 15 336
59 0 324 1 337
-50 0 267 15 338
86 0 316 15 339
-50 0 237 15 340
80 0 294 1 341
105 0 302 15 342
101 0 290 15 343
24 0 240 2 344
105 0 275 15 345
-50 0 186 15 346
10 0 213 1 347
103 0 248 1 348
60 0 219 2 349
-50 0 165 15 350
50 0 196 1 351
63 0 198 2 352
7 0 169 1 353
64 0 183 1 354
35 0 166 1 355
27 0 160 2 356
-50 0 137 15 357
18 0 146 2 358
-22 0 136 1 359
