360
-13 0 324 15 0
120 0 356 1 1
118 0 343 15 2
107 0 359 1 3
133 0 339 1 4
101 0 370 1 5
48 0 260 1 6
129 0 326 15 7
132 0 220 2 8
85 0 217 2 9
82 0 228 2 10
86 0 245 1 11
132 0 276 1 12
69 0 259 1 13
-2 0 315 15 14
119 0 333 15 15
102 0 344 15 16
110 0 317 15 17
123 0 378 1 18
143 0 313 1 19
134 0 232 2 20
150 0 252 1 21
59 0 221 1 22
147 0 283 1 23
143 0 290 1 24
55 0 253 2 25
0 0 235 15 26
151 0 219 1 27
51 0 212 2 28
77 0 234 1 29
135 0 291 15 30
112 0 290 1 31
141 0 227 2 32
96 0 225 1 33
122 0 276 1 34
102 0 333 15 35
123 0 369 1 36
152 0 198 1 37
141 0 310 15 38
103 0 353 15 39
263 35 206 15 40
267 -40 285 15 41
262 36 262 15 42
258 28 203 15 43
280 -43 294 15 44
83 0 31 1 45
118 0 38 1 46
59 0 62 2 47
91 0 70 1 48
187 0 73 14 49
191 0 80 14 50
87 0 96 1 51
36 0 107 2 52
146 0 118 1 53
152 0 138 1 54
157 0 158 1 55
271 32 180 15 56
265 -28 186 15 57
272 -35 195 15 58
273 40 293 15 59
263 -35 266 15 60
275 41 274 15 61
270 -37 294 15 62
108 0 18 1 63
261 -30 206 15 64
252 -20 220 15 65
253 21 231 15 66
259 30 237 15 67
258 -28 248 15 68
269 -36 251 15 69
277 -41 263 15 70
287 -34 165 15 71
286 42 297 15 72
192 0 53 14 73
14 0 24 15 74
267 26 181 15 75
267 35 276 15 76
274 34 303 15 77
200 0 77 14 78
260 28 269 15 79
289 -44 276 15 80
30 0 50 15 81
112 0 40 1 82
202 0 28 14 83
196 0 35 14 84
200 0 45 14 85
289 44 281 15 86
260 -21 203 15 87
58 0 13 15 88
282 -29 162 15 89
208 0 71 14 90
90 0 41 1 91
208 0 25 14 92
199 0 29 14 93
198 0 40 14 94
207 0 45 14 95
268 -32 278 15 96
42 0 7 15 97
269 -19 179 15 98
288 37 308 15 99
278 -32 301 15 100
20 0 54 15 101
216 0 24 14 102
105 0 47 1 103
215 0 44 14 104
286 40 250 15 105
220 0 48 14 106
217 0 75 14 107
286 27 161 15 108
323 0 13 14 109
349 0 48 14 110
287 0 39 14 111
303 0 51 14 112
283 0 55 14 113
250 0 54 14 114
223 0 59 14 115
265 20 205 15 116
273 29 287 15 117
306 41 300 15 118
380 0 27 14 119
256 0 50 14 120
307 44 282 15 121
293 0 31 14 122
402 0 64 15 123
243 0 33 14 124
301 0 53 14 125
224 0 71 14 126
282 20 160 15 127
271 17 181 15 128
302 43 253 15 129
304 0 8 14 130
250 0 64 14 131
294 -34 306 15 132
264 0 24 14 133
249 0 27 14 134
266 0 38 14 135
288 0 49 14 136
285 0 54 14 137
313 43 262 15 138
319 -40 295 15 139
288 -21 159 15 140
266 10 206 15 141
321 41 285 15 142
321 38 304 15 143
341 0 24 14 144
256 0 22 14 145
269 0 30 14 146
307 0 45 14 147
315 0 52 14 148
294 0 56 14 149
306 22 130 15 150
278 -27 282 15 151
277 -9 177 15 152
267 12 223 15 153
266 -8 232 15 154
269 -17 240 15 155
270 19 249 15 156
347 0 30 14 157
268 -10 212 15 158
274 -26 253 15 159
273 -20 268 15 160
275 21 277 15 161
279 -16 291 15 162
315 -44 269 15 163
291 21 307 15 164
296 -24 313 15 165
301 23 318 15 166
270 0 68 14 167
333 36 294 15 168
289 -11 156 15 169
273 -12 199 15 170
333 -35 302 15 171
252 0 74 14 172
289 -22 298 15 173
306 0 22 14 174
302 16 137 15 175
308 32 151 15 176
296 8 148 15 177
292 -1 154 15 178
285 11 167 15 179
282 1 175 15 180
276 8 188 15 181
274 -2 195 15 182
260 0 76 14 183
387 0 59 14 184
271 0 47 14 185
278 0 67 14 186
267 0 71 14 187
310 -24 319 15 188
335 32 309 15 189
268 0 20 14 190
330 -41 269 15 191
275 0 208 15 192
334 25 321 15 193
318 18 322 15 194
344 -36 271 15 195
276 2 221 15 196
339 40 259 15 197
280 -11 253 15 198
283 11 265 15 199
333 -41 244 15 200
296 13 292 15 201
278 -1 241 15 202
279 9 244 15 203
354 -30 272 15 204
312 -7 312 15 205
352 -28 290 15 206
328 -19 317 15 207
349 24 313 15 208
324 -42 226 15 209
344 -38 248 15 210
302 -5 300 15 211
349 35 264 15 212
358 21 300 15 213
284 1 264 15 214
314 37 209 15 215
315 -40 218 15 216
344 16 321 15 217
288 -8 269 15 218
345 37 237 15 219
354 30 285 15 220
330 -37 205 15 221
336 40 223 15 222
298 2 288 15 223
355 -32 252 15 224
359 28 268 15 225
326 40 214 15 226
350 -15 320 15 227
330 8 317 15 228
340 -12 323 15 229
366 -20 292 15 230
362 14 311 15 231
365 -17 304 15 232
433 0 269 15 233
3 0 -33 1 234
-17 0 -31 15 235
112 0 -42 15 236
24 0 -30 1 237
129 0 -42 15 238
43 0 -27 1 239
157 0 -42 15 240
63 0 -22 1 241
174 0 -42 15 242
37 0 -9 15 243
192 0 -42 15 244
205 0 -42 15 245
219 0 -42 15 246
232 0 -42 15 247
350 0 5 14 248
344 0 -2 14 249
355 0 0 14 250
383 0 1 14 251
392 0 0 14 252
402 0 -1 14 253
298 0 -42 15 254
312 0 -42 15 255
433 0 -24 15 256
329 0 -42 15 257
440 0 -34 15 258
440 0 0 15 259
440 0 14 15 260
440 0 28 15 261
421 0 28 14 262
440 0 45 15 263
380 0 29 14 264
369 0 36 14 265
341 0 33 14 266
341 0 42 14 267
363 0 56 14 268
365 0 66 14 269
333 0 66 14 270
341 0 74 14 271
341 0 83 14 272
440 0 100 15 273
440 0 125 15 274
440 0 149 15 275
365 -18 154 15 276
355 -23 155 15 277
345 -21 155 15 278
339 -2 153 15 279
339 -13 159 15 280
350 24 168 15 281
360 24 175 15 282
347 34 182 15 283
357 33 189 15 284
356 -36 196 15 285
367 30 200 15 286
366 -32 205 15 287
373 -25 209 15 288
375 24 214 15 289
370 32 225 15 290
377 26 232 15 291
378 -24 235 15 292
382 17 242 15 293
384 -12 253 15 294
380 -21 257 15 295
380 20 263 15 296
382 -10 273 15 297
341 -1 306 15 298
379 12 285 15 299
378 -8 293 15 300
363 6 311 15 301
371 -6 308 15 302
440 0 286 15 303
440 0 310 15 304
440 0 334 15 305
440 0 369 15 306
440 0 393 15 307
438 0 405 15 308
413 0 405 15 309
400 0 405 15 310
386 0 405 15 311
351 0 405 15 312
421 0 363 15 313
344 -26 318 15 314
333 -24 326 15 315
330 -32 317 15 316
317 -30 325 15 317
314 -37 315 15 318
300 -33 322 15 319
298 36 319 15 320
294 -40 313 15 321
293 -43 303 15 322
277 -40 310 15 323
144 0 405 15 324
99 0 405 15 325
53 0 405 15 326
40 0 405 15 327
15 0 405 15 328
1 0 405 15 329
-12 0 405 15 330
-19 0 397 15 331
95 0 394 1 332
-20 0 371 15 333
69 0 372 1 334
-20 0 333 15 335
84 0 349 15 336
69 0 329 1 337
-20 0 281 15 338
91 0 319 15 339
-20 0 253 15 340
86 0 298 1 341
107 0 302 15 342
103 0 291 15 343
40 0 248 2 344
106 0 276 15 345
-20 0 201 15 346
29 0 221 1 347
105 0 248 1 348
69 0 223 2 349
-20 0 178 15 350
61 0 201 1 351
72 0 201 2 352
26 0 176 1 353
73 0 186 1 354
49 0 170 1 355
43 0 164 2 356
-20 0 143 15 357
35 0 149 2 358
3 0 139 1 359
