360
-11 0 324 15 0
120 0 356 1 1
118 0 343 15 2
108 0 359 1 3
133 0 339 1 4
102 0 370 1 5
49 0 261 1 6
129 0 326 15 7
132 0 220 2 8
86 0 218 2 9
83 0 228 2 10
86 0 245 1 11
132 0 276 1 12
70 0 260 1 13
-1 0 315 15 14
119 0 333 15 15
103 0 344 15 16
111 0 318 15 17
123 0 378 1 18
144 0 313 1 19
134 0 233 2 20
150 0 252 1 21
60 0 222 1 22
148 0 284 1 23
143 0 290 1 24
56 0 254 2 25
2 0 236 15 26
151 0 219 1 27
53 0 212 2 28
78 0 234 1 29
135 0 291 15 30
113 0 290 1 31
141 0 227 2 32
97 0 225 1 33
122 0 276 1 34
103 0 334 15 35
124 0 369 1 36
153 0 198 1 37
141 0 310 15 38
104 0 353 15 39
262 35 206 15 40
267 -40 286 15 41
262 36 263 15 42
257 28 203 15 43
279 -42 295 15 44
84 0 31 1 45
118 0 38 1 46
60 0 61 2 47
92 0 70 1 48
187 0 73 14 49
191 0 80 14 50
88 0 96 1 51
38 0 107 2 52
146 0 118 1 53
153 0 138 1 54
157 0 158 1 55
270 32 180 15 56
264 -28 186 15 57
271 -35 195 15 58
272 40 293 15 59
263 -35 266 15 60
274 41 274 15 61
270 -37 295 15 62
109 0 18 1 63
261 -29 206 15 64
252 -20 220 15 65
252 21 231 15 66
258 29 238 15 67
257 -28 248 15 68
268 -36 251 15 69
276 -41 263 15 70
286 -34 165 15 71
285 42 298 15 72
193 0 53 14 73
16 0 23 15 74
266 25 181 15 75
267 35 276 15 76
273 34 304 15 77
200 0 77 14 78
260 28 269 15 79
288 -43 277 15 80
31 0 49 15 81
113 0 40 1 82
202 0 28 14 83
196 0 35 14 84
200 0 45 14 85
288 43 282 15 86
260 -21 203 15 87
60 0 13 15 88
282 -28 161 15 89
208 0 71 14 90
91 0 41 1 91
208 0 25 14 92
199 0 29 14 93
198 0 40 14 94
207 0 45 14 95
268 -32 279 15 96
43 0 7 15 97
268 -19 179 15 98
288 36 309 15 99
277 -31 302 15 100
22 0 54 15 101
216 0 24 14 102
106 0 47 1 103
215 0 44 14 104
285 40 251 15 105
220 0 47 14 106
217 0 75 14 107
285 27 160 15 108
322 0 13 14 109
347 0 47 14 110
286 0 38 14 111
303 0 51 14 112
283 0 55 14 113
250 0 54 14 114
223 0 59 14 115
264 20 205 15 116
272 28 287 15 117
306 41 301 15 118
378 0 26 14 119
256 0 50 14 120
307 43 282 15 121
293 0 31 14 122
401 0 63 15 123
243 0 33 14 124
300 0 53 14 125
224 0 71 14 126
281 20 160 15 127
270 17 181 15 128
301 42 253 15 129
303 0 8 14 130
249 0 63 14 131
294 -34 306 15 132
264 0 24 14 133
249 0 27 14 134
266 0 38 14 135
287 0 48 14 136
285 0 54 14 137
313 42 263 15 138
318 -40 296 15 139
287 -20 158 15 140
265 10 206 15 141
320 41 285 15 142
320 38 305 15 143
340 0 23 14 144
256 0 22 14 145
269 0 30 14 146
307 0 45 14 147
314 0 52 14 148
294 0 56 14 149
306 22 130 15 150
278 -27 282 15 151
276 -9 177 15 152
267 12 223 15 153
265 -8 232 15 154
268 -17 240 15 155
270 19 249 15 156
346 0 30 14 157
268 -10 212 15 158
274 -25 253 15 159
273 -20 268 15 160
275 20 277 15 161
279 -16 291 15 162
315 -43 269 15 163
291 21 308 15 164
296 -24 313 15 165
301 23 319 15 166
270 0 68 14 167
332 36 295 15 168
289 -11 156 15 169
273 -12 199 15 170
332 -35 303 15 171
252 0 74 14 172
289 -22 298 15 173
306 0 22 14 174
302 16 136 15 175
308 31 151 15 176
295 8 148 15 177
291 -1 154 15 178
285 11 167 15 179
281 1 175 15 180
276 8 188 15 181
274 -2 195 15 182
260 0 76 14 183
386 0 59 14 184
271 0 47 14 185
278 0 67 14 186
267 0 71 14 187
310 -23 319 15 188
334 32 310 15 189
268 0 20 14 190
330 -41 270 15 191
274 0 208 15 192
333 25 322 15 193
318 18 322 15 194
343 -36 271 15 195
276 2 221 15 196
338 40 259 15 197
280 -11 253 15 198
283 11 265 15 199
333 -41 245 15 200
295 13 292 15 201
278 -1 241 15 202
279 9 244 15 203
354 -29 272 15 204
311 -7 313 15 205
351 -28 291 15 206
328 -19 318 15 207
349 23 313 15 208
324 -42 226 15 209
343 -38 249 15 210
302 -5 300 15 211
348 35 265 15 212
357 21 301 15 213
284 1 264 15 214
314 37 209 15 215
314 -40 218 15 216
344 16 321 15 217
288 -8 269 15 218
344 37 237 15 219
354 29 285 15 220
329 -36 205 15 221
335 39 223 15 222
298 2 288 15 223
354 -32 252 15 224
358 28 269 15 225
326 39 214 15 226
350 -15 321 15 227
329 8 317 15 228
340 -12 323 15 229
365 -20 292 15 230
361 14 312 15 231
365 -17 304 15 232
432 0 270 15 233
4 0 -33 1 234
-15 0 -31 15 235
112 0 -42 15 236
25 0 -31 1 237
129 0 -42 15 238
44 0 -27 1 239
157 0 -42 15 240
64 0 -22 1 241
174 0 -42 15 242
38 0 -9 15 243
192 0 -42 15 244
205 0 -42 15 245
219 0 -42 15 246
232 0 -42 15 247
349 0 4 14 248
343 0 -2 14 249
354 0 -1 14 250
382 0 1 14 251
391 0 -1 14 252
401 0 -1 14 253
298 0 -42 15 254
312 0 -42 15 255
432 0 -24 15 256
329 0 -42 15 257
439 0 -34 15 258
439 0 0 15 259
439 0 14 15 260
439 0 27 15 261
420 0 27 14 262
439 0 45 15 263
379 0 29 14 264
368 0 36 14 265
341 0 33 14 266
341 0 42 14 267
362 0 56 14 268
365 0 66 14 269
333 0 66 14 270
341 0 74 14 271
341 0 83 14 272
439 0 100 15 273
439 0 124 15 274
439 0 149 15 275
364 -18 153 15 276
355 -23 155 15 277
345 -21 155 15 278
339 -2 153 15 279
339 -13 158 15 280
350 24 168 15 281
359 23 175 15 282
347 34 182 15 283
357 33 189 15 284
356 -36 196 15 285
366 29 200 15 286
365 -31 205 15 287
373 -25 209 15 288
374 23 214 15 289
370 32 225 15 290
377 25 232 15 291
378 -23 236 15 292
382 17 243 15 293
384 -12 253 15 294
379 -21 257 15 295
380 20 263 15 296
382 -10 273 15 297
340 -1 306 15 298
379 12 286 15 299
378 -8 293 15 300
363 6 311 15 301
371 -6 309 15 302
439 0 287 15 303
439 0 311 15 304
439 0 335 15 305
439 0 369 15 306
439 0 393 15 307
437 0 405 15 308
412 0 405 15 309
399 0 405 15 310
385 0 405 15 311
350 0 405 15 312
419 0 363 15 313
344 -25 319 15 314
332 -23 327 15 315
329 -32 318 15 316
316 -29 326 15 317
313 -37 316 15 318
300 -33 323 15 319
297 36 320 15 320
293 -39 314 15 321
292 -42 304 15 322
276 -39 311 15 323
144 0 405 15 324
99 0 405 15 325
55 0 405 15 326
41 0 405 15 327
17 0 405 15 328
3 0 405 15 329
-11 0 405 15 330
-17 0 397 15 331
96 0 394 1 332
-19 0 371 15 333
70 0 372 1 334
-19 0 333 15 335
85 0 349 15 336
69 0 329 1 337
-19 0 281 15 338
91 0 319 15 339
-19 0 254 15 340
86 0 298 1 341
107 0 302 15 342
103 0 291 15 343
41 0 249 2 344
106 0 276 15 345
-19 0 202 15 346
29 0 222 1 347
105 0 248 1 348
70 0 223 2 349
-19 0 178 15 350
62 0 202 1 351
72 0 201 2 352
27 0 177 1 353
74 0 186 1 354
50 0 170 1 355
44 0 164 2 356
-19 0 144 15 357
36 0 149 2 358
4 0 139 1 359
