360
-42 0 314 15 0
117 0 354 1 1
112 0 340 15 2
99 0 356 1 3
129 0 337 1 4
91 0 367 1 5
26 0 247 1 6
123 0 322 15 7
126 0 217 2 8
70 0 211 2 9
67 0 221 2 10
71 0 238 1 11
127 0 272 1 12
51 0 250 1 13
-35 0 302 15 14
111 0 328 15 15
91 0 338 15 16
100 0 311 15 17
115 0 376 1 18
139 0 310 1 19
128 0 230 2 20
147 0 250 1 21
38 0 212 1 22
144 0 281 1 23
139 0 288 1 24
33 0 241 2 25
-33 0 215 15 26
148 0 218 1 27
28 0 202 2 28
59 0 226 1 29
129 0 288 15 30
101 0 284 1 31
136 0 224 2 32
82 0 219 1 33
112 0 272 1 34
88 0 326 15 35
113 0 365 1 36
148 0 194 1 37
134 0 306 15 38
87 0 346 15 39
280 43 206 15 40
285 -49 268 15 41
278 44 248 15 42
272 34 203 15 43
299 -52 276 15 44
61 0 34 1 45
103 0 41 1 46
32 0 66 2 47
71 0 72 1 48
186 0 74 14 49
191 0 79 14 50
65 0 96 1 51
4 0 107 2 52
136 0 117 1 53
144 0 138 1 54
149 0 159 1 55
287 39 182 15 56
279 -34 187 15 57
288 -42 195 15 58
289 48 276 15 59
278 -43 253 15 60
291 50 257 15 61
286 -45 279 15 62
90 0 20 1 63
275 -36 206 15 64
264 -24 218 15 65
264 26 227 15 66
271 36 231 15 67
270 -34 239 15 68
283 -44 238 15 69
293 -50 248 15 70
305 -41 172 15 71
303 51 280 15 72
191 0 53 14 73
-24 0 30 15 74
280 31 183 15 75
281 42 263 15 76
288 41 289 15 77
199 0 78 14 78
272 34 258 15 79
307 -53 258 15 80
-6 0 56 15 81
93 0 43 1 82
201 0 28 14 83
194 0 36 14 84
199 0 47 14 85
306 53 264 15 86
271 -26 202 15 87
28 0 18 15 88
298 -35 167 15 89
208 0 74 14 90
65 0 45 1 91
208 0 25 14 92
196 0 29 14 93
195 0 41 14 94
206 0 47 14 95
280 -39 266 15 96
7 0 13 15 97
280 -23 180 15 98
303 44 294 15 99
290 -38 289 15 100
-20 0 61 15 101
216 0 24 14 102
82 0 51 1 103
215 0 46 14 104
300 49 236 15 105
220 0 50 14 106
217 0 76 14 107
299 32 166 15 108
344 0 21 14 109
374 0 54 14 110
300 0 41 14 111
320 0 55 14 112
295 0 60 14 113
256 0 57 14 114
223 0 60 14 115
273 24 204 15 116
283 35 277 15 117
323 50 284 15 118
410 0 38 14 119
262 0 52 14 120
324 53 265 15 121
307 0 33 14 122
438 0 72 15 123
246 0 34 14 124
316 0 57 14 125
223 0 71 14 126
292 24 165 15 127
279 21 183 15 128
316 52 239 15 129
318 0 13 14 130
253 0 66 14 131
307 -41 294 15 132
270 0 25 14 133
252 0 27 14 134
272 0 40 14 135
298 0 51 14 136
295 0 58 14 137
329 52 247 15 138
336 -49 279 15 139
298 -25 163 15 140
272 12 205 15 141
338 50 269 15 142
337 46 288 15 143
362 0 31 14 144
259 0 22 14 145
275 0 32 14 146
321 0 48 14 147
330 0 56 14 148
305 0 60 14 149
320 26 142 15 150
286 -32 274 15 151
284 -11 178 15 152
271 14 222 15 153
270 -9 230 15 154
274 -21 237 15 155
275 23 245 15 156
367 0 37 14 157
272 -12 211 15 158
280 -31 248 15 159
279 -24 263 15 160
281 25 270 15 161
286 -20 285 15 162
329 -53 255 15 163
300 26 299 15 164
307 -29 303 15 165
313 28 308 15 166
275 0 70 14 167
350 44 278 15 168
298 -13 160 15 169
278 -14 197 15 170
350 -43 285 15 171
252 0 75 14 172
297 -26 291 15 173
317 0 25 14 174
312 20 146 15 175
319 38 161 15 176
304 10 153 15 177
300 -1 158 15 178
291 13 170 15 179
287 1 175 15 180
281 9 188 15 181
279 -2 194 15 182
261 0 76 14 183
414 0 65 14 184
274 0 48 14 185
283 0 70 14 186
270 0 73 14 187
321 -28 309 15 188
351 38 294 15 189
271 0 21 14 190
345 -50 257 15 191
277 0 207 15 192
347 30 308 15 193
329 22 312 15 194
359 -44 259 15 195
277 2 222 15 196
352 49 247 15 197
281 -13 251 15 198
284 13 262 15 199
345 -50 234 15 200
299 16 289 15 201
279 -1 241 15 202
279 11 242 15 203
370 -36 260 15 204
319 -8 307 15 205
367 -34 278 15 206
338 -23 309 15 207
364 29 298 15 208
333 -51 219 15 209
357 -46 238 15 210
307 -6 297 15 211
363 43 252 15 212
373 26 285 15 213
285 1 263 15 214
321 45 203 15 215
322 -48 212 15 216
357 19 309 15 217
289 -10 268 15 218
357 45 227 15 219
368 36 273 15 220
339 -44 199 15 221
346 48 216 15 222
301 3 287 15 223
369 -38 241 15 224
373 34 257 15 225
334 48 208 15 226
363 -19 307 15 227
338 9 311 15 228
351 -15 313 15 229
380 -24 279 15 230
374 17 299 15 231
377 -21 292 15 232
458 0 248 15 233
-19 0 -31 1 234
-45 0 -29 15 235
108 0 -42 15 236
1 0 -28 1 237
125 0 -42 15 238
20 0 -24 1 239
155 0 -42 15 240
40 0 -18 1 241
172 0 -42 15 242
5 0 -2 15 243
189 0 -42 15 244
204 0 -42 15 245
219 0 -42 15 246
233 0 -42 15 247
373 0 14 14 248
365 0 6 14 249
375 0 8 14 250
407 0 9 14 251
417 0 8 14 252
427 0 7 14 253
299 0 -42 15 254
314 0 -42 15 255
458 0 -20 15 256
331 0 -42 15 257
463 0 -33 15 258
463 0 7 15 259
463 0 22 15 260
463 0 36 15 261
439 0 35 14 262
463 0 54 15 263
390 0 32 14 264
377 0 39 14 265
344 0 34 14 266
343 0 43 14 267
369 0 58 14 268
372 0 68 14 269
334 0 66 14 270
343 0 74 14 271
343 0 83 14 272
463 0 102 15 273
463 0 129 15 274
463 0 157 15 275
372 -22 161 15 276
361 -28 161 15 277
348 -26 159 15 278
342 -3 154 15 279
341 -16 159 15 280
354 29 169 15 281
366 28 175 15 282
351 41 183 15 283
363 40 189 15 284
362 -43 195 15 285
375 36 198 15 286
373 -38 202 15 287
382 -30 206 15 288
384 28 209 15 289
379 39 221 15 290
387 31 228 15 291
389 -29 230 15 292
393 21 236 15 293
395 -14 247 15 294
390 -26 250 15 295
391 24 255 15 296
393 -12 266 15 297
343 -2 304 15 298
390 14 277 15 299
388 -9 284 15 300
370 7 304 15 301
380 -7 299 15 302
463 0 270 15 303
463 0 298 15 304
463 0 325 15 305
463 0 365 15 306
463 0 393 15 307
461 0 406 15 308
434 0 406 15 309
419 0 406 15 310
404 0 406 15 311
364 0 406 15 312
450 0 355 15 313
360 -31 301 15 314
348 -28 311 15 315
346 -39 300 15 316
333 -36 310 15 317
330 -45 298 15 318
316 -40 307 15 319
315 43 303 15 320
312 -48 295 15 321
313 -52 284 15 322
295 -48 291 15 323
137 0 406 15 324
84 0 406 15 325
32 0 406 15 326
17 0 406 15 327
-10 0 406 15 328
-25 0 406 15 329
-40 0 406 15 330
-46 0 396 15 331
92 0 394 1 332
-47 0 368 15 333
61 0 371 1 334
-47 0 325 15 335
79 0 347 15 336
60 0 324 1 337
-47 0 268 15 338
87 0 317 15 339
-47 0 239 15 340
81 0 294 1 341
106 0 302 15 342
101 0 290 15 343
26 0 241 2 344
105 0 275 15 345
-47 0 187 15 346
12 0 214 1 347
103 0 248 1 348
61 0 219 2 349
-47 0 166 15 350
51 0 197 1 351
64 0 198 2 352
9 0 170 1 353
65 0 183 1 354
36 0 166 1 355
29 0 160 2 356
-47 0 138 15 357
20 0 147 2 358
-19 0 136 1 359
