360
-62 0 307 15 0
115 0 353 1 1
109 0 338 15 2
94 0 354 1 3
126 0 335 1 4
83 0 365 1 5
11 0 238 1 6
119 0 320 15 7
123 0 215 2 8
61 0 207 2 9
56 0 217 2 10
61 0 233 1 11
124 0 270 1 12
39 0 243 1 13
-57 0 294 15 14
105 0 324 15 15
83 0 334 15 16
93 0 307 15 17
109 0 375 1 18
137 0 309 1 19
124 0 228 2 20
145 0 249 1 21
23 0 205 1 22
142 0 280 1 23
136 0 286 1 24
18 0 233 2 25
-56 0 202 15 26
146 0 217 1 27
12 0 195 2 28
47 0 220 1 29
124 0 285 15 30
94 0 280 1 31
132 0 222 2 32
72 0 215 1 33
106 0 269 1 34
78 0 321 15 35
107 0 363 1 36
145 0 192 1 37
129 0 303 15 38
77 0 342 15 39
291 48 205 15 40
297 -54 256 15 41
289 49 239 15 42
282 38 203 15 43
312 -58 264 15 44
46 0 36 1 45
93 0 43 1 46
14 0 69 2 47
57 0 74 1 48
186 0 75 14 49
191 0 79 14 50
51 0 96 1 51
-17 0 106 2 52
130 0 117 1 53
139 0 139 1 54
144 0 160 1 55
298 44 185 15 56
289 -38 188 15 57
299 -47 195 15 58
300 54 264 15 59
287 -48 244 15 60
302 55 246 15 61
296 -50 269 15 62
77 0 22 1 63
284 -40 206 15 64
271 -27 217 15 65
272 29 224 15 66
280 40 227 15 67
278 -38 233 15 68
293 -49 229 15 69
305 -55 237 15 70
317 -46 176 15 71
315 57 269 15 72
190 0 53 14 73
-50 0 34 15 74
289 34 185 15 75
290 47 255 15 76
298 46 279 15 77
199 0 78 14 78
279 38 251 15 79
318 -59 246 15 80
-31 0 60 15 81
80 0 46 1 82
200 0 28 14 83
192 0 36 14 84
198 0 48 14 85
318 59 252 15 86
278 -29 201 15 87
7 0 22 15 88
308 -39 171 15 89
207 0 76 14 90
48 0 48 1 91
207 0 25 14 92
194 0 29 14 93
193 0 42 14 94
205 0 48 14 95
288 -44 258 15 96
-17 0 17 15 97
287 -26 181 15 98
313 49 284 15 99
299 -43 281 15 100
-47 0 66 15 101
216 0 24 14 102
67 0 53 1 103
214 0 48 14 104
310 54 226 15 105
220 0 51 14 106
217 0 77 14 107
309 36 169 15 108
359 0 26 14 109
392 0 58 14 110
309 0 43 14 111
331 0 58 14 112
304 0 63 14 113
260 0 59 14 114
223 0 60 14 115
279 27 203 15 116
290 39 271 15 117
334 56 273 15 118
431 0 45 14 119
266 0 54 14 120
335 59 255 15 121
316 0 35 14 122
461 0 77 15 123
248 0 34 14 124
325 0 60 14 125
222 0 71 14 126
300 27 168 15 127
285 23 185 15 128
326 58 230 15 129
328 0 17 14 130
255 0 67 14 131
315 -46 286 15 132
274 0 25 14 133
254 0 28 14 134
277 0 41 14 135
306 0 53 14 136
302 0 60 14 137
340 58 237 15 138
347 -54 269 15 139
305 -28 166 15 140
276 14 205 15 141
349 55 259 15 142
349 51 278 15 143
376 0 36 14 144
261 0 23 14 145
279 0 33 14 146
330 0 50 14 147
340 0 59 14 148
313 0 62 14 149
329 29 150 15 150
291 -36 269 15 151
289 -12 179 15 152
274 16 222 15 153
273 -10 229 15 154
277 -23 235 15 155
278 26 242 15 156
381 0 42 14 157
276 -14 211 15 158
284 -34 244 15 159
283 -27 259 15 160
285 28 266 15 161
290 -22 280 15 162
339 -59 246 15 163
306 29 294 15 164
314 -33 296 15 165
320 31 301 15 166
278 0 72 14 167
362 49 266 15 168
304 -15 162 15 169
281 -16 197 15 170
362 -48 274 15 171
252 0 75 14 172
302 -29 287 15 173
325 0 27 14 174
319 22 152 15 175
327 43 167 15 176
310 11 156 15 177
305 -1 160 15 178
296 15 172 15 179
291 1 176 15 180
284 10 188 15 181
281 -2 193 15 182
262 0 76 14 183
432 0 69 14 184
276 0 49 14 185
286 0 72 14 186
271 0 74 14 187
329 -32 302 15 188
362 43 284 15 189
272 0 21 14 190
355 -55 248 15 191
278 0 207 15 192
357 33 299 15 193
336 24 306 15 194
369 -49 251 15 195
277 2 222 15 196
360 54 239 15 197
281 -15 249 15 198
285 15 261 15 199
352 -56 226 15 200
302 18 286 15 201
279 -1 242 15 202
280 12 241 15 203
380 -40 252 15 204
323 -9 304 15 205
378 -38 269 15 206
345 -26 303 15 207
374 32 288 15 208
339 -57 215 15 209
366 -51 230 15 210
310 -7 295 15 211
373 48 244 15 212
384 29 275 15 213
285 1 262 15 214
325 50 200 15 215
326 -54 209 15 216
365 21 301 15 217
289 -11 268 15 218
365 50 220 15 219
378 40 265 15 220
345 -49 196 15 221
353 53 211 15 222
303 3 286 15 223
379 -43 233 15 224
384 38 250 15 225
339 53 204 15 226
372 -21 299 15 227
344 11 307 15 228
358 -17 306 15 229
389 -27 270 15 230
383 19 291 15 231
385 -23 284 15 232
475 0 234 15 233
-34 0 -30 1 234
-64 0 -28 15 235
106 0 -42 15 236
-15 0 -27 1 237
123 0 -42 15 238
4 0 -22 1 239
154 0 -42 15 240
24 0 -16 1 241
171 0 -42 15 242
-16 0 2 15 243
188 0 -42 15 244
204 0 -42 15 245
219 0 -42 15 246
234 0 -42 15 247
389 0 20 14 248
378 0 11 14 249
389 0 13 14 250
423 0 15 14 251
433 0 13 14 252
443 0 13 14 253
300 0 -42 15 254
316 0 -42 15 255
475 0 -18 15 256
333 0 -42 15 257
478 0 -32 15 258
479 0 11 15 259
479 0 27 15 260
479 0 42 15 261
452 0 39 14 262
479 0 59 15 263
397 0 35 14 264
382 0 41 14 265
346 0 35 14 266
345 0 44 14 267
374 0 59 14 268
377 0 69 14 269
335 0 66 14 270
345 0 74 14 271
345 0 83 14 272
479 0 103 15 273
479 0 132 15 274
479 0 162 15 275
377 -24 165 15 276
364 -31 164 15 277
351 -29 161 15 278
343 -3 155 15 279
342 -18 159 15 280
357 33 169 15 281
370 32 175 15 282
354 46 183 15 283
367 45 189 15 284
366 -48 195 15 285
380 40 197 15 286
378 -43 200 15 287
389 -33 203 15 288
391 32 206 15 289
384 44 218 15 290
394 34 225 15 291
395 -32 226 15 292
401 23 232 15 293
403 -16 243 15 294
397 -29 245 15 295
398 27 250 15 296
400 -14 261 15 297
345 -2 302 15 298
397 16 271 15 299
395 -10 278 15 300
375 8 299 15 301
386 -8 293 15 302
479 0 260 15 303
479 0 289 15 304
479 0 319 15 305
479 0 362 15 306
479 0 392 15 307
477 0 406 15 308
448 0 406 15 309
432 0 406 15 310
417 0 406 15 311
373 0 406 15 312
470 0 350 15 313
371 -34 290 15 314
358 -32 301 15 315
357 -44 289 15 316
343 -40 299 15 317
342 -50 286 15 318
327 -45 296 15 319
327 48 291 15 320
324 -53 283 15 321
327 -58 270 15 322
308 -53 279 15 323
132 0 406 15 324
75 0 406 15 325
17 0 406 15 326
2 0 406 15 327
-28 0 406 15 328
-44 0 406 15 329
-59 0 406 15 330
-64 0 396 15 331
90 0 394 1 332
-65 0 366 15 333
55 0 370 1 334
-65 0 321 15 335
75 0 345 15 336
54 0 321 1 337
-65 0 260 15 338
84 0 315 15 339
-65 0 229 15 340
78 0 292 1 341
105 0 301 15 342
100 0 289 15 343
16 0 235 2 344
104 0 275 15 345
-65 0 179 15 346
0 0 208 1 347
102 0 247 1 348
55 0 217 2 349
-65 0 159 15 350
44 0 194 1 351
58 0 196 2 352
-3 0 166 1 353
60 0 182 1 354
28 0 164 1 355
19 0 158 2 356
-65 0 134 15 357
10 0 145 2 358
-34 0 134 1 359
