360
-28 0 318 15 0
118 0 355 1 1
115 0 341 15 2
103 0 357 1 3
131 0 338 1 4
95 0 368 1 5
36 0 253 1 6
126 0 324 15 7
129 0 218 2 8
77 0 214 2 9
74 0 224 2 10
78 0 241 1 11
129 0 274 1 12
59 0 254 1 13
-20 0 308 15 14
115 0 330 15 15
96 0 341 15 16
105 0 314 15 17
118 0 377 1 18
141 0 311 1 19
131 0 231 2 20
148 0 251 1 21
47 0 216 1 22
146 0 282 1 23
141 0 289 1 24
43 0 247 2 25
-18 0 224 15 26
150 0 218 1 27
39 0 206 2 28
68 0 229 1 29
131 0 289 15 30
106 0 286 1 31
138 0 226 2 32
89 0 221 1 33
116 0 274 1 34
94 0 329 15 35
118 0 367 1 36
150 0 196 1 37
137 0 307 15 38
94 0 349 15 39
272 39 206 15 40
277 -45 275 15 41
271 41 255 15 42
266 32 203 15 43
290 -48 284 15 44
71 0 32 1 45
109 0 40 1 46
44 0 64 2 47
80 0 71 1 48
186 0 74 14 49
191 0 80 14 50
75 0 96 1 51
19 0 107 2 52
140 0 118 1 53
148 0 138 1 54
153 0 159 1 55
280 36 181 15 56
273 -31 186 15 57
280 -39 195 15 58
282 44 284 15 59
271 -39 259 15 60
284 46 265 15 61
279 -41 286 15 62
98 0 19 1 63
269 -33 206 15 64
258 -22 219 15 65
259 24 229 15 66
266 33 234 15 67
264 -32 243 15 68
276 -41 244 15 69
286 -46 255 15 70
297 -38 169 15 71
295 47 288 15 72
192 0 53 14 73
-6 0 27 15 74
274 28 182 15 75
274 39 269 15 76
282 38 296 15 77
200 0 77 14 78
266 31 263 15 79
299 -49 266 15 80
10 0 53 15 81
101 0 42 1 82
201 0 28 14 83
195 0 35 14 84
200 0 46 14 85
298 49 272 15 86
266 -24 203 15 87
42 0 16 15 88
291 -32 165 15 89
208 0 72 14 90
76 0 43 1 91
208 0 25 14 92
197 0 29 14 93
196 0 41 14 94
206 0 46 14 95
274 -36 272 15 96
23 0 10 15 97
275 -21 180 15 98
296 41 300 15 99
284 -35 294 15 100
-1 0 58 15 101
216 0 24 14 102
93 0 49 1 103
215 0 45 14 104
294 45 243 15 105
220 0 49 14 106
217 0 76 14 107
293 30 163 15 108
335 0 17 14 109
363 0 51 14 110
294 0 40 14 111
312 0 53 14 112
290 0 58 14 113
253 0 55 14 114
223 0 59 14 115
269 22 204 15 116
278 32 282 15 117
315 46 291 15 118
396 0 33 14 119
259 0 51 14 120
316 49 273 15 121
301 0 32 14 122
421 0 68 15 123
245 0 33 14 124
309 0 56 14 125
223 0 71 14 126
287 22 163 15 127
276 19 182 15 128
310 48 245 15 129
312 0 11 14 130
251 0 65 14 131
301 -38 299 15 132
267 0 24 14 133
250 0 27 14 134
270 0 39 14 135
294 0 50 14 136
291 0 56 14 137
322 48 254 15 138
328 -45 286 15 139
293 -23 161 15 140
269 11 206 15 141
330 46 276 15 142
330 42 295 15 143
352 0 27 14 144
258 0 22 14 145
272 0 31 14 146
315 0 46 14 147
323 0 55 14 148
300 0 58 14 149
314 24 137 15 150
282 -30 277 15 151
281 -10 178 15 152
269 13 223 15 153
268 -8 231 15 154
271 -19 239 15 155
273 21 247 15 156
358 0 34 14 157
270 -11 212 15 158
277 -28 250 15 159
276 -22 265 15 160
278 23 273 15 161
283 -18 287 15 162
323 -49 261 15 163
296 24 303 15 164
302 -27 308 15 165
308 26 313 15 166
273 0 69 14 167
342 41 285 15 168
294 -12 158 15 169
276 -13 198 15 170
342 -39 293 15 171
252 0 74 14 172
293 -24 294 15 173
312 0 24 14 174
308 18 142 15 175
314 35 156 15 176
300 9 151 15 177
296 -1 156 15 178
288 12 169 15 179
285 1 175 15 180
279 8 188 15 181
277 -2 194 15 182
260 0 76 14 183
402 0 63 14 184
273 0 48 14 185
281 0 68 14 186
269 0 72 14 187
316 -26 313 15 188
344 35 301 15 189
270 0 20 14 190
338 -46 262 15 191
276 0 207 15 192
341 28 314 15 193
324 20 317 15 194
352 -41 264 15 195
276 2 221 15 196
346 45 252 15 197
281 -12 252 15 198
284 12 263 15 199
339 -46 238 15 200
298 15 290 15 201
279 -1 241 15 202
279 10 243 15 203
363 -33 265 15 204
315 -7 310 15 205
360 -32 283 15 206
334 -22 313 15 207
357 26 305 15 208
329 -47 222 15 209
351 -42 243 15 210
305 -5 298 15 211
357 39 258 15 212
366 24 292 15 213
284 1 263 15 214
318 41 206 15 215
318 -44 215 15 216
351 18 314 15 217
288 -9 269 15 218
351 41 232 15 219
362 33 278 15 220
335 -41 202 15 221
341 44 219 15 222
300 3 288 15 223
363 -35 246 15 224
367 32 262 15 225
330 44 211 15 226
357 -17 313 15 227
334 9 314 15 228
346 -14 318 15 229
374 -22 285 15 230
369 16 305 15 231
372 -19 297 15 232
446 0 258 15 233
-9 0 -32 1 234
-32 0 -30 15 235
110 0 -42 15 236
12 0 -29 1 237
127 0 -42 15 238
30 0 -25 1 239
156 0 -42 15 240
50 0 -20 1 241
173 0 -42 15 242
20 0 -5 15 243
190 0 -42 15 244
205 0 -42 15 245
219 0 -42 15 246
233 0 -42 15 247
363 0 10 14 248
355 0 2 14 249
366 0 4 14 250
396 0 6 14 251
406 0 4 14 252
415 0 4 14 253
299 0 -42 15 254
313 0 -42 15 255
446 0 -22 15 256
330 0 -42 15 257
452 0 -33 15 258
453 0 4 15 259
453 0 18 15 260
453 0 32 15 261
431 0 31 14 262
453 0 50 15 263
385 0 31 14 264
373 0 38 14 265
343 0 34 14 266
342 0 43 14 267
366 0 57 14 268
369 0 67 14 269
334 0 66 14 270
342 0 74 14 271
342 0 83 14 272
453 0 101 15 273
453 0 127 15 274
453 0 153 15 275
369 -20 157 15 276
358 -26 158 15 277
347 -24 157 15 278
341 -3 154 15 279
340 -15 159 15 280
352 27 169 15 281
363 26 175 15 282
349 38 182 15 283
361 37 189 15 284
359 -40 196 15 285
371 33 199 15 286
370 -35 203 15 287
378 -28 207 15 288
380 26 211 15 289
375 36 223 15 290
383 28 230 15 291
384 -26 232 15 292
388 19 239 15 293
390 -13 249 15 294
386 -24 253 15 295
386 22 258 15 296
388 -11 269 15 297
342 -2 305 15 298
385 13 281 15 299
383 -8 288 15 300
367 6 307 15 301
376 -6 303 15 302
453 0 277 15 303
453 0 303 15 304
453 0 329 15 305
453 0 367 15 306
453 0 393 15 307
451 0 405 15 308
425 0 405 15 309
410 0 405 15 310
396 0 405 15 311
358 0 405 15 312
436 0 359 15 313
353 -28 309 15 314
341 -26 318 15 315
339 -36 308 15 316
326 -33 316 15 317
323 -41 306 15 318
309 -37 314 15 319
307 40 310 15 320
303 -44 303 15 321
304 -48 293 15 322
287 -44 300 15 323
140 0 405 15 324
91 0 405 15 325
42 0 405 15 326
27 0 405 15 327
1 0 405 15 328
-13 0 405 15 329
-28 0 405 15 330
-33 0 397 15 331
94 0 394 1 332
-35 0 369 15 333
65 0 371 1 334
-35 0 329 15 335
81 0 348 15 336
64 0 326 1 337
-35 0 274 15 338
89 0 318 15 339
-35 0 245 15 340
83 0 296 1 341
106 0 302 15 342
102 0 290 15 343
33 0 244 2 344
105 0 276 15 345
-35 0 193 15 346
20 0 217 1 347
104 0 248 1 348
65 0 221 2 349
-35 0 172 15 350
56 0 199 1 351
68 0 200 2 352
17 0 173 1 353
69 0 184 1 354
42 0 168 1 355
35 0 162 2 356
-35 0 140 15 357
27 0 148 2 358
-9 0 138 1 359
