360
-69 0 305 15 0
114 0 353 1 1
107 0 337 15 2
92 0 353 1 3
125 0 335 1 4
80 0 364 1 5
5 0 235 1 6
118 0 319 15 7
121 0 214 2 8
57 0 205 2 9
52 0 215 2 10
57 0 231 1 11
122 0 269 1 12
34 0 240 1 13
-66 0 291 15 14
103 0 322 15 15
79 0 333 15 16
90 0 305 15 17
107 0 375 1 18
136 0 308 1 19
122 0 227 2 20
145 0 249 1 21
18 0 202 1 22
141 0 280 1 23
135 0 285 1 24
13 0 229 2 25
-65 0 197 15 26
146 0 217 1 27
6 0 192 2 28
42 0 218 1 29
123 0 284 15 30
91 0 278 1 31
130 0 222 2 32
68 0 213 1 33
103 0 267 1 34
75 0 319 15 35
104 0 362 1 36
144 0 191 1 37
127 0 302 15 38
73 0 340 15 39
296 50 205 15 40
302 -56 251 15 41
293 51 235 15 42
285 40 203 15 43
317 -60 259 15 44
40 0 37 1 45
89 0 44 1 46
7 0 70 2 47
52 0 75 1 48
185 0 75 14 49
191 0 79 14 50
45 0 96 1 51
-26 0 106 2 52
127 0 116 1 53
136 0 139 1 54
142 0 161 1 55
302 45 185 15 56
293 -39 188 15 57
303 -49 195 15 58
305 56 260 15 59
291 -50 241 15 60
307 58 242 15 61
300 -52 265 15 62
72 0 23 1 63
287 -42 206 15 64
274 -28 217 15 65
275 30 223 15 66
283 42 226 15 67
282 -40 230 15 68
297 -51 225 15 69
309 -58 233 15 70
322 -48 177 15 71
320 59 264 15 72
189 0 53 14 73
-60 0 35 15 74
293 36 185 15 75
293 49 252 15 76
302 48 275 15 77
198 0 79 14 78
282 39 248 15 79
323 -61 242 15 80
-40 0 62 15 81
75 0 47 1 82
200 0 28 14 83
192 0 36 14 84
198 0 48 14 85
322 61 247 15 86
281 -30 201 15 87
-1 0 24 15 88
312 -40 172 15 89
207 0 77 14 90
42 0 50 1 91
207 0 25 14 92
193 0 29 14 93
193 0 42 14 94
205 0 48 14 95
291 -45 255 15 96
-26 0 18 15 97
290 -27 182 15 98
317 51 280 15 99
302 -44 277 15 100
-58 0 68 15 101
216 0 24 14 102
61 0 54 1 103
214 0 48 14 104
314 56 223 15 105
220 0 51 14 106
217 0 77 14 107
312 38 171 15 108
364 0 28 14 109
398 0 59 14 110
312 0 44 14 111
335 0 60 14 112
307 0 64 14 113
261 0 60 14 114
223 0 60 14 115
281 28 203 15 116
293 40 268 15 117
338 58 269 15 118
440 0 48 14 119
267 0 55 14 120
339 61 250 15 121
319 0 36 14 122
471 0 79 15 123
249 0 35 14 124
329 0 61 14 125
222 0 71 14 126
303 28 169 15 127
288 24 185 15 128
330 60 226 15 129
332 0 19 14 130
256 0 67 14 131
318 -47 283 15 132
276 0 25 14 133
254 0 28 14 134
278 0 42 14 135
309 0 54 14 136
305 0 61 14 137
344 60 233 15 138
351 -56 265 15 139
308 -29 168 15 140
277 14 204 15 141
354 58 255 15 142
353 53 274 15 143
381 0 38 14 144
262 0 23 14 145
280 0 33 14 146
334 0 51 14 147
344 0 60 14 148
316 0 63 14 149
332 31 153 15 150
293 -38 267 15 151
291 -13 179 15 152
276 17 221 15 153
274 -11 228 15 154
278 -24 234 15 155
280 27 241 15 156
387 0 44 14 157
277 -14 211 15 158
285 -36 243 15 159
284 -28 258 15 160
287 29 264 15 161
292 -23 279 15 162
343 -61 242 15 163
309 30 291 15 164
317 -34 294 15 165
323 33 298 15 166
279 0 73 14 167
367 51 262 15 168
306 -15 164 15 169
283 -17 196 15 170
366 -50 269 15 171
252 0 75 14 172
304 -31 285 15 173
328 0 28 14 174
322 23 154 15 175
330 44 169 15 176
313 12 158 15 177
307 -1 161 15 178
298 15 172 15 179
293 1 176 15 180
285 11 188 15 181
283 -2 192 15 182
262 0 76 14 183
439 0 71 14 184
277 0 49 14 185
287 0 72 14 186
272 0 74 14 187
332 -33 299 15 188
366 45 279 15 189
273 0 22 14 190
358 -58 245 15 191
278 0 207 15 192
360 35 295 15 193
339 25 303 15 194
373 -51 248 15 195
277 2 222 15 196
364 56 235 15 197
282 -15 249 15 198
286 15 260 15 199
355 -58 223 15 200
303 18 285 15 201
279 -1 242 15 202
280 13 241 15 203
385 -42 249 15 204
325 -10 302 15 205
382 -40 266 15 206
348 -27 301 15 207
378 33 285 15 208
341 -59 214 15 209
370 -53 227 15 210
311 -7 294 15 211
377 50 241 15 212
388 30 271 15 213
285 1 262 15 214
327 52 198 15 215
328 -56 207 15 216
369 22 298 15 217
289 -12 267 15 218
369 52 218 15 219
382 42 262 15 220
347 -51 194 15 221
355 55 209 15 222
303 4 286 15 223
383 -45 230 15 224
388 40 247 15 225
342 55 203 15 226
376 -22 295 15 227
346 11 305 15 228
360 -18 304 15 229
393 -28 267 15 230
386 20 287 15 231
389 -24 281 15 232
482 0 228 15 233
-39 0 -30 1 234
-71 0 -28 15 235
105 0 -42 15 236
-21 0 -27 1 237
122 0 -42 15 238
-2 0 -21 1 239
154 0 -42 15 240
18 0 -15 1 241
171 0 -42 15 242
-25 0 4 15 243
188 0 -42 15 244
203 0 -42 15 245
219 0 -42 15 246
234 0 -42 15 247
395 0 23 14 248
384 0 13 14 249
394 0 16 14 250
430 0 17 14 251
440 0 16 14 252
450 0 15 14 253
301 0 -42 15 254
317 0 -42 15 255
482 0 -17 15 256
334 0 -42 15 257
484 0 -32 15 258
485 0 13 15 259
485 0 29 15 260
485 0 45 15 261
457 0 41 14 262
485 0 62 15 263
400 0 36 14 264
385 0 42 14 265
347 0 35 14 266
346 0 44 14 267
376 0 60 14 268
379 0 70 14 269
335 0 66 14 270
346 0 74 14 271
346 0 83 14 272
485 0 103 15 273
485 0 134 15 274
485 0 164 15 275
379 -25 167 15 276
366 -33 166 15 277
352 -30 162 15 278
344 -4 155 15 279
343 -18 160 15 280
358 34 170 15 281
372 33 175 15 282
355 47 183 15 283
369 46 188 15 284
367 -50 194 15 285
382 42 196 15 286
380 -45 200 15 287
391 -35 202 15 288
393 33 205 15 289
387 45 217 15 290
396 36 223 15 291
398 -33 225 15 292
404 24 231 15 293
406 -17 241 15 294
400 -30 244 15 295
401 28 248 15 296
403 -14 259 15 297
345 -2 302 15 298
399 17 269 15 299
398 -11 276 15 300
376 8 297 15 301
388 -8 290 15 302
485 0 256 15 303
485 0 286 15 304
485 0 316 15 305
485 0 361 15 306
485 0 392 15 307
484 0 406 15 308
453 0 406 15 309
438 0 406 15 310
422 0 406 15 311
377 0 406 15 312
477 0 348 15 313
375 -36 286 15 314
362 -33 297 15 315
361 -45 284 15 316
347 -42 295 15 317
346 -52 282 15 318
331 -46 292 15 319
331 50 287 15 320
329 -55 278 15 321
332 -60 265 15 322
312 -55 274 15 323
130 0 406 15 324
71 0 406 15 325
11 0 406 15 326
-5 0 406 15 327
-35 0 406 15 328
-51 0 406 15 329
-66 0 406 15 330
-72 0 396 15 331
89 0 394 1 332
-72 0 365 15 333
53 0 370 1 334
-72 0 319 15 335
74 0 345 15 336
52 0 320 1 337
-72 0 257 15 338
83 0 314 15 339
-72 0 225 15 340
76 0 291 1 341
105 0 301 15 342
99 0 289 15 343
12 0 233 2 344
104 0 275 15 345
-72 0 175 15 346
-4 0 206 1 347
102 0 247 1 348
53 0 216 2 349
-72 0 156 15 350
42 0 193 1 351
56 0 196 2 352
-8 0 164 1 353
58 0 181 1 354
24 0 163 1 355
16 0 157 2 356
-72 0 132 15 357
5 0 144 2 358
-40 0 134 1 359
