360
-46 0 312 15 0
116 0 354 1 1
111 0 340 15 2
98 0 356 1 3
128 0 336 1 4
89 0 367 1 5
22 0 245 1 6
122 0 322 15 7
125 0 217 2 8
68 0 210 2 9
64 0 220 2 10
69 0 237 1 11
126 0 272 1 12
48 0 248 1 13
-40 0 301 15 14
109 0 327 15 15
89 0 337 15 16
98 0 310 15 17
113 0 376 1 18
139 0 310 1 19
127 0 229 2 20
147 0 250 1 21
35 0 210 1 22
144 0 281 1 23
138 0 287 1 24
30 0 239 2 25
-39 0 212 15 26
148 0 218 1 27
25 0 200 2 28
57 0 224 1 29
128 0 287 15 30
99 0 283 1 31
135 0 224 2 32
80 0 218 1 33
110 0 271 1 34
86 0 325 15 35
112 0 365 1 36
148 0 193 1 37
133 0 305 15 38
85 0 345 15 39
282 44 206 15 40
288 -50 265 15 41
281 45 246 15 42
274 35 203 15 43
302 -53 273 15 44
58 0 34 1 45
100 0 41 1 46
28 0 67 2 47
68 0 73 1 48
186 0 74 14 49
191 0 79 14 50
62 0 96 1 51
-1 0 107 2 52
134 0 117 1 53
143 0 138 1 54
148 0 160 1 55
289 40 183 15 56
282 -35 187 15 57
290 -44 195 15 58
292 49 273 15 59
280 -44 251 15 60
294 51 255 15 61
288 -46 277 15 62
87 0 21 1 63
277 -37 206 15 64
265 -25 218 15 65
266 26 226 15 66
273 37 230 15 67
272 -35 237 15 68
285 -45 236 15 69
296 -51 245 15 70
308 -42 173 15 71
306 52 278 15 72
191 0 53 14 73
-30 0 31 15 74
282 32 184 15 75
283 44 261 15 76
291 42 287 15 77
199 0 78 14 78
273 35 256 15 79
309 -54 256 15 80
-12 0 57 15 81
90 0 44 1 82
200 0 28 14 83
194 0 36 14 84
199 0 47 14 85
309 54 261 15 86
273 -26 202 15 87
23 0 19 15 88
300 -35 168 15 89
207 0 74 14 90
61 0 46 1 91
208 0 25 14 92
195 0 29 14 93
195 0 41 14 94
206 0 47 14 95
282 -40 265 15 96
1 0 14 15 97
281 -24 180 15 98
306 45 291 15 99
292 -39 287 15 100
-26 0 62 15 101
216 0 24 14 102
79 0 52 1 103
214 0 47 14 104
302 50 234 15 105
220 0 50 14 106
217 0 76 14 107
301 33 167 15 108
348 0 22 14 109
378 0 54 14 110
302 0 42 14 111
322 0 56 14 112
297 0 60 14 113
257 0 57 14 114
223 0 60 14 115
274 25 204 15 116
285 35 276 15 117
325 51 282 15 118
415 0 39 14 119
263 0 53 14 120
326 54 263 15 121
309 0 34 14 122
443 0 73 15 123
247 0 34 14 124
318 0 58 14 125
222 0 71 14 126
294 24 166 15 127
281 21 184 15 128
318 53 237 15 129
321 0 14 14 130
253 0 66 14 131
309 -42 292 15 132
271 0 25 14 133
252 0 27 14 134
273 0 40 14 135
300 0 52 14 136
297 0 58 14 137
332 53 245 15 138
338 -50 277 15 139
300 -25 164 15 140
273 12 205 15 141
340 51 267 15 142
340 47 286 15 143
365 0 32 14 144
260 0 22 14 145
276 0 32 14 146
323 0 48 14 147
332 0 57 14 148
307 0 61 14 149
322 27 144 15 150
287 -33 273 15 151
285 -11 178 15 152
272 15 222 15 153
271 -9 230 15 154
274 -21 237 15 155
276 24 244 15 156
371 0 38 14 157
273 -12 211 15 158
281 -32 247 15 159
280 -24 262 15 160
282 25 269 15 161
287 -20 284 15 162
332 -54 253 15 163
302 26 298 15 164
308 -30 302 15 165
314 29 306 15 166
276 0 71 14 167
353 45 275 15 168
299 -13 160 15 169
279 -15 197 15 170
353 -44 283 15 171
252 0 75 14 172
298 -27 290 15 173
319 0 26 14 174
314 20 147 15 175
321 39 162 15 176
306 10 154 15 177
301 -1 158 15 178
293 13 170 15 179
288 1 175 15 180
281 9 188 15 181
279 -2 193 15 182
261 0 76 14 183
418 0 66 14 184
275 0 48 14 185
284 0 70 14 186
270 0 73 14 187
323 -29 307 15 188
354 39 291 15 189
271 0 21 14 190
347 -51 255 15 191
277 0 207 15 192
349 31 306 15 193
330 22 311 15 194
361 -45 257 15 195
277 2 222 15 196
354 50 245 15 197
281 -13 250 15 198
284 13 262 15 199
346 -51 232 15 200
300 16 288 15 201
279 -1 242 15 202
279 11 242 15 203
372 -37 258 15 204
320 -8 306 15 205
370 -35 276 15 206
340 -24 307 15 207
366 29 296 15 208
334 -52 218 15 209
359 -47 236 15 210
308 -6 296 15 211
365 44 251 15 212
376 26 283 15 213
285 1 263 15 214
322 46 202 15 215
323 -49 212 15 216
359 20 307 15 217
289 -10 268 15 218
359 46 225 15 219
371 37 271 15 220
340 -45 199 15 221
347 49 215 15 222
301 3 287 15 223
371 -39 239 15 224
376 35 255 15 225
335 49 207 15 226
365 -19 305 15 227
339 10 310 15 228
352 -15 311 15 229
382 -25 277 15 230
376 17 297 15 231
379 -21 290 15 232
462 0 245 15 233
-22 0 -31 1 234
-49 0 -29 15 235
108 0 -42 15 236
-3 0 -28 1 237
125 0 -42 15 238
16 0 -24 1 239
155 0 -42 15 240
36 0 -17 1 241
172 0 -42 15 242
0 0 -1 15 243
189 0 -42 15 244
204 0 -42 15 245
219 0 -42 15 246
233 0 -42 15 247
377 0 15 14 248
368 0 7 14 249
378 0 9 14 250
411 0 11 14 251
421 0 9 14 252
430 0 8 14 253
300 0 -42 15 254
315 0 -42 15 255
462 0 -20 15 256
332 0 -42 15 257
466 0 -33 15 258
467 0 8 15 259
467 0 23 15 260
467 0 38 15 261
442 0 36 14 262
467 0 55 15 263
392 0 33 14 264
378 0 40 14 265
345 0 34 14 266
344 0 43 14 267
370 0 58 14 268
374 0 68 14 269
335 0 66 14 270
344 0 74 14 271
344 0 83 14 272
467 0 102 15 273
467 0 130 15 274
467 0 158 15 275
373 -22 162 15 276
362 -29 162 15 277
349 -26 159 15 278
342 -3 154 15 279
341 -16 159 15 280
355 30 169 15 281
367 29 175 15 282
352 42 183 15 283
364 41 189 15 284
363 -44 195 15 285
376 37 198 15 286
374 -39 202 15 287
384 -31 205 15 288
386 29 209 15 289
380 40 220 15 290
389 32 227 15 291
390 -29 229 15 292
395 21 235 15 293
397 -15 246 15 294
392 -26 249 15 295
393 25 254 15 296
395 -12 265 15 297
343 -2 304 15 298
391 15 276 15 299
390 -9 283 15 300
371 7 303 15 301
381 -7 298 15 302
467 0 268 15 303
467 0 296 15 304
467 0 324 15 305
467 0 364 15 306
467 0 392 15 307
465 0 406 15 308
437 0 406 15 309
422 0 406 15 310
407 0 406 15 311
366 0 406 15 312
454 0 354 15 313
363 -32 299 15 314
350 -29 309 15 315
349 -40 298 15 316
335 -37 307 15 317
333 -46 295 15 318
319 -41 304 15 319
318 44 300 15 320
315 -49 292 15 321
316 -53 281 15 322
298 -49 289 15 323
136 0 406 15 324
82 0 406 15 325
28 0 406 15 326
13 0 406 15 327
-14 0 406 15 328
-30 0 406 15 329
-45 0 406 15 330
-50 0 396 15 331
92 0 394 1 332
-51 0 367 15 333
60 0 371 1 334
-51 0 324 15 335
78 0 346 15 336
59 0 324 1 337
-51 0 266 15 338
86 0 316 15 339
-51 0 236 15 340
80 0 294 1 341
105 0 302 15 342
101 0 290 15 343
24 0 239 2 344
105 0 275 15 345
-51 0 185 15 346
9 0 212 1 347
103 0 248 1 348
60 0 219 2 349
-51 0 165 15 350
50 0 196 1 351
63 0 198 2 352
6 0 169 1 353
64 0 183 1 354
34 0 166 1 355
27 0 160 2 356
-51 0 137 15 357
18 0 146 2 358
-23 0 136 1 359
