360
-83 0 300 15 0
112 0 352 1 1
105 0 336 15 2
88 0 352 1 3
123 0 334 1 4
75 0 363 1 5
-5 0 229 1 6
115 0 318 15 7
119 0 213 2 8
50 0 202 2 9
45 0 212 2 10
51 0 228 1 11
120 0 268 1 12
26 0 236 1 13
-81 0 285 15 14
99 0 320 15 15
74 0 330 15 16
85 0 302 15 17
104 0 374 1 18
134 0 307 1 19
119 0 225 2 20
143 0 248 1 21
8 0 198 1 22
140 0 279 1 23
133 0 284 1 24
2 0 223 2 25
-80 0 188 15 26
144 0 216 1 27
-5 0 187 2 28
34 0 214 1 29
120 0 283 15 30
86 0 275 1 31
128 0 220 2 32
62 0 210 1 33
99 0 265 1 34
68 0 315 15 35
100 0 361 1 36
142 0 189 1 37
124 0 300 15 38
65 0 338 15 39
303 53 205 15 40
310 -60 244 15 41
300 55 229 15 42
292 43 203 15 43
325 -64 250 15 44
30 0 38 1 45
82 0 45 1 46
-6 0 73 2 47
42 0 76 1 48
185 0 75 14 49
191 0 79 14 50
35 0 96 1 51
-40 0 106 2 52
123 0 116 1 53
133 0 139 1 54
139 0 161 1 55
310 48 187 15 56
300 -42 188 15 57
311 -53 195 15 58
312 60 252 15 59
298 -53 235 15 60
314 62 234 15 61
307 -55 258 15 62
64 0 24 1 63
293 -44 205 15 64
279 -30 216 15 65
280 32 221 15 66
289 44 223 15 67
287 -43 226 15 68
304 -55 219 15 69
316 -62 226 15 70
330 -51 180 15 71
328 63 256 15 72
189 0 53 14 73
-77 0 38 15 74
299 38 186 15 75
299 53 246 15 76
309 51 269 15 77
198 0 79 14 78
288 42 243 15 79
331 -65 234 15 80
-57 0 65 15 81
66 0 48 1 82
199 0 28 14 83
191 0 36 14 84
197 0 49 14 85
330 65 239 15 86
286 -32 200 15 87
-15 0 26 15 88
319 -43 175 15 89
207 0 78 14 90
30 0 52 1 91
207 0 25 14 92
192 0 29 14 93
191 0 43 14 94
204 0 49 14 95
296 -48 250 15 96
-42 0 21 15 97
295 -29 183 15 98
324 55 273 15 99
308 -47 272 15 100
-76 0 71 15 101
216 0 24 14 102
50 0 56 1 103
214 0 49 14 104
320 60 216 15 105
220 0 52 14 106
217 0 77 14 107
319 40 173 15 108
374 0 32 14 109
410 0 62 14 110
318 0 46 14 111
343 0 62 14 112
313 0 66 14 113
264 0 61 14 114
223 0 61 14 115
285 30 203 15 116
297 43 263 15 117
346 62 261 15 118
454 0 53 14 119
270 0 56 14 120
346 65 243 15 121
325 0 37 14 122
487 0 83 15 123
251 0 35 14 124
336 0 63 14 125
221 0 71 14 126
308 30 172 15 127
292 26 186 15 128
336 64 220 15 129
338 0 21 14 130
257 0 68 14 131
324 -51 277 15 132
279 0 26 14 133
256 0 28 14 134
281 0 42 14 135
314 0 56 14 136
310 0 62 14 137
352 64 226 15 138
359 -60 258 15 139
313 -31 170 15 140
280 15 204 15 141
361 62 248 15 142
361 57 267 15 143
391 0 41 14 144
264 0 23 14 145
283 0 34 14 146
340 0 52 14 147
351 0 62 14 148
321 0 65 14 149
339 33 159 15 150
297 -40 263 15 151
294 -13 179 15 152
278 18 221 15 153
276 -12 228 15 154
280 -26 233 15 155
282 29 239 15 156
396 0 47 14 157
279 -15 211 15 158
288 -38 240 15 159
287 -30 255 15 160
289 31 261 15 161
295 -24 276 15 162
349 -65 236 15 163
313 32 288 15 164
321 -37 289 15 165
329 35 293 15 166
281 0 74 14 167
375 55 254 15 168
310 -16 165 15 169
285 -18 196 15 170
374 -53 262 15 171
252 0 75 14 172
308 -33 282 15 173
333 0 30 14 174
327 24 158 15 175
335 47 173 15 176
317 12 160 15 177
311 -1 163 15 178
301 16 173 15 179
296 1 176 15 180
287 12 188 15 181
285 -3 192 15 182
263 0 76 14 183
452 0 74 14 184
279 0 50 14 185
290 0 74 14 186
273 0 75 14 187
337 -35 294 15 188
374 48 273 15 189
274 0 22 14 190
365 -62 239 15 191
279 0 207 15 192
367 37 289 15 193
343 27 299 15 194
380 -55 242 15 195
277 3 222 15 196
370 60 230 15 197
282 -16 248 15 198
286 16 259 15 199
361 -62 219 15 200
305 20 284 15 201
279 -1 242 15 202
280 13 240 15 203
392 -44 243 15 204
328 -10 300 15 205
389 -43 260 15 206
353 -29 297 15 207
384 35 278 15 208
346 -63 211 15 209
376 -57 222 15 210
313 -7 293 15 211
383 53 236 15 212
396 32 265 15 213
286 1 262 15 214
330 55 196 15 215
331 -60 205 15 216
374 24 293 15 217
290 -12 267 15 218
374 55 213 15 219
388 44 257 15 220
351 -55 192 15 221
360 59 206 15 222
305 4 286 15 223
389 -48 225 15 224
394 43 241 15 225
345 59 200 15 226
382 -23 289 15 227
350 12 302 15 228
365 -19 299 15 229
400 -30 261 15 230
392 21 282 15 231
394 -26 275 15 232
493 0 218 15 233
-50 0 -29 1 234
-84 0 -27 15 235
103 0 -42 15 236
-32 0 -26 1 237
120 0 -42 15 238
-13 0 -20 1 239
153 0 -42 15 240
8 0 -13 1 241
170 0 -42 15 242
-39 0 6 15 243
187 0 -42 15 244
203 0 -42 15 245
219 0 -42 15 246
234 0 -42 15 247
406 0 27 14 248
393 0 17 14 249
404 0 19 14 250
441 0 21 14 251
451 0 19 14 252
461 0 18 14 253
302 0 -42 15 254
318 0 -42 15 255
493 0 -15 15 256
335 0 -42 15 257
495 0 -31 15 258
495 0 16 15 259
495 0 32 15 260
495 0 49 15 261
466 0 44 14 262
495 0 66 15 263
405 0 37 14 264
388 0 44 14 265
348 0 35 14 266
347 0 44 14 267
379 0 60 14 268
383 0 70 14 269
336 0 66 14 270
347 0 74 14 271
347 0 83 14 272
495 0 104 15 273
495 0 136 15 274
495 0 167 15 275
382 -27 170 15 276
368 -35 168 15 277
353 -32 164 15 278
345 -4 156 15 279
344 -20 160 15 280
360 37 170 15 281
375 35 175 15 282
356 51 183 15 283
372 50 188 15 284
370 -54 194 15 285
386 44 195 15 286
384 -48 198 15 287
395 -37 201 15 288
398 35 203 15 289
390 48 215 15 290
401 38 221 15 291
403 -35 222 15 292
409 26 228 15 293
411 -18 239 15 294
405 -32 241 15 295
406 30 245 15 296
408 -15 256 15 297
346 -2 301 15 298
404 18 265 15 299
402 -12 272 15 300
380 9 294 15 301
392 -9 286 15 302
495 0 249 15 303
495 0 280 15 304
495 0 312 15 305
495 0 359 15 306
495 0 391 15 307
495 0 407 15 308
463 0 407 15 309
446 0 407 15 310
430 0 407 15 311
383 0 407 15 312
491 0 345 15 313
382 -38 278 15 314
369 -35 290 15 315
369 -48 277 15 316
355 -44 288 15 317
354 -55 274 15 318
338 -50 285 15 319
339 54 279 15 320
337 -59 270 15 321
341 -64 256 15 322
321 -59 266 15 323
127 0 407 15 324
64 0 407 15 325
1 0 407 15 326
-15 0 407 15 327
-47 0 407 15 328
-63 0 407 15 329
-79 0 407 15 330
-84 0 396 15 331
88 0 394 1 332
-85 0 363 15 333
49 0 369 1 334
-85 0 315 15 335
71 0 344 15 336
48 0 318 1 337
-85 0 251 15 338
81 0 313 15 339
-85 0 219 15 340
74 0 290 1 341
104 0 301 15 342
99 0 288 15 343
6 0 229 2 344
103 0 275 15 345
-85 0 169 15 346
-12 0 202 1 347
101 0 247 1 348
49 0 214 2 349
-85 0 150 15 350
37 0 190 1 351
53 0 194 2 352
-16 0 161 1 353
54 0 180 1 354
19 0 161 1 355
9 0 156 2 356
-85 0 130 15 357
-2 0 143 2 358
-50 0 132 1 359
