360
-91 0 298 15 0
112 0 352 1 1
103 0 335 15 2
86 0 351 1 3
122 0 333 1 4
72 0 362 1 5
-11 0 225 1 6
114 0 317 15 7
117 0 212 2 8
46 0 201 2 9
41 0 210 2 10
47 0 226 1 11
118 0 267 1 12
21 0 233 1 13
-90 0 282 15 14
97 0 318 15 15
71 0 329 15 16
82 0 301 15 17
101 0 374 1 18
133 0 306 1 19
118 0 225 2 20
142 0 248 1 21
2 0 195 1 22
139 0 278 1 23
132 0 283 1 24
-4 0 220 2 25
-89 0 183 15 26
144 0 216 1 27
-11 0 184 2 28
29 0 212 1 29
118 0 282 15 30
82 0 274 1 31
126 0 220 2 32
58 0 209 1 33
96 0 264 1 34
65 0 313 15 35
97 0 360 1 36
141 0 188 1 37
122 0 299 15 38
61 0 336 15 39
308 55 204 15 40
315 -62 239 15 41
304 57 225 15 42
296 44 203 15 43
330 -66 245 15 44
24 0 39 1 45
78 0 46 1 46
-13 0 74 2 47
37 0 77 1 48
185 0 75 14 49
191 0 79 14 50
29 0 96 1 51
-49 0 106 2 52
120 0 116 1 53
130 0 139 1 54
137 0 162 1 55
314 50 188 15 56
304 -43 189 15 57
315 -55 195 15 58
317 62 247 15 59
302 -55 231 15 60
319 64 229 15 61
311 -58 254 15 62
59 0 25 1 63
297 -46 205 15 64
283 -31 216 15 65
283 33 220 15 66
293 46 221 15 67
291 -44 224 15 68
308 -57 216 15 69
321 -64 222 15 70
335 -53 181 15 71
333 65 252 15 72
188 0 53 14 73
-88 0 40 15 74
302 40 187 15 75
303 55 243 15 76
313 53 265 15 77
198 0 79 14 78
291 43 241 15 79
336 -68 229 15 80
-66 0 66 15 81
60 0 49 1 82
199 0 28 14 83
190 0 36 14 84
197 0 49 14 85
335 68 234 15 86
289 -33 200 15 87
-23 0 28 15 88
323 -44 176 15 89
207 0 79 14 90
23 0 53 1 91
207 0 25 14 92
191 0 29 14 93
190 0 43 14 94
204 0 49 14 95
299 -50 247 15 96
-52 0 22 15 97
298 -30 183 15 98
328 57 269 15 99
311 -49 268 15 100
-87 0 73 15 101
216 0 24 14 102
44 0 57 1 103
214 0 50 14 104
324 62 212 15 105
220 0 53 14 106
217 0 77 14 107
322 42 174 15 108
380 0 34 14 109
417 0 63 14 110
322 0 46 14 111
348 0 63 14 112
316 0 67 14 113
265 0 62 14 114
223 0 61 14 115
287 31 203 15 116
300 44 261 15 117
350 64 257 15 118
462 0 56 14 119
271 0 57 14 120
351 68 238 15 121
329 0 38 14 122
497 0 85 15 123
251 0 35 14 124
340 0 64 14 125
221 0 71 14 126
310 31 173 15 127
294 27 187 15 128
340 66 216 15 129
342 0 23 14 130
258 0 69 14 131
327 -53 274 15 132
280 0 26 14 133
256 0 28 14 134
283 0 43 14 135
317 0 56 14 136
313 0 63 14 137
356 66 222 15 138
364 -62 253 15 139
316 -32 171 15 140
282 16 204 15 141
366 64 244 15 142
365 59 262 15 143
396 0 43 14 144
264 0 23 14 145
284 0 34 14 146
344 0 53 14 147
355 0 63 14 148
324 0 66 14 149
342 34 162 15 150
299 -42 261 15 151
296 -14 180 15 152
279 18 220 15 153
277 -12 227 15 154
282 -27 232 15 155
284 30 238 15 156
402 0 49 14 157
280 -16 210 15 158
290 -40 239 15 159
288 -31 254 15 160
291 32 259 15 161
297 -25 274 15 162
353 -68 232 15 163
316 33 285 15 164
324 -38 287 15 165
332 36 291 15 166
283 0 75 14 167
380 57 250 15 168
312 -17 166 15 169
287 -18 195 15 170
379 -55 257 15 171
252 0 75 14 172
310 -34 280 15 173
336 0 30 14 174
329 25 161 15 175
338 49 176 15 176
319 13 161 15 177
313 -1 163 15 178
303 17 174 15 179
297 1 176 15 180
289 12 188 15 181
286 -3 192 15 182
263 0 76 14 183
459 0 75 14 184
279 0 50 14 185
291 0 74 14 186
274 0 75 14 187
340 -37 292 15 188
378 49 268 15 189
275 0 22 14 190
369 -64 236 15 191
280 0 206 15 192
371 39 285 15 193
346 28 297 15 194
384 -57 239 15 195
278 3 222 15 196
373 62 227 15 197
282 -17 247 15 198
286 17 259 15 199
364 -64 216 15 200
306 21 283 15 201
279 -1 242 15 202
280 14 239 15 203
396 -46 240 15 204
330 -11 298 15 205
393 -44 257 15 206
356 -30 294 15 207
388 37 274 15 208
348 -65 209 15 209
379 -59 219 15 210
315 -8 292 15 211
387 55 233 15 212
400 33 261 15 213
286 1 262 15 214
332 58 194 15 215
333 -62 203 15 216
378 25 290 15 217
290 -13 266 15 218
378 58 210 15 219
392 46 254 15 220
354 -57 191 15 221
363 61 204 15 222
305 4 285 15 223
393 -49 222 15 224
398 44 238 15 225
347 61 198 15 226
385 -24 286 15 227
352 12 300 15 228
368 -19 296 15 229
403 -31 257 15 230
395 22 278 15 231
398 -27 272 15 232
500 0 213 15 233
-56 0 -29 1 234
-91 0 -26 15 235
102 0 -42 15 236
-38 0 -25 1 237
119 0 -42 15 238
-19 0 -19 1 239
152 0 -42 15 240
2 0 -12 1 241
169 0 -42 15 242
-48 0 8 15 243
186 0 -42 15 244
203 0 -42 15 245
219 0 -42 15 246
235 0 -42 15 247
412 0 29 14 248
398 0 19 14 249
409 0 22 14 250
448 0 23 14 251
458 0 22 14 252
468 0 21 14 253
302 0 -42 15 254
318 0 -42 15 255
500 0 -15 15 256
335 0 -42 15 257
501 0 -31 15 258
501 0 18 15 259
501 0 34 15 260
501 0 51 15 261
471 0 46 14 262
501 0 68 15 263
408 0 38 14 264
391 0 44 14 265
349 0 35 14 266
348 0 44 14 267
381 0 61 14 268
385 0 71 14 269
336 0 66 14 270
348 0 74 14 271
348 0 83 14 272
501 0 104 15 273
501 0 137 15 274
501 0 169 15 275
384 -28 172 15 276
370 -36 170 15 277
354 -33 165 15 278
345 -4 156 15 279
344 -21 160 15 280
361 38 170 15 281
377 37 176 15 282
357 53 183 15 283
373 51 188 15 284
371 -56 194 15 285
388 46 195 15 286
386 -49 198 15 287
398 -39 200 15 288
400 37 202 15 289
393 50 214 15 290
404 40 220 15 291
406 -37 220 15 292
412 27 226 15 293
414 -18 237 15 294
408 -33 239 15 295
409 31 243 15 296
411 -16 254 15 297
347 -2 300 15 298
407 18 263 15 299
405 -12 270 15 300
381 9 292 15 301
394 -9 284 15 302
501 0 244 15 303
501 0 277 15 304
501 0 310 15 305
501 0 358 15 306
501 0 391 15 307
501 0 407 15 308
468 0 407 15 309
452 0 407 15 310
435 0 407 15 311
387 0 407 15 312
499 0 343 15 313
386 -40 274 15 314
373 -37 286 15 315
373 -50 272 15 316
359 -46 284 15 317
358 -58 269 15 318
343 -51 280 15 319
344 56 275 15 320
342 -61 265 15 321
346 -66 251 15 322
326 -61 261 15 323
125 0 407 15 324
60 0 407 15 325
-5 0 407 15 326
-21 0 407 15 327
-54 0 407 15 328
-70 0 407 15 329
-87 0 407 15 330
-92 0 395 15 331
87 0 394 1 332
-92 0 363 15 333
47 0 369 1 334
-92 0 313 15 335
69 0 343 15 336
46 0 317 1 337
-92 0 248 15 338
80 0 312 15 339
-92 0 215 15 340
72 0 289 1 341
104 0 301 15 342
98 0 288 15 343
2 0 227 2 344
103 0 275 15 345
-92 0 165 15 346
-16 0 200 1 347
101 0 247 1 348
47 0 213 2 349
-92 0 147 15 350
34 0 189 1 351
50 0 194 2 352
-20 0 160 1 353
52 0 180 1 354
15 0 160 1 355
6 0 155 2 356
-92 0 128 15 357
-6 0 142 2 358
-56 0 132 1 359
