360
-86 0 299 15 0
112 0 352 1 1
104 0 336 15 2
88 0 352 1 3
123 0 334 1 4
74 0 363 1 5
-8 0 228 1 6
115 0 317 15 7
118 0 213 2 8
48 0 202 2 9
44 0 211 2 10
49 0 227 1 11
119 0 267 1 12
24 0 235 1 13
-84 0 284 15 14
98 0 319 15 15
73 0 330 15 16
84 0 302 15 17
103 0 374 1 18
134 0 307 1 19
119 0 225 2 20
143 0 248 1 21
6 0 197 1 22
139 0 279 1 23
133 0 284 1 24
0 0 222 2 25
-84 0 186 15 26
144 0 216 1 27
-7 0 186 2 28
32 0 213 1 29
119 0 282 15 30
84 0 275 1 31
127 0 220 2 32
60 0 210 1 33
98 0 265 1 34
67 0 315 15 35
99 0 360 1 36
142 0 188 1 37
123 0 300 15 38
64 0 337 15 39
305 54 205 15 40
312 -61 242 15 41
302 55 228 15 42
293 43 203 15 43
327 -65 248 15 44
28 0 39 1 45
80 0 45 1 46
-8 0 73 2 47
40 0 76 1 48
185 0 75 14 49
191 0 79 14 50
33 0 96 1 51
-43 0 106 2 52
122 0 116 1 53
132 0 139 1 54
138 0 162 1 55
311 49 187 15 56
302 -42 188 15 57
312 -53 195 15 58
314 61 250 15 59
299 -54 234 15 60
316 62 232 15 61
309 -56 256 15 62
62 0 24 1 63
295 -45 205 15 64
281 -30 216 15 65
281 32 221 15 66
291 45 222 15 67
289 -43 225 15 68
305 -55 218 15 69
318 -62 225 15 70
332 -52 180 15 71
330 64 255 15 72
188 0 53 14 73
-81 0 39 15 74
300 39 186 15 75
301 53 245 15 76
310 52 267 15 77
198 0 79 14 78
289 42 242 15 79
333 -66 232 15 80
-60 0 65 15 81
64 0 49 1 82
199 0 28 14 83
191 0 36 14 84
197 0 49 14 85
332 66 237 15 86
287 -32 200 15 87
-18 0 27 15 88
320 -43 175 15 89
207 0 79 14 90
28 0 52 1 91
207 0 25 14 92
192 0 29 14 93
191 0 43 14 94
204 0 49 14 95
297 -49 249 15 96
-46 0 21 15 97
296 -29 183 15 98
326 56 272 15 99
309 -48 271 15 100
-80 0 72 15 101
216 0 24 14 102
48 0 57 1 103
214 0 49 14 104
321 61 215 15 105
220 0 52 14 106
217 0 77 14 107
320 41 174 15 108
376 0 32 14 109
413 0 62 14 110
320 0 46 14 111
345 0 62 14 112
314 0 66 14 113
264 0 62 14 114
223 0 61 14 115
286 30 203 15 116
298 43 262 15 117
347 63 260 15 118
457 0 54 14 119
270 0 56 14 120
348 66 241 15 121
326 0 37 14 122
491 0 84 15 123
251 0 35 14 124
338 0 63 14 125
221 0 71 14 126
309 30 172 15 127
292 26 186 15 128
338 65 219 15 129
340 0 22 14 130
258 0 68 14 131
325 -51 276 15 132
279 0 26 14 133
256 0 28 14 134
282 0 43 14 135
315 0 56 14 136
311 0 63 14 137
353 65 225 15 138
361 -61 256 15 139
314 -31 170 15 140
281 15 204 15 141
363 62 246 15 142
362 57 265 15 143
393 0 42 14 144
264 0 23 14 145
283 0 34 14 146
341 0 53 14 147
352 0 62 14 148
322 0 66 14 149
340 33 160 15 150
298 -41 262 15 151
295 -14 180 15 152
278 18 221 15 153
276 -12 227 15 154
281 -26 233 15 155
283 29 239 15 156
398 0 48 14 157
279 -15 210 15 158
289 -39 239 15 159
287 -30 255 15 160
290 31 260 15 161
296 -25 275 15 162
351 -66 235 15 163
314 32 287 15 164
322 -37 288 15 165
330 35 292 15 166
282 0 74 14 167
377 55 253 15 168
311 -17 166 15 169
286 -18 196 15 170
376 -54 260 15 171
252 0 75 14 172
308 -33 281 15 173
334 0 30 14 174
328 25 159 15 175
336 48 174 15 176
318 13 161 15 177
312 -1 163 15 178
301 16 174 15 179
296 1 176 15 180
288 12 188 15 181
285 -3 192 15 182
263 0 76 14 183
454 0 74 14 184
279 0 50 14 185
290 0 74 14 186
273 0 75 14 187
338 -36 293 15 188
375 48 271 15 189
274 0 22 14 190
367 -62 238 15 191
280 0 206 15 192
368 38 288 15 193
344 27 298 15 194
381 -55 241 15 195
277 3 222 15 196
371 61 229 15 197
282 -16 248 15 198
286 17 259 15 199
362 -63 217 15 200
305 20 283 15 201
279 -1 242 15 202
280 14 240 15 203
393 -45 242 15 204
329 -10 299 15 205
390 -43 259 15 206
354 -30 296 15 207
386 36 277 15 208
347 -64 210 15 209
377 -57 221 15 210
314 -8 292 15 211
384 54 235 15 212
397 32 263 15 213
286 1 262 15 214
331 56 195 15 215
332 -61 204 15 216
376 24 292 15 217
290 -13 267 15 218
375 56 212 15 219
390 45 256 15 220
352 -56 192 15 221
361 60 205 15 222
305 4 286 15 223
390 -48 224 15 224
396 43 240 15 225
346 60 199 15 226
383 -24 288 15 227
350 12 301 15 228
366 -19 298 15 229
401 -30 260 15 230
393 21 280 15 231
395 -26 274 15 232
496 0 216 15 233
-52 0 -29 1 234
-87 0 -27 15 235
103 0 -42 15 236
-34 0 -26 1 237
120 0 -42 15 238
-15 0 -20 1 239
153 0 -42 15 240
6 0 -12 1 241
169 0 -42 15 242
-43 0 7 15 243
186 0 -42 15 244
203 0 -42 15 245
219 0 -42 15 246
234 0 -42 15 247
408 0 28 14 248
395 0 17 14 249
406 0 20 14 250
444 0 22 14 251
453 0 20 14 252
463 0 19 14 253
302 0 -42 15 254
318 0 -42 15 255
496 0 -15 15 256
335 0 -42 15 257
497 0 -31 15 258
497 0 17 15 259
497 0 33 15 260
497 0 50 15 261
467 0 45 14 262
497 0 66 15 263
406 0 38 14 264
389 0 44 14 265
348 0 35 14 266
347 0 44 14 267
380 0 61 14 268
384 0 71 14 269
336 0 66 14 270
347 0 74 14 271
347 0 83 14 272
497 0 104 15 273
497 0 136 15 274
497 0 168 15 275
383 -27 171 15 276
369 -35 169 15 277
354 -32 164 15 278
345 -4 156 15 279
344 -20 160 15 280
361 37 170 15 281
376 36 175 15 282
357 51 183 15 283
372 50 188 15 284
370 -54 194 15 285
386 45 195 15 286
384 -48 198 15 287
396 -38 200 15 288
398 36 202 15 289
391 49 215 15 290
402 39 221 15 291
404 -36 221 15 292
410 26 227 15 293
412 -18 238 15 294
406 -32 240 15 295
407 30 244 15 296
409 -15 255 15 297
347 -2 301 15 298
405 18 265 15 299
403 -12 271 15 300
380 9 294 15 301
393 -9 285 15 302
497 0 247 15 303
497 0 279 15 304
497 0 311 15 305
497 0 359 15 306
497 0 391 15 307
497 0 407 15 308
465 0 407 15 309
448 0 407 15 310
432 0 407 15 311
384 0 407 15 312
494 0 344 15 313
384 -39 276 15 314
370 -36 289 15 315
371 -49 275 15 316
356 -45 287 15 317
356 -56 272 15 318
340 -50 283 15 319
341 54 278 15 320
339 -60 268 15 321
343 -65 254 15 322
323 -60 264 15 323
126 0 407 15 324
63 0 407 15 325
-1 0 407 15 326
-17 0 407 15 327
-49 0 407 15 328
-66 0 407 15 329
-82 0 407 15 330
-87 0 396 15 331
87 0 394 1 332
-87 0 363 15 333
48 0 369 1 334
-87 0 315 15 335
70 0 344 15 336
47 0 318 1 337
-87 0 250 15 338
81 0 313 15 339
-87 0 217 15 340
73 0 289 1 341
104 0 301 15 342
98 0 288 15 343
4 0 229 2 344
103 0 275 15 345
-87 0 167 15 346
-13 0 202 1 347
101 0 247 1 348
48 0 214 2 349
-87 0 149 15 350
36 0 190 1 351
52 0 194 2 352
-17 0 161 1 353
54 0 180 1 354
17 0 161 1 355
8 0 155 2 356
-87 0 129 15 357
-3 0 143 2 358
-53 0 132 1 359
