360
-71 0 304 15 0
114 0 353 1 1
107 0 337 15 2
92 0 353 1 3
125 0 335 1 4
80 0 364 1 5
3 0 234 1 6
117 0 319 15 7
121 0 214 2 8
56 0 205 2 9
51 0 214 2 10
57 0 231 1 11
122 0 269 1 12
33 0 240 1 13
-68 0 290 15 14
102 0 322 15 15
79 0 332 15 16
89 0 305 15 17
107 0 375 1 18
136 0 308 1 19
122 0 227 2 20
144 0 249 1 21
17 0 202 1 22
141 0 280 1 23
135 0 285 1 24
11 0 228 2 25
-67 0 196 15 26
145 0 217 1 27
5 0 191 2 28
41 0 217 1 29
122 0 284 15 30
90 0 278 1 31
130 0 221 2 32
68 0 213 1 33
102 0 267 1 34
74 0 318 15 35
104 0 362 1 36
144 0 190 1 37
127 0 302 15 38
72 0 340 15 39
296 50 205 15 40
303 -57 251 15 41
294 52 235 15 42
286 40 203 15 43
318 -60 258 15 44
39 0 37 1 45
88 0 44 1 46
5 0 71 2 47
51 0 75 1 48
185 0 75 14 49
191 0 79 14 50
44 0 96 1 51
-27 0 106 2 52
126 0 116 1 53
136 0 139 1 54
142 0 161 1 55
303 46 186 15 56
294 -40 188 15 57
304 -50 195 15 58
306 56 259 15 59
292 -50 240 15 60
308 58 241 15 61
301 -52 264 15 62
71 0 23 1 63
288 -42 205 15 64
275 -28 217 15 65
275 30 223 15 66
284 42 225 15 67
282 -40 230 15 68
298 -52 225 15 69
310 -58 233 15 70
323 -48 178 15 71
321 59 263 15 72
189 0 53 14 73
-62 0 36 15 74
293 36 185 15 75
294 50 251 15 76
303 48 275 15 77
198 0 79 14 78
283 40 248 15 79
324 -62 241 15 80
-42 0 62 15 81
73 0 47 1 82
200 0 28 14 83
192 0 36 14 84
198 0 48 14 85
323 62 246 15 86
282 -30 201 15 87
-3 0 24 15 88
313 -40 173 15 89
207 0 77 14 90
40 0 50 1 91
207 0 25 14 92
193 0 29 14 93
192 0 42 14 94
205 0 48 14 95
291 -46 255 15 96
-28 0 19 15 97
291 -27 182 15 98
318 52 279 15 99
303 -45 277 15 100
-60 0 68 15 101
216 0 24 14 102
59 0 55 1 103
214 0 48 14 104
314 57 222 15 105
220 0 51 14 106
217 0 77 14 107
313 38 171 15 108
366 0 28 14 109
400 0 59 14 110
313 0 44 14 111
336 0 60 14 112
308 0 64 14 113
262 0 60 14 114
223 0 61 14 115
282 28 203 15 116
293 40 267 15 117
339 58 268 15 118
441 0 48 14 119
267 0 55 14 120
340 62 249 15 121
320 0 36 14 122
473 0 80 15 123
249 0 35 14 124
330 0 61 14 125
222 0 71 14 126
303 28 170 15 127
288 24 185 15 128
331 60 226 15 129
333 0 19 14 130
256 0 67 14 131
319 -48 282 15 132
276 0 26 14 133
255 0 28 14 134
279 0 42 14 135
309 0 54 14 136
306 0 61 14 137
345 60 232 15 138
352 -57 264 15 139
309 -29 168 15 140
278 14 204 15 141
355 58 254 15 142
354 53 273 15 143
382 0 38 14 144
262 0 23 14 145
280 0 33 14 146
334 0 51 14 147
345 0 60 14 148
316 0 64 14 149
333 31 154 15 150
294 -38 266 15 151
291 -13 179 15 152
276 17 221 15 153
274 -11 228 15 154
278 -24 234 15 155
280 27 241 15 156
388 0 44 14 157
277 -14 211 15 158
286 -36 242 15 159
284 -28 257 15 160
287 29 264 15 161
292 -23 278 15 162
344 -62 242 15 163
309 30 291 15 164
317 -34 293 15 165
324 33 298 15 166
280 0 73 14 167
368 52 261 15 168
306 -15 164 15 169
283 -17 196 15 170
367 -50 268 15 171
252 0 75 14 172
304 -31 284 15 173
328 0 28 14 174
323 23 155 15 175
331 45 170 15 176
313 12 158 15 177
308 -1 161 15 178
298 15 172 15 179
293 1 176 15 180
285 11 188 15 181
283 -2 192 15 182
262 0 76 14 183
441 0 71 14 184
277 0 49 14 185
288 0 73 14 186
272 0 74 14 187
332 -33 298 15 188
367 45 279 15 189
273 0 22 14 190
359 -58 244 15 191
279 0 207 15 192
361 35 294 15 193
339 25 303 15 194
374 -52 247 15 195
277 2 222 15 196
364 57 235 15 197
282 -15 249 15 198
286 15 260 15 199
356 -58 223 15 200
303 19 285 15 201
279 -1 242 15 202
280 13 240 15 203
385 -42 248 15 204
326 -10 302 15 205
382 -40 265 15 206
349 -27 300 15 207
379 33 284 15 208
342 -59 213 15 209
370 -53 227 15 210
312 -7 294 15 211
377 50 241 15 212
389 30 271 15 213
285 1 262 15 214
328 52 198 15 215
328 -56 207 15 216
369 22 298 15 217
290 -12 267 15 218
369 52 217 15 219
383 42 262 15 220
348 -52 194 15 221
356 56 209 15 222
304 4 286 15 223
383 -45 229 15 224
388 40 246 15 225
342 56 202 15 226
376 -22 295 15 227
346 11 305 15 228
361 -18 303 15 229
394 -28 266 15 230
387 20 287 15 231
389 -24 280 15 232
483 0 227 15 233
-41 0 -30 1 234
-73 0 -28 15 235
105 0 -42 15 236
-22 0 -27 1 237
122 0 -42 15 238
-3 0 -21 1 239
153 0 -42 15 240
17 0 -14 1 241
170 0 -42 15 242
-27 0 4 15 243
187 0 -42 15 244
203 0 -42 15 245
219 0 -42 15 246
234 0 -42 15 247
396 0 23 14 248
385 0 13 14 249
395 0 16 14 250
431 0 18 14 251
441 0 16 14 252
451 0 15 14 253
301 0 -42 15 254
317 0 -42 15 255
483 0 -17 15 256
334 0 -42 15 257
486 0 -31 15 258
486 0 13 15 259
486 0 29 15 260
486 0 45 15 261
458 0 41 14 262
486 0 62 15 263
401 0 36 14 264
385 0 42 14 265
347 0 35 14 266
346 0 44 14 267
376 0 60 14 268
380 0 70 14 269
335 0 66 14 270
346 0 74 14 271
346 0 83 14 272
486 0 103 15 273
486 0 134 15 274
486 0 164 15 275
379 -25 167 15 276
366 -33 166 15 277
352 -30 162 15 278
344 -4 155 15 279
343 -19 160 15 280
359 34 170 15 281
372 33 175 15 282
355 48 183 15 283
369 47 188 15 284
367 -51 194 15 285
382 42 196 15 286
381 -45 200 15 287
392 -35 202 15 288
394 33 205 15 289
387 46 217 15 290
397 36 223 15 291
399 -33 224 15 292
404 24 230 15 293
407 -17 241 15 294
401 -30 243 15 295
401 28 248 15 296
404 -14 259 15 297
345 -2 302 15 298
400 17 269 15 299
398 -11 275 15 300
377 8 297 15 301
388 -8 290 15 302
486 0 255 15 303
486 0 285 15 304
486 0 316 15 305
486 0 361 15 306
486 0 392 15 307
485 0 407 15 308
454 0 407 15 309
439 0 407 15 310
423 0 407 15 311
378 0 407 15 312
479 0 348 15 313
376 -36 285 15 314
363 -33 296 15 315
362 -46 283 15 316
348 -42 294 15 317
347 -52 281 15 318
332 -47 291 15 319
332 51 286 15 320
330 -56 277 15 321
333 -60 264 15 322
313 -56 273 15 323
130 0 407 15 324
70 0 407 15 325
10 0 407 15 326
-6 0 407 15 327
-36 0 407 15 328
-52 0 407 15 329
-68 0 407 15 330
-73 0 396 15 331
89 0 394 1 332
-74 0 365 15 333
52 0 370 1 334
-74 0 318 15 335
73 0 345 15 336
52 0 320 1 337
-74 0 256 15 338
83 0 314 15 339
-74 0 224 15 340
76 0 291 1 341
105 0 301 15 342
99 0 289 15 343
12 0 233 2 344
104 0 275 15 345
-74 0 174 15 346
-5 0 206 1 347
102 0 247 1 348
52 0 215 2 349
-74 0 155 15 350
41 0 192 1 351
56 0 195 2 352
-8 0 164 1 353
58 0 181 1 354
24 0 162 1 355
15 0 157 2 356
-74 0 132 15 357
5 0 144 2 358
-42 0 133 1 359
