360
-17 0 322 15 0
119 0 355 1 1
117 0 342 15 2
106 0 358 1 3
132 0 339 1 4
100 0 369 1 5
45 0 259 1 6
128 0 325 15 7
131 0 219 2 8
83 0 217 2 9
80 0 227 2 10
84 0 244 1 11
131 0 275 1 12
67 0 258 1 13
-7 0 313 15 14
118 0 332 15 15
101 0 343 15 16
109 0 317 15 17
121 0 378 1 18
143 0 312 1 19
133 0 232 2 20
150 0 251 1 21
56 0 220 1 22
147 0 283 1 23
143 0 290 1 24
52 0 252 2 25
-5 0 232 15 26
151 0 219 1 27
48 0 211 2 28
75 0 233 1 29
134 0 291 15 30
111 0 289 1 31
140 0 227 2 32
94 0 224 1 33
120 0 275 1 34
100 0 332 15 35
122 0 368 1 36
152 0 197 1 37
140 0 309 15 38
101 0 352 15 39
265 36 206 15 40
270 -41 282 15 41
265 38 260 15 42
260 29 203 15 43
283 -44 292 15 44
80 0 31 1 45
115 0 39 1 46
55 0 62 2 47
88 0 70 1 48
187 0 73 14 49
191 0 80 14 50
84 0 96 1 51
32 0 107 2 52
144 0 118 1 53
151 0 138 1 54
156 0 158 1 55
273 33 180 15 56
267 -29 186 15 57
274 -36 195 15 58
275 41 290 15 59
265 -36 264 15 60
277 42 271 15 61
272 -38 292 15 62
105 0 18 1 63
263 -31 206 15 64
254 -20 220 15 65
254 22 230 15 66
261 31 236 15 67
259 -29 246 15 68
271 -38 249 15 69
279 -42 261 15 70
289 -35 166 15 71
288 43 295 15 72
192 0 53 14 73
9 0 24 15 74
269 26 181 15 75
269 36 274 15 76
276 35 301 15 77
200 0 77 14 78
262 29 267 15 79
292 -45 273 15 80
25 0 50 15 81
109 0 40 1 82
201 0 28 14 83
196 0 35 14 84
200 0 45 14 85
291 45 279 15 86
262 -22 203 15 87
54 0 14 15 88
285 -29 162 15 89
208 0 71 14 90
86 0 42 1 91
208 0 25 14 92
198 0 29 14 93
198 0 40 14 94
207 0 45 14 95
270 -33 277 15 96
37 0 8 15 97
270 -20 180 15 98
290 38 306 15 99
279 -33 299 15 100
15 0 55 15 101
216 0 24 14 102
102 0 48 1 103
215 0 44 14 104
288 41 248 15 105
220 0 48 14 106
217 0 75 14 107
288 28 161 15 108
326 0 14 14 109
352 0 49 14 110
289 0 39 14 111
306 0 52 14 112
285 0 56 14 113
251 0 54 14 114
223 0 59 14 115
266 20 205 15 116
274 29 286 15 117
309 43 298 15 118
384 0 28 14 119
257 0 50 14 120
310 45 279 15 121
295 0 31 14 122
407 0 65 15 123
244 0 33 14 124
303 0 54 14 125
223 0 71 14 126
283 20 161 15 127
272 18 182 15 128
304 44 251 15 129
306 0 9 14 130
250 0 64 14 131
296 -35 304 15 132
265 0 24 14 133
249 0 27 14 134
267 0 38 14 135
289 0 49 14 136
287 0 55 14 137
316 44 260 15 138
321 -41 293 15 139
289 -21 159 15 140
267 10 206 15 141
323 42 283 15 142
323 39 302 15 143
344 0 25 14 144
256 0 22 14 145
270 0 31 14 146
309 0 45 14 147
317 0 53 14 148
296 0 57 14 149
308 22 132 15 150
279 -28 281 15 151
278 -9 177 15 152
268 12 223 15 153
266 -8 232 15 154
269 -18 240 15 155
271 20 248 15 156
350 0 31 14 157
269 -10 212 15 158
275 -26 252 15 159
274 -20 267 15 160
276 21 276 15 161
280 -17 290 15 162
317 -45 267 15 163
292 22 306 15 164
298 -25 312 15 165
303 24 317 15 166
271 0 68 14 167
335 38 292 15 168
291 -11 156 15 169
274 -12 199 15 170
335 -36 300 15 171
252 0 74 14 172
290 -22 297 15 173
308 0 23 14 174
304 17 138 15 175
310 33 153 15 176
297 8 149 15 177
293 -1 155 15 178
286 11 168 15 179
282 1 175 15 180
277 8 188 15 181
275 -2 195 15 182
260 0 76 14 183
391 0 60 14 184
271 0 47 14 185
279 0 67 14 186
268 0 72 14 187
312 -24 317 15 188
337 33 307 15 189
269 0 20 14 190
332 -42 267 15 191
275 0 208 15 192
335 26 319 15 193
320 18 320 15 194
346 -38 269 15 195
276 2 221 15 196
341 41 257 15 197
280 -11 253 15 198
283 11 264 15 199
335 -43 243 15 200
296 14 292 15 201
278 -1 241 15 202
279 9 244 15 203
356 -31 270 15 204
313 -7 312 15 205
354 -29 288 15 206
329 -20 316 15 207
351 24 311 15 208
325 -43 225 15 209
346 -39 247 15 210
303 -5 299 15 211
351 36 262 15 212
360 22 298 15 213
284 1 264 15 214
315 38 208 15 215
316 -41 217 15 216
346 16 319 15 217
288 -8 269 15 218
346 38 236 15 219
356 31 283 15 220
331 -38 204 15 221
337 41 222 15 222
299 2 288 15 223
357 -33 250 15 224
361 29 267 15 225
327 41 213 15 226
352 -16 318 15 227
331 8 316 15 228
342 -13 322 15 229
368 -20 290 15 230
364 14 310 15 231
367 -18 302 15 232
436 0 266 15 233
0 0 -33 1 234
-21 0 -31 15 235
111 0 -42 15 236
21 0 -30 1 237
129 0 -42 15 238
40 0 -26 1 239
157 0 -42 15 240
59 0 -21 1 241
174 0 -42 15 242
32 0 -8 15 243
191 0 -42 15 244
205 0 -42 15 245
219 0 -42 15 246
232 0 -42 15 247
353 0 6 14 248
347 0 -1 14 249
358 0 1 14 250
386 0 2 14 251
396 0 1 14 252
405 0 0 14 253
298 0 -42 15 254
312 0 -42 15 255
436 0 -23 15 256
329 0 -42 15 257
443 0 -34 15 258
444 0 1 15 259
444 0 15 15 260
444 0 29 15 261
423 0 29 14 262
444 0 46 15 263
381 0 29 14 264
370 0 37 14 265
342 0 33 14 266
341 0 42 14 267
363 0 57 14 268
366 0 66 14 269
334 0 66 14 270
341 0 74 14 271
341 0 83 14 272
444 0 100 15 273
444 0 125 15 274
444 0 150 15 275
366 -18 155 15 276
356 -24 156 15 277
346 -22 156 15 278
340 -2 153 15 279
339 -14 159 15 280
350 25 168 15 281
361 24 175 15 282
348 35 182 15 283
358 34 189 15 284
357 -37 196 15 285
368 30 199 15 286
367 -33 205 15 287
375 -26 209 15 288
376 24 213 15 289
371 33 224 15 290
379 26 231 15 291
380 -24 235 15 292
384 18 241 15 293
386 -12 252 15 294
381 -22 256 15 295
382 20 261 15 296
384 -10 272 15 297
341 -1 306 15 298
381 12 284 15 299
379 -8 291 15 300
364 6 310 15 301
372 -6 307 15 302
444 0 284 15 303
444 0 308 15 304
444 0 333 15 305
444 0 369 15 306
444 0 393 15 307
441 0 405 15 308
416 0 405 15 309
402 0 405 15 310
388 0 405 15 311
353 0 405 15 312
425 0 362 15 313
347 -26 316 15 314
335 -24 324 15 315
332 -33 315 15 316
319 -30 323 15 317
316 -38 313 15 318
303 -34 320 15 319
300 37 317 15 320
296 -41 310 15 321
296 -44 301 15 322
279 -41 307 15 323
143 0 405 15 324
97 0 405 15 325
50 0 405 15 326
36 0 405 15 327
12 0 405 15 328
-2 0 405 15 329
-16 0 405 15 330
-22 0 397 15 331
95 0 394 1 332
-24 0 370 15 333
68 0 372 1 334
-24 0 332 15 335
84 0 349 15 336
68 0 328 1 337
-24 0 279 15 338
91 0 319 15 339
-24 0 251 15 340
85 0 297 1 341
106 0 302 15 342
103 0 291 15 343
38 0 247 2 344
106 0 276 15 345
-24 0 199 15 346
26 0 220 1 347
105 0 248 1 348
68 0 223 2 349
-24 0 176 15 350
60 0 201 1 351
71 0 201 2 352
24 0 176 1 353
72 0 185 1 354
47 0 170 1 355
41 0 163 2 356
-24 0 143 15 357
33 0 149 2 358
0 0 139 1 359
