360
-25 0 320 15 0
118 0 355 1 1
115 0 342 15 2
104 0 358 1 3
131 0 338 1 4
97 0 369 1 5
39 0 255 1 6
126 0 324 15 7
129 0 219 2 8
79 0 215 2 9
76 0 225 2 10
80 0 242 1 11
130 0 274 1 12
62 0 255 1 13
-16 0 310 15 14
116 0 331 15 15
98 0 342 15 16
106 0 315 15 17
119 0 377 1 18
142 0 312 1 19
131 0 231 2 20
149 0 251 1 21
50 0 217 1 22
146 0 283 1 23
141 0 289 1 24
46 0 248 2 25
-14 0 227 15 26
150 0 219 1 27
42 0 208 2 28
70 0 230 1 29
132 0 290 15 30
108 0 287 1 31
139 0 226 2 32
90 0 222 1 33
118 0 274 1 34
96 0 330 15 35
119 0 367 1 36
151 0 196 1 37
138 0 308 15 38
96 0 350 15 39
270 38 206 15 40
275 -44 278 15 41
269 40 256 15 42
264 31 203 15 43
288 -46 287 15 44
74 0 32 1 45
111 0 39 1 46
48 0 63 2 47
83 0 71 1 48
186 0 74 14 49
191 0 80 14 50
78 0 96 1 51
23 0 107 2 52
142 0 118 1 53
149 0 138 1 54
154 0 158 1 55
277 35 180 15 56
271 -30 186 15 57
278 -38 195 15 58
280 43 286 15 59
269 -38 260 15 60
282 45 267 15 61
277 -40 288 15 62
100 0 19 1 63
267 -32 206 15 64
257 -21 219 15 65
257 23 229 15 66
264 32 235 15 67
263 -31 244 15 68
275 -40 245 15 69
284 -45 257 15 70
294 -37 168 15 71
293 46 290 15 72
192 0 53 14 73
-1 0 26 15 74
272 28 182 15 75
273 38 271 15 76
280 37 297 15 77
200 0 77 14 78
265 30 264 15 79
296 -47 269 15 80
15 0 52 15 81
104 0 41 1 82
201 0 28 14 83
195 0 35 14 84
200 0 46 14 85
296 47 274 15 86
265 -23 203 15 87
46 0 15 15 88
289 -31 164 15 89
208 0 72 14 90
80 0 43 1 91
208 0 25 14 92
197 0 29 14 93
197 0 40 14 94
206 0 46 14 95
273 -35 273 15 96
27 0 9 15 97
273 -21 180 15 98
294 40 302 15 99
283 -34 296 15 100
4 0 57 15 101
216 0 24 14 102
96 0 49 1 103
215 0 45 14 104
292 44 244 15 105
220 0 48 14 106
217 0 76 14 107
291 29 163 15 108
332 0 16 14 109
359 0 50 14 110
292 0 40 14 111
310 0 53 14 112
288 0 57 14 113
253 0 55 14 114
223 0 59 14 115
268 21 205 15 116
277 31 283 15 117
313 45 294 15 118
392 0 31 14 119
258 0 51 14 120
314 47 275 15 121
299 0 32 14 122
417 0 67 15 123
245 0 33 14 124
307 0 55 14 125
223 0 71 14 126
286 21 162 15 127
274 19 182 15 128
308 46 247 15 129
310 0 10 14 130
251 0 64 14 131
299 -37 301 15 132
267 0 24 14 133
250 0 27 14 134
269 0 39 14 135
292 0 50 14 136
289 0 56 14 137
320 46 256 15 138
326 -44 288 15 139
292 -22 161 15 140
268 11 206 15 141
328 45 278 15 142
328 41 298 15 143
350 0 27 14 144
257 0 22 14 145
271 0 31 14 146
313 0 46 14 147
321 0 54 14 148
299 0 58 14 149
312 24 135 15 150
281 -29 278 15 151
280 -10 178 15 152
269 13 223 15 153
267 -8 232 15 154
271 -19 239 15 155
272 21 247 15 156
355 0 33 14 157
270 -11 212 15 158
277 -28 251 15 159
275 -21 266 15 160
277 22 274 15 161
282 -18 288 15 162
321 -47 263 15 163
295 23 304 15 164
301 -26 309 15 165
306 25 314 15 166
272 0 69 14 167
340 40 287 15 168
293 -12 157 15 169
275 -13 198 15 170
340 -38 295 15 171
252 0 74 14 172
292 -24 295 15 173
311 0 23 14 174
306 18 140 15 175
313 34 155 15 176
299 9 150 15 177
295 -1 156 15 178
288 12 168 15 179
284 1 175 15 180
278 8 188 15 181
276 -2 194 15 182
260 0 76 14 183
398 0 62 14 184
272 0 48 14 185
280 0 68 14 186
268 0 72 14 187
315 -26 315 15 188
342 35 303 15 189
269 0 20 14 190
336 -45 264 15 191
275 0 207 15 192
339 27 315 15 193
323 19 318 15 194
350 -40 266 15 195
276 2 221 15 196
344 44 254 15 197
281 -12 252 15 198
284 12 264 15 199
338 -45 240 15 200
297 14 291 15 201
279 -1 241 15 202
279 10 243 15 203
361 -32 267 15 204
315 -7 310 15 205
358 -31 285 15 206
332 -21 314 15 207
355 26 307 15 208
328 -46 223 15 209
349 -41 244 15 210
304 -5 298 15 211
355 38 259 15 212
364 23 294 15 213
284 1 264 15 214
317 40 207 15 215
318 -43 216 15 216
349 17 316 15 217
288 -9 269 15 218
350 40 233 15 219
360 32 280 15 220
333 -40 202 15 221
340 43 220 15 222
299 3 288 15 223
361 -35 247 15 224
365 31 264 15 225
329 43 212 15 226
356 -17 315 15 227
333 8 315 15 228
345 -14 319 15 229
372 -21 286 15 230
367 15 306 15 231
370 -19 299 15 232
443 0 260 15 233
-6 0 -32 1 234
-28 0 -30 15 235
110 0 -42 15 236
15 0 -30 1 237
128 0 -42 15 238
33 0 -26 1 239
156 0 -42 15 240
53 0 -20 1 241
173 0 -42 15 242
24 0 -6 15 243
191 0 -42 15 244
205 0 -42 15 245
219 0 -42 15 246
233 0 -42 15 247
360 0 9 14 248
353 0 1 14 249
363 0 3 14 250
393 0 5 14 251
402 0 3 14 252
412 0 3 14 253
299 0 -42 15 254
313 0 -42 15 255
443 0 -22 15 256
330 0 -42 15 257
449 0 -33 15 258
450 0 3 15 259
450 0 17 15 260
450 0 31 15 261
428 0 31 14 262
450 0 49 15 263
384 0 30 14 264
372 0 37 14 265
343 0 34 14 266
342 0 43 14 267
365 0 57 14 268
368 0 67 14 269
334 0 66 14 270
342 0 74 14 271
342 0 83 14 272
450 0 101 15 273
450 0 126 15 274
450 0 152 15 275
368 -19 157 15 276
357 -25 158 15 277
346 -23 157 15 278
340 -3 154 15 279
340 -14 159 15 280
352 26 169 15 281
362 26 175 15 282
349 37 182 15 283
360 36 189 15 284
358 -39 196 15 285
370 32 199 15 286
369 -34 204 15 287
377 -27 208 15 288
379 26 212 15 289
374 35 223 15 290
381 28 230 15 291
383 -26 233 15 292
387 19 240 15 293
389 -13 250 15 294
384 -23 254 15 295
385 21 259 15 296
387 -11 270 15 297
342 -1 305 15 298
383 13 282 15 299
382 -8 289 15 300
366 6 308 15 301
375 -6 304 15 302
450 0 279 15 303
450 0 305 15 304
450 0 331 15 305
450 0 367 15 306
450 0 393 15 307
447 0 405 15 308
422 0 405 15 309
408 0 405 15 310
393 0 405 15 311
356 0 405 15 312
433 0 360 15 313
351 -28 311 15 314
339 -26 320 15 315
336 -35 310 15 316
324 -32 319 15 317
321 -40 308 15 318
307 -36 316 15 319
305 39 312 15 320
301 -43 305 15 321
301 -46 295 15 322
284 -43 302 15 323
141 0 405 15 324
93 0 405 15 325
45 0 405 15 326
30 0 405 15 327
5 0 405 15 328
-10 0 405 15 329
-24 0 405 15 330
-30 0 397 15 331
94 0 394 1 332
-31 0 370 15 333
66 0 371 1 334
-31 0 330 15 335
82 0 348 15 336
65 0 327 1 337
-31 0 276 15 338
89 0 318 15 339
-31 0 247 15 340
84 0 296 1 341
106 0 302 15 342
102 0 290 15 343
34 0 245 2 344
105 0 276 15 345
-31 0 195 15 346
22 0 218 1 347
104 0 248 1 348
66 0 222 2 349
-31 0 173 15 350
57 0 200 1 351
69 0 200 2 352
19 0 174 1 353
70 0 185 1 354
44 0 169 1 355
37 0 162 2 356
-31 0 141 15 357
29 0 148 2 358
-6 0 138 1 359
