360
-73 0 303 15 0
113 0 353 1 1
107 0 337 15 2
91 0 353 1 3
124 0 334 1 4
79 0 364 1 5
2 0 233 1 6
117 0 319 15 7
121 0 214 2 8
55 0 204 2 9
50 0 214 2 10
55 0 230 1 11
121 0 269 1 12
32 0 239 1 13
-70 0 289 15 14
102 0 322 15 15
78 0 332 15 16
89 0 304 15 17
106 0 375 1 18
135 0 308 1 19
121 0 226 2 20
144 0 249 1 21
15 0 201 1 22
141 0 279 1 23
134 0 285 1 24
10 0 228 2 25
-69 0 194 15 26
145 0 217 1 27
3 0 190 2 28
40 0 217 1 29
122 0 284 15 30
89 0 277 1 31
130 0 221 2 32
66 0 212 1 33
102 0 267 1 34
73 0 318 15 35
103 0 362 1 36
144 0 190 1 37
126 0 301 15 38
70 0 340 15 39
298 51 205 15 40
304 -58 249 15 41
295 52 234 15 42
287 41 203 15 43
319 -61 256 15 44
37 0 37 1 45
87 0 44 1 46
3 0 71 2 47
49 0 75 1 48
185 0 75 14 49
191 0 79 14 50
42 0 96 1 51
-30 0 106 2 52
126 0 116 1 53
135 0 139 1 54
141 0 161 1 55
304 46 186 15 56
295 -40 188 15 57
305 -50 195 15 58
307 57 258 15 59
293 -51 239 15 60
309 59 239 15 61
302 -53 263 15 62
70 0 23 1 63
289 -42 205 15 64
276 -28 217 15 65
276 30 223 15 66
285 42 225 15 67
283 -41 229 15 68
299 -52 224 15 69
311 -59 231 15 70
324 -49 178 15 71
322 60 262 15 72
189 0 53 14 73
-65 0 36 15 74
294 37 185 15 75
295 50 250 15 76
304 49 273 15 77
198 0 79 14 78
284 40 247 15 79
325 -62 239 15 80
-45 0 63 15 81
72 0 47 1 82
199 0 28 14 83
192 0 36 14 84
198 0 48 14 85
324 62 244 15 86
283 -30 201 15 87
-5 0 24 15 88
314 -41 173 15 89
207 0 77 14 90
38 0 50 1 91
207 0 25 14 92
193 0 29 14 93
192 0 42 14 94
205 0 48 14 95
292 -46 254 15 96
-31 0 19 15 97
291 -27 182 15 98
319 52 278 15 99
304 -45 276 15 100
-63 0 69 15 101
216 0 24 14 102
57 0 55 1 103
214 0 49 14 104
315 58 221 15 105
220 0 52 14 106
217 0 77 14 107
314 38 171 15 108
367 0 29 14 109
402 0 60 14 110
314 0 45 14 111
338 0 60 14 112
309 0 64 14 113
262 0 60 14 114
223 0 61 14 115
282 28 203 15 116
294 41 267 15 117
340 59 267 15 118
444 0 49 14 119
268 0 55 14 120
341 62 248 15 121
321 0 36 14 122
476 0 80 15 123
250 0 35 14 124
331 0 62 14 125
221 0 71 14 126
304 28 170 15 127
289 25 185 15 128
332 61 224 15 129
334 0 19 14 130
256 0 68 14 131
320 -48 281 15 132
277 0 26 14 133
255 0 28 14 134
279 0 42 14 135
310 0 55 14 136
307 0 61 14 137
347 61 231 15 138
354 -58 263 15 139
309 -29 168 15 140
278 14 204 15 141
356 59 253 15 142
355 54 272 15 143
384 0 39 14 144
262 0 23 14 145
281 0 33 14 146
335 0 51 14 147
346 0 61 14 148
317 0 64 14 149
334 31 155 15 150
294 -38 265 15 151
292 -13 179 15 152
276 17 221 15 153
275 -11 228 15 154
279 -25 234 15 155
281 27 241 15 156
390 0 45 14 157
277 -14 211 15 158
286 -37 242 15 159
285 -28 257 15 160
287 29 263 15 161
293 -23 278 15 162
345 -62 240 15 163
310 31 290 15 164
318 -35 293 15 165
325 33 297 15 166
280 0 73 14 167
369 52 260 15 168
307 -16 164 15 169
284 -17 196 15 170
369 -51 267 15 171
252 0 75 14 172
305 -31 284 15 173
329 0 29 14 174
323 23 155 15 175
332 45 171 15 176
314 12 158 15 177
308 -1 161 15 178
299 16 173 15 179
294 1 176 15 180
286 11 188 15 181
283 -2 192 15 182
262 0 76 14 183
443 0 72 14 184
277 0 49 14 185
288 0 73 14 186
272 0 74 14 187
333 -34 298 15 188
369 45 277 15 189
273 0 22 14 190
360 -59 243 15 191
279 0 207 15 192
362 36 293 15 193
340 26 302 15 194
375 -52 246 15 195
277 2 222 15 196
366 58 234 15 197
282 -16 249 15 198
286 16 260 15 199
357 -59 222 15 200
304 19 285 15 201
279 -1 242 15 202
280 13 240 15 203
387 -42 247 15 204
326 -10 302 15 205
384 -41 264 15 206
349 -28 299 15 207
380 34 283 15 208
343 -60 213 15 209
371 -54 226 15 210
312 -7 294 15 211
378 51 240 15 212
391 30 269 15 213
285 1 262 15 214
328 53 197 15 215
329 -57 206 15 216
370 23 297 15 217
290 -12 267 15 218
370 53 216 15 219
384 42 261 15 220
348 -52 194 15 221
357 56 208 15 222
304 4 286 15 223
384 -45 228 15 224
390 41 245 15 225
343 56 202 15 226
377 -22 294 15 227
347 11 304 15 228
362 -18 302 15 229
395 -28 265 15 230
388 20 286 15 231
390 -25 279 15 232
485 0 225 15 233
-42 0 -30 1 234
-75 0 -27 15 235
104 0 -42 15 236
-24 0 -26 1 237
121 0 -42 15 238
-5 0 -21 1 239
153 0 -42 15 240
15 0 -14 1 241
170 0 -42 15 242
-29 0 4 15 243
187 0 -42 15 244
203 0 -42 15 245
219 0 -42 15 246
234 0 -42 15 247
398 0 24 14 248
386 0 14 14 249
397 0 17 14 250
433 0 18 14 251
443 0 17 14 252
453 0 16 14 253
301 0 -42 15 254
317 0 -42 15 255
485 0 -17 15 256
334 0 -42 15 257
487 0 -31 15 258
488 0 14 15 259
488 0 30 15 260
488 0 46 15 261
460 0 42 14 262
488 0 63 15 263
401 0 36 14 264
386 0 43 14 265
347 0 35 14 266
346 0 44 14 267
377 0 60 14 268
380 0 70 14 269
336 0 66 14 270
346 0 74 14 271
346 0 83 14 272
488 0 103 15 273
488 0 134 15 274
488 0 165 15 275
380 -26 168 15 276
367 -33 167 15 277
352 -31 163 15 278
344 -4 156 15 279
343 -19 160 15 280
359 35 170 15 281
373 34 175 15 282
355 48 183 15 283
370 47 188 15 284
368 -51 194 15 285
383 42 196 15 286
381 -45 199 15 287
392 -36 202 15 288
394 34 204 15 289
388 46 217 15 290
398 37 223 15 291
400 -34 224 15 292
405 25 230 15 293
407 -17 241 15 294
402 -30 243 15 295
402 28 247 15 296
405 -14 258 15 297
346 -2 302 15 298
401 17 268 15 299
399 -11 275 15 300
377 8 296 15 301
389 -8 289 15 302
488 0 254 15 303
488 0 284 15 304
488 0 315 15 305
488 0 361 15 306
488 0 392 15 307
487 0 407 15 308
456 0 407 15 309
440 0 407 15 310
424 0 407 15 311
379 0 407 15 312
481 0 347 15 313
377 -37 284 15 314
364 -34 295 15 315
364 -46 282 15 316
350 -42 293 15 317
348 -53 280 15 318
333 -47 290 15 319
333 51 285 15 320
331 -56 276 15 321
335 -61 262 15 322
315 -56 272 15 323
129 0 407 15 324
69 0 407 15 325
8 0 407 15 326
-8 0 407 15 327
-38 0 407 15 328
-54 0 407 15 329
-70 0 407 15 330
-75 0 396 15 331
89 0 394 1 332
-76 0 364 15 333
52 0 370 1 334
-76 0 318 15 335
73 0 344 15 336
51 0 320 1 337
-76 0 255 15 338
82 0 314 15 339
-76 0 223 15 340
75 0 291 1 341
104 0 301 15 342
99 0 289 15 343
10 0 232 2 344
104 0 275 15 345
-76 0 173 15 346
-6 0 205 1 347
102 0 247 1 348
52 0 215 2 349
-76 0 154 15 350
40 0 192 1 351
55 0 195 2 352
-10 0 163 1 353
57 0 181 1 354
23 0 162 1 355
14 0 157 2 356
-76 0 132 15 357
3 0 144 2 358
-43 0 133 1 359
