360
-26 0 319 15 0
118 0 355 1 1
115 0 341 15 2
104 0 357 1 3
131 0 338 1 4
96 0 368 1 5
38 0 254 1 6
126 0 324 15 7
129 0 218 2 8
78 0 215 2 9
75 0 225 2 10
79 0 242 1 11
130 0 274 1 12
61 0 255 1 13
-17 0 309 15 14
115 0 331 15 15
97 0 341 15 16
105 0 315 15 17
119 0 377 1 18
142 0 312 1 19
131 0 231 2 20
149 0 251 1 21
49 0 217 1 22
146 0 283 1 23
141 0 289 1 24
45 0 248 2 25
-15 0 226 15 26
150 0 219 1 27
41 0 207 2 28
69 0 230 1 29
132 0 289 15 30
107 0 287 1 31
138 0 226 2 32
90 0 222 1 33
117 0 274 1 34
96 0 330 15 35
119 0 367 1 36
151 0 196 1 37
138 0 308 15 38
96 0 350 15 39
271 39 206 15 40
276 -44 277 15 41
270 40 256 15 42
264 31 203 15 43
289 -47 286 15 44
73 0 32 1 45
111 0 40 1 46
47 0 64 2 47
82 0 71 1 48
186 0 74 14 49
191 0 80 14 50
77 0 96 1 51
22 0 107 2 52
141 0 118 1 53
149 0 138 1 54
153 0 158 1 55
278 35 181 15 56
271 -31 186 15 57
279 -38 195 15 58
280 44 285 15 59
270 -39 260 15 60
282 45 266 15 61
277 -41 287 15 62
100 0 19 1 63
267 -32 206 15 64
257 -22 219 15 65
258 23 229 15 66
265 32 235 15 67
263 -31 243 15 68
275 -40 245 15 69
285 -45 256 15 70
295 -37 168 15 71
294 46 290 15 72
192 0 53 14 73
-3 0 26 15 74
273 28 182 15 75
273 38 270 15 76
280 37 297 15 77
200 0 77 14 78
265 31 264 15 79
297 -48 268 15 80
13 0 52 15 81
103 0 42 1 82
201 0 28 14 83
195 0 35 14 84
200 0 46 14 85
297 48 273 15 86
265 -23 203 15 87
44 0 15 15 88
289 -31 164 15 89
208 0 72 14 90
78 0 43 1 91
208 0 25 14 92
197 0 29 14 93
197 0 40 14 94
206 0 46 14 95
273 -35 273 15 96
26 0 10 15 97
274 -21 180 15 98
295 40 301 15 99
283 -35 296 15 100
2 0 57 15 101
216 0 24 14 102
95 0 49 1 103
215 0 45 14 104
293 44 244 15 105
220 0 48 14 106
217 0 76 14 107
292 29 163 15 108
333 0 17 14 109
360 0 50 14 110
293 0 40 14 111
311 0 53 14 112
289 0 57 14 113
253 0 55 14 114
223 0 59 14 115
268 22 204 15 116
277 31 282 15 117
314 45 293 15 118
394 0 32 14 119
259 0 51 14 120
315 48 274 15 121
299 0 32 14 122
418 0 67 15 123
245 0 33 14 124
308 0 55 14 125
223 0 71 14 126
287 22 162 15 127
275 19 182 15 128
308 47 247 15 129
311 0 10 14 130
251 0 64 14 131
300 -37 300 15 132
267 0 24 14 133
250 0 27 14 134
269 0 39 14 135
293 0 50 14 136
290 0 56 14 137
321 47 255 15 138
326 -44 288 15 139
293 -22 161 15 140
268 11 206 15 141
328 45 278 15 142
328 41 297 15 143
351 0 27 14 144
257 0 22 14 145
272 0 31 14 146
313 0 46 14 147
322 0 54 14 148
299 0 58 14 149
313 24 136 15 150
282 -29 278 15 151
280 -10 178 15 152
269 13 223 15 153
268 -8 231 15 154
271 -19 239 15 155
272 21 247 15 156
356 0 33 14 157
270 -11 212 15 158
277 -28 251 15 159
276 -22 266 15 160
278 22 274 15 161
282 -18 288 15 162
322 -48 262 15 163
295 23 304 15 164
301 -27 308 15 165
307 25 314 15 166
272 0 69 14 167
341 40 287 15 168
293 -12 158 15 169
275 -13 198 15 170
340 -39 294 15 171
252 0 74 14 172
293 -24 295 15 173
311 0 24 14 174
307 18 141 15 175
313 35 156 15 176
300 9 150 15 177
295 -1 156 15 178
288 12 168 15 179
284 1 175 15 180
278 8 188 15 181
276 -2 194 15 182
260 0 76 14 183
399 0 62 14 184
272 0 48 14 185
280 0 68 14 186
268 0 72 14 187
315 -26 314 15 188
342 35 302 15 189
269 0 20 14 190
337 -45 263 15 191
275 0 207 15 192
340 27 315 15 193
323 20 317 15 194
351 -40 265 15 195
276 2 221 15 196
345 44 253 15 197
281 -12 252 15 198
284 12 264 15 199
338 -45 239 15 200
297 14 290 15 201
279 -1 241 15 202
279 10 243 15 203
361 -32 266 15 204
315 -7 310 15 205
359 -31 284 15 206
333 -21 314 15 207
356 26 306 15 208
328 -46 223 15 209
350 -41 244 15 210
304 -5 298 15 211
356 39 259 15 212
365 23 293 15 213
284 1 263 15 214
317 41 206 15 215
318 -44 215 15 216
350 17 315 15 217
288 -9 269 15 218
350 41 232 15 219
361 32 279 15 220
334 -40 202 15 221
340 43 220 15 222
300 3 288 15 223
362 -35 247 15 224
365 31 263 15 225
330 43 211 15 226
356 -17 314 15 227
334 9 314 15 228
345 -14 318 15 229
372 -22 286 15 230
368 15 306 15 231
371 -19 298 15 232
444 0 260 15 233
-7 0 -32 1 234
-29 0 -30 15 235
110 0 -42 15 236
14 0 -30 1 237
127 0 -42 15 238
32 0 -25 1 239
156 0 -42 15 240
52 0 -20 1 241
173 0 -42 15 242
22 0 -6 15 243
191 0 -42 15 244
205 0 -42 15 245
219 0 -42 15 246
233 0 -42 15 247
361 0 9 14 248
354 0 2 14 249
364 0 4 14 250
394 0 5 14 251
404 0 4 14 252
413 0 3 14 253
299 0 -42 15 254
313 0 -42 15 255
444 0 -22 15 256
330 0 -42 15 257
450 0 -33 15 258
451 0 3 15 259
451 0 17 15 260
451 0 32 15 261
429 0 31 14 262
451 0 49 15 263
385 0 31 14 264
372 0 38 14 265
343 0 34 14 266
342 0 43 14 267
366 0 57 14 268
368 0 67 14 269
334 0 66 14 270
342 0 74 14 271
342 0 83 14 272
451 0 101 15 273
451 0 127 15 274
451 0 152 15 275
368 -20 157 15 276
358 -25 158 15 277
347 -23 157 15 278
341 -3 154 15 279
340 -14 159 15 280
352 27 169 15 281
363 26 175 15 282
349 37 182 15 283
360 36 189 15 284
359 -39 196 15 285
370 32 199 15 286
369 -35 204 15 287
377 -27 208 15 288
379 26 212 15 289
374 35 223 15 290
382 28 230 15 291
383 -26 233 15 292
387 19 240 15 293
389 -13 250 15 294
385 -23 254 15 295
385 22 259 15 296
387 -11 270 15 297
342 -1 305 15 298
384 13 282 15 299
383 -8 289 15 300
366 6 307 15 301
375 -6 304 15 302
451 0 279 15 303
451 0 304 15 304
451 0 330 15 305
451 0 367 15 306
451 0 393 15 307
448 0 405 15 308
423 0 405 15 309
408 0 405 15 310
394 0 405 15 311
357 0 405 15 312
434 0 359 15 313
352 -28 311 15 314
340 -26 319 15 315
337 -35 309 15 316
324 -32 318 15 317
321 -41 307 15 318
308 -36 315 15 319
306 39 311 15 320
302 -43 305 15 321
302 -47 294 15 322
285 -43 301 15 323
141 0 405 15 324
92 0 405 15 325
44 0 405 15 326
29 0 405 15 327
4 0 405 15 328
-11 0 405 15 329
-25 0 405 15 330
-31 0 397 15 331
94 0 394 1 332
-32 0 369 15 333
66 0 371 1 334
-32 0 329 15 335
82 0 348 15 336
65 0 327 1 337
-32 0 275 15 338
89 0 318 15 339
-32 0 246 15 340
84 0 296 1 341
106 0 302 15 342
102 0 290 15 343
34 0 245 2 344
105 0 276 15 345
-32 0 195 15 346
21 0 218 1 347
104 0 248 1 348
66 0 221 2 349
-32 0 173 15 350
57 0 199 1 351
68 0 200 2 352
18 0 174 1 353
70 0 185 1 354
43 0 168 1 355
37 0 162 2 356
-32 0 141 15 357
28 0 148 2 358
-7 0 138 1 359
