360
-35 0 316 15 0
117 0 355 1 1
114 0 341 15 2
101 0 357 1 3
130 0 337 1 4
93 0 368 1 5
31 0 250 1 6
124 0 323 15 7
128 0 218 2 8
74 0 213 2 9
70 0 223 2 10
75 0 239 1 11
128 0 273 1 12
56 0 252 1 13
-27 0 305 15 14
113 0 329 15 15
93 0 340 15 16
102 0 313 15 17
117 0 377 1 18
140 0 311 1 19
129 0 230 2 20
148 0 251 1 21
43 0 214 1 22
145 0 282 1 23
140 0 288 1 24
39 0 244 2 25
-25 0 220 15 26
149 0 218 1 27
34 0 204 2 28
64 0 228 1 29
130 0 288 15 30
104 0 285 1 31
137 0 225 2 32
85 0 220 1 33
114 0 273 1 34
91 0 328 15 35
116 0 366 1 36
149 0 195 1 37
136 0 307 15 38
91 0 348 15 39
276 41 206 15 40
281 -47 272 15 41
274 42 252 15 42
269 33 203 15 43
294 -49 281 15 44
66 0 33 1 45
106 0 40 1 46
39 0 65 2 47
76 0 72 1 48
186 0 74 14 49
191 0 79 14 50
71 0 96 1 51
12 0 107 2 52
138 0 117 1 53
146 0 138 1 54
151 0 159 1 55
283 37 182 15 56
276 -32 186 15 57
284 -41 195 15 58
285 46 280 15 59
274 -41 256 15 60
287 48 261 15 61
282 -43 283 15 62
94 0 20 1 63
271 -34 206 15 64
261 -23 219 15 65
261 25 228 15 66
268 34 233 15 67
267 -33 241 15 68
280 -42 241 15 69
289 -48 251 15 70
301 -40 170 15 71
299 49 284 15 72
191 0 53 14 73
-15 0 28 15 74
277 30 183 15 75
277 41 266 15 76
285 40 292 15 77
200 0 78 14 78
269 32 261 15 79
302 -50 262 15 80
3 0 54 15 81
97 0 43 1 82
201 0 28 14 83
194 0 35 14 84
199 0 46 14 85
302 50 268 15 86
268 -25 202 15 87
35 0 17 15 88
294 -33 166 15 89
208 0 73 14 90
71 0 44 1 91
208 0 25 14 92
197 0 29 14 93
196 0 41 14 94
206 0 46 14 95
277 -37 269 15 96
15 0 11 15 97
277 -22 180 15 98
300 42 297 15 99
287 -37 292 15 100
-10 0 59 15 101
216 0 24 14 102
88 0 50 1 103
215 0 46 14 104
297 47 240 15 105
220 0 49 14 106
217 0 76 14 107
296 31 164 15 108
339 0 19 14 109
368 0 52 14 110
297 0 41 14 111
316 0 54 14 112
292 0 59 14 113
255 0 56 14 114
223 0 59 14 115
271 23 204 15 116
281 33 280 15 117
319 48 288 15 118
403 0 35 14 119
260 0 52 14 120
320 50 269 15 121
303 0 33 14 122
429 0 70 15 123
246 0 34 14 124
312 0 56 14 125
223 0 71 14 126
290 23 164 15 127
277 20 183 15 128
313 49 243 15 129
315 0 12 14 130
252 0 65 14 131
304 -39 297 15 132
269 0 24 14 133
251 0 27 14 134
271 0 39 14 135
296 0 51 14 136
293 0 57 14 137
325 49 251 15 138
331 -47 283 15 139
296 -24 162 15 140
270 12 205 15 141
334 48 273 15 142
333 44 292 15 143
357 0 29 14 144
258 0 22 14 145
273 0 31 14 146
318 0 47 14 147
326 0 55 14 148
303 0 59 14 149
317 25 139 15 150
284 -31 276 15 151
282 -10 178 15 152
270 14 223 15 153
269 -9 231 15 154
272 -20 238 15 155
274 22 246 15 156
362 0 36 14 157
271 -12 212 15 158
279 -30 249 15 159
277 -23 264 15 160
279 24 272 15 161
284 -19 286 15 162
326 -50 258 15 163
298 25 301 15 164
304 -28 305 15 165
310 27 310 15 166
274 0 70 14 167
346 42 282 15 168
296 -13 159 15 169
277 -14 198 15 170
346 -41 289 15 171
252 0 74 14 172
295 -25 293 15 173
315 0 24 14 174
310 19 144 15 175
317 37 158 15 176
302 9 152 15 177
298 -1 157 15 178
290 12 169 15 179
286 1 175 15 180
280 9 188 15 181
277 -2 194 15 182
261 0 76 14 183
407 0 64 14 184
273 0 48 14 185
282 0 69 14 186
269 0 72 14 187
319 -27 311 15 188
347 37 297 15 189
270 0 21 14 190
341 -48 260 15 191
276 0 207 15 192
344 29 311 15 193
326 21 315 15 194
355 -42 262 15 195
277 2 222 15 196
348 47 250 15 197
281 -12 251 15 198
284 13 263 15 199
342 -48 236 15 200
299 15 289 15 201
279 -1 241 15 202
279 10 242 15 203
366 -34 263 15 204
317 -8 308 15 205
364 -33 281 15 206
336 -22 311 15 207
360 27 302 15 208
331 -49 221 15 209
354 -44 240 15 210
306 -6 297 15 211
360 41 255 15 212
370 25 289 15 213
284 1 263 15 214
319 43 205 15 215
320 -46 214 15 216
354 18 312 15 217
289 -9 269 15 218
354 43 229 15 219
365 34 276 15 220
337 -42 201 15 221
343 46 217 15 222
300 3 288 15 223
366 -37 243 15 224
370 33 260 15 225
332 46 210 15 226
360 -18 310 15 227
336 9 312 15 228
348 -14 315 15 229
377 -23 282 15 230
371 16 302 15 231
374 -20 295 15 232
452 0 253 15 233
-13 0 -32 1 234
-38 0 -30 15 235
109 0 -42 15 236
7 0 -29 1 237
126 0 -42 15 238
25 0 -25 1 239
156 0 -42 15 240
45 0 -19 1 241
173 0 -42 15 242
13 0 -4 15 243
190 0 -42 15 244
205 0 -42 15 245
219 0 -42 15 246
233 0 -42 15 247
368 0 12 14 248
360 0 4 14 249
370 0 6 14 250
401 0 7 14 251
411 0 6 14 252
421 0 5 14 253
299 0 -42 15 254
314 0 -42 15 255
452 0 -21 15 256
331 0 -42 15 257
457 0 -33 15 258
458 0 5 15 259
458 0 20 15 260
458 0 34 15 261
435 0 33 14 262
458 0 52 15 263
388 0 32 14 264
375 0 38 14 265
343 0 34 14 266
343 0 43 14 267
368 0 58 14 268
371 0 67 14 269
334 0 66 14 270
343 0 74 14 271
343 0 83 14 272
458 0 101 15 273
458 0 128 15 274
458 0 155 15 275
370 -21 159 15 276
359 -27 159 15 277
348 -25 158 15 278
341 -3 154 15 279
340 -15 159 15 280
353 28 169 15 281
365 27 175 15 282
350 39 183 15 283
362 38 189 15 284
360 -41 195 15 285
373 34 198 15 286
371 -37 203 15 287
380 -29 207 15 288
382 27 210 15 289
376 37 222 15 290
385 30 229 15 291
386 -27 231 15 292
391 20 238 15 293
393 -14 248 15 294
388 -25 252 15 295
388 23 257 15 296
390 -12 268 15 297
342 -2 304 15 298
387 14 279 15 299
386 -9 286 15 300
368 7 305 15 301
378 -7 301 15 302
458 0 274 15 303
458 0 301 15 304
458 0 327 15 305
458 0 366 15 306
458 0 393 15 307
456 0 405 15 308
429 0 405 15 309
414 0 405 15 310
400 0 405 15 311
361 0 405 15 312
443 0 357 15 313
356 -30 306 15 314
344 -27 315 15 315
342 -37 304 15 316
329 -34 313 15 317
326 -43 302 15 318
312 -38 311 15 319
311 41 307 15 320
307 -46 299 15 321
308 -49 288 15 322
291 -46 296 15 323
138 0 405 15 324
88 0 405 15 325
37 0 405 15 326
22 0 405 15 327
-4 0 405 15 328
-19 0 405 15 329
-33 0 405 15 330
-39 0 397 15 331
93 0 394 1 332
-40 0 368 15 333
63 0 371 1 334
-40 0 327 15 335
80 0 347 15 336
62 0 325 1 337
-40 0 271 15 338
88 0 317 15 339
-40 0 242 15 340
82 0 295 1 341
106 0 302 15 342
102 0 290 15 343
29 0 242 2 344
105 0 276 15 345
-40 0 191 15 346
16 0 215 1 347
104 0 248 1 348
63 0 220 2 349
-40 0 169 15 350
54 0 198 1 351
66 0 199 2 352
13 0 172 1 353
67 0 184 1 354
39 0 167 1 355
32 0 161 2 356
-40 0 139 15 357
24 0 147 2 358
-14 0 137 1 359
