360
-39 0 315 15 0
117 0 354 1 1
113 0 340 15 2
100 0 356 1 3
129 0 337 1 4
91 0 367 1 5
27 0 248 1 6
123 0 323 15 7
127 0 217 2 8
72 0 212 2 9
68 0 222 2 10
72 0 238 1 11
127 0 273 1 12
53 0 250 1 13
-32 0 303 15 14
111 0 328 15 15
92 0 339 15 16
101 0 312 15 17
115 0 377 1 18
140 0 310 1 19
128 0 230 2 20
147 0 250 1 21
39 0 212 1 22
144 0 282 1 23
139 0 288 1 24
35 0 242 2 25
-31 0 217 15 26
149 0 218 1 27
30 0 202 2 28
61 0 226 1 29
129 0 288 15 30
102 0 284 1 31
136 0 224 2 32
83 0 219 1 33
113 0 272 1 34
89 0 326 15 35
114 0 366 1 36
149 0 194 1 37
134 0 306 15 38
89 0 347 15 39
278 42 206 15 40
284 -48 269 15 41
277 43 249 15 42
271 34 203 15 43
297 -51 278 15 44
63 0 34 1 45
104 0 41 1 46
34 0 66 2 47
72 0 72 1 48
186 0 74 14 49
191 0 79 14 50
67 0 96 1 51
7 0 107 2 52
137 0 117 1 53
145 0 138 1 54
150 0 159 1 55
286 38 182 15 56
278 -33 187 15 57
287 -42 195 15 58
288 48 277 15 59
276 -42 254 15 60
290 49 258 15 61
284 -44 280 15 62
91 0 20 1 63
274 -35 206 15 64
263 -24 218 15 65
263 25 227 15 66
270 35 232 15 67
269 -34 239 15 68
282 -43 239 15 69
292 -49 249 15 70
304 -41 171 15 71
302 50 282 15 72
191 0 53 14 73
-21 0 29 15 74
279 30 183 15 75
279 42 264 15 76
287 41 290 15 77
199 0 78 14 78
271 33 259 15 79
305 -52 260 15 80
-3 0 55 15 81
94 0 43 1 82
201 0 28 14 83
194 0 36 14 84
199 0 46 14 85
305 52 265 15 86
270 -25 202 15 87
30 0 18 15 88
296 -34 167 15 89
208 0 74 14 90
67 0 45 1 91
208 0 25 14 92
196 0 29 14 93
195 0 41 14 94
206 0 46 14 95
279 -38 267 15 96
9 0 12 15 97
279 -23 180 15 98
302 44 295 15 99
289 -38 290 15 100
-17 0 61 15 101
216 0 24 14 102
84 0 51 1 103
215 0 46 14 104
299 48 237 15 105
220 0 49 14 106
217 0 76 14 107
298 32 165 15 108
343 0 20 14 109
372 0 53 14 110
299 0 41 14 111
319 0 55 14 112
294 0 59 14 113
256 0 57 14 114
223 0 59 14 115
272 24 204 15 116
282 34 278 15 117
321 49 285 15 118
408 0 37 14 119
261 0 52 14 120
322 52 267 15 121
306 0 33 14 122
435 0 71 15 123
246 0 34 14 124
314 0 57 14 125
223 0 71 14 126
292 24 164 15 127
279 20 183 15 128
315 51 240 15 129
317 0 13 14 130
253 0 65 14 131
306 -40 295 15 132
270 0 24 14 133
251 0 27 14 134
272 0 40 14 135
298 0 51 14 136
295 0 57 14 137
328 51 248 15 138
334 -48 281 15 139
297 -24 163 15 140
271 12 205 15 141
336 49 271 15 142
336 45 290 15 143
360 0 30 14 144
259 0 22 14 145
274 0 32 14 146
320 0 48 14 147
329 0 56 14 148
304 0 60 14 149
319 26 141 15 150
285 -32 274 15 151
283 -11 178 15 152
271 14 222 15 153
270 -9 230 15 154
273 -20 237 15 155
275 23 245 15 156
366 0 37 14 157
272 -12 211 15 158
280 -30 248 15 159
278 -24 263 15 160
280 24 271 15 161
285 -19 285 15 162
328 -52 256 15 163
299 25 300 15 164
306 -29 304 15 165
312 28 309 15 166
274 0 70 14 167
349 43 279 15 168
297 -13 159 15 169
278 -14 198 15 170
348 -42 287 15 171
252 0 75 14 172
296 -26 291 15 173
316 0 25 14 174
312 19 145 15 175
318 38 160 15 176
304 10 153 15 177
299 -1 157 15 178
291 13 170 15 179
287 1 175 15 180
280 9 188 15 181
278 -2 194 15 182
261 0 76 14 183
412 0 65 14 184
274 0 48 14 185
283 0 70 14 186
269 0 73 14 187
320 -28 309 15 188
350 38 295 15 189
270 0 21 14 190
344 -49 258 15 191
276 0 207 15 192
346 30 309 15 193
328 21 313 15 194
357 -43 260 15 195
277 2 222 15 196
351 48 248 15 197
281 -13 251 15 198
284 13 263 15 199
344 -49 234 15 200
299 16 289 15 201
279 -1 241 15 202
279 11 242 15 203
369 -35 261 15 204
318 -8 308 15 205
366 -34 279 15 206
337 -23 309 15 207
363 28 299 15 208
332 -50 220 15 209
356 -45 238 15 210
307 -6 297 15 211
362 42 253 15 212
372 25 286 15 213
285 1 263 15 214
320 44 204 15 215
321 -48 213 15 216
356 19 310 15 217
289 -10 268 15 218
356 44 228 15 219
367 35 274 15 220
338 -44 200 15 221
345 47 216 15 222
301 3 287 15 223
368 -38 241 15 224
372 34 258 15 225
333 47 209 15 226
362 -18 308 15 227
337 9 311 15 228
350 -15 314 15 229
379 -24 280 15 230
373 17 300 15 231
376 -20 293 15 232
456 0 250 15 233
-17 0 -32 1 234
-42 0 -29 15 235
109 0 -42 15 236
3 0 -29 1 237
126 0 -42 15 238
21 0 -24 1 239
155 0 -42 15 240
42 0 -18 1 241
172 0 -42 15 242
8 0 -3 15 243
190 0 -42 15 244
204 0 -42 15 245
219 0 -42 15 246
233 0 -42 15 247
372 0 13 14 248
363 0 5 14 249
373 0 7 14 250
405 0 9 14 251
415 0 7 14 252
425 0 7 14 253
299 0 -42 15 254
314 0 -42 15 255
456 0 -20 15 256
331 0 -42 15 257
461 0 -33 15 258
461 0 6 15 259
461 0 21 15 260
461 0 36 15 261
438 0 34 14 262
461 0 53 15 263
389 0 32 14 264
376 0 39 14 265
344 0 34 14 266
343 0 43 14 267
369 0 58 14 268
372 0 68 14 269
334 0 66 14 270
343 0 74 14 271
343 0 83 14 272
461 0 102 15 273
461 0 129 15 274
461 0 156 15 275
371 -21 160 15 276
360 -28 160 15 277
348 -25 159 15 278
342 -3 154 15 279
341 -16 159 15 280
354 29 169 15 281
366 28 175 15 282
351 40 183 15 283
363 39 189 15 284
361 -43 195 15 285
374 35 198 15 286
372 -38 202 15 287
382 -30 206 15 288
384 28 210 15 289
378 38 221 15 290
386 30 228 15 291
388 -28 230 15 292
392 20 237 15 293
394 -14 247 15 294
390 -25 251 15 295
390 24 256 15 296
392 -12 266 15 297
343 -2 304 15 298
389 14 278 15 299
387 -9 285 15 300
369 7 304 15 301
379 -7 300 15 302
461 0 272 15 303
461 0 299 15 304
461 0 326 15 305
461 0 365 15 306
461 0 393 15 307
459 0 406 15 308
432 0 406 15 309
418 0 406 15 310
403 0 406 15 311
363 0 406 15 312
447 0 356 15 313
359 -30 303 15 314
347 -28 312 15 315
345 -38 302 15 316
331 -35 311 15 317
329 -44 299 15 318
315 -39 308 15 319
314 43 304 15 320
310 -47 296 15 321
312 -51 285 15 322
294 -47 293 15 323
137 0 406 15 324
85 0 406 15 325
34 0 406 15 326
19 0 406 15 327
-8 0 406 15 328
-23 0 406 15 329
-38 0 406 15 330
-44 0 396 15 331
92 0 394 1 332
-45 0 368 15 333
62 0 371 1 334
-45 0 326 15 335
79 0 347 15 336
61 0 325 1 337
-45 0 269 15 338
87 0 317 15 339
-45 0 240 15 340
81 0 295 1 341
106 0 302 15 342
101 0 290 15 343
27 0 241 2 344
105 0 275 15 345
-45 0 188 15 346
13 0 214 1 347
103 0 248 1 348
62 0 220 2 349
-45 0 167 15 350
52 0 197 1 351
65 0 198 2 352
10 0 171 1 353
66 0 183 1 354
37 0 167 1 355
30 0 161 2 356
-45 0 138 15 357
21 0 147 2 358
-18 0 136 1 359
