360
-43 0 314 15 0
117 0 354 1 1
112 0 340 15 2
99 0 356 1 3
129 0 337 1 4
90 0 367 1 5
25 0 247 1 6
123 0 322 15 7
126 0 217 2 8
70 0 211 2 9
66 0 221 2 10
71 0 237 1 11
127 0 272 1 12
50 0 249 1 13
-36 0 302 15 14
110 0 327 15 15
90 0 338 15 16
99 0 311 15 17
114 0 376 1 18
139 0 310 1 19
128 0 229 2 20
147 0 250 1 21
37 0 211 1 22
144 0 281 1 23
139 0 287 1 24
32 0 241 2 25
-35 0 215 15 26
148 0 218 1 27
27 0 201 2 28
59 0 225 1 29
128 0 287 15 30
101 0 283 1 31
135 0 224 2 32
81 0 218 1 33
112 0 271 1 34
87 0 325 15 35
113 0 365 1 36
148 0 194 1 37
134 0 305 15 38
87 0 346 15 39
280 43 206 15 40
286 -49 267 15 41
279 44 248 15 42
273 35 203 15 43
300 -52 275 15 44
60 0 34 1 45
102 0 41 1 46
31 0 66 2 47
70 0 73 1 48
186 0 74 14 49
191 0 79 14 50
64 0 96 1 51
3 0 107 2 52
136 0 117 1 53
144 0 138 1 54
149 0 159 1 55
288 39 183 15 56
280 -34 187 15 57
289 -43 195 15 58
290 49 275 15 59
278 -43 252 15 60
292 50 257 15 61
286 -45 279 15 62
89 0 20 1 63
275 -36 206 15 64
264 -24 218 15 65
265 26 227 15 66
272 36 231 15 67
270 -35 238 15 68
284 -44 237 15 69
294 -50 247 15 70
306 -42 172 15 71
304 51 280 15 72
191 0 53 14 73
-25 0 30 15 74
281 31 183 15 75
281 43 263 15 76
289 42 288 15 77
199 0 78 14 78
272 34 258 15 79
307 -53 258 15 80
-8 0 56 15 81
92 0 44 1 82
201 0 28 14 83
194 0 36 14 84
199 0 47 14 85
307 53 263 15 86
271 -26 202 15 87
27 0 19 15 88
298 -35 167 15 89
207 0 74 14 90
64 0 46 1 91
208 0 25 14 92
196 0 29 14 93
195 0 41 14 94
206 0 47 14 95
280 -39 266 15 96
5 0 13 15 97
280 -23 180 15 98
304 45 293 15 99
291 -39 288 15 100
-21 0 61 15 101
216 0 24 14 102
81 0 51 1 103
214 0 46 14 104
301 49 236 15 105
220 0 50 14 106
217 0 76 14 107
300 33 166 15 108
345 0 21 14 109
375 0 54 14 110
300 0 42 14 111
321 0 56 14 112
296 0 60 14 113
256 0 57 14 114
223 0 60 14 115
273 24 204 15 116
283 35 277 15 117
323 50 283 15 118
412 0 38 14 119
262 0 53 14 120
324 53 265 15 121
307 0 34 14 122
439 0 72 15 123
246 0 34 14 124
316 0 58 14 125
223 0 71 14 126
293 24 165 15 127
280 21 183 15 128
317 52 239 15 129
319 0 14 14 130
253 0 66 14 131
307 -41 293 15 132
270 0 25 14 133
252 0 27 14 134
273 0 40 14 135
299 0 52 14 136
296 0 58 14 137
330 52 247 15 138
336 -49 279 15 139
299 -25 163 15 140
272 12 205 15 141
338 50 269 15 142
338 46 288 15 143
363 0 31 14 144
259 0 22 14 145
275 0 32 14 146
321 0 48 14 147
330 0 57 14 148
306 0 60 14 149
320 27 143 15 150
286 -33 274 15 151
284 -11 178 15 152
272 14 222 15 153
270 -9 230 15 154
274 -21 237 15 155
275 23 245 15 156
368 0 38 14 157
273 -12 211 15 158
280 -31 247 15 159
279 -24 263 15 160
281 25 270 15 161
286 -20 284 15 162
330 -53 254 15 163
301 26 299 15 164
307 -30 303 15 165
313 28 308 15 166
275 0 70 14 167
351 44 277 15 168
298 -13 160 15 169
278 -14 197 15 170
351 -43 285 15 171
252 0 75 14 172
297 -27 291 15 173
318 0 25 14 174
313 20 146 15 175
320 39 161 15 176
305 10 153 15 177
300 -1 158 15 178
292 13 170 15 179
288 1 175 15 180
281 9 188 15 181
279 -2 194 15 182
261 0 76 14 183
415 0 66 14 184
274 0 48 14 185
283 0 70 14 186
270 0 73 14 187
322 -29 308 15 188
352 39 293 15 189
271 0 21 14 190
345 -50 256 15 191
277 0 207 15 192
348 30 307 15 193
329 22 312 15 194
359 -44 258 15 195
277 2 222 15 196
352 49 246 15 197
281 -13 251 15 198
284 13 262 15 199
345 -50 233 15 200
300 16 288 15 201
279 -1 241 15 202
279 11 242 15 203
371 -36 259 15 204
319 -8 307 15 205
368 -35 277 15 206
339 -24 308 15 207
365 29 298 15 208
333 -51 219 15 209
358 -46 237 15 210
307 -6 297 15 211
364 43 252 15 212
374 26 285 15 213
285 1 263 15 214
321 45 203 15 215
322 -49 212 15 216
357 19 309 15 217
289 -10 268 15 218
357 45 227 15 219
369 36 273 15 220
339 -45 199 15 221
346 48 215 15 222
301 3 287 15 223
370 -39 240 15 224
374 35 257 15 225
334 48 208 15 226
364 -19 307 15 227
338 10 311 15 228
351 -15 313 15 229
381 -24 278 15 230
375 17 298 15 231
378 -21 291 15 232
459 0 247 15 233
-20 0 -31 1 234
-46 0 -29 15 235
108 0 -42 15 236
0 0 -28 1 237
125 0 -42 15 238
19 0 -24 1 239
155 0 -42 15 240
39 0 -18 1 241
172 0 -42 15 242
4 0 -2 15 243
189 0 -42 15 244
204 0 -42 15 245
219 0 -42 15 246
233 0 -42 15 247
374 0 14 14 248
365 0 6 14 249
376 0 8 14 250
408 0 10 14 251
418 0 8 14 252
428 0 8 14 253
299 0 -42 15 254
314 0 -42 15 255
459 0 -20 15 256
332 0 -42 15 257
464 0 -33 15 258
464 0 7 15 259
464 0 22 15 260
464 0 37 15 261
440 0 35 14 262
464 0 54 15 263
391 0 33 14 264
377 0 39 14 265
344 0 34 14 266
343 0 43 14 267
370 0 58 14 268
373 0 68 14 269
334 0 66 14 270
343 0 74 14 271
343 0 83 14 272
464 0 102 15 273
464 0 129 15 274
464 0 157 15 275
372 -22 161 15 276
361 -28 161 15 277
349 -26 159 15 278
342 -3 154 15 279
341 -16 159 15 280
354 30 169 15 281
366 29 175 15 282
351 41 183 15 283
364 40 189 15 284
362 -44 195 15 285
375 36 198 15 286
373 -39 202 15 287
383 -30 206 15 288
385 29 209 15 289
379 39 221 15 290
387 31 227 15 291
389 -29 230 15 292
394 21 236 15 293
396 -14 247 15 294
391 -26 250 15 295
391 24 255 15 296
393 -12 266 15 297
343 -2 304 15 298
390 14 277 15 299
388 -9 284 15 300
370 7 303 15 301
380 -7 299 15 302
464 0 270 15 303
464 0 297 15 304
464 0 325 15 305
464 0 365 15 306
464 0 392 15 307
462 0 406 15 308
435 0 406 15 309
420 0 406 15 310
405 0 406 15 311
365 0 406 15 312
451 0 355 15 313
361 -31 301 15 314
348 -29 311 15 315
347 -39 300 15 316
333 -36 309 15 317
331 -45 297 15 318
317 -40 306 15 319
316 44 302 15 320
312 -48 294 15 321
314 -52 283 15 322
296 -48 291 15 323
137 0 406 15 324
84 0 406 15 325
31 0 406 15 326
16 0 406 15 327
-12 0 406 15 328
-26 0 406 15 329
-41 0 406 15 330
-47 0 396 15 331
92 0 394 1 332
-48 0 368 15 333
61 0 371 1 334
-48 0 325 15 335
79 0 347 15 336
60 0 324 1 337
-48 0 268 15 338
87 0 317 15 339
-48 0 238 15 340
81 0 294 1 341
106 0 302 15 342
101 0 290 15 343
25 0 240 2 344
105 0 275 15 345
-48 0 187 15 346
11 0 213 1 347
103 0 248 1 348
61 0 219 2 349
-48 0 166 15 350
51 0 197 1 351
64 0 198 2 352
8 0 170 1 353
65 0 183 1 354
36 0 166 1 355
28 0 160 2 356
-48 0 137 15 357
19 0 147 2 358
-20 0 136 1 359
