360
-65 0 306 15 0
114 0 353 1 1
108 0 338 15 2
93 0 354 1 3
125 0 335 1 4
82 0 365 1 5
8 0 237 1 6
118 0 320 15 7
122 0 215 2 8
59 0 206 2 9
54 0 216 2 10
60 0 232 1 11
123 0 270 1 12
37 0 242 1 13
-61 0 292 15 14
104 0 323 15 15
81 0 334 15 16
91 0 306 15 17
108 0 375 1 18
136 0 308 1 19
123 0 227 2 20
145 0 249 1 21
21 0 204 1 22
142 0 280 1 23
136 0 286 1 24
16 0 231 2 25
-60 0 200 15 26
146 0 217 1 27
9 0 193 2 28
45 0 219 1 29
123 0 285 15 30
92 0 279 1 31
131 0 222 2 32
70 0 214 1 33
104 0 268 1 34
77 0 320 15 35
106 0 363 1 36
145 0 191 1 37
128 0 302 15 38
75 0 341 15 39
293 49 205 15 40
299 -55 254 15 41
291 50 237 15 42
283 39 203 15 43
314 -59 261 15 44
44 0 37 1 45
91 0 43 1 46
11 0 70 2 47
55 0 74 1 48
185 0 75 14 49
191 0 79 14 50
48 0 96 1 51
-21 0 106 2 52
128 0 117 1 53
138 0 139 1 54
144 0 161 1 55
300 44 185 15 56
291 -38 188 15 57
301 -48 195 15 58
302 55 262 15 59
289 -49 243 15 60
304 56 244 15 61
298 -51 267 15 62
75 0 22 1 63
285 -41 206 15 64
273 -27 217 15 65
273 29 224 15 66
282 41 226 15 67
280 -39 232 15 68
295 -50 227 15 69
307 -56 236 15 70
319 -47 176 15 71
317 58 267 15 72
190 0 53 14 73
-54 0 34 15 74
291 35 185 15 75
291 48 253 15 76
300 47 277 15 77
199 0 78 14 78
281 38 250 15 79
321 -60 244 15 80
-35 0 61 15 81
77 0 46 1 82
200 0 28 14 83
192 0 36 14 84
198 0 48 14 85
320 60 249 15 86
280 -29 201 15 87
3 0 23 15 88
310 -39 171 15 89
207 0 77 14 90
45 0 49 1 91
207 0 25 14 92
194 0 29 14 93
193 0 42 14 94
205 0 48 14 95
289 -44 257 15 96
-21 0 17 15 97
288 -26 181 15 98
315 50 282 15 99
300 -44 279 15 100
-52 0 67 15 101
216 0 24 14 102
64 0 54 1 103
214 0 48 14 104
312 55 225 15 105
220 0 51 14 106
217 0 77 14 107
310 37 170 15 108
361 0 27 14 109
395 0 58 14 110
310 0 44 14 111
333 0 59 14 112
305 0 63 14 113
261 0 60 14 114
223 0 60 14 115
280 27 203 15 116
291 39 269 15 117
336 57 271 15 118
435 0 46 14 119
266 0 54 14 120
337 60 253 15 121
317 0 35 14 122
466 0 78 15 123
249 0 34 14 124
327 0 61 14 125
222 0 71 14 126
301 27 169 15 127
286 24 185 15 128
328 59 228 15 129
330 0 18 14 130
255 0 67 14 131
317 -46 284 15 132
275 0 25 14 133
254 0 28 14 134
278 0 41 14 135
307 0 54 14 136
304 0 60 14 137
342 59 235 15 138
349 -55 267 15 139
307 -28 167 15 140
276 14 205 15 141
351 56 257 15 142
351 52 276 15 143
378 0 37 14 144
262 0 23 14 145
279 0 33 14 146
332 0 51 14 147
342 0 60 14 148
314 0 63 14 149
331 30 152 15 150
292 -37 268 15 151
290 -12 179 15 152
275 16 221 15 153
273 -11 229 15 154
277 -24 235 15 155
279 26 242 15 156
384 0 43 14 157
276 -14 211 15 158
285 -35 243 15 159
283 -27 259 15 160
286 28 265 15 161
291 -22 279 15 162
341 -60 244 15 163
308 29 293 15 164
315 -33 295 15 165
322 32 300 15 166
279 0 72 14 167
364 50 264 15 168
305 -15 163 15 169
282 -16 196 15 170
364 -49 272 15 171
252 0 75 14 172
303 -30 286 15 173
326 0 28 14 174
321 22 153 15 175
328 44 168 15 176
311 11 157 15 177
306 -1 160 15 178
297 15 172 15 179
292 1 176 15 180
285 11 188 15 181
282 -2 193 15 182
262 0 76 14 183
435 0 70 14 184
277 0 49 14 185
287 0 72 14 186
272 0 74 14 187
330 -32 301 15 188
364 44 282 15 189
273 0 21 14 190
356 -56 247 15 191
278 0 207 15 192
358 34 297 15 193
337 25 305 15 194
371 -50 249 15 195
277 2 222 15 196
362 55 237 15 197
282 -15 249 15 198
285 15 261 15 199
354 -57 225 15 200
303 18 286 15 201
279 -1 242 15 202
280 12 241 15 203
382 -41 251 15 204
324 -9 303 15 205
379 -39 268 15 206
347 -27 302 15 207
376 33 287 15 208
340 -58 214 15 209
368 -52 229 15 210
311 -7 294 15 211
375 49 243 15 212
386 29 274 15 213
285 1 262 15 214
326 51 199 15 215
327 -55 208 15 216
367 22 300 15 217
289 -11 267 15 218
367 51 219 15 219
380 41 264 15 220
346 -50 195 15 221
354 54 210 15 222
303 3 286 15 223
381 -44 232 15 224
385 39 248 15 225
340 54 203 15 226
374 -21 297 15 227
345 11 306 15 228
359 -17 305 15 229
391 -27 269 15 230
384 19 289 15 231
387 -24 282 15 232
478 0 231 15 233
-36 0 -30 1 234
-67 0 -28 15 235
105 0 -42 15 236
-18 0 -27 1 237
122 0 -42 15 238
1 0 -22 1 239
154 0 -42 15 240
22 0 -15 1 241
171 0 -42 15 242
-20 0 3 15 243
188 0 -42 15 244
203 0 -42 15 245
219 0 -42 15 246
234 0 -42 15 247
392 0 21 14 248
381 0 12 14 249
391 0 14 14 250
426 0 16 14 251
436 0 14 14 252
446 0 14 14 253
301 0 -42 15 254
316 0 -42 15 255
478 0 -17 15 256
333 0 -42 15 257
481 0 -32 15 258
481 0 12 15 259
481 0 28 15 260
481 0 43 15 261
454 0 40 14 262
481 0 60 15 263
399 0 35 14 264
383 0 42 14 265
346 0 35 14 266
345 0 44 14 267
375 0 59 14 268
378 0 69 14 269
335 0 66 14 270
345 0 74 14 271
345 0 83 14 272
481 0 103 15 273
481 0 133 15 274
481 0 163 15 275
378 -25 166 15 276
365 -32 165 15 277
351 -29 162 15 278
344 -3 155 15 279
343 -18 159 15 280
358 33 169 15 281
371 32 175 15 282
354 46 183 15 283
368 45 189 15 284
366 -49 195 15 285
381 41 196 15 286
379 -44 200 15 287
390 -34 203 15 288
392 32 206 15 289
385 44 218 15 290
395 35 224 15 291
397 -33 225 15 292
402 24 231 15 293
404 -16 242 15 294
399 -29 245 15 295
399 27 249 15 296
402 -14 260 15 297
345 -2 302 15 298
398 16 270 15 299
396 -11 277 15 300
375 8 298 15 301
387 -8 292 15 302
481 0 258 15 303
481 0 288 15 304
481 0 318 15 305
481 0 362 15 306
481 0 392 15 307
480 0 406 15 308
450 0 406 15 309
435 0 406 15 310
419 0 406 15 311
375 0 406 15 312
473 0 349 15 313
373 -35 288 15 314
360 -32 299 15 315
359 -44 287 15 316
345 -41 297 15 317
344 -51 284 15 318
329 -45 294 15 319
329 49 289 15 320
326 -54 281 15 321
329 -59 268 15 322
310 -54 277 15 323
131 0 406 15 324
73 0 406 15 325
14 0 406 15 326
-1 0 406 15 327
-31 0 406 15 328
-47 0 406 15 329
-62 0 406 15 330
-68 0 396 15 331
90 0 394 1 332
-68 0 365 15 333
54 0 370 1 334
-68 0 320 15 335
74 0 345 15 336
53 0 321 1 337
-68 0 259 15 338
84 0 315 15 339
-68 0 227 15 340
77 0 292 1 341
105 0 301 15 342
100 0 289 15 343
14 0 234 2 344
104 0 275 15 345
-68 0 177 15 346
-2 0 207 1 347
102 0 247 1 348
54 0 216 2 349
-68 0 157 15 350
43 0 193 1 351
57 0 196 2 352
-5 0 165 1 353
59 0 181 1 354
26 0 163 1 355
18 0 158 2 356
-68 0 133 15 357
8 0 145 2 358
-37 0 134 1 359
