360
-102 0 294 15 0
110 0 352 1 1
101 0 335 15 2
83 0 351 1 3
120 0 333 1 4
68 0 362 1 5
-20 0 221 1 6
111 0 316 15 7
115 0 212 2 8
40 0 199 2 9
35 0 208 2 10
41 0 224 1 11
116 0 266 1 12
14 0 230 1 13
-102 0 277 15 14
93 0 317 15 15
66 0 327 15 16
78 0 299 15 17
98 0 374 1 18
131 0 306 1 19
115 0 224 2 20
141 0 248 1 21
-6 0 192 1 22
137 0 278 1 23
130 0 283 1 24
-12 0 216 2 25
-102 0 177 15 26
142 0 216 1 27
-20 0 181 2 28
22 0 209 1 29
115 0 281 15 30
78 0 272 1 31
124 0 219 2 32
52 0 207 1 33
92 0 263 1 34
59 0 311 15 35
93 0 359 1 36
139 0 187 1 37
119 0 298 15 38
55 0 334 15 39
314 58 204 15 40
321 -65 233 15 41
310 59 221 15 42
301 46 203 15 43
337 -70 239 15 44
16 0 40 1 45
72 0 46 1 46
-23 0 75 2 47
29 0 77 1 48
184 0 75 14 49
190 0 78 14 50
21 0 96 1 51
-61 0 105 2 52
116 0 115 1 53
127 0 139 1 54
134 0 162 1 55
320 53 189 15 56
310 -46 189 15 57
321 -57 195 15 58
323 65 241 15 59
307 -58 227 15 60
325 67 223 15 61
317 -60 248 15 62
52 0 25 1 63
302 -48 205 15 64
287 -32 215 15 65
287 35 219 15 66
297 48 219 15 67
295 -46 221 15 68
313 -59 211 15 69
327 -67 217 15 70
342 -56 183 15 71
339 68 246 15 72
187 0 52 14 73
-102 0 42 15 74
307 42 187 15 75
308 57 238 15 76
318 56 260 15 77
197 0 79 14 78
295 46 237 15 79
342 -71 222 15 80
-80 0 68 15 81
53 0 50 1 82
198 0 27 14 83
189 0 36 14 84
196 0 49 14 85
341 71 228 15 86
293 -35 200 15 87
-35 0 29 15 88
329 -47 178 15 89
206 0 80 14 90
14 0 54 1 91
206 0 25 14 92
190 0 29 14 93
189 0 43 14 94
203 0 49 14 95
303 -53 242 15 96
-65 0 24 15 97
302 -31 184 15 98
334 60 264 15 99
316 -52 264 15 100
-102 0 76 15 101
215 0 24 14 102
35 0 58 1 103
213 0 50 14 104
329 65 207 15 105
220 0 53 14 106
216 0 77 14 107
327 44 176 15 108
388 0 36 14 109
427 0 65 14 110
327 0 47 14 111
354 0 64 14 112
321 0 68 14 113
268 0 63 14 114
224 0 61 14 115
291 32 202 15 116
304 47 257 15 117
356 67 251 15 118
474 0 59 14 119
274 0 57 14 120
357 71 233 15 121
334 0 38 14 122
510 0 88 15 123
253 0 35 14 124
346 0 65 14 125
221 0 70 14 126
314 32 175 15 127
297 28 187 15 128
345 70 211 15 129
348 0 24 14 130
260 0 69 14 131
332 -55 270 15 132
283 0 26 14 133
258 0 28 14 134
286 0 43 14 135
321 0 57 14 136
317 0 64 14 137
362 70 217 15 138
370 -65 248 15 139
319 -34 173 15 140
284 16 204 15 141
372 67 238 15 142
371 62 257 15 143
404 0 45 14 144
266 0 23 14 145
287 0 34 14 146
349 0 54 14 147
361 0 64 14 148
328 0 67 14 149
347 36 166 15 150
302 -44 258 15 151
298 -15 180 15 152
281 19 220 15 153
279 -13 226 15 154
284 -28 231 15 155
285 31 237 15 156
410 0 51 14 157
282 -16 210 15 158
292 -42 237 15 159
290 -32 252 15 160
293 34 257 15 161
299 -27 272 15 162
358 -71 227 15 163
319 35 282 15 164
328 -40 283 15 165
336 38 287 15 166
285 0 75 14 167
386 59 244 15 168
315 -18 168 15 169
288 -19 195 15 170
385 -58 251 15 171
253 0 75 14 172
312 -36 278 15 173
340 0 31 14 174
333 27 164 15 175
342 52 179 15 176
322 13 163 15 177
316 -1 165 15 178
305 18 175 15 179
299 1 177 15 180
290 13 189 15 181
287 -3 191 15 182
264 0 76 14 183
469 0 77 14 184
281 0 50 14 185
293 0 75 14 186
275 0 75 14 187
344 -38 288 15 188
384 52 263 15 189
276 0 22 14 190
374 -67 232 15 191
281 0 206 15 192
376 40 281 15 193
350 29 293 15 194
389 -59 234 15 195
278 3 223 15 196
378 65 222 15 197
282 -18 247 15 198
287 18 258 15 199
368 -67 212 15 200
307 22 282 15 201
279 -1 242 15 202
280 15 239 15 203
402 -48 236 15 204
333 -11 297 15 205
398 -46 252 15 206
359 -32 291 15 207
394 39 269 15 208
351 -68 207 15 209
384 -62 215 15 210
316 -8 291 15 211
392 58 228 15 212
406 35 255 15 213
286 1 261 15 214
334 60 192 15 215
335 -65 201 15 216
382 26 286 15 217
290 -13 266 15 218
382 60 207 15 219
397 48 250 15 220
357 -60 189 15 221
367 64 201 15 222
306 4 285 15 223
398 -52 218 15 224
404 46 234 15 225
350 64 196 15 226
390 -25 281 15 227
355 13 298 15 228
372 -20 293 15 229
408 -32 253 15 230
399 23 274 15 231
402 -28 268 15 232
510 0 205 15 233
-64 0 -29 1 234
-102 0 -26 15 235
101 0 -43 15 236
-47 0 -25 1 237
118 0 -43 15 238
-28 0 -19 1 239
152 0 -43 15 240
-7 0 -11 1 241
168 0 -43 15 242
-60 0 10 15 243
185 0 -43 15 244
202 0 -43 15 245
219 0 -43 15 246
235 0 -43 15 247
421 0 32 14 248
406 0 21 14 249
417 0 24 14 250
457 0 26 14 251
467 0 24 14 252
477 0 23 14 253
302 0 -43 15 254
319 0 -43 15 255
510 0 -13 15 256
336 0 -43 15 257
510 0 -30 15 258
510 0 20 15 259
510 0 37 15 260
510 0 54 15 261
478 0 48 14 262
510 0 71 15 263
412 0 39 14 264
394 0 45 14 265
350 0 35 14 266
349 0 44 14 267
384 0 61 14 268
388 0 71 14 269
337 0 66 14 270
349 0 73 14 271
349 0 82 14 272
510 0 105 15 273
510 0 139 15 274
510 0 172 15 275
387 -29 175 15 276
372 -38 172 15 277
355 -35 166 15 278
346 -4 157 15 279
345 -22 160 15 280
363 40 170 15 281
379 38 176 15 282
359 55 183 15 283
375 54 188 15 284
373 -58 194 15 285
391 48 194 15 286
388 -52 197 15 287
401 -40 198 15 288
403 38 200 15 289
396 53 213 15 290
407 42 218 15 291
409 -39 218 15 292
416 28 224 15 293
418 -19 235 15 294
412 -35 236 15 295
412 32 240 15 296
415 -16 251 15 297
348 -2 299 15 298
411 19 260 15 299
409 -13 267 15 300
384 10 290 15 301
397 -10 280 15 302
510 0 239 15 303
510 0 273 15 304
510 0 306 15 305
510 0 357 15 306
510 0 391 15 307
510 0 408 15 308
476 0 408 15 309
459 0 408 15 310
442 0 408 15 311
391 0 408 15 312
510 0 340 15 313
392 -42 268 15 314
379 -38 281 15 315
379 -53 266 15 316
364 -48 278 15 317
365 -60 263 15 318
348 -54 275 15 319
350 58 269 15 320
349 -64 259 15 321
354 -70 244 15 322
332 -64 254 15 323
122 0 408 15 324
55 0 408 15 325
-13 0 408 15 326
-29 0 408 15 327
-63 0 408 15 328
-80 0 408 15 329
-97 0 408 15 330
-102 0 395 15 331
85 0 394 1 332
-102 0 361 15 333
43 0 369 1 334
-102 0 311 15 335
67 0 343 15 336
42 0 316 1 337
-102 0 243 15 338
78 0 312 15 339
-102 0 210 15 340
70 0 288 1 341
103 0 301 15 342
97 0 288 15 343
-4 0 225 2 344
102 0 275 15 345
-102 0 160 15 346
-23 0 198 1 347
100 0 247 1 348
43 0 212 2 349
-102 0 143 15 350
30 0 188 1 351
47 0 193 2 352
-27 0 157 1 353
49 0 179 1 354
10 0 158 1 355
0 0 153 2 356
-102 0 126 15 357
-12 0 141 2 358
-65 0 130 1 359
