360
-82 0 89 15 0
-80 0 68 15 1
-71 0 40 15 2
-65 0 24 15 3
-65 0 130 1 4
-64 0 -29 1 5
-64 0 84 15 6
-63 0 66 15 7
-61 0 105 2 8
-60 0 10 15 9
-53 0 43 15 10
-47 0 -25 1 11
-47 0 26 15 12
-45 0 71 15 13
-45 0 106 2 14
-45 0 128 2 15
-44 0 143 1 16
-42 0 8 15 17
-41 0 199 1 18
-35 0 29 15 19
-34 0 55 15 20
-34 0 174 1 21
-33 0 100 2 22
-33 0 162 2 23
-32 0 88 2 24
-31 0 69 2 25
-28 0 -19 1 26
-27 0 157 1 27
-25 0 124 2 28
-24 0 139 2 29
-23 0 32 15 30
-23 0 75 2 31
-23 0 198 1 32
-23 0 207 2 33
-22 0 8 15 34
-22 0 104 2 35
-20 0 181 2 36
-20 0 221 1 37
-14 0 159 1 38
-13 0 193 2 39
-12 0 141 2 40
-12 0 216 2 41
-11 0 95 2 42
-9 0 115 1 43
-7 0 -11 1 44
-6 0 192 1 45
-4 0 175 1 46
-4 0 225 2 47
0 0 34 3 48
0 0 153 2 49
0 0 242 1 50
2 0 80 2 51
2 0 208 1 52
5 0 135 1 53
8 0 105 1 54
10 0 158 1 55
11 0 0 1 56
14 0 54 1 57
14 0 83 2 58
14 0 230 1 59
16 0 40 1 60
21 0 96 1 61
22 0 209 1 62
29 0 77 1 63
30 0 188 1 64
33 0 12 1 65
35 0 58 1 66
35 0 208 2 67
40 0 199 2 68
41 0 224 1 69
42 0 316 1 70
43 0 212 2 71
43 0 342 1 72
43 0 369 1 73
47 0 120 2 74
47 0 193 2 75
49 0 179 1 76
51 0 138 2 77
52 0 25 1 78
52 0 207 1 79
53 0 50 1 80
55 0 334 15 81
58 0 297 1 82
59 0 311 15 83
60 0 149 2 84
66 0 327 15 85
67 0 343 15 86
68 0 362 1 87
70 0 168 2 88
70 0 288 1 89
72 0 46 1 90
78 0 272 1 91
78 0 299 15 92
78 0 312 15 93
79 0 332 15 94
83 0 351 1 95
85 0 394 1 96
88 0 279 15 97
89 0 67 1 98
92 0 263 1 99
93 0 317 15 100
93 0 359 1 101
97 0 288 15 102
98 0 374 1 103
100 0 247 1 104
101 0 335 15 105
102 0 275 15 106
103 0 301 15 107
105 0 90 1 108
110 0 352 1 109
111 0 316 15 110
115 0 212 2 111
115 0 224 2 112
115 0 281 15 113
116 0 115 1 114
116 0 266 1 115
119 0 298 15 116
120 0 333 1 117
124 0 219 2 118
127 0 139 1 119
130 0 283 1 120
131 0 306 1 121
134 0 162 1 122
137 0 278 1 123
139 0 187 1 124
141 0 248 1 125
142 0 216 1 126
184 0 75 14 127
187 0 52 14 128
189 0 36 14 129
189 0 43 14 130
190 0 29 14 131
190 0 78 14 132
196 0 49 14 133
197 0 79 14 134
198 0 27 14 135
203 0 49 14 136
206 0 25 14 137
206 0 80 14 138
213 0 50 14 139
215 0 24 14 140
216 0 77 14 141
220 0 53 14 142
221 0 70 14 143
224 0 61 14 144
253 0 35 14 145
253 0 75 14 146
258 0 28 14 147
260 0 69 14 148
264 0 76 14 149
266 0 23 14 150
268 0 63 14 151
274 0 57 14 152
275 0 75 14 153
276 0 22 14 154
281 0 50 14 155
283 0 26 14 156
285 0 75 14 157
286 0 43 14 158
287 0 34 14 159
293 0 75 14 160
317 0 64 14 161
321 0 57 14 162
321 0 68 14 163
327 0 47 14 164
328 0 67 14 165
334 0 38 14 166
337 0 66 14 167
340 0 31 14 168
346 0 65 14 169
348 0 24 14 170
349 0 44 14 171
349 0 54 14 172
349 0 73 14 173
349 0 82 14 174
350 0 35 14 175
354 0 64 14 176
361 0 64 14 177
384 0 61 14 178
388 0 28 14 179
388 0 36 14 180
388 0 71 14 181
393 0 53 14 182
394 0 45 14 183
396 0 21 14 184
396 0 77 14 185
404 0 45 14 186
406 0 21 14 187
408 0 78 14 188
410 0 51 14 189
412 0 39 14 190
417 0 24 14 191
420 0 55 14 192
420 0 73 14 193
421 0 32 14 194
427 0 65 14 195
457 0 26 14 196
467 0 24 14 197
469 0 77 14 198
469 0 85 14 199
471 0 67 14 200
474 0 59 14 201
477 0 23 14 202
478 0 48 14 203
483 0 38 14 204
490 0 24 14 205
374 39 173 15 206
357 38 168 15 207
345 27 162 15 208
343 10 158 15 209
353 -4 157 15 210
370 -9 160 15 211
385 -3 166 15 212
392 11 172 15 213
388 28 175 15 214
375 59 196 15 215
359 61 192 15 216
343 58 186 15 217
330 50 180 15 218
320 38 176 15 219
314 23 170 15 220
314 6 166 15 221
319 -8 164 15 222
329 -22 163 15 223
343 -32 165 15 224
358 -37 168 15 225
375 -37 173 15 226
390 -32 178 15 227
402 -22 183 15 228
410 -8 189 15 229
412 7 194 15 230
410 24 197 15 231
402 39 198 15 232
390 51 198 15 233
374 66 215 15 234
357 69 211 15 235
341 68 206 15 236
326 62 200 15 237
313 52 194 15 238
303 38 188 15 239
298 23 183 15 240
297 6 179 15 241
301 -10 176 15 242
309 -25 175 15 243
321 -38 175 15 244
335 -47 177 15 245
351 -53 180 15 246
368 -54 184 15 247
384 -50 189 15 248
398 -42 195 15 249
409 -30 201 15 250
417 -15 207 15 251
420 0 212 15 252
418 17 215 15 253
412 33 218 15 254
403 47 218 15 255
389 59 217 15 256
371 68 232 15 257
355 71 229 15 258
339 71 224 15 259
323 66 218 15 260
310 58 213 15 261
299 46 207 15 262
291 33 201 15 263
287 17 196 15 264
287 1 192 15 265
291 -15 189 15 266
298 -30 187 15 267
308 -43 187 15 268
322 -53 189 15 269
337 -60 191 15 270
353 -64 195 15 271
369 -63 200 15 272
384 -58 205 15 273
398 -50 211 15 274
409 -39 217 15 275
417 -25 222 15 276
421 -9 227 15 277
421 6 232 15 278
417 22 234 15 279
410 37 236 15 280
399 51 236 15 281
386 61 235 15 282
367 66 249 15 283
351 69 245 15 284
334 69 240 15 285
318 64 234 15 286
304 55 228 15 287
293 44 222 15 288
285 29 217 15 289
281 13 211 15 290
280 -2 207 15 291
284 -19 204 15 292
292 -35 203 15 293
303 -48 202 15 294
316 -59 204 15 295
332 -66 206 15 296
348 -69 210 15 297
365 -69 215 15 298
381 -64 221 15 299
395 -55 227 15 300
406 -44 233 15 301
414 -29 239 15 302
418 -13 244 15 303
419 2 248 15 304
415 19 251 15 305
407 35 252 15 306
396 48 253 15 307
383 59 251 15 308
362 60 264 15 309
346 64 260 15 310
330 63 255 15 311
315 58 250 15 312
301 50 244 15 313
290 39 238 15 314
282 25 233 15 315
278 9 228 15 316
278 -6 223 15 317
282 -22 221 15 318
289 -37 219 15 319
300 -51 219 15 320
313 -61 220 15 321
328 -68 223 15 322
344 -71 226 15 323
360 -71 231 15 324
376 -66 237 15 325
389 -58 242 15 326
400 -46 248 15 327
408 -33 254 15 328
412 -17 259 15 329
412 -1 263 15 330
408 15 266 15 331
401 30 268 15 332
391 43 268 15 333
377 53 267 15 334
356 51 278 15 335
340 54 274 15 336
323 52 269 15 337
308 46 263 15 338
295 36 257 15 339
286 23 251 15 340
280 7 246 15 341
279 -8 241 15 342
283 -25 238 15 343
291 -40 237 15 344
303 -53 237 15 345
317 -63 239 15 346
333 -68 242 15 347
350 -69 247 15 348
366 -65 252 15 349
380 -57 258 15 350
391 -45 264 15 351
399 -31 270 15 352
402 -14 275 15 353
400 1 278 15 354
395 18 281 15 355
385 32 281 15 356
372 43 280 15 357
349 35 290 15 358
332 38 286 15 359
