360
-82 0 89 15 0
-80 0 68 15 1
-71 0 40 15 2
-65 0 24 15 3
-65 0 130 1 4
-64 0 -29 1 5
-64 0 84 15 6
-63 0 66 15 7
-61 0 105 2 8
-60 0 10 15 9
-53 0 43 15 10
-47 0 -25 1 11
-47 0 26 15 12
-45 0 71 15 13
-45 0 106 2 14
-45 0 128 2 15
-44 0 143 1 16
-42 0 8 15 17
-41 0 199 1 18
-35 0 29 15 19
-34 0 55 15 20
-34 0 174 1 21
-33 0 100 2 22
-33 0 162 2 23
-32 0 88 2 24
-31 0 69 2 25
-28 0 -19 1 26
-27 0 157 1 27
-25 0 124 2 28
-24 0 139 2 29
-23 0 32 15 30
-23 0 75 2 31
-23 0 198 1 32
-23 0 207 2 33
-22 0 8 15 34
-22 0 104 2 35
-20 0 181 2 36
-20 0 221 1 37
-14 0 159 1 38
-13 0 193 2 39
-12 0 141 2 40
-12 0 216 2 41
-11 0 95 2 42
-9 0 115 1 43
-7 0 -11 1 44
-6 0 192 1 45
-4 0 175 1 46
-4 0 225 2 47
0 0 34 1 48
0 0 153 2 49
0 0 242 1 50
2 0 80 2 51
2 0 208 1 52
5 0 135 1 53
8 0 105 1 54
10 0 158 1 55
11 0 0 1 56
14 0 54 1 57
14 0 83 2 58
14 0 230 1 59
16 0 40 1 60
21 0 96 1 61
22 0 209 1 62
29 0 77 1 63
30 0 188 1 64
33 0 12 1 65
35 0 58 1 66
35 0 208 2 67
40 0 199 2 68
41 0 224 1 69
42 0 316 1 70
43 0 212 2 71
43 0 342 1 72
43 0 369 3 73
47 0 120 2 74
47 0 193 2 75
49 0 179 1 76
51 0 138 2 77
52 0 25 1 78
52 0 207 1 79
53 0 50 1 80
55 0 334 15 81
58 0 297 1 82
59 0 311 15 83
60 0 149 2 84
66 0 327 15 85
67 0 343 15 86
68 0 362 1 87
70 0 168 2 88
70 0 288 1 89
72 0 46 1 90
78 0 272 3 91
78 0 299 15 92
78 0 312 15 93
79 0 332 15 94
83 0 351 1 95
85 0 394 1 96
88 0 279 15 97
89 0 67 1 98
92 0 263 1 99
93 0 317 15 100
93 0 359 1 101
97 0 288 15 102
98 0 374 3 103
100 0 247 1 104
101 0 335 15 105
102 0 275 15 106
103 0 301 15 107
105 0 90 1 108
110 0 352 1 109
111 0 316 15 110
115 0 212 2 111
115 0 224 2 112
115 0 281 15 113
116 0 115 1 114
116 0 266 1 115
119 0 298 15 116
120 0 333 1 117
124 0 219 2 118
127 0 139 1 119
130 0 283 1 120
131 0 306 1 121
134 0 162 1 122
137 0 278 1 123
139 0 187 1 124
141 0 248 1 125
142 0 216 1 126
184 0 75 14 127
187 0 52 14 128
189 0 36 14 129
189 0 43 14 130
190 0 29 14 131
190 0 78 14 132
196 0 49 14 133
197 0 79 14 134
198 0 27 14 135
203 0 49 14 136
206 0 25 14 137
206 0 80 14 138
213 0 50 14 139
215 0 24 14 140
216 0 77 14 141
220 0 53 14 142
221 0 70 14 143
224 0 61 14 144
253 0 35 14 145
253 0 75 14 146
258 0 28 14 147
260 0 69 14 148
264 0 76 14 149
266 0 23 14 150
268 0 63 14 151
274 0 57 14 152
275 0 75 14 153
276 0 22 14 154
281 0 50 14 155
283 0 26 14 156
285 0 75 14 157
286 0 43 14 158
287 0 34 14 159
293 0 75 14 160
317 0 64 14 161
321 0 57 14 162
321 0 68 14 163
327 0 47 14 164
328 0 67 14 165
334 0 38 14 166
337 0 66 14 167
340 0 31 14 168
346 0 65 14 169
348 0 24 14 170
349 0 44 14 171
349 0 54 14 172
349 0 73 14 173
349 0 82 14 174
350 0 35 14 175
354 0 64 14 176
361 0 64 14 177
384 0 61 14 178
388 0 28 14 179
388 0 36 14 180
388 0 71 14 181
393 0 53 14 182
394 0 45 14 183
396 0 21 14 184
396 0 77 14 185
404 0 45 14 186
406 0 21 14 187
408 0 78 14 188
410 0 51 14 189
412 0 39 14 190
417 0 24 14 191
420 0 55 14 192
420 0 73 14 193
421 0 32 14 194
427 0 65 14 195
457 0 26 14 196
467 0 24 14 197
469 0 77 14 198
469 0 85 14 199
471 0 67 14 200
474 0 59 14 201
477 0 23 14 202
478 0 48 14 203
483 0 38 14 204
490 0 24 14 205
336 -44 173 15 206
353 -39 168 15 207
361 -25 162 15 208
358 -8 158 15 209
345 3 157 15 210
327 4 160 15 211
314 -6 166 15 212
311 -22 172 15 213
320 -37 175 15 214
340 -63 196 15 215
356 -62 192 15 216
371 -55 186 15 217
382 -43 180 15 218
389 -29 176 15 219
390 -13 170 15 220
386 2 166 15 221
376 16 164 15 222
363 27 163 15 223
348 33 165 15 224
331 34 168 15 225
315 29 173 15 226
302 20 178 15 227
293 7 183 15 228
289 -7 189 15 229
291 -24 194 15 230
298 -39 197 15 231
309 -51 198 15 232
324 -60 198 15 233
343 -70 215 15 234
360 -69 211 15 235
376 -63 206 15 236
389 -53 200 15 237
399 -40 194 15 238
404 -25 188 15 239
405 -8 183 15 240
402 7 179 15 241
394 22 176 15 242
382 35 175 15 243
367 44 175 15 244
351 50 177 15 245
334 50 180 15 246
318 47 184 15 247
303 39 189 15 248
292 28 195 15 249
284 13 201 15 250
281 -2 207 15 251
282 -18 212 15 252
288 -34 215 15 253
298 -48 218 15 254
311 -60 218 15 255
326 -67 217 15 256
347 -71 232 15 257
363 -70 229 15 258
378 -65 224 15 259
392 -57 218 15 260
403 -45 213 15 261
411 -32 207 15 262
414 -16 201 15 263
414 0 196 15 264
410 15 192 15 265
402 30 189 15 266
391 42 187 15 267
378 52 187 15 268
362 59 189 15 269
346 62 191 15 270
329 60 195 15 271
314 56 200 15 272
300 47 205 15 273
289 36 211 15 274
282 22 217 15 275
278 6 222 15 276
278 -9 227 15 277
282 -25 232 15 278
290 -39 234 15 279
301 -52 236 15 280
315 -62 236 15 281
330 -68 235 15 282
350 -68 249 15 283
367 -67 245 15 284
383 -62 240 15 285
397 -53 234 15 286
408 -42 228 15 287
416 -27 222 15 288
420 -12 217 15 289
420 4 211 15 290
415 20 207 15 291
407 35 204 15 292
396 48 203 15 293
382 59 202 15 294
366 65 204 15 295
349 68 206 15 296
332 67 210 15 297
316 62 215 15 298
302 53 221 15 299
291 42 227 15 300
283 27 233 15 301
279 12 239 15 302
279 -4 244 15 303
284 -20 248 15 304
292 -35 251 15 305
303 -48 252 15 306
317 -59 253 15 307
333 -65 251 15 308
353 -62 264 15 309
370 -60 260 15 310
385 -56 255 15 311
399 -47 250 15 312
410 -36 244 15 313
417 -22 238 15 314
421 -6 233 15 315
421 9 228 15 316
417 25 223 15 317
409 39 221 15 318
398 52 219 15 319
384 62 219 15 320
369 68 220 15 321
352 71 223 15 322
336 70 226 15 323
321 65 231 15 324
307 57 237 15 325
296 45 242 15 326
288 32 248 15 327
285 16 254 15 328
285 0 259 15 329
289 -15 263 15 330
297 -30 266 15 331
308 -42 268 15 332
321 -52 268 15 333
337 -59 267 15 334
357 -51 278 15 335
373 -49 274 15 336
389 -43 269 15 337
402 -34 263 15 338
412 -21 257 15 339
417 -5 251 15 340
418 10 246 15 341
415 26 241 15 342
407 42 238 15 343
395 54 237 15 344
381 64 237 15 345
364 69 239 15 346
347 70 242 15 347
331 66 247 15 348
316 59 252 15 349
305 47 258 15 350
297 33 264 15 351
294 17 270 15 352
295 0 275 15 353
301 -15 278 15 354
311 -29 281 15 355
324 -40 281 15 356
340 -47 280 15 357
360 -34 290 15 358
376 -32 286 15 359
