360
-82 0 89 15 0
-80 0 68 15 1
-71 0 40 15 2
-65 0 24 15 3
-65 0 130 1 4
-64 0 -29 1 5
-64 0 84 15 6
-63 0 66 15 7
-61 0 105 2 8
-60 0 10 15 9
-53 0 43 15 10
-47 0 -25 1 11
-47 0 26 15 12
-45 0 71 15 13
-45 0 106 2 14
-45 0 128 2 15
-44 0 143 1 16
-42 0 8 15 17
-41 0 199 3 18
-35 0 29 15 19
-34 0 55 15 20
-34 0 174 1 21
-33 0 100 2 22
-33 0 162 2 23
-32 0 88 2 24
-31 0 69 2 25
-28 0 -19 1 26
-27 0 157 1 27
-25 0 124 2 28
-24 0 139 2 29
-23 0 32 15 30
-23 0 75 2 31
-23 0 198 3 32
-23 0 207 2 33
-22 0 8 15 34
-22 0 104 2 35
-20 0 181 2 36
-20 0 221 1 37
-14 0 159 1 38
-13 0 193 2 39
-12 0 141 2 40
-12 0 216 2 41
-11 0 95 2 42
-9 0 115 1 43
-7 0 -11 1 44
-6 0 192 1 45
-4 0 175 1 46
-4 0 225 2 47
0 0 34 1 48
0 0 153 2 49
0 0 242 1 50
2 0 80 2 51
2 0 208 1 52
5 0 135 1 53
8 0 105 1 54
10 0 158 1 55
11 0 0 1 56
14 0 54 1 57
14 0 83 2 58
14 0 230 1 59
16 0 40 1 60
21 0 96 1 61
22 0 209 1 62
29 0 77 1 63
30 0 188 1 64
33 0 12 1 65
35 0 58 1 66
35 0 208 2 67
40 0 199 2 68
41 0 224 1 69
42 0 316 1 70
43 0 212 2 71
43 0 342 1 72
43 0 369 1 73
47 0 120 2 74
47 0 193 2 75
49 0 179 1 76
51 0 138 2 77
52 0 25 1 78
52 0 207 1 79
53 0 50 1 80
55 0 334 15 81
58 0 297 1 82
59 0 311 15 83
60 0 149 2 84
66 0 327 15 85
67 0 343 15 86
68 0 362 1 87
70 0 168 2 88
70 0 288 1 89
72 0 46 1 90
78 0 272 1 91
78 0 299 15 92
78 0 312 15 93
79 0 332 15 94
83 0 351 1 95
85 0 394 1 96
88 0 279 15 97
89 0 67 1 98
92 0 263 1 99
93 0 317 15 100
93 0 359 1 101
97 0 288 15 102
98 0 374 1 103
100 0 247 1 104
101 0 335 15 105
102 0 275 15 106
103 0 301 15 107
105 0 90 1 108
110 0 352 1 109
111 0 316 15 110
115 0 212 2 111
115 0 224 2 112
115 0 281 15 113
116 0 115 1 114
116 0 266 1 115
119 0 298 15 116
120 0 333 1 117
124 0 219 2 118
127 0 139 1 119
130 0 283 1 120
131 0 306 3 121
134 0 162 1 122
137 0 278 1 123
139 0 187 1 124
141 0 248 1 125
142 0 216 1 126
184 0 75 14 127
187 0 52 14 128
189 0 36 14 129
189 0 43 14 130
190 0 29 14 131
190 0 78 14 132
196 0 49 14 133
197 0 79 14 134
198 0 27 14 135
203 0 49 14 136
206 0 25 14 137
206 0 80 14 138
213 0 50 14 139
215 0 24 14 140
216 0 77 14 141
220 0 53 14 142
221 0 70 14 143
224 0 61 14 144
253 0 35 14 145
253 0 75 14 146
258 0 28 14 147
260 0 69 14 148
264 0 76 14 149
266 0 23 14 150
268 0 63 14 151
274 0 57 14 152
275 0 75 14 153
276 0 22 14 154
281 0 50 14 155
283 0 26 14 156
285 0 75 14 157
286 0 43 14 158
287 0 34 14 159
293 0 75 14 160
317 0 64 14 161
321 0 57 14 162
321 0 68 14 163
327 0 47 14 164
328 0 67 14 165
334 0 38 14 166
337 0 66 14 167
340 0 31 14 168
346 0 65 14 169
348 0 24 14 170
349 0 44 14 171
349 0 54 14 172
349 0 73 14 173
349 0 82 14 174
350 0 35 14 175
354 0 64 14 176
361 0 64 14 177
384 0 61 14 178
388 0 28 14 179
388 0 36 14 180
388 0 71 14 181
393 0 53 14 182
394 0 45 14 183
396 0 21 14 184
396 0 77 14 185
404 0 45 14 186
406 0 21 14 187
408 0 78 14 188
410 0 51 14 189
412 0 39 14 190
417 0 24 14 191
420 0 55 14 192
420 0 73 14 193
421 0 32 14 194
427 0 65 14 195
457 0 26 14 196
467 0 24 14 197
469 0 77 14 198
469 0 85 14 199
471 0 67 14 200
474 0 59 14 201
477 0 23 14 202
478 0 48 14 203
483 0 38 14 204
490 0 24 14 205
311 -25 173 15 206
326 -31 168 15 207
342 -26 162 15 208
351 -11 158 15 209
348 5 157 15 210
335 17 160 15 211
319 18 166 15 212
306 7 172 15 213
303 -9 175 15 214
301 -42 196 15 215
314 -51 192 15 216
330 -55 186 15 217
346 -54 180 15 218
360 -47 176 15 219
372 -36 170 15 220
379 -21 166 15 221
381 -4 164 15 222
378 11 163 15 223
370 26 165 15 224
358 38 168 15 225
343 44 173 15 226
327 46 178 15 227
312 42 183 15 228
299 33 189 15 229
289 19 194 15 230
284 3 197 15 231
285 -12 198 15 232
291 -28 198 15 233
299 -49 215 15 234
313 -59 211 15 235
328 -65 206 15 236
344 -66 200 15 237
360 -62 194 15 238
375 -54 188 15 239
386 -42 183 15 240
394 -28 179 15 241
398 -11 176 15 242
397 5 175 15 243
392 22 175 15 244
383 37 177 15 245
371 48 180 15 246
356 56 184 15 247
340 60 189 15 248
324 58 195 15 249
309 53 201 15 250
296 43 207 15 251
286 29 212 15 252
280 13 215 15 253
278 -3 218 15 254
281 -20 218 15 255
288 -36 217 15 256
301 -52 232 15 257
314 -62 229 15 258
329 -68 224 15 259
345 -71 218 15 260
360 -69 213 15 261
375 -63 207 15 262
388 -54 201 15 263
398 -42 196 15 264
406 -27 192 15 265
409 -11 189 15 266
409 5 187 15 267
405 21 187 15 268
398 36 189 15 269
387 49 191 15 270
374 59 195 15 271
359 65 200 15 272
343 68 205 15 273
327 66 211 15 274
313 60 217 15 275
300 51 222 15 276
289 39 227 15 277
282 24 232 15 278
278 8 234 15 279
279 -8 236 15 280
282 -24 236 15 281
290 -39 235 15 282
305 -52 249 15 283
319 -62 245 15 284
334 -69 240 15 285
350 -71 234 15 286
366 -69 228 15 287
382 -64 222 15 288
395 -54 217 15 289
406 -42 211 15 290
413 -26 207 15 291
417 -10 204 15 292
417 7 203 15 293
413 23 202 15 294
405 39 204 15 295
394 52 206 15 296
380 62 210 15 297
365 69 215 15 298
349 71 221 15 299
333 69 227 15 300
317 64 233 15 301
304 54 239 15 302
293 42 244 15 303
286 26 248 15 304
282 10 251 15 305
282 -7 252 15 306
286 -23 253 15 307
294 -39 251 15 308
312 -49 264 15 309
325 -59 260 15 310
340 -65 255 15 311
356 -68 250 15 312
372 -66 244 15 313
386 -60 238 15 314
399 -51 233 15 315
410 -39 228 15 316
417 -24 223 15 317
421 -8 221 15 318
420 8 219 15 319
417 24 219 15 320
409 39 220 15 321
398 52 223 15 322
385 62 226 15 323
370 68 231 15 324
354 71 237 15 325
339 69 242 15 326
324 63 248 15 327
311 54 254 15 328
301 42 259 15 329
293 27 263 15 330
290 11 266 15 331
290 -5 268 15 332
294 -21 268 15 333
301 -36 267 15 334
322 -43 278 15 335
335 -53 274 15 336
351 -58 269 15 337
367 -60 263 15 338
383 -56 257 15 339
397 -48 251 15 340
409 -36 246 15 341
417 -21 241 15 342
421 -5 238 15 343
420 12 237 15 344
415 28 237 15 345
406 43 239 15 346
394 55 242 15 347
379 62 247 15 348
363 66 252 15 349
346 65 258 15 350
331 59 264 15 351
318 49 270 15 352
309 35 275 15 353
303 19 278 15 354
301 2 281 15 355
304 -14 281 15 356
311 -30 280 15 357
335 -32 290 15 358
349 -42 286 15 359
