360
-77 0 99 4 0
-75 0 77 4 1
-59 0 66 1 2
-53 0 49 4 3
-64 0 131 4 4
-37 4 23 4 5
-55 0 101 1 6
-58 0 76 4 7
-56 0 114 1 8
-31 -6 58 4 9
-42 0 62 4 10
-22 -6 29 4 11
-32 0 50 4 12
-41 0 79 4 13
-42 0 114 1 14
-43 0 133 1 15
-41 0 146 1 16
-21 -4 49 4 17
-39 0 196 1 18
-25 0 49 4 19
-17 4 86 4 20
-34 0 176 1 21
-29 0 109 1 22
-33 0 163 1 23
-26 0 100 1 24
-26 0 78 4 25
-6 8 36 4 26
-24 0 161 1 27
-23 0 130 1 28
-22 0 143 1 29
-5 -4 65 4 30
-9 -4 101 4 31
-21 0 199 1 32
-26 0 205 1 33
-5 4 48 4 34
-18 0 113 1 35
-19 0 181 1 36
-23 0 218 1 37
-8 0 162 4 38
-14 0 192 1 39
-12 0 142 1 40
-13 0 214 1 41
-9 0 100 4 42
1 4 133 4 43
9 -6 38 4 44
1 0 192 4 45
0 0 177 4 46
-4 0 223 1 47
10 0 62 4 48
2 0 154 4 49
-4 0 236 1 50
6 0 89 4 51
-1 0 208 1 52
8 0 138 4 53
13 0 114 4 54
15 -4 164 4 55
22 -4 41 4 56
20 0 67 4 57
15 0 88 4 58
19 4 218 4 59
25 4 70 4 60
23 0 101 4 61
23 0 206 4 62
31 0 87 4 63
30 -4 188 4 64
38 0 37 4 65
39 0 73 4 66
35 0 208 4 67
40 4 197 4 68
43 0 222 4 69
31 0 297 4 70
42 -4 207 4 71
24 0 309 1 72
26 0 335 4 73
47 0 124 4 74
48 6 191 4 75
49 -6 181 4 76
54 -4 142 4 77
54 0 56 4 78
51 4 205 4 79
54 0 67 4 80
43 0 310 4 81
54 0 283 4 82
51 0 293 4 83
62 -4 151 4 84
57 0 308 4 85
54 0 316 4 86
54 0 334 4 87
67 8 173 4 88
69 0 280 4 89
70 0 61 4 90
76 0 265 4 91
73 0 278 4 92
74 0 294 4 93
71 0 309 4 94
73 0 326 4 95
62 0 357 4 96
86 0 274 4 97
87 0 76 4 98
89 0 259 4 99
87 0 294 4 100
83 4 317 4 101
89 4 269 4 102
86 -4 328 4 103
95 0 241 4 104
90 6 296 4 105
101 0 271 4 106
94 -4 278 4 107
97 0 104 4 108
96 -6 308 4 109
99 -6 284 4 110
112 0 210 4 111
109 0 221 4 112
111 0 272 4 113
112 0 120 4 114
115 0 264 4 115
111 0 284 4 116
106 6 296 4 117
115 -4 214 4 118
126 0 141 4 119
117 -4 262 4 120
117 4 279 4 121
133 0 166 4 122
130 0 269 4 123
135 0 187 4 124
128 4 234 4 125
135 0 211 4 126
165 0 92 4 127
171 0 69 4 128
169 0 57 4 129
159 4 73 4 130
167 0 52 4 131
178 0 88 4 132
182 0 63 4 133
186 0 88 4 134
179 0 47 4 135
185 0 67 4 136
168 -6 66 4 137
192 0 95 1 138
180 4 78 4 139
182 -4 59 4 140
193 0 99 4 141
204 0 66 4 142
209 0 82 4 143
208 0 75 4 144
231 0 53 4 145
245 0 82 4 146
216 -4 64 4 147
233 0 91 1 148
257 0 83 4 149
221 4 61 4 150
250 0 82 1 151
257 0 72 4 152
264 0 85 4 153
252 0 44 4 154
260 0 67 4 155
256 0 50 4 156
262 0 94 1 157
261 0 62 4 158
265 0 52 4 159
282 0 85 4 160
302 0 78 4 161
300 0 77 1 162
312 0 77 4 163
312 0 62 4 164
316 0 80 4 165
303 0 65 1 166
325 0 79 4 167
313 0 54 4 168
339 0 75 4 169
322 0 45 4 170
336 0 60 4 171
337 0 70 4 172
342 0 84 4 173
345 0 87 4 174
329 0 57 4 175
343 0 78 4 176
354 0 78 4 177
379 0 72 4 178
376 0 51 4 179
378 0 54 4 180
384 0 83 4 181
384 0 73 1 182
386 0 64 4 183
384 0 46 4 184
393 0 87 4 185
401 0 64 4 186
400 0 43 4 187
407 0 88 4 188
407 0 65 4 189
413 0 59 4 190
417 0 45 4 191
421 0 71 4 192
422 0 90 1 193
425 0 54 4 194
428 0 75 4 195
456 0 50 4 196
463 0 54 1 197
468 0 87 4 198
469 0 101 1 199
470 0 84 1 200
474 0 74 4 201
478 0 45 4 202
479 0 70 1 203
483 0 66 1 204
491 0 49 4 205
393 -9 167 1 206
387 2 164 1 207
374 8 157 1 208
356 6 153 1 209
346 -3 155 1 210
341 -15 155 1 211
342 -25 159 1 212
363 -27 161 1 213
384 -21 162 1 214
420 -7 185 1 215
412 4 180 1 216
405 15 174 1 217
392 23 170 1 218
371 28 162 1 219
345 29 158 1 220
332 26 157 1 221
322 19 159 1 222
314 10 163 1 223
314 -1 163 1 224
298 -13 159 1 225
297 -24 166 1 226
298 -34 174 1 227
288 -40 176 1 228
315 -43 181 1 229
363 -42 187 1 230
379 -37 188 1 231
404 -29 180 1 232
415 -19 183 1 233
425 -4 206 1 234
424 7 199 1 235
421 18 188 1 236
399 28 197 1 237
383 35 179 1 238
362 39 180 1 239
325 40 171 1 240
304 37 172 1 241
297 32 168 1 242
293 23 171 1 243
291 13 170 1 244
298 1 176 1 245
286 -10 179 1 246
275 -22 180 1 247
276 -33 184 1 248
262 -45 188 4 249
268 -54 193 4 250
277 -58 197 4 251
314 -49 202 1 252
377 -44 207 1 253
392 -37 207 1 254
422 -28 197 1 255
428 -17 201 1 256
426 -2 227 1 257
425 9 220 1 258
426 20 210 1 259
404 30 212 1 260
387 38 202 1 261
372 43 199 1 262
350 46 195 1 263
283 51 188 4 264
283 43 185 1 265
276 38 181 1 266
276 30 183 1 267
275 20 184 1 268
276 9 185 1 269
289 -2 190 1 270
275 -14 194 1 271
268 -25 195 1 272
259 -35 197 1 273
256 -47 203 4 274
257 -57 205 4 275
271 -59 210 4 276
310 -51 216 1 277
355 -48 223 1 278
381 -43 228 1 279
396 -35 227 1 280
423 -25 223 1 281
428 -14 228 1 282
419 0 249 4 283
425 12 240 1 284
438 23 224 4 285
401 33 227 1 286
386 42 218 1 287
364 47 216 1 288
315 50 208 1 289
273 58 200 4 290
264 54 198 4 291
257 46 198 4 292
263 33 195 1 293
271 23 200 1 294
275 12 202 1 295
276 0 208 1 296
271 -12 209 1 297
264 -23 209 1 298
258 -33 211 1 299
247 -48 215 4 300
251 -56 218 4 301
265 -58 223 4 302
276 -58 228 4 303
347 -47 235 1 304
375 -42 240 1 305
394 -33 243 1 306
421 -23 244 1 307
422 -12 251 4 308
417 2 260 4 309
421 14 257 4 310
433 25 238 4 311
390 35 239 1 312
373 43 233 1 313
360 48 231 1 314
281 59 218 4 315
265 59 214 4 316
256 57 210 4 317
249 50 211 4 318
263 35 210 1 319
264 25 215 1 320
264 14 217 1 321
275 2 223 1 322
272 -9 224 1 323
262 -20 227 1 324
256 -30 228 1 325
260 -38 232 1 326
257 -48 233 4 327
263 -53 237 4 328
298 -46 247 1 329
340 -43 249 1 330
368 -38 253 1 331
387 -30 255 1 332
418 -20 262 4 333
415 -9 265 4 334
405 4 273 4 335
402 17 267 4 336
395 28 263 4 337
376 37 252 1 338
350 44 245 1 339
298 49 235 1 340
265 58 230 4 341
255 55 225 4 342
250 45 225 4 343
258 33 225 1 344
265 22 233 1 345
264 10 234 1 346
276 -1 244 4 347
273 -13 247 4 348
273 -23 251 4 349
273 -32 255 4 350
278 -37 260 4 351
292 -40 264 4 352
332 -39 267 4 353
358 -35 270 4 354
376 -28 272 4 355
390 -18 272 4 356
398 -7 275 4 357
384 7 282 4 358
382 19 276 4 359
