360
-80 0 93 4 0
-78 0 72 4 1
-66 0 50 1 2
-60 0 33 4 3
-64 0 131 4 4
-54 1 -10 4 5
-60 0 90 1 6
-61 0 70 4 7
-59 0 108 1 8
-49 -2 27 4 9
-49 0 50 4 10
-38 -2 -5 4 11
-41 0 35 4 12
-43 0 74 4 13
-44 0 109 1 14
-44 0 130 1 15
-43 0 144 1 16
-34 -1 23 4 17
-40 0 198 1 18
-31 0 36 4 19
-28 1 66 4 20
-34 0 175 1 21
-31 0 103 1 22
-33 0 163 1 23
-30 0 93 1 24
-29 0 72 4 25
-20 2 1 4 26
-26 0 159 1 27
-24 0 126 1 28
-23 0 141 1 29
-16 -1 44 4 30
-18 -1 85 4 31
-22 0 198 1 32
-24 0 206 1 33
-16 1 22 4 34
-20 0 108 1 35
-19 0 181 1 36
-21 0 220 1 37
-12 0 160 4 38
-13 0 192 1 39
-12 0 142 1 40
-12 0 215 1 41
-10 0 97 4 42
-5 1 122 4 43
-1 -2 7 4 44
-3 0 192 4 45
-2 0 176 4 46
-4 0 224 1 47
4 0 44 4 48
1 0 154 4 49
-1 0 240 1 50
4 0 84 4 51
1 0 208 1 52
6 0 136 4 53
10 0 109 4 54
12 -1 161 4 55
15 -1 15 4 56
16 0 59 4 57
15 0 85 4 58
16 1 225 4 59
20 1 51 4 60
22 0 98 4 61
23 0 208 4 62
30 0 81 4 63
30 -1 188 4 64
35 0 21 4 65
37 0 64 4 66
35 0 208 4 67
40 1 198 4 68
42 0 223 4 69
38 0 309 4 70
43 -1 210 4 71
37 0 330 1 72
37 0 357 4 73
47 0 122 4 74
48 2 192 4 75
49 -2 180 4 76
52 -1 140 4 77
53 0 36 4 78
52 1 206 4 79
54 0 56 4 80
51 0 325 4 81
57 0 292 4 82
57 0 304 4 83
61 -1 150 4 84
63 0 320 4 85
63 0 333 4 86
63 0 352 4 87
69 2 170 4 88
70 0 285 4 89
72 0 52 4 90
78 0 269 4 91
77 0 291 4 92
77 0 305 4 93
77 0 323 4 94
80 0 342 4 95
77 0 380 4 96
88 0 277 4 97
89 0 71 4 98
91 0 261 4 99
91 0 308 4 100
90 1 344 4 101
95 1 281 4 102
94 -1 357 4 103
99 0 244 4 104
97 2 321 4 105
102 0 273 4 106
100 -1 293 4 107
103 0 95 4 108
105 -2 336 4 109
107 -2 304 4 110
114 0 211 4 111
113 0 223 4 112
114 0 277 4 113
115 0 117 4 114
116 0 265 4 115
117 0 293 4 116
115 2 320 4 117
121 -1 217 4 118
127 0 140 4 119
126 -1 275 4 120
126 1 296 4 121
134 0 164 4 122
135 0 275 4 123
138 0 187 4 124
137 1 243 4 125
140 0 214 4 126
177 0 81 4 127
182 0 58 4 128
182 0 44 4 129
179 1 54 4 130
182 0 38 4 131
186 0 82 4 132
191 0 54 4 133
193 0 83 4 134
192 0 35 4 135
197 0 56 4 136
193 -2 40 4 137
201 0 86 1 138
202 1 60 4 139
204 -1 37 4 140
208 0 85 4 141
215 0 58 4 142
217 0 75 4 143
219 0 66 4 144
245 0 42 4 145
250 0 78 4 146
242 -1 41 4 147
250 0 77 1 148
261 0 79 4 149
250 1 37 4 150
261 0 70 1 151
268 0 63 4 152
271 0 79 4 153
267 0 30 4 154
273 0 56 4 155
273 0 35 4 156
277 0 82 1 157
277 0 50 4 158
279 0 41 4 159
289 0 79 4 160
311 0 69 4 161
313 0 65 1 162
317 0 72 4 163
321 0 53 4 164
323 0 72 4 165
323 0 48 1 166
332 0 71 4 167
330 0 39 4 168
343 0 69 4 169
339 0 32 4 170
344 0 50 4 171
344 0 60 4 172
346 0 77 4 173
347 0 84 4 174
342 0 43 4 175
350 0 69 4 176
358 0 69 4 177
382 0 65 4 178
383 0 37 4 179
384 0 43 4 180
386 0 75 4 181
390 0 61 1 182
391 0 52 4 183
392 0 30 4 184
395 0 81 4 185
403 0 52 4 186
403 0 29 4 187
407 0 82 4 188
409 0 56 4 189
412 0 47 4 190
417 0 32 4 191
420 0 61 4 192
420 0 79 1 193
422 0 40 4 194
427 0 69 4 195
456 0 35 4 196
465 0 35 1 197
468 0 81 4 198
469 0 91 1 199
470 0 73 1 200
474 0 65 4 201
477 0 31 4 202
478 0 56 1 203
483 0 48 1 204
490 0 33 4 205
393 -12 171 1 206
388 2 167 1 207
375 10 160 1 208
357 7 156 1 209
346 -4 156 1 210
344 -19 158 1 211
351 -31 163 1 212
368 -34 168 1 213
386 -26 170 1 214
416 -9 192 1 215
412 5 187 1 216
405 18 182 1 217
393 29 177 1 218
376 35 171 1 219
357 36 166 1 220
342 32 163 1 221
329 24 162 1 222
319 12 163 1 223
315 -1 164 1 224
309 -16 165 1 225
311 -30 170 1 226
318 -42 177 1 227
323 -50 180 1 228
342 -54 186 1 229
370 -53 191 1 230
385 -47 194 1 231
402 -36 192 1 232
411 -23 193 1 233
422 -6 212 1 234
421 9 207 1 235
416 23 200 1 236
402 35 199 1 237
388 43 188 1 238
371 49 185 1 239
347 50 179 1 240
329 47 177 1 241
317 39 173 1 242
307 29 174 1 243
300 16 173 1 244
299 1 176 1 245
294 -13 180 1 246
292 -28 182 1 247
298 -41 187 1 248
300 -53 192 4 249
312 -61 198 4 250
325 -65 203 4 251
349 -61 208 1 252
382 -55 213 1 253
396 -47 214 1 254
414 -35 211 1 255
421 -21 211 1 256
423 -3 231 1 257
422 11 226 1 258
419 25 219 1 259
406 38 216 1 260
393 47 209 1 261
379 54 204 1 262
361 58 199 1 263
327 59 193 4 264
316 54 190 1 265
304 47 186 1 266
296 38 186 1 267
289 25 186 1 268
285 11 187 1 269
288 -3 191 1 270
284 -17 195 1 271
284 -31 198 1 272
286 -44 202 1 273
293 -55 208 4 274
302 -63 213 4 275
317 -67 218 4 276
341 -64 224 1 277
367 -60 228 1 278
386 -53 232 1 279
400 -44 233 1 280
416 -31 231 1 281
422 -17 232 1 282
418 0 249 4 283
420 15 243 1 284
421 29 234 4 285
403 42 232 1 286
390 52 225 1 287
373 59 220 1 288
345 63 214 1 289
320 66 207 4 290
306 61 204 4 291
294 53 202 4 292
287 42 200 1 293
284 29 201 1 294
281 15 203 1 295
279 0 207 1 296
278 -15 210 1 297
278 -29 213 1 298
282 -42 217 1 299
286 -54 223 4 300
296 -62 227 4 301
312 -66 233 4 302
326 -66 238 4 303
362 -59 243 1 304
382 -52 247 1 305
397 -42 249 1 306
413 -29 250 1 307
418 -15 251 4 308
413 3 262 4 309
414 17 259 4 310
415 31 249 4 311
395 44 246 1 312
382 53 240 1 313
368 60 236 1 314
330 67 227 4 315
314 67 223 4 316
300 63 219 4 317
288 56 217 4 318
285 44 216 1 319
279 31 217 1 320
275 17 219 1 321
277 3 223 1 322
276 -11 226 1 323
276 -25 230 1 324
279 -38 234 1 325
288 -47 239 1 326
296 -56 243 4 327
308 -60 248 4 328
331 -58 255 1 329
356 -54 258 1 330
375 -47 261 1 331
390 -38 263 1 332
408 -25 266 4 333
411 -11 266 4 334
402 6 276 4 335
400 21 271 4 336
394 35 267 4 337
381 47 259 1 338
364 55 253 1 339
335 61 245 1 340
313 65 240 4 341
299 62 236 4 342
287 53 234 4 343
282 41 233 1 344
278 28 236 1 345
274 13 237 1 346
278 -1 243 4 347
279 -16 247 4 348
284 -29 252 4 349
292 -39 257 4 350
302 -47 263 4 351
318 -50 268 4 352
343 -49 272 4 353
362 -43 275 4 354
378 -35 277 4 355
390 -23 278 4 356
398 -9 278 4 357
384 9 287 4 358
382 23 282 4 359
