360
-80 0 92 4 0
-78 0 71 4 1
-67 0 48 1 2
-61 0 32 4 3
-64 0 131 4 4
-56 1 -13 4 5
-61 0 89 1 6
-61 0 69 4 7
-59 0 108 1 8
-51 -2 24 4 9
-49 0 49 4 10
-39 -2 -9 4 11
-42 0 33 4 12
-43 0 74 4 13
-44 0 109 1 14
-44 0 130 1 15
-43 0 144 1 16
-36 -1 21 4 17
-40 0 198 1 18
-32 0 35 4 19
-29 1 65 4 20
-34 0 175 1 21
-31 0 103 1 22
-33 0 163 1 23
-30 0 92 1 24
-29 0 72 4 25
-21 2 -2 4 26
-26 0 159 1 27
-24 0 126 1 28
-23 0 140 1 29
-17 -1 42 4 30
-18 -1 83 4 31
-22 0 198 1 32
-23 0 206 1 33
-17 1 20 4 34
-20 0 107 1 35
-19 0 181 1 36
-21 0 220 1 37
-12 0 160 4 38
-13 0 192 1 39
-12 0 142 1 40
-12 0 215 1 41
-10 0 97 4 42
-6 1 121 4 43
-2 -2 4 4 44
-4 0 192 4 45
-3 0 176 4 46
-4 0 224 1 47
3 0 43 4 48
1 0 154 4 49
-1 0 240 1 50
4 0 83 4 51
1 0 208 1 52
6 0 136 4 53
10 0 108 4 54
12 -1 160 4 55
15 -1 13 4 56
16 0 58 4 57
15 0 85 4 58
16 1 226 4 59
19 1 49 4 60
22 0 98 4 61
23 0 208 4 62
30 0 80 4 63
30 -1 188 4 64
35 0 20 4 65
36 0 63 4 66
35 0 208 4 67
40 1 198 4 68
42 0 223 4 69
39 0 310 4 70
43 -1 210 4 71
38 0 332 1 72
38 0 359 4 73
47 0 121 4 74
48 2 192 4 75
49 -2 180 4 76
52 -1 140 4 77
53 0 35 4 78
52 1 206 4 79
54 0 55 4 80
52 0 327 4 81
57 0 293 4 82
57 0 305 4 83
61 -1 150 4 84
64 0 321 4 85
64 0 335 4 86
64 0 353 4 87
69 2 170 4 88
70 0 285 4 89
72 0 51 4 90
78 0 270 4 91
77 0 293 4 92
77 0 306 4 93
77 0 325 4 94
81 0 343 4 95
78 0 383 4 96
88 0 277 4 97
89 0 70 4 98
92 0 261 4 99
91 0 310 4 100
90 1 346 4 101
95 1 282 4 102
95 -1 360 4 103
99 0 245 4 104
98 2 323 4 105
102 0 273 4 106
101 -1 294 4 107
103 0 94 4 108
106 -2 339 4 109
108 -2 306 4 110
114 0 211 4 111
114 0 223 4 112
114 0 278 4 113
115 0 117 4 114
116 0 265 4 115
117 0 293 4 116
116 2 322 4 117
122 -1 217 4 118
127 0 140 4 119
126 -1 277 4 120
127 1 298 4 121
134 0 163 4 122
135 0 275 4 123
138 0 187 4 124
137 1 244 4 125
140 0 214 4 126
179 0 80 4 127
183 0 57 4 128
184 0 43 4 129
181 1 52 4 130
184 0 36 4 131
187 0 81 4 132
192 0 54 4 133
194 0 82 4 134
193 0 33 4 135
198 0 55 4 136
195 -2 38 4 137
202 0 85 1 138
204 1 59 4 139
206 -1 35 4 140
209 0 84 4 141
216 0 57 4 142
218 0 74 4 143
220 0 66 4 144
246 0 41 4 145
250 0 77 4 146
245 -1 39 4 147
252 0 76 1 148
262 0 78 4 149
252 1 34 4 150
262 0 69 1 151
269 0 62 4 152
271 0 78 4 153
269 0 29 4 154
274 0 55 4 155
275 0 33 4 156
278 0 81 1 157
278 0 49 4 158
280 0 40 4 159
289 0 78 4 160
312 0 68 4 161
314 0 63 1 162
318 0 71 4 163
322 0 52 4 164
324 0 71 4 165
324 0 46 1 166
333 0 70 4 167
332 0 38 4 168
343 0 68 4 169
340 0 31 4 170
345 0 49 4 171
345 0 59 4 172
347 0 77 4 173
348 0 84 4 174
343 0 42 4 175
350 0 68 4 176
358 0 68 4 177
382 0 65 4 178
384 0 35 4 179
385 0 42 4 180
387 0 75 4 181
390 0 59 1 182
391 0 51 4 183
392 0 29 4 184
395 0 80 4 185
403 0 51 4 186
404 0 28 4 187
407 0 81 4 188
409 0 55 4 189
412 0 45 4 190
417 0 31 4 191
420 0 60 4 192
420 0 78 1 193
422 0 39 4 194
427 0 68 4 195
456 0 33 4 196
466 0 33 1 197
468 0 80 4 198
469 0 90 1 199
470 0 72 1 200
474 0 64 4 201
477 0 30 4 202
478 0 55 1 203
483 0 47 1 204
490 0 32 4 205
393 -12 171 1 206
388 2 167 1 207
375 10 160 1 208
357 7 156 1 209
346 -4 156 1 210
344 -20 159 1 211
351 -32 164 1 212
369 -35 168 1 213
386 -27 171 1 214
415 -9 192 1 215
412 5 188 1 216
405 19 182 1 217
393 29 178 1 218
377 35 172 1 219
358 36 167 1 220
343 33 164 1 221
330 24 162 1 222
320 12 163 1 223
316 -1 164 1 224
310 -16 165 1 225
313 -31 171 1 226
320 -43 177 1 227
326 -51 181 1 228
344 -55 186 1 229
370 -54 192 1 230
386 -47 194 1 231
402 -37 193 1 232
411 -24 193 1 233
422 -6 212 1 234
420 9 208 1 235
415 23 201 1 236
402 35 199 1 237
388 44 189 1 238
371 49 186 1 239
349 51 180 1 240
331 47 177 1 241
318 40 174 1 242
308 30 174 1 243
301 16 173 1 244
299 1 176 1 245
295 -13 180 1 246
294 -28 182 1 247
300 -42 188 1 248
304 -54 193 4 249
316 -62 199 4 250
329 -65 204 4 251
352 -62 209 1 252
382 -57 213 1 253
396 -48 215 1 254
413 -35 212 1 255
420 -21 212 1 256
423 -3 231 1 257
422 12 226 1 258
419 26 220 1 259
406 38 217 1 260
393 48 209 1 261
379 55 205 1 262
362 59 199 1 263
331 60 194 4 264
319 55 190 1 265
307 48 187 1 266
298 38 186 1 267
291 26 186 1 268
286 12 187 1 269
288 -3 191 1 270
284 -18 195 1 271
286 -32 198 1 272
289 -44 203 1 273
296 -56 209 4 274
306 -64 213 4 275
321 -68 219 4 276
344 -65 224 1 277
369 -61 229 1 278
386 -54 233 1 279
400 -44 233 1 280
415 -32 232 1 281
421 -18 233 1 282
418 0 249 4 283
420 15 243 1 284
420 30 235 4 285
403 42 232 1 286
390 53 225 1 287
374 60 220 1 288
348 64 214 1 289
324 66 208 4 290
310 62 204 4 291
297 54 202 4 292
290 42 200 1 293
285 30 202 1 294
281 15 203 1 295
279 0 207 1 296
279 -15 210 1 297
280 -30 213 1 298
284 -42 218 1 299
289 -55 223 4 300
300 -63 228 4 301
316 -66 234 4 302
331 -66 239 4 303
363 -60 244 1 304
382 -53 248 1 305
397 -42 250 1 306
412 -30 250 1 307
417 -15 251 4 308
413 3 263 4 309
414 18 259 4 310
414 32 250 4 311
395 44 247 1 312
382 54 241 1 313
369 61 236 1 314
334 68 228 4 315
318 68 224 4 316
304 64 219 4 317
292 56 218 4 318
287 44 216 1 319
280 32 218 1 320
276 18 219 1 321
277 3 223 1 322
277 -12 226 1 323
277 -26 230 1 324
281 -38 234 1 325
291 -48 239 1 326
299 -57 244 4 327
312 -61 249 4 328
334 -59 256 1 329
357 -55 259 1 330
376 -48 262 1 331
390 -38 264 1 332
407 -26 266 4 333
410 -12 266 4 334
402 6 276 4 335
400 21 272 4 336
394 35 267 4 337
382 48 260 1 338
365 57 253 1 339
339 62 246 1 340
317 65 241 4 341
303 62 237 4 342
291 54 234 4 343
284 42 233 1 344
279 28 236 1 345
275 13 237 1 346
278 -1 243 4 347
280 -16 247 4 348
285 -30 252 4 349
293 -40 257 4 350
305 -47 263 4 351
320 -51 268 4 352
344 -49 272 4 353
362 -44 276 4 354
378 -35 278 4 355
390 -23 279 4 356
397 -9 279 4 357
384 9 287 4 358
382 24 283 4 359
