360
-75 0 103 4 0
-73 0 80 4 1
-54 0 76 1 2
-49 0 58 4 3
-64 0 132 4 4
-27 5 42 4 5
-52 0 108 1 6
-57 0 79 4 7
-54 0 117 1 8
-20 -9 76 4 9
-38 0 70 4 10
-13 -9 50 4 11
-26 0 59 4 12
-39 0 82 4 13
-41 0 116 1 14
-42 0 134 1 15
-40 0 147 1 16
-14 -5 65 4 17
-38 0 195 1 18
-21 0 56 4 19
-11 5 98 4 20
-34 0 176 1 21
-27 0 112 1 22
-33 0 163 1 23
-24 0 105 1 24
-25 0 81 4 25
2 11 57 4 26
-23 0 162 1 27
-22 0 132 1 28
-21 0 144 1 29
1 -5 78 4 30
-4 -5 111 4 31
-21 0 199 1 32
-27 0 205 1 33
2 5 63 4 34
-16 0 117 1 35
-19 0 181 1 36
-24 0 217 1 37
-6 0 163 4 38
-14 0 192 1 39
-12 0 142 1 40
-14 0 214 1 41
-8 0 102 4 42
5 5 140 4 43
15 -9 57 4 44
3 0 192 4 45
1 0 178 4 46
-5 0 222 1 47
14 0 72 4 48
3 0 154 4 49
-6 0 234 1 50
8 0 92 4 51
-3 0 208 1 52
9 0 139 4 53
14 0 118 4 54
17 -5 167 4 55
26 -5 57 4 56
22 0 72 4 57
15 0 90 4 58
21 5 213 4 59
29 5 82 4 60
23 0 102 4 61
24 0 205 4 62
32 0 91 4 63
30 -5 188 4 64
39 0 46 4 65
40 0 79 4 66
35 0 208 4 67
39 5 197 4 68
43 0 221 4 69
26 0 290 4 70
41 -5 205 4 71
17 0 297 1 72
19 0 322 4 73
47 0 125 4 74
48 9 190 4 75
49 -9 182 4 76
55 -5 143 4 77
55 0 68 4 78
50 5 205 4 79
55 0 74 4 80
38 0 301 4 81
52 0 278 4 82
48 0 287 4 83
63 -5 152 4 84
53 0 301 4 85
49 0 306 4 86
48 0 323 4 87
66 11 175 4 88
68 0 277 4 89
70 0 67 4 90
75 0 263 4 91
71 0 271 4 92
72 0 287 4 93
68 0 300 4 94
70 0 316 4 95
52 0 343 4 96
85 0 272 4 97
86 0 80 4 98
88 0 257 4 99
84 0 285 4 100
79 5 301 4 101
86 5 261 4 102
82 -5 310 4 103
93 0 238 4 104
85 9 281 4 105
100 0 269 4 106
90 -5 269 4 107
94 0 109 4 108
91 -9 291 4 109
95 -9 271 4 110
111 0 210 4 111
107 0 220 4 112
110 0 268 4 113
110 0 122 4 114
115 0 264 4 115
108 0 279 4 116
100 9 282 4 117
112 -5 212 4 118
126 0 141 4 119
111 -5 255 4 120
112 5 269 4 121
133 0 167 4 122
127 0 266 4 123
134 0 187 4 124
122 5 229 4 125
132 0 209 4 126
157 0 98 4 127
164 0 75 4 128
162 0 65 4 129
148 5 85 4 130
158 0 61 4 131
174 0 91 4 132
177 0 69 4 133
182 0 92 4 134
172 0 55 4 135
178 0 73 4 136
154 -9 82 4 137
186 0 101 1 138
167 5 88 4 139
169 -5 72 4 140
184 0 108 4 141
198 0 71 4 142
204 0 86 4 143
202 0 81 4 144
223 0 60 4 145
242 0 85 4 146
199 -5 78 4 147
223 0 99 1 148
255 0 85 4 149
204 5 75 4 150
243 0 90 1 151
251 0 78 4 152
260 0 89 4 153
244 0 52 4 154
252 0 74 4 155
245 0 59 4 156
253 0 101 1 157
251 0 70 4 158
257 0 59 4 159
278 0 89 4 160
297 0 83 4 161
292 0 85 1 162
308 0 80 4 163
306 0 67 4 164
311 0 84 4 165
291 0 75 1 166
321 0 84 4 167
303 0 62 4 168
336 0 79 4 169
313 0 53 4 170
332 0 66 4 171
332 0 76 4 172
340 0 88 4 173
344 0 89 4 174
321 0 65 4 175
339 0 83 4 176
351 0 83 4 177
378 0 76 4 178
371 0 60 4 179
374 0 61 4 180
383 0 87 4 181
381 0 81 1 182
383 0 71 4 183
380 0 56 4 184
392 0 91 4 185
400 0 71 4 186
398 0 51 4 187
407 0 91 4 188
406 0 70 4 189
413 0 67 4 190
417 0 53 4 191
422 0 77 4 192
423 0 96 1 193
426 0 63 4 194
429 0 79 4 195
456 0 59 4 196
462 0 65 1 197
467 0 91 4 198
469 0 107 1 199
470 0 90 1 200
474 0 79 4 201
478 0 53 4 202
479 0 78 1 203
483 0 76 1 204
492 0 58 4 205
392 -8 164 1 206
386 1 163 1 207
374 7 155 1 208
355 5 151 1 209
346 -2 155 1 210
339 -13 153 1 211
337 -21 156 1 212
359 -23 156 1 213
383 -18 157 1 214
423 -6 181 1 215
412 3 175 1 216
405 12 169 1 217
392 19 165 1 218
369 23 157 1 219
339 24 154 1 220
326 22 154 1 221
318 16 157 1 222
311 8 162 1 223
313 -1 163 1 224
291 -11 156 1 225
288 -20 164 1 226
286 -29 172 1 227
268 -34 174 1 228
298 -37 179 1 229
359 -36 185 1 230
375 -32 185 1 231
405 -25 174 1 232
416 -16 178 1 233
427 -4 203 1 234
426 6 195 1 235
424 15 182 1 236
397 24 195 1 237
379 30 173 1 238
357 33 178 1 239
312 34 166 1 240
289 32 169 1 241
286 27 164 1 242
285 20 170 1 243
285 11 168 1 244
297 1 175 1 245
281 -9 178 1 246
265 -19 179 1 247
262 -28 183 1 248
240 -41 185 4 249
243 -49 190 4 250
249 -54 193 4 251
294 -41 198 1 252
375 -38 204 1 253
389 -32 203 1 254
427 -24 189 1 255
432 -14 194 1 256
427 -2 226 1 257
427 8 217 1 258
430 17 204 1 259
403 26 210 1 260
384 32 198 1 261
369 37 197 1 262
344 39 192 1 263
258 45 186 4 264
263 37 182 1 265
259 32 179 1 266
265 26 181 1 267
267 17 183 1 268
271 8 183 1 269
289 -2 189 1 270
270 -12 194 1 271
259 -21 194 1 272
243 -30 195 1 273
234 -42 200 4 274
230 -53 200 4 275
243 -55 206 4 276
291 -44 212 1 277
348 -41 219 1 278
377 -36 225 1 279
393 -30 223 1 280
428 -21 217 1 281
432 -12 225 1 282
419 0 249 4 283
428 10 237 1 284
447 20 218 4 285
400 28 225 1 286
383 35 215 1 287
359 40 213 1 288
297 43 205 1 289
245 54 196 4 290
239 50 194 4 291
234 41 195 4 292
248 28 192 1 293
263 20 199 1 294
272 10 201 1 295
274 0 208 1 296
267 -10 209 1 297
255 -20 207 1 298
244 -28 208 1 299
224 -45 211 4 300
224 -52 212 4 301
238 -54 217 4 302
245 -54 222 4 303
338 -40 230 1 304
371 -35 235 1 305
393 -28 239 1 306
426 -20 241 1 307
425 -10 250 4 308
418 2 258 4 309
425 12 256 4 310
443 21 231 4 311
387 30 234 1 312
369 36 228 1 313
355 41 228 1 314
252 55 212 4 315
236 55 209 4 316
229 53 204 4 317
226 46 207 4 318
249 30 207 1 319
255 21 213 1 320
257 12 215 1 321
274 2 223 1 322
269 -8 223 1 323
253 -17 225 1 324
243 -26 225 1 325
244 -32 227 1 326
234 -43 227 4 327
237 -49 230 4 328
279 -39 243 1 329
331 -37 244 1 330
363 -32 248 1 331
385 -26 250 1 332
424 -17 260 4 333
417 -8 264 4 334
406 4 271 4 335
403 14 264 4 336
396 24 261 4 337
373 32 248 1 338
342 38 240 1 339
276 41 228 1 340
237 54 224 4 341
229 51 219 4 342
228 41 220 4 343
244 28 221 1 344
257 19 232 1 345
258 9 232 1 346
275 -1 244 4 347
270 -11 247 4 348
267 -20 251 4 349
262 -27 254 4 350
264 -32 258 4 351
277 -34 262 4 352
326 -33 265 4 353
355 -30 267 4 354
375 -24 268 4 355
390 -15 269 4 356
398 -6 273 4 357
384 6 279 4 358
381 16 272 4 359
