360
-78 0 97 4 0
-76 0 75 4 1
-61 0 61 1 2
-56 0 44 4 3
-64 0 131 4 4
-43 3 12 4 5
-57 0 98 1 6
-59 0 74 4 7
-57 0 112 1 8
-37 -5 48 4 9
-44 0 58 4 10
-27 -5 18 4 11
-35 0 45 4 12
-42 0 78 4 13
-42 0 112 1 14
-43 0 132 1 15
-41 0 145 1 16
-26 -3 41 4 17
-39 0 197 1 18
-27 0 45 4 19
-20 3 80 4 20
-34 0 175 1 21
-29 0 107 1 22
-33 0 163 1 23
-27 0 98 1 24
-27 0 76 4 25
-10 6 25 4 26
-25 0 160 1 27
-23 0 129 1 28
-22 0 142 1 29
-9 -3 58 4 30
-12 -3 96 4 31
-22 0 198 1 32
-25 0 205 1 33
-8 3 40 4 34
-18 0 112 1 35
-19 0 181 1 36
-22 0 219 1 37
-9 0 161 4 38
-14 0 192 1 39
-12 0 142 1 40
-13 0 214 1 41
-9 0 99 4 42
-1 3 130 4 43
6 -5 28 4 44
0 0 192 4 45
-1 0 177 4 46
-4 0 223 1 47
8 0 56 4 48
2 0 154 4 49
-3 0 237 1 50
6 0 87 4 51
-1 0 208 1 52
7 0 138 4 53
12 0 113 4 54
14 -3 163 4 55
20 -3 33 4 56
19 0 64 4 57
15 0 87 4 58
18 3 220 4 59
24 3 64 4 60
23 0 100 4 61
23 0 206 4 62
31 0 85 4 63
30 -3 188 4 64
37 0 32 4 65
38 0 70 4 66
35 0 208 4 67
40 3 198 4 68
43 0 222 4 69
33 0 301 4 70
42 -3 208 4 71
28 0 316 1 72
30 0 342 4 73
47 0 123 4 74
48 5 191 4 75
49 -5 180 4 76
53 -3 141 4 77
54 0 50 4 78
51 3 205 4 79
54 0 64 4 80
46 0 315 4 81
55 0 286 4 82
53 0 297 4 83
62 -3 151 4 84
59 0 312 4 85
57 0 322 4 86
57 0 339 4 87
68 6 172 4 88
69 0 282 4 89
71 0 58 4 90
77 0 266 4 91
74 0 283 4 92
75 0 298 4 93
73 0 313 4 94
76 0 331 4 95
67 0 364 4 96
86 0 275 4 97
88 0 75 4 98
90 0 259 4 99
88 0 299 4 100
85 3 326 4 101
91 3 273 4 102
89 -3 337 4 103
96 0 242 4 104
92 5 304 4 105
101 0 271 4 106
96 -3 283 4 107
99 0 101 4 108
99 -5 317 4 109
102 -5 290 4 110
113 0 211 4 111
110 0 222 4 112
112 0 273 4 113
113 0 119 4 114
115 0 264 4 115
113 0 287 4 116
109 5 304 4 117
117 -3 215 4 118
126 0 141 4 119
120 -3 267 4 120
120 3 284 4 121
134 0 165 4 122
132 0 271 4 123
136 0 187 4 124
131 3 237 4 125
136 0 212 4 126
169 0 89 4 127
174 0 65 4 128
173 0 53 4 129
166 3 67 4 130
172 0 47 4 131
181 0 86 4 132
185 0 60 4 133
189 0 87 4 134
183 0 43 4 135
189 0 63 4 136
176 -5 58 4 137
195 0 92 1 138
187 3 72 4 139
189 -3 52 4 140
198 0 95 4 141
207 0 64 4 142
212 0 79 4 143
212 0 72 4 144
236 0 50 4 145
246 0 81 4 146
224 -3 57 4 147
239 0 86 1 148
258 0 82 4 149
230 3 53 4 150
254 0 78 1 151
261 0 69 4 152
266 0 83 4 153
257 0 39 4 154
264 0 64 4 155
261 0 45 4 156
267 0 90 1 157
266 0 58 4 158
269 0 49 4 159
284 0 83 4 160
305 0 75 4 161
304 0 73 1 162
313 0 75 4 163
315 0 59 4 164
318 0 77 4 165
309 0 60 1 166
328 0 76 4 167
319 0 49 4 168
340 0 73 4 169
328 0 41 4 170
339 0 57 4 171
339 0 67 4 172
343 0 82 4 173
346 0 86 4 174
333 0 52 4 175
345 0 75 4 176
355 0 75 4 177
380 0 70 4 178
378 0 47 4 179
380 0 50 4 180
385 0 80 4 181
386 0 69 1 182
387 0 60 4 183
387 0 41 4 184
393 0 85 4 185
402 0 60 4 186
401 0 39 4 187
407 0 86 4 188
408 0 62 4 189
412 0 55 4 190
417 0 41 4 191
421 0 68 4 192
421 0 86 1 193
424 0 50 4 194
428 0 73 4 195
456 0 45 4 196
464 0 48 1 197
468 0 85 4 198
469 0 98 1 199
470 0 81 1 200
474 0 71 4 201
477 0 40 4 202
479 0 66 1 203
483 0 60 1 204
491 0 44 4 205
393 -10 168 1 206
387 2 165 1 207
374 9 158 1 208
356 6 154 1 209
346 -3 156 1 210
342 -17 156 1 211
345 -27 160 1 212
364 -29 163 1 213
385 -23 165 1 214
419 -7 187 1 215
412 4 181 1 216
405 16 177 1 217
393 25 172 1 218
373 30 165 1 219
349 31 161 1 220
335 28 159 1 221
324 21 160 1 222
316 10 163 1 223
314 -1 164 1 224
301 -14 161 1 225
301 -26 168 1 226
304 -36 175 1 227
299 -43 178 1 228
323 -47 183 1 229
365 -45 188 1 230
381 -40 190 1 231
403 -31 184 1 232
414 -20 186 1 233
424 -5 208 1 234
423 7 202 1 235
419 20 192 1 236
400 30 197 1 237
384 38 182 1 238
365 42 182 1 239
332 43 174 1 240
312 40 174 1 241
303 34 170 1 242
297 25 172 1 243
294 14 171 1 244
298 1 176 1 245
288 -11 179 1 246
281 -24 181 1 247
283 -35 185 1 248
274 -48 189 4 249
282 -56 195 4 250
293 -60 199 4 251
326 -52 204 1 252
379 -48 209 1 253
393 -40 210 1 254
420 -30 201 1 255
425 -18 204 1 256
425 -2 229 1 257
424 10 222 1 258
424 22 213 1 259
405 32 214 1 260
389 41 204 1 261
374 47 201 1 262
354 50 196 1 263
297 53 190 4 264
294 47 186 1 265
285 41 183 1 266
283 32 184 1 267
280 22 185 1 268
279 10 185 1 269
288 -2 190 1 270
278 -15 194 1 271
274 -27 196 1 272
268 -38 199 1 273
268 -49 204 4 274
272 -59 207 4 275
286 -62 213 4 276
320 -55 219 1 277
359 -52 225 1 278
382 -46 229 1 279
397 -38 229 1 280
421 -27 225 1 281
426 -15 229 1 282
419 0 249 4 283
423 13 241 1 284
432 25 227 4 285
402 36 229 1 286
387 45 220 1 287
367 51 217 1 288
325 54 210 1 289
288 61 202 4 290
277 57 200 4 291
268 48 199 4 292
271 36 197 1 293
275 25 200 1 294
277 13 202 1 295
277 0 207 1 296
273 -13 210 1 297
268 -25 210 1 298
266 -36 213 1 299
260 -50 217 4 300
266 -58 221 4 301
280 -61 226 4 302
292 -61 232 4 303
352 -51 238 1 304
377 -45 242 1 305
395 -36 245 1 306
419 -25 246 1 307
421 -13 251 4 308
415 2 261 4 309
419 15 258 4 310
427 27 242 4 311
392 38 241 1 312
376 46 235 1 313
363 52 232 1 314
297 62 221 4 315
281 62 217 4 316
270 59 213 4 317
262 52 213 4 318
270 38 212 1 319
269 27 216 1 320
267 15 217 1 321
276 2 223 1 322
273 -10 225 1 323
266 -22 228 1 324
264 -32 230 1 325
269 -41 234 1 326
269 -50 236 4 327
278 -56 240 4 328
309 -50 250 1 329
345 -47 252 1 330
370 -41 256 1 331
388 -32 257 1 332
415 -22 264 4 333
414 -10 265 4 334
404 5 274 4 335
402 18 268 4 336
395 30 264 4 337
378 40 254 1 338
355 48 247 1 339
310 52 238 1 340
281 60 233 4 341
269 57 229 4 342
262 48 228 4 343
266 35 227 1 344
269 24 234 1 345
267 11 235 1 346
277 -1 243 4 347
275 -14 247 4 348
277 -25 251 4 349
279 -34 256 4 350
286 -40 261 4 351
301 -43 265 4 352
336 -42 269 4 353
359 -38 272 4 354
377 -30 274 4 355
390 -20 274 4 356
398 -7 276 4 357
384 7 283 4 358
382 20 278 4 359
