360
-74 0 104 4 0
-73 0 82 4 1
-52 0 80 1 2
-47 0 62 4 3
-64 0 132 4 4
-23 6 51 4 5
-50 0 111 1 6
-56 0 81 4 7
-53 0 118 1 8
-16 -10 83 4 9
-36 0 73 4 10
-9 -10 59 4 11
-24 0 63 4 12
-39 0 83 4 13
-40 0 118 1 14
-42 0 135 1 15
-39 0 147 1 16
-10 -6 72 4 17
-38 0 195 1 18
-19 0 59 4 19
-8 6 103 4 20
-34 0 176 1 21
-27 0 113 1 22
-33 0 163 1 23
-23 0 106 1 24
-24 0 82 4 25
6 12 66 4 26
-23 0 163 1 27
-22 0 133 1 28
-21 0 144 1 29
4 -6 83 4 30
-2 -6 115 4 31
-21 0 199 1 32
-27 0 204 1 33
5 6 69 4 34
-16 0 118 1 35
-19 0 181 1 36
-25 0 217 1 37
-5 0 163 4 38
-15 0 192 1 39
-12 0 142 1 40
-14 0 213 1 41
-8 0 102 4 42
6 6 143 4 43
17 -10 64 4 44
4 0 192 4 45
2 0 178 4 46
-5 0 222 1 47
15 0 76 4 48
3 0 154 4 49
-6 0 233 1 50
8 0 94 4 51
-3 0 208 1 52
9 0 140 4 53
15 0 119 4 54
17 -6 167 4 55
27 -6 64 4 56
22 0 74 4 57
15 0 90 4 58
21 6 212 4 59
30 6 87 4 60
24 0 103 4 61
24 0 204 4 62
32 0 92 4 63
30 -6 188 4 64
40 0 50 4 65
40 0 81 4 66
35 0 208 4 67
39 6 197 4 68
44 0 221 4 69
25 0 287 4 70
41 -6 204 4 71
14 0 291 1 72
17 0 317 4 73
47 0 126 4 74
48 10 190 4 75
49 -10 182 4 76
55 -6 144 4 77
55 0 73 4 78
50 6 204 4 79
55 0 77 4 80
36 0 297 4 81
51 0 276 4 82
47 0 284 4 83
63 -6 152 4 84
51 0 298 4 85
47 0 302 4 86
46 0 318 4 87
65 12 175 4 88
67 0 276 4 89
69 0 69 4 90
75 0 262 4 91
70 0 267 4 92
71 0 285 4 93
67 0 296 4 94
68 0 312 4 95
49 0 337 4 96
85 0 271 4 97
86 0 81 4 98
87 0 257 4 99
83 0 281 4 100
77 6 294 4 101
85 6 258 4 102
80 -6 303 4 103
92 0 238 4 104
83 10 275 4 105
99 0 269 4 106
88 -6 266 4 107
93 0 111 4 108
88 -10 284 4 109
93 -10 266 4 110
110 0 210 4 111
106 0 220 4 112
109 0 267 4 113
109 0 123 4 114
114 0 263 4 115
107 0 277 4 116
98 10 276 4 117
110 -6 211 4 118
125 0 142 4 119
109 -6 251 4 120
110 6 264 4 121
133 0 167 4 122
126 0 265 4 123
133 0 187 4 124
120 6 227 4 125
131 0 208 4 126
154 0 101 4 127
161 0 78 4 128
158 0 69 4 129
143 6 90 4 130
155 0 65 4 131
172 0 93 4 132
175 0 71 4 133
180 0 93 4 134
169 0 58 4 135
175 0 76 4 136
147 -10 88 4 137
183 0 104 1 138
162 6 92 4 139
163 -6 78 4 140
180 0 111 4 141
195 0 73 4 142
202 0 88 4 143
200 0 83 4 144
220 0 63 4 145
240 0 86 4 146
193 -6 84 4 147
220 0 102 1 148
254 0 86 4 149
197 6 81 4 150
241 0 93 1 151
249 0 81 4 152
258 0 91 4 153
240 0 55 4 154
248 0 77 4 155
241 0 63 4 156
250 0 104 1 157
247 0 73 4 158
253 0 62 4 159
277 0 91 4 160
295 0 85 4 161
288 0 88 1 162
307 0 82 4 163
303 0 70 4 164
310 0 86 4 165
286 0 80 1 166
319 0 86 4 167
299 0 66 4 168
335 0 80 4 169
309 0 57 4 170
330 0 68 4 171
330 0 79 4 172
339 0 90 4 173
343 0 90 4 174
318 0 68 4 175
337 0 85 4 176
350 0 85 4 177
377 0 78 4 178
370 0 64 4 179
373 0 63 4 180
382 0 89 4 181
380 0 84 1 182
382 0 74 4 183
378 0 60 4 184
391 0 92 4 185
400 0 74 4 186
397 0 55 4 187
407 0 93 4 188
406 0 72 4 189
413 0 70 4 190
417 0 57 4 191
422 0 79 4 192
423 0 98 1 193
427 0 66 4 194
429 0 80 4 195
456 0 63 4 196
462 0 70 1 197
467 0 92 4 198
469 0 109 1 199
470 0 93 1 200
474 0 82 4 201
478 0 56 4 202
480 0 82 1 203
483 0 81 1 204
492 0 62 4 205
392 -7 163 1 206
386 1 162 1 207
374 6 154 1 208
354 4 151 1 209
346 -2 154 1 210
338 -12 153 1 211
335 -20 155 1 212
358 -21 155 1 213
383 -16 155 1 214
424 -5 180 1 215
412 3 173 1 216
405 11 166 1 217
392 18 163 1 218
367 22 155 1 219
336 23 152 1 220
323 20 153 1 221
316 15 156 1 222
310 8 162 1 223
313 0 162 1 224
288 -10 154 1 225
284 -19 163 1 226
282 -26 171 1 227
259 -32 172 1 228
291 -34 178 1 229
357 -33 184 1 230
374 -29 183 1 231
406 -23 171 1 232
417 -15 176 1 233
428 -3 202 1 234
427 5 193 1 235
425 14 180 1 236
397 22 195 1 237
378 27 171 1 238
355 31 176 1 239
306 31 164 1 240
283 29 168 1 241
281 25 163 1 242
281 18 170 1 243
283 10 167 1 244
296 1 175 1 245
279 -8 178 1 246
260 -18 179 1 247
257 -26 182 1 248
230 -39 184 4 249
232 -48 189 4 250
237 -52 191 4 251
285 -38 196 1 252
373 -35 203 1 253
388 -29 202 1 254
429 -22 185 1 255
433 -13 191 1 256
428 -1 225 1 257
428 7 216 1 258
432 16 202 1 259
402 24 209 1 260
382 30 196 1 261
367 34 195 1 262
341 37 191 1 263
247 43 184 4 264
255 34 181 1 265
252 30 178 1 266
260 24 181 1 267
263 16 182 1 268
268 7 183 1 269
289 -1 189 1 270
268 -11 193 1 271
255 -20 193 1 272
236 -27 193 1 273
225 -40 198 4 274
220 -51 198 4 275
232 -53 204 4 276
283 -40 210 1 277
344 -38 218 1 278
376 -34 224 1 279
392 -27 222 1 280
430 -20 215 1 281
433 -11 224 1 282
419 0 249 4 283
429 9 237 1 284
451 18 215 4 285
400 26 224 1 286
382 33 213 1 287
357 37 212 1 288
290 40 204 1 289
233 52 194 4 290
228 48 192 4 291
225 39 194 4 292
242 26 191 1 293
260 18 199 1 294
271 9 201 1 295
273 0 208 1 296
265 -9 209 1 297
251 -18 206 1 298
238 -26 206 1 299
215 -43 209 4 300
214 -50 210 4 301
226 -52 215 4 302
233 -52 220 4 303
335 -37 228 1 304
370 -33 234 1 305
392 -26 238 1 306
429 -18 240 1 307
426 -9 250 4 308
419 1 257 4 309
427 11 255 4 310
448 20 228 4 311
386 27 233 1 312
367 34 226 1 313
354 38 227 1 314
240 53 209 4 315
224 53 207 4 316
219 51 202 4 317
217 44 205 4 318
244 27 205 1 319
251 20 213 1 320
255 11 215 1 321
273 1 223 1 322
268 -7 223 1 323
250 -16 225 1 324
237 -24 223 1 325
237 -30 226 1 326
224 -41 224 4 327
226 -47 227 4 328
271 -37 241 1 329
327 -34 242 1 330
361 -30 246 1 331
384 -24 248 1 332
427 -16 260 4 333
418 -7 264 4 334
407 3 270 4 335
404 13 263 4 336
396 22 260 4 337
372 29 246 1 338
339 35 238 1 339
267 38 226 1 340
225 52 221 4 341
219 50 217 4 342
220 39 218 4 343
238 26 219 1 344
254 18 231 1 345
255 8 231 1 346
275 -1 245 4 347
268 -10 247 4 348
264 -18 251 4 349
258 -25 254 4 350
258 -29 257 4 351
271 -31 261 4 352
323 -31 263 4 353
354 -27 266 4 354
375 -22 267 4 355
390 -14 267 4 356
398 -5 272 4 357
384 5 277 4 358
381 15 270 4 359
