360
-73 0 106 4 0
-72 0 83 4 1
-50 0 84 1 2
-45 0 66 4 3
-64 0 132 4 4
-19 7 59 4 5
-49 0 113 1 6
-55 0 82 4 7
-52 0 120 1 8
-11 -11 91 4 9
-34 0 76 4 10
-5 -11 68 4 11
-21 0 67 4 12
-38 0 85 4 13
-40 0 119 1 14
-42 0 136 1 15
-39 0 148 1 16
-7 -7 78 4 17
-37 0 194 1 18
-18 0 63 4 19
-5 7 108 4 20
-34 0 176 1 21
-26 0 115 1 22
-33 0 163 1 23
-22 0 108 1 24
-23 0 84 4 25
9 14 75 4 26
-23 0 164 1 27
-21 0 133 1 28
-21 0 145 1 29
7 -7 88 4 30
1 -7 119 4 31
-21 0 199 1 32
-28 0 204 1 33
7 7 76 4 34
-15 0 120 1 35
-19 0 181 1 36
-26 0 217 1 37
-4 0 163 4 38
-15 0 192 1 39
-12 0 142 1 40
-15 0 213 1 41
-7 0 103 4 42
8 7 146 4 43
19 -11 72 4 44
5 0 192 4 45
2 0 178 4 46
-5 0 222 1 47
17 0 81 4 48
4 0 154 4 49
-7 0 233 1 50
9 0 95 4 51
-4 0 208 1 52
10 0 140 4 53
16 0 121 4 54
18 -7 168 4 55
29 -7 70 4 56
23 0 76 4 57
16 0 91 4 58
22 7 210 4 59
32 7 92 4 60
24 0 104 4 61
24 0 204 4 62
33 0 94 4 63
30 -7 188 4 64
41 0 54 4 65
41 0 84 4 66
35 0 208 4 67
39 7 197 4 68
44 0 221 4 69
23 0 284 4 70
41 -7 203 4 71
10 0 286 1 72
14 0 312 4 73
47 0 126 4 74
48 11 190 4 75
49 -11 182 4 76
55 -7 145 4 77
55 0 78 4 78
49 7 204 4 79
55 0 79 4 80
34 0 293 4 81
50 0 274 4 82
46 0 281 4 83
64 -7 153 4 84
50 0 295 4 85
45 0 298 4 86
43 0 314 4 87
64 14 176 4 88
67 0 275 4 89
69 0 72 4 90
75 0 261 4 91
69 0 264 4 92
70 0 282 4 93
66 0 292 4 94
66 0 308 4 95
45 0 331 4 96
84 0 270 4 97
85 0 83 4 98
87 0 256 4 99
82 0 278 4 100
75 7 288 4 101
83 7 255 4 102
78 -7 296 4 103
91 0 237 4 104
81 11 268 4 105
99 0 268 4 106
86 -7 262 4 107
92 0 113 4 108
86 -11 277 4 109
91 -11 261 4 110
109 0 210 4 111
105 0 219 4 112
108 0 265 4 113
108 0 124 4 114
114 0 263 4 115
106 0 274 4 116
95 11 270 4 117
109 -7 210 4 118
125 0 142 4 119
107 -7 248 4 120
107 7 260 4 121
133 0 168 4 122
125 0 264 4 123
132 0 187 4 124
118 7 225 4 125
129 0 207 4 126
150 0 104 4 127
159 0 80 4 128
155 0 72 4 129
138 7 95 4 130
151 0 68 4 131
170 0 94 4 132
172 0 73 4 133
178 0 95 4 134
166 0 62 4 135
172 0 79 4 136
141 -11 95 4 137
181 0 106 1 138
157 7 97 4 139
158 -7 83 4 140
176 0 115 4 141
192 0 75 4 142
200 0 90 4 143
197 0 85 4 144
217 0 66 4 145
239 0 87 4 146
186 -7 89 4 147
216 0 105 1 148
253 0 87 4 149
190 7 87 4 150
238 0 96 1 151
246 0 83 4 152
256 0 93 4 153
236 0 59 4 154
245 0 79 4 155
237 0 67 4 156
246 0 107 1 157
243 0 76 4 158
250 0 65 4 159
275 0 93 4 160
292 0 87 4 161
285 0 92 1 162
305 0 83 4 163
301 0 72 4 164
308 0 88 4 165
281 0 84 1 166
317 0 88 4 167
295 0 69 4 168
334 0 82 4 169
304 0 60 4 170
328 0 70 4 171
328 0 81 4 172
338 0 91 4 173
343 0 91 4 174
315 0 71 4 175
336 0 87 4 176
349 0 87 4 177
376 0 79 4 178
368 0 68 4 179
371 0 66 4 180
382 0 90 4 181
378 0 88 1 182
380 0 77 4 183
377 0 64 4 184
391 0 94 4 185
400 0 77 4 186
396 0 58 4 187
407 0 94 4 188
405 0 74 4 189
413 0 74 4 190
417 0 60 4 191
422 0 82 4 192
423 0 101 1 193
428 0 70 4 194
430 0 82 4 195
456 0 67 4 196
461 0 75 1 197
467 0 94 4 198
469 0 111 1 199
470 0 96 1 200
474 0 84 4 201
479 0 59 4 202
480 0 85 1 203
483 0 85 1 204
492 0 66 4 205
392 -7 162 1 206
386 1 161 1 207
374 6 153 1 208
354 4 150 1 209
345 -2 154 1 210
337 -11 152 1 211
333 -18 153 1 212
356 -20 153 1 213
382 -15 153 1 214
425 -5 178 1 215
412 3 171 1 216
406 11 164 1 217
392 16 161 1 218
366 20 152 1 219
333 21 150 1 220
321 19 151 1 221
314 14 156 1 222
308 7 162 1 223
313 0 162 1 224
286 -9 153 1 225
281 -17 162 1 226
277 -24 170 1 227
250 -29 171 1 228
284 -31 176 1 229
355 -31 183 1 230
372 -27 182 1 231
406 -21 168 1 232
418 -13 174 1 233
428 -3 201 1 234
428 5 191 1 235
426 13 177 1 236
396 20 194 1 237
377 25 168 1 238
353 28 175 1 239
301 29 162 1 240
277 27 167 1 241
276 23 162 1 242
278 17 169 1 243
281 9 166 1 244
296 0 175 1 245
277 -8 178 1 246
256 -16 178 1 247
251 -24 181 1 248
221 -37 183 4 249
221 -46 188 4 250
225 -50 190 4 251
277 -35 195 1 252
372 -32 202 1 253
387 -27 200 1 254
432 -20 182 1 255
435 -12 189 1 256
429 -1 224 1 257
428 6 214 1 258
433 15 200 1 259
402 22 208 1 260
381 28 194 1 261
366 32 194 1 262
339 34 190 1 263
236 41 183 4 264
246 32 180 1 265
245 28 177 1 266
255 22 180 1 267
260 15 182 1 268
266 6 182 1 269
289 -1 188 1 270
265 -10 193 1 271
251 -18 192 1 272
229 -25 192 1 273
216 -38 197 4 274
209 -49 196 4 275
220 -51 202 4 276
275 -37 209 1 277
341 -35 216 1 278
375 -31 223 1 279
391 -25 220 1 280
431 -18 213 1 281
435 -10 222 1 282
419 0 249 4 283
430 8 236 1 284
455 17 213 4 285
399 24 223 1 286
381 30 211 1 287
355 34 211 1 288
282 36 202 1 289
222 51 192 4 290
219 46 191 4 291
217 37 193 4 292
235 24 190 1 293
257 17 198 1 294
269 8 201 1 295
273 0 209 1 296
264 -8 209 1 297
247 -17 205 1 298
232 -24 205 1 299
206 -42 207 4 300
202 -48 207 4 301
215 -51 213 4 302
220 -51 218 4 303
331 -34 226 1 304
368 -30 232 1 305
392 -24 236 1 306
431 -17 238 1 307
427 -8 250 4 308
420 1 257 4 309
429 10 255 4 310
452 18 226 4 311
385 25 231 1 312
365 31 224 1 313
352 35 226 1 314
228 51 207 4 315
213 51 204 4 316
208 49 200 4 317
207 43 204 4 318
238 25 204 1 319
248 18 212 1 320
252 10 214 1 321
273 1 223 1 322
267 -6 223 1 323
246 -15 224 1 324
231 -22 222 1 325
230 -28 224 1 326
215 -39 221 4 327
215 -45 224 4 328
263 -34 239 1 329
323 -32 240 1 330
360 -28 244 1 331
383 -22 246 1 332
429 -15 259 4 333
419 -6 264 4 334
408 3 270 4 335
404 12 262 4 336
396 20 259 4 337
371 27 244 1 338
336 32 236 1 339
257 35 223 1 340
214 50 219 4 341
208 48 214 4 342
210 37 216 4 343
232 24 217 1 344
251 16 231 1 345
252 8 230 1 346
275 0 245 4 347
267 -9 247 4 348
262 -17 250 4 349
253 -23 254 4 350
251 -27 257 4 351
265 -29 260 4 352
321 -28 262 4 353
353 -25 264 4 354
374 -20 265 4 355
390 -13 266 4 356
398 -5 271 4 357
384 5 276 4 358
381 13 268 4 359
