360
-81 0 91 4 0
-79 0 69 4 1
-69 0 43 1 2
-63 0 27 4 3
-64 0 131 4 4
-61 0 -23 4 5
-63 0 86 1 6
-62 0 68 4 7
-60 0 106 1 8
-56 0 16 4 9
-51 0 46 4 10
-44 0 -18 4 11
-45 0 29 4 12
-44 0 72 4 13
-44 0 107 1 14
-44 0 129 1 15
-43 0 144 1 16
-39 0 13 4 17
-40 0 198 1 18
-33 0 32 4 19
-32 0 59 4 20
-34 0 175 1 21
-32 0 101 1 22
-33 0 163 1 23
-31 0 90 1 24
-30 0 70 4 25
-25 0 -12 4 26
-26 0 158 1 27
-24 0 125 1 28
-23 0 140 1 29
-21 0 36 4 30
-21 0 78 4 31
-22 0 198 1 32
-23 0 206 1 33
-20 0 13 4 34
-21 0 105 1 35
-19 0 181 1 36
-20 0 220 1 37
-13 0 160 4 38
-13 0 192 1 39
-12 0 142 1 40
-12 0 215 1 41
-10 0 96 4 42
-7 0 117 4 43
-5 0 -5 4 44
-5 0 192 4 45
-3 0 176 4 46
-4 0 224 1 47
2 0 38 4 48
1 0 154 4 49
0 0 241 1 50
3 0 81 4 51
2 0 208 1 52
6 0 136 4 53
9 0 106 4 54
11 0 159 4 55
13 0 5 4 56
15 0 56 4 57
15 0 84 4 58
15 0 228 4 59
17 0 44 4 60
22 0 97 4 61
23 0 208 4 62
30 0 79 4 63
30 0 188 4 64
34 0 15 4 65
36 0 60 4 66
35 0 208 4 67
40 0 198 4 68
42 0 223 4 69
41 0 313 4 70
43 0 211 4 71
41 0 338 1 72
42 0 365 4 73
47 0 121 4 74
48 0 192 4 75
49 0 180 4 76
52 0 139 4 77
53 0 29 4 78
52 0 206 4 79
54 0 52 4 80
54 0 331 4 81
58 0 295 4 82
59 0 309 4 83
61 0 150 4 84
65 0 324 4 85
66 0 340 4 86
67 0 358 4 87
70 0 169 4 88
70 0 287 4 89
72 0 48 4 90
78 0 271 4 91
78 0 296 4 92
78 0 310 4 93
79 0 329 4 94
82 0 348 4 95
83 0 389 4 96
88 0 278 4 97
89 0 68 4 98
92 0 262 4 99
93 0 314 4 100
92 0 354 4 101
97 0 285 4 102
97 0 368 4 103
100 0 246 4 104
100 0 330 4 105
102 0 274 4 106
102 0 298 4 107
105 0 92 4 108
109 0 347 4 109
110 0 312 4 110
115 0 211 4 111
115 0 223 4 112
115 0 280 4 113
116 0 116 4 114
116 0 265 4 115
119 0 296 4 116
119 0 328 4 117
123 0 218 4 118
127 0 140 4 119
129 0 280 4 120
130 0 303 4 121
134 0 163 4 122
137 0 277 4 123
139 0 187 4 124
140 0 246 4 125
142 0 215 4 126
182 0 77 4 127
186 0 54 4 128
187 0 39 4 129
186 0 47 4 130
188 0 32 4 131
189 0 80 4 132
195 0 51 4 133
196 0 80 4 134
196 0 30 4 135
201 0 51 4 136
202 0 30 4 137
205 0 82 1 138
210 0 54 4 139
212 0 28 4 140
214 0 80 4 141
219 0 55 4 142
220 0 72 4 143
222 0 63 4 144
250 0 37 4 145
252 0 76 4 146
253 0 32 4 147
257 0 72 1 148
263 0 77 4 149
260 0 28 4 150
266 0 66 1 151
272 0 59 4 152
273 0 77 4 153
273 0 25 4 154
278 0 52 4 155
279 0 29 4 156
282 0 78 1 157
283 0 46 4 158
284 0 37 4 159
291 0 77 4 160
315 0 66 4 161
318 0 60 1 162
320 0 69 4 163
325 0 49 4 164
326 0 69 4 165
330 0 41 1 166
335 0 68 4 167
337 0 34 4 168
345 0 67 4 169
345 0 27 4 170
347 0 46 4 171
347 0 56 4 172
348 0 75 4 173
348 0 83 4 174
347 0 38 4 175
352 0 66 4 176
360 0 66 4 177
383 0 63 4 178
386 0 31 4 179
386 0 38 4 180
387 0 73 4 181
392 0 56 1 182
393 0 48 4 183
394 0 24 4 184
395 0 79 4 185
403 0 48 4 186
405 0 24 4 187
407 0 80 4 188
409 0 53 4 189
412 0 42 4 190
417 0 27 4 191
420 0 57 4 192
420 0 75 1 193
421 0 35 4 194
427 0 67 4 195
456 0 29 4 196
466 0 28 1 197
468 0 79 4 198
469 0 87 1 199
470 0 69 1 200
474 0 61 4 201
477 0 26 4 202
478 0 51 1 203
483 0 42 1 204
490 0 27 4 205
394 -12 172 1 206
389 2 168 1 207
375 11 161 1 208
358 8 157 1 209
346 -4 157 1 210
345 -21 160 1 211
354 -34 165 1 212
371 -37 170 1 213
387 -28 173 1 214
414 -9 194 1 215
412 6 190 1 216
405 20 185 1 217
393 31 180 1 218
378 37 174 1 219
361 38 169 1 220
345 35 165 1 221
332 26 163 1 222
321 13 163 1 223
316 -1 165 1 224
313 -17 167 1 225
317 -32 172 1 226
325 -45 178 1 227
336 -54 182 1 228
352 -58 188 1 229
372 -57 193 1 230
387 -50 196 1 231
401 -39 196 1 232
410 -25 196 1 233
421 -6 214 1 234
419 9 210 1 235
414 24 204 1 236
403 37 200 1 237
390 47 192 1 238
374 52 187 1 239
355 53 181 1 240
338 50 179 1 241
324 42 175 1 242
312 31 174 1 243
303 17 174 1 244
299 1 177 1 245
297 -14 180 1 246
299 -30 183 1 247
306 -44 189 1 248
315 -56 194 4 249
328 -64 200 4 250
343 -67 206 4 251
362 -65 211 1 252
383 -60 215 1 253
397 -50 217 1 254
411 -37 216 1 255
418 -22 216 1 256
422 -3 232 1 257
421 12 228 1 258
417 27 222 1 259
407 40 218 1 260
395 51 211 1 261
381 58 206 1 262
365 62 200 1 263
343 63 195 4 264
329 58 191 1 265
315 51 188 1 266
304 40 187 1 267
295 27 187 1 268
289 12 188 1 269
288 -3 191 1 270
287 -19 195 1 271
290 -34 199 1 272
297 -47 204 1 273
307 -58 210 4 274
319 -66 216 4 275
334 -70 221 4 276
353 -69 226 1 277
372 -65 231 1 278
388 -57 234 1 279
401 -47 235 1 280
413 -34 235 1 281
419 -19 234 1 282
418 0 249 4 283
418 16 244 1 284
415 31 238 4 285
404 45 234 1 286
391 56 227 1 287
376 63 222 1 288
357 67 216 1 289
337 68 210 4 290
322 64 206 4 291
307 56 203 4 292
297 45 202 1 293
288 31 202 1 294
283 16 203 1 295
280 0 206 1 296
281 -16 210 1 297
284 -31 214 1 298
291 -45 220 1 299
300 -57 225 4 300
313 -64 231 4 301
329 -68 237 4 302
345 -68 242 4 303
367 -63 246 1 304
384 -56 250 1 305
398 -45 251 1 306
410 -31 252 1 307
416 -16 251 4 308
412 3 263 4 309
412 19 260 4 310
409 34 253 4 311
397 47 249 1 312
385 57 243 1 313
371 65 237 1 314
348 70 231 4 315
332 70 226 4 316
317 66 222 4 317
303 58 219 4 318
293 47 218 1 319
285 34 218 1 320
279 19 220 1 321
277 3 223 1 322
278 -12 226 1 323
281 -27 231 1 324
288 -40 236 1 325
298 -51 241 1 326
310 -59 247 4 327
325 -63 252 4 328
343 -62 258 1 329
362 -58 261 1 330
378 -51 264 1 331
391 -40 266 1 332
404 -27 267 4 333
409 -12 266 4 334
401 6 277 4 335
400 22 273 4 336
394 37 268 4 337
383 50 262 1 338
369 60 256 1 339
349 65 249 1 340
331 67 244 4 341
315 64 239 4 342
301 56 237 4 343
291 44 235 1 344
283 30 236 1 345
278 14 238 1 346
279 -1 242 4 347
281 -17 247 4 348
288 -31 252 4 349
298 -42 258 4 350
312 -50 264 4 351
327 -53 269 4 352
347 -52 274 4 353
364 -47 277 4 354
378 -37 280 4 355
390 -24 280 4 356
397 -9 280 4 357
384 9 289 4 358
382 25 285 4 359
