360
-81 0 90 4 0
-79 0 69 4 1
-70 0 42 1 2
-64 0 26 4 3
-64 0 131 4 4
-62 0 -25 4 5
-63 0 86 1 6
-62 0 67 4 7
-60 0 106 1 8
-58 0 13 4 9
-52 0 45 4 10
-45 0 -21 4 11
-46 0 28 4 12
-44 0 72 4 13
-44 0 107 1 14
-44 0 129 1 15
-43 0 144 1 16
-40 0 11 4 17
-40 0 198 1 18
-34 0 31 4 19
-32 0 57 4 20
-34 0 175 1 21
-32 0 101 1 22
-33 0 163 1 23
-31 0 89 1 24
-30 0 70 4 25
-26 0 -15 4 26
-26 0 158 1 27
-24 0 125 1 28
-23 0 140 1 29
-21 0 34 4 30
-22 0 77 4 31
-22 0 198 1 32
-23 0 206 1 33
-20 0 11 4 34
-21 0 105 1 35
-19 0 181 1 36
-20 0 220 1 37
-13 0 160 4 38
-13 0 192 1 39
-12 0 142 1 40
-12 0 215 1 41
-10 0 96 4 42
-8 0 117 4 43
-6 0 -8 4 44
-5 0 192 4 45
-3 0 176 4 46
-4 0 224 1 47
1 0 36 4 48
1 0 154 4 49
0 0 241 1 50
3 0 81 4 51
2 0 208 1 52
6 0 136 4 53
9 0 106 4 54
11 0 159 4 55
12 0 3 4 56
15 0 55 4 57
15 0 84 4 58
15 0 229 4 59
17 0 42 4 60
22 0 97 4 61
23 0 208 4 62
30 0 78 4 63
30 0 188 4 64
34 0 14 4 65
36 0 59 4 66
35 0 208 4 67
40 0 198 4 68
42 0 223 4 69
42 0 314 4 70
43 0 211 4 71
42 0 340 1 72
42 0 366 4 73
47 0 121 4 74
48 0 192 4 75
49 0 180 4 76
52 0 139 4 77
53 0 27 4 78
52 0 206 4 79
54 0 52 4 80
55 0 332 4 81
58 0 296 4 82
59 0 309 4 83
61 0 150 4 84
66 0 325 4 85
67 0 341 4 86
68 0 360 4 87
70 0 169 4 88
70 0 287 4 89
72 0 47 4 90
78 0 271 4 91
78 0 297 4 92
78 0 310 4 93
79 0 330 4 94
83 0 349 4 95
84 0 391 4 96
88 0 278 4 97
89 0 68 4 98
92 0 262 4 99
93 0 315 4 100
93 0 356 4 101
97 0 286 4 102
98 0 371 4 103
100 0 246 4 104
101 0 332 4 105
102 0 274 4 106
103 0 299 4 107
105 0 91 4 108
110 0 349 4 109
111 0 314 4 110
115 0 211 4 111
115 0 223 4 112
115 0 280 4 113
116 0 116 4 114
116 0 265 4 115
119 0 297 4 116
120 0 330 4 117
124 0 218 4 118
127 0 140 4 119
130 0 281 4 120
131 0 304 4 121
134 0 163 4 122
137 0 277 4 123
139 0 187 4 124
141 0 247 4 125
142 0 215 4 126
183 0 77 4 127
186 0 53 4 128
188 0 38 4 129
188 0 45 4 130
189 0 31 4 131
190 0 79 4 132
196 0 50 4 133
197 0 80 4 134
197 0 29 4 135
202 0 51 4 136
204 0 28 4 137
206 0 81 1 138
211 0 52 4 139
213 0 27 4 140
215 0 79 4 141
219 0 54 4 142
220 0 71 4 143
223 0 62 4 144
251 0 37 4 145
252 0 76 4 146
255 0 31 4 147
258 0 71 1 148
263 0 77 4 149
263 0 26 4 150
266 0 65 1 151
273 0 58 4 152
274 0 76 4 153
274 0 24 4 154
279 0 52 4 155
281 0 28 4 156
283 0 77 1 157
284 0 45 4 158
285 0 36 4 159
292 0 76 4 160
316 0 65 4 161
319 0 59 1 162
320 0 69 4 163
326 0 48 4 164
327 0 68 4 165
332 0 40 1 166
336 0 67 4 167
338 0 33 4 168
345 0 66 4 169
346 0 26 4 170
348 0 45 4 171
348 0 55 4 172
348 0 74 4 173
348 0 83 4 174
348 0 37 4 175
353 0 65 4 176
360 0 65 4 177
383 0 62 4 178
387 0 30 4 179
387 0 38 4 180
387 0 72 4 181
392 0 55 1 182
393 0 47 4 183
395 0 23 4 184
395 0 78 4 185
403 0 47 4 186
405 0 23 4 187
407 0 79 4 188
409 0 52 4 189
412 0 41 4 190
417 0 26 4 191
420 0 56 4 192
420 0 74 1 193
421 0 34 4 194
427 0 66 4 195
456 0 28 4 196
466 0 26 1 197
468 0 78 4 198
469 0 86 1 199
470 0 69 1 200
474 0 60 4 201
477 0 25 4 202
478 0 50 1 203
483 0 40 1 204
490 0 26 4 205
394 -13 173 1 206
389 2 168 1 207
375 11 162 1 208
358 8 157 1 209
346 -4 157 1 210
345 -21 160 1 211
354 -34 166 1 212
371 -37 171 1 213
387 -29 174 1 214
414 -9 195 1 215
412 6 191 1 216
405 20 185 1 217
393 31 180 1 218
379 38 175 1 219
362 39 170 1 220
346 35 166 1 221
332 26 164 1 222
322 13 163 1 223
316 -1 165 1 224
314 -18 167 1 225
318 -33 172 1 226
327 -46 178 1 227
338 -55 183 1 228
354 -59 188 1 229
373 -57 193 1 230
388 -51 196 1 231
401 -40 197 1 232
410 -25 197 1 233
420 -6 214 1 234
419 9 210 1 235
414 25 205 1 236
403 38 200 1 237
390 47 193 1 238
374 53 188 1 239
357 54 182 1 240
340 51 179 1 241
325 43 176 1 242
313 32 175 1 243
304 17 175 1 244
299 1 177 1 245
298 -14 180 1 246
300 -31 183 1 247
308 -45 189 1 248
317 -56 195 4 249
331 -64 201 4 250
347 -68 206 4 251
365 -66 211 1 252
383 -61 215 1 253
398 -51 217 1 254
410 -38 217 1 255
417 -23 216 1 256
422 -3 232 1 257
421 12 228 1 258
416 28 223 1 259
407 41 218 1 260
395 52 212 1 261
381 59 206 1 262
366 63 201 1 263
346 63 196 4 264
331 59 192 1 265
317 52 189 1 266
305 41 187 1 267
296 28 187 1 268
290 12 188 1 269
288 -3 191 1 270
288 -19 195 1 271
292 -34 199 1 272
299 -48 205 1 273
309 -59 210 4 274
323 -66 216 4 275
338 -70 222 4 276
355 -70 227 1 277
373 -66 231 1 278
388 -58 234 1 279
401 -48 236 1 280
412 -34 235 1 281
419 -19 235 1 282
418 0 249 4 283
418 16 245 1 284
414 32 239 4 285
404 46 234 1 286
392 57 228 1 287
377 64 222 1 288
359 68 216 1 289
341 69 211 4 290
325 65 207 4 291
310 57 204 4 292
298 46 202 1 293
289 32 202 1 294
283 16 203 1 295
280 0 206 1 296
281 -16 210 1 297
285 -32 215 1 298
293 -46 220 1 299
303 -57 226 4 300
317 -65 232 4 301
333 -69 238 4 302
349 -69 243 4 303
369 -64 247 1 304
384 -57 250 1 305
398 -46 252 1 306
409 -32 252 1 307
416 -16 251 4 308
412 3 264 4 309
411 19 260 4 310
407 34 254 4 311
397 48 249 1 312
385 58 243 1 313
371 66 238 1 314
352 70 232 4 315
336 70 227 4 316
321 66 223 4 317
306 59 220 4 318
295 48 218 1 319
286 34 218 1 320
280 19 220 1 321
278 3 223 1 322
278 -12 226 1 323
282 -28 231 1 324
290 -41 236 1 325
301 -52 242 1 326
313 -60 247 4 327
328 -64 253 4 328
346 -63 258 1 329
363 -59 262 1 330
379 -52 265 1 331
392 -41 267 1 332
403 -28 267 4 333
409 -12 266 4 334
401 6 277 4 335
400 23 273 4 336
394 38 268 4 337
384 51 262 1 338
370 61 256 1 339
352 66 250 1 340
335 68 245 4 341
319 64 240 4 342
304 56 237 4 343
293 45 236 1 344
284 31 237 1 345
279 14 238 1 346
279 -1 242 4 347
282 -17 247 4 348
289 -32 252 4 349
300 -43 258 4 350
314 -51 264 4 351
329 -54 269 4 352
347 -53 274 4 353
364 -47 278 4 354
378 -38 280 4 355
390 -25 281 4 356
397 -9 280 4 357
384 9 289 4 358
382 25 285 4 359
