360
-81 0 90 4 0
-79 0 69 4 1
-69 0 43 1 2
-63 0 27 4 3
-64 0 131 4 4
-61 0 -24 4 5
-63 0 86 1 6
-62 0 67 4 7
-60 0 106 1 8
-57 0 15 4 9
-51 0 45 4 10
-44 0 -19 4 11
-45 0 29 4 12
-44 0 72 4 13
-44 0 107 1 14
-44 0 129 1 15
-43 0 144 1 16
-40 0 12 4 17
-40 0 198 1 18
-34 0 31 4 19
-32 0 58 4 20
-34 0 175 1 21
-32 0 101 1 22
-33 0 163 1 23
-31 0 90 1 24
-30 0 70 4 25
-25 0 -13 4 26
-26 0 158 1 27
-24 0 125 1 28
-23 0 140 1 29
-21 0 36 4 30
-21 0 78 4 31
-22 0 198 1 32
-23 0 206 1 33
-20 0 12 4 34
-21 0 105 1 35
-19 0 181 1 36
-20 0 220 1 37
-13 0 160 4 38
-13 0 192 1 39
-12 0 142 1 40
-12 0 215 1 41
-10 0 96 4 42
-8 0 117 4 43
-5 0 -6 4 44
-5 0 192 4 45
-3 0 176 4 46
-4 0 224 1 47
1 0 37 4 48
1 0 154 4 49
0 0 241 1 50
3 0 81 4 51
2 0 208 1 52
6 0 136 4 53
9 0 106 4 54
11 0 159 4 55
12 0 4 4 56
15 0 56 4 57
15 0 84 4 58
15 0 228 4 59
17 0 43 4 60
22 0 97 4 61
23 0 208 4 62
30 0 78 4 63
30 0 188 4 64
34 0 15 4 65
36 0 60 4 66
35 0 208 4 67
40 0 198 4 68
42 0 223 4 69
41 0 314 4 70
43 0 211 4 71
42 0 338 1 72
42 0 365 4 73
47 0 121 4 74
48 0 192 4 75
49 0 180 4 76
52 0 139 4 77
53 0 28 4 78
52 0 206 4 79
54 0 52 4 80
54 0 331 4 81
58 0 295 4 82
59 0 309 4 83
61 0 150 4 84
66 0 325 4 85
66 0 340 4 86
67 0 359 4 87
70 0 169 4 88
70 0 287 4 89
72 0 48 4 90
78 0 271 4 91
78 0 297 4 92
78 0 310 4 93
79 0 329 4 94
83 0 348 4 95
83 0 390 4 96
88 0 278 4 97
89 0 68 4 98
92 0 262 4 99
93 0 314 4 100
92 0 355 4 101
97 0 286 4 102
97 0 369 4 103
100 0 246 4 104
100 0 331 4 105
102 0 274 4 106
103 0 298 4 107
105 0 92 4 108
109 0 347 4 109
110 0 313 4 110
115 0 211 4 111
115 0 223 4 112
115 0 280 4 113
116 0 116 4 114
116 0 265 4 115
119 0 296 4 116
119 0 329 4 117
124 0 218 4 118
127 0 140 4 119
129 0 281 4 120
130 0 303 4 121
134 0 163 4 122
137 0 277 4 123
139 0 187 4 124
140 0 246 4 125
142 0 215 4 126
183 0 77 4 127
186 0 54 4 128
188 0 38 4 129
187 0 46 4 130
188 0 32 4 131
189 0 79 4 132
195 0 51 4 133
196 0 80 4 134
197 0 29 4 135
202 0 51 4 136
203 0 29 4 137
205 0 82 1 138
210 0 53 4 139
212 0 28 4 140
214 0 80 4 141
219 0 55 4 142
220 0 72 4 143
222 0 63 4 144
251 0 37 4 145
252 0 76 4 146
253 0 32 4 147
257 0 71 1 148
263 0 77 4 149
261 0 27 4 150
266 0 65 1 151
272 0 59 4 152
273 0 76 4 153
273 0 25 4 154
279 0 52 4 155
280 0 29 4 156
282 0 77 1 157
283 0 45 4 158
284 0 36 4 159
292 0 76 4 160
315 0 66 4 161
319 0 59 1 162
320 0 69 4 163
325 0 49 4 164
326 0 69 4 165
331 0 41 1 166
335 0 68 4 167
337 0 34 4 168
345 0 66 4 169
345 0 26 4 170
347 0 46 4 171
347 0 56 4 172
348 0 74 4 173
348 0 83 4 174
348 0 37 4 175
353 0 66 4 176
360 0 66 4 177
383 0 62 4 178
386 0 31 4 179
387 0 38 4 180
387 0 73 4 181
392 0 55 1 182
393 0 47 4 183
394 0 24 4 184
395 0 78 4 185
403 0 47 4 186
405 0 24 4 187
407 0 79 4 188
409 0 53 4 189
412 0 41 4 190
417 0 26 4 191
420 0 57 4 192
420 0 75 1 193
421 0 35 4 194
427 0 66 4 195
456 0 29 4 196
466 0 27 1 197
468 0 78 4 198
469 0 87 1 199
470 0 69 1 200
474 0 61 4 201
477 0 25 4 202
478 0 51 1 203
483 0 41 1 204
490 0 27 4 205
394 -13 173 1 206
389 2 168 1 207
375 11 162 1 208
358 8 157 1 209
346 -4 157 1 210
345 -21 160 1 211
354 -34 165 1 212
371 -37 171 1 213
387 -28 173 1 214
414 -9 194 1 215
412 6 190 1 216
405 20 185 1 217
393 31 180 1 218
378 37 174 1 219
361 39 169 1 220
346 35 165 1 221
332 26 163 1 222
322 13 163 1 223
316 -1 165 1 224
314 -17 167 1 225
317 -33 172 1 226
326 -45 178 1 227
337 -54 182 1 228
353 -58 188 1 229
372 -57 193 1 230
388 -50 196 1 231
401 -39 197 1 232
410 -25 196 1 233
421 -6 214 1 234
419 9 210 1 235
414 25 204 1 236
403 37 200 1 237
390 47 193 1 238
374 53 187 1 239
356 54 182 1 240
339 50 179 1 241
324 43 176 1 242
312 31 174 1 243
304 17 174 1 244
299 1 177 1 245
297 -14 180 1 246
299 -30 183 1 247
306 -44 189 1 248
316 -56 194 4 249
329 -64 200 4 250
344 -67 206 4 251
363 -66 211 1 252
383 -60 215 1 253
397 -50 217 1 254
411 -38 216 1 255
418 -22 216 1 256
422 -3 232 1 257
421 12 228 1 258
416 27 223 1 259
407 41 218 1 260
395 51 212 1 261
381 59 206 1 262
365 63 200 1 263
344 63 195 4 264
330 59 191 1 265
316 51 188 1 266
304 41 187 1 267
295 27 187 1 268
289 12 188 1 269
288 -3 191 1 270
287 -19 195 1 271
291 -34 199 1 272
298 -47 204 1 273
308 -58 210 4 274
320 -66 216 4 275
336 -70 221 4 276
354 -69 226 1 277
372 -65 231 1 278
388 -58 234 1 279
401 -47 235 1 280
413 -34 235 1 281
419 -19 234 1 282
418 0 249 4 283
418 16 244 1 284
415 31 238 4 285
404 45 234 1 286
391 56 227 1 287
377 64 222 1 288
358 68 216 1 289
339 69 210 4 290
323 64 206 4 291
309 56 204 4 292
297 45 202 1 293
289 31 202 1 294
283 16 203 1 295
280 0 206 1 296
281 -16 210 1 297
284 -31 214 1 298
292 -45 220 1 299
301 -57 226 4 300
315 -65 231 4 301
330 -69 237 4 302
346 -69 242 4 303
368 -64 247 1 304
384 -56 250 1 305
398 -45 252 1 306
410 -31 252 1 307
416 -16 251 4 308
412 3 264 4 309
412 19 260 4 310
408 34 254 4 311
397 47 249 1 312
385 58 243 1 313
371 65 237 1 314
350 70 231 4 315
334 70 226 4 316
318 66 222 4 317
304 58 220 4 318
294 47 218 1 319
285 34 218 1 320
279 19 220 1 321
277 3 223 1 322
278 -12 226 1 323
281 -27 231 1 324
289 -41 236 1 325
299 -51 241 1 326
311 -59 247 4 327
326 -63 252 4 328
344 -63 258 1 329
362 -59 262 1 330
378 -51 265 1 331
391 -41 266 1 332
403 -27 267 4 333
409 -12 266 4 334
401 6 277 4 335
400 22 273 4 336
394 38 268 4 337
383 50 262 1 338
369 60 256 1 339
350 66 249 1 340
332 67 244 4 341
317 64 240 4 342
302 56 237 4 343
291 44 236 1 344
284 30 237 1 345
278 14 238 1 346
279 -1 242 4 347
282 -17 247 4 348
289 -31 252 4 349
299 -43 258 4 350
312 -50 264 4 351
328 -54 269 4 352
347 -53 274 4 353
364 -47 278 4 354
378 -37 280 4 355
390 -25 280 4 356
397 -9 280 4 357
384 9 289 4 358
382 25 285 4 359
