360
-79 0 94 4 0
-77 0 72 4 1
-65 0 52 1 2
-59 0 35 4 3
-64 0 131 4 4
-52 1 -5 4 5
-60 0 92 1 6
-61 0 71 4 7
-58 0 109 1 8
-47 -3 32 4 9
-48 0 52 4 10
-35 -3 0 4 11
-40 0 37 4 12
-43 0 75 4 13
-43 0 110 1 14
-44 0 130 1 15
-42 0 145 1 16
-32 -1 27 4 17
-40 0 197 1 18
-30 0 38 4 19
-26 1 70 4 20
-34 0 175 1 21
-31 0 104 1 22
-33 0 163 1 23
-29 0 94 1 24
-29 0 73 4 25
-18 3 6 4 26
-25 0 159 1 27
-24 0 127 1 28
-23 0 141 1 29
-15 -1 47 4 30
-16 -1 87 4 31
-22 0 198 1 32
-24 0 206 1 33
-14 1 26 4 34
-20 0 109 1 35
-19 0 181 1 36
-21 0 219 1 37
-11 0 161 4 38
-13 0 192 1 39
-12 0 142 1 40
-12 0 215 1 41
-10 0 98 4 42
-4 1 124 4 43
0 -3 12 4 44
-3 0 192 4 45
-2 0 176 4 46
-4 0 224 1 47
5 0 47 4 48
1 0 154 4 49
-2 0 239 1 50
4 0 84 4 51
1 0 208 1 52
7 0 137 4 53
10 0 110 4 54
13 -1 161 4 55
16 -1 19 4 56
17 0 60 4 57
15 0 86 4 58
17 1 224 4 59
21 1 54 4 60
22 0 98 4 61
23 0 207 4 62
30 0 82 4 63
30 -1 188 4 64
35 0 23 4 65
37 0 65 4 66
35 0 208 4 67
40 1 198 4 68
42 0 223 4 69
37 0 307 4 70
43 -1 209 4 71
35 0 327 1 72
36 0 353 4 73
47 0 122 4 74
48 3 192 4 75
49 -3 180 4 76
53 -1 140 4 77
53 0 39 4 78
52 1 206 4 79
54 0 58 4 80
50 0 323 4 81
56 0 290 4 82
56 0 303 4 83
61 -1 150 4 84
62 0 318 4 85
62 0 331 4 86
62 0 349 4 87
69 3 171 4 88
70 0 284 4 89
72 0 53 4 90
77 0 269 4 91
76 0 289 4 92
76 0 304 4 93
76 0 321 4 94
79 0 339 4 95
75 0 377 4 96
87 0 276 4 97
88 0 72 4 98
91 0 261 4 99
90 0 306 4 100
89 1 340 4 101
94 1 279 4 102
93 -1 353 4 103
98 0 244 4 104
96 3 317 4 105
102 0 273 4 106
99 -1 290 4 107
102 0 96 4 108
104 -3 332 4 109
106 -3 301 4 110
114 0 211 4 111
113 0 222 4 112
114 0 276 4 113
114 0 118 4 114
116 0 265 4 115
116 0 291 4 116
114 3 316 4 117
120 -1 216 4 118
127 0 140 4 119
124 -1 273 4 120
125 1 293 4 121
134 0 164 4 122
134 0 274 4 123
138 0 187 4 124
135 1 242 4 125
139 0 213 4 126
175 0 83 4 127
180 0 60 4 128
180 0 46 4 129
176 1 57 4 130
180 0 40 4 131
185 0 83 4 132
190 0 56 4 133
192 0 84 4 134
190 0 37 4 135
195 0 57 4 136
189 -3 44 4 137
200 0 87 1 138
198 1 63 4 139
200 -1 40 4 140
206 0 87 4 141
213 0 59 4 142
216 0 76 4 143
217 0 68 4 144
243 0 44 4 145
249 0 79 4 146
238 -1 45 4 147
248 0 79 1 148
261 0 79 4 149
245 1 40 4 150
260 0 72 1 151
266 0 64 4 152
270 0 80 4 153
265 0 32 4 154
271 0 58 4 155
270 0 37 4 156
274 0 84 1 157
274 0 52 4 158
277 0 43 4 159
288 0 80 4 160
310 0 70 4 161
311 0 67 1 162
316 0 72 4 163
320 0 54 4 164
322 0 73 4 165
320 0 51 1 166
331 0 72 4 167
328 0 42 4 168
342 0 70 4 169
336 0 34 4 170
343 0 51 4 171
343 0 62 4 172
346 0 78 4 173
347 0 85 4 174
340 0 45 4 175
349 0 70 4 176
357 0 70 4 177
382 0 66 4 178
382 0 39 4 179
383 0 44 4 180
386 0 77 4 181
389 0 63 1 182
390 0 54 4 183
390 0 33 4 184
394 0 82 4 185
402 0 54 4 186
403 0 31 4 187
407 0 83 4 188
408 0 58 4 189
412 0 49 4 190
417 0 34 4 191
420 0 63 4 192
421 0 81 1 193
422 0 42 4 194
427 0 70 4 195
456 0 37 4 196
465 0 38 1 197
468 0 82 4 198
469 0 92 1 199
470 0 75 1 200
474 0 66 4 201
477 0 33 4 202
478 0 58 1 203
483 0 51 1 204
490 0 35 4 205
393 -11 170 1 206
388 2 166 1 207
375 10 160 1 208
357 7 155 1 209
346 -4 156 1 210
343 -19 158 1 211
349 -30 163 1 212
368 -33 167 1 213
386 -25 169 1 214
416 -8 191 1 215
412 5 186 1 216
405 18 180 1 217
393 28 176 1 218
376 33 169 1 219
355 35 165 1 220
340 31 162 1 221
328 23 162 1 222
319 12 163 1 223
315 -1 164 1 224
307 -16 164 1 225
309 -29 170 1 226
315 -41 176 1 227
317 -49 180 1 228
338 -52 185 1 229
368 -51 191 1 230
384 -45 193 1 231
402 -35 190 1 232
412 -23 191 1 233
422 -5 211 1 234
421 8 206 1 235
417 22 198 1 236
401 34 198 1 237
387 42 187 1 238
369 47 184 1 239
343 48 178 1 240
325 45 176 1 241
314 38 172 1 242
305 28 173 1 243
298 15 173 1 244
299 1 176 1 245
293 -13 179 1 246
290 -27 182 1 247
294 -40 187 1 248
294 -52 192 4 249
305 -60 198 4 250
318 -64 202 4 251
344 -59 207 1 252
381 -54 212 1 253
395 -45 213 1 254
415 -34 209 1 255
422 -20 210 1 256
423 -2 230 1 257
422 11 225 1 258
420 24 217 1 259
406 36 216 1 260
392 46 208 1 261
378 53 203 1 262
359 56 198 1 263
320 58 193 4 264
311 53 189 1 265
300 46 185 1 266
293 36 185 1 267
287 24 186 1 268
284 11 187 1 269
288 -2 190 1 270
282 -17 194 1 271
282 -30 198 1 272
282 -42 202 1 273
287 -54 207 4 274
295 -62 211 4 275
310 -66 217 4 276
336 -62 222 1 277
365 -59 228 1 278
385 -52 231 1 279
399 -42 232 1 280
417 -30 230 1 281
423 -17 232 1 282
418 0 249 4 283
421 14 242 1 284
424 28 233 4 285
403 40 231 1 286
389 50 224 1 287
372 57 219 1 288
341 61 213 1 289
312 65 206 4 290
299 60 203 4 291
288 52 201 4 292
283 40 199 1 293
282 28 201 1 294
280 14 203 1 295
279 0 207 1 296
277 -14 210 1 297
276 -28 212 1 298
279 -40 216 1 299
280 -53 221 4 300
289 -61 226 4 301
304 -65 232 4 302
318 -65 237 4 303
360 -57 242 1 304
381 -50 246 1 305
396 -40 248 1 306
414 -28 249 1 307
418 -14 251 4 308
414 2 262 4 309
415 17 259 4 310
418 30 247 4 311
394 42 245 1 312
380 52 239 1 313
367 59 235 1 314
323 66 226 4 315
306 66 221 4 316
293 62 217 4 317
282 55 216 4 318
282 42 215 1 319
277 30 217 1 320
273 17 218 1 321
276 2 223 1 322
276 -11 225 1 323
274 -24 229 1 324
276 -36 233 1 325
284 -46 238 1 326
290 -55 241 4 327
301 -59 246 4 328
326 -56 254 1 329
353 -53 257 1 330
374 -46 260 1 331
390 -36 262 1 332
409 -24 265 4 333
411 -11 266 4 334
402 5 276 4 335
401 20 271 4 336
394 34 266 4 337
381 45 258 1 338
362 54 251 1 339
330 59 243 1 340
306 64 238 4 341
292 61 234 4 342
282 52 232 4 343
278 40 231 1 344
276 27 235 1 345
273 13 236 1 346
278 -1 243 4 347
278 -15 247 4 348
283 -28 252 4 349
289 -38 257 4 350
299 -45 262 4 351
314 -48 267 4 352
341 -47 271 4 353
361 -42 275 4 354
377 -34 277 4 355
390 -22 277 4 356
398 -8 278 4 357
384 8 286 4 358
382 23 281 4 359
