360
-73 0 105 4 0
-72 0 83 4 1
-51 0 83 1 2
-45 0 65 4 3
-64 0 132 4 4
-19 6 57 4 5
-49 0 113 1 6
-56 0 82 4 7
-52 0 119 1 8
-12 -11 89 4 9
-34 0 75 4 10
-6 -11 66 4 11
-22 0 66 4 12
-38 0 84 4 13
-40 0 119 1 14
-42 0 135 1 15
-39 0 148 1 16
-8 -6 77 4 17
-37 0 194 1 18
-18 0 62 4 19
-6 6 107 4 20
-34 0 176 1 21
-26 0 114 1 22
-33 0 163 1 23
-22 0 108 1 24
-23 0 83 4 25
9 13 73 4 26
-23 0 164 1 27
-21 0 133 1 28
-21 0 145 1 29
6 -6 87 4 30
0 -6 118 4 31
-21 0 199 1 32
-28 0 204 1 33
7 6 74 4 34
-15 0 119 1 35
-19 0 181 1 36
-26 0 217 1 37
-4 0 163 4 38
-15 0 192 1 39
-12 0 142 1 40
-15 0 213 1 41
-7 0 103 4 42
8 6 145 4 43
19 -11 71 4 44
5 0 192 4 45
2 0 178 4 46
-5 0 222 1 47
16 0 80 4 48
4 0 154 4 49
-7 0 233 1 50
9 0 95 4 51
-4 0 208 1 52
10 0 140 4 53
15 0 120 4 54
18 -6 168 4 55
29 -6 69 4 56
23 0 75 4 57
16 0 91 4 58
22 6 210 4 59
31 6 91 4 60
24 0 103 4 61
24 0 204 4 62
33 0 93 4 63
30 -6 188 4 64
41 0 53 4 65
41 0 83 4 66
35 0 208 4 67
39 6 197 4 68
44 0 221 4 69
23 0 284 4 70
41 -6 204 4 71
11 0 287 1 72
14 0 313 4 73
47 0 126 4 74
48 11 190 4 75
49 -11 182 4 76
55 -6 145 4 77
55 0 77 4 78
49 6 204 4 79
55 0 79 4 80
35 0 294 4 81
50 0 274 4 82
46 0 282 4 83
64 -6 153 4 84
50 0 296 4 85
46 0 299 4 86
44 0 315 4 87
64 13 176 4 88
67 0 275 4 89
69 0 71 4 90
75 0 261 4 91
69 0 265 4 92
70 0 282 4 93
66 0 293 4 94
67 0 309 4 95
45 0 332 4 96
84 0 270 4 97
86 0 82 4 98
87 0 256 4 99
82 0 278 4 100
75 6 289 4 101
84 6 256 4 102
78 -6 297 4 103
91 0 237 4 104
82 11 270 4 105
99 0 268 4 106
87 -6 263 4 107
92 0 112 4 108
86 -11 279 4 109
91 -11 262 4 110
109 0 210 4 111
105 0 219 4 112
109 0 266 4 113
109 0 124 4 114
114 0 263 4 115
106 0 275 4 116
96 11 271 4 117
109 -6 210 4 118
125 0 142 4 119
107 -6 249 4 120
108 6 261 4 121
133 0 168 4 122
125 0 264 4 123
133 0 187 4 124
118 6 226 4 125
130 0 207 4 126
151 0 103 4 127
159 0 80 4 128
156 0 71 4 129
139 6 94 4 130
152 0 68 4 131
170 0 94 4 132
173 0 73 4 133
178 0 94 4 134
166 0 61 4 135
172 0 78 4 136
143 -11 94 4 137
181 0 106 1 138
158 6 96 4 139
159 -6 82 4 140
177 0 114 4 141
193 0 75 4 142
201 0 90 4 143
198 0 85 4 144
218 0 65 4 145
239 0 87 4 146
187 -6 88 4 147
217 0 105 1 148
253 0 87 4 149
191 6 86 4 150
238 0 95 1 151
247 0 83 4 152
256 0 92 4 153
237 0 58 4 154
246 0 79 4 155
238 0 66 4 156
247 0 106 1 157
244 0 75 4 158
250 0 65 4 159
275 0 92 4 160
293 0 86 4 161
286 0 91 1 162
306 0 83 4 163
301 0 72 4 164
308 0 88 4 165
282 0 83 1 166
317 0 87 4 167
296 0 69 4 168
334 0 81 4 169
305 0 59 4 170
328 0 70 4 171
329 0 81 4 172
338 0 91 4 173
343 0 90 4 174
315 0 71 4 175
336 0 86 4 176
349 0 86 4 177
377 0 79 4 178
368 0 67 4 179
371 0 66 4 180
382 0 90 4 181
379 0 87 1 182
381 0 76 4 183
377 0 63 4 184
391 0 93 4 185
400 0 76 4 186
396 0 58 4 187
407 0 94 4 188
405 0 74 4 189
413 0 73 4 190
417 0 59 4 191
422 0 81 4 192
423 0 100 1 193
427 0 69 4 194
429 0 81 4 195
456 0 66 4 196
461 0 74 1 197
467 0 93 4 198
469 0 111 1 199
470 0 95 1 200
474 0 84 4 201
479 0 59 4 202
480 0 85 1 203
483 0 84 1 204
492 0 65 4 205
392 -7 162 1 206
386 1 161 1 207
374 6 153 1 208
354 4 150 1 209
345 -2 154 1 210
337 -11 152 1 211
333 -18 154 1 212
356 -20 153 1 213
383 -15 154 1 214
425 -5 178 1 215
412 3 171 1 216
406 11 165 1 217
392 17 162 1 218
366 20 153 1 219
334 21 150 1 220
321 19 152 1 221
314 14 156 1 222
309 7 162 1 223
313 0 162 1 224
286 -9 153 1 225
281 -18 162 1 226
278 -25 170 1 227
252 -30 171 1 228
286 -32 177 1 229
356 -31 183 1 230
372 -28 182 1 231
406 -21 168 1 232
418 -14 174 1 233
428 -3 201 1 234
427 5 192 1 235
426 13 177 1 236
396 20 194 1 237
377 26 169 1 238
354 29 175 1 239
302 29 163 1 240
278 27 167 1 241
277 23 162 1 242
278 17 169 1 243
281 9 166 1 244
296 0 175 1 245
277 -8 178 1 246
257 -16 178 1 247
253 -24 181 1 248
223 -37 183 4 249
223 -46 188 4 250
227 -50 190 4 251
278 -36 195 1 252
373 -33 202 1 253
388 -28 200 1 254
431 -20 182 1 255
435 -12 189 1 256
429 -1 224 1 257
428 7 215 1 258
433 15 200 1 259
402 22 208 1 260
381 28 194 1 261
366 32 195 1 262
339 34 191 1 263
238 41 183 4 264
248 32 180 1 265
246 28 177 1 266
256 22 180 1 267
261 15 182 1 268
266 7 182 1 269
289 -1 188 1 270
266 -10 193 1 271
252 -18 193 1 272
230 -26 192 1 273
218 -39 197 4 274
211 -50 197 4 275
223 -52 202 4 276
277 -38 209 1 277
342 -36 217 1 278
375 -32 223 1 279
391 -26 221 1 280
431 -18 213 1 281
435 -10 223 1 282
419 0 249 4 283
430 9 236 1 284
455 17 213 4 285
399 25 223 1 286
382 31 212 1 287
355 35 211 1 288
284 37 203 1 289
224 51 192 4 290
220 46 191 4 291
219 38 194 4 292
237 25 190 1 293
258 17 198 1 294
270 9 201 1 295
273 0 209 1 296
264 -9 209 1 297
248 -17 205 1 298
234 -25 205 1 299
208 -42 207 4 300
205 -49 208 4 301
218 -51 213 4 302
223 -51 218 4 303
332 -35 226 1 304
369 -31 232 1 305
392 -25 237 1 306
430 -17 239 1 307
427 -9 250 4 308
420 1 257 4 309
429 10 255 4 310
451 18 226 4 311
385 26 231 1 312
365 32 225 1 313
352 36 226 1 314
231 52 207 4 315
215 52 205 4 316
210 50 200 4 317
209 43 204 4 318
239 26 204 1 319
248 18 212 1 320
252 10 214 1 321
273 1 223 1 322
267 -7 223 1 323
247 -15 224 1 324
232 -22 222 1 325
232 -28 224 1 326
217 -39 222 4 327
218 -46 225 4 328
264 -34 240 1 329
324 -32 240 1 330
360 -28 244 1 331
383 -22 246 1 332
429 -15 259 4 333
419 -7 264 4 334
407 3 270 4 335
404 12 262 4 336
396 20 259 4 337
371 28 245 1 338
337 33 237 1 339
259 36 223 1 340
216 50 219 4 341
210 49 214 4 342
212 37 217 4 343
233 24 217 1 344
251 16 231 1 345
253 8 230 1 346
275 0 245 4 347
267 -9 247 4 348
262 -17 250 4 349
254 -23 254 4 350
253 -27 257 4 351
266 -29 260 4 352
321 -29 263 4 353
353 -26 265 4 354
374 -20 266 4 355
390 -13 266 4 356
398 -5 271 4 357
384 5 276 4 358
381 14 269 4 359
