360
-79 0 95 4 0
-77 0 73 4 1
-64 0 54 1 2
-58 0 38 4 3
-64 0 131 4 4
-49 2 0 4 5
-59 0 94 1 6
-60 0 72 4 7
-58 0 110 1 8
-44 -3 36 4 9
-47 0 54 4 10
-33 -3 5 4 11
-38 0 39 4 12
-43 0 76 4 13
-43 0 110 1 14
-44 0 131 1 15
-42 0 145 1 16
-30 -2 31 4 17
-39 0 197 1 18
-29 0 40 4 19
-24 2 73 4 20
-34 0 175 1 21
-30 0 105 1 22
-33 0 163 1 23
-28 0 95 1 24
-28 0 74 4 25
-16 4 12 4 26
-25 0 159 1 27
-23 0 127 1 28
-23 0 141 1 29
-13 -2 50 4 30
-15 -2 89 4 31
-22 0 198 1 32
-24 0 206 1 33
-12 2 30 4 34
-19 0 109 1 35
-19 0 181 1 36
-21 0 219 1 37
-10 0 161 4 38
-13 0 192 1 39
-12 0 142 1 40
-13 0 215 1 41
-9 0 98 4 42
-3 2 125 4 43
2 -3 16 4 44
-2 0 192 4 45
-2 0 176 4 46
-4 0 224 1 47
6 0 49 4 48
2 0 154 4 49
-2 0 239 1 50
5 0 85 4 51
0 0 208 1 52
7 0 137 4 53
11 0 110 4 54
13 -2 162 4 55
17 -2 23 4 56
17 0 61 4 57
15 0 86 4 58
17 2 223 4 59
21 2 57 4 60
22 0 99 4 61
23 0 207 4 62
31 0 83 4 63
30 -2 188 4 64
36 0 26 4 65
37 0 67 4 66
35 0 208 4 67
40 2 198 4 68
42 0 223 4 69
36 0 305 4 70
43 -2 209 4 71
33 0 324 1 72
34 0 350 4 73
47 0 122 4 74
48 3 192 4 75
49 -3 180 4 76
53 -2 140 4 77
53 0 42 4 78
51 2 206 4 79
54 0 60 4 80
49 0 321 4 81
56 0 289 4 82
55 0 301 4 83
62 -2 151 4 84
61 0 316 4 85
60 0 328 4 86
60 0 346 4 87
69 4 171 4 88
69 0 283 4 89
71 0 55 4 90
77 0 268 4 91
75 0 287 4 92
76 0 302 4 93
75 0 319 4 94
78 0 337 4 95
72 0 373 4 96
87 0 276 4 97
88 0 72 4 98
91 0 260 4 99
90 0 304 4 100
88 2 336 4 101
93 2 277 4 102
92 -2 348 4 103
97 0 243 4 104
95 3 313 4 105
101 0 272 4 106
98 -2 288 4 107
101 0 98 4 108
103 -3 328 4 109
105 -3 298 4 110
114 0 211 4 111
112 0 222 4 112
113 0 276 4 113
114 0 118 4 114
116 0 265 4 115
115 0 290 4 116
112 3 312 4 117
119 -2 216 4 118
127 0 140 4 119
123 -2 271 4 120
124 2 291 4 121
134 0 164 4 122
133 0 273 4 123
137 0 187 4 124
134 2 240 4 125
138 0 213 4 126
174 0 85 4 127
178 0 61 4 128
178 0 48 4 129
173 2 60 4 130
178 0 42 4 131
184 0 84 4 132
189 0 57 4 133
191 0 84 4 134
188 0 38 4 135
193 0 59 4 136
186 -3 48 4 137
198 0 89 1 138
195 2 65 4 139
197 -2 43 4 140
203 0 89 4 141
211 0 60 4 142
215 0 77 4 143
216 0 69 4 144
241 0 45 4 145
248 0 79 4 146
234 -2 48 4 147
245 0 81 1 148
260 0 80 4 149
241 2 44 4 150
258 0 74 1 151
265 0 66 4 152
269 0 81 4 153
263 0 34 4 154
269 0 60 4 155
268 0 39 4 156
272 0 86 1 157
272 0 54 4 158
275 0 44 4 159
287 0 81 4 160
309 0 72 4 161
309 0 68 1 162
316 0 73 4 163
318 0 55 4 164
321 0 74 4 165
317 0 53 1 166
330 0 73 4 167
325 0 44 4 168
342 0 71 4 169
334 0 36 4 170
342 0 53 4 171
342 0 63 4 172
345 0 79 4 173
347 0 85 4 174
338 0 47 4 175
348 0 72 4 176
357 0 72 4 177
381 0 67 4 178
381 0 41 4 179
382 0 46 4 180
386 0 78 4 181
388 0 64 1 182
389 0 56 4 183
389 0 35 4 184
394 0 83 4 185
402 0 56 4 186
402 0 33 4 187
407 0 84 4 188
408 0 59 4 189
412 0 50 4 190
417 0 36 4 191
420 0 64 4 192
421 0 82 1 193
423 0 44 4 194
427 0 71 4 195
456 0 39 4 196
465 0 41 1 197
468 0 83 4 198
469 0 94 1 199
470 0 77 1 200
474 0 67 4 201
477 0 35 4 202
478 0 60 1 203
483 0 54 1 204
490 0 38 4 205
393 -11 170 1 206
388 2 166 1 207
375 9 159 1 208
357 7 155 1 209
346 -3 156 1 210
343 -18 157 1 211
348 -29 162 1 212
367 -32 166 1 213
385 -25 168 1 214
417 -8 190 1 215
412 5 185 1 216
405 17 180 1 217
393 27 175 1 218
375 32 168 1 219
353 34 164 1 220
339 30 161 1 221
327 22 161 1 222
318 11 163 1 223
315 -1 164 1 224
306 -15 163 1 225
307 -28 169 1 226
312 -39 176 1 227
312 -47 180 1 228
334 -51 184 1 229
368 -49 190 1 230
383 -44 192 1 231
403 -34 188 1 232
412 -22 190 1 233
423 -5 210 1 234
422 8 205 1 235
417 21 196 1 236
401 33 198 1 237
386 41 185 1 238
368 46 184 1 239
340 47 177 1 240
321 44 175 1 241
311 37 172 1 242
303 27 173 1 243
297 15 172 1 244
298 1 176 1 245
291 -12 179 1 246
287 -26 181 1 247
291 -39 187 1 248
289 -51 191 4 249
299 -59 197 4 250
311 -63 201 4 251
339 -57 206 1 252
380 -52 211 1 253
395 -44 212 1 254
416 -33 207 1 255
423 -19 208 1 256
424 -2 230 1 257
423 11 224 1 258
421 24 216 1 259
405 35 215 1 260
391 45 207 1 261
377 51 203 1 262
358 54 198 1 263
314 57 192 4 264
306 51 188 1 265
296 45 185 1 266
290 35 185 1 267
285 24 185 1 268
283 11 186 1 269
288 -2 190 1 270
281 -16 194 1 271
280 -29 197 1 272
278 -41 201 1 273
282 -53 206 4 274
289 -61 210 4 275
303 -65 216 4 276
332 -60 221 1 277
364 -57 227 1 278
384 -50 231 1 279
398 -41 231 1 280
418 -29 229 1 281
424 -16 231 1 282
418 0 249 4 283
421 14 242 1 284
426 27 231 4 285
402 39 231 1 286
389 49 223 1 287
370 55 219 1 288
336 59 212 1 289
306 63 205 4 290
293 59 202 4 291
282 51 201 4 292
280 39 198 1 293
280 27 201 1 294
279 14 203 1 295
278 0 207 1 296
276 -14 210 1 297
274 -27 212 1 298
275 -39 216 1 299
274 -53 220 4 300
283 -60 224 4 301
298 -63 230 4 302
311 -63 235 4 303
357 -55 241 1 304
380 -49 245 1 305
396 -39 247 1 306
416 -27 248 1 307
419 -14 251 4 308
414 2 262 4 309
416 16 258 4 310
421 29 246 4 311
393 41 244 1 312
379 50 238 1 313
366 57 234 1 314
315 65 224 4 315
299 65 220 4 316
287 61 216 4 317
277 54 215 4 318
278 41 214 1 319
275 29 217 1 320
271 16 218 1 321
276 2 223 1 322
275 -11 225 1 323
272 -24 229 1 324
272 -35 232 1 325
280 -45 237 1 326
284 -53 240 4 327
295 -58 244 4 328
321 -54 253 1 329
351 -51 255 1 330
373 -45 259 1 331
389 -35 261 1 332
411 -24 265 4 333
412 -11 266 4 334
403 5 275 4 335
401 19 270 4 336
395 33 266 4 337
380 44 257 1 338
360 52 250 1 339
324 57 242 1 340
299 63 237 4 341
286 60 233 4 342
276 51 231 4 343
275 39 230 1 344
274 26 235 1 345
271 12 236 1 346
278 -1 243 4 347
277 -15 247 4 348
281 -27 251 4 349
286 -37 257 4 350
295 -44 262 4 351
310 -47 267 4 352
340 -46 271 4 353
361 -41 274 4 354
377 -33 276 4 355
390 -21 276 4 356
398 -8 277 4 357
384 8 285 4 358
382 22 280 4 359
