360
-72 0 108 4 0
-71 0 85 4 1
-47 0 91 1 2
-42 0 72 4 3
-64 0 132 4 4
-12 8 72 4 5
-47 0 118 1 6
-54 0 84 4 7
-51 0 122 1 8
-4 -13 103 4 9
-31 0 81 4 10
1 -13 82 4 11
-18 0 73 4 12
-37 0 87 4 13
-39 0 121 1 14
-41 0 137 1 15
-38 0 148 1 16
-2 -8 89 4 17
-37 0 194 1 18
-15 0 68 4 19
-1 8 117 4 20
-34 0 177 1 21
-25 0 117 1 22
-33 0 164 1 23
-21 0 111 1 24
-22 0 86 4 25
15 16 89 4 26
-22 0 165 1 27
-21 0 135 1 28
-20 0 145 1 29
11 -8 97 4 30
4 -8 126 4 31
-20 0 200 1 32
-29 0 204 1 33
12 8 86 4 34
-14 0 122 1 35
-18 0 181 1 36
-27 0 216 1 37
-3 0 164 4 38
-15 0 192 1 39
-12 0 143 1 40
-15 0 213 1 41
-7 0 104 4 42
11 8 150 4 43
23 -13 85 4 44
7 0 192 4 45
3 0 179 4 46
-5 0 221 1 47
19 0 88 4 48
4 0 155 4 49
-8 0 231 1 50
10 0 97 4 51
-5 0 209 1 52
10 0 141 4 53
17 0 123 4 54
19 -8 170 4 55
32 -8 81 4 56
24 0 79 4 57
16 0 92 4 58
23 8 207 4 59
34 8 99 4 60
24 0 105 4 61
24 0 203 4 62
33 0 96 4 63
30 -8 188 4 64
42 0 60 4 65
41 0 87 4 66
35 0 208 4 67
39 8 196 4 68
44 0 220 4 69
20 0 279 4 70
40 -8 202 4 71
5 0 278 1 72
9 0 303 4 73
47 0 127 4 74
48 13 189 4 75
49 -13 183 4 76
56 -8 146 4 77
56 0 86 4 78
49 8 204 4 79
55 0 84 4 80
31 0 287 4 81
49 0 270 4 82
44 0 277 4 83
64 -8 153 4 84
47 0 291 4 85
42 0 291 4 86
39 0 306 4 87
63 16 177 4 88
67 0 273 4 89
68 0 75 4 90
74 0 259 4 91
68 0 259 4 92
69 0 277 4 93
64 0 286 4 94
64 0 301 4 95
38 0 321 4 96
83 0 269 4 97
85 0 85 4 98
86 0 255 4 99
80 0 272 4 100
72 8 277 4 101
81 8 250 4 102
74 -8 284 4 103
90 0 235 4 104
78 13 258 4 105
99 0 267 4 106
84 -8 256 4 107
90 0 116 4 108
82 -13 266 4 109
87 -13 253 4 110
108 0 209 4 111
103 0 219 4 112
107 0 263 4 113
107 0 125 4 114
114 0 263 4 115
104 0 271 4 116
92 13 261 4 117
106 -8 209 4 118
125 0 142 4 119
103 -8 243 4 120
104 8 253 4 121
132 0 168 4 122
123 0 262 4 123
131 0 187 4 124
114 8 222 4 125
127 0 206 4 126
145 0 108 4 127
154 0 85 4 128
150 0 77 4 129
130 8 102 4 130
145 0 74 4 131
166 0 96 4 132
168 0 77 4 133
175 0 97 4 134
161 0 67 4 135
167 0 83 4 136
131 -13 106 4 137
177 0 110 1 138
148 8 104 4 139
149 -8 92 4 140
170 0 121 4 141
188 0 79 4 142
197 0 93 4 143
193 0 89 4 144
212 0 70 4 145
237 0 89 4 146
174 -8 99 4 147
209 0 111 1 148
251 0 89 4 149
178 8 97 4 150
233 0 101 1 151
242 0 87 4 152
253 0 95 4 153
230 0 64 4 154
240 0 84 4 155
230 0 73 4 156
240 0 111 1 157
236 0 81 4 158
244 0 70 4 159
272 0 95 4 160
289 0 90 4 161
280 0 97 1 162
303 0 85 4 163
297 0 76 4 164
305 0 91 4 165
273 0 91 1 166
314 0 91 4 167
288 0 75 4 168
332 0 84 4 169
298 0 65 4 170
325 0 74 4 171
325 0 86 4 172
336 0 94 4 173
342 0 92 4 174
309 0 77 4 175
333 0 90 4 176
347 0 90 4 177
375 0 82 4 178
365 0 74 4 179
368 0 71 4 180
381 0 93 4 181
376 0 93 1 182
378 0 81 4 183
374 0 71 4 184
390 0 96 4 185
399 0 81 4 186
394 0 64 4 187
406 0 96 4 188
405 0 78 4 189
414 0 79 4 190
417 0 65 4 191
423 0 86 4 192
424 0 105 1 193
429 0 76 4 194
430 0 84 4 195
456 0 73 4 196
461 0 82 1 197
467 0 96 4 198
469 0 115 1 199
470 0 100 1 200
475 0 88 4 201
479 0 65 4 202
480 0 91 1 203
483 0 92 1 204
493 0 72 4 205
392 -6 160 1 206
385 1 160 1 207
374 5 151 1 208
353 3 149 1 209
345 -2 154 1 210
336 -10 150 1 211
329 -16 152 1 212
354 -17 150 1 213
382 -13 150 1 214
427 -4 175 1 215
413 2 167 1 216
406 9 161 1 217
391 14 158 1 218
364 17 149 1 219
328 18 146 1 220
317 16 149 1 221
311 12 154 1 222
306 6 162 1 223
312 0 162 1 224
281 -8 151 1 225
275 -15 161 1 226
269 -21 169 1 227
236 -25 169 1 228
273 -27 174 1 229
353 -26 181 1 230
369 -23 180 1 231
407 -18 163 1 232
419 -11 170 1 233
430 -3 198 1 234
429 4 188 1 235
428 11 172 1 236
395 17 193 1 237
375 22 164 1 238
350 24 173 1 239
292 25 159 1 240
267 23 165 1 241
268 20 160 1 242
272 14 168 1 243
277 8 165 1 244
296 0 174 1 245
273 -6 178 1 246
249 -14 177 1 247
242 -20 180 1 248
206 -34 181 4 249
204 -43 186 4 250
206 -47 187 4 251
262 -30 192 1 252
371 -28 200 1 253
386 -23 197 1 254
435 -17 177 1 255
438 -10 184 1 256
430 -1 223 1 257
430 5 212 1 258
436 12 196 1 259
401 19 206 1 260
379 24 191 1 261
363 27 192 1 262
334 29 189 1 263
219 37 181 4 264
233 27 179 1 265
233 24 174 1 266
247 19 180 1 267
254 12 181 1 268
262 5 181 1 269
290 -1 188 1 270
262 -8 193 1 271
244 -16 191 1 272
219 -22 190 1 273
201 -35 195 4 274
191 -47 193 4 275
203 -48 198 4 276
262 -32 206 1 277
336 -30 214 1 278
372 -27 221 1 279
390 -22 218 1 280
434 -16 209 1 281
438 -8 221 1 282
419 0 249 4 283
432 7 234 1 284
462 14 209 4 285
399 21 221 1 286
380 26 209 1 287
351 29 209 1 288
270 31 200 1 289
204 48 189 4 290
202 43 188 4 291
202 34 192 4 292
225 21 188 1 293
252 14 198 1 294
267 7 200 1 295
271 0 209 1 296
261 -7 209 1 297
241 -14 203 1 298
223 -21 203 1 299
190 -40 204 4 300
184 -46 203 4 301
196 -48 209 4 302
201 -48 214 4 303
325 -29 223 1 304
366 -26 229 1 305
391 -21 234 1 306
434 -14 236 1 307
428 -7 250 4 308
421 1 256 4 309
432 8 254 4 310
459 16 221 4 311
383 22 228 1 312
361 27 221 1 313
348 30 224 1 314
209 48 203 4 315
193 48 201 4 316
190 47 196 4 317
191 40 201 4 318
229 22 202 1 319
242 16 211 1 320
247 8 213 1 321
272 1 224 1 322
266 -5 222 1 323
240 -12 223 1 324
222 -19 220 1 325
220 -24 221 1 326
199 -35 217 4 327
197 -43 220 4 328
249 -29 236 1 329
317 -27 236 1 330
356 -24 240 1 331
381 -19 242 1 332
433 -12 257 4 333
421 -5 263 4 334
409 3 268 4 335
405 10 260 4 336
397 17 258 4 337
369 23 241 1 338
330 28 233 1 339
242 30 219 1 340
194 47 214 4 341
190 46 210 4 342
195 34 213 4 343
222 20 214 1 344
245 14 230 1 345
248 6 229 1 346
274 0 246 4 347
264 -8 248 4 348
257 -14 250 4 349
246 -20 253 4 350
241 -23 256 4 351
254 -25 258 4 352
316 -24 260 4 353
351 -22 262 4 354
374 -17 263 4 355
390 -11 263 4 356
398 -4 270 4 357
384 4 274 4 358
381 11 266 4 359
