360
-72 0 107 4 0
-71 0 85 4 1
-48 0 88 1 2
-43 0 70 4 3
-64 0 132 4 4
-14 7 67 4 5
-47 0 116 1 6
-55 0 84 4 7
-51 0 121 1 8
-7 -12 99 4 9
-32 0 79 4 10
-1 -12 77 4 11
-19 0 71 4 12
-38 0 86 4 13
-39 0 120 1 14
-41 0 136 1 15
-38 0 148 1 16
-4 -7 85 4 17
-37 0 194 1 18
-16 0 66 4 19
-2 7 114 4 20
-34 0 177 1 21
-25 0 116 1 22
-33 0 164 1 23
-21 0 110 1 24
-23 0 85 4 25
13 15 84 4 26
-22 0 164 1 27
-21 0 134 1 28
-20 0 145 1 29
10 -7 94 4 30
3 -7 123 4 31
-20 0 200 1 32
-28 0 204 1 33
10 7 82 4 34
-14 0 121 1 35
-18 0 181 1 36
-26 0 216 1 37
-3 0 164 4 38
-15 0 192 1 39
-12 0 143 1 40
-15 0 213 1 41
-7 0 104 4 42
10 7 149 4 43
22 -12 80 4 44
6 0 192 4 45
3 0 179 4 46
-5 0 221 1 47
18 0 85 4 48
4 0 155 4 49
-8 0 232 1 50
10 0 97 4 51
-5 0 209 1 52
10 0 141 4 53
16 0 122 4 54
19 -7 169 4 55
31 -7 77 4 56
24 0 78 4 57
16 0 92 4 58
23 7 208 4 59
33 7 96 4 60
24 0 104 4 61
24 0 203 4 62
33 0 95 4 63
30 -7 188 4 64
41 0 58 4 65
41 0 86 4 66
35 0 208 4 67
39 7 196 4 68
44 0 220 4 69
21 0 281 4 70
40 -7 203 4 71
7 0 281 1 72
11 0 306 4 73
47 0 127 4 74
48 12 189 4 75
49 -12 183 4 76
56 -7 145 4 77
56 0 83 4 78
49 7 204 4 79
55 0 82 4 80
32 0 289 4 81
49 0 272 4 82
44 0 278 4 83
64 -7 153 4 84
48 0 292 4 85
43 0 294 4 86
41 0 309 4 87
64 15 177 4 88
67 0 274 4 89
69 0 74 4 90
74 0 260 4 91
68 0 261 4 92
69 0 279 4 93
64 0 288 4 94
65 0 304 4 95
41 0 325 4 96
84 0 269 4 97
85 0 84 4 98
86 0 255 4 99
81 0 274 4 100
73 7 281 4 101
82 7 252 4 102
76 -7 288 4 103
90 0 236 4 104
79 12 262 4 105
99 0 267 4 106
85 -7 259 4 107
90 0 115 4 108
84 -12 270 4 109
89 -12 256 4 110
109 0 209 4 111
104 0 219 4 112
108 0 264 4 113
108 0 125 4 114
114 0 263 4 115
104 0 272 4 116
93 12 264 4 117
107 -7 209 4 118
125 0 142 4 119
105 -7 245 4 120
105 7 256 4 121
132 0 168 4 122
124 0 262 4 123
132 0 187 4 124
116 7 223 4 125
128 0 206 4 126
147 0 107 4 127
156 0 83 4 128
152 0 75 4 129
133 7 99 4 130
147 0 72 4 131
168 0 96 4 132
170 0 75 4 133
176 0 96 4 134
163 0 65 4 135
169 0 82 4 136
135 -12 102 4 137
179 0 108 1 138
151 7 101 4 139
152 -7 89 4 140
172 0 118 4 141
190 0 77 4 142
198 0 92 4 143
194 0 87 4 144
214 0 69 4 145
238 0 88 4 146
179 -7 95 4 147
212 0 109 1 148
252 0 88 4 149
183 7 93 4 150
235 0 99 1 151
243 0 85 4 152
254 0 94 4 153
232 0 62 4 154
242 0 82 4 155
232 0 71 4 156
243 0 110 1 157
239 0 79 4 158
246 0 68 4 159
273 0 94 4 160
290 0 89 4 161
282 0 95 1 162
304 0 85 4 163
298 0 74 4 164
306 0 90 4 165
276 0 88 1 166
315 0 90 4 167
291 0 73 4 168
333 0 83 4 169
300 0 63 4 170
326 0 73 4 171
326 0 84 4 172
337 0 93 4 173
342 0 91 4 174
311 0 75 4 175
334 0 89 4 176
348 0 89 4 177
376 0 81 4 178
366 0 72 4 179
369 0 69 4 180
381 0 92 4 181
377 0 91 1 182
379 0 80 4 183
375 0 68 4 184
390 0 95 4 185
399 0 80 4 186
395 0 62 4 187
406 0 96 4 188
405 0 76 4 189
414 0 77 4 190
417 0 63 4 191
423 0 85 4 192
424 0 104 1 193
428 0 73 4 194
430 0 83 4 195
456 0 71 4 196
461 0 79 1 197
467 0 95 4 198
469 0 114 1 199
470 0 99 1 200
475 0 86 4 201
479 0 63 4 202
480 0 89 1 203
483 0 90 1 204
493 0 70 4 205
392 -6 161 1 206
386 1 161 1 207
374 5 152 1 208
354 4 149 1 209
345 -2 154 1 210
337 -10 151 1 211
331 -17 152 1 212
355 -18 151 1 213
382 -14 151 1 214
426 -4 176 1 215
413 3 169 1 216
406 10 162 1 217
391 15 159 1 218
365 18 150 1 219
330 19 148 1 220
318 17 150 1 221
312 13 155 1 222
307 6 162 1 223
312 0 162 1 224
283 -8 152 1 225
277 -16 161 1 226
272 -22 170 1 227
242 -27 170 1 228
277 -29 175 1 229
354 -28 182 1 230
370 -25 181 1 231
406 -19 165 1 232
419 -12 171 1 233
429 -3 199 1 234
429 4 189 1 235
427 12 174 1 236
395 18 194 1 237
375 23 166 1 238
351 26 174 1 239
295 26 160 1 240
270 25 166 1 241
271 21 160 1 242
274 15 168 1 243
278 8 165 1 244
296 0 175 1 245
275 -7 178 1 246
251 -15 177 1 247
246 -22 180 1 248
212 -35 181 4 249
211 -44 186 4 250
214 -48 188 4 251
268 -32 193 1 252
371 -29 200 1 253
386 -25 198 1 254
434 -18 179 1 255
437 -11 186 1 256
430 -1 223 1 257
429 6 213 1 258
435 13 197 1 259
401 20 207 1 260
380 25 192 1 261
364 29 193 1 262
336 31 189 1 263
225 38 182 4 264
238 29 180 1 265
238 25 175 1 266
250 20 180 1 267
256 13 181 1 268
264 6 181 1 269
290 -1 188 1 270
263 -9 193 1 271
247 -16 192 1 272
222 -23 191 1 273
207 -36 196 4 274
198 -48 194 4 275
210 -49 200 4 276
267 -34 207 1 277
338 -32 215 1 278
373 -28 222 1 279
390 -23 219 1 280
433 -16 210 1 281
437 -9 221 1 282
419 0 249 4 283
431 8 235 1 284
460 15 210 4 285
399 22 221 1 286
380 27 210 1 287
352 31 210 1 288
275 33 201 1 289
211 49 190 4 290
208 44 189 4 291
207 35 192 4 292
229 22 189 1 293
254 15 198 1 294
268 8 200 1 295
272 0 209 1 296
262 -8 209 1 297
244 -15 204 1 298
226 -22 203 1 299
196 -40 205 4 300
191 -47 205 4 301
204 -49 210 4 302
208 -49 215 4 303
327 -31 224 1 304
367 -27 230 1 305
391 -22 235 1 306
433 -15 237 1 307
428 -8 250 4 308
421 1 256 4 309
431 9 254 4 310
456 16 223 4 311
384 23 229 1 312
362 28 223 1 313
350 32 224 1 314
217 49 205 4 315
200 49 202 4 316
197 48 198 4 317
197 41 202 4 318
233 23 203 1 319
244 16 211 1 320
249 9 214 1 321
272 1 224 1 322
266 -6 222 1 323
243 -13 224 1 324
225 -20 220 1 325
223 -25 222 1 326
205 -37 219 4 327
204 -44 222 4 328
254 -31 237 1 329
319 -29 237 1 330
358 -25 241 1 331
382 -20 244 1 332
432 -13 258 4 333
420 -6 263 4 334
408 3 269 4 335
405 11 261 4 336
397 18 258 4 337
370 25 243 1 338
332 29 234 1 339
248 32 220 1 340
202 48 216 4 341
197 47 211 4 342
201 35 214 4 343
226 22 215 1 344
247 15 230 1 345
250 7 229 1 346
274 0 245 4 347
265 -8 248 4 348
259 -15 250 4 349
249 -21 253 4 350
245 -25 256 4 351
258 -26 259 4 352
318 -26 261 4 353
352 -23 263 4 354
374 -18 264 4 355
390 -12 264 4 356
398 -4 270 4 357
384 4 275 4 358
381 12 267 4 359
