360
-75 0 101 4 0
-74 0 79 4 1
-55 0 73 1 2
-50 0 55 4 3
-64 0 132 4 4
-30 5 36 4 5
-53 0 106 1 6
-57 0 78 4 7
-54 0 116 1 8
-24 -8 70 4 9
-39 0 67 4 10
-16 -8 44 4 11
-28 0 56 4 12
-40 0 81 4 13
-41 0 116 1 14
-42 0 134 1 15
-40 0 147 1 16
-16 -5 60 4 17
-38 0 195 1 18
-22 0 54 4 19
-13 5 95 4 20
-34 0 176 1 21
-28 0 111 1 22
-33 0 163 1 23
-25 0 103 1 24
-25 0 80 4 25
0 10 51 4 26
-24 0 162 1 27
-22 0 131 1 28
-21 0 143 1 29
-1 -5 74 4 30
-5 -5 108 4 31
-21 0 199 1 32
-26 0 205 1 33
0 5 58 4 34
-17 0 116 1 35
-19 0 181 1 36
-24 0 218 1 37
-7 0 162 4 38
-14 0 192 1 39
-12 0 142 1 40
-14 0 214 1 41
-8 0 101 4 42
4 5 138 4 43
13 -8 51 4 44
3 0 192 4 45
1 0 178 4 46
-5 0 222 1 47
12 0 69 4 48
3 0 154 4 49
-5 0 235 1 50
7 0 91 4 51
-2 0 208 1 52
9 0 139 4 53
14 0 117 4 54
16 -5 166 4 55
24 -5 52 4 56
21 0 70 4 57
15 0 89 4 58
20 5 215 4 59
28 5 78 4 60
23 0 102 4 61
24 0 205 4 62
32 0 89 4 63
30 -5 188 4 64
39 0 43 4 65
39 0 77 4 66
35 0 208 4 67
39 5 197 4 68
43 0 221 4 69
28 0 292 4 70
41 -5 206 4 71
19 0 301 1 72
21 0 327 4 73
47 0 125 4 74
48 8 190 4 75
49 -8 181 4 76
54 -5 143 4 77
55 0 64 4 78
50 5 205 4 79
55 0 72 4 80
40 0 304 4 81
52 0 280 4 82
49 0 289 4 83
63 -5 152 4 84
54 0 303 4 85
51 0 310 4 86
50 0 326 4 87
66 10 174 4 88
68 0 278 4 89
70 0 65 4 90
76 0 263 4 91
72 0 273 4 92
72 0 290 4 93
69 0 303 4 94
71 0 319 4 95
55 0 347 4 96
85 0 272 4 97
86 0 79 4 98
88 0 258 4 99
85 0 288 4 100
80 5 306 4 101
87 5 264 4 102
83 -5 316 4 103
94 0 239 4 104
86 8 286 4 105
100 0 270 4 106
91 -5 272 4 107
95 0 107 4 108
92 -8 297 4 109
96 -8 275 4 110
111 0 210 4 111
107 0 220 4 112
110 0 269 4 113
111 0 122 4 114
115 0 264 4 115
109 0 280 4 116
102 8 286 4 117
113 -5 212 4 118
126 0 141 4 119
113 -5 257 4 120
114 5 272 4 121
133 0 166 4 122
128 0 267 4 123
134 0 187 4 124
124 5 231 4 125
133 0 209 4 126
159 0 96 4 127
166 0 73 4 128
164 0 63 4 129
151 5 81 4 130
161 0 58 4 131
175 0 90 4 132
179 0 67 4 133
183 0 91 4 134
174 0 53 4 135
180 0 71 4 136
158 -8 77 4 137
188 0 99 1 138
172 5 85 4 139
173 -5 68 4 140
186 0 105 4 141
200 0 70 4 142
206 0 85 4 143
204 0 79 4 144
226 0 58 4 145
243 0 84 4 146
205 -5 74 4 147
227 0 96 1 148
255 0 85 4 149
210 5 70 4 150
246 0 87 1 151
253 0 76 4 152
261 0 88 4 153
246 0 49 4 154
254 0 72 4 155
249 0 56 4 156
256 0 99 1 157
254 0 67 4 158
259 0 57 4 159
280 0 88 4 160
299 0 81 4 161
294 0 83 1 162
309 0 79 4 163
308 0 66 4 164
313 0 83 4 165
295 0 72 1 166
322 0 82 4 167
307 0 59 4 168
337 0 77 4 169
316 0 51 4 170
333 0 64 4 171
333 0 74 4 172
340 0 87 4 173
344 0 88 4 174
324 0 62 4 175
340 0 81 4 176
352 0 81 4 177
378 0 75 4 178
373 0 57 4 179
375 0 58 4 180
383 0 85 4 181
382 0 79 1 182
384 0 69 4 183
382 0 53 4 184
392 0 89 4 185
401 0 69 4 186
398 0 49 4 187
407 0 90 4 188
406 0 68 4 189
413 0 65 4 190
417 0 51 4 191
422 0 75 4 192
422 0 94 1 193
426 0 60 4 194
429 0 77 4 195
456 0 56 4 196
463 0 62 1 197
467 0 89 4 198
469 0 105 1 199
470 0 88 1 200
474 0 78 4 201
478 0 50 4 202
479 0 76 1 203
483 0 73 1 204
492 0 55 4 205
393 -8 165 1 206
387 1 163 1 207
374 7 155 1 208
355 5 152 1 209
346 -3 155 1 210
339 -14 154 1 211
339 -22 157 1 212
360 -24 158 1 213
384 -19 159 1 214
422 -6 182 1 215
412 4 176 1 216
405 13 170 1 217
392 20 166 1 218
369 25 158 1 219
341 26 155 1 220
328 23 155 1 221
319 17 158 1 222
312 9 162 1 223
313 -1 163 1 224
293 -11 157 1 225
291 -22 165 1 226
290 -30 172 1 227
274 -36 174 1 228
303 -39 180 1 229
360 -38 185 1 230
376 -33 186 1 231
405 -26 176 1 232
416 -17 180 1 233
426 -4 204 1 234
425 6 196 1 235
423 16 184 1 236
398 25 196 1 237
380 31 175 1 238
359 35 179 1 239
316 36 168 1 240
294 33 170 1 241
289 28 166 1 242
287 21 171 1 243
287 11 169 1 244
297 1 175 1 245
282 -9 178 1 246
268 -20 180 1 247
267 -29 183 1 248
247 -42 186 4 249
251 -51 191 4 250
258 -55 194 4 251
300 -44 199 1 252
375 -40 205 1 253
390 -34 205 1 254
426 -25 191 1 255
430 -15 196 1 256
427 -2 226 1 257
426 8 218 1 258
429 18 206 1 259
403 27 211 1 260
385 34 199 1 261
370 39 198 1 262
346 42 193 1 263
266 47 186 4 264
269 39 183 1 265
265 34 180 1 266
268 27 182 1 267
270 18 183 1 268
272 8 184 1 269
289 -2 189 1 270
271 -12 194 1 271
262 -22 194 1 272
248 -31 195 1 273
241 -44 201 4 274
239 -54 202 4 275
252 -56 207 4 276
297 -46 214 1 277
350 -43 220 1 278
378 -38 226 1 279
394 -31 224 1 280
426 -22 219 1 281
431 -12 226 1 282
419 0 249 4 283
427 10 238 1 284
444 21 220 4 285
401 30 226 1 286
384 37 216 1 287
361 42 214 1 288
303 45 206 1 289
254 56 197 4 290
247 51 195 4 291
242 43 196 4 292
253 30 193 1 293
266 21 199 1 294
273 10 201 1 295
275 0 208 1 296
268 -10 209 1 297
258 -21 208 1 298
249 -30 209 1 299
231 -46 212 4 300
233 -53 214 4 301
246 -56 219 4 302
255 -56 224 4 303
341 -42 232 1 304
373 -37 237 1 305
393 -30 241 1 306
425 -21 242 1 307
424 -10 250 4 308
418 2 259 4 309
424 12 256 4 310
440 22 233 4 311
388 31 236 1 312
370 38 230 1 313
357 43 229 1 314
262 56 214 4 315
245 56 210 4 316
238 54 206 4 317
233 47 208 4 318
254 31 208 1 319
258 22 214 1 320
259 12 216 1 321
274 2 223 1 322
270 -8 224 1 323
256 -18 226 1 324
247 -27 226 1 325
249 -34 229 1 326
241 -44 228 4 327
245 -50 232 4 328
285 -42 244 1 329
334 -39 246 1 330
365 -34 249 1 331
385 -27 251 1 332
422 -18 261 4 333
417 -8 264 4 334
406 4 272 4 335
403 15 265 4 336
396 25 262 4 337
374 34 249 1 338
345 40 242 1 339
283 44 230 1 340
246 55 226 4 341
237 53 221 4 342
235 42 222 4 343
248 29 222 1 344
260 20 232 1 345
260 9 232 1 346
276 -1 244 4 347
271 -11 247 4 348
269 -21 251 4 349
266 -28 255 4 350
268 -33 259 4 351
282 -36 262 4 352
328 -35 266 4 353
356 -31 268 4 354
375 -25 269 4 355
390 -16 270 4 356
398 -6 273 4 357
384 6 280 4 358
381 17 273 4 359
