360
-75 0 101 4 0
-74 0 79 4 1
-56 0 72 1 2
-51 0 54 4 3
-64 0 132 4 4
-31 5 35 4 5
-53 0 105 1 6
-57 0 78 4 7
-54 0 116 1 8
-25 -8 68 4 9
-39 0 67 4 10
-17 -8 42 4 11
-28 0 55 4 12
-40 0 81 4 13
-41 0 115 1 14
-42 0 134 1 15
-40 0 147 1 16
-17 -5 59 4 17
-38 0 195 1 18
-23 0 53 4 19
-13 5 94 4 20
-34 0 176 1 21
-28 0 111 1 22
-33 0 163 1 23
-25 0 103 1 24
-25 0 80 4 25
-1 10 49 4 26
-24 0 162 1 27
-22 0 131 1 28
-21 0 143 1 29
-1 -5 73 4 30
-6 -5 107 4 31
-21 0 199 1 32
-26 0 205 1 33
-1 5 57 4 34
-17 0 115 1 35
-19 0 181 1 36
-24 0 218 1 37
-7 0 162 4 38
-14 0 192 1 39
-12 0 142 1 40
-14 0 214 1 41
-8 0 101 4 42
3 5 137 4 43
12 -8 49 4 44
2 0 192 4 45
1 0 178 4 46
-5 0 222 1 47
12 0 68 4 48
3 0 154 4 49
-5 0 235 1 50
7 0 91 4 51
-2 0 208 1 52
9 0 139 4 53
14 0 116 4 54
16 -5 166 4 55
24 -5 51 4 56
21 0 70 4 57
15 0 89 4 58
20 5 215 4 59
27 5 77 4 60
23 0 102 4 61
24 0 205 4 62
32 0 89 4 63
30 -5 188 4 64
39 0 42 4 65
39 0 77 4 66
35 0 208 4 67
39 5 197 4 68
43 0 221 4 69
28 0 293 4 70
41 -5 206 4 71
20 0 302 1 72
22 0 328 4 73
47 0 125 4 74
48 8 190 4 75
49 -8 181 4 76
54 -5 143 4 77
55 0 63 4 78
50 5 205 4 79
55 0 71 4 80
40 0 305 4 81
52 0 280 4 82
50 0 289 4 83
63 -5 152 4 84
54 0 304 4 85
51 0 310 4 86
50 0 327 4 87
66 10 174 4 88
68 0 278 4 89
70 0 65 4 90
76 0 264 4 91
72 0 274 4 92
72 0 290 4 93
70 0 303 4 94
71 0 320 4 95
56 0 348 4 96
85 0 272 4 97
87 0 78 4 98
88 0 258 4 99
85 0 289 4 100
80 5 307 4 101
87 5 264 4 102
84 -5 317 4 103
94 0 239 4 104
87 8 287 4 105
100 0 270 4 106
91 -5 273 4 107
96 0 107 4 108
93 -8 298 4 109
97 -8 276 4 110
111 0 210 4 111
108 0 220 4 112
110 0 270 4 113
111 0 122 4 114
115 0 264 4 115
110 0 281 4 116
102 8 288 4 117
113 -5 212 4 118
126 0 141 4 119
113 -5 258 4 120
114 5 273 4 121
133 0 166 4 122
128 0 268 4 123
134 0 187 4 124
124 5 231 4 125
133 0 209 4 126
160 0 96 4 127
167 0 73 4 128
165 0 62 4 129
152 5 80 4 130
162 0 57 4 131
176 0 90 4 132
179 0 67 4 133
184 0 90 4 134
175 0 52 4 135
181 0 71 4 136
159 -8 76 4 137
188 0 99 1 138
173 5 84 4 139
174 -5 67 4 140
187 0 104 4 141
200 0 69 4 142
206 0 84 4 143
205 0 79 4 144
226 0 57 4 145
243 0 84 4 146
206 -5 72 4 147
227 0 95 1 148
256 0 84 4 149
211 5 69 4 150
246 0 87 1 151
254 0 76 4 152
261 0 88 4 153
247 0 49 4 154
255 0 71 4 155
249 0 55 4 156
257 0 98 1 157
255 0 67 4 158
260 0 57 4 159
280 0 88 4 160
299 0 81 4 161
295 0 82 1 162
310 0 79 4 163
308 0 65 4 164
313 0 82 4 165
296 0 71 1 166
323 0 82 4 167
307 0 59 4 168
337 0 77 4 169
316 0 50 4 170
334 0 63 4 171
334 0 74 4 172
341 0 86 4 173
344 0 88 4 174
324 0 61 4 175
341 0 81 4 176
352 0 81 4 177
378 0 74 4 178
373 0 57 4 179
376 0 58 4 180
383 0 85 4 181
382 0 78 1 182
384 0 68 4 183
382 0 52 4 184
392 0 89 4 185
401 0 68 4 186
398 0 48 4 187
407 0 90 4 188
407 0 68 4 189
413 0 64 4 190
417 0 50 4 191
422 0 75 4 192
422 0 93 1 193
426 0 59 4 194
429 0 77 4 195
456 0 55 4 196
463 0 61 1 197
467 0 89 4 198
469 0 104 1 199
470 0 88 1 200
474 0 77 4 201
478 0 49 4 202
479 0 75 1 203
483 0 72 1 204
492 0 54 4 205
393 -8 165 1 206
387 1 163 1 207
374 7 155 1 208
355 5 152 1 209
346 -3 155 1 210
340 -14 154 1 211
339 -23 157 1 212
360 -25 158 1 213
384 -19 159 1 214
422 -6 182 1 215
412 4 177 1 216
405 13 171 1 217
392 21 167 1 218
370 25 159 1 219
341 26 155 1 220
328 23 155 1 221
319 17 158 1 222
312 9 162 1 223
314 -1 163 1 224
294 -12 157 1 225
292 -22 165 1 226
291 -31 173 1 227
276 -37 175 1 228
305 -39 180 1 229
360 -38 186 1 230
377 -34 186 1 231
405 -27 177 1 232
416 -17 180 1 233
426 -4 205 1 234
425 6 197 1 235
422 16 184 1 236
398 25 196 1 237
381 32 176 1 238
359 35 179 1 239
317 36 168 1 240
295 34 171 1 241
290 29 166 1 242
288 21 171 1 243
287 11 169 1 244
297 1 175 1 245
283 -10 178 1 246
269 -20 180 1 247
268 -30 183 1 248
249 -43 186 4 249
253 -51 191 4 250
260 -55 194 4 251
302 -44 199 1 252
376 -40 206 1 253
390 -34 205 1 254
425 -25 192 1 255
430 -15 197 1 256
427 -2 226 1 257
426 8 218 1 258
428 18 206 1 259
403 27 211 1 260
385 35 199 1 261
370 40 198 1 262
346 42 193 1 263
268 47 187 4 264
271 40 183 1 265
266 35 180 1 266
269 27 182 1 267
270 18 183 1 268
273 8 184 1 269
289 -2 189 1 270
272 -13 194 1 271
263 -23 194 1 272
249 -32 196 1 273
243 -44 201 4 274
241 -54 202 4 275
254 -57 207 4 276
298 -47 214 1 277
350 -44 221 1 278
379 -39 226 1 279
394 -32 225 1 280
426 -23 219 1 281
430 -13 226 1 282
419 0 249 4 283
427 11 238 1 284
443 21 220 4 285
401 30 226 1 286
384 38 216 1 287
361 43 214 1 288
305 46 206 1 289
256 56 197 4 290
249 52 195 4 291
243 43 196 4 292
254 30 193 1 293
266 21 199 1 294
273 11 202 1 295
275 0 208 1 296
269 -11 209 1 297
258 -21 208 1 298
250 -30 209 1 299
233 -46 212 4 300
235 -53 214 4 301
249 -56 220 4 302
257 -56 225 4 303
342 -43 232 1 304
373 -38 237 1 305
394 -30 241 1 306
424 -21 242 1 307
424 -11 250 4 308
418 2 259 4 309
424 13 256 4 310
439 23 234 4 311
389 32 236 1 312
371 39 230 1 313
357 44 229 1 314
264 57 214 4 315
248 57 211 4 316
240 54 206 4 317
235 47 208 4 318
255 32 208 1 319
259 23 214 1 320
260 13 216 1 321
274 2 223 1 322
270 -8 224 1 323
257 -18 226 1 324
248 -27 226 1 325
251 -35 229 1 326
243 -45 229 4 327
247 -51 233 4 328
287 -42 245 1 329
335 -40 246 1 330
365 -35 250 1 331
385 -27 252 1 332
422 -18 261 4 333
416 -8 264 4 334
406 4 272 4 335
403 15 265 4 336
396 25 262 4 337
375 34 250 1 338
346 40 242 1 339
285 44 231 1 340
248 55 226 4 341
239 53 222 4 342
237 43 222 4 343
249 30 222 1 344
260 20 232 1 345
260 10 232 1 346
276 -1 244 4 347
271 -11 247 4 348
270 -21 251 4 349
267 -29 255 4 350
269 -34 259 4 351
283 -36 263 4 352
328 -35 266 4 353
356 -32 268 4 354
375 -25 270 4 355
390 -16 270 4 356
398 -6 274 4 357
384 6 280 4 358
381 17 273 4 359
