360
-69 0 113 4 0
-68 0 90 4 1
-40 0 105 1 2
-36 0 85 4 3
-64 0 133 4 4
3 10 101 4 5
-42 0 127 1 6
-52 0 90 4 7
-48 0 126 1 8
12 -17 129 4 9
-25 0 91 4 10
15 -17 112 4 11
-9 0 86 4 12
-35 0 91 4 13
-38 0 125 1 14
-40 0 139 1 15
-37 0 150 1 16
10 -10 112 4 17
-36 0 192 1 18
-10 0 78 4 19
8 10 134 4 20
-34 0 177 1 21
-23 0 121 1 22
-33 0 164 1 23
-18 0 118 1 24
-20 0 90 4 25
27 21 120 4 26
-21 0 167 1 27
-20 0 138 1 28
-19 0 147 1 29
21 -10 115 4 30
12 -10 140 4 31
-20 0 200 1 32
-30 0 203 1 33
21 10 108 4 34
-12 0 127 1 35
-18 0 181 1 36
-29 0 215 1 37
0 0 165 4 38
-16 0 192 1 39
-12 0 143 1 40
-16 0 212 1 41
-6 0 107 4 42
16 10 160 4 43
32 -17 112 4 44
11 0 192 4 45
5 0 180 4 46
-6 0 220 1 47
24 0 103 4 48
5 0 155 4 49
-11 0 228 1 50
12 0 102 4 51
-7 0 209 1 52
12 0 142 4 53
19 0 128 4 54
22 -10 173 4 55
37 -10 104 4 56
27 0 86 4 57
16 0 95 4 58
26 10 200 4 59
39 10 116 4 60
25 0 107 4 61
25 0 202 4 62
34 0 101 4 63
30 -10 188 4 64
44 0 73 4 65
43 0 96 4 66
35 0 208 4 67
38 10 196 4 68
45 0 219 4 69
13 0 269 4 70
39 -10 200 4 71
-6 0 260 1 72
-1 0 285 4 73
47 0 129 4 74
48 17 188 4 75
49 -17 184 4 76
57 -10 148 4 77
57 0 103 4 78
48 10 203 4 79
56 0 93 4 80
24 0 274 4 81
46 0 263 4 82
39 0 267 4 83
65 -10 154 4 84
42 0 280 4 85
35 0 277 4 86
31 0 291 4 87
61 21 180 4 88
65 0 269 4 89
67 0 84 4 90
73 0 255 4 91
64 0 247 4 92
66 0 267 4 93
59 0 273 4 94
58 0 288 4 95
25 0 300 4 96
82 0 266 4 97
83 0 90 4 98
84 0 253 4 99
76 0 259 4 100
66 10 254 4 101
76 10 240 4 102
68 -10 258 4 103
86 0 232 4 104
71 17 237 4 105
98 0 265 4 106
78 -10 244 4 107
85 0 123 4 108
74 -17 242 4 109
81 -17 235 4 110
106 0 209 4 111
99 0 217 4 112
105 0 258 4 113
105 0 128 4 114
113 0 262 4 115
99 0 263 4 116
83 17 240 4 117
101 -10 206 4 118
124 0 143 4 119
95 -10 231 4 120
96 10 238 4 121
132 0 170 4 122
119 0 257 4 123
129 0 187 4 124
106 10 215 4 125
123 0 203 4 126
134 0 117 4 127
145 0 94 4 128
138 0 89 4 129
113 10 119 4 130
132 0 87 4 131
160 0 102 4 132
161 0 84 4 133
169 0 102 4 134
150 0 78 4 135
157 0 93 4 136
110 -17 128 4 137
169 0 118 1 138
130 10 119 4 139
130 -10 111 4 140
156 0 133 4 141
179 0 86 4 142
190 0 99 4 143
184 0 96 4 144
200 0 80 4 145
233 0 92 4 146
151 -10 119 4 147
195 0 123 1 148
247 0 93 4 149
153 10 117 4 150
223 0 111 1 151
233 0 95 4 152
247 0 101 4 153
218 0 76 4 154
228 0 93 4 155
216 0 86 4 156
228 0 122 1 157
223 0 91 4 158
232 0 80 4 159
267 0 101 4 160
281 0 97 4 161
268 0 108 1 162
298 0 90 4 163
289 0 84 4 164
298 0 98 4 165
256 0 106 1 166
308 0 98 4 167
274 0 87 4 168
328 0 89 4 169
284 0 77 4 170
318 0 83 4 171
318 0 94 4 172
332 0 100 4 173
340 0 94 4 174
298 0 89 4 175
327 0 97 4 176
343 0 97 4 177
373 0 88 4 178
358 0 87 4 179
363 0 81 4 180
379 0 99 4 181
372 0 104 1 182
374 0 92 4 183
368 0 84 4 184
389 0 101 4 185
398 0 92 4 186
391 0 76 4 187
406 0 102 4 188
403 0 85 4 189
414 0 90 4 190
417 0 77 4 191
424 0 95 4 192
425 0 114 1 193
431 0 88 4 194
431 0 89 4 195
456 0 86 4 196
459 0 99 1 197
466 0 101 4 198
469 0 124 1 199
470 0 109 1 200
475 0 96 4 201
480 0 77 4 202
481 0 103 1 203
483 0 108 1 204
494 0 85 4 205
391 -4 157 1 206
384 0 158 1 207
374 3 148 1 208
352 2 146 1 209
345 -1 153 1 210
334 -6 148 1 211
322 -10 147 1 212
348 -11 144 1 213
380 -8 143 1 214
431 -3 169 1 215
413 1 160 1 216
406 6 153 1 217
391 9 151 1 218
360 11 141 1 219
319 12 140 1 220
308 10 144 1 221
305 8 152 1 222
301 4 161 1 223
311 0 161 1 224
271 -5 146 1 225
262 -10 157 1 226
252 -14 167 1 227
207 -16 165 1 228
250 -18 170 1 229
347 -17 178 1 230
364 -15 176 1 231
408 -12 153 1 232
422 -7 162 1 233
432 -2 194 1 234
432 3 182 1 235
432 7 163 1 236
392 11 191 1 237
370 14 155 1 238
343 16 168 1 239
273 16 152 1 240
245 15 161 1 241
251 13 155 1 242
260 9 166 1 243
269 5 162 1 244
295 0 174 1 245
266 -4 177 1 246
234 -9 175 1 247
223 -13 178 1 248
173 -27 177 4 249
167 -37 181 4 250
165 -41 181 4 251
233 -20 186 1 252
367 -18 195 1 253
382 -15 192 1 254
442 -11 165 1 255
444 -7 176 1 256
433 -1 220 1 257
432 3 208 1 258
442 8 188 1 259
399 12 203 1 260
374 15 185 1 261
358 18 188 1 262
325 19 185 1 263
182 29 178 4 264
205 18 175 1 265
210 15 170 1 266
230 12 177 1 267
242 8 180 1 268
254 3 180 1 269
290 -1 187 1 270
254 -5 193 1 271
230 -10 189 1 272
195 -14 186 1 273
169 -28 190 4 274
152 -41 187 4 275
163 -42 192 4 276
235 -21 199 1 277
325 -20 209 1 278
368 -17 218 1 279
386 -14 213 1 280
441 -10 201 1 281
443 -5 216 1 282
419 0 249 4 283
436 5 231 1 284
476 9 200 4 285
397 14 217 1 286
376 17 203 1 287
343 19 206 1 288
244 21 196 1 289
163 42 183 4 290
165 37 183 4 291
170 27 188 4 292
205 14 184 1 293
241 9 196 1 294
263 5 199 1 295
269 0 210 1 296
255 -5 208 1 297
228 -9 200 1 298
203 -14 197 1 299
156 -34 197 4 300
145 -40 195 4 301
156 -42 200 4 302
157 -42 205 4 303
312 -19 215 1 304
360 -17 223 1 305
389 -14 229 1 306
441 -9 232 1 307
432 -5 249 4 308
424 1 253 4 309
438 5 252 4 310
474 10 211 4 311
379 14 222 1 312
354 17 215 1 313
342 20 219 1 314
167 42 195 4 315
150 42 193 4 316
151 41 188 4 317
157 35 195 4 318
211 14 197 1 319
229 10 209 1 320
238 5 211 1 321
271 1 224 1 322
262 -3 221 1 323
228 -8 221 1 324
203 -12 215 1 325
196 -15 215 1 326
166 -28 209 4 327
159 -36 210 4 328
221 -19 230 1 329
303 -18 228 1 330
350 -15 233 1 331
378 -12 235 1 332
442 -8 254 4 333
424 -3 262 4 334
411 2 266 4 335
406 7 256 4 336
398 11 255 4 337
365 15 235 1 338
319 18 227 1 339
211 20 209 1 340
153 41 206 4 341
152 40 201 4 342
163 27 206 4 343
203 13 207 1 344
234 9 228 1 345
239 4 226 1 346
272 0 247 4 347
259 -5 248 4 348
248 -9 250 4 349
230 -13 251 4 350
220 -15 253 4 351
232 -16 255 4 352
307 -16 256 4 353
347 -14 257 4 354
372 -11 258 4 355
390 -7 258 4 356
399 -3 266 4 357
383 3 269 4 358
380 7 260 4 359
