360
-69 0 112 4 0
-69 0 89 4 1
-42 0 102 1 2
-37 0 83 4 3
-64 0 132 4 4
0 10 95 4 5
-43 0 125 1 6
-52 0 89 4 7
-48 0 126 1 8
9 -16 124 4 9
-26 0 89 4 10
12 -16 106 4 11
-11 0 83 4 12
-36 0 90 4 13
-38 0 124 1 14
-40 0 139 1 15
-37 0 150 1 16
7 -10 107 4 17
-36 0 192 1 18
-11 0 76 4 19
7 10 130 4 20
-34 0 177 1 21
-23 0 121 1 22
-33 0 164 1 23
-18 0 117 1 24
-20 0 90 4 25
25 20 114 4 26
-21 0 166 1 27
-20 0 137 1 28
-19 0 147 1 29
19 -10 111 4 30
10 -10 137 4 31
-20 0 200 1 32
-30 0 203 1 33
19 10 103 4 34
-12 0 126 1 35
-18 0 181 1 36
-28 0 215 1 37
0 0 165 4 38
-16 0 192 1 39
-12 0 143 1 40
-16 0 212 1 41
-6 0 106 4 42
15 10 158 4 43
30 -16 106 4 44
10 0 192 4 45
5 0 180 4 46
-6 0 220 1 47
23 0 100 4 48
5 0 155 4 49
-10 0 229 1 50
12 0 101 4 51
-7 0 209 1 52
12 0 142 4 53
19 0 127 4 54
21 -10 173 4 55
36 -10 99 4 56
27 0 85 4 57
16 0 94 4 58
25 10 201 4 59
38 10 113 4 60
25 0 107 4 61
24 0 202 4 62
34 0 100 4 63
30 -10 188 4 64
44 0 71 4 65
43 0 94 4 66
35 0 208 4 67
38 10 196 4 68
45 0 219 4 69
14 0 271 4 70
39 -10 200 4 71
-3 0 263 1 72
1 0 288 4 73
47 0 129 4 74
48 16 188 4 75
49 -16 184 4 76
57 -10 147 4 77
57 0 100 4 78
48 10 203 4 79
55 0 91 4 80
25 0 277 4 81
46 0 264 4 82
40 0 269 4 83
65 -10 154 4 84
43 0 282 4 85
36 0 280 4 86
33 0 294 4 87
62 20 179 4 88
66 0 269 4 89
67 0 82 4 90
73 0 256 4 91
65 0 250 4 92
66 0 269 4 93
60 0 276 4 94
59 0 290 4 95
28 0 305 4 96
82 0 266 4 97
84 0 89 4 98
84 0 253 4 99
77 0 262 4 100
67 10 258 4 101
77 10 242 4 102
69 -10 263 4 103
87 0 232 4 104
73 16 241 4 105
98 0 265 4 106
79 -10 246 4 107
86 0 122 4 108
76 -16 247 4 109
82 -16 239 4 110
107 0 209 4 111
100 0 217 4 112
105 0 259 4 113
105 0 128 4 114
113 0 262 4 115
100 0 265 4 116
85 16 244 4 117
102 -10 206 4 118
124 0 143 4 119
97 -10 234 4 120
97 10 241 4 121
132 0 170 4 122
119 0 258 4 123
129 0 187 4 124
108 10 216 4 125
124 0 203 4 126
136 0 116 4 127
147 0 92 4 128
141 0 87 4 129
117 10 116 4 130
134 0 84 4 131
161 0 101 4 132
162 0 83 4 133
170 0 101 4 134
152 0 76 4 135
159 0 91 4 136
114 -16 124 4 137
170 0 117 1 138
133 10 116 4 139
134 -10 107 4 140
159 0 130 4 141
181 0 84 4 142
191 0 98 4 143
186 0 95 4 144
203 0 78 4 145
234 0 92 4 146
156 -10 115 4 147
198 0 120 1 148
248 0 92 4 149
158 10 113 4 150
225 0 109 1 151
235 0 94 4 152
248 0 100 4 153
220 0 74 4 154
230 0 91 4 155
219 0 83 4 156
230 0 120 1 157
225 0 89 4 158
234 0 78 4 159
268 0 100 4 160
282 0 96 4 161
270 0 106 1 162
299 0 89 4 163
290 0 82 4 164
299 0 97 4 165
259 0 103 1 166
309 0 97 4 167
277 0 85 4 168
329 0 88 4 169
287 0 75 4 170
319 0 81 4 171
320 0 93 4 172
333 0 99 4 173
341 0 94 4 174
300 0 86 4 175
328 0 96 4 176
344 0 96 4 177
374 0 87 4 178
359 0 84 4 179
364 0 79 4 180
379 0 98 4 181
372 0 102 1 182
375 0 90 4 183
369 0 82 4 184
389 0 100 4 185
398 0 90 4 186
392 0 74 4 187
406 0 101 4 188
404 0 84 4 189
414 0 88 4 190
417 0 75 4 191
424 0 93 4 192
425 0 112 1 193
431 0 85 4 194
431 0 88 4 195
456 0 83 4 196
459 0 95 1 197
467 0 100 4 198
469 0 122 1 199
470 0 108 1 200
475 0 94 4 201
479 0 74 4 202
481 0 101 1 203
483 0 105 1 204
494 0 83 4 205
392 -4 157 1 206
385 0 158 1 207
374 3 149 1 208
352 2 147 1 209
345 -1 153 1 210
334 -7 148 1 211
323 -11 148 1 212
350 -12 145 1 213
381 -9 144 1 214
430 -3 170 1 215
413 2 162 1 216
406 6 155 1 217
391 10 153 1 218
361 12 143 1 219
321 13 141 1 220
310 12 145 1 221
306 9 152 1 222
302 4 161 1 223
311 0 161 1 224
273 -6 147 1 225
265 -11 158 1 226
255 -15 167 1 227
214 -18 166 1 228
255 -20 171 1 229
348 -19 179 1 230
365 -17 177 1 231
408 -13 155 1 232
422 -8 163 1 233
432 -2 195 1 234
431 3 183 1 235
431 8 165 1 236
393 12 192 1 237
371 16 157 1 238
344 18 169 1 239
276 18 154 1 240
250 17 162 1 241
255 14 156 1 242
262 10 167 1 243
271 6 163 1 244
295 0 174 1 245
268 -5 177 1 246
237 -10 175 1 247
227 -15 179 1 248
180 -29 178 4 249
175 -38 182 4 250
174 -42 183 4 251
239 -22 188 1 252
368 -20 196 1 253
383 -17 193 1 254
441 -13 167 1 255
443 -7 178 1 256
432 -1 220 1 257
432 4 209 1 258
441 9 190 1 259
399 14 204 1 260
375 17 187 1 261
359 20 189 1 262
327 21 186 1 263
190 31 179 4 264
211 20 176 1 265
215 17 171 1 266
233 14 178 1 267
245 9 180 1 268
256 4 180 1 269
290 -1 187 1 270
256 -6 193 1 271
233 -11 190 1 272
200 -16 187 1 273
176 -29 191 4 274
160 -42 188 4 275
171 -43 193 4 276
241 -23 201 1 277
328 -22 210 1 278
369 -19 218 1 279
387 -16 214 1 280
440 -11 203 1 281
442 -6 217 1 282
419 0 249 4 283
435 5 232 1 284
473 10 202 4 285
398 15 218 1 286
377 19 204 1 287
345 21 206 1 288
250 23 196 1 289
172 43 184 4 290
173 38 184 4 291
176 29 189 4 292
209 15 184 1 293
243 10 196 1 294
264 5 200 1 295
269 0 210 1 296
256 -5 208 1 297
231 -10 201 1 298
208 -15 199 1 299
163 -35 199 4 300
153 -41 197 4 301
165 -43 202 4 302
166 -43 207 4 303
315 -21 217 1 304
361 -19 224 1 305
389 -15 230 1 306
440 -10 233 1 307
431 -5 249 4 308
424 1 254 4 309
437 6 252 4 310
471 11 213 4 311
380 16 223 1 312
356 19 216 1 313
343 22 220 1 314
176 43 196 4 315
159 43 195 4 316
159 42 190 4 317
164 36 196 4 318
215 16 198 1 319
231 11 209 1 320
240 6 212 1 321
271 1 224 1 322
263 -4 221 1 323
231 -9 221 1 324
207 -14 216 1 325
201 -17 216 1 326
173 -30 210 4 327
167 -38 212 4 328
227 -21 231 1 329
306 -20 230 1 330
351 -17 234 1 331
379 -14 237 1 332
440 -9 255 4 333
424 -4 262 4 334
410 2 266 4 335
406 7 257 4 336
398 13 255 4 337
366 17 237 1 338
321 20 228 1 339
218 22 211 1 340
162 42 207 4 341
160 41 203 4 342
170 29 207 4 343
207 15 209 1 344
236 10 228 1 345
241 5 227 1 346
273 0 246 4 347
260 -6 248 4 348
250 -10 250 4 349
233 -14 252 4 350
225 -17 254 4 351
237 -18 256 4 352
309 -18 257 4 353
348 -16 258 4 354
373 -12 259 4 355
390 -8 259 4 356
399 -3 267 4 357
383 3 270 4 358
380 8 261 4 359
