360
-67 0 116 4 0
-67 0 93 4 1
-37 0 113 1 2
-32 0 93 4 3
-64 0 133 4 4
11 11 117 4 5
-39 0 133 1 6
-51 0 92 4 7
-46 0 129 1 8
21 -19 144 4 9
-22 0 97 4 10
23 -19 129 4 11
-5 0 93 4 12
-34 0 94 4 13
-37 0 127 1 14
-40 0 140 1 15
-36 0 151 1 16
16 -11 125 4 17
-35 0 191 1 18
-7 0 85 4 19
14 11 144 4 20
-34 0 178 1 21
-21 0 124 1 22
-33 0 164 1 23
-16 0 122 1 24
-19 0 93 4 25
34 23 137 4 26
-20 0 168 1 27
-19 0 139 1 28
-19 0 148 1 29
26 -11 125 4 30
16 -11 148 4 31
-19 0 201 1 32
-31 0 203 1 33
27 11 120 4 34
-10 0 130 1 35
-18 0 181 1 36
-30 0 214 1 37
2 0 166 4 38
-16 0 192 1 39
-12 0 143 1 40
-17 0 212 1 41
-5 0 108 4 42
19 11 166 4 43
37 -19 127 4 44
13 0 192 4 45
6 0 180 4 46
-6 0 220 1 47
27 0 112 4 48
6 0 155 4 49
-12 0 227 1 50
14 0 105 4 51
-9 0 209 1 52
13 0 143 4 53
20 0 131 4 54
23 -11 175 4 55
41 -11 117 4 56
29 0 90 4 57
16 0 96 4 58
27 11 196 4 59
42 11 126 4 60
25 0 108 4 61
25 0 201 4 62
35 0 104 4 63
30 -11 188 4 64
46 0 81 4 65
44 0 100 4 66
35 0 208 4 67
38 11 195 4 68
45 0 219 4 69
9 0 263 4 70
39 -11 198 4 71
-12 0 249 1 72
-6 0 274 4 73
47 0 130 4 74
48 19 188 4 75
49 -19 185 4 76
58 -11 149 4 77
57 0 113 4 78
47 11 203 4 79
56 0 99 4 80
20 0 267 4 81
44 0 259 4 82
37 0 262 4 83
66 -11 155 4 84
39 0 275 4 85
30 0 268 4 86
26 0 282 4 87
60 23 180 4 88
65 0 266 4 89
66 0 88 4 90
72 0 253 4 91
63 0 241 4 92
64 0 262 4 93
57 0 266 4 94
55 0 280 4 95
17 0 289 4 96
81 0 264 4 97
83 0 93 4 98
83 0 251 4 99
74 0 252 4 100
63 11 240 4 101
74 11 234 4 102
64 -11 244 4 103
85 0 230 4 104
68 19 224 4 105
97 0 263 4 106
75 -11 237 4 107
83 0 128 4 108
70 -19 228 4 109
77 -19 225 4 110
105 0 208 4 111
97 0 216 4 112
104 0 255 4 113
103 0 130 4 114
113 0 262 4 115
97 0 259 4 116
79 19 229 4 117
99 -11 204 4 118
124 0 143 4 119
91 -11 225 4 120
91 11 230 4 121
131 0 171 4 122
116 0 255 4 123
128 0 187 4 124
102 11 210 4 125
120 0 201 4 126
128 0 123 4 127
139 0 99 4 128
132 0 96 4 129
104 11 129 4 130
124 0 94 4 131
156 0 104 4 132
156 0 89 4 133
165 0 105 4 134
144 0 84 4 135
151 0 98 4 136
98 -19 141 4 137
164 0 123 1 138
119 11 128 4 139
119 -11 122 4 140
149 0 140 4 141
174 0 90 4 142
186 0 103 4 143
179 0 101 4 144
193 0 86 4 145
230 0 94 4 146
137 -11 130 4 147
186 0 129 1 148
245 0 95 4 149
139 11 129 4 150
219 0 117 1 151
228 0 100 4 152
244 0 104 4 153
211 0 83 4 154
221 0 99 4 155
207 0 93 4 156
221 0 127 1 157
216 0 97 4 158
225 0 86 4 159
263 0 104 4 160
276 0 102 4 161
261 0 114 1 162
295 0 93 4 163
284 0 88 4 164
294 0 102 4 165
246 0 114 1 166
304 0 102 4 167
265 0 94 4 168
326 0 92 4 169
276 0 84 4 170
314 0 88 4 171
315 0 99 4 172
330 0 103 4 173
339 0 96 4 174
291 0 95 4 175
324 0 102 4 176
341 0 102 4 177
372 0 91 4 178
354 0 94 4 179
360 0 86 4 180
378 0 103 4 181
369 0 110 1 182
371 0 97 4 183
364 0 92 4 184
388 0 104 4 185
397 0 97 4 186
389 0 83 4 187
406 0 104 4 188
403 0 89 4 189
415 0 96 4 190
417 0 84 4 191
424 0 100 4 192
426 0 119 1 193
432 0 95 4 194
432 0 92 4 195
456 0 93 4 196
458 0 108 1 197
466 0 104 4 198
469 0 129 1 199
470 0 115 1 200
475 0 100 4 201
480 0 83 4 202
481 0 110 1 203
483 0 116 1 204
494 0 93 4 205
391 -2 155 1 206
384 0 157 1 207
374 2 147 1 208
351 1 145 1 209
345 -1 153 1 210
332 -4 146 1 211
318 -7 145 1 212
346 -8 140 1 213
380 -6 139 1 214
433 -2 166 1 215
413 1 156 1 216
406 4 149 1 217
390 6 148 1 218
357 8 137 1 219
313 8 136 1 220
303 7 141 1 221
301 5 150 1 222
299 2 161 1 223
310 0 161 1 224
266 -3 143 1 225
255 -7 155 1 226
242 -10 165 1 227
191 -11 162 1 228
236 -12 168 1 229
344 -12 176 1 230
361 -11 173 1 231
409 -8 147 1 232
424 -5 157 1 233
434 -1 191 1 234
434 2 179 1 235
435 5 157 1 236
391 8 190 1 237
368 10 150 1 238
338 11 166 1 239
262 11 148 1 240
233 11 159 1 241
242 9 152 1 242
253 6 165 1 243
264 3 160 1 244
294 0 173 1 245
262 -3 176 1 246
225 -6 173 1 247
214 -9 177 1 248
155 -24 175 4 249
146 -33 180 4 250
141 -38 179 4 251
217 -14 183 1 252
365 -13 193 1 253
380 -11 188 1 254
446 -8 158 1 255
447 -5 170 1 256
434 0 218 1 257
434 2 205 1 258
445 6 183 1 259
398 8 201 1 260
371 11 182 1 261
355 12 186 1 262
320 13 183 1 263
161 25 175 4 264
188 12 173 1 265
196 11 168 1 266
220 8 176 1 267
235 6 179 1 268
250 2 178 1 269
291 0 187 1 270
250 -4 192 1 271
223 -7 188 1 272
181 -10 183 1 273
151 -24 188 4 274
130 -37 183 4 275
140 -38 188 4 276
220 -15 196 1 277
319 -14 206 1 278
365 -12 216 1 279
384 -10 210 1 280
445 -7 197 1 281
446 -4 214 1 282
419 0 249 4 283
439 3 230 1 284
484 6 195 4 285
396 9 215 1 286
374 12 200 1 287
339 14 204 1 288
229 14 193 1 289
140 38 180 4 290
145 33 180 4 291
152 24 186 4 292
193 9 181 1 293
235 6 195 1 294
260 3 199 1 295
267 0 210 1 296
252 -3 208 1 297
221 -6 198 1 298
192 -9 195 1 299
137 -32 193 4 300
122 -37 190 4 301
134 -38 195 4 302
132 -38 200 4 303
305 -14 211 1 304
357 -12 219 1 305
387 -9 226 1 306
446 -6 229 1 307
434 -3 249 4 308
426 0 252 4 309
441 4 251 4 310
483 7 206 4 311
377 10 218 1 312
350 12 211 1 313
338 14 217 1 314
143 38 190 4 315
127 38 189 4 316
129 37 184 4 317
138 32 192 4 318
200 10 194 1 319
221 7 208 1 320
233 4 210 1 321
270 0 224 1 322
260 -2 220 1 323
221 -6 220 1 324
192 -8 212 1 325
182 -11 212 1 326
147 -24 204 4 327
137 -33 205 4 328
206 -13 226 1 329
295 -12 224 1 330
346 -11 229 1 331
377 -8 231 1 332
447 -6 253 4 333
426 -2 262 4 334
412 1 264 4 335
407 5 254 4 336
398 8 253 4 337
362 11 232 1 338
312 13 223 1 339
193 14 204 1 340
129 38 201 4 341
131 37 196 4 342
145 24 201 4 343
191 9 203 1 344
227 6 226 1 345
234 3 224 1 346
272 0 247 4 347
257 -3 248 4 348
242 -6 249 4 349
221 -9 251 4 350
209 -11 252 4 351
220 -11 253 4 352
302 -11 254 4 353
345 -10 255 4 354
371 -8 255 4 355
390 -5 255 4 356
399 -2 265 4 357
383 2 267 4 358
380 5 256 4 359
