360
-65 0 121 4 0
-65 0 97 4 1
-31 0 126 1 2
-26 0 105 4 3
-64 0 133 4 4
25 13 143 4 5
-35 0 141 1 6
-48 0 97 4 7
-44 0 133 1 8
35 -23 168 4 9
-16 0 107 4 10
35 -23 157 4 11
3 0 105 4 12
-32 0 98 4 13
-35 0 131 1 14
-39 0 142 1 15
-34 0 152 1 16
26 -13 146 4 17
-34 0 190 1 18
-2 0 95 4 19
22 13 160 4 20
-34 0 178 1 21
-19 0 128 1 22
-33 0 164 1 23
-13 0 128 1 24
-16 0 97 4 25
45 27 166 4 26
-19 0 170 1 27
-18 0 142 1 28
-18 0 150 1 29
35 -13 142 4 30
23 -13 161 4 31
-19 0 201 1 32
-33 0 202 1 33
35 13 140 4 34
-8 0 134 1 35
-18 0 181 1 36
-32 0 213 1 37
5 0 167 4 38
-17 0 192 1 39
-12 0 143 1 40
-18 0 211 1 41
-4 0 110 4 42
24 13 175 4 43
45 -23 152 4 44
16 0 192 4 45
8 0 180 4 46
-6 0 219 1 47
32 0 126 4 48
7 0 155 4 49
-14 0 224 1 50
16 0 109 4 51
-11 0 209 1 52
14 0 145 4 53
22 0 135 4 54
25 -13 178 4 55
46 -13 138 4 56
31 0 96 4 57
17 0 98 4 58
29 13 190 4 59
46 13 141 4 60
26 0 110 4 61
25 0 199 4 62
36 0 109 4 63
30 -13 188 4 64
48 0 93 4 65
46 0 108 4 66
35 0 208 4 67
38 13 195 4 68
46 0 218 4 69
3 0 253 4 70
38 -13 196 4 71
-22 0 233 1 72
-15 0 257 4 73
47 0 132 4 74
48 23 187 4 75
49 -23 186 4 76
59 -13 151 4 77
58 0 129 4 78
46 13 202 4 79
56 0 107 4 80
14 0 255 4 81
42 0 252 4 82
33 0 253 4 83
67 -13 156 4 84
34 0 265 4 85
24 0 255 4 86
19 0 268 4 87
58 27 182 4 88
64 0 262 4 89
65 0 96 4 90
71 0 250 4 91
60 0 231 4 92
62 0 253 4 93
53 0 254 4 94
50 0 267 4 95
5 0 270 4 96
80 0 262 4 97
82 0 97 4 98
81 0 249 4 99
70 0 240 4 100
57 13 219 4 101
70 13 224 4 102
58 -13 220 4 103
82 0 227 4 104
62 23 204 4 105
96 0 261 4 106
70 -13 225 4 107
79 0 134 4 108
62 -23 206 4 109
71 -23 209 4 110
103 0 208 4 111
94 0 215 4 112
102 0 251 4 113
101 0 132 4 114
112 0 261 4 115
93 0 252 4 116
71 23 210 4 117
94 -13 202 4 118
123 0 144 4 119
84 -13 215 4 120
84 13 216 4 121
131 0 173 4 122
112 0 251 4 123
126 0 187 4 124
95 13 204 4 125
116 0 199 4 126
118 0 131 4 127
131 0 107 4 128
122 0 106 4 129
88 13 144 4 130
112 0 106 4 131
150 0 109 4 132
149 0 96 4 133
159 0 109 4 134
134 0 94 4 135
141 0 107 4 136
78 -23 162 4 137
156 0 131 1 138
102 13 142 4 139
102 -13 140 4 140
137 0 151 4 141
165 0 96 4 142
180 0 109 4 143
171 0 108 4 144
183 0 95 4 145
226 0 98 4 146
115 -13 148 4 147
173 0 140 1 148
242 0 98 4 149
116 13 148 4 150
210 0 127 1 151
220 0 108 4 152
238 0 109 4 153
199 0 94 4 154
212 0 107 4 155
193 0 105 4 156
210 0 137 1 157
203 0 107 4 158
215 0 95 4 159
258 0 109 4 160
269 0 108 4 161
251 0 124 1 162
291 0 97 4 163
276 0 96 4 164
288 0 108 4 165
230 0 128 1 166
298 0 108 4 167
252 0 106 4 168
322 0 97 4 169
263 0 94 4 170
308 0 96 4 171
309 0 107 4 172
327 0 109 4 173
337 0 98 4 174
281 0 106 4 175
318 0 108 4 176
337 0 108 4 177
370 0 97 4 178
348 0 106 4 179
355 0 95 4 180
376 0 109 4 181
365 0 120 1 182
367 0 107 4 183
358 0 105 4 184
386 0 109 4 185
396 0 107 4 186
386 0 94 4 187
406 0 109 4 188
401 0 96 4 189
415 0 106 4 190
417 0 94 4 191
425 0 108 4 192
427 0 127 1 193
434 0 106 4 194
432 0 97 4 195
456 0 105 4 196
456 0 123 1 197
466 0 109 4 198
469 0 137 1 199
470 0 123 1 200
475 0 108 4 201
481 0 94 4 202
482 0 121 1 203
483 0 131 1 204
495 0 105 4 205
391 0 151 1 206
383 0 155 1 207
374 0 144 1 208
350 0 143 1 209
345 0 152 1 210
330 -1 144 1 211
311 -2 141 1 212
341 -2 134 1 213
378 -2 133 1 214
437 0 160 1 215
413 0 150 1 216
406 1 142 1 217
390 2 142 1 218
353 2 130 1 219
304 2 130 1 220
295 2 137 1 221
295 1 148 1 222
295 0 161 1 223
309 0 160 1 224
257 -1 139 1 225
243 -2 152 1 226
226 -3 163 1 227
163 -3 158 1 228
215 -4 163 1 229
338 -4 173 1 230
356 -3 169 1 231
411 -2 137 1 232
426 -1 149 1 233
436 0 187 1 234
436 0 173 1 235
439 1 148 1 236
389 2 188 1 237
364 3 142 1 238
332 3 162 1 239
244 3 142 1 240
214 3 155 1 241
226 3 148 1 242
242 2 163 1 243
257 1 158 1 244
293 0 173 1 245
256 -1 176 1 246
212 -2 171 1 247
196 -3 175 1 248
125 -18 171 4 249
112 -27 176 4 250
103 -32 174 4 251
189 -4 179 1 252
361 -4 189 1 253
377 -3 183 1 254
453 -2 147 1 255
453 -1 162 1 256
436 0 216 1 257
436 0 201 1 258
451 2 177 1 259
396 2 198 1 260
367 3 177 1 261
350 4 182 1 262
312 4 180 1 263
127 18 171 4 264
162 4 169 1 265
174 3 164 1 266
205 2 174 1 267
224 2 177 1 268
242 0 176 1 269
291 0 186 1 270
243 -1 192 1 271
211 -2 186 1 272
159 -3 180 1 273
122 -18 184 4 274
94 -32 178 4 275
104 -32 182 4 276
196 -5 190 1 277
309 -4 202 1 278
361 -4 212 1 279
381 -3 205 1 280
451 -2 190 1 281
451 -1 210 1 282
419 0 249 4 283
443 1 227 1 284
497 2 187 4 285
395 3 211 1 286
371 4 195 1 287
332 4 200 1 288
206 4 189 1 289
103 32 174 4 290
111 27 176 4 291
122 18 183 4 292
173 3 178 1 293
225 2 194 1 294
256 1 198 1 295
265 0 211 1 296
246 -1 208 1 297
210 -2 195 1 298
173 -3 190 1 299
107 -27 187 4 300
86 -32 182 4 301
97 -32 187 4 302
92 -32 192 4 303
293 -4 205 1 304
352 -4 213 1 305
385 -3 221 1 306
452 -2 225 1 307
438 -1 249 4 308
428 0 250 4 309
447 1 249 4 310
497 2 197 4 311
373 3 212 1 312
344 4 205 1 313
332 4 213 1 314
105 32 182 4 315
88 32 182 4 316
94 32 178 4 317
107 27 187 4 318
182 3 190 1 319
210 2 206 1 320
224 1 208 1 321
268 0 224 1 322
256 0 219 1 323
211 -2 218 1 324
174 -2 208 1 325
160 -3 206 1 326
116 -18 196 4 327
101 -27 196 4 328
180 -4 220 1 329
283 -4 217 1 330
340 -3 222 1 331
374 -2 225 1 332
455 -2 250 4 333
430 0 261 4 334
414 0 262 4 335
409 1 250 4 336
399 2 250 4 337
358 3 226 1 338
302 4 217 1 339
163 4 196 1 340
91 32 193 4 341
96 32 188 4 342
115 18 195 4 343
172 3 197 1 344
218 2 224 1 345
226 1 222 1 346
270 0 248 4 347
252 -1 248 4 348
234 -2 249 4 349
208 -3 249 4 350
190 -3 250 4 351
201 -3 250 4 352
294 -3 250 4 353
341 -3 251 4 354
370 -2 251 4 355
390 -1 251 4 356
399 0 262 4 357
383 0 263 4 358
380 1 251 4 359
