360
-67 0 117 4 0
-66 0 94 4 1
-36 0 115 1 2
-31 0 95 4 3
-64 0 133 4 4
14 12 122 4 5
-38 0 134 1 6
-50 0 93 4 7
-46 0 130 1 8
23 -20 149 4 9
-21 0 99 4 10
25 -20 134 4 11
-3 0 96 4 12
-34 0 94 4 13
-36 0 128 1 14
-40 0 141 1 15
-35 0 151 1 16
18 -12 129 4 17
-35 0 191 1 18
-6 0 86 4 19
15 12 147 4 20
-34 0 178 1 21
-21 0 125 1 22
-33 0 164 1 23
-15 0 123 1 24
-18 0 94 4 25
36 24 142 4 26
-20 0 168 1 27
-19 0 140 1 28
-19 0 148 1 29
28 -12 128 4 30
17 -12 150 4 31
-19 0 201 1 32
-31 0 202 1 33
28 12 124 4 34
-10 0 131 1 35
-18 0 181 1 36
-30 0 214 1 37
3 0 166 4 38
-17 0 192 1 39
-12 0 143 1 40
-17 0 211 1 41
-5 0 109 4 42
20 12 168 4 43
38 -20 132 4 44
13 0 192 4 45
6 0 180 4 46
-6 0 220 1 47
28 0 114 4 48
6 0 155 4 49
-13 0 226 1 50
14 0 106 4 51
-9 0 209 1 52
13 0 144 4 53
21 0 132 4 54
24 -12 176 4 55
42 -12 121 4 56
29 0 91 4 57
16 0 97 4 58
28 12 195 4 59
43 12 128 4 60
26 0 109 4 61
25 0 200 4 62
35 0 105 4 63
30 -12 188 4 64
46 0 83 4 65
44 0 102 4 66
35 0 208 4 67
38 12 195 4 68
46 0 219 4 69
8 0 261 4 70
39 -12 198 4 71
-13 0 246 1 72
-8 0 271 4 73
47 0 130 4 74
48 20 188 4 75
49 -20 185 4 76
58 -12 149 4 77
57 0 116 4 78
47 12 202 4 79
56 0 100 4 80
19 0 264 4 81
44 0 257 4 82
36 0 260 4 83
66 -12 155 4 84
38 0 273 4 85
29 0 266 4 86
25 0 279 4 87
60 24 181 4 88
65 0 266 4 89
66 0 90 4 90
72 0 253 4 91
62 0 239 4 92
64 0 260 4 93
56 0 264 4 94
54 0 277 4 95
15 0 285 4 96
81 0 264 4 97
83 0 94 4 98
83 0 251 4 99
73 0 250 4 100
62 12 237 4 101
73 12 232 4 102
63 -12 239 4 103
84 0 229 4 104
67 20 221 4 105
97 0 263 4 106
74 -12 235 4 107
82 0 129 4 108
68 -20 224 4 109
76 -20 222 4 110
105 0 208 4 111
97 0 216 4 112
103 0 254 4 113
103 0 130 4 114
112 0 261 4 115
96 0 258 4 116
77 20 225 4 117
98 -12 204 4 118
123 0 144 4 119
90 -12 223 4 120
90 12 227 4 121
131 0 171 4 122
116 0 254 4 123
127 0 187 4 124
101 12 209 4 125
120 0 201 4 126
126 0 124 4 127
138 0 100 4 128
130 0 97 4 129
101 12 131 4 130
122 0 96 4 131
155 0 105 4 132
155 0 90 4 133
164 0 106 4 134
142 0 86 4 135
149 0 100 4 136
94 -20 145 4 137
163 0 124 1 138
116 12 130 4 139
116 -12 125 4 140
147 0 142 4 141
172 0 91 4 142
185 0 104 4 143
177 0 102 4 144
191 0 88 4 145
230 0 95 4 146
133 -12 133 4 147
184 0 131 1 148
245 0 95 4 149
135 12 132 4 150
217 0 119 1 151
226 0 101 4 152
243 0 105 4 153
209 0 85 4 154
220 0 100 4 155
205 0 96 4 156
220 0 129 1 157
213 0 99 4 158
223 0 87 4 159
262 0 105 4 160
275 0 103 4 161
260 0 116 1 162
294 0 94 4 163
283 0 90 4 164
293 0 103 4 165
243 0 117 1 166
303 0 103 4 167
263 0 97 4 168
325 0 93 4 169
273 0 85 4 170
313 0 89 4 171
314 0 101 4 172
330 0 104 4 173
339 0 96 4 174
289 0 97 4 175
323 0 103 4 176
340 0 103 4 177
371 0 92 4 178
353 0 96 4 179
359 0 88 4 180
378 0 104 4 181
368 0 112 1 182
371 0 99 4 183
363 0 95 4 184
387 0 105 4 185
397 0 99 4 186
389 0 85 4 187
406 0 105 4 188
402 0 91 4 189
415 0 98 4 190
417 0 85 4 191
424 0 101 4 192
426 0 121 1 193
433 0 97 4 194
432 0 93 4 195
456 0 96 4 196
458 0 111 1 197
466 0 105 4 198
469 0 130 1 199
470 0 116 1 200
475 0 102 4 201
480 0 85 4 202
482 0 112 1 203
483 0 119 1 204
494 0 95 4 205
391 -2 154 1 206
384 0 156 1 207
374 2 146 1 208
351 1 144 1 209
345 0 152 1 210
332 -4 146 1 211
316 -6 144 1 212
345 -7 139 1 213
379 -5 138 1 214
434 -1 165 1 215
413 1 155 1 216
406 3 148 1 217
390 6 147 1 218
357 7 136 1 219
311 7 135 1 220
302 6 140 1 221
300 5 150 1 222
298 2 161 1 223
310 0 160 1 224
264 -3 142 1 225
253 -6 155 1 226
239 -8 165 1 227
186 -10 162 1 228
232 -11 167 1 229
343 -11 176 1 230
360 -9 172 1 231
410 -7 145 1 232
424 -4 155 1 233
434 -1 190 1 234
434 1 178 1 235
435 4 155 1 236
390 7 190 1 237
367 9 149 1 238
337 10 165 1 239
259 10 147 1 240
229 9 158 1 241
239 8 151 1 242
251 6 165 1 243
263 3 160 1 244
294 0 173 1 245
261 -2 176 1 246
223 -5 173 1 247
211 -8 177 1 248
149 -22 174 4 249
140 -32 179 4 250
135 -37 178 4 251
212 -12 182 1 252
364 -11 192 1 253
380 -9 187 1 254
448 -7 156 1 255
448 -4 169 1 256
434 0 218 1 257
434 2 204 1 258
446 5 182 1 259
398 7 201 1 260
370 9 181 1 261
354 11 185 1 262
319 12 183 1 263
155 24 175 4 264
183 11 172 1 265
192 9 167 1 266
218 7 175 1 267
233 5 179 1 268
248 2 178 1 269
291 0 187 1 270
249 -3 192 1 271
220 -6 187 1 272
177 -9 183 1 273
146 -23 187 4 274
123 -37 182 4 275
134 -37 187 4 276
216 -13 195 1 277
318 -12 205 1 278
364 -11 215 1 279
384 -9 209 1 280
446 -6 196 1 281
447 -3 213 1 282
419 0 249 4 283
439 3 229 1 284
486 6 193 4 285
396 8 214 1 286
374 10 199 1 287
338 12 203 1 288
225 13 192 1 289
133 37 179 4 290
139 32 180 4 291
146 23 186 4 292
189 8 181 1 293
233 6 195 1 294
259 3 199 1 295
267 0 211 1 296
251 -3 208 1 297
220 -6 198 1 298
188 -8 194 1 299
132 -31 192 4 300
116 -36 189 4 301
127 -37 194 4 302
125 -37 199 4 303
303 -12 210 1 304
356 -10 218 1 305
387 -8 225 1 306
447 -6 228 1 307
435 -3 249 4 308
426 0 251 4 309
442 3 251 4 310
485 6 204 4 311
376 9 217 1 312
349 11 210 1 313
337 12 216 1 314
136 37 189 4 315
120 37 188 4 316
123 37 183 4 317
133 31 191 4 318
197 9 193 1 319
220 6 207 1 320
231 3 210 1 321
269 0 224 1 322
259 -2 220 1 323
220 -5 219 1 324
188 -7 211 1 325
178 -9 211 1 326
141 -23 202 4 327
130 -32 203 4 328
202 -12 225 1 329
293 -11 223 1 330
345 -9 227 1 331
376 -7 230 1 332
449 -5 252 4 333
427 -2 262 4 334
413 1 264 4 335
408 4 253 4 336
398 7 252 4 337
362 9 231 1 338
310 11 222 1 339
187 12 203 1 340
123 37 199 4 341
124 36 194 4 342
139 22 200 4 343
187 8 202 1 344
225 5 226 1 345
232 2 224 1 346
271 0 247 4 347
256 -3 248 4 348
241 -6 249 4 349
220 -8 250 4 350
206 -9 251 4 351
217 -10 252 4 352
301 -10 253 4 353
344 -9 254 4 354
371 -7 255 4 355
390 -4 255 4 356
399 -1 264 4 357
383 1 266 4 358
380 4 255 4 359
