360
-67 0 118 4 0
-66 0 94 4 1
-35 0 117 1 2
-30 0 97 4 3
-64 0 133 4 4
15 12 125 4 5
-38 0 135 1 6
-50 0 94 4 7
-46 0 130 1 8
25 -20 152 4 9
-20 0 100 4 10
27 -20 138 4 11
-2 0 97 4 12
-34 0 95 4 13
-36 0 128 1 14
-40 0 141 1 15
-35 0 151 1 16
19 -12 132 4 17
-35 0 191 1 18
-5 0 88 4 19
16 12 149 4 20
-34 0 178 1 21
-21 0 125 1 22
-33 0 164 1 23
-15 0 123 1 24
-18 0 94 4 25
37 24 146 4 26
-20 0 168 1 27
-19 0 140 1 28
-19 0 149 1 29
29 -12 131 4 30
18 -12 152 4 31
-19 0 201 1 32
-32 0 202 1 33
29 12 127 4 34
-10 0 131 1 35
-18 0 181 1 36
-30 0 214 1 37
3 0 166 4 38
-17 0 192 1 39
-12 0 143 1 40
-17 0 211 1 41
-5 0 109 4 42
21 12 169 4 43
39 -20 135 4 44
14 0 192 4 45
6 0 180 4 46
-6 0 220 1 47
29 0 116 4 48
6 0 155 4 49
-13 0 226 1 50
14 0 106 4 51
-9 0 209 1 52
13 0 144 4 53
21 0 132 4 54
24 -12 176 4 55
42 -12 124 4 56
30 0 92 4 57
16 0 97 4 58
28 12 195 4 59
43 12 130 4 60
26 0 109 4 61
25 0 200 4 62
35 0 106 4 63
30 -12 188 4 64
46 0 85 4 65
45 0 103 4 66
35 0 208 4 67
38 12 195 4 68
46 0 219 4 69
8 0 260 4 70
39 -12 197 4 71
-15 0 244 1 72
-9 0 269 4 73
47 0 130 4 74
48 20 188 4 75
49 -20 185 4 76
58 -12 149 4 77
57 0 118 4 78
47 12 202 4 79
56 0 101 4 80
18 0 263 4 81
44 0 257 4 82
35 0 259 4 83
66 -12 155 4 84
37 0 272 4 85
28 0 264 4 86
24 0 278 4 87
60 24 181 4 88
65 0 265 4 89
66 0 91 4 90
72 0 252 4 91
62 0 238 4 92
64 0 259 4 93
55 0 263 4 94
53 0 276 4 95
14 0 283 4 96
81 0 264 4 97
82 0 94 4 98
83 0 251 4 99
73 0 248 4 100
61 12 234 4 101
73 12 231 4 102
62 -12 236 4 103
84 0 229 4 104
66 20 218 4 105
97 0 263 4 106
74 -12 233 4 107
81 0 130 4 108
67 -20 221 4 109
75 -20 220 4 110
105 0 208 4 111
96 0 216 4 112
103 0 254 4 113
102 0 130 4 114
112 0 261 4 115
95 0 257 4 116
76 20 223 4 117
97 -12 204 4 118
123 0 144 4 119
89 -12 222 4 120
89 12 226 4 121
131 0 172 4 122
115 0 253 4 123
127 0 187 4 124
100 12 208 4 125
119 0 201 4 126
125 0 125 4 127
137 0 102 4 128
129 0 99 4 129
99 12 133 4 130
121 0 98 4 131
154 0 106 4 132
154 0 91 4 133
163 0 106 4 134
141 0 87 4 135
148 0 101 4 136
92 -20 148 4 137
162 0 125 1 138
114 12 132 4 139
114 -12 128 4 140
145 0 143 4 141
171 0 92 4 142
184 0 105 4 143
176 0 103 4 144
190 0 89 4 145
229 0 95 4 146
130 -12 136 4 147
182 0 133 1 148
244 0 96 4 149
132 12 135 4 150
216 0 120 1 151
225 0 102 4 152
242 0 105 4 153
207 0 86 4 154
219 0 101 4 155
203 0 97 4 156
218 0 130 1 157
212 0 100 4 158
221 0 89 4 159
262 0 105 4 160
274 0 104 4 161
258 0 117 1 162
294 0 94 4 163
282 0 91 4 164
293 0 104 4 165
241 0 118 1 166
302 0 104 4 167
261 0 98 4 168
325 0 94 4 169
272 0 87 4 170
312 0 90 4 171
313 0 102 4 172
329 0 105 4 173
339 0 97 4 174
288 0 99 4 175
322 0 104 4 176
340 0 104 4 177
371 0 93 4 178
353 0 97 4 179
359 0 89 4 180
378 0 105 4 181
368 0 113 1 182
370 0 100 4 183
362 0 96 4 184
387 0 106 4 185
397 0 100 4 186
388 0 86 4 187
406 0 106 4 188
402 0 91 4 189
415 0 99 4 190
417 0 87 4 191
424 0 102 4 192
426 0 122 1 193
433 0 98 4 194
432 0 94 4 195
456 0 97 4 196
457 0 113 1 197
466 0 106 4 198
469 0 131 1 199
470 0 117 1 200
475 0 103 4 201
480 0 87 4 202
482 0 113 1 203
483 0 121 1 204
494 0 97 4 205
391 -2 154 1 206
384 0 156 1 207
374 1 146 1 208
351 1 144 1 209
345 0 152 1 210
331 -3 145 1 211
316 -5 144 1 212
344 -6 138 1 213
379 -5 137 1 214
434 -1 164 1 215
413 1 154 1 216
406 3 147 1 217
390 5 146 1 218
356 6 135 1 219
310 6 134 1 220
301 6 140 1 221
299 4 149 1 222
298 2 161 1 223
310 0 160 1 224
263 -3 142 1 225
251 -5 154 1 226
237 -7 164 1 227
182 -9 161 1 228
229 -10 166 1 229
342 -9 175 1 230
359 -8 172 1 231
410 -6 144 1 232
424 -4 155 1 233
435 -1 190 1 234
434 1 177 1 235
436 4 154 1 236
390 6 190 1 237
366 8 148 1 238
336 9 164 1 239
256 9 146 1 240
227 8 158 1 241
237 7 151 1 242
250 5 165 1 243
262 3 160 1 244
294 0 173 1 245
260 -2 176 1 246
221 -5 173 1 247
208 -7 176 1 248
145 -22 174 4 249
135 -31 178 4 250
130 -36 178 4 251
208 -11 182 1 252
364 -10 191 1 253
379 -8 187 1 254
449 -6 155 1 255
449 -3 168 1 256
435 0 218 1 257
435 2 204 1 258
447 4 181 1 259
397 7 200 1 260
370 8 180 1 261
353 10 185 1 262
317 10 182 1 263
150 23 174 4 264
180 10 172 1 265
189 8 166 1 266
216 7 175 1 267
232 4 178 1 268
247 2 178 1 269
291 0 186 1 270
248 -3 192 1 271
220 -5 187 1 272
175 -8 182 1 273
142 -22 186 4 274
119 -36 181 4 275
129 -37 186 4 276
213 -12 194 1 277
316 -11 205 1 278
364 -10 215 1 279
383 -8 208 1 280
446 -5 195 1 281
448 -3 213 1 282
419 0 249 4 283
440 2 229 1 284
488 5 192 4 285
396 7 214 1 286
373 9 199 1 287
337 11 203 1 288
222 11 192 1 289
129 36 178 4 290
134 31 179 4 291
143 22 185 4 292
187 7 180 1 293
232 5 195 1 294
259 2 199 1 295
266 0 211 1 296
250 -2 208 1 297
219 -5 197 1 298
186 -7 193 1 299
128 -30 192 4 300
111 -36 188 4 301
122 -36 193 4 302
120 -36 198 4 303
301 -11 209 1 304
356 -9 217 1 305
387 -7 224 1 306
448 -5 228 1 307
435 -2 249 4 308
426 0 251 4 309
443 3 250 4 310
487 5 203 4 311
376 8 216 1 312
348 10 210 1 313
336 11 216 1 314
131 37 188 4 315
115 37 187 4 316
119 36 182 4 317
129 30 191 4 318
195 8 193 1 319
219 5 207 1 320
230 3 210 1 321
269 0 224 1 322
259 -2 220 1 323
219 -4 219 1 324
186 -7 211 1 325
176 -8 210 1 326
137 -22 201 4 327
126 -31 202 4 328
198 -10 224 1 329
291 -10 222 1 330
345 -8 227 1 331
376 -7 229 1 332
450 -4 252 4 333
427 -2 262 4 334
413 1 263 4 335
408 3 253 4 336
399 6 252 4 337
361 8 230 1 338
309 10 221 1 339
184 11 202 1 340
118 36 198 4 341
120 35 193 4 342
136 22 199 4 343
185 7 202 1 344
224 5 226 1 345
231 2 224 1 346
271 0 247 4 347
255 -3 248 4 348
240 -5 249 4 349
218 -7 250 4 350
204 -8 251 4 351
215 -9 252 4 352
299 -9 253 4 353
344 -8 254 4 354
371 -6 254 4 355
390 -4 254 4 356
399 -1 264 4 357
383 1 265 4 358
380 4 255 4 359
