360
-70 0 112 4 0
-69 0 89 4 1
-42 0 101 1 2
-37 0 82 4 3
-64 0 132 4 4
-1 9 93 4 5
-43 0 125 1 6
-53 0 88 4 7
-49 0 125 1 8
8 -16 123 4 9
-27 0 88 4 10
12 -16 104 4 11
-12 0 83 4 12
-36 0 90 4 13
-38 0 124 1 14
-41 0 138 1 15
-37 0 149 1 16
7 -9 106 4 17
-36 0 193 1 18
-11 0 76 4 19
6 9 129 4 20
-34 0 177 1 21
-23 0 120 1 22
-33 0 164 1 23
-18 0 116 1 24
-21 0 89 4 25
24 19 112 4 26
-21 0 166 1 27
-20 0 137 1 28
-20 0 147 1 29
18 -9 110 4 30
10 -9 136 4 31
-20 0 200 1 32
-30 0 203 1 33
19 9 102 4 34
-12 0 126 1 35
-18 0 181 1 36
-28 0 215 1 37
0 0 165 4 38
-16 0 192 1 39
-12 0 143 1 40
-16 0 212 1 41
-6 0 106 4 42
15 9 158 4 43
30 -16 105 4 44
10 0 192 4 45
4 0 179 4 46
-5 0 221 1 47
23 0 99 4 48
5 0 155 4 49
-10 0 229 1 50
12 0 101 4 51
-7 0 209 1 52
11 0 142 4 53
18 0 127 4 54
21 -9 172 4 55
36 -9 98 4 56
27 0 84 4 57
16 0 94 4 58
25 9 202 4 59
38 9 112 4 60
25 0 106 4 61
24 0 202 4 62
34 0 100 4 63
30 -9 188 4 64
44 0 70 4 65
43 0 93 4 66
35 0 208 4 67
39 9 196 4 68
45 0 220 4 69
15 0 271 4 70
40 -9 200 4 71
-3 0 264 1 72
2 0 289 4 73
47 0 128 4 74
48 16 189 4 75
49 -16 184 4 76
57 -9 147 4 77
56 0 99 4 78
48 9 203 4 79
55 0 91 4 80
26 0 277 4 81
47 0 265 4 82
40 0 270 4 83
65 -9 154 4 84
43 0 283 4 85
37 0 281 4 86
33 0 295 4 87
62 19 179 4 88
66 0 270 4 89
67 0 81 4 90
73 0 256 4 91
65 0 250 4 92
67 0 270 4 93
60 0 277 4 94
60 0 291 4 95
29 0 306 4 96
82 0 267 4 97
84 0 89 4 98
85 0 253 4 99
77 0 262 4 100
68 9 260 4 101
78 9 243 4 102
69 -9 265 4 103
87 0 233 4 104
73 16 242 4 105
98 0 265 4 106
80 -9 247 4 107
86 0 121 4 108
76 -16 248 4 109
82 -16 240 4 110
107 0 209 4 111
100 0 218 4 112
106 0 259 4 113
105 0 127 4 114
113 0 262 4 115
100 0 265 4 116
86 16 245 4 117
103 -9 207 4 118
124 0 143 4 119
98 -9 234 4 120
98 9 242 4 121
132 0 170 4 122
120 0 258 4 123
130 0 187 4 124
109 9 217 4 125
124 0 204 4 126
137 0 115 4 127
147 0 91 4 128
141 0 86 4 129
118 9 115 4 130
135 0 84 4 131
161 0 100 4 132
163 0 82 4 133
170 0 101 4 134
153 0 75 4 135
159 0 90 4 136
116 -16 122 4 137
171 0 116 1 138
134 9 115 4 139
135 -9 106 4 140
160 0 130 4 141
181 0 84 4 142
192 0 98 4 143
186 0 94 4 144
203 0 78 4 145
234 0 91 4 146
157 -9 114 4 147
199 0 120 1 148
248 0 92 4 149
160 9 112 4 150
226 0 108 1 151
235 0 93 4 152
249 0 99 4 153
221 0 73 4 154
231 0 91 4 155
220 0 83 4 156
231 0 119 1 157
226 0 88 4 158
235 0 77 4 159
268 0 99 4 160
283 0 95 4 161
271 0 105 1 162
299 0 89 4 163
291 0 82 4 164
300 0 97 4 165
260 0 102 1 166
309 0 96 4 167
278 0 84 4 168
329 0 88 4 169
287 0 74 4 170
320 0 81 4 171
320 0 92 4 172
333 0 99 4 173
341 0 94 4 174
301 0 86 4 175
328 0 95 4 176
344 0 95 4 177
374 0 87 4 178
360 0 83 4 179
365 0 78 4 180
380 0 98 4 181
373 0 101 1 182
375 0 89 4 183
369 0 81 4 184
389 0 100 4 185
398 0 89 4 186
392 0 73 4 187
406 0 100 4 188
404 0 83 4 189
414 0 87 4 190
417 0 74 4 191
423 0 92 4 192
425 0 112 1 193
430 0 85 4 194
431 0 88 4 195
456 0 83 4 196
459 0 94 1 197
467 0 100 4 198
469 0 122 1 199
470 0 107 1 200
475 0 94 4 201
479 0 74 4 202
481 0 100 1 203
483 0 104 1 204
493 0 82 4 205
392 -4 158 1 206
385 1 159 1 207
374 3 149 1 208
352 2 147 1 209
345 -1 153 1 210
334 -7 148 1 211
324 -12 149 1 212
350 -13 145 1 213
381 -10 145 1 214
430 -3 171 1 215
413 2 162 1 216
406 7 155 1 217
391 10 153 1 218
361 13 143 1 219
321 13 141 1 220
310 12 145 1 221
306 9 152 1 222
303 4 161 1 223
311 0 161 1 224
274 -6 147 1 225
265 -11 158 1 226
256 -16 167 1 227
215 -19 166 1 228
256 -20 171 1 229
348 -20 179 1 230
365 -17 177 1 231
408 -13 155 1 232
421 -8 164 1 233
432 -2 195 1 234
431 3 184 1 235
431 8 165 1 236
393 13 192 1 237
371 16 158 1 238
344 18 170 1 239
278 18 154 1 240
251 17 162 1 241
256 15 156 1 242
263 11 167 1 243
271 6 163 1 244
295 0 174 1 245
268 -5 177 1 246
238 -10 175 1 247
228 -15 179 1 248
182 -29 179 4 249
177 -38 182 4 250
176 -43 183 4 251
240 -23 188 1 252
368 -21 196 1 253
383 -17 193 1 254
440 -13 168 1 255
442 -8 178 1 256
432 -1 221 1 257
432 4 209 1 258
441 9 190 1 259
399 14 204 1 260
375 18 187 1 261
359 20 189 1 262
328 22 186 1 263
192 31 179 4 264
212 20 176 1 265
216 18 171 1 266
234 14 178 1 267
245 9 180 1 268
256 4 180 1 269
290 -1 187 1 270
256 -6 193 1 271
234 -12 190 1 272
201 -16 187 1 273
178 -30 192 4 274
162 -42 188 4 275
173 -44 193 4 276
242 -24 201 1 277
328 -23 210 1 278
369 -20 219 1 279
387 -16 214 1 280
439 -12 203 1 281
442 -6 218 1 282
419 0 249 4 283
435 5 232 1 284
472 11 202 4 285
398 15 218 1 286
377 19 205 1 287
345 22 207 1 288
251 23 197 1 289
174 43 184 4 290
175 38 184 4 291
178 29 189 4 292
211 15 185 1 293
244 11 197 1 294
264 5 200 1 295
269 0 210 1 296
257 -5 208 1 297
232 -11 201 1 298
209 -15 199 1 299
165 -36 199 4 300
155 -42 197 4 301
167 -43 202 4 302
169 -43 207 4 303
316 -22 217 1 304
362 -19 224 1 305
389 -15 230 1 306
439 -11 233 1 307
431 -5 250 4 308
423 1 254 4 309
436 6 252 4 310
470 12 214 4 311
380 16 223 1 312
356 20 217 1 313
343 23 221 1 314
178 44 197 4 315
162 44 195 4 316
161 42 191 4 317
166 36 197 4 318
216 16 198 1 319
232 12 209 1 320
240 6 212 1 321
271 1 224 1 322
263 -4 221 1 323
231 -9 221 1 324
208 -14 216 1 325
202 -18 217 1 326
175 -30 211 4 327
169 -38 213 4 328
229 -22 232 1 329
306 -20 230 1 330
352 -18 235 1 331
379 -14 237 1 332
440 -9 255 4 333
424 -4 263 4 334
410 2 266 4 335
406 8 257 4 336
398 13 255 4 337
366 17 237 1 338
322 21 228 1 339
219 23 212 1 340
164 43 208 4 341
162 42 203 4 342
171 29 207 4 343
208 15 209 1 344
237 10 228 1 345
241 5 227 1 346
273 0 246 4 347
261 -6 248 4 348
250 -11 250 4 349
234 -15 252 4 350
226 -17 254 4 351
238 -18 256 4 352
310 -18 257 4 353
348 -16 259 4 354
373 -13 259 4 355
390 -8 260 4 356
399 -3 267 4 357
383 3 271 4 358
380 8 261 4 359
