360
-67 0 117 4 0
-67 0 94 4 1
-36 0 115 1 2
-31 0 95 4 3
-64 0 133 4 4
13 12 121 4 5
-38 0 134 1 6
-50 0 93 4 7
-46 0 130 1 8
23 -20 148 4 9
-21 0 98 4 10
25 -20 133 4 11
-4 0 95 4 12
-34 0 94 4 13
-36 0 127 1 14
-40 0 141 1 15
-35 0 151 1 16
17 -12 128 4 17
-35 0 191 1 18
-6 0 86 4 19
15 12 146 4 20
-34 0 178 1 21
-21 0 125 1 22
-33 0 164 1 23
-15 0 122 1 24
-18 0 94 4 25
35 24 141 4 26
-20 0 168 1 27
-19 0 140 1 28
-19 0 148 1 29
28 -12 128 4 30
17 -12 150 4 31
-19 0 201 1 32
-31 0 202 1 33
28 12 123 4 34
-10 0 130 1 35
-18 0 181 1 36
-30 0 214 1 37
3 0 166 4 38
-17 0 192 1 39
-12 0 143 1 40
-17 0 211 1 41
-5 0 108 4 42
20 12 167 4 43
38 -20 131 4 44
13 0 192 4 45
6 0 180 4 46
-6 0 220 1 47
28 0 114 4 48
6 0 155 4 49
-12 0 226 1 50
14 0 106 4 51
-9 0 209 1 52
13 0 144 4 53
21 0 131 4 54
23 -12 175 4 55
41 -12 120 4 56
29 0 91 4 57
16 0 96 4 58
27 12 196 4 59
42 12 128 4 60
26 0 109 4 61
25 0 200 4 62
35 0 105 4 63
30 -12 188 4 64
46 0 83 4 65
44 0 101 4 66
35 0 208 4 67
38 12 195 4 68
46 0 219 4 69
9 0 261 4 70
39 -12 198 4 71
-13 0 247 1 72
-7 0 272 4 73
47 0 130 4 74
48 20 188 4 75
49 -20 185 4 76
58 -12 149 4 77
57 0 115 4 78
47 12 202 4 79
56 0 100 4 80
19 0 265 4 81
44 0 258 4 82
36 0 260 4 83
66 -12 155 4 84
38 0 273 4 85
30 0 267 4 86
25 0 280 4 87
60 24 180 4 88
65 0 266 4 89
66 0 89 4 90
72 0 253 4 91
62 0 240 4 92
64 0 261 4 93
56 0 265 4 94
54 0 278 4 95
16 0 286 4 96
81 0 264 4 97
83 0 93 4 98
83 0 251 4 99
73 0 250 4 100
62 12 237 4 101
73 12 233 4 102
63 -12 240 4 103
84 0 230 4 104
67 20 222 4 105
97 0 263 4 106
74 -12 235 4 107
82 0 128 4 108
69 -20 225 4 109
76 -20 223 4 110
105 0 208 4 111
97 0 216 4 112
103 0 255 4 113
103 0 130 4 114
112 0 261 4 115
96 0 258 4 116
78 20 226 4 117
98 -12 204 4 118
123 0 144 4 119
90 -12 224 4 120
90 12 228 4 121
131 0 171 4 122
116 0 254 4 123
127 0 187 4 124
101 12 210 4 125
120 0 201 4 126
126 0 124 4 127
138 0 100 4 128
131 0 97 4 129
102 12 131 4 130
123 0 96 4 131
155 0 105 4 132
155 0 90 4 133
164 0 105 4 134
142 0 86 4 135
149 0 100 4 136
95 -20 144 4 137
163 0 124 1 138
117 12 130 4 139
117 -12 125 4 140
147 0 141 4 141
173 0 91 4 142
185 0 104 4 143
178 0 102 4 144
192 0 87 4 145
230 0 95 4 146
134 -12 133 4 147
185 0 131 1 148
245 0 95 4 149
136 12 132 4 150
218 0 118 1 151
227 0 101 4 152
243 0 105 4 153
209 0 85 4 154
220 0 100 4 155
205 0 95 4 156
220 0 129 1 157
214 0 98 4 158
223 0 87 4 159
263 0 105 4 160
275 0 102 4 161
260 0 116 1 162
295 0 94 4 163
283 0 89 4 164
294 0 103 4 165
244 0 116 1 166
303 0 103 4 167
264 0 96 4 168
325 0 93 4 169
274 0 85 4 170
313 0 89 4 171
314 0 100 4 172
330 0 104 4 173
339 0 96 4 174
290 0 97 4 175
323 0 102 4 176
340 0 102 4 177
372 0 92 4 178
354 0 95 4 179
359 0 87 4 180
378 0 104 4 181
368 0 112 1 182
371 0 99 4 183
363 0 94 4 184
387 0 105 4 185
397 0 99 4 186
389 0 84 4 187
406 0 105 4 188
402 0 90 4 189
415 0 98 4 190
417 0 85 4 191
424 0 101 4 192
426 0 120 1 193
433 0 96 4 194
432 0 93 4 195
456 0 95 4 196
458 0 110 1 197
466 0 105 4 198
469 0 130 1 199
470 0 116 1 200
475 0 101 4 201
480 0 85 4 202
482 0 111 1 203
483 0 118 1 204
494 0 95 4 205
391 -2 154 1 206
384 0 156 1 207
374 2 146 1 208
351 1 145 1 209
345 0 153 1 210
332 -4 146 1 211
317 -6 145 1 212
345 -7 139 1 213
379 -5 138 1 214
434 -1 165 1 215
413 1 155 1 216
406 4 148 1 217
390 6 147 1 218
357 7 136 1 219
312 7 135 1 220
302 6 141 1 221
300 5 150 1 222
298 2 161 1 223
310 0 161 1 224
265 -3 143 1 225
253 -6 155 1 226
240 -9 165 1 227
187 -10 162 1 228
233 -11 167 1 229
343 -11 176 1 230
360 -10 173 1 231
409 -7 145 1 232
424 -5 156 1 233
434 -1 190 1 234
434 1 178 1 235
435 4 156 1 236
391 7 190 1 237
367 9 149 1 238
338 10 165 1 239
259 10 147 1 240
230 10 158 1 241
239 8 151 1 242
252 6 165 1 243
263 3 160 1 244
294 0 173 1 245
261 -2 176 1 246
223 -6 173 1 247
211 -8 177 1 248
151 -23 175 4 249
141 -32 179 4 250
136 -37 179 4 251
213 -13 182 1 252
364 -11 192 1 253
380 -10 188 1 254
447 -7 157 1 255
448 -4 169 1 256
434 0 218 1 257
434 2 204 1 258
446 5 182 1 259
398 8 201 1 260
371 10 181 1 261
354 11 186 1 262
319 12 183 1 263
156 24 175 4 264
185 11 172 1 265
193 10 167 1 266
219 8 176 1 267
234 5 179 1 268
249 2 178 1 269
291 0 187 1 270
249 -3 192 1 271
221 -6 187 1 272
178 -9 183 1 273
147 -23 187 4 274
125 -37 182 4 275
135 -38 187 4 276
217 -13 195 1 277
318 -13 206 1 278
364 -11 215 1 279
384 -9 209 1 280
445 -6 196 1 281
447 -3 214 1 282
419 0 249 4 283
439 3 229 1 284
486 6 194 4 285
396 9 214 1 286
374 11 199 1 287
338 12 203 1 288
226 13 192 1 289
135 37 179 4 290
140 32 180 4 291
148 23 186 4 292
190 9 181 1 293
233 6 195 1 294
259 3 199 1 295
267 0 210 1 296
251 -3 208 1 297
220 -6 198 1 298
189 -9 194 1 299
133 -31 193 4 300
117 -36 189 4 301
129 -37 194 4 302
127 -37 199 4 303
303 -12 210 1 304
356 -11 218 1 305
387 -9 225 1 306
446 -6 228 1 307
435 -3 249 4 308
426 0 251 4 309
442 3 251 4 310
485 6 205 4 311
377 9 217 1 312
349 11 211 1 313
337 13 217 1 314
138 38 189 4 315
121 38 188 4 316
125 37 183 4 317
134 31 191 4 318
198 9 194 1 319
220 6 207 1 320
231 3 210 1 321
269 0 224 1 322
259 -2 220 1 323
220 -5 219 1 324
189 -8 212 1 325
179 -10 211 1 326
143 -23 202 4 327
132 -32 204 4 328
203 -12 226 1 329
294 -11 223 1 330
346 -10 228 1 331
376 -8 230 1 332
448 -5 252 4 333
427 -2 262 4 334
412 1 264 4 335
408 4 253 4 336
398 7 252 4 337
362 10 231 1 338
311 11 222 1 339
189 13 203 1 340
124 37 200 4 341
126 36 195 4 342
141 23 201 4 343
188 8 203 1 344
226 6 226 1 345
233 2 224 1 346
271 0 247 4 347
256 -3 248 4 348
241 -6 249 4 349
220 -8 250 4 350
207 -10 252 4 351
218 -10 253 4 352
301 -10 254 4 353
344 -9 254 4 354
371 -7 255 4 355
390 -4 255 4 356
399 -1 264 4 357
383 1 266 4 358
380 5 256 4 359
