360
-66 0 119 4 0
-66 0 95 4 1
-33 0 120 1 2
-29 0 100 4 3
-64 0 133 4 4
19 12 131 4 5
-37 0 137 1 6
-49 0 95 4 7
-45 0 131 1 8
29 -21 157 4 9
-19 0 102 4 10
30 -21 144 4 11
-1 0 100 4 12
-33 0 96 4 13
-36 0 129 1 14
-39 0 141 1 15
-35 0 151 1 16
22 -12 136 4 17
-34 0 191 1 18
-4 0 90 4 19
18 12 152 4 20
-34 0 178 1 21
-20 0 126 1 22
-33 0 164 1 23
-14 0 125 1 24
-17 0 95 4 25
40 25 153 4 26
-20 0 169 1 27
-18 0 141 1 28
-18 0 149 1 29
31 -12 134 4 30
20 -12 155 4 31
-19 0 201 1 32
-32 0 202 1 33
31 12 131 4 34
-9 0 132 1 35
-18 0 181 1 36
-31 0 214 1 37
4 0 166 4 38
-17 0 192 1 39
-12 0 143 1 40
-18 0 211 1 41
-4 0 109 4 42
22 12 171 4 43
41 -21 141 4 44
14 0 192 4 45
7 0 180 4 46
-6 0 219 1 47
30 0 119 4 48
7 0 155 4 49
-13 0 225 1 50
15 0 107 4 51
-10 0 209 1 52
13 0 144 4 53
21 0 133 4 54
24 -12 177 4 55
43 -12 128 4 56
30 0 93 4 57
16 0 97 4 58
28 12 193 4 59
44 12 134 4 60
26 0 109 4 61
25 0 200 4 62
36 0 107 4 63
30 -12 188 4 64
47 0 88 4 65
45 0 104 4 66
35 0 208 4 67
38 12 195 4 68
46 0 218 4 69
6 0 258 4 70
38 -12 197 4 71
-17 0 240 1 72
-11 0 265 4 73
47 0 131 4 74
48 21 187 4 75
49 -21 185 4 76
58 -12 150 4 77
58 0 121 4 78
46 12 202 4 79
56 0 103 4 80
17 0 260 4 81
43 0 255 4 82
34 0 257 4 83
67 -12 156 4 84
36 0 269 4 85
27 0 261 4 86
22 0 274 4 87
59 25 181 4 88
64 0 264 4 89
66 0 92 4 90
72 0 252 4 91
61 0 235 4 92
63 0 257 4 93
54 0 260 4 94
52 0 273 4 95
11 0 279 4 96
81 0 263 4 97
82 0 95 4 98
82 0 250 4 99
72 0 246 4 100
60 12 229 4 101
72 12 229 4 102
60 -12 231 4 103
83 0 228 4 104
64 21 214 4 105
96 0 262 4 106
72 -12 231 4 107
80 0 131 4 108
66 -21 216 4 109
73 -21 216 4 110
104 0 208 4 111
96 0 216 4 112
103 0 253 4 113
102 0 131 4 114
112 0 261 4 115
94 0 255 4 116
75 21 218 4 117
96 -12 203 4 118
123 0 144 4 119
87 -12 219 4 120
87 12 223 4 121
131 0 172 4 122
114 0 252 4 123
127 0 187 4 124
98 12 207 4 125
118 0 200 4 126
122 0 127 4 127
135 0 103 4 128
126 0 101 4 129
95 12 137 4 130
118 0 100 4 131
152 0 107 4 132
152 0 93 4 133
162 0 107 4 134
138 0 90 4 135
146 0 103 4 136
87 -21 153 4 137
160 0 127 1 138
110 12 135 4 139
110 -12 132 4 140
142 0 146 4 141
169 0 93 4 142
183 0 106 4 143
174 0 105 4 144
188 0 91 4 145
228 0 96 4 146
125 -12 140 4 147
179 0 135 1 148
243 0 96 4 149
127 12 139 4 150
214 0 122 1 151
223 0 104 4 152
241 0 107 4 153
205 0 89 4 154
217 0 103 4 155
200 0 100 4 156
216 0 133 1 157
209 0 102 4 158
220 0 91 4 159
261 0 107 4 160
272 0 105 4 161
256 0 120 1 162
293 0 95 4 163
280 0 92 4 164
291 0 106 4 165
238 0 121 1 166
301 0 105 4 167
258 0 101 4 168
324 0 95 4 169
269 0 89 4 170
310 0 92 4 171
311 0 104 4 172
329 0 106 4 173
338 0 97 4 174
286 0 101 4 175
321 0 105 4 176
339 0 105 4 177
371 0 94 4 178
351 0 100 4 179
357 0 91 4 180
377 0 106 4 181
367 0 116 1 182
369 0 103 4 183
361 0 99 4 184
387 0 107 4 185
397 0 103 4 186
388 0 89 4 187
406 0 107 4 188
402 0 93 4 189
415 0 102 4 190
417 0 89 4 191
425 0 104 4 192
426 0 124 1 193
433 0 101 4 194
432 0 95 4 195
456 0 100 4 196
457 0 116 1 197
466 0 107 4 198
469 0 133 1 199
470 0 119 1 200
475 0 104 4 201
480 0 89 4 202
482 0 116 1 203
483 0 124 1 204
495 0 100 4 205
391 -1 153 1 206
383 0 156 1 207
374 1 145 1 208
351 1 144 1 209
345 0 152 1 210
331 -2 145 1 211
314 -4 143 1 212
343 -5 137 1 213
379 -4 136 1 214
435 -1 163 1 215
413 0 153 1 216
406 2 145 1 217
390 4 144 1 218
355 5 133 1 219
308 5 132 1 220
299 4 139 1 221
298 3 149 1 222
297 1 161 1 223
310 0 160 1 224
261 -2 141 1 225
249 -4 153 1 226
233 -6 164 1 227
176 -7 160 1 228
224 -8 165 1 229
341 -8 175 1 230
358 -7 171 1 231
410 -5 142 1 232
425 -3 153 1 233
435 0 189 1 234
435 1 176 1 235
437 3 152 1 236
390 5 189 1 237
365 6 146 1 238
335 7 164 1 239
252 7 145 1 240
222 7 157 1 241
233 6 150 1 242
247 4 164 1 243
260 2 159 1 244
293 0 173 1 245
259 -2 176 1 246
219 -4 172 1 247
204 -6 176 1 248
138 -20 173 4 249
127 -30 177 4 250
121 -35 176 4 251
202 -9 180 1 252
363 -8 190 1 253
379 -7 186 1 254
450 -5 152 1 255
450 -3 166 1 256
435 0 217 1 257
435 1 203 1 258
448 3 180 1 259
397 5 199 1 260
369 7 180 1 261
352 8 184 1 262
316 8 182 1 263
142 21 173 4 264
174 8 171 1 265
184 7 165 1 266
213 5 175 1 267
229 3 178 1 268
246 1 177 1 269
291 0 186 1 270
246 -2 192 1 271
217 -4 187 1 272
169 -6 181 1 273
136 -21 186 4 274
111 -35 180 4 275
121 -35 184 4 276
207 -9 193 1 277
314 -9 204 1 278
363 -8 214 1 279
383 -6 207 1 280
448 -4 193 1 281
449 -2 212 1 282
419 0 249 4 283
441 2 228 1 284
491 4 190 4 285
396 6 213 1 286
373 7 197 1 287
335 8 202 1 288
217 9 191 1 289
120 35 177 4 290
127 30 178 4 291
136 20 185 4 292
182 6 180 1 293
229 4 195 1 294
258 2 198 1 295
266 0 211 1 296
249 -2 208 1 297
216 -4 196 1 298
182 -6 192 1 299
121 -29 190 4 300
103 -34 186 4 301
114 -35 191 4 302
111 -35 196 4 303
299 -8 208 1 304
354 -7 216 1 305
386 -6 223 1 306
449 -4 227 1 307
436 -2 249 4 308
427 0 251 4 309
444 2 250 4 310
490 4 201 4 311
375 6 215 1 312
347 8 208 1 313
334 9 215 1 314
123 35 186 4 315
106 35 185 4 316
110 35 180 4 317
121 29 189 4 318
190 6 192 1 319
216 4 206 1 320
228 2 209 1 321
269 0 224 1 322
258 -1 220 1 323
216 -3 218 1 324
182 -5 210 1 325
171 -7 209 1 326
130 -21 199 4 327
117 -30 200 4 328
192 -8 223 1 329
288 -8 220 1 330
343 -7 225 1 331
375 -5 228 1 332
452 -3 251 4 333
428 -1 261 4 334
413 0 263 4 335
408 3 252 4 336
399 5 251 4 337
360 7 229 1 338
307 8 219 1 339
177 9 200 1 340
109 35 196 4 341
112 34 191 4 342
129 20 198 4 343
181 6 200 1 344
222 4 225 1 345
229 2 223 1 346
271 0 248 4 347
254 -2 248 4 348
238 -4 249 4 349
214 -6 250 4 350
199 -7 251 4 351
210 -7 251 4 352
298 -7 252 4 353
343 -6 253 4 354
371 -5 253 4 355
390 -3 253 4 356
399 -1 263 4 357
383 1 264 4 358
380 3 254 4 359
