360
-66 0 118 4 0
-66 0 95 4 1
-34 0 118 1 2
-30 0 98 4 3
-64 0 133 4 4
17 12 127 4 5
-37 0 136 1 6
-50 0 94 4 7
-45 0 131 1 8
26 -21 154 4 9
-20 0 101 4 10
28 -21 140 4 11
-2 0 98 4 12
-33 0 95 4 13
-36 0 128 1 14
-39 0 141 1 15
-35 0 151 1 16
20 -12 133 4 17
-35 0 191 1 18
-5 0 88 4 19
17 12 150 4 20
-34 0 178 1 21
-21 0 126 1 22
-33 0 164 1 23
-15 0 124 1 24
-18 0 95 4 25
38 25 148 4 26
-20 0 168 1 27
-19 0 141 1 28
-18 0 149 1 29
30 -12 132 4 30
19 -12 153 4 31
-19 0 201 1 32
-32 0 202 1 33
30 12 128 4 34
-10 0 131 1 35
-18 0 181 1 36
-30 0 214 1 37
3 0 166 4 38
-17 0 192 1 39
-12 0 143 1 40
-17 0 211 1 41
-5 0 109 4 42
21 12 169 4 43
40 -21 137 4 44
14 0 192 4 45
7 0 180 4 46
-6 0 219 1 47
29 0 117 4 48
6 0 155 4 49
-13 0 225 1 50
14 0 107 4 51
-9 0 209 1 52
13 0 144 4 53
21 0 132 4 54
24 -12 176 4 55
43 -12 125 4 56
30 0 92 4 57
16 0 97 4 58
28 12 194 4 59
43 12 131 4 60
26 0 109 4 61
25 0 200 4 62
35 0 106 4 63
30 -12 188 4 64
46 0 86 4 65
45 0 103 4 66
35 0 208 4 67
38 12 195 4 68
46 0 218 4 69
7 0 259 4 70
38 -12 197 4 71
-15 0 243 1 72
-10 0 267 4 73
47 0 131 4 74
48 21 187 4 75
49 -21 185 4 76
58 -12 149 4 77
58 0 119 4 78
47 12 202 4 79
56 0 102 4 80
18 0 262 4 81
43 0 256 4 82
35 0 258 4 83
66 -12 155 4 84
37 0 271 4 85
28 0 263 4 86
24 0 276 4 87
60 25 181 4 88
64 0 265 4 89
66 0 91 4 90
72 0 252 4 91
62 0 237 4 92
63 0 258 4 93
55 0 262 4 94
53 0 275 4 95
13 0 281 4 96
81 0 263 4 97
82 0 94 4 98
82 0 251 4 99
72 0 247 4 100
61 12 232 4 101
72 12 230 4 102
61 -12 234 4 103
84 0 229 4 104
65 21 217 4 105
96 0 263 4 106
73 -12 232 4 107
81 0 130 4 108
67 -21 219 4 109
74 -21 219 4 110
105 0 208 4 111
96 0 216 4 112
103 0 254 4 113
102 0 131 4 114
112 0 261 4 115
95 0 256 4 116
76 21 221 4 117
97 -12 203 4 118
123 0 144 4 119
88 -12 221 4 120
89 12 225 4 121
131 0 172 4 122
115 0 253 4 123
127 0 187 4 124
99 12 208 4 125
119 0 200 4 126
124 0 126 4 127
136 0 102 4 128
128 0 100 4 129
98 12 134 4 130
120 0 99 4 131
153 0 106 4 132
153 0 92 4 133
163 0 106 4 134
140 0 88 4 135
147 0 102 4 136
90 -21 149 4 137
161 0 126 1 138
112 12 133 4 139
113 -12 129 4 140
144 0 144 4 141
170 0 92 4 142
184 0 105 4 143
176 0 104 4 144
189 0 89 4 145
229 0 96 4 146
129 -12 137 4 147
181 0 134 1 148
244 0 96 4 149
130 12 136 4 150
215 0 121 1 151
225 0 103 4 152
242 0 106 4 153
206 0 87 4 154
218 0 102 4 155
202 0 98 4 156
217 0 131 1 157
211 0 101 4 158
221 0 89 4 159
261 0 106 4 160
274 0 104 4 161
257 0 118 1 162
294 0 95 4 163
281 0 91 4 164
292 0 105 4 165
240 0 119 1 166
302 0 104 4 167
260 0 99 4 168
324 0 94 4 169
271 0 88 4 170
311 0 91 4 171
312 0 103 4 172
329 0 106 4 173
338 0 97 4 174
287 0 100 4 175
321 0 104 4 176
339 0 104 4 177
371 0 94 4 178
352 0 98 4 179
358 0 90 4 180
377 0 105 4 181
367 0 114 1 182
370 0 101 4 183
362 0 97 4 184
387 0 106 4 185
397 0 101 4 186
388 0 87 4 187
406 0 106 4 188
402 0 92 4 189
415 0 100 4 190
417 0 88 4 191
425 0 103 4 192
426 0 122 1 193
433 0 99 4 194
432 0 94 4 195
456 0 98 4 196
457 0 114 1 197
466 0 106 4 198
469 0 132 1 199
470 0 118 1 200
475 0 103 4 201
480 0 88 4 202
482 0 114 1 203
483 0 122 1 204
495 0 98 4 205
391 -2 153 1 206
384 0 156 1 207
374 1 146 1 208
351 1 144 1 209
345 0 152 1 210
331 -3 145 1 211
315 -5 144 1 212
344 -6 138 1 213
379 -4 137 1 214
435 -1 164 1 215
413 1 154 1 216
406 3 146 1 217
390 5 145 1 218
356 6 134 1 219
310 6 133 1 220
300 5 139 1 221
299 4 149 1 222
297 2 161 1 223
310 0 160 1 224
262 -2 141 1 225
250 -5 154 1 226
236 -7 164 1 227
180 -8 161 1 228
228 -9 166 1 229
341 -9 175 1 230
359 -8 171 1 231
410 -6 143 1 232
425 -4 154 1 233
435 -1 189 1 234
435 1 177 1 235
436 4 153 1 236
390 6 189 1 237
366 7 147 1 238
336 8 164 1 239
255 8 146 1 240
225 8 158 1 241
236 6 150 1 242
249 5 164 1 243
262 2 159 1 244
294 0 173 1 245
260 -2 176 1 246
220 -4 173 1 247
207 -7 176 1 248
143 -21 174 4 249
133 -31 178 4 250
127 -36 177 4 251
206 -10 181 1 252
363 -9 191 1 253
379 -8 186 1 254
449 -6 154 1 255
449 -3 167 1 256
435 0 217 1 257
435 2 203 1 258
448 4 181 1 259
397 6 200 1 260
369 8 180 1 261
353 9 185 1 262
317 10 182 1 263
148 22 174 4 264
178 9 172 1 265
187 8 166 1 266
215 6 175 1 267
231 4 178 1 268
247 2 178 1 269
291 0 186 1 270
247 -3 192 1 271
219 -5 187 1 272
173 -7 182 1 273
140 -22 186 4 274
116 -35 180 4 275
126 -36 185 4 276
211 -11 194 1 277
315 -10 205 1 278
363 -9 214 1 279
383 -7 208 1 280
447 -5 194 1 281
448 -3 213 1 282
419 0 249 4 283
440 2 229 1 284
489 5 192 4 285
396 7 213 1 286
373 9 198 1 287
336 10 202 1 288
220 11 191 1 289
126 36 178 4 290
132 31 179 4 291
140 21 185 4 292
185 7 180 1 293
231 5 195 1 294
258 2 198 1 295
266 0 211 1 296
250 -2 208 1 297
218 -5 197 1 298
184 -7 193 1 299
126 -30 191 4 300
108 -35 187 4 301
119 -36 192 4 302
117 -36 197 4 303
300 -10 209 1 304
355 -9 217 1 305
387 -7 224 1 306
448 -5 227 1 307
436 -2 249 4 308
427 0 251 4 309
443 3 250 4 310
488 5 202 4 311
376 7 216 1 312
348 9 209 1 313
335 10 216 1 314
128 36 187 4 315
111 36 186 4 316
116 35 181 4 317
126 30 190 4 318
193 7 192 1 319
218 5 207 1 320
229 3 209 1 321
269 0 224 1 322
258 -2 220 1 323
218 -4 219 1 324
185 -6 210 1 325
174 -8 210 1 326
135 -22 200 4 327
123 -31 201 4 328
196 -10 224 1 329
290 -9 221 1 330
344 -8 226 1 331
376 -6 229 1 332
450 -4 252 4 333
428 -2 261 4 334
413 1 263 4 335
408 3 252 4 336
399 6 252 4 337
361 8 230 1 338
308 9 220 1 339
181 10 201 1 340
115 36 197 4 341
117 35 193 4 342
133 21 199 4 343
184 7 201 1 344
223 4 226 1 345
231 2 223 1 346
271 0 247 4 347
255 -2 248 4 348
239 -5 249 4 349
217 -6 250 4 350
202 -8 251 4 351
213 -8 252 4 352
299 -8 253 4 353
343 -7 253 4 354
371 -6 254 4 355
390 -4 254 4 356
399 -1 264 4 357
383 1 265 4 358
380 4 254 4 359
