360
-70 0 111 4 0
-69 0 88 4 1
-43 0 100 1 2
-38 0 80 4 3
-64 0 132 4 4
-2 9 90 4 5
-44 0 124 1 6
-53 0 88 4 7
-49 0 125 1 8
6 -16 120 4 9
-27 0 87 4 10
10 -16 101 4 11
-12 0 81 4 12
-36 0 89 4 13
-38 0 123 1 14
-41 0 138 1 15
-37 0 149 1 16
5 -9 104 4 17
-36 0 193 1 18
-12 0 74 4 19
5 9 127 4 20
-34 0 177 1 21
-24 0 120 1 22
-33 0 164 1 23
-19 0 115 1 24
-21 0 89 4 25
23 19 109 4 26
-21 0 166 1 27
-20 0 137 1 28
-20 0 147 1 29
17 -9 108 4 30
9 -9 135 4 31
-20 0 200 1 32
-30 0 203 1 33
18 9 100 4 34
-13 0 125 1 35
-18 0 181 1 36
-28 0 215 1 37
-1 0 165 4 38
-16 0 192 1 39
-12 0 143 1 40
-16 0 212 1 41
-6 0 106 4 42
14 9 157 4 43
29 -16 102 4 44
9 0 192 4 45
4 0 179 4 46
-5 0 221 1 47
22 0 97 4 48
5 0 155 4 49
-10 0 229 1 50
11 0 100 4 51
-6 0 209 1 52
11 0 142 4 53
18 0 126 4 54
21 -9 172 4 55
35 -9 96 4 56
26 0 83 4 57
16 0 94 4 58
25 9 203 4 59
37 9 110 4 60
25 0 106 4 61
24 0 202 4 62
34 0 99 4 63
30 -9 188 4 64
43 0 68 4 65
43 0 93 4 66
35 0 208 4 67
39 9 196 4 68
45 0 220 4 69
16 0 272 4 70
40 -9 201 4 71
-1 0 266 1 72
3 0 291 4 73
47 0 128 4 74
48 16 189 4 75
49 -16 184 4 76
57 -9 147 4 77
56 0 97 4 78
48 9 203 4 79
55 0 90 4 80
27 0 279 4 81
47 0 266 4 82
41 0 271 4 83
65 -9 154 4 84
44 0 284 4 85
37 0 282 4 86
34 0 297 4 87
62 19 179 4 88
66 0 270 4 89
68 0 81 4 90
73 0 257 4 91
66 0 252 4 92
67 0 271 4 93
61 0 278 4 94
60 0 293 4 95
30 0 308 4 96
83 0 267 4 97
84 0 88 4 98
85 0 254 4 99
77 0 264 4 100
68 9 262 4 101
78 9 244 4 102
70 -9 268 4 103
88 0 233 4 104
74 16 245 4 105
98 0 266 4 106
80 -9 248 4 107
87 0 121 4 108
77 -16 251 4 109
83 -16 242 4 110
107 0 209 4 111
101 0 218 4 112
106 0 260 4 113
106 0 127 4 114
113 0 262 4 115
101 0 266 4 116
86 16 248 4 117
103 -9 207 4 118
124 0 143 4 119
98 -9 236 4 120
99 9 244 4 121
132 0 170 4 122
120 0 259 4 123
130 0 187 4 124
109 9 217 4 125
125 0 204 4 126
138 0 114 4 127
148 0 90 4 128
143 0 85 4 129
119 9 113 4 130
137 0 82 4 131
162 0 100 4 132
163 0 82 4 133
171 0 100 4 134
154 0 74 4 135
160 0 89 4 136
118 -16 120 4 137
172 0 115 1 138
136 9 113 4 139
137 -9 104 4 140
161 0 128 4 141
182 0 83 4 142
193 0 97 4 143
187 0 94 4 144
204 0 77 4 145
234 0 91 4 146
160 -9 111 4 147
200 0 118 1 148
249 0 91 4 149
162 9 110 4 150
227 0 107 1 151
236 0 92 4 152
249 0 99 4 153
222 0 72 4 154
232 0 90 4 155
220 0 81 4 156
232 0 118 1 157
228 0 87 4 158
236 0 76 4 159
269 0 99 4 160
284 0 95 4 161
272 0 104 1 162
300 0 88 4 163
292 0 81 4 164
301 0 96 4 165
262 0 100 1 166
310 0 95 4 167
279 0 83 4 168
329 0 87 4 169
289 0 73 4 170
320 0 80 4 171
321 0 91 4 172
334 0 98 4 173
341 0 93 4 174
302 0 84 4 175
329 0 95 4 176
344 0 95 4 177
374 0 86 4 178
361 0 82 4 179
365 0 77 4 180
380 0 97 4 181
373 0 100 1 182
376 0 88 4 183
370 0 79 4 184
389 0 99 4 185
398 0 88 4 186
392 0 72 4 187
406 0 100 4 188
404 0 82 4 189
414 0 86 4 190
417 0 73 4 191
423 0 91 4 192
425 0 111 1 193
430 0 83 4 194
431 0 87 4 195
456 0 81 4 196
459 0 93 1 197
467 0 99 4 198
469 0 121 1 199
470 0 106 1 200
475 0 93 4 201
479 0 72 4 202
481 0 99 1 203
483 0 102 1 204
493 0 80 4 205
392 -4 158 1 206
385 1 159 1 207
374 4 149 1 208
353 3 147 1 209
345 -1 153 1 210
334 -7 149 1 211
325 -12 149 1 212
350 -13 146 1 213
381 -10 146 1 214
429 -3 171 1 215
413 2 163 1 216
406 7 156 1 217
391 11 154 1 218
361 13 144 1 219
322 14 142 1 220
311 12 146 1 221
307 9 153 1 222
303 5 161 1 223
311 0 161 1 224
275 -6 148 1 225
267 -12 158 1 226
258 -16 167 1 227
219 -20 166 1 228
258 -21 172 1 229
349 -21 180 1 230
366 -18 178 1 231
408 -14 156 1 232
421 -9 165 1 233
431 -2 195 1 234
431 3 184 1 235
431 9 166 1 236
393 13 192 1 237
372 17 159 1 238
345 19 170 1 239
280 19 155 1 240
253 18 163 1 241
257 15 157 1 242
264 11 167 1 243
272 6 163 1 244
295 0 174 1 245
269 -5 177 1 246
239 -11 176 1 247
231 -16 179 1 248
186 -30 179 4 249
181 -39 183 4 250
180 -43 183 4 251
244 -24 188 1 252
368 -22 197 1 253
384 -18 194 1 254
440 -13 169 1 255
442 -8 179 1 256
432 -1 221 1 257
431 4 209 1 258
440 10 191 1 259
400 15 204 1 260
376 19 187 1 261
360 21 190 1 262
329 23 187 1 263
196 32 179 4 264
215 21 177 1 265
219 19 172 1 266
236 15 178 1 267
247 10 180 1 268
257 4 180 1 269
290 -1 188 1 270
257 -7 193 1 271
236 -12 190 1 272
204 -17 187 1 273
181 -31 192 4 274
166 -43 189 4 275
178 -44 194 4 276
245 -25 202 1 277
329 -24 211 1 278
369 -21 219 1 279
387 -17 215 1 280
439 -12 204 1 281
441 -7 218 1 282
419 0 249 4 283
435 6 232 1 284
471 11 203 4 285
398 16 218 1 286
378 20 205 1 287
346 23 207 1 288
254 25 197 1 289
178 44 185 4 290
179 39 185 4 291
182 30 190 4 292
213 16 185 1 293
245 11 197 1 294
264 6 200 1 295
270 0 210 1 296
257 -6 208 1 297
233 -11 201 1 298
211 -16 199 1 299
169 -36 200 4 300
159 -42 198 4 301
171 -44 203 4 302
173 -44 208 4 303
317 -23 218 1 304
362 -20 225 1 305
389 -16 231 1 306
439 -11 233 1 307
431 -6 250 4 308
423 1 254 4 309
436 7 253 4 310
469 12 215 4 311
381 17 224 1 312
357 21 217 1 313
344 24 221 1 314
183 44 198 4 315
166 44 196 4 316
166 43 191 4 317
170 37 197 4 318
218 17 199 1 319
233 12 210 1 320
241 7 212 1 321
271 1 224 1 322
263 -4 221 1 323
233 -10 222 1 324
210 -15 217 1 325
205 -19 217 1 326
178 -31 212 4 327
173 -39 214 4 328
232 -23 232 1 329
308 -21 231 1 330
352 -19 235 1 331
379 -15 238 1 332
439 -10 255 4 333
423 -4 263 4 334
410 2 267 4 335
406 8 258 4 336
397 13 256 4 337
366 18 238 1 338
323 22 229 1 339
222 24 213 1 340
168 43 209 4 341
166 42 204 4 342
175 30 208 4 343
210 16 210 1 344
238 11 228 1 345
242 5 227 1 346
273 0 246 4 347
261 -6 248 4 348
251 -11 250 4 349
236 -15 252 4 350
228 -18 254 4 351
240 -19 256 4 352
311 -19 258 4 353
348 -17 259 4 354
373 -13 260 4 355
390 -9 260 4 356
399 -3 268 4 357
383 3 271 4 358
381 9 262 4 359
