360
-65 0 120 4 0
-65 0 97 4 1
-32 0 124 1 2
-27 0 103 4 3
-64 0 133 4 4
23 13 139 4 5
-35 0 140 1 6
-49 0 96 4 7
-44 0 133 1 8
33 -22 165 4 9
-17 0 105 4 10
33 -22 152 4 11
2 0 104 4 12
-33 0 97 4 13
-35 0 130 1 14
-39 0 142 1 15
-34 0 152 1 16
25 -13 143 4 17
-34 0 190 1 18
-3 0 93 4 19
21 13 157 4 20
-34 0 178 1 21
-20 0 128 1 22
-33 0 164 1 23
-13 0 127 1 24
-17 0 97 4 25
43 27 161 4 26
-19 0 169 1 27
-18 0 142 1 28
-18 0 149 1 29
34 -13 139 4 30
22 -13 159 4 31
-19 0 201 1 32
-32 0 202 1 33
34 13 137 4 34
-9 0 133 1 35
-18 0 181 1 36
-31 0 213 1 37
5 0 167 4 38
-17 0 192 1 39
-12 0 143 1 40
-18 0 211 1 41
-4 0 110 4 42
23 13 173 4 43
43 -22 148 4 44
15 0 192 4 45
7 0 180 4 46
-6 0 219 1 47
31 0 123 4 48
7 0 155 4 49
-14 0 224 1 50
15 0 109 4 51
-10 0 209 1 52
14 0 145 4 53
22 0 134 4 54
25 -13 178 4 55
45 -13 135 4 56
31 0 95 4 57
17 0 98 4 58
29 13 191 4 59
45 13 138 4 60
26 0 110 4 61
25 0 199 4 62
36 0 108 4 63
30 -13 188 4 64
47 0 91 4 65
45 0 107 4 66
35 0 208 4 67
38 13 195 4 68
46 0 218 4 69
4 0 255 4 70
38 -13 196 4 71
-20 0 236 1 72
-14 0 260 4 73
47 0 131 4 74
48 22 187 4 75
49 -22 186 4 76
59 -13 150 4 77
58 0 126 4 78
46 13 202 4 79
56 0 106 4 80
15 0 256 4 81
42 0 253 4 82
33 0 254 4 83
67 -13 156 4 84
35 0 267 4 85
25 0 257 4 86
20 0 270 4 87
59 27 182 4 88
64 0 263 4 89
66 0 95 4 90
71 0 251 4 91
60 0 232 4 92
62 0 254 4 93
53 0 256 4 94
51 0 269 4 95
7 0 273 4 96
80 0 262 4 97
82 0 96 4 98
82 0 250 4 99
71 0 242 4 100
58 13 223 4 101
70 13 226 4 102
59 -13 224 4 103
82 0 227 4 104
63 22 208 4 105
96 0 262 4 106
71 -13 227 4 107
79 0 133 4 108
63 -22 209 4 109
72 -22 211 4 110
104 0 208 4 111
95 0 215 4 112
102 0 252 4 113
101 0 132 4 114
112 0 261 4 115
93 0 253 4 116
72 22 213 4 117
95 -13 202 4 118
123 0 144 4 119
85 -13 216 4 120
85 13 219 4 121
131 0 172 4 122
113 0 251 4 123
126 0 187 4 124
96 13 205 4 125
117 0 199 4 126
119 0 130 4 127
132 0 106 4 128
123 0 104 4 129
91 13 141 4 130
114 0 104 4 131
151 0 108 4 132
150 0 95 4 133
160 0 108 4 134
136 0 93 4 135
143 0 106 4 136
81 -22 159 4 137
158 0 129 1 138
105 13 139 4 139
105 -13 137 4 140
139 0 149 4 141
167 0 95 4 142
181 0 108 4 143
172 0 107 4 144
184 0 93 4 145
227 0 97 4 146
119 -13 145 4 147
175 0 138 1 148
243 0 97 4 149
120 13 145 4 150
211 0 125 1 151
221 0 106 4 152
239 0 108 4 153
201 0 92 4 154
214 0 106 4 155
196 0 104 4 156
212 0 135 1 157
205 0 105 4 158
217 0 93 4 159
259 0 108 4 160
270 0 107 4 161
253 0 123 1 162
291 0 97 4 163
278 0 95 4 164
289 0 107 4 165
233 0 125 1 166
299 0 107 4 167
254 0 104 4 168
323 0 96 4 169
265 0 92 4 170
309 0 94 4 171
310 0 106 4 172
328 0 108 4 173
338 0 98 4 174
282 0 104 4 175
319 0 107 4 176
338 0 107 4 177
370 0 96 4 178
349 0 104 4 179
356 0 94 4 180
377 0 108 4 181
365 0 119 1 182
368 0 105 4 183
359 0 103 4 184
386 0 108 4 185
396 0 105 4 186
387 0 92 4 187
406 0 108 4 188
402 0 95 4 189
415 0 105 4 190
417 0 92 4 191
425 0 106 4 192
427 0 126 1 193
434 0 104 4 194
432 0 96 4 195
456 0 104 4 196
457 0 121 1 197
466 0 108 4 198
469 0 135 1 199
470 0 122 1 200
475 0 107 4 201
481 0 92 4 202
482 0 119 1 203
483 0 128 1 204
495 0 103 4 205
391 -1 152 1 206
383 0 155 1 207
374 1 144 1 208
350 0 143 1 209
345 0 152 1 210
330 -2 144 1 211
312 -3 142 1 212
342 -3 135 1 213
378 -2 134 1 214
436 0 161 1 215
413 0 151 1 216
406 1 143 1 217
390 3 143 1 218
354 3 131 1 219
305 3 131 1 220
297 3 137 1 221
296 2 148 1 222
295 1 161 1 223
309 0 160 1 224
258 -1 139 1 225
245 -3 153 1 226
229 -4 163 1 227
168 -5 159 1 228
219 -5 164 1 229
339 -5 174 1 230
357 -4 169 1 231
411 -3 139 1 232
426 -2 151 1 233
436 0 187 1 234
436 0 174 1 235
438 2 149 1 236
389 3 189 1 237
364 4 144 1 238
333 5 162 1 239
247 5 143 1 240
218 4 156 1 241
229 4 148 1 242
244 3 164 1 243
258 1 158 1 244
293 0 173 1 245
257 -1 176 1 246
215 -2 172 1 247
199 -4 175 1 248
129 -19 172 4 249
117 -28 176 4 250
110 -33 175 4 251
194 -6 180 1 252
362 -5 189 1 253
378 -4 184 1 254
452 -3 149 1 255
452 -2 163 1 256
436 0 216 1 257
436 1 201 1 258
450 2 178 1 259
397 3 199 1 260
367 4 178 1 261
351 5 183 1 262
313 6 181 1 263
132 19 172 4 264
166 5 170 1 265
177 4 164 1 266
208 3 174 1 267
226 2 178 1 268
243 1 177 1 269
291 0 186 1 270
244 -1 192 1 271
213 -3 186 1 272
163 -4 180 1 273
127 -19 184 4 274
100 -33 179 4 275
110 -33 183 4 276
200 -6 191 1 277
311 -6 203 1 278
361 -5 213 1 279
382 -4 206 1 280
450 -3 191 1 281
450 -1 211 1 282
419 0 249 4 283
442 1 227 1 284
495 3 188 4 285
395 4 212 1 286
372 5 196 1 287
333 6 201 1 288
210 6 189 1 289
109 33 175 4 290
117 28 177 4 291
127 19 184 4 292
176 4 179 1 293
226 3 194 1 294
256 1 198 1 295
265 0 211 1 296
247 -1 208 1 297
212 -3 196 1 298
176 -4 191 1 299
112 -28 188 4 300
92 -33 184 4 301
103 -33 189 4 302
99 -33 194 4 303
295 -6 206 1 304
353 -5 214 1 305
386 -4 222 1 306
451 -3 225 1 307
437 -1 249 4 308
428 0 250 4 309
446 1 250 4 310
494 3 198 4 311
374 4 213 1 312
345 5 206 1 313
333 6 214 1 314
111 33 184 4 315
94 33 183 4 316
100 33 179 4 317
112 28 188 4 318
185 4 190 1 319
212 3 206 1 320
225 1 209 1 321
268 0 224 1 322
257 -1 219 1 323
213 -2 218 1 324
177 -3 208 1 325
164 -4 207 1 326
121 -19 197 4 327
107 -28 197 4 328
185 -6 221 1 329
285 -5 218 1 330
341 -4 223 1 331
374 -3 226 1 332
454 -2 250 4 333
429 -1 261 4 334
414 0 262 4 335
409 2 251 4 336
399 3 250 4 337
359 4 227 1 338
304 5 218 1 339
168 6 197 1 340
98 33 194 4 341
102 33 189 4 342
120 19 196 4 343
175 4 198 1 344
219 2 225 1 345
227 1 222 1 346
270 0 248 4 347
253 -1 248 4 348
235 -3 249 4 349
210 -4 249 4 350
193 -4 250 4 351
204 -5 251 4 352
295 -5 251 4 353
342 -4 251 4 354
370 -3 252 4 355
390 -2 252 4 356
399 0 262 4 357
383 0 263 4 358
380 2 252 4 359
