360
-69 0 113 4 0
-69 0 90 4 1
-41 0 103 1 2
-36 0 84 4 3
-64 0 133 4 4
1 10 98 4 5
-42 0 126 1 6
-52 0 89 4 7
-48 0 126 1 8
10 -17 127 4 9
-26 0 90 4 10
14 -17 109 4 11
-10 0 85 4 12
-36 0 91 4 13
-38 0 124 1 14
-40 0 139 1 15
-37 0 150 1 16
8 -10 110 4 17
-36 0 192 1 18
-10 0 77 4 19
8 10 132 4 20
-34 0 177 1 21
-23 0 121 1 22
-33 0 164 1 23
-18 0 117 1 24
-20 0 90 4 25
26 20 117 4 26
-21 0 166 1 27
-20 0 137 1 28
-19 0 147 1 29
20 -10 113 4 30
11 -10 138 4 31
-20 0 200 1 32
-30 0 203 1 33
20 10 106 4 34
-12 0 126 1 35
-18 0 181 1 36
-28 0 215 1 37
0 0 165 4 38
-16 0 192 1 39
-12 0 143 1 40
-16 0 212 1 41
-6 0 106 4 42
15 10 159 4 43
31 -17 109 4 44
10 0 192 4 45
5 0 180 4 46
-6 0 220 1 47
24 0 102 4 48
5 0 155 4 49
-10 0 229 1 50
12 0 102 4 51
-7 0 209 1 52
12 0 142 4 53
19 0 127 4 54
21 -10 173 4 55
37 -10 102 4 56
27 0 85 4 57
16 0 94 4 58
25 10 201 4 59
38 10 114 4 60
25 0 107 4 61
25 0 202 4 62
34 0 101 4 63
30 -10 188 4 64
44 0 72 4 65
43 0 95 4 66
35 0 208 4 67
38 10 196 4 68
45 0 219 4 69
14 0 270 4 70
39 -10 200 4 71
-4 0 261 1 72
0 0 286 4 73
47 0 129 4 74
48 17 188 4 75
49 -17 184 4 76
57 -10 147 4 77
57 0 101 4 78
48 10 203 4 79
56 0 92 4 80
25 0 275 4 81
46 0 264 4 82
40 0 268 4 83
65 -10 154 4 84
42 0 281 4 85
35 0 278 4 86
32 0 292 4 87
62 20 179 4 88
66 0 269 4 89
67 0 83 4 90
73 0 256 4 91
65 0 249 4 92
66 0 268 4 93
60 0 275 4 94
59 0 289 4 95
26 0 303 4 96
82 0 266 4 97
84 0 89 4 98
84 0 253 4 99
76 0 260 4 100
67 10 256 4 101
77 10 241 4 102
68 -10 261 4 103
87 0 232 4 104
72 17 239 4 105
98 0 265 4 106
79 -10 245 4 107
86 0 123 4 108
75 -17 244 4 109
81 -17 237 4 110
107 0 209 4 111
100 0 217 4 112
105 0 259 4 113
105 0 128 4 114
113 0 262 4 115
100 0 264 4 116
84 17 242 4 117
102 -10 206 4 118
124 0 143 4 119
96 -10 233 4 120
97 10 240 4 121
132 0 170 4 122
119 0 258 4 123
129 0 187 4 124
107 10 215 4 125
123 0 203 4 126
135 0 117 4 127
146 0 93 4 128
140 0 88 4 129
115 10 117 4 130
133 0 86 4 131
160 0 101 4 132
161 0 84 4 133
169 0 101 4 134
151 0 77 4 135
158 0 92 4 136
112 -17 126 4 137
170 0 117 1 138
131 10 118 4 139
132 -10 109 4 140
158 0 132 4 141
180 0 85 4 142
191 0 99 4 143
185 0 96 4 144
201 0 79 4 145
233 0 92 4 146
153 -10 117 4 147
196 0 121 1 148
248 0 92 4 149
156 10 115 4 150
224 0 110 1 151
234 0 94 4 152
248 0 100 4 153
220 0 75 4 154
229 0 92 4 155
217 0 85 4 156
229 0 121 1 157
224 0 90 4 158
233 0 79 4 159
267 0 100 4 160
282 0 97 4 161
269 0 107 1 162
299 0 90 4 163
290 0 83 4 164
299 0 98 4 165
258 0 104 1 166
308 0 97 4 167
275 0 86 4 168
328 0 89 4 169
285 0 76 4 170
318 0 82 4 171
319 0 93 4 172
333 0 99 4 173
340 0 94 4 174
299 0 87 4 175
328 0 97 4 176
343 0 97 4 177
373 0 87 4 178
359 0 85 4 179
364 0 80 4 180
379 0 99 4 181
372 0 103 1 182
374 0 91 4 183
368 0 83 4 184
389 0 101 4 185
398 0 91 4 186
391 0 75 4 187
406 0 101 4 188
404 0 84 4 189
414 0 89 4 190
417 0 76 4 191
424 0 94 4 192
425 0 113 1 193
431 0 87 4 194
431 0 89 4 195
456 0 85 4 196
459 0 97 1 197
466 0 101 4 198
469 0 123 1 199
470 0 109 1 200
475 0 95 4 201
480 0 75 4 202
481 0 102 1 203
483 0 106 1 204
494 0 84 4 205
392 -4 157 1 206
385 0 158 1 207
374 3 149 1 208
352 2 147 1 209
345 -1 153 1 210
334 -6 148 1 211
323 -11 148 1 212
349 -12 144 1 213
380 -9 144 1 214
431 -3 170 1 215
413 2 161 1 216
406 6 154 1 217
391 10 152 1 218
360 12 142 1 219
320 12 140 1 220
309 11 145 1 221
305 8 152 1 222
302 4 161 1 223
311 0 161 1 224
272 -5 146 1 225
263 -10 157 1 226
253 -14 167 1 227
211 -17 165 1 228
252 -19 170 1 229
347 -18 179 1 230
365 -16 176 1 231
408 -12 154 1 232
422 -8 162 1 233
432 -2 194 1 234
432 3 183 1 235
432 8 164 1 236
393 12 191 1 237
371 15 156 1 238
343 17 169 1 239
274 17 153 1 240
247 16 162 1 241
253 14 155 1 242
261 10 166 1 243
270 5 162 1 244
295 0 174 1 245
267 -4 177 1 246
235 -9 175 1 247
225 -14 179 1 248
177 -28 178 4 249
171 -37 182 4 250
169 -42 182 4 251
236 -21 187 1 252
367 -19 196 1 253
383 -16 192 1 254
442 -12 166 1 255
443 -7 177 1 256
432 -1 220 1 257
432 4 208 1 258
441 9 189 1 259
399 13 203 1 260
374 16 186 1 261
358 19 189 1 262
326 20 186 1 263
186 30 178 4 264
208 19 176 1 265
213 16 171 1 266
231 13 178 1 267
243 9 180 1 268
255 4 180 1 269
290 -1 187 1 270
255 -6 193 1 271
232 -11 189 1 272
197 -15 186 1 273
173 -29 191 4 274
156 -41 187 4 275
167 -43 192 4 276
238 -22 200 1 277
327 -21 210 1 278
368 -18 218 1 279
387 -15 213 1 280
440 -11 202 1 281
442 -6 217 1 282
419 0 249 4 283
436 5 232 1 284
475 10 201 4 285
397 14 217 1 286
377 18 204 1 287
344 20 206 1 288
247 22 196 1 289
167 42 183 4 290
169 37 183 4 291
173 28 189 4 292
207 14 184 1 293
242 10 196 1 294
263 5 199 1 295
269 0 210 1 296
256 -5 208 1 297
230 -10 200 1 298
205 -14 198 1 299
160 -35 198 4 300
149 -41 196 4 301
161 -42 201 4 302
162 -42 206 4 303
314 -20 216 1 304
361 -18 223 1 305
389 -14 229 1 306
441 -10 232 1 307
432 -5 249 4 308
424 1 253 4 309
437 6 252 4 310
473 11 212 4 311
380 15 222 1 312
355 18 216 1 313
342 21 220 1 314
172 43 196 4 315
155 43 194 4 316
155 41 189 4 317
161 36 196 4 318
213 15 197 1 319
230 11 209 1 320
239 6 211 1 321
271 1 224 1 322
262 -4 221 1 323
229 -9 221 1 324
205 -13 215 1 325
198 -16 216 1 326
169 -29 209 4 327
163 -37 211 4 328
224 -20 231 1 329
304 -19 229 1 330
351 -16 233 1 331
379 -13 236 1 332
441 -9 255 4 333
424 -4 262 4 334
411 2 266 4 335
406 7 257 4 336
398 12 255 4 337
365 16 236 1 338
320 19 227 1 339
214 21 210 1 340
157 42 207 4 341
156 41 202 4 342
166 28 206 4 343
205 14 208 1 344
235 9 228 1 345
240 4 226 1 346
273 0 246 4 347
260 -5 248 4 348
249 -10 250 4 349
232 -14 252 4 350
223 -16 253 4 351
235 -17 255 4 352
308 -17 257 4 353
347 -15 258 4 354
372 -12 259 4 355
390 -8 259 4 356
399 -3 267 4 357
383 3 270 4 358
380 8 260 4 359
