360
-70 0 110 4 0
-70 0 88 4 1
-44 0 97 1 2
-39 0 78 4 3
-64 0 132 4 4
-5 9 86 4 5
-44 0 122 1 6
-53 0 87 4 7
-49 0 124 1 8
3 -15 115 4 9
-28 0 85 4 10
8 -15 96 4 11
-14 0 79 4 12
-36 0 89 4 13
-38 0 123 1 14
-41 0 138 1 15
-37 0 149 1 16
4 -9 100 4 17
-36 0 193 1 18
-13 0 73 4 19
3 9 125 4 20
-34 0 177 1 21
-24 0 119 1 22
-33 0 164 1 23
-19 0 114 1 24
-21 0 88 4 25
21 18 104 4 26
-22 0 166 1 27
-20 0 136 1 28
-20 0 146 1 29
16 -9 105 4 30
8 -9 132 4 31
-20 0 200 1 32
-29 0 203 1 33
16 9 96 4 34
-13 0 124 1 35
-18 0 181 1 36
-28 0 216 1 37
-1 0 164 4 38
-16 0 192 1 39
-12 0 143 1 40
-16 0 212 1 41
-6 0 105 4 42
13 9 155 4 43
27 -15 97 4 44
9 0 192 4 45
4 0 179 4 46
-5 0 221 1 47
21 0 95 4 48
5 0 155 4 49
-9 0 230 1 50
11 0 100 4 51
-6 0 209 1 52
11 0 142 4 53
18 0 125 4 54
20 -9 171 4 55
34 -9 92 4 56
26 0 82 4 57
16 0 93 4 58
24 9 204 4 59
36 9 107 4 60
25 0 106 4 61
24 0 202 4 62
34 0 98 4 63
30 -9 188 4 64
43 0 66 4 65
42 0 91 4 66
35 0 208 4 67
39 9 196 4 68
45 0 220 4 69
17 0 274 4 70
40 -9 201 4 71
0 0 269 1 72
5 0 295 4 73
47 0 128 4 74
48 15 189 4 75
49 -15 183 4 76
56 -9 147 4 77
56 0 94 4 78
48 9 203 4 79
55 0 88 4 80
28 0 281 4 81
47 0 267 4 82
42 0 272 4 83
65 -9 154 4 84
45 0 286 4 85
39 0 285 4 86
36 0 299 4 87
62 18 178 4 88
66 0 271 4 89
68 0 79 4 90
74 0 257 4 91
66 0 253 4 92
67 0 273 4 93
62 0 280 4 94
61 0 295 4 95
32 0 311 4 96
83 0 267 4 97
84 0 87 4 98
85 0 254 4 99
78 0 266 4 100
69 9 266 4 101
79 9 246 4 102
71 -9 272 4 103
88 0 234 4 104
75 15 248 4 105
98 0 266 4 106
81 -9 251 4 107
88 0 119 4 108
78 -15 255 4 109
84 -15 245 4 110
107 0 209 4 111
101 0 218 4 112
106 0 261 4 113
106 0 127 4 114
113 0 262 4 115
102 0 267 4 116
88 15 251 4 117
104 -9 207 4 118
124 0 143 4 119
100 -9 237 4 120
100 9 246 4 121
132 0 169 4 122
121 0 260 4 123
130 0 187 4 124
111 9 219 4 125
125 0 204 4 126
140 0 112 4 127
150 0 89 4 128
144 0 83 4 129
122 9 110 4 130
139 0 80 4 131
163 0 99 4 132
165 0 80 4 133
172 0 99 4 134
156 0 72 4 135
162 0 88 4 136
121 -15 116 4 137
173 0 114 1 138
140 9 111 4 139
140 -9 101 4 140
163 0 126 4 141
184 0 82 4 142
194 0 96 4 143
189 0 92 4 144
206 0 75 4 145
235 0 90 4 146
164 -9 108 4 147
203 0 116 1 148
249 0 91 4 149
167 9 106 4 150
229 0 105 1 151
238 0 91 4 152
250 0 98 4 153
224 0 70 4 154
234 0 88 4 155
223 0 79 4 156
235 0 116 1 157
230 0 85 4 158
238 0 75 4 159
270 0 98 4 160
285 0 93 4 161
274 0 102 1 162
301 0 88 4 163
293 0 80 4 164
302 0 95 4 165
265 0 98 1 166
311 0 94 4 167
282 0 81 4 168
330 0 86 4 169
291 0 71 4 170
321 0 78 4 171
322 0 90 4 172
334 0 97 4 173
341 0 93 4 174
304 0 82 4 175
330 0 93 4 176
345 0 93 4 177
374 0 85 4 178
362 0 80 4 179
366 0 75 4 180
380 0 96 4 181
374 0 98 1 182
376 0 86 4 183
371 0 77 4 184
389 0 98 4 185
399 0 86 4 186
393 0 70 4 187
406 0 99 4 188
404 0 81 4 189
414 0 84 4 190
417 0 71 4 191
423 0 90 4 192
424 0 109 1 193
430 0 81 4 194
430 0 86 4 195
456 0 79 4 196
460 0 90 1 197
467 0 98 4 198
469 0 119 1 199
470 0 104 1 200
475 0 92 4 201
479 0 70 4 202
481 0 97 1 203
483 0 100 1 204
493 0 78 4 205
392 -5 159 1 206
385 1 159 1 207
374 4 150 1 208
353 3 148 1 209
345 -1 153 1 210
335 -8 149 1 211
326 -13 150 1 212
351 -14 147 1 213
381 -11 147 1 214
429 -3 172 1 215
413 2 164 1 216
406 8 157 1 217
391 12 155 1 218
362 14 145 1 219
324 15 143 1 220
313 13 147 1 221
308 10 153 1 222
304 5 162 1 223
311 0 161 1 224
277 -7 149 1 225
269 -13 159 1 226
261 -18 168 1 227
223 -21 167 1 228
262 -23 172 1 229
350 -22 180 1 230
367 -20 178 1 231
407 -15 158 1 232
421 -10 166 1 233
431 -2 196 1 234
430 3 185 1 235
430 9 168 1 236
394 14 192 1 237
373 18 160 1 238
346 20 171 1 239
283 21 156 1 240
257 19 163 1 241
260 16 157 1 242
266 12 167 1 243
273 6 164 1 244
295 0 174 1 245
270 -5 177 1 246
242 -12 176 1 247
234 -17 180 1 248
191 -31 180 4 249
187 -40 183 4 250
187 -44 184 4 251
249 -25 189 1 252
369 -23 198 1 253
384 -20 195 1 254
438 -14 171 1 255
441 -9 180 1 256
431 -1 221 1 257
431 5 210 1 258
439 10 192 1 259
400 16 205 1 260
376 20 188 1 261
361 23 191 1 262
330 24 187 1 263
202 34 180 4 264
220 23 177 1 265
222 20 172 1 266
239 16 179 1 267
249 10 180 1 268
258 5 180 1 269
290 -1 188 1 270
258 -7 193 1 271
238 -13 190 1 272
208 -18 188 1 273
187 -32 193 4 274
173 -44 190 4 275
184 -45 195 4 276
250 -27 203 1 277
331 -25 212 1 278
370 -22 220 1 279
388 -18 215 1 280
437 -13 206 1 281
440 -7 219 1 282
419 0 249 4 283
434 6 233 1 284
469 12 205 4 285
398 17 219 1 286
378 22 206 1 287
347 25 208 1 288
258 26 198 1 289
185 45 186 4 290
185 40 186 4 291
187 31 190 4 292
217 17 186 1 293
247 12 197 1 294
265 6 200 1 295
270 0 209 1 296
258 -6 209 1 297
235 -12 202 1 298
214 -17 200 1 299
174 -37 201 4 300
166 -43 199 4 301
178 -45 205 4 302
181 -45 210 4 303
319 -25 219 1 304
363 -22 226 1 305
390 -17 232 1 306
437 -12 234 1 307
430 -6 250 4 308
423 1 254 4 309
435 7 253 4 310
466 13 217 4 311
381 18 225 1 312
358 22 218 1 313
345 25 222 1 314
190 45 199 4 315
173 45 197 4 316
172 44 193 4 317
176 38 198 4 318
220 18 200 1 319
236 13 210 1 320
243 7 212 1 321
271 1 224 1 322
264 -5 222 1 323
235 -10 222 1 324
214 -16 217 1 325
209 -20 218 1 326
184 -32 213 4 327
179 -40 215 4 328
236 -24 233 1 329
310 -23 232 1 330
354 -20 237 1 331
380 -16 239 1 332
437 -10 256 4 333
423 -5 263 4 334
410 2 267 4 335
406 9 258 4 336
397 14 256 4 337
367 20 239 1 338
325 23 230 1 339
227 25 214 1 340
175 44 210 4 341
173 43 206 4 342
180 31 209 4 343
214 17 211 1 344
240 12 229 1 345
244 5 227 1 346
273 0 246 4 347
262 -6 248 4 348
253 -12 250 4 349
239 -16 252 4 350
232 -19 254 4 351
244 -21 257 4 352
312 -20 259 4 353
349 -18 260 4 354
373 -14 261 4 355
390 -9 261 4 356
398 -3 268 4 357
383 3 272 4 358
381 10 263 4 359
