360
-67 0 116 4 0
-67 0 93 4 1
-36 0 114 1 2
-32 0 94 4 3
-64 0 133 4 4
12 11 118 4 5
-39 0 133 1 6
-51 0 93 4 7
-46 0 129 1 8
21 -19 145 4 9
-22 0 97 4 10
23 -19 130 4 11
-4 0 94 4 12
-34 0 94 4 13
-37 0 127 1 14
-40 0 140 1 15
-36 0 151 1 16
16 -11 126 4 17
-35 0 191 1 18
-7 0 85 4 19
14 11 144 4 20
-34 0 178 1 21
-21 0 124 1 22
-33 0 164 1 23
-16 0 122 1 24
-18 0 93 4 25
34 23 139 4 26
-20 0 168 1 27
-19 0 140 1 28
-19 0 148 1 29
27 -11 126 4 30
16 -11 149 4 31
-19 0 201 1 32
-31 0 203 1 33
27 11 121 4 34
-10 0 130 1 35
-18 0 181 1 36
-30 0 214 1 37
2 0 166 4 38
-16 0 192 1 39
-12 0 143 1 40
-17 0 212 1 41
-5 0 108 4 42
19 11 166 4 43
37 -19 128 4 44
13 0 192 4 45
6 0 180 4 46
-6 0 220 1 47
27 0 112 4 48
6 0 155 4 49
-12 0 226 1 50
14 0 105 4 51
-9 0 209 1 52
13 0 143 4 53
20 0 131 4 54
23 -11 175 4 55
41 -11 118 4 56
29 0 90 4 57
16 0 96 4 58
27 11 196 4 59
42 11 126 4 60
25 0 108 4 61
25 0 201 4 62
35 0 104 4 63
30 -11 188 4 64
46 0 82 4 65
44 0 101 4 66
35 0 208 4 67
38 11 195 4 68
45 0 219 4 69
9 0 262 4 70
39 -11 198 4 71
-12 0 249 1 72
-7 0 273 4 73
47 0 130 4 74
48 19 188 4 75
49 -19 185 4 76
58 -11 149 4 77
57 0 114 4 78
47 11 203 4 79
56 0 99 4 80
20 0 266 4 81
44 0 258 4 82
36 0 261 4 83
66 -11 155 4 84
38 0 274 4 85
30 0 268 4 86
26 0 281 4 87
60 23 180 4 88
65 0 266 4 89
66 0 89 4 90
72 0 253 4 91
63 0 241 4 92
64 0 261 4 93
56 0 266 4 94
55 0 279 4 95
17 0 288 4 96
81 0 264 4 97
83 0 93 4 98
83 0 251 4 99
74 0 251 4 100
63 11 239 4 101
74 11 234 4 102
64 -11 242 4 103
85 0 230 4 104
67 19 223 4 105
97 0 263 4 106
75 -11 236 4 107
82 0 128 4 108
69 -19 227 4 109
77 -19 224 4 110
105 0 208 4 111
97 0 216 4 112
104 0 255 4 113
103 0 130 4 114
112 0 262 4 115
96 0 259 4 116
78 19 228 4 117
98 -11 204 4 118
124 0 143 4 119
91 -11 225 4 120
91 11 229 4 121
131 0 171 4 122
116 0 254 4 123
128 0 187 4 124
102 11 210 4 125
120 0 201 4 126
127 0 123 4 127
139 0 99 4 128
132 0 96 4 129
103 11 129 4 130
124 0 95 4 131
156 0 105 4 132
156 0 89 4 133
165 0 105 4 134
143 0 85 4 135
150 0 99 4 136
97 -19 142 4 137
164 0 123 1 138
118 11 128 4 139
119 -11 123 4 140
148 0 140 4 141
173 0 90 4 142
186 0 103 4 143
178 0 101 4 144
193 0 86 4 145
230 0 95 4 146
136 -11 131 4 147
186 0 130 1 148
245 0 95 4 149
138 11 130 4 150
218 0 117 1 151
227 0 100 4 152
244 0 104 4 153
210 0 84 4 154
221 0 99 4 155
206 0 94 4 156
220 0 128 1 157
215 0 97 4 158
224 0 86 4 159
263 0 104 4 160
276 0 102 4 161
261 0 115 1 162
295 0 93 4 163
284 0 89 4 164
294 0 102 4 165
245 0 115 1 166
304 0 102 4 167
265 0 95 4 168
326 0 92 4 169
275 0 84 4 170
314 0 88 4 171
314 0 100 4 172
330 0 104 4 173
339 0 96 4 174
291 0 96 4 175
323 0 102 4 176
341 0 102 4 177
372 0 92 4 178
354 0 94 4 179
360 0 87 4 180
378 0 103 4 181
369 0 111 1 182
371 0 98 4 183
364 0 93 4 184
388 0 104 4 185
397 0 98 4 186
389 0 83 4 187
406 0 105 4 188
403 0 90 4 189
415 0 97 4 190
417 0 84 4 191
424 0 100 4 192
426 0 120 1 193
432 0 95 4 194
432 0 92 4 195
456 0 94 4 196
458 0 109 1 197
466 0 104 4 198
469 0 129 1 199
470 0 115 1 200
475 0 101 4 201
480 0 84 4 202
481 0 110 1 203
483 0 117 1 204
494 0 94 4 205
391 -2 154 1 206
384 0 157 1 207
374 2 147 1 208
351 1 145 1 209
345 0 153 1 210
332 -4 146 1 211
317 -7 145 1 212
345 -7 140 1 213
379 -6 139 1 214
433 -2 166 1 215
413 1 156 1 216
406 4 149 1 217
390 6 147 1 218
357 8 137 1 219
313 8 136 1 220
303 7 141 1 221
301 5 150 1 222
299 2 161 1 223
310 0 161 1 224
265 -3 143 1 225
254 -7 155 1 226
241 -9 165 1 227
189 -11 162 1 228
235 -12 167 1 229
343 -12 176 1 230
361 -10 173 1 231
409 -8 146 1 232
424 -5 156 1 233
434 -1 191 1 234
434 2 179 1 235
435 5 157 1 236
391 8 190 1 237
367 10 150 1 238
338 11 166 1 239
261 11 148 1 240
232 10 159 1 241
241 9 152 1 242
253 6 165 1 243
264 3 160 1 244
294 0 173 1 245
262 -3 176 1 246
225 -6 173 1 247
213 -9 177 1 248
153 -23 175 4 249
144 -33 179 4 250
140 -38 179 4 251
215 -13 183 1 252
365 -12 192 1 253
380 -10 188 1 254
447 -8 158 1 255
448 -4 170 1 256
434 0 218 1 257
434 2 205 1 258
446 5 183 1 259
398 8 201 1 260
371 10 182 1 261
355 12 186 1 262
320 13 183 1 263
159 25 175 4 264
187 12 173 1 265
195 10 167 1 266
220 8 176 1 267
235 5 179 1 268
249 2 178 1 269
291 0 187 1 270
250 -4 192 1 271
222 -7 188 1 272
180 -10 183 1 273
150 -24 188 4 274
128 -37 182 4 275
139 -38 188 4 276
220 -14 196 1 277
319 -13 206 1 278
365 -12 215 1 279
384 -10 209 1 280
445 -7 197 1 281
446 -4 214 1 282
419 0 249 4 283
439 3 229 1 284
485 6 194 4 285
396 9 215 1 286
374 11 200 1 287
339 13 203 1 288
228 14 193 1 289
138 38 180 4 290
143 33 180 4 291
150 23 186 4 292
192 9 181 1 293
234 6 195 1 294
260 3 199 1 295
267 0 210 1 296
251 -3 208 1 297
221 -6 198 1 298
191 -9 194 1 299
136 -31 193 4 300
121 -37 190 4 301
132 -38 195 4 302
131 -38 200 4 303
304 -13 211 1 304
357 -11 219 1 305
387 -9 226 1 306
446 -6 229 1 307
435 -3 249 4 308
426 0 252 4 309
441 4 251 4 310
483 7 205 4 311
377 10 218 1 312
350 12 211 1 313
338 13 217 1 314
142 38 190 4 315
125 38 189 4 316
128 37 184 4 317
137 32 192 4 318
199 10 194 1 319
221 7 207 1 320
232 4 210 1 321
270 0 224 1 322
259 -2 220 1 323
221 -5 220 1 324
191 -8 212 1 325
181 -10 212 1 326
145 -24 203 4 327
135 -33 204 4 328
205 -13 226 1 329
295 -12 224 1 330
346 -10 228 1 331
377 -8 231 1 332
448 -5 252 4 333
427 -2 262 4 334
412 1 264 4 335
407 4 254 4 336
398 8 253 4 337
362 10 232 1 338
312 12 222 1 339
191 13 204 1 340
128 38 200 4 341
129 37 195 4 342
143 23 201 4 343
190 9 203 1 344
227 6 226 1 345
234 3 224 1 346
271 0 247 4 347
256 -3 248 4 348
242 -6 249 4 349
221 -9 250 4 350
209 -10 252 4 351
220 -11 253 4 352
302 -11 254 4 353
345 -10 255 4 354
371 -8 255 4 355
390 -5 255 4 356
399 -2 265 4 357
383 2 267 4 358
380 5 256 4 359
