360
-44 0 217 1 0
-43 0 135 1 1
-39 0 143 1 2
-39 0 213 1 3
-37 0 225 1 4
-35 0 132 1 5
-34 0 152 1 6
-34 0 164 1 7
-34 0 178 1 8
-34 0 190 1 9
-34 0 202 1 10
-33 0 145 1 11
-33 0 213 1 12
-28 0 132 1 13
-27 0 225 1 14
-19 0 130 1 15
-19 0 160 1 16
-19 0 170 1 17
-19 0 202 1 18
-19 0 211 1 19
-18 0 143 1 20
-18 0 150 1 21
-18 0 181 1 22
-18 0 192 1 23
-16 0 223 1 24
-13 0 143 1 25
-12 0 130 1 26
-12 0 210 1 27
-8 0 136 1 28
-7 0 219 1 29
131 34 167 4 30
130 33 155 4 31
129 33 181 4 32
124 30 145 4 33
122 28 193 4 34
117 25 137 4 35
115 24 199 4 36
122 11 167 4 37
106 36 167 4 38
122 11 179 4 39
106 36 179 4 40
118 9 188 4 41
103 34 188 4 42
117 8 156 4 43
102 34 156 4 44
107 19 132 4 45
106 19 208 4 46
112 5 195 4 47
97 31 195 4 48
110 4 150 4 49
95 30 150 4 50
114 -5 170 4 51
88 37 170 4 52
113 -5 180 4 53
87 37 180 4 54
105 1 202 4 55
90 27 202 4 56
97 13 218 4 57
96 13 132 4 58
103 0 148 4 59
87 25 148 4 60
108 -8 164 4 61
82 34 164 4 62
108 -8 187 4 63
82 34 187 4 64
109 -14 179 4 65
78 37 179 4 66
108 -14 171 4 67
77 37 171 4 68
97 -3 209 4 69
82 22 209 4 70
103 -17 184 4 71
72 33 184 4 72
86 7 136 4 73
99 -13 164 4 74
74 29 164 4 75
99 -13 195 4 76
74 29 195 4 77
86 7 226 4 78
93 -5 151 4 79
78 20 151 4 80
101 -18 174 4 81
70 32 174 4 82
97 -20 189 4 83
67 30 189 4 84
86 -9 156 4 85
71 15 156 4 86
91 -18 201 4 87
66 24 201 4 88
86 -9 220 4 89
71 15 220 4 90
78 2 143 4 91
91 -18 172 4 92
65 24 172 4 93
93 -23 179 4 94
62 28 179 4 95
93 -23 195 4 96
62 28 195 4 97
78 2 235 4 98
90 -25 189 4 99
59 26 189 4 100
71 -1 137 4 101
86 -27 174 4 102
56 24 174 4 103
84 -23 198 4 104
58 19 198 4 105
82 -24 164 4 106
56 18 164 4 107
84 -28 184 4 108
54 23 184 4 109
75 -16 151 4 110
60 9 151 4 111
75 -16 210 4 112
60 9 210 4 113
67 -3 226 4 114
78 -26 192 4 115
52 16 192 4 116
79 -31 171 4 117
49 20 171 4 118
63 -6 133 4 119
78 -31 179 4 120
48 19 179 4 121
72 -30 163 4 122
46 12 163 4 123
71 -30 185 4 124
45 12 185 4 125
66 -22 201 4 126
50 3 201 4 127
57 -9 215 4 128
64 -23 148 4 129
49 2 148 4 130
68 -32 173 4 131
43 10 173 4 132
51 -13 133 4 133
58 -26 192 4 134
43 0 192 4 135
49 -14 208 4 136
54 -28 157 4 137
39 -2 157 4 138
52 -30 182 4 139
37 -4 182 4 140
50 -31 169 4 141
35 -5 169 4 142
40 -19 135 4 143
38 -20 198 4 144
31 -24 144 4 145
30 -26 188 4 146
24 -29 156 4 147
24 -29 173 4 148
148 0 167 1 149
148 0 178 1 150
148 0 192 1 151
149 0 144 1 152
149 0 156 1 153
149 0 204 1 154
152 0 134 1 155
153 0 218 1 156
160 0 224 1 157
162 0 161 1 158
162 0 195 1 159
163 0 134 1 160
163 0 176 1 161
163 0 188 1 162
164 0 206 1 163
166 0 145 1 164
167 0 218 1 165
173 0 188 1 166
175 0 176 1 167
183 0 188 1 168
187 0 173 1 169
194 0 187 1 170
197 0 172 1 171
204 0 141 1 172
204 0 153 1 173
204 0 161 1 174
204 0 185 1 175
204 0 194 1 176
204 0 205 1 177
205 0 131 1 178
205 0 170 1 179
205 0 217 1 180
212 0 224 1 181
215 0 127 1 182
219 0 145 1 183
219 0 161 1 184
219 0 176 1 185
220 0 194 1 186
220 0 208 1 187
222 0 221 1 188
223 0 134 1 189
236 0 138 1 190
237 0 162 1 191
238 0 150 1 192
239 0 175 1 193
240 0 192 1 194
244 0 208 1 195
246 0 129 1 196
253 0 136 1 197
253 0 175 1 198
254 0 156 1 199
254 0 198 1 200
255 0 219 1 201
264 0 212 1 202
268 0 225 1 203
277 0 214 1 204
284 0 221 1 205
288 0 202 1 206
292 0 134 1 207
292 0 186 1 208
293 0 146 1 209
293 0 160 1 210
293 0 172 1 211
297 0 214 1 212
300 0 126 1 213
305 0 200 1 214
308 0 139 1 215
308 0 179 1 216
309 0 159 1 217
329 0 142 1 218
329 0 159 1 219
329 0 199 1 220
329 0 212 1 221
336 0 171 1 222
338 0 219 1 223
339 0 131 1 224
341 0 203 1 225
345 0 151 1 226
348 0 181 1 227
350 0 141 1 228
350 0 211 1 229
352 0 126 1 230
354 0 166 1 231
357 0 224 1 232
359 0 211 1 233
360 0 187 1 234
362 0 138 1 235
363 0 125 1 236
365 0 174 1 237
370 0 193 1 238
372 0 210 1 239
373 0 222 1 240
374 0 142 1 241
376 0 181 1 242
378 0 129 1 243
380 0 203 1 244
383 0 153 1 245
385 0 219 1 246
388 0 188 1 247
390 0 138 1 248
391 0 149 1 249
395 0 210 1 250
396 0 197 1 251
407 0 138 1 252
412 0 132 1 253
414 0 146 1 254
428 0 131 1 255
428 0 145 1 256
438 0 170 1 257
438 0 185 1 258
438 0 199 1 259
438 0 215 1 260
439 0 157 1 261
441 0 143 1 262
443 0 130 1 263
445 0 226 1 264
454 0 173 1 265
454 0 187 1 266
454 0 209 1 267
456 0 130 1 268
456 0 157 1 269
456 0 223 1 270
457 0 141 1 271
470 0 127 1 272
470 0 140 1 273
483 0 126 1 274
484 0 137 1 275
-64 0 111 4 276
-54 0 111 4 277
-44 0 111 4 278
-34 0 111 4 279
-24 0 111 4 280
-14 0 111 4 281
-4 0 111 4 282
6 0 111 4 283
16 0 111 4 284
26 0 111 4 285
36 0 111 4 286
46 0 111 4 287
56 0 111 4 288
66 0 111 4 289
76 0 111 4 290
86 0 111 4 291
96 0 111 4 292
106 0 111 4 293
116 0 111 4 294
126 0 111 4 295
136 0 111 4 296
146 0 111 4 297
156 0 111 4 298
166 0 111 4 299
176 0 111 4 300
186 0 111 4 301
196 0 111 4 302
206 0 111 4 303
216 0 111 4 304
226 0 111 4 305
236 0 111 4 306
246 0 111 4 307
256 0 111 4 308
266 0 111 4 309
276 0 111 4 310
286 0 111 4 311
296 0 111 4 312
306 0 111 4 313
316 0 111 4 314
326 0 111 4 315
336 0 111 4 316
346 0 111 4 317
356 0 111 4 318
366 0 111 4 319
376 0 111 4 320
386 0 111 4 321
396 0 111 4 322
406 0 111 4 323
416 0 111 4 324
426 0 111 4 325
436 0 111 4 326
446 0 111 4 327
456 0 111 4 328
466 0 111 4 329
476 0 111 4 330
486 0 111 4 331
496 0 111 4 332
504 0 113 4 333
504 0 123 4 334
504 0 133 4 335
504 0 143 4 336
504 0 153 4 337
504 0 163 4 338
504 0 173 4 339
504 0 183 4 340
504 0 193 4 341
504 0 203 4 342
504 0 213 4 343
504 0 223 4 344
504 0 233 4 345
504 0 243 4 346
500 0 249 4 347
490 0 249 4 348
480 0 249 4 349
470 0 249 4 350
460 0 249 4 351
450 0 249 4 352
440 0 249 4 353
430 0 249 4 354
420 0 249 4 355
410 0 249 4 356
400 0 249 4 357
390 0 249 4 358
380 0 249 4 359
