360
-44 0 217 1 0
-43 0 135 1 1
-39 0 143 1 2
-39 0 213 1 3
-37 0 225 1 4
-35 0 132 1 5
-34 0 152 1 6
-34 0 164 1 7
-34 0 178 1 8
-34 0 190 1 9
-34 0 202 1 10
-33 0 145 1 11
-33 0 213 1 12
-28 0 132 1 13
-27 0 225 1 14
-19 0 130 1 15
-19 0 160 1 16
-19 0 170 1 17
-19 0 202 1 18
-19 0 211 1 19
-18 0 143 1 20
-18 0 150 1 21
-18 0 181 1 22
-18 0 192 1 23
-16 0 223 1 24
-13 0 143 1 25
-12 0 130 1 26
-12 0 210 1 27
-8 0 136 1 28
-7 0 219 1 29
54 -64 167 4 30
55 -63 155 4 31
55 -62 181 4 32
57 -56 145 4 33
57 -53 193 4 34
59 -47 137 4 35
60 -45 199 4 36
46 -40 167 4 37
74 -49 167 4 38
46 -40 179 4 39
74 -49 179 4 40
47 -36 188 4 41
76 -45 188 4 42
47 -35 156 4 43
76 -44 156 4 44
62 -37 132 4 45
63 -36 208 4 46
49 -30 195 4 47
78 -38 195 4 48
49 -28 150 4 49
78 -36 150 4 50
40 -23 170 4 51
88 -37 170 4 52
41 -22 180 4 53
89 -36 180 4 54
51 -22 202 4 55
80 -31 202 4 56
66 -25 218 4 57
66 -24 132 4 58
52 -19 148 4 59
81 -28 148 4 60
42 -16 164 4 61
90 -31 164 4 62
42 -16 187 4 63
90 -31 187 4 64
38 -13 179 4 65
96 -30 179 4 66
38 -12 171 4 67
96 -29 171 4 68
54 -13 209 4 69
82 -22 209 4 70
40 -6 184 4 71
98 -23 184 4 72
69 -14 136 4 73
45 -7 164 4 74
93 -21 164 4 75
45 -7 195 4 76
93 -21 195 4 77
69 -14 226 4 78
55 -9 151 4 79
84 -17 151 4 80
41 -4 174 4 81
98 -22 174 4 82
42 0 189 4 83
99 -18 189 4 84
57 -1 156 4 85
86 -10 156 4 86
48 1 201 4 87
96 -12 201 4 88
57 -1 220 4 89
86 -10 220 4 90
72 -4 143 4 91
48 2 172 4 92
96 -11 172 4 93
43 3 179 4 94
101 -13 179 4 95
43 3 195 4 96
101 -13 195 4 97
72 -4 235 4 98
44 7 189 4 99
102 -9 189 4 100
74 2 137 4 101
46 11 174 4 102
103 -5 174 4 103
50 10 198 4 104
98 -4 198 4 105
51 11 164 4 106
99 -2 164 4 107
46 13 184 4 108
104 -3 184 4 109
61 11 151 4 110
90 2 151 4 111
61 11 210 4 112
90 2 210 4 113
76 6 226 4 114
52 16 192 4 115
100 2 192 4 116
48 19 171 4 117
105 1 171 4 118
77 11 133 4 119
48 20 179 4 120
106 2 179 4 121
54 23 163 4 122
102 9 163 4 123
55 24 185 4 124
103 10 185 4 125
64 21 201 4 126
93 12 201 4 127
79 18 215 4 128
65 23 148 4 129
94 14 148 4 130
56 27 173 4 131
103 12 173 4 132
81 24 133 4 133
67 30 192 4 134
96 21 192 4 135
82 27 208 4 136
68 34 157 4 137
97 25 157 4 138
69 36 182 4 139
98 28 182 4 140
69 38 169 4 141
98 30 169 4 142
85 37 135 4 143
85 39 198 4 144
88 46 144 4 145
88 48 188 4 146
90 54 156 4 147
90 54 173 4 148
148 0 167 1 149
148 0 178 1 150
148 0 192 1 151
149 0 144 1 152
149 0 156 1 153
149 0 204 1 154
152 0 134 1 155
153 0 218 1 156
160 0 224 1 157
162 0 161 1 158
162 0 195 1 159
163 0 134 1 160
163 0 176 1 161
163 0 188 1 162
164 0 206 1 163
166 0 145 1 164
167 0 218 1 165
173 0 188 1 166
175 0 176 1 167
183 0 188 1 168
187 0 173 1 169
194 0 187 1 170
197 0 172 1 171
204 0 141 1 172
204 0 153 1 173
204 0 161 1 174
204 0 185 1 175
204 0 194 1 176
204 0 205 1 177
205 0 131 1 178
205 0 170 1 179
205 0 217 1 180
212 0 224 1 181
215 0 127 1 182
219 0 145 1 183
219 0 161 1 184
219 0 176 1 185
220 0 194 1 186
220 0 208 1 187
222 0 221 1 188
223 0 134 1 189
236 0 138 1 190
237 0 162 1 191
238 0 150 1 192
239 0 175 1 193
240 0 192 1 194
244 0 208 1 195
246 0 129 1 196
253 0 136 1 197
253 0 175 1 198
254 0 156 1 199
254 0 198 1 200
255 0 219 1 201
264 0 212 1 202
268 0 225 1 203
277 0 214 1 204
284 0 221 1 205
288 0 202 1 206
292 0 134 1 207
292 0 186 1 208
293 0 146 1 209
293 0 160 1 210
293 0 172 1 211
297 0 214 1 212
300 0 126 1 213
305 0 200 1 214
308 0 139 1 215
308 0 179 1 216
309 0 159 1 217
329 0 142 1 218
329 0 159 1 219
329 0 199 1 220
329 0 212 1 221
336 0 171 1 222
338 0 219 1 223
339 0 131 1 224
341 0 203 1 225
345 0 151 1 226
348 0 181 1 227
350 0 141 1 228
350 0 211 1 229
352 0 126 1 230
354 0 166 1 231
357 0 224 1 232
359 0 211 1 233
360 0 187 1 234
362 0 138 1 235
363 0 125 1 236
365 0 174 1 237
370 0 193 1 238
372 0 210 1 239
373 0 222 1 240
374 0 142 1 241
376 0 181 1 242
378 0 129 1 243
380 0 203 1 244
383 0 153 1 245
385 0 219 1 246
388 0 188 1 247
390 0 138 1 248
391 0 149 1 249
395 0 210 1 250
396 0 197 1 251
407 0 138 1 252
412 0 132 1 253
414 0 146 1 254
428 0 131 1 255
428 0 145 1 256
438 0 170 1 257
438 0 185 1 258
438 0 199 1 259
438 0 215 1 260
439 0 157 1 261
441 0 143 1 262
443 0 130 1 263
445 0 226 1 264
454 0 173 1 265
454 0 187 1 266
454 0 209 1 267
456 0 130 1 268
456 0 157 1 269
456 0 223 1 270
457 0 141 1 271
470 0 127 1 272
470 0 140 1 273
483 0 126 1 274
484 0 137 1 275
-64 0 111 4 276
-54 0 111 4 277
-44 0 111 4 278
-34 0 111 4 279
-24 0 111 4 280
-14 0 111 4 281
-4 0 111 4 282
6 0 111 4 283
16 0 111 4 284
26 0 111 4 285
36 0 111 4 286
46 0 111 4 287
56 0 111 4 288
66 0 111 4 289
76 0 111 4 290
86 0 111 4 291
96 0 111 4 292
106 0 111 4 293
116 0 111 4 294
126 0 111 4 295
136 0 111 4 296
146 0 111 4 297
156 0 111 4 298
166 0 111 4 299
176 0 111 4 300
186 0 111 4 301
196 0 111 4 302
206 0 111 4 303
216 0 111 4 304
226 0 111 4 305
236 0 111 4 306
246 0 111 4 307
256 0 111 4 308
266 0 111 4 309
276 0 111 4 310
286 0 111 4 311
296 0 111 4 312
306 0 111 4 313
316 0 111 4 314
326 0 111 4 315
336 0 111 4 316
346 0 111 4 317
356 0 111 4 318
366 0 111 4 319
376 0 111 4 320
386 0 111 4 321
396 0 111 4 322
406 0 111 4 323
416 0 111 4 324
426 0 111 4 325
436 0 111 4 326
446 0 111 4 327
456 0 111 4 328
466 0 111 4 329
476 0 111 4 330
486 0 111 4 331
496 0 111 4 332
504 0 113 4 333
504 0 123 4 334
504 0 133 4 335
504 0 143 4 336
504 0 153 4 337
504 0 163 4 338
504 0 173 4 339
504 0 183 4 340
504 0 193 4 341
504 0 203 4 342
504 0 213 4 343
504 0 223 4 344
504 0 233 4 345
504 0 243 4 346
500 0 249 4 347
490 0 249 4 348
480 0 249 4 349
470 0 249 4 350
460 0 249 4 351
450 0 249 4 352
440 0 249 4 353
430 0 249 4 354
420 0 249 4 355
410 0 249 4 356
400 0 249 4 357
390 0 249 4 358
380 0 249 4 359
