360
-44 0 217 1 0
-43 0 135 1 1
-39 0 143 1 2
-39 0 213 1 3
-37 0 225 1 4
-35 0 132 1 5
-34 0 152 1 6
-34 0 164 1 7
-34 0 178 1 8
-34 0 190 1 9
-34 0 202 1 10
-33 0 145 1 11
-33 0 213 1 12
-28 0 132 1 13
-27 0 225 1 14
-19 0 130 1 15
-19 0 160 1 16
-19 0 170 1 17
-19 0 202 1 18
-19 0 211 1 19
-18 0 143 1 20
-18 0 150 1 21
-18 0 181 1 22
-18 0 192 1 23
-16 0 223 1 24
-13 0 143 1 25
-12 0 130 1 26
-12 0 210 1 27
-8 0 136 1 28
-7 0 219 1 29
140 -10 167 4 30
139 -10 155 4 31
138 -10 181 4 32
132 -9 145 4 33
129 -9 193 4 34
123 -8 137 4 35
121 -7 199 4 36
117 -22 167 4 37
122 7 167 4 38
117 -22 179 4 39
122 7 179 4 40
113 -21 188 4 41
118 7 188 4 42
113 -21 156 4 43
117 7 156 4 44
112 -6 132 4 45
111 -6 208 4 46
107 -20 195 4 47
111 8 195 4 48
105 -20 150 4 49
109 9 150 4 50
101 -29 170 4 51
109 19 170 4 52
100 -29 180 4 53
108 19 180 4 54
99 -19 202 4 55
104 10 202 4 56
100 -4 218 4 57
99 -4 132 4 58
96 -18 148 4 59
101 10 148 4 60
94 -28 164 4 61
102 20 164 4 62
94 -28 187 4 63
102 20 187 4 64
91 -33 179 4 65
101 25 179 4 66
90 -33 171 4 67
100 26 171 4 68
90 -17 209 4 69
95 11 209 4 70
84 -32 184 4 71
94 27 184 4 72
88 -2 136 4 73
84 -27 164 4 74
92 22 164 4 75
84 -27 195 4 76
92 22 195 4 77
88 -2 226 4 78
85 -17 151 4 79
90 12 151 4 80
82 -31 174 4 81
92 27 174 4 82
78 -31 189 4 83
88 27 189 4 84
77 -15 156 4 85
82 13 156 4 86
75 -25 201 4 87
83 23 201 4 88
77 -15 220 4 89
82 13 220 4 90
78 0 143 4 91
74 -25 172 4 92
82 23 172 4 93
74 -30 179 4 94
83 28 179 4 95
74 -30 195 4 96
83 28 195 4 97
78 0 235 4 98
70 -29 189 4 99
79 29 189 4 100
71 0 137 4 101
66 -29 174 4 102
75 30 174 4 103
66 -24 198 4 104
75 25 198 4 105
65 -23 164 4 106
73 25 164 4 107
64 -28 184 4 108
73 30 184 4 109
64 -13 151 4 110
69 15 151 4 111
64 -13 210 4 112
69 15 210 4 113
67 1 226 4 114
60 -23 192 4 115
68 26 192 4 116
58 -27 171 4 117
68 31 171 4 118
62 1 133 4 119
57 -27 179 4 120
67 31 179 4 121
53 -21 163 4 122
61 27 163 4 123
52 -21 185 4 124
60 27 185 4 125
53 -11 201 4 126
58 17 201 4 127
55 3 215 4 128
51 -11 148 4 129
56 18 148 4 130
49 -21 173 4 131
57 28 173 4 132
48 4 133 4 133
44 -10 192 4 134
49 19 192 4 135
45 4 208 4 136
40 -9 157 4 137
45 19 157 4 138
38 -9 182 4 139
42 20 182 4 140
36 -8 169 4 141
40 20 169 4 142
35 6 135 4 143
33 6 198 4 144
25 7 144 4 145
23 8 188 4 146
17 9 156 4 147
17 9 173 4 148
148 0 167 1 149
148 0 178 1 150
148 0 192 1 151
149 0 144 1 152
149 0 156 1 153
149 0 204 1 154
152 0 134 1 155
153 0 218 1 156
160 0 224 1 157
162 0 161 1 158
162 0 195 1 159
163 0 134 1 160
163 0 176 1 161
163 0 188 1 162
164 0 206 1 163
166 0 145 1 164
167 0 218 1 165
173 0 188 1 166
175 0 176 1 167
183 0 188 1 168
187 0 173 1 169
194 0 187 1 170
197 0 172 1 171
204 0 141 1 172
204 0 153 1 173
204 0 161 1 174
204 0 185 1 175
204 0 194 1 176
204 0 205 1 177
205 0 131 1 178
205 0 170 1 179
205 0 217 1 180
212 0 224 1 181
215 0 127 1 182
219 0 145 1 183
219 0 161 1 184
219 0 176 1 185
220 0 194 1 186
220 0 208 1 187
222 0 221 1 188
223 0 134 1 189
236 0 138 1 190
237 0 162 1 191
238 0 150 1 192
239 0 175 1 193
240 0 192 1 194
244 0 208 1 195
246 0 129 1 196
253 0 136 1 197
253 0 175 1 198
254 0 156 1 199
254 0 198 1 200
255 0 219 1 201
264 0 212 1 202
268 0 225 1 203
277 0 214 1 204
284 0 221 1 205
288 0 202 1 206
292 0 134 1 207
292 0 186 1 208
293 0 146 1 209
293 0 160 1 210
293 0 172 1 211
297 0 214 1 212
300 0 126 1 213
305 0 200 1 214
308 0 139 1 215
308 0 179 1 216
309 0 159 1 217
329 0 142 1 218
329 0 159 1 219
329 0 199 1 220
329 0 212 1 221
336 0 171 1 222
338 0 219 1 223
339 0 131 1 224
341 0 203 1 225
345 0 151 1 226
348 0 181 1 227
350 0 141 1 228
350 0 211 1 229
352 0 126 1 230
354 0 166 1 231
357 0 224 1 232
359 0 211 1 233
360 0 187 1 234
362 0 138 1 235
363 0 125 1 236
365 0 174 1 237
370 0 193 1 238
372 0 210 1 239
373 0 222 1 240
374 0 142 1 241
376 0 181 1 242
378 0 129 1 243
380 0 203 1 244
383 0 153 1 245
385 0 219 1 246
388 0 188 1 247
390 0 138 1 248
391 0 149 1 249
395 0 210 1 250
396 0 197 1 251
407 0 138 1 252
412 0 132 1 253
414 0 146 1 254
428 0 131 1 255
428 0 145 1 256
438 0 170 1 257
438 0 185 1 258
438 0 199 1 259
438 0 215 1 260
439 0 157 1 261
441 0 143 1 262
443 0 130 1 263
445 0 226 1 264
454 0 173 1 265
454 0 187 1 266
454 0 209 1 267
456 0 130 1 268
456 0 157 1 269
456 0 223 1 270
457 0 141 1 271
470 0 127 1 272
470 0 140 1 273
483 0 126 1 274
484 0 137 1 275
-64 0 111 4 276
-54 0 111 4 277
-44 0 111 4 278
-34 0 111 4 279
-24 0 111 4 280
-14 0 111 4 281
-4 0 111 4 282
6 0 111 4 283
16 0 111 4 284
26 0 111 4 285
36 0 111 4 286
46 0 111 4 287
56 0 111 4 288
66 0 111 4 289
76 0 111 4 290
86 0 111 4 291
96 0 111 4 292
106 0 111 4 293
116 0 111 4 294
126 0 111 4 295
136 0 111 4 296
146 0 111 4 297
156 0 111 4 298
166 0 111 4 299
176 0 111 4 300
186 0 111 4 301
196 0 111 4 302
206 0 111 4 303
216 0 111 4 304
226 0 111 4 305
236 0 111 4 306
246 0 111 4 307
256 0 111 4 308
266 0 111 4 309
276 0 111 4 310
286 0 111 4 311
296 0 111 4 312
306 0 111 4 313
316 0 111 4 314
326 0 111 4 315
336 0 111 4 316
346 0 111 4 317
356 0 111 4 318
366 0 111 4 319
376 0 111 4 320
386 0 111 4 321
396 0 111 4 322
406 0 111 4 323
416 0 111 4 324
426 0 111 4 325
436 0 111 4 326
446 0 111 4 327
456 0 111 4 328
466 0 111 4 329
476 0 111 4 330
486 0 111 4 331
496 0 111 4 332
504 0 113 4 333
504 0 123 4 334
504 0 133 4 335
504 0 143 4 336
504 0 153 4 337
504 0 163 4 338
504 0 173 4 339
504 0 183 4 340
504 0 193 4 341
504 0 203 4 342
504 0 213 4 343
504 0 223 4 344
504 0 233 4 345
504 0 243 4 346
500 0 249 4 347
490 0 249 4 348
480 0 249 4 349
470 0 249 4 350
460 0 249 4 351
450 0 249 4 352
440 0 249 4 353
430 0 249 4 354
420 0 249 4 355
410 0 249 4 356
400 0 249 4 357
390 0 249 4 358
380 0 249 4 359
