360
-44 0 217 14 0
-43 0 135 4 1
-39 0 143 14 2
-39 0 213 4 3
-37 0 225 14 4
-35 0 132 4 5
-34 0 152 4 6
-34 0 164 4 7
-34 0 178 14 8
-34 0 190 14 9
-34 0 202 4 10
-33 0 145 4 11
-33 0 213 14 12
-28 0 132 14 13
-27 0 225 4 14
-19 0 130 4 15
-19 0 160 14 16
-19 0 170 4 17
-19 0 202 4 18
-19 0 211 4 19
-18 0 143 4 20
-18 0 150 14 21
-18 0 181 14 22
-18 0 192 4 23
-16 0 223 14 24
-13 0 143 4 25
-12 0 130 4 26
-12 0 210 14 27
-8 0 136 14 28
-7 0 219 14 29
6 0 167 14 30
7 0 155 14 31
8 0 181 14 32
14 0 145 14 33
17 0 193 14 34
23 0 137 14 35
25 0 199 14 36
26 15 167 4 37
26 -15 167 4 38
26 15 179 14 39
26 -15 179 14 40
30 15 188 14 41
30 -15 188 14 42
31 15 156 14 43
31 -15 156 4 44
34 0 132 14 45
35 0 208 14 46
37 15 195 4 47
37 -15 195 4 48
39 15 150 4 49
39 -15 150 4 50
41 25 170 4 51
41 -25 170 4 52
42 25 180 4 53
42 -25 180 4 54
45 15 202 4 55
45 -15 202 14 56
46 0 218 14 57
47 0 132 14 58
48 15 148 4 59
48 -15 148 4 60
48 25 164 14 61
48 -25 164 4 62
48 25 187 4 63
48 -25 187 4 64
50 30 179 4 65
50 -30 179 4 66
51 30 171 14 67
51 -30 171 4 68
54 15 209 14 69
54 -15 209 14 70
57 30 184 14 71
57 -30 184 4 72
58 0 136 14 73
58 25 164 4 74
58 -25 164 4 75
58 25 195 4 76
58 -25 195 4 77
58 0 226 14 78
59 15 151 4 79
59 -15 151 4 80
59 30 174 14 81
59 -30 174 14 82
63 30 189 4 83
63 -30 189 4 84
67 15 156 14 85
67 -15 156 4 86
67 25 201 4 87
67 -25 201 4 88
67 15 220 4 89
67 -15 220 4 90
68 0 143 14 91
68 25 172 14 92
68 -25 172 4 93
68 30 179 4 94
68 -30 179 14 95
68 30 195 4 96
68 -30 195 4 97
68 0 235 14 98
72 30 189 4 99
72 -30 189 4 100
76 0 137 14 101
76 30 174 4 102
76 -30 174 4 103
76 25 198 4 104
76 -25 198 4 105
78 25 164 4 106
78 -25 164 4 107
78 30 184 4 108
78 -30 184 4 109
80 15 151 4 110
80 -15 151 4 111
80 15 210 4 112
80 -15 210 14 113
80 0 226 14 114
83 25 192 4 115
83 -25 192 4 116
84 30 171 4 117
84 -30 171 4 118
85 0 133 14 119
85 30 179 4 120
85 -30 179 4 121
90 25 163 4 122
90 -25 163 4 123
91 25 185 4 124
91 -25 185 4 125
91 15 201 4 126
91 -15 201 4 127
92 0 215 14 128
93 15 148 4 129
93 -15 148 4 130
94 25 173 4 131
94 -25 173 4 132
99 0 133 14 133
100 15 192 14 134
100 -15 192 4 135
102 0 208 14 136
104 15 157 4 137
104 -15 157 4 138
107 15 182 4 139
107 -15 182 4 140
109 15 169 4 141
109 -15 169 4 142
112 0 135 4 143
114 0 198 4 144
122 0 144 14 145
124 0 188 4 146
130 0 156 4 147
130 0 173 4 148
148 0 167 4 149
148 0 178 4 150
148 0 192 4 151
149 0 144 4 152
149 0 156 4 153
149 0 204 14 154
152 0 134 4 155
153 0 218 4 156
160 0 224 4 157
162 0 161 4 158
162 0 195 4 159
163 0 134 4 160
163 0 176 4 161
163 0 188 4 162
164 0 206 4 163
166 0 145 4 164
167 0 218 4 165
173 0 188 4 166
175 0 176 4 167
183 0 188 4 168
187 0 173 4 169
194 0 187 4 170
197 0 172 4 171
204 0 141 4 172
204 0 153 4 173
204 0 161 14 174
204 0 185 14 175
204 0 194 4 176
204 0 205 14 177
205 0 131 4 178
205 0 170 14 179
205 0 217 4 180
212 0 224 4 181
215 0 127 14 182
219 0 145 4 183
219 0 161 4 184
219 0 176 4 185
220 0 194 4 186
220 0 208 4 187
222 0 221 4 188
223 0 134 14 189
236 0 138 4 190
237 0 162 4 191
238 0 150 14 192
239 0 175 4 193
240 0 192 4 194
244 0 208 4 195
246 0 129 14 196
253 0 136 4 197
253 0 175 4 198
254 0 156 14 199
254 0 198 14 200
255 0 219 4 201
264 0 212 4 202
268 0 225 4 203
277 0 214 4 204
284 0 221 4 205
288 0 202 4 206
292 0 134 4 207
292 0 186 4 208
293 0 146 4 209
293 0 160 14 210
293 0 172 14 211
297 0 214 4 212
300 0 126 4 213
305 0 200 4 214
308 0 139 4 215
308 0 179 4 216
309 0 159 4 217
329 0 142 14 218
329 0 159 4 219
329 0 199 4 220
329 0 212 4 221
336 0 171 4 222
338 0 219 4 223
339 0 131 4 224
341 0 203 4 225
345 0 151 4 226
348 0 181 4 227
350 0 141 4 228
350 0 211 4 229
352 0 126 14 230
354 0 166 4 231
357 0 224 4 232
359 0 211 4 233
360 0 187 4 234
362 0 138 14 235
363 0 125 14 236
365 0 174 4 237
370 0 193 4 238
372 0 210 4 239
373 0 222 4 240
374 0 142 14 241
376 0 181 14 242
378 0 129 14 243
380 0 203 4 244
383 0 153 4 245
385 0 219 14 246
388 0 188 14 247
390 0 138 14 248
391 0 149 14 249
395 0 210 14 250
396 0 197 4 251
407 0 138 14 252
412 0 132 14 253
414 0 146 4 254
428 0 131 14 255
428 0 145 14 256
438 0 170 4 257
438 0 185 4 258
438 0 199 4 259
438 0 215 4 260
439 0 157 14 261
441 0 143 14 262
443 0 130 14 263
445 0 226 4 264
454 0 173 14 265
454 0 187 14 266
454 0 209 14 267
456 0 130 14 268
456 0 157 14 269
456 0 223 14 270
457 0 141 14 271
470 0 127 14 272
470 0 140 14 273
483 0 126 14 274
484 0 137 14 275
-64 0 111 14 276
-54 0 111 4 277
-44 0 111 14 278
-34 0 111 4 279
-24 0 111 14 280
-14 0 111 14 281
-4 0 111 4 282
6 0 111 14 283
16 0 111 14 284
26 0 111 4 285
36 0 111 14 286
46 0 111 14 287
56 0 111 14 288
66 0 111 4 289
76 0 111 4 290
86 0 111 4 291
96 0 111 4 292
106 0 111 4 293
116 0 111 4 294
126 0 111 4 295
136 0 111 4 296
146 0 111 4 297
156 0 111 4 298
166 0 111 4 299
176 0 111 14 300
186 0 111 14 301
196 0 111 14 302
206 0 111 14 303
216 0 111 14 304
226 0 111 14 305
236 0 111 14 306
246 0 111 14 307
256 0 111 14 308
266 0 111 14 309
276 0 111 14 310
286 0 111 14 311
296 0 111 14 312
306 0 111 14 313
316 0 111 4 314
326 0 111 4 315
336 0 111 4 316
346 0 111 4 317
356 0 111 4 318
366 0 111 14 319
376 0 111 14 320
386 0 111 14 321
396 0 111 14 322
406 0 111 14 323
416 0 111 14 324
426 0 111 14 325
436 0 111 14 326
446 0 111 14 327
456 0 111 14 328
466 0 111 14 329
476 0 111 14 330
486 0 111 14 331
496 0 111 14 332
504 0 113 4 333
504 0 123 4 334
504 0 133 14 335
504 0 143 14 336
504 0 153 14 337
504 0 163 14 338
504 0 173 14 339
504 0 183 14 340
504 0 193 14 341
504 0 203 14 342
504 0 213 14 343
504 0 223 4 344
504 0 233 14 345
504 0 243 4 346
500 0 249 4 347
490 0 249 4 348
480 0 249 4 349
470 0 249 4 350
460 0 249 4 351
450 0 249 4 352
440 0 249 14 353
430 0 249 4 354
420 0 249 4 355
410 0 249 14 356
400 0 249 4 357
390 0 249 4 358
380 0 249 4 359
