360
-43 0 218 14 0
-42 0 135 4 1
-38 0 143 14 2
-38 0 215 4 3
-36 0 225 14 4
-33 0 132 4 5
-32 0 154 4 6
-32 0 166 4 7
-33 0 179 14 8
-33 0 190 14 9
-33 0 203 4 10
-31 0 147 4 11
-32 0 213 14 12
-27 0 133 14 13
-27 0 225 4 14
-17 0 130 4 15
-18 0 161 14 16
-18 0 172 4 17
-18 0 202 4 18
-19 0 211 4 19
-16 0 144 4 20
-17 0 151 14 21
-18 0 180 14 22
-18 0 192 4 23
-16 0 224 14 24
-11 0 143 4 25
-10 0 131 4 26
-12 0 210 14 27
-7 0 137 14 28
-7 0 219 14 29
7 0 168 14 30
8 0 156 14 31
8 0 181 14 32
15 0 146 14 33
16 0 194 14 34
23 0 137 14 35
25 0 199 14 36
25 15 167 4 37
25 -15 167 4 38
25 14 180 14 39
25 -14 180 14 40
29 14 190 14 41
28 -14 190 14 42
31 14 156 14 43
31 -15 155 4 44
35 0 133 14 45
35 0 208 14 46
37 15 197 4 47
36 -15 196 4 48
41 15 149 4 49
41 -15 149 4 50
39 24 173 4 51
38 -24 171 4 52
41 24 182 4 53
40 -24 181 4 54
45 15 204 4 55
44 -14 204 14 56
46 0 218 14 57
48 0 133 14 58
50 15 148 4 59
50 -15 148 4 60
51 23 164 14 61
69 -24 157 4 62
47 24 192 4 63
47 -24 189 4 64
51 29 188 4 65
47 -29 184 4 66
54 28 171 14 67
46 -29 178 4 68
55 14 209 14 69
54 -14 210 14 70
59 28 185 14 71
56 -29 189 4 72
60 0 136 14 73
79 24 157 4 74
79 -24 157 4 75
58 24 197 4 76
57 -24 197 4 77
58 0 232 14 78
61 15 151 4 79
61 -15 151 4 80
61 28 175 14 81
61 -28 176 14 82
66 29 197 4 83
61 -29 197 4 84
70 14 156 14 85
69 -15 156 4 86
68 24 202 4 87
67 -24 203 4 88
67 15 223 4 89
67 -15 223 4 90
69 0 144 14 91
71 23 172 14 92
70 -24 172 4 93
79 29 188 4 94
71 -28 180 14 95
71 29 199 4 96
69 -29 197 4 97
68 0 235 14 98
77 29 194 4 99
75 -29 194 4 100
78 0 138 14 101
78 29 174 4 102
95 -29 168 4 103
81 24 206 4 104
77 -24 199 4 105
99 24 157 4 106
98 -24 157 4 107
87 29 188 4 108
87 -29 188 4 109
81 15 152 4 110
84 -15 150 4 111
81 15 210 4 112
81 -14 211 14 113
81 0 226 14 114
90 24 197 4 115
87 -24 197 4 116
102 29 165 4 117
104 -29 164 4 118
86 0 133 14 119
92 29 181 4 120
95 -29 177 4 121
109 24 157 4 122
110 -24 156 4 123
92 24 185 4 124
92 -24 185 4 125
92 15 201 4 126
92 -15 201 4 127
93 0 215 14 128
96 15 147 4 129
111 -15 142 4 130
102 24 172 4 131
112 -24 167 4 132
103 0 132 14 133
101 14 192 14 134
106 -15 193 4 135
103 0 207 14 136
121 15 151 4 137
121 -15 151 4 138
113 15 181 4 139
113 -15 181 4 140
110 15 170 4 141
110 -15 170 4 142
129 0 130 4 143
120 0 200 4 144
123 0 145 14 145
129 0 188 4 146
148 0 150 4 147
136 0 172 4 148
156 0 166 4 149
154 0 178 4 150
151 0 192 4 151
167 0 138 4 152
163 0 151 4 153
153 0 205 14 154
167 0 129 4 155
156 0 219 4 156
165 0 225 4 157
167 0 160 4 158
166 0 195 4 159
180 0 129 4 160
169 0 175 4 161
168 0 186 4 162
168 0 206 4 163
181 0 140 4 164
171 0 220 4 165
177 0 187 4 166
180 0 175 4 167
186 0 187 4 168
194 0 172 4 169
199 0 185 4 170
203 0 171 4 171
215 0 138 4 172
208 0 153 4 173
206 0 161 14 174
205 0 184 14 175
205 0 194 4 176
205 0 204 14 177
218 0 127 4 178
206 0 170 14 179
206 0 217 4 180
216 0 227 4 181
221 0 125 14 182
228 0 141 4 183
226 0 159 4 184
221 0 175 4 185
224 0 192 4 186
224 0 205 4 187
228 0 224 4 188
228 0 132 14 189
245 0 135 4 190
242 0 161 4 191
238 0 150 14 192
244 0 173 4 193
244 0 189 4 194
247 0 205 4 195
250 0 128 14 196
260 0 133 4 197
256 0 174 4 198
255 0 156 14 199
257 0 195 14 200
258 0 222 4 201
266 0 209 4 202
273 0 228 4 203
280 0 210 4 204
290 0 223 4 205
290 0 199 4 206
297 0 131 4 207
295 0 183 4 208
296 0 145 4 209
293 0 161 14 210
294 0 171 14 211
302 0 208 4 212
305 0 124 4 213
308 0 195 4 214
311 0 138 4 215
310 0 177 4 216
312 0 156 4 217
329 0 142 14 218
331 0 158 4 219
333 0 195 4 220
334 0 209 4 221
339 0 169 4 222
341 0 220 4 223
342 0 128 4 224
345 0 199 4 225
347 0 149 4 226
351 0 179 4 227
352 0 139 4 228
353 0 211 4 229
352 0 126 14 230
357 0 163 4 231
359 0 225 4 232
362 0 211 4 233
362 0 184 4 234
362 0 137 14 235
367 0 122 14 236
369 0 172 4 237
374 0 190 4 238
375 0 209 4 239
376 0 222 4 240
375 0 141 14 241
378 0 179 14 242
380 0 127 14 243
382 0 202 4 244
384 0 151 4 245
387 0 218 14 246
390 0 186 14 247
391 0 136 14 248
393 0 146 14 249
397 0 208 14 250
397 0 195 4 251
407 0 138 14 252
413 0 130 14 253
414 0 146 4 254
429 0 128 14 255
429 0 142 14 256
438 0 169 4 257
438 0 184 4 258
438 0 197 4 259
438 0 214 4 260
439 0 156 14 261
442 0 142 14 262
443 0 129 14 263
444 0 225 4 264
455 0 173 14 265
455 0 185 14 266
455 0 207 14 267
456 0 130 14 268
456 0 158 14 269
457 0 220 14 270
457 0 141 14 271
469 0 128 14 272
470 0 140 14 273
482 0 126 14 274
483 0 137 14 275
-63 0 112 14 276
-52 0 113 4 277
-43 0 112 14 278
-32 0 113 4 279
-23 0 112 14 280
-13 0 112 14 281
-3 0 113 4 282
7 0 112 14 283
17 0 112 14 284
27 0 113 4 285
36 0 112 14 286
47 0 112 14 287
57 0 112 14 288
75 0 109 4 289
87 0 108 4 290
91 0 111 4 291
101 0 111 4 292
120 0 107 4 293
130 0 107 4 294
142 0 106 4 295
152 0 106 4 296
155 0 109 4 297
165 0 109 4 298
179 0 107 4 299
186 0 109 14 300
194 0 109 14 301
203 0 109 14 302
212 0 110 14 303
221 0 110 14 304
231 0 110 14 305
240 0 110 14 306
249 0 110 14 307
260 0 110 14 308
270 0 110 14 309
278 0 111 14 310
288 0 110 14 311
298 0 111 14 312
306 0 111 14 313
320 0 109 4 314
329 0 109 4 315
339 0 109 4 316
348 0 109 4 317
358 0 109 4 318
369 0 109 14 319
378 0 110 14 320
388 0 109 14 321
399 0 108 14 322
407 0 109 14 323
417 0 110 14 324
426 0 109 14 325
436 0 111 14 326
446 0 110 14 327
456 0 111 14 328
466 0 111 14 329
475 0 111 14 330
485 0 112 14 331
494 0 112 14 332
503 0 113 4 333
503 0 122 4 334
502 0 133 14 335
503 0 144 14 336
503 0 154 14 337
502 0 164 14 338
503 0 173 14 339
503 0 182 14 340
503 0 192 14 341
503 0 202 14 342
502 0 210 14 343
505 0 222 4 344
504 0 233 14 345
505 0 246 4 346
501 0 252 4 347
490 0 250 4 348
481 0 250 4 349
471 0 251 4 350
461 0 251 4 351
454 0 253 4 352
442 0 251 14 353
431 0 250 4 354
420 0 248 4 355
409 0 248 14 356
400 0 249 4 357
391 0 249 4 358
382 0 250 4 359
