360
-43 0 219 14 0
-41 1 135 4 1
-38 0 143 14 2
-38 1 216 4 3
-36 0 225 14 4
-33 -1 132 4 5
-31 1 155 4 6
-32 -1 167 4 7
-33 0 180 14 8
-33 0 191 14 9
-33 1 203 4 10
-30 -1 147 4 11
-32 0 213 14 12
-27 0 133 14 13
-27 -1 225 4 14
-17 -1 130 4 15
-18 0 161 14 16
-18 1 173 4 17
-18 1 202 4 18
-19 -1 212 4 19
-16 1 145 4 20
-17 0 151 14 21
-18 0 180 14 22
-18 -1 193 4 23
-16 0 224 14 24
-11 1 143 4 25
-10 -1 132 4 26
-12 0 211 14 27
-7 0 137 14 28
-7 0 220 14 29
7 0 168 14 30
8 0 156 14 31
8 0 181 14 32
15 0 146 14 33
15 0 194 14 34
23 0 137 14 35
25 0 199 14 36
24 15 167 4 37
24 -15 166 4 38
25 13 180 14 39
24 -13 180 14 40
29 13 191 14 41
28 -13 190 14 42
31 13 156 14 43
31 -15 155 4 44
35 0 133 14 45
35 0 208 14 46
36 15 198 4 47
35 -15 197 4 48
41 15 149 4 49
41 -15 149 4 50
38 24 174 4 51
37 -24 171 4 52
40 24 183 4 53
39 -24 182 4 54
45 15 204 4 55
43 -13 205 14 56
46 0 218 14 57
48 0 133 14 58
50 15 147 4 59
50 -15 147 4 60
52 22 164 14 61
77 -24 154 4 62
47 24 194 4 63
46 -24 190 4 64
52 28 192 4 65
46 -28 187 4 66
55 27 171 14 67
44 -28 180 4 68
55 13 210 14 69
54 -13 210 14 70
59 27 186 14 71
55 -28 191 4 72
60 0 135 14 73
87 24 154 4 74
87 -24 154 4 75
58 24 198 4 76
57 -24 198 4 77
58 0 235 14 78
61 15 151 4 79
61 -15 151 4 80
62 27 176 14 81
62 -27 177 14 82
67 28 201 4 83
61 -28 201 4 84
71 13 156 14 85
70 -15 156 4 86
68 24 203 4 87
67 -24 204 4 88
67 15 224 4 89
67 -15 224 4 90
69 0 144 14 91
72 22 172 14 92
71 -24 172 4 93
83 28 192 4 94
72 -27 180 14 95
72 28 201 4 96
69 -28 198 4 97
68 0 235 14 98
79 28 196 4 99
75 -28 196 4 100
78 0 138 14 101
79 28 174 4 102
102 -28 165 4 103
83 24 209 4 104
77 -24 199 4 105
106 24 155 4 106
105 -24 155 4 107
90 28 190 4 108
90 -28 190 4 109
81 15 152 4 110
86 -15 149 4 111
81 15 210 4 112
82 -13 211 14 113
81 0 227 14 114
93 24 199 4 115
89 -24 199 4 116
109 28 162 4 117
111 -28 162 4 118
86 0 133 14 119
95 28 182 4 120
99 -28 176 4 121
116 24 154 4 122
117 -24 154 4 123
92 24 185 4 124
92 -24 185 4 125
92 15 201 4 126
92 -15 201 4 127
93 0 215 14 128
97 15 147 4 129
117 -15 140 4 130
105 24 171 4 131
119 -24 165 4 132
104 0 132 14 133
101 13 192 14 134
109 -15 194 4 135
103 0 207 14 136
127 15 149 4 137
127 -15 149 4 138
116 15 181 4 139
116 -15 181 4 140
111 15 170 4 141
111 -15 170 4 142
135 1 128 4 143
122 1 201 4 144
123 0 145 14 145
130 1 188 4 146
154 1 148 4 147
138 -1 171 4 148
159 -1 165 4 149
156 -1 177 4 150
152 -1 192 4 151
174 -1 135 4 152
169 1 149 4 153
155 0 206 14 154
173 1 127 4 155
157 -1 220 4 156
166 -1 226 4 157
169 1 160 4 158
167 -1 195 4 159
187 1 126 4 160
171 1 175 4 161
170 1 186 4 162
169 -1 207 4 163
187 -1 137 4 164
173 1 220 4 165
178 1 187 4 166
182 -1 175 4 167
187 -1 187 4 168
196 -1 171 4 169
201 -1 184 4 170
205 1 170 4 171
219 1 136 4 172
210 1 152 4 173
207 0 161 14 174
205 0 184 14 175
205 1 194 4 176
205 0 204 14 177
222 1 125 4 178
206 0 170 14 179
206 1 217 4 180
218 -1 228 4 181
224 0 124 14 182
232 -1 140 4 183
229 1 158 4 184
222 1 175 4 185
225 1 191 4 186
225 -1 204 4 187
230 1 225 4 188
230 0 131 14 189
248 1 134 4 190
244 1 160 4 191
239 0 150 14 192
246 -1 172 4 193
245 -1 188 4 194
249 -1 205 4 195
252 0 127 14 196
263 1 132 4 197
257 1 174 4 198
255 0 156 14 199
258 0 195 14 200
260 -1 224 4 201
267 1 208 4 202
275 -1 229 4 203
281 1 209 4 204
292 -1 224 4 205
291 -1 198 4 206
299 -1 130 4 207
296 -1 182 4 208
297 -1 144 4 209
293 0 161 14 210
295 0 171 14 211
304 1 206 4 212
307 -1 123 4 213
310 -1 194 4 214
312 -1 137 4 215
311 1 176 4 216
313 1 155 4 217
329 0 142 14 218
332 1 157 4 219
335 1 193 4 220
336 1 208 4 221
340 -1 168 4 222
343 -1 221 4 223
344 -1 126 4 224
346 1 198 4 225
348 1 147 4 226
352 -1 178 4 227
353 -1 138 4 228
355 1 212 4 229
352 0 126 14 230
358 1 162 4 231
360 1 225 4 232
363 -1 212 4 233
364 -1 184 4 234
363 0 137 14 235
368 0 121 14 236
370 -1 171 4 237
376 -1 189 4 238
376 -1 209 4 239
377 -1 223 4 240
375 0 141 14 241
379 0 179 14 242
381 0 126 14 243
383 1 202 4 244
385 -1 150 4 245
388 0 218 14 246
391 0 186 14 247
392 0 135 14 248
394 0 144 14 249
398 0 208 14 250
397 -1 195 4 251
407 0 138 14 252
413 0 129 14 253
415 1 145 4 254
429 0 126 14 255
429 0 141 14 256
438 1 169 4 257
438 -1 184 4 258
438 1 197 4 259
438 -1 214 4 260
440 0 155 14 261
442 0 142 14 262
444 0 129 14 263
444 1 224 4 264
455 0 173 14 265
456 0 185 14 266
455 0 207 14 267
456 0 130 14 268
457 0 158 14 269
457 0 219 14 270
457 0 140 14 271
469 0 128 14 272
470 0 140 14 273
481 0 126 14 274
483 0 137 14 275
-63 0 112 14 276
-51 -1 113 4 277
-43 0 112 14 278
-32 1 113 4 279
-23 0 112 14 280
-13 0 112 14 281
-2 -1 113 4 282
7 0 112 14 283
17 0 112 14 284
28 -1 113 4 285
36 0 112 14 286
47 0 112 14 287
57 0 112 14 288
78 1 108 4 289
91 1 107 4 290
93 1 110 4 291
103 -1 110 4 292
126 -1 105 4 293
135 1 105 4 294
148 1 104 4 295
157 -1 104 4 296
159 -1 108 4 297
168 1 108 4 298
184 1 106 4 299
190 0 107 14 300
197 0 108 14 301
206 0 109 14 302
215 0 109 14 303
223 0 109 14 304
233 0 109 14 305
242 0 109 14 306
250 0 110 14 307
262 0 109 14 308
271 0 109 14 309
279 0 110 14 310
289 0 110 14 311
298 0 110 14 312
307 0 111 14 313
322 -1 109 4 314
331 1 109 4 315
340 -1 109 4 316
350 1 109 4 317
359 1 108 4 318
370 0 107 14 319
379 0 109 14 320
389 0 108 14 321
400 0 106 14 322
408 0 108 14 323
417 0 109 14 324
427 0 109 14 325
436 0 111 14 326
446 0 110 14 327
456 0 111 14 328
466 0 111 14 329
475 0 111 14 330
485 0 112 14 331
494 0 112 14 332
503 -1 113 4 333
503 1 122 4 334
502 0 133 14 335
502 0 145 14 336
502 0 155 14 337
502 0 164 14 338
503 0 173 14 339
502 0 182 14 340
503 0 192 14 341
503 0 201 14 342
501 0 209 14 343
505 -1 221 4 344
504 0 233 14 345
505 -1 248 4 346
501 1 253 4 347
490 -1 251 4 348
481 1 251 4 349
471 -1 251 4 350
462 1 251 4 351
456 1 255 4 352
443 0 251 14 353
432 -1 251 4 354
420 1 247 4 355
409 0 248 14 356
400 1 249 4 357
391 -1 249 4 358
383 -1 251 4 359
