360
-43 0 217 14 0
-42 0 135 4 1
-38 0 143 14 2
-38 0 213 4 3
-36 0 225 14 4
-34 0 132 4 5
-33 0 153 4 6
-33 0 165 4 7
-33 0 179 14 8
-33 0 190 14 9
-33 0 202 4 10
-32 0 146 4 11
-32 0 213 14 12
-27 0 133 14 13
-27 0 225 4 14
-18 0 130 4 15
-18 0 161 14 16
-18 0 171 4 17
-18 0 202 4 18
-19 0 211 4 19
-17 0 144 4 20
-17 0 151 14 21
-18 0 180 14 22
-18 0 192 4 23
-16 0 223 14 24
-12 0 143 4 25
-11 0 131 4 26
-12 0 210 14 27
-7 0 137 14 28
-7 0 219 14 29
7 0 168 14 30
8 0 156 14 31
8 0 181 14 32
15 0 146 14 33
17 0 193 14 34
23 0 137 14 35
25 0 199 14 36
26 15 167 4 37
26 -15 167 4 38
26 14 180 14 39
26 -14 180 14 40
30 14 189 14 41
30 -14 188 14 42
31 14 156 14 43
31 -15 156 4 44
35 0 133 14 45
35 0 208 14 46
37 15 195 4 47
37 -15 195 4 48
40 15 150 4 49
40 -15 150 4 50
40 24 171 4 51
40 -24 171 4 52
42 24 181 4 53
41 -24 180 4 54
45 15 202 4 55
45 -14 203 14 56
46 0 218 14 57
48 0 133 14 58
49 15 148 4 59
49 -15 148 4 60
49 24 164 14 61
57 -24 161 4 62
48 24 189 4 63
48 -24 188 4 64
51 29 182 4 65
49 -29 181 4 66
52 29 171 14 67
49 -29 174 4 68
55 14 209 14 69
54 -14 209 14 70
58 29 184 14 71
57 -29 186 4 72
59 0 136 14 73
67 24 161 4 74
67 -24 161 4 75
58 24 196 4 76
58 -24 196 4 77
58 0 228 14 78
60 15 151 4 79
60 -15 151 4 80
60 29 175 14 81
60 -29 175 14 82
65 29 192 4 83
63 -29 192 4 84
69 14 156 14 85
68 -15 156 4 86
68 24 201 4 87
67 -24 201 4 88
67 15 221 4 89
67 -15 221 4 90
69 0 144 14 91
70 24 172 14 92
69 -24 172 4 93
73 29 182 4 94
70 -29 180 14 95
69 29 197 4 96
69 -29 195 4 97
68 0 235 14 98
74 29 191 4 99
73 -29 191 4 100
77 0 138 14 101
77 29 174 4 102
84 -29 172 4 103
78 24 201 4 104
77 -24 198 4 105
87 24 162 4 106
86 -24 162 4 107
82 29 185 4 108
82 -29 185 4 109
81 15 152 4 110
82 -15 151 4 111
81 15 210 4 112
81 -14 210 14 113
81 0 226 14 114
86 24 194 4 115
85 -24 194 4 116
92 29 169 4 117
92 -29 169 4 118
86 0 133 14 119
88 29 180 4 120
90 -29 178 4 121
98 24 161 4 122
98 -24 161 4 123
92 24 185 4 124
92 -24 185 4 125
92 15 201 4 126
92 -15 201 4 127
93 0 215 14 128
95 15 148 4 129
101 -15 146 4 130
98 24 173 4 131
102 -24 171 4 132
101 0 133 14 133
101 14 192 14 134
103 -15 192 4 135
103 0 207 14 136
111 15 155 4 137
111 -15 155 4 138
110 15 181 4 139
110 -15 181 4 140
110 15 170 4 141
110 -15 170 4 142
119 0 133 4 143
117 0 199 4 144
123 0 145 14 145
126 0 188 4 146
138 0 154 4 147
133 0 173 4 148
152 0 167 4 149
151 0 178 4 150
150 0 192 4 151
157 0 142 4 152
155 0 154 4 153
151 0 204 14 154
158 0 132 4 155
155 0 218 4 156
162 0 224 4 157
165 0 161 4 158
164 0 195 4 159
170 0 132 4 160
166 0 176 4 161
165 0 187 4 162
166 0 206 4 163
173 0 143 4 164
169 0 218 4 165
175 0 187 4 166
177 0 176 4 167
184 0 187 4 168
190 0 173 4 169
196 0 186 4 170
200 0 172 4 171
209 0 140 4 172
206 0 153 4 173
205 0 161 14 174
205 0 184 14 175
205 0 194 4 176
205 0 204 14 177
211 0 130 4 178
206 0 170 14 179
206 0 217 4 180
214 0 225 4 181
218 0 126 14 182
223 0 144 4 183
222 0 160 4 184
220 0 176 4 185
221 0 193 4 186
221 0 206 4 187
224 0 222 4 188
225 0 134 14 189
239 0 137 4 190
239 0 162 4 191
238 0 150 14 192
241 0 174 4 193
241 0 191 4 194
245 0 207 4 195
247 0 129 14 196
256 0 135 4 197
254 0 175 4 198
254 0 156 14 199
255 0 197 14 200
256 0 220 4 201
265 0 211 4 202
270 0 226 4 203
278 0 212 4 204
286 0 222 4 205
289 0 200 4 206
294 0 133 4 207
293 0 184 4 208
294 0 146 4 209
293 0 161 14 210
293 0 172 14 211
299 0 211 4 212
302 0 125 4 213
306 0 198 4 214
309 0 139 4 215
309 0 179 4 216
310 0 158 4 217
329 0 142 14 218
329 0 159 4 219
330 0 197 4 220
331 0 211 4 221
337 0 171 4 222
339 0 219 4 223
340 0 130 4 224
342 0 201 4 225
346 0 150 4 226
349 0 180 4 227
351 0 141 4 228
351 0 211 4 229
352 0 126 14 230
355 0 165 4 231
358 0 224 4 232
360 0 211 4 233
361 0 186 4 234
362 0 138 14 235
364 0 124 14 236
366 0 173 4 237
371 0 191 4 238
373 0 209 4 239
374 0 222 4 240
374 0 142 14 241
377 0 180 14 242
379 0 128 14 243
381 0 202 4 244
383 0 153 4 245
386 0 218 14 246
389 0 187 14 247
390 0 137 14 248
391 0 148 14 249
395 0 209 14 250
396 0 196 4 251
407 0 138 14 252
412 0 132 14 253
414 0 146 4 254
428 0 130 14 255
428 0 144 14 256
438 0 170 4 257
438 0 184 4 258
438 0 198 4 259
438 0 214 4 260
439 0 157 14 261
441 0 143 14 262
443 0 130 14 263
444 0 225 4 264
454 0 173 14 265
454 0 186 14 266
454 0 208 14 267
456 0 130 14 268
456 0 158 14 269
456 0 221 14 270
457 0 141 14 271
469 0 128 14 272
470 0 140 14 273
482 0 126 14 274
483 0 137 14 275
-63 0 112 14 276
-53 0 112 4 277
-43 0 112 14 278
-33 0 112 4 279
-23 0 112 14 280
-13 0 112 14 281
-3 0 112 4 282
7 0 112 14 283
17 0 112 14 284
27 0 112 4 285
36 0 112 14 286
47 0 112 14 287
57 0 112 14 288
70 0 111 4 289
81 0 110 4 290
89 0 111 4 291
98 0 111 4 292
112 0 110 4 293
122 0 110 4 294
133 0 109 4 295
143 0 109 4 296
150 0 110 4 297
160 0 110 4 298
172 0 110 4 299
180 0 110 14 300
190 0 110 14 301
199 0 111 14 302
209 0 111 14 303
219 0 111 14 304
228 0 111 14 305
237 0 111 14 306
247 0 111 14 307
257 0 111 14 308
267 0 111 14 309
277 0 111 14 310
287 0 111 14 311
296 0 111 14 312
306 0 111 14 313
317 0 111 4 314
327 0 111 4 315
337 0 111 4 316
347 0 111 4 317
357 0 111 4 318
367 0 110 14 319
376 0 111 14 320
386 0 111 14 321
397 0 110 14 322
406 0 111 14 323
416 0 111 14 324
426 0 111 14 325
436 0 111 14 326
446 0 111 14 327
456 0 111 14 328
466 0 111 14 329
475 0 111 14 330
485 0 112 14 331
495 0 112 14 332
503 0 113 4 333
503 0 123 4 334
503 0 133 14 335
503 0 144 14 336
503 0 154 14 337
503 0 164 14 338
503 0 173 14 339
503 0 182 14 340
503 0 192 14 341
503 0 202 14 342
503 0 212 14 343
504 0 222 4 344
504 0 233 14 345
504 0 244 4 346
500 0 250 4 347
490 0 249 4 348
480 0 249 4 349
470 0 249 4 350
460 0 249 4 351
451 0 251 4 352
440 0 249 14 353
430 0 249 4 354
420 0 248 4 355
409 0 248 14 356
400 0 249 4 357
390 0 249 4 358
381 0 249 4 359
