360
-41 0 234 14 0
-33 10 132 4 1
-36 0 140 14 2
-34 10 237 4 3
-36 0 227 14 4
-20 -10 131 4 5
-15 10 172 4 6
-19 -10 184 4 7
-26 0 188 14 8
-29 0 200 14 9
-26 10 216 4 10
-12 -10 160 4 11
-32 0 215 14 12
-23 0 137 14 13
-27 -10 232 4 14
-7 -10 130 4 15
-14 0 166 14 16
-14 10 186 4 17
-18 10 205 4 18
-22 -10 219 4 19
-4 10 152 4 20
-10 0 153 14 21
-18 0 180 14 22
-18 -10 202 4 23
-18 0 236 14 24
1 10 142 4 25
1 -10 139 4 26
-12 0 218 14 27
-4 0 138 14 28
-12 0 228 14 29
8 0 169 14 30
12 0 157 14 31
5 0 184 14 32
17 0 147 14 33
1 0 204 14 34
22 0 135 14 35
18 0 203 14 36
5 15 166 4 37
9 -15 159 4 38
14 4 187 14 39
7 -4 192 14 40
15 4 219 14 41
8 -4 210 14 42
27 4 151 14 43
29 -15 141 4 44
39 0 139 14 45
28 0 214 14 46
28 15 219 4 47
21 -15 213 4 48
52 15 136 4 49
52 -15 136 4 50
15 17 194 4 51
7 -17 177 4 52
22 17 208 4 53
15 -17 197 4 54
41 15 225 4 55
27 -4 229 14 56
39 0 221 14 57
53 0 138 14 58
64 15 138 4 59
64 -15 138 4 60
73 7 159 14 61
274 -17 82 4 62
35 17 246 4 63
31 -17 217 4 64
61 19 284 4 65
13 -19 244 4 66
78 8 170 14 67
-9 -19 241 4 68
62 4 218 14 69
51 -4 221 14 70
72 8 204 14 71
38 -19 245 4 72
72 0 127 14 73
281 17 83 4 74
281 -17 83 4 75
58 17 224 4 76
45 -17 223 4 77
53 0 298 14 78
75 15 145 4 79
75 -15 145 4 80
81 8 182 14 81
79 -8 194 14 82
92 19 286 4 83
40 -19 287 4 84
95 4 155 14 85
84 -15 154 4 86
72 17 221 4 87
60 -17 226 4 88
66 15 256 4 89
66 -15 256 4 90
71 0 146 14 91
99 7 169 14 92
90 -17 171 4 93
186 19 283 4 94
100 -8 180 14 95
95 19 249 4 96
73 -19 220 4 97
68 0 242 14 98
123 19 249 4 99
96 -19 247 4 100
92 0 139 14 101
93 19 172 4 102
277 -19 100 4 103
125 17 289 4 104
84 -17 213 4 105
299 17 86 4 106
291 -17 86 4 107
169 19 236 4 108
169 -19 236 4 109
88 15 153 4 110
121 -15 135 4 111
85 15 217 4 112
90 -4 224 14 113
82 0 235 14 114
156 17 249 4 115
127 -17 250 4 116
280 19 99 4 117
294 -19 93 4 118
87 0 132 14 119
160 19 209 4 120
195 -19 151 4 121
296 17 90 4 122
302 -17 86 4 123
98 17 187 4 124
98 -17 187 4 125
95 15 204 4 126
95 -15 204 4 127
99 0 218 14 128
125 15 134 4 129
282 -15 81 4 130
180 17 157 4 131
286 -17 103 4 132
135 0 118 14 133
108 4 192 14 134
165 -15 213 4 135
107 0 206 14 136
284 15 91 4 137
284 -15 91 4 138
172 15 176 4 139
172 -15 176 4 140
118 15 170 4 141
118 -15 170 4 142
288 10 77 4 143
173 10 228 4 144
127 0 148 14 145
171 10 191 4 146
319 10 85 4 147
191 -10 157 4 148
230 -10 148 4 149
207 -10 170 4 150
178 -10 193 4 151
345 -10 71 4 152
302 10 98 4 153
190 0 222 14 154
313 10 78 4 155
185 -10 234 4 156
206 -10 242 4 157
218 10 146 4 158
199 -10 195 4 159
349 10 68 4 160
221 10 164 4 161
212 10 173 4 162
199 -10 214 4 163
329 -10 82 4 164
208 10 240 4 165
207 10 182 4 166
225 -10 164 4 167
210 -10 182 4 168
254 -10 155 4 169
243 -10 168 4 170
257 10 154 4 171
322 10 98 4 172
247 10 144 4 173
225 0 155 14 174
207 0 183 14 175
212 10 195 4 176
205 0 203 14 177
343 10 82 4 178
213 0 167 14 179
211 10 218 4 180
253 -10 260 4 181
289 0 100 14 182
327 -10 99 4 183
305 10 131 4 184
250 10 165 4 185
264 10 175 4 186
264 -10 179 4 187
288 10 259 4 188
283 0 110 14 189
338 10 99 4 190
299 10 144 4 191
248 0 149 14 192
299 -10 148 4 193
285 -10 166 4 194
287 -10 184 4 195
298 0 110 14 196
338 10 102 4 197
289 10 161 4 198
267 0 155 14 199
290 0 176 14 200
298 -10 258 4 201
293 10 185 4 202
329 -10 261 4 203
315 10 176 4 204
353 -10 251 4 205
318 -10 172 4 206
349 -10 101 4 207
331 -10 156 4 208
326 -10 126 4 209
293 0 161 14 210
312 0 161 14 211
358 10 158 4 212
357 -10 96 4 213
347 -10 154 4 214
346 -10 118 4 215
336 10 154 4 216
346 10 124 4 217
334 0 138 14 218
354 10 142 4 219
377 10 159 4 220
391 10 186 4 221
369 -10 145 4 222
380 -10 237 4 223
379 -10 92 4 224
386 10 169 4 225
375 10 119 4 226
382 -10 154 4 227
376 -10 116 4 228
393 10 221 4 229
353 0 125 14 230
393 10 132 4 231
385 10 238 4 232
395 -10 221 4 233
392 -10 165 4 234
371 0 126 14 235
407 0 87 14 236
409 -10 147 4 237
418 -10 166 4 238
405 -10 202 4 239
410 -10 232 4 240
387 0 129 14 241
407 0 159 14 242
404 0 99 14 243
407 10 200 4 244
402 -10 128 4 245
412 0 217 14 246
414 0 174 14 247
411 0 110 14 248
416 0 106 14 249
419 0 197 14 250
410 -10 181 4 251
408 0 137 14 252
425 0 107 14 253
423 10 138 4 254
439 0 88 14 255
439 0 107 14 256
438 10 159 4 257
442 -10 180 4 258
442 10 184 4 259
440 -10 211 4 260
448 0 140 14 261
454 0 128 14 262
451 0 117 14 263
442 10 215 4 264
466 0 168 14 265
470 0 174 14 266
466 0 195 14 267
456 0 129 14 268
464 0 159 14 269
470 0 194 14 270
461 0 131 14 271
468 0 131 14 272
472 0 138 14 273
473 0 123 14 274
481 0 134 14 275
-59 0 115 14 276
-37 -10 125 4 277
-41 0 115 14 278
-20 10 125 4 279
-23 0 115 14 280
-8 0 115 14 281
7 -10 125 4 282
10 0 115 14 283
24 0 116 14 284
37 -10 125 4 285
36 0 117 14 286
49 0 116 14 287
61 0 116 14 288
156 10 86 4 289
190 10 78 4 290
142 10 101 4 291
145 -10 101 4 292
259 -10 62 4 293
262 10 62 4 294
299 10 55 4 295
301 -10 55 4 296
242 -10 80 4 297
245 10 80 4 298
308 10 67 4 299
279 0 79 14 300
271 0 84 14 301
270 0 88 14 302
270 0 90 14 303
278 0 91 14 304
288 0 90 14 305
287 0 93 14 306
284 0 97 14 307
304 0 91 14 308
311 0 94 14 309
304 0 101 14 310
317 0 98 14 311
318 0 103 14 312
314 0 109 14 313
365 -10 89 4 314
368 10 89 4 315
375 -10 88 4 316
378 10 88 4 317
384 10 86 4 318
404 0 79 14 319
400 0 90 14 320
411 0 86 14 321
433 0 69 14 322
424 0 86 14 323
429 0 90 14 324
435 0 88 14 325
438 0 105 14 326
448 0 96 14 327
458 0 108 14 328
466 0 106 14 329
473 0 111 14 330
482 0 113 14 331
482 0 117 14 332
501 -10 109 4 333
501 10 112 4 334
489 0 130 14 335
494 0 154 14 336
494 0 163 14 337
489 0 169 14 338
499 0 173 14 339
494 0 177 14 340
496 0 185 14 341
496 0 194 14 342
487 0 188 14 343
516 -10 214 4 344
511 0 239 14 345
515 -10 283 4 346
514 10 285 4 347
496 -10 265 4 348
493 10 265 4 349
484 -10 271 4 350
481 10 271 4 351
498 10 303 4 352
464 0 271 14 353
448 -10 270 4 354
424 10 240 4 355
409 0 246 14 356
407 10 255 4 357
404 -10 255 4 358
408 -10 269 4 359
