360
-43 0 223 14 0
-39 4 134 4 1
-38 0 142 14 2
-37 4 222 4 3
-36 0 225 14 4
-29 -4 132 4 5
-26 4 160 4 6
-28 -4 173 4 7
-31 0 182 14 8
-32 0 193 14 9
-31 4 207 4 10
-25 -4 151 4 11
-32 0 213 14 12
-26 0 134 14 13
-27 -4 227 4 14
-14 -4 130 4 15
-17 0 163 14 16
-17 4 177 4 17
-18 4 203 4 18
-20 -4 214 4 19
-12 4 147 4 20
-15 0 151 14 21
-18 0 180 14 22
-18 -4 195 4 23
-17 0 228 14 24
-7 4 143 4 25
-7 -4 134 4 26
-12 0 213 14 27
-6 0 137 14 28
-9 0 222 14 29
7 0 168 14 30
9 0 156 14 31
7 0 182 14 32
15 0 146 14 33
11 0 197 14 34
23 0 137 14 35
23 0 200 14 36
18 15 167 4 37
20 -15 164 4 38
22 10 182 14 39
19 -10 184 14 40
25 10 200 14 41
22 -10 196 14 42
30 10 154 14 43
31 -15 151 4 44
36 0 135 14 45
33 0 210 14 46
34 15 204 4 47
31 -15 201 4 48
44 15 145 4 49
44 -15 145 4 50
31 22 180 4 51
28 -22 173 4 52
35 22 191 4 53
32 -22 186 4 54
44 15 211 4 55
38 -10 212 14 56
44 0 219 14 57
50 0 135 14 58
54 15 145 4 59
54 -15 145 4 60
58 18 162 14 61
136 -22 133 4 62
43 22 210 4 63
42 -22 198 4 64
55 25 219 4 65
36 -25 204 4 66
62 21 171 14 67
28 -25 198 4 68
57 10 212 14 69
53 -10 213 14 70
63 21 192 14 71
50 -25 207 4 72
64 0 133 14 73
145 22 133 4 74
145 -22 133 4 75
58 22 206 4 76
53 -22 206 4 77
56 0 253 14 78
65 15 149 4 79
65 -15 149 4 80
68 21 178 14 81
67 -21 181 14 82
74 25 226 4 83
55 -25 226 4 84
78 10 156 14 85
74 -15 156 4 86
69 22 209 4 87
65 -22 210 4 88
67 15 234 4 89
67 -15 234 4 90
69 0 144 14 91
80 18 171 14 92
77 -22 172 4 93
114 25 219 4 94
80 -21 180 14 95
79 25 216 4 96
70 -25 204 4 97
68 0 237 14 98
92 25 212 4 99
81 -25 211 4 100
82 0 138 14 101
83 25 174 4 102
154 -25 146 4 103
95 22 233 4 104
79 -22 204 4 105
164 22 134 4 106
161 -22 134 4 107
113 25 204 4 108
113 -25 204 4 109
83 15 152 4 110
96 -15 145 4 111
82 15 212 4 112
84 -10 215 14 113
81 0 229 14 114
112 22 214 4 115
100 -22 214 4 116
160 25 144 4 117
166 -25 141 4 118
86 0 133 14 119
114 25 190 4 120
128 -25 168 4 121
170 22 135 4 122
172 -22 134 4 123
94 22 185 4 124
94 -22 185 4 125
93 15 202 4 126
93 -15 202 4 127
95 0 216 14 128
105 15 143 4 129
167 -15 122 4 130
127 22 167 4 131
169 -22 146 4 132
113 0 128 14 133
103 10 192 14 134
125 -15 200 4 135
104 0 207 14 136
174 15 132 4 137
174 -15 132 4 138
132 15 180 4 139
132 -15 180 4 140
113 15 170 4 141
113 -15 170 4 142
181 4 113 4 143
137 4 209 4 144
124 0 146 14 145
142 4 189 4 146
203 4 129 4 147
154 -4 167 4 148
180 -4 160 4 149
171 -4 175 4 150
160 -4 192 4 151
224 -4 116 4 152
209 4 134 4 153
165 0 211 14 154
215 4 113 4 155
165 -4 224 4 156
178 -4 231 4 157
184 4 155 4 158
177 -4 195 4 159
234 4 109 4 160
186 4 172 4 161
182 4 182 4 162
178 -4 209 4 163
229 -4 121 4 164
183 4 226 4 165
186 4 185 4 166
195 -4 172 4 167
194 -4 185 4 168
214 -4 166 4 169
214 -4 180 4 170
220 4 166 4 171
249 4 125 4 172
220 4 150 4 173
213 0 159 14 174
205 0 184 14 175
207 4 194 4 176
205 0 204 14 177
258 4 113 4 178
208 0 169 14 179
208 4 217 4 180
228 -4 238 4 181
243 0 117 14 182
260 -4 128 4 183
252 4 150 4 184
231 4 172 4 185
237 4 186 4 186
237 -4 196 4 187
247 4 235 4 188
246 0 125 14 189
275 4 123 4 190
260 4 155 4 191
242 0 150 14 192
262 -4 165 4 193
257 -4 181 4 194
260 -4 198 4 195
266 0 122 14 196
285 4 123 4 197
267 4 170 4 198
259 0 156 14 199
268 0 189 14 200
271 -4 234 4 201
275 4 201 4 202
291 -4 239 4 203
291 4 199 4 204
310 -4 232 4 205
299 -4 190 4 206
314 -4 122 4 207
307 -4 175 4 208
306 -4 139 4 209
293 0 161 14 210
300 0 168 14 211
320 4 192 4 212
322 -4 115 4 213
321 -4 182 4 214
322 -4 131 4 215
318 4 170 4 216
323 4 146 4 217
331 0 141 14 218
338 4 153 4 219
347 4 183 4 220
352 4 202 4 221
349 -4 161 4 222
354 -4 225 4 223
354 -4 116 4 224
358 4 189 4 225
356 4 139 4 226
361 -4 171 4 227
360 -4 132 4 228
366 4 215 4 229
352 0 126 14 230
369 4 153 4 231
368 4 229 4 232
373 -4 215 4 233
372 -4 179 4 234
365 0 134 14 235
380 0 111 14 236
382 -4 164 4 237
388 -4 182 4 238
384 -4 207 4 239
387 -4 226 4 240
379 0 137 14 241
387 0 173 14 242
388 0 118 14 243
390 4 202 4 244
390 -4 144 4 245
395 0 218 14 246
398 0 182 14 247
398 0 127 14 248
400 0 133 14 249
404 0 205 14 250
401 -4 191 4 251
407 0 138 14 252
417 0 123 14 253
417 4 143 4 254
432 0 115 14 255
432 0 131 14 256
438 4 166 4 257
439 -4 183 4 258
439 4 193 4 259
439 -4 213 4 260
442 0 151 14 261
446 0 137 14 262
446 0 125 14 263
444 4 221 4 264
458 0 171 14 265
460 0 181 14 266
458 0 203 14 267
456 0 130 14 268
459 0 158 14 269
461 0 211 14 270
458 0 137 14 271
469 0 129 14 272
471 0 140 14 273
479 0 125 14 274
482 0 136 14 275
-62 0 113 14 276
-47 -4 117 4 277
-42 0 113 14 278
-28 4 117 4 279
-23 0 113 14 280
-11 0 113 14 281
1 -4 117 4 282
8 0 113 14 283
19 0 113 14 284
31 -4 117 4 285
36 0 114 14 286
47 0 113 14 287
58 0 113 14 288
101 4 102 4 289
120 4 99 4 290
108 4 107 4 291
115 -4 107 4 292
166 -4 93 4 293
173 4 93 4 294
193 4 90 4 295
200 -4 90 4 296
184 -4 99 4 297
191 4 99 4 298
220 4 94 4 299
217 0 99 14 300
219 0 101 14 301
224 0 102 14 302
230 0 103 14 303
240 0 103 14 304
250 0 103 14 305
255 0 104 14 306
260 0 106 14 307
274 0 103 14 308
283 0 105 14 309
287 0 107 14 310
297 0 106 14 311
304 0 108 14 312
309 0 111 14 313
335 -4 103 4 314
342 4 103 4 315
351 -4 102 4 316
358 4 102 4 317
367 4 102 4 318
380 0 99 14 319
385 0 103 14 320
395 0 102 14 321
410 0 95 14 322
413 0 102 14 323
421 0 103 14 324
429 0 102 14 325
437 0 109 14 326
446 0 105 14 327
457 0 110 14 328
466 0 109 14 329
474 0 111 14 330
484 0 112 14 331
490 0 114 14 332
502 -4 112 4 333
502 4 119 4 334
498 0 132 14 335
500 0 147 14 336
500 0 157 14 337
498 0 166 14 338
502 0 173 14 339
500 0 180 14 340
501 0 190 14 341
501 0 199 14 342
497 0 203 14 343
508 -4 219 4 344
506 0 235 14 345
508 -4 258 4 346
505 4 263 4 347
492 -4 255 4 348
485 4 255 4 349
475 -4 257 4 350
468 4 257 4 351
468 4 270 4 352
449 0 257 14 353
437 -4 257 4 354
421 4 245 4 355
409 0 248 14 356
402 4 251 4 357
395 -4 251 4 358
391 -4 257 4 359
