360
-43 0 222 14 0
-40 3 134 4 1
-38 0 142 14 2
-37 3 220 4 3
-36 0 225 14 4
-30 -3 132 4 5
-28 3 159 4 6
-29 -3 171 4 7
-31 0 181 14 8
-32 0 193 14 9
-31 3 206 4 10
-26 -3 150 4 11
-32 0 213 14 12
-26 0 134 14 13
-27 -3 227 4 14
-15 -3 130 4 15
-17 0 162 14 16
-17 3 176 4 17
-18 3 203 4 18
-20 -3 213 4 19
-13 3 146 4 20
-15 0 151 14 21
-18 0 180 14 22
-18 -3 195 4 23
-16 0 227 14 24
-8 3 143 4 25
-7 -3 133 4 26
-12 0 212 14 27
-6 0 137 14 28
-8 0 222 14 29
7 0 168 14 30
9 0 156 14 31
7 0 182 14 32
15 0 146 14 33
12 0 196 14 34
23 0 137 14 35
23 0 200 14 36
20 15 167 4 37
21 -15 165 4 38
23 11 181 14 39
20 -11 183 14 40
26 11 198 14 41
23 -11 195 14 42
30 11 155 14 43
31 -15 152 4 44
36 0 135 14 45
33 0 210 14 46
34 15 202 4 47
32 -15 200 4 48
43 15 146 4 49
43 -15 146 4 50
33 22 178 4 51
30 -22 173 4 52
36 22 189 4 53
34 -22 185 4 54
44 15 209 4 55
40 -11 210 14 56
44 0 219 14 57
49 0 134 14 58
53 15 145 4 59
53 -15 145 4 60
56 19 163 14 61
121 -22 138 4 62
44 22 206 4 63
43 -22 196 4 64
54 26 212 4 65
39 -26 199 4 66
60 23 171 14 67
32 -26 193 4 68
57 11 212 14 69
53 -11 212 14 70
62 23 190 14 71
51 -26 203 4 72
63 0 133 14 73
130 22 138 4 74
130 -22 138 4 75
58 22 204 4 76
54 -22 204 4 77
57 0 249 14 78
64 15 149 4 79
64 -15 149 4 80
66 23 177 14 81
66 -23 180 14 82
72 26 220 4 83
56 -26 220 4 84
76 11 156 14 85
73 -15 156 4 86
69 22 207 4 87
65 -22 208 4 88
67 15 231 4 89
67 -15 231 4 90
69 0 144 14 91
78 19 171 14 92
75 -22 172 4 93
106 26 212 4 94
78 -23 180 14 95
77 26 212 4 96
70 -26 202 4 97
68 0 237 14 98
89 26 208 4 99
80 -26 207 4 100
81 0 138 14 101
82 26 174 4 102
141 -26 151 4 103
92 22 227 4 104
79 -22 203 4 105
149 22 140 4 106
146 -22 140 4 107
107 26 200 4 108
107 -26 200 4 109
83 15 152 4 110
93 -15 146 4 111
82 15 212 4 112
83 -11 214 14 113
81 0 229 14 114
107 22 210 4 115
97 -22 210 4 116
147 26 148 4 117
152 -26 146 4 118
86 0 133 14 119
109 26 188 4 120
120 -26 170 4 121
156 22 140 4 122
158 -22 139 4 123
94 22 185 4 124
94 -22 185 4 125
93 15 202 4 126
93 -15 202 4 127
95 0 216 14 128
103 15 144 4 129
154 -15 127 4 130
122 22 168 4 131
156 -22 151 4 132
111 0 129 14 133
103 11 192 14 134
121 -15 198 4 135
104 0 207 14 136
162 15 136 4 137
162 -15 136 4 138
128 15 180 4 139
128 -15 180 4 140
112 15 170 4 141
112 -15 170 4 142
169 3 117 4 143
133 3 207 4 144
124 0 146 14 145
139 3 189 4 146
191 3 134 4 147
150 -3 168 4 148
175 -3 161 4 149
167 -3 176 4 150
158 -3 192 4 151
212 -3 121 4 152
199 3 138 4 153
163 0 209 14 154
204 3 116 4 155
163 -3 223 4 156
175 -3 229 4 157
180 3 156 4 158
174 -3 195 4 159
222 3 113 4 160
182 3 173 4 161
179 3 183 4 162
176 -3 208 4 163
219 -3 125 4 164
181 3 225 4 165
184 3 186 4 166
191 -3 173 4 167
192 -3 186 4 168
209 -3 168 4 169
210 -3 180 4 170
217 3 167 4 171
241 3 128 4 172
218 3 150 4 173
211 0 159 14 174
205 0 184 14 175
207 3 194 4 176
205 0 204 14 177
249 3 116 4 178
208 0 169 14 179
207 3 217 4 180
225 -3 235 4 181
238 0 119 14 182
253 -3 131 4 183
246 3 152 4 184
229 3 173 4 185
234 3 187 4 186
234 -3 198 4 187
243 3 233 4 188
242 0 127 14 189
268 3 126 4 190
256 3 157 4 191
241 0 150 14 192
258 -3 167 4 193
254 -3 183 4 194
257 -3 200 4 195
262 0 123 14 196
280 3 125 4 197
264 3 171 4 198
258 0 156 14 199
265 0 190 14 200
268 -3 231 4 201
273 3 203 4 202
287 -3 236 4 203
289 3 201 4 204
306 -3 230 4 205
297 -3 192 4 206
310 -3 124 4 207
304 -3 177 4 208
303 -3 140 4 209
293 0 161 14 210
299 0 169 14 211
316 3 195 4 212
318 -3 117 4 213
318 -3 185 4 214
320 -3 133 4 215
317 3 171 4 216
320 3 148 4 217
330 0 141 14 218
337 3 154 4 219
344 3 186 4 220
348 3 203 4 221
346 -3 163 4 222
351 -3 224 4 223
352 -3 119 4 224
355 3 192 4 225
354 3 141 4 226
359 -3 173 4 227
358 -3 134 4 228
363 3 214 4 229
352 0 126 14 230
366 3 155 4 231
366 3 228 4 232
370 -3 214 4 233
370 -3 180 4 234
365 0 135 14 235
377 0 113 14 236
379 -3 166 4 237
385 -3 184 4 238
382 -3 207 4 239
384 -3 225 4 240
378 0 138 14 241
385 0 174 14 242
386 0 120 14 243
388 3 202 4 244
389 -3 145 4 245
393 0 218 14 246
396 0 183 14 247
396 0 129 14 248
399 0 136 14 249
402 0 206 14 250
400 -3 192 4 251
407 0 138 14 252
416 0 125 14 253
417 3 144 4 254
431 0 118 14 255
431 0 133 14 256
438 3 167 4 257
439 -3 183 4 258
439 3 194 4 259
438 -3 213 4 260
441 0 152 14 261
445 0 138 14 262
445 0 126 14 263
444 3 222 4 264
458 0 172 14 265
459 0 182 14 266
457 0 204 14 267
456 0 130 14 268
458 0 158 14 269
460 0 213 14 270
458 0 138 14 271
469 0 129 14 272
470 0 140 14 273
480 0 125 14 274
483 0 136 14 275
-62 0 113 14 276
-48 -3 116 4 277
-43 0 113 14 278
-29 3 116 4 279
-23 0 113 14 280
-12 0 113 14 281
0 -3 116 4 282
8 0 113 14 283
19 0 113 14 284
30 -3 116 4 285
36 0 113 14 286
47 0 113 14 287
58 0 113 14 288
95 3 103 4 289
113 3 101 4 290
104 3 108 4 291
112 -3 108 4 292
155 -3 96 4 293
163 3 96 4 294
182 3 94 4 295
189 -3 94 4 296
177 -3 101 4 297
185 3 101 4 298
212 3 97 4 299
210 0 101 14 300
214 0 103 14 301
220 0 104 14 302
226 0 105 14 303
236 0 105 14 304
246 0 105 14 305
252 0 106 14 306
258 0 107 14 307
271 0 105 14 308
280 0 106 14 309
285 0 108 14 310
295 0 107 14 311
303 0 109 14 312
308 0 111 14 313
331 -3 104 4 314
339 3 104 4 315
348 -3 104 4 316
356 3 104 4 317
365 3 103 4 318
378 0 101 14 319
383 0 105 14 320
394 0 104 14 321
407 0 98 14 322
411 0 104 14 323
420 0 105 14 324
429 0 104 14 325
436 0 109 14 326
446 0 106 14 327
456 0 110 14 328
466 0 110 14 329
475 0 111 14 330
484 0 112 14 331
491 0 113 14 332
503 -3 112 4 333
503 3 120 4 334
499 0 132 14 335
500 0 147 14 336
501 0 157 14 337
499 0 165 14 338
502 0 173 14 339
501 0 180 14 340
501 0 190 14 341
501 0 200 14 342
498 0 205 14 343
508 -3 220 4 344
506 0 235 14 345
507 -3 255 4 346
504 3 260 4 347
492 -3 254 4 348
484 3 254 4 349
474 -3 256 4 350
466 3 256 4 351
465 3 266 4 352
447 0 256 14 353
435 -3 255 4 354
421 3 246 4 355
409 0 248 14 356
402 3 250 4 357
394 -3 250 4 358
389 -3 255 4 359
