360
-41 0 233 14 0
-34 10 132 4 1
-36 0 140 14 2
-34 10 236 4 3
-36 0 227 14 4
-21 -10 131 4 5
-16 10 172 4 6
-19 -10 184 4 7
-26 0 188 14 8
-29 0 200 14 9
-27 10 216 4 10
-12 -10 160 4 11
-32 0 215 14 12
-23 0 137 14 13
-27 -10 232 4 14
-7 -10 130 4 15
-14 0 166 14 16
-14 10 186 4 17
-18 10 205 4 18
-22 -10 218 4 19
-4 10 151 4 20
-11 0 153 14 21
-18 0 180 14 22
-18 -10 202 4 23
-18 0 236 14 24
1 10 142 4 25
1 -10 138 4 26
-12 0 218 14 27
-4 0 138 14 28
-12 0 228 14 29
8 0 169 14 30
12 0 157 14 31
5 0 184 14 32
17 0 147 14 33
2 0 204 14 34
22 0 135 14 35
19 0 203 14 36
6 15 166 4 37
9 -15 159 4 38
15 4 187 14 39
7 -4 192 14 40
15 4 218 14 41
8 -4 210 14 42
27 4 151 14 43
29 -15 142 4 44
39 0 139 14 45
28 0 214 14 46
28 15 218 4 47
21 -15 212 4 48
51 15 136 4 49
51 -15 136 4 50
15 18 193 4 51
8 -18 177 4 52
22 18 208 4 53
16 -18 196 4 54
41 15 225 4 55
28 -4 228 14 56
39 0 221 14 57
53 0 138 14 58
64 15 138 4 59
64 -15 138 4 60
72 7 159 14 61
269 -18 84 4 62
35 18 245 4 63
31 -18 216 4 64
61 19 282 4 65
14 -19 242 4 66
78 9 170 14 67
-7 -19 240 4 68
61 4 218 14 69
51 -4 221 14 70
72 9 204 14 71
38 -19 244 4 72
72 0 127 14 73
277 18 85 4 74
277 -18 85 4 75
58 18 223 4 76
45 -18 223 4 77
53 0 296 14 78
75 15 145 4 79
75 -15 145 4 80
81 9 182 14 81
78 -9 193 14 82
91 19 284 4 83
41 -19 285 4 84
94 4 155 14 85
84 -15 154 4 86
72 18 221 4 87
61 -18 225 4 88
66 15 255 4 89
66 -15 255 4 90
71 0 146 14 91
98 7 169 14 92
90 -18 171 4 93
184 19 281 4 94
99 -9 180 14 95
94 19 248 4 96
73 -19 219 4 97
68 0 242 14 98
122 19 248 4 99
95 -19 246 4 100
92 0 139 14 101
92 19 172 4 102
273 -19 102 4 103
124 18 287 4 104
84 -18 213 4 105
294 18 88 4 106
286 -18 88 4 107
167 19 235 4 108
167 -19 235 4 109
88 15 153 4 110
120 -15 135 4 111
85 15 217 4 112
89 -4 224 14 113
82 0 235 14 114
155 18 248 4 115
126 -18 249 4 116
276 19 101 4 117
290 -19 94 4 118
87 0 132 14 119
159 19 209 4 120
193 -19 151 4 121
291 18 92 4 122
298 -18 88 4 123
98 18 187 4 124
98 -18 187 4 125
95 15 204 4 126
95 -15 204 4 127
99 0 218 14 128
124 15 134 4 129
279 -15 82 4 130
178 18 157 4 131
282 -18 105 4 132
134 0 119 14 133
108 4 192 14 134
163 -15 213 4 135
107 0 206 14 136
281 15 92 4 137
281 -15 92 4 138
170 15 176 4 139
170 -15 176 4 140
118 15 170 4 141
118 -15 170 4 142
284 10 78 4 143
172 10 228 4 144
127 0 148 14 145
170 10 191 4 146
315 10 86 4 147
189 -10 157 4 148
228 -10 148 4 149
206 -10 171 4 150
178 -10 193 4 151
341 -10 73 4 152
299 10 99 4 153
190 0 222 14 154
309 10 79 4 155
184 -10 234 4 156
205 -10 242 4 157
216 10 146 4 158
198 -10 195 4 159
345 10 70 4 160
220 10 164 4 161
211 10 174 4 162
198 -10 214 4 163
326 -10 83 4 164
208 10 240 4 165
206 10 182 4 166
224 -10 164 4 167
209 -10 182 4 168
253 -10 155 4 169
242 -10 168 4 170
256 10 155 4 171
320 10 99 4 172
246 10 144 4 173
225 0 155 14 174
207 0 183 14 175
211 10 195 4 176
205 0 203 14 177
340 10 83 4 178
213 0 167 14 179
211 10 218 4 180
252 -10 259 4 181
287 0 101 14 182
324 -10 100 4 183
303 10 131 4 184
250 10 165 4 185
263 10 175 4 186
263 -10 180 4 187
287 10 258 4 188
281 0 111 14 189
336 10 100 4 190
297 10 144 4 191
248 0 149 14 192
298 -10 148 4 193
284 -10 167 4 194
286 -10 184 4 195
297 0 110 14 196
336 10 102 4 197
288 10 161 4 198
267 0 155 14 199
289 0 176 14 200
297 -10 258 4 201
293 10 186 4 202
328 -10 260 4 203
314 10 177 4 204
351 -10 251 4 205
317 -10 173 4 206
348 -10 102 4 207
330 -10 156 4 208
326 -10 127 4 209
293 0 161 14 210
312 0 161 14 211
357 10 159 4 212
356 -10 96 4 213
346 -10 155 4 214
345 -10 118 4 215
335 10 154 4 216
345 10 125 4 217
334 0 138 14 218
353 10 143 4 219
376 10 160 4 220
389 10 186 4 221
369 -10 146 4 222
379 -10 236 4 223
379 -10 92 4 224
385 10 170 4 225
374 10 120 4 226
381 -10 154 4 227
376 -10 117 4 228
392 10 221 4 229
353 0 125 14 230
392 10 132 4 231
385 10 238 4 232
394 -10 221 4 233
391 -10 165 4 234
371 0 126 14 235
406 0 88 14 236
408 -10 147 4 237
417 -10 166 4 238
404 -10 202 4 239
409 -10 232 4 240
387 0 130 14 241
406 0 160 14 242
404 0 99 14 243
406 10 200 4 244
401 -10 128 4 245
411 0 217 14 246
414 0 174 14 247
410 0 110 14 248
415 0 107 14 249
419 0 197 14 250
410 -10 182 4 251
408 0 137 14 252
425 0 108 14 253
423 10 139 4 254
439 0 89 14 255
439 0 108 14 256
438 10 159 4 257
442 -10 180 4 258
442 10 184 4 259
440 -10 211 4 260
447 0 141 14 261
454 0 128 14 262
451 0 118 14 263
442 10 215 4 264
466 0 168 14 265
469 0 175 14 266
465 0 195 14 267
456 0 129 14 268
464 0 159 14 269
469 0 195 14 270
461 0 131 14 271
468 0 131 14 272
472 0 138 14 273
474 0 123 14 274
481 0 134 14 275
-59 0 115 14 276
-37 -10 124 4 277
-41 0 115 14 278
-20 10 124 4 279
-23 0 115 14 280
-8 0 115 14 281
7 -10 124 4 282
10 0 115 14 283
24 0 116 14 284
37 -10 124 4 285
36 0 117 14 286
49 0 116 14 287
61 0 116 14 288
154 10 86 4 289
188 10 79 4 290
140 10 101 4 291
144 -10 101 4 292
256 -10 63 4 293
259 10 63 4 294
295 10 57 4 295
298 -10 57 4 296
240 -10 81 4 297
243 10 81 4 298
305 10 68 4 299
277 0 79 14 300
269 0 84 14 301
269 0 88 14 302
268 0 90 14 303
277 0 91 14 304
287 0 90 14 305
286 0 93 14 306
284 0 97 14 307
303 0 91 14 308
310 0 95 14 309
304 0 101 14 310
316 0 99 14 311
318 0 103 14 312
314 0 109 14 313
364 -10 90 4 314
367 10 90 4 315
374 -10 88 4 316
377 10 88 4 317
384 10 86 4 318
403 0 80 14 319
399 0 90 14 320
410 0 87 14 321
432 0 70 14 322
423 0 87 14 323
429 0 90 14 324
435 0 88 14 325
438 0 105 14 326
448 0 96 14 327
458 0 108 14 328
466 0 106 14 329
473 0 111 14 330
482 0 113 14 331
482 0 117 14 332
501 -10 109 4 333
501 10 112 4 334
490 0 130 14 335
494 0 154 14 336
495 0 163 14 337
490 0 169 14 338
499 0 173 14 339
495 0 177 14 340
496 0 185 14 341
496 0 195 14 342
488 0 189 14 343
516 -10 214 4 344
510 0 239 14 345
515 -10 282 4 346
513 10 284 4 347
496 -10 265 4 348
493 10 265 4 349
483 -10 271 4 350
480 10 271 4 351
497 10 302 4 352
463 0 270 14 353
447 -10 270 4 354
424 10 241 4 355
409 0 246 14 356
406 10 254 4 357
403 -10 254 4 358
408 -10 269 4 359
