360
-42 0 233 14 0
-34 9 132 4 1
-37 0 141 14 2
-35 9 235 4 3
-36 0 227 14 4
-21 -9 131 4 5
-16 9 171 4 6
-20 -9 183 4 7
-26 0 188 14 8
-30 0 199 14 9
-27 9 215 4 10
-13 -9 159 4 11
-32 0 215 14 12
-24 0 137 14 13
-27 -9 231 4 14
-8 -9 130 4 15
-15 0 165 14 16
-15 9 185 4 17
-18 9 204 4 18
-22 -9 218 4 19
-5 9 151 4 20
-11 0 153 14 21
-18 0 180 14 22
-18 -9 201 4 23
-18 0 235 14 24
0 9 143 4 25
0 -9 138 4 26
-12 0 218 14 27
-4 0 138 14 28
-12 0 227 14 29
8 0 169 14 30
11 0 157 14 31
5 0 184 14 32
16 0 146 14 33
2 0 203 14 34
22 0 135 14 35
19 0 203 14 36
7 15 167 4 37
10 -15 159 4 38
15 5 187 14 39
8 -5 191 14 40
16 5 217 14 41
9 -5 209 14 42
28 5 152 14 43
30 -15 142 4 44
38 0 139 14 45
28 0 214 14 46
28 15 217 4 47
22 -15 211 4 48
51 15 137 4 49
51 -15 137 4 50
16 18 192 4 51
9 -18 177 4 52
23 18 206 4 53
17 -18 196 4 54
42 15 224 4 55
28 -5 227 14 56
39 0 221 14 57
53 0 138 14 58
63 15 139 4 59
63 -15 139 4 60
71 8 160 14 61
259 -18 87 4 62
36 18 242 4 63
32 -18 215 4 64
60 20 277 4 65
15 -20 240 4 66
77 10 171 14 67
-5 -20 237 4 68
61 5 217 14 69
51 -5 220 14 70
71 10 203 14 71
39 -20 241 4 72
71 0 128 14 73
267 18 88 4 74
267 -18 88 4 75
58 18 222 4 76
46 -18 221 4 77
53 0 293 14 78
74 15 145 4 79
74 -15 145 4 80
80 10 182 14 81
77 -10 192 14 82
90 20 280 4 83
42 -20 281 4 84
93 5 155 14 85
83 -15 154 4 86
72 18 220 4 87
61 -18 224 4 88
66 15 254 4 89
66 -15 254 4 90
70 0 146 14 91
97 8 170 14 92
89 -18 172 4 93
179 20 277 4 94
98 -10 180 14 95
93 20 246 4 96
72 -20 218 4 97
68 0 241 14 98
120 20 245 4 99
94 -20 244 4 100
91 0 139 14 101
92 20 172 4 102
265 -20 105 4 103
122 18 283 4 104
84 -18 212 4 105
284 18 91 4 106
277 -18 91 4 107
163 20 233 4 108
163 -20 233 4 109
88 15 152 4 110
118 -15 136 4 111
85 15 216 4 112
89 -5 223 14 113
82 0 234 14 114
152 18 245 4 115
124 -18 246 4 116
267 20 104 4 117
280 -20 98 4 118
87 0 132 14 119
156 20 207 4 120
188 -20 153 4 121
282 18 95 4 122
288 -18 91 4 123
97 18 187 4 124
97 -18 187 4 125
95 15 203 4 126
95 -15 203 4 127
98 0 218 14 128
123 15 135 4 129
270 -15 85 4 130
174 18 158 4 131
274 -18 108 4 132
133 0 119 14 133
108 5 192 14 134
161 -15 212 4 135
106 0 207 14 136
273 15 95 4 137
273 -15 95 4 138
168 15 176 4 139
168 -15 176 4 140
117 15 170 4 141
117 -15 170 4 142
277 9 81 4 143
169 9 226 4 144
126 0 147 14 145
168 9 191 4 146
307 9 89 4 147
187 -9 158 4 148
225 -9 149 4 149
203 -9 171 4 150
176 -9 192 4 151
332 -9 76 4 152
293 9 102 4 153
188 0 221 14 154
302 9 81 4 155
183 -9 233 4 156
203 -9 241 4 157
214 9 147 4 158
197 -9 195 4 159
337 9 73 4 160
218 9 165 4 161
208 9 174 4 162
197 -9 214 4 163
319 -9 86 4 164
206 9 239 4 165
205 9 182 4 166
221 -9 165 4 167
208 -9 182 4 168
250 -9 156 4 169
240 -9 169 4 170
253 9 156 4 171
315 9 101 4 172
244 9 145 4 173
224 0 155 14 174
206 0 183 14 175
211 9 194 4 176
205 0 204 14 177
334 9 86 4 178
213 0 168 14 179
211 9 217 4 180
250 -9 258 4 181
284 0 102 14 182
320 -9 102 4 183
299 9 133 4 184
248 9 166 4 185
261 9 176 4 186
261 -9 180 4 187
284 9 257 4 188
279 0 112 14 189
331 9 102 4 190
295 9 145 4 191
247 0 149 14 192
295 -9 149 4 193
282 -9 168 4 194
284 -9 185 4 195
294 0 111 14 196
332 9 104 4 197
287 9 162 4 198
266 0 155 14 199
288 0 177 14 200
295 -9 256 4 201
291 9 187 4 202
325 -9 259 4 203
312 9 178 4 204
348 -9 249 4 205
316 -9 174 4 206
346 -9 103 4 207
329 -9 158 4 208
324 -9 128 4 209
293 0 161 14 210
311 0 162 14 211
354 9 161 4 212
353 -9 98 4 213
344 -9 157 4 214
343 -9 119 4 215
334 9 155 4 216
344 9 126 4 217
334 0 138 14 218
352 9 143 4 219
373 9 161 4 220
387 9 187 4 221
367 -9 147 4 222
377 -9 235 4 223
377 -9 94 4 224
383 9 171 4 225
373 9 121 4 226
380 -9 155 4 227
375 -9 118 4 228
390 9 221 4 229
353 0 126 14 230
391 9 134 4 231
384 9 237 4 232
393 -9 221 4 233
390 -9 166 4 234
371 0 127 14 235
404 0 89 14 236
406 -9 148 4 237
414 -9 167 4 238
403 -9 203 4 239
408 -9 232 4 240
386 0 130 14 241
405 0 161 14 242
403 0 101 14 243
405 9 200 4 244
400 -9 129 4 245
410 0 217 14 246
413 0 175 14 247
409 0 112 14 248
414 0 109 14 249
418 0 198 14 250
409 -9 182 4 251
408 0 137 14 252
424 0 109 14 253
423 9 139 4 254
438 0 91 14 255
438 0 109 14 256
438 9 160 4 257
442 -9 180 4 258
442 9 185 4 259
440 -9 212 4 260
447 0 141 14 261
453 0 129 14 262
450 0 118 14 263
443 9 215 4 264
465 0 169 14 265
469 0 175 14 266
465 0 196 14 267
456 0 130 14 268
463 0 159 14 269
469 0 196 14 270
460 0 131 14 271
468 0 130 14 272
472 0 138 14 273
474 0 123 14 274
481 0 135 14 275
-59 0 115 14 276
-38 -9 124 4 277
-41 0 115 14 278
-21 9 124 4 279
-23 0 115 14 280
-8 0 115 14 281
6 -9 124 4 282
10 0 115 14 283
24 0 116 14 284
36 -9 124 4 285
36 0 117 14 286
48 0 116 14 287
61 0 116 14 288
150 9 87 4 289
183 9 80 4 290
138 9 101 4 291
141 -9 101 4 292
249 -9 66 4 293
252 9 66 4 294
287 9 59 4 295
291 -9 59 4 296
236 -9 82 4 297
239 9 82 4 298
299 9 70 4 299
273 0 81 14 300
265 0 85 14 301
266 0 89 14 302
266 0 91 14 303
274 0 92 14 304
284 0 91 14 305
284 0 94 14 306
282 0 98 14 307
301 0 92 14 308
308 0 95 14 309
303 0 101 14 310
315 0 99 14 311
317 0 103 14 312
313 0 109 14 313
362 -9 91 4 314
365 9 91 4 315
373 -9 89 4 316
376 9 89 4 317
383 9 87 4 318
401 0 81 14 319
398 0 91 14 320
409 0 88 14 321
431 0 72 14 322
423 0 88 14 323
428 0 91 14 324
435 0 89 14 325
438 0 105 14 326
447 0 97 14 327
458 0 109 14 328
466 0 107 14 329
473 0 111 14 330
482 0 112 14 331
483 0 116 14 332
501 -9 109 4 333
501 9 113 4 334
490 0 131 14 335
494 0 153 14 336
495 0 162 14 337
490 0 169 14 338
500 0 173 14 339
495 0 177 14 340
496 0 186 14 341
496 0 195 14 342
488 0 190 14 343
515 -9 214 4 344
510 0 239 14 345
514 -9 281 4 346
513 9 283 4 347
495 -9 264 4 348
492 9 264 4 349
483 -9 270 4 350
479 9 270 4 351
495 9 300 4 352
462 0 269 14 353
447 -9 269 4 354
423 9 241 4 355
409 0 246 14 356
406 9 254 4 357
403 -9 254 4 358
407 -9 268 4 359
