360
-42 0 227 14 0
-37 6 133 4 1
-37 0 141 14 2
-36 6 228 4 3
-36 0 226 14 4
-26 -6 131 4 5
-22 6 165 4 6
-24 -6 178 4 7
-29 0 184 14 8
-31 0 196 14 9
-29 6 211 4 10
-20 -6 155 4 11
-32 0 214 14 12
-25 0 135 14 13
-27 -6 229 4 14
-11 -6 130 4 15
-16 0 164 14 16
-16 6 180 4 17
-18 6 204 4 18
-21 -6 216 4 19
-9 6 149 4 20
-13 0 152 14 21
-18 0 180 14 22
-18 -6 198 4 23
-17 0 231 14 24
-4 6 143 4 25
-3 -6 136 4 26
-12 0 215 14 27
-5 0 138 14 28
-10 0 225 14 29
7 0 169 14 30
10 0 157 14 31
6 0 183 14 32
16 0 146 14 33
7 0 200 14 34
23 0 136 14 35
21 0 201 14 36
13 15 167 4 37
15 -15 162 4 38
19 8 184 14 39
14 -8 187 14 40
21 8 207 14 41
16 -8 202 14 42
29 8 153 14 43
30 -15 147 4 44
37 0 137 14 45
31 0 212 14 46
31 15 210 4 47
27 -15 206 4 48
47 15 141 4 49
47 -15 141 4 50
25 20 185 4 51
20 -20 175 4 52
30 20 198 4 53
25 -20 190 4 54
43 15 216 4 55
34 -8 219 14 56
42 0 220 14 57
51 0 136 14 58
58 15 142 4 59
58 -15 142 4 60
64 13 161 14 61
191 -20 113 4 62
40 20 224 4 63
37 -20 205 4 64
57 23 245 4 65
27 -23 220 4 66
68 16 171 14 67
14 -23 215 4 68
59 8 215 14 69
52 -8 216 14 70
67 16 197 14 71
45 -23 222 4 72
67 0 130 14 73
200 20 113 4 74
200 -20 113 4 75
58 20 213 4 76
50 -20 213 4 77
55 0 271 14 78
69 15 147 4 79
69 -15 147 4 80
73 16 180 14 81
72 -16 186 14 82
81 23 250 4 83
49 -23 251 4 84
85 8 155 14 85
78 -15 155 4 86
71 20 214 4 87
63 -20 216 4 88
67 15 242 4 89
67 -15 242 4 90
70 0 145 14 91
88 13 170 14 92
82 -20 172 4 93
143 23 245 4 94
88 -16 180 14 95
85 23 229 4 96
71 -23 210 4 97
68 0 239 14 98
105 23 227 4 99
87 -23 226 4 100
86 0 139 14 101
87 23 173 4 102
204 -23 128 4 103
107 20 255 4 104
81 -20 208 4 105
218 20 115 4 106
213 -20 115 4 107
135 23 217 4 108
135 -23 217 4 109
85 15 152 4 110
106 -15 141 4 111
84 15 214 4 112
86 -8 219 14 113
81 0 232 14 114
129 20 228 4 115
111 -20 228 4 116
208 23 126 4 117
217 -23 122 4 118
86 0 132 14 119
133 23 198 4 120
154 -23 161 4 121
220 20 117 4 122
223 -20 115 4 123
95 20 186 4 124
95 -20 186 4 125
94 15 203 4 126
94 -15 203 4 127
96 0 217 14 128
113 15 139 4 129
213 -15 106 4 130
148 20 163 4 131
216 -20 129 4 132
122 0 124 14 133
105 8 192 14 134
141 -15 205 4 135
105 0 207 14 136
218 15 115 4 137
218 -15 115 4 138
148 15 178 4 139
148 -15 178 4 140
115 15 170 4 141
115 -15 170 4 142
223 6 99 4 143
151 6 217 4 144
125 0 146 14 145
154 6 190 4 146
249 6 111 4 147
168 -6 163 4 148
201 -6 155 4 149
185 -6 173 4 150
167 -6 192 4 151
272 -6 98 4 152
246 6 120 4 153
175 0 215 14 154
253 6 99 4 155
173 -6 228 4 156
189 -6 235 4 157
197 6 151 4 158
186 -6 195 4 159
280 6 93 4 160
200 6 169 4 161
194 6 179 4 162
186 -6 211 4 163
269 -6 105 4 164
193 6 232 4 165
194 6 184 4 166
207 -6 169 4 167
200 -6 184 4 168
229 -6 162 4 169
225 -6 175 4 170
235 6 161 4 171
278 6 114 4 172
231 6 147 4 173
218 0 157 14 174
206 0 183 14 175
209 6 194 4 176
205 0 204 14 177
292 6 101 4 178
210 0 168 14 179
209 6 217 4 180
238 -6 246 4 181
261 0 110 14 182
287 -6 116 4 183
273 6 142 4 184
239 6 169 4 185
248 6 181 4 186
248 -6 189 4 187
263 6 245 4 188
260 0 119 14 189
300 6 114 4 190
276 6 151 4 191
244 0 149 14 192
277 -6 158 4 193
268 -6 176 4 194
271 -6 193 4 195
278 0 117 14 196
306 6 114 4 197
276 6 166 4 198
262 0 155 14 199
277 0 183 14 200
282 -6 244 4 201
282 6 195 4 202
306 -6 247 4 203
301 6 189 4 204
327 -6 240 4 205
307 -6 183 4 206
328 -6 113 4 207
316 -6 167 4 208
314 -6 134 4 209
293 0 161 14 210
305 0 165 14 211
335 6 179 4 212
336 -6 107 4 213
331 -6 171 4 214
332 -6 126 4 215
325 6 163 4 216
332 6 137 4 217
332 0 140 14 218
345 6 149 4 219
359 6 174 4 220
368 6 195 4 221
357 -6 155 4 222
364 -6 230 4 223
364 -6 106 4 224
369 6 181 4 225
364 6 131 4 226
369 -6 164 4 227
366 -6 126 4 228
377 6 217 4 229
352 0 126 14 230
378 6 144 4 231
375 6 233 4 232
382 -6 217 4 233
380 -6 173 4 234
368 0 131 14 235
391 0 101 14 236
393 -6 157 4 237
400 -6 176 4 238
392 -6 205 4 239
396 -6 228 4 240
382 0 134 14 241
395 0 167 14 242
394 0 110 14 243
397 6 201 4 244
395 -6 137 4 245
402 0 217 14 246
404 0 179 14 247
403 0 120 14 248
407 0 122 14 249
410 0 202 14 250
405 -6 187 4 251
407 0 137 14 252
420 0 117 14 253
420 6 141 4 254
435 0 104 14 255
435 0 121 14 256
438 6 163 4 257
441 -6 182 4 258
441 6 189 4 259
439 -6 213 4 260
444 0 147 14 261
449 0 133 14 262
448 0 122 14 263
443 6 219 4 264
462 0 170 14 265
464 0 179 14 266
461 0 200 14 267
456 0 130 14 268
461 0 159 14 269
464 0 204 14 270
459 0 135 14 271
469 0 129 14 272
471 0 139 14 273
477 0 124 14 274
482 0 135 14 275
-60 0 114 14 276
-43 -6 120 4 277
-42 0 114 14 278
-25 6 120 4 279
-23 0 114 14 280
-10 0 114 14 281
3 -6 120 4 282
9 0 114 14 283
21 0 114 14 284
33 -6 120 4 285
36 0 115 14 286
48 0 114 14 287
60 0 114 14 288
123 6 95 4 289
148 6 90 4 290
121 6 105 4 291
127 -6 105 4 292
203 -6 81 4 293
209 6 81 4 294
235 6 76 4 295
240 -6 76 4 296
207 -6 92 4 297
213 6 92 4 298
255 6 83 4 299
241 0 91 14 300
239 0 94 14 301
243 0 97 14 302
246 0 98 14 303
255 0 98 14 304
265 0 98 14 305
268 0 100 14 306
270 0 102 14 307
286 0 98 14 308
294 0 101 14 309
294 0 105 14 310
305 0 103 14 311
310 0 106 14 312
311 0 110 14 313
347 -6 97 4 314
352 6 97 4 315
360 -6 97 4 316
366 6 97 4 317
374 6 95 4 318
390 0 91 14 319
391 0 98 14 320
402 0 96 14 321
419 0 85 14 322
417 0 96 14 323
424 0 98 14 324
432 0 97 14 325
437 0 107 14 326
447 0 101 14 327
457 0 109 14 328
466 0 108 14 329
474 0 111 14 330
483 0 112 14 331
487 0 115 14 332
502 -6 111 4 333
502 6 116 4 334
495 0 131 14 335
497 0 150 14 336
498 0 160 14 337
495 0 167 14 338
501 0 173 14 339
498 0 179 14 340
499 0 188 14 341
499 0 197 14 342
493 0 197 14 343
512 -6 217 4 344
508 0 237 14 345
511 -6 268 4 346
508 6 271 4 347
494 -6 259 4 348
488 6 259 4 349
478 -6 263 4 350
473 6 263 4 351
480 6 283 4 352
455 0 263 14 353
441 -6 262 4 354
422 6 243 4 355
409 0 247 14 356
404 6 252 4 357
398 -6 252 4 358
398 -6 262 4 359
