360
-43 0 221 14 0
-40 2 134 4 1
-38 0 143 14 2
-37 2 219 4 3
-36 0 225 14 4
-31 -2 132 4 5
-28 2 158 4 6
-29 -2 170 4 7
-31 0 181 14 8
-32 0 192 14 9
-32 2 205 4 10
-27 -2 149 4 11
-32 0 213 14 12
-26 0 134 14 13
-27 -2 227 4 14
-15 -2 130 4 15
-17 0 162 14 16
-17 2 175 4 17
-18 2 202 4 18
-19 -2 213 4 19
-14 2 146 4 20
-16 0 151 14 21
-18 0 180 14 22
-18 -2 194 4 23
-16 0 226 14 24
-9 2 143 4 25
-8 -2 133 4 26
-12 0 212 14 27
-7 0 137 14 28
-8 0 221 14 29
7 0 168 14 30
9 0 156 14 31
8 0 182 14 32
15 0 146 14 33
13 0 196 14 34
23 0 137 14 35
24 0 200 14 36
21 15 167 4 37
22 -15 165 4 38
23 12 181 14 39
21 -12 182 14 40
26 12 196 14 41
24 -12 194 14 42
30 12 155 14 43
31 -15 152 4 44
36 0 134 14 45
33 0 209 14 46
35 15 201 4 47
33 -15 199 4 48
43 15 147 4 49
43 -15 147 4 50
34 23 177 4 51
32 -23 172 4 52
37 23 187 4 53
35 -23 184 4 54
44 15 208 4 55
40 -12 209 14 56
44 0 219 14 57
49 0 134 14 58
53 15 146 4 59
53 -15 146 4 60
55 20 163 14 61
111 -23 142 4 62
45 23 203 4 63
44 -23 195 4 64
53 27 208 4 65
40 -27 196 4 66
59 24 171 14 67
35 -27 190 4 68
56 12 211 14 69
54 -12 212 14 70
62 24 189 14 71
52 -27 201 4 72
62 0 134 14 73
120 23 142 4 74
120 -23 142 4 75
58 23 203 4 76
55 -23 202 4 77
57 0 245 14 78
64 15 150 4 79
64 -15 150 4 80
66 24 177 14 81
65 -24 180 14 82
71 27 215 4 83
57 -27 216 4 84
75 12 156 14 85
72 -15 156 4 86
69 23 206 4 87
66 -23 207 4 88
67 15 230 4 89
67 -15 230 4 90
69 0 144 14 91
77 20 172 14 92
75 -23 172 4 93
101 27 207 4 94
77 -24 180 14 95
76 27 210 4 96
70 -27 201 4 97
68 0 237 14 98
86 27 205 4 99
79 -27 205 4 100
81 0 138 14 101
81 27 174 4 102
132 -27 154 4 103
90 23 223 4 104
79 -23 202 4 105
139 23 143 4 106
137 -23 143 4 107
103 27 198 4 108
103 -27 198 4 109
83 15 152 4 110
92 -15 147 4 111
82 15 212 4 112
83 -12 213 14 113
81 0 228 14 114
104 23 207 4 115
95 -23 208 4 116
139 27 152 4 117
142 -27 150 4 118
86 0 133 14 119
106 27 187 4 120
116 -27 172 4 121
147 23 143 4 122
149 -23 142 4 123
93 23 185 4 124
93 -23 185 4 125
92 15 201 4 126
92 -15 201 4 127
94 0 216 14 128
102 15 145 4 129
146 -15 130 4 130
118 23 169 4 131
148 -23 154 4 132
109 0 129 14 133
103 12 192 14 134
118 -15 197 4 135
104 0 207 14 136
154 15 139 4 137
154 -15 139 4 138
125 15 180 4 139
125 -15 180 4 140
112 15 170 4 141
112 -15 170 4 142
161 2 119 4 143
131 2 206 4 144
124 0 145 14 145
137 2 189 4 146
183 2 137 4 147
147 -2 169 4 148
171 -2 162 4 149
165 -2 176 4 150
157 -2 192 4 151
204 -2 124 4 152
192 2 140 4 153
161 0 209 14 154
197 2 119 4 155
162 -2 222 4 156
173 -2 229 4 157
178 2 157 4 158
173 -2 195 4 159
215 2 116 4 160
180 2 173 4 161
177 2 183 4 162
174 -2 208 4 163
212 -2 128 4 164
179 2 224 4 165
183 2 186 4 166
189 -2 173 4 167
191 -2 186 4 168
206 -2 168 4 169
208 -2 181 4 170
214 2 168 4 171
236 2 130 4 172
216 2 151 4 173
211 0 160 14 174
205 0 184 14 175
206 2 194 4 176
205 0 204 14 177
243 2 118 4 178
208 0 170 14 179
207 2 217 4 180
223 -2 234 4 181
235 0 120 14 182
248 -2 133 4 183
242 2 153 4 184
227 2 173 4 185
232 2 188 4 186
232 -2 199 4 187
240 2 231 4 188
239 0 128 14 189
264 2 128 4 190
254 2 157 4 191
240 0 150 14 192
255 -2 168 4 193
252 -2 184 4 194
256 -2 201 4 195
260 0 124 14 196
276 2 127 4 197
263 2 172 4 198
257 0 156 14 199
264 0 191 14 200
266 -2 229 4 201
272 2 204 4 202
284 -2 235 4 203
287 2 203 4 204
303 -2 229 4 205
296 -2 193 4 206
307 -2 125 4 207
302 -2 178 4 208
302 -2 141 4 209
293 0 161 14 210
298 0 169 14 211
313 2 198 4 212
315 -2 118 4 213
316 -2 187 4 214
318 -2 134 4 215
315 2 172 4 216
319 2 150 4 217
330 0 141 14 218
336 2 155 4 219
342 2 187 4 220
346 2 204 4 221
345 -2 164 4 222
349 -2 223 4 223
350 -2 121 4 224
353 2 193 4 225
353 2 143 4 226
357 -2 174 4 227
357 -2 135 4 228
361 2 214 4 229
352 0 126 14 230
364 2 157 4 231
364 2 227 4 232
369 -2 214 4 233
368 -2 180 4 234
364 0 135 14 235
375 0 115 14 236
377 -2 167 4 237
383 -2 185 4 238
381 -2 207 4 239
383 -2 225 4 240
377 0 139 14 241
384 0 175 14 242
385 0 121 14 243
387 2 202 4 244
388 -2 146 4 245
392 0 218 14 246
395 0 184 14 247
395 0 131 14 248
398 0 138 14 249
401 0 206 14 250
400 -2 192 4 251
407 0 138 14 252
415 0 126 14 253
416 2 144 4 254
431 0 120 14 255
431 0 135 14 256
438 2 167 4 257
439 -2 183 4 258
439 2 195 4 259
438 -2 214 4 260
441 0 153 14 261
444 0 139 14 262
445 0 127 14 263
444 2 222 4 264
457 0 172 14 265
458 0 183 14 266
457 0 205 14 267
456 0 130 14 268
458 0 158 14 269
459 0 215 14 270
458 0 138 14 271
469 0 128 14 272
470 0 140 14 273
480 0 125 14 274
483 0 137 14 275
-62 0 113 14 276
-49 -2 115 4 277
-43 0 113 14 278
-30 2 115 4 279
-23 0 113 14 280
-12 0 113 14 281
-1 -2 115 4 282
7 0 113 14 283
19 0 113 14 284
29 -2 115 4 285
36 0 113 14 286
47 0 113 14 287
58 0 113 14 288
91 2 104 4 289
108 2 102 4 290
102 2 108 4 291
110 -2 108 4 292
149 -2 98 4 293
157 2 98 4 294
174 2 96 4 295
182 -2 96 4 296
173 -2 103 4 297
181 2 103 4 298
206 2 99 4 299
205 0 102 14 300
210 0 104 14 301
217 0 105 14 302
223 0 106 14 303
233 0 106 14 304
243 0 106 14 305
250 0 106 14 306
256 0 108 14 307
269 0 106 14 308
278 0 107 14 309
283 0 108 14 310
294 0 108 14 311
302 0 109 14 312
308 0 111 14 313
329 -2 105 4 314
337 2 105 4 315
346 -2 105 4 316
354 2 105 4 317
363 2 104 4 318
376 0 103 14 319
382 0 106 14 320
393 0 105 14 321
406 0 100 14 322
411 0 105 14 323
419 0 106 14 324
428 0 105 14 325
436 0 110 14 326
446 0 107 14 327
456 0 111 14 328
466 0 110 14 329
475 0 111 14 330
485 0 112 14 331
492 0 113 14 332
503 -2 112 4 333
503 2 120 4 334
500 0 133 14 335
501 0 146 14 336
501 0 156 14 337
500 0 165 14 338
502 0 173 14 339
501 0 181 14 340
501 0 190 14 341
501 0 200 14 342
499 0 206 14 343
507 -2 220 4 344
505 0 234 14 345
507 -2 254 4 346
503 2 259 4 347
491 -2 253 4 348
483 2 253 4 349
473 -2 255 4 350
465 2 255 4 351
463 2 264 4 352
446 0 255 14 353
435 -2 254 4 354
421 2 246 4 355
409 0 248 14 356
401 2 250 4 357
393 -2 250 4 358
387 -2 254 4 359
