360
-42 0 232 14 0
-34 9 132 4 1
-37 0 141 14 2
-35 9 234 4 3
-36 0 227 14 4
-22 -9 131 4 5
-17 9 170 4 6
-20 -9 182 4 7
-26 0 187 14 8
-30 0 199 14 9
-27 9 215 4 10
-14 -9 159 4 11
-32 0 215 14 12
-24 0 137 14 13
-27 -9 231 4 14
-8 -9 130 4 15
-15 0 165 14 16
-15 9 184 4 17
-18 9 204 4 18
-22 -9 218 4 19
-5 9 151 4 20
-11 0 153 14 21
-18 0 180 14 22
-18 -9 201 4 23
-18 0 235 14 24
0 9 143 4 25
0 -9 138 4 26
-12 0 217 14 27
-4 0 138 14 28
-12 0 227 14 29
8 0 169 14 30
11 0 157 14 31
5 0 184 14 32
16 0 146 14 33
3 0 203 14 34
22 0 135 14 35
19 0 203 14 36
7 15 167 4 37
11 -15 160 4 38
16 5 186 14 39
9 -5 191 14 40
16 5 216 14 41
10 -5 208 14 42
28 5 152 14 43
30 -15 143 4 44
38 0 139 14 45
28 0 214 14 46
29 15 216 4 47
22 -15 211 4 48
50 15 137 4 49
50 -15 137 4 50
17 18 191 4 51
10 -18 177 4 52
24 18 205 4 53
18 -18 195 4 54
42 15 223 4 55
29 -5 226 14 56
39 0 221 14 57
53 0 138 14 58
63 15 139 4 59
63 -15 139 4 60
70 9 160 14 61
251 -18 90 4 62
36 18 240 4 63
33 -18 214 4 64
60 20 274 4 65
17 -20 237 4 66
76 10 171 14 67
-3 -20 235 4 68
61 5 217 14 69
51 -5 220 14 70
71 10 202 14 71
40 -20 239 4 72
71 0 128 14 73
260 18 91 4 74
260 -18 91 4 75
58 18 221 4 76
46 -18 220 4 77
53 0 291 14 78
74 15 145 4 79
74 -15 145 4 80
79 10 181 14 81
77 -10 192 14 82
89 20 277 4 83
42 -20 277 4 84
92 5 155 14 85
83 -15 154 4 86
72 18 219 4 87
61 -18 223 4 88
66 15 252 4 89
66 -15 252 4 90
70 0 146 14 91
96 9 170 14 92
88 -18 172 4 93
175 20 273 4 94
97 -10 180 14 95
92 20 244 4 96
72 -20 217 4 97
68 0 241 14 98
118 20 243 4 99
94 -20 242 4 100
91 0 139 14 101
91 20 172 4 102
258 -20 107 4 103
120 18 280 4 104
84 -18 212 4 105
277 18 94 4 106
270 -18 94 4 107
160 20 231 4 108
160 -20 231 4 109
88 15 152 4 110
117 -15 137 4 111
85 15 216 4 112
89 -5 223 14 113
82 0 234 14 114
149 18 243 4 115
122 -18 244 4 116
261 20 106 4 117
273 -20 100 4 118
87 0 132 14 119
153 20 206 4 120
184 -20 154 4 121
276 18 98 4 122
281 -18 94 4 123
97 18 187 4 124
97 -18 187 4 125
95 15 203 4 126
95 -15 203 4 127
98 0 218 14 128
122 15 135 4 129
264 -15 88 4 130
172 18 159 4 131
267 -18 110 4 132
131 0 120 14 133
108 5 192 14 134
158 -15 211 4 135
106 0 207 14 136
267 15 97 4 137
267 -15 97 4 138
165 15 176 4 139
165 -15 176 4 140
117 15 170 4 141
117 -15 170 4 142
271 9 83 4 143
167 9 225 4 144
126 0 147 14 145
167 9 191 4 146
300 9 92 4 147
185 -9 159 4 148
222 -9 150 4 149
201 -9 171 4 150
175 -9 192 4 151
326 -9 79 4 152
287 9 104 4 153
186 0 220 14 154
297 9 83 4 155
182 -9 232 4 156
202 -9 240 4 157
212 9 147 4 158
196 -9 195 4 159
331 9 75 4 160
216 9 165 4 161
207 9 175 4 162
196 -9 213 4 163
313 -9 88 4 164
204 9 238 4 165
203 9 182 4 166
220 -9 165 4 167
207 -9 182 4 168
248 -9 157 4 169
238 -9 170 4 170
251 9 156 4 171
311 9 102 4 172
242 9 145 4 173
223 0 155 14 174
206 0 183 14 175
211 9 194 4 176
205 0 204 14 177
329 9 87 4 178
213 0 168 14 179
211 9 217 4 180
249 -9 256 4 181
281 0 103 14 182
316 -9 104 4 183
296 9 134 4 184
247 9 166 4 185
260 9 177 4 186
260 -9 181 4 187
281 9 255 4 188
277 0 113 14 189
328 9 103 4 190
293 9 146 4 191
247 0 149 14 192
293 -9 150 4 193
281 -9 169 4 194
283 -9 186 4 195
293 0 112 14 196
330 9 105 4 197
286 9 162 4 198
266 0 155 14 199
287 0 178 14 200
293 -9 255 4 201
290 9 188 4 202
323 -9 257 4 203
311 9 180 4 204
346 -9 248 4 205
315 -9 175 4 206
344 -9 104 4 207
327 -9 159 4 208
323 -9 128 4 209
293 0 161 14 210
310 0 162 14 211
352 9 163 4 212
351 -9 99 4 213
343 -9 159 4 214
342 -9 120 4 215
333 9 156 4 216
342 9 127 4 217
334 0 138 14 218
351 9 144 4 219
372 9 163 4 220
385 9 188 4 221
366 -9 148 4 222
376 -9 235 4 223
375 -9 95 4 224
382 9 173 4 225
372 9 122 4 226
379 -9 156 4 227
374 -9 119 4 228
388 9 220 4 229
353 0 126 14 230
389 9 135 4 231
383 9 237 4 232
392 -9 220 4 233
389 -9 167 4 234
370 0 127 14 235
403 0 91 14 236
405 -9 149 4 237
413 -9 168 4 238
401 -9 203 4 239
406 -9 231 4 240
386 0 131 14 241
404 0 161 14 242
402 0 102 14 243
404 9 200 4 244
400 -9 130 4 245
409 0 217 14 246
412 0 175 14 247
409 0 113 14 248
413 0 110 14 249
417 0 198 14 250
409 -9 183 4 251
408 0 137 14 252
424 0 110 14 253
422 9 139 4 254
438 0 92 14 255
438 0 111 14 256
438 9 160 4 257
442 -9 180 4 258
442 9 185 4 259
440 -9 212 4 260
447 0 142 14 261
453 0 129 14 262
450 0 119 14 263
443 9 216 4 264
465 0 169 14 265
468 0 176 14 266
464 0 196 14 267
456 0 130 14 268
463 0 159 14 269
468 0 197 14 270
460 0 132 14 271
468 0 130 14 272
472 0 138 14 273
474 0 123 14 274
481 0 135 14 275
-59 0 115 14 276
-38 -9 123 4 277
-41 0 115 14 278
-21 9 123 4 279
-23 0 115 14 280
-8 0 115 14 281
6 -9 123 4 282
10 0 115 14 283
24 0 116 14 284
36 -9 123 4 285
36 0 117 14 286
48 0 116 14 287
61 0 116 14 288
147 9 88 4 289
179 9 81 4 290
136 9 102 4 291
140 -9 102 4 292
244 -9 67 4 293
247 9 67 4 294
282 9 61 4 295
285 -9 61 4 296
233 -9 83 4 297
236 9 83 4 298
294 9 71 4 299
269 0 82 14 300
263 0 86 14 301
263 0 90 14 302
263 0 92 14 303
272 0 93 14 304
282 0 92 14 305
282 0 95 14 306
281 0 98 14 307
299 0 93 14 308
307 0 96 14 309
302 0 102 14 310
314 0 100 14 311
316 0 104 14 312
313 0 109 14 313
360 -9 91 4 314
364 9 91 4 315
371 -9 90 4 316
375 9 90 4 317
382 9 88 4 318
400 0 82 14 319
397 0 92 14 320
408 0 89 14 321
429 0 74 14 322
422 0 89 14 323
428 0 92 14 324
434 0 90 14 325
438 0 105 14 326
447 0 97 14 327
458 0 109 14 328
466 0 107 14 329
473 0 111 14 330
482 0 112 14 331
483 0 116 14 332
501 -9 109 4 333
501 9 113 4 334
491 0 131 14 335
495 0 153 14 336
495 0 162 14 337
491 0 169 14 338
500 0 173 14 339
495 0 177 14 340
496 0 186 14 341
496 0 195 14 342
489 0 191 14 343
515 -9 215 4 344
510 0 239 14 345
514 -9 279 4 346
512 9 281 4 347
495 -9 263 4 348
492 9 263 4 349
482 -9 269 4 350
479 9 269 4 351
493 9 298 4 352
461 0 269 14 353
446 -9 268 4 354
423 9 241 4 355
409 0 246 14 356
406 9 254 4 357
402 -9 254 4 358
406 -9 267 4 359
