360
-43 0 223 14 0
-39 3 134 4 1
-38 0 142 14 2
-37 3 221 4 3
-36 0 225 14 4
-30 -3 132 4 5
-27 3 159 4 6
-28 -3 172 4 7
-31 0 181 14 8
-32 0 193 14 9
-31 3 207 4 10
-25 -3 151 4 11
-32 0 213 14 12
-26 0 134 14 13
-27 -3 227 4 14
-15 -3 130 4 15
-17 0 162 14 16
-17 3 176 4 17
-18 3 203 4 18
-20 -3 213 4 19
-13 3 146 4 20
-15 0 151 14 21
-18 0 180 14 22
-18 -3 195 4 23
-16 0 227 14 24
-8 3 143 4 25
-7 -3 133 4 26
-12 0 213 14 27
-6 0 137 14 28
-8 0 222 14 29
7 0 168 14 30
9 0 156 14 31
7 0 182 14 32
15 0 146 14 33
12 0 197 14 34
23 0 137 14 35
23 0 200 14 36
19 15 167 4 37
20 -15 164 4 38
22 11 182 14 39
20 -11 183 14 40
25 11 198 14 41
23 -11 195 14 42
30 11 155 14 43
31 -15 151 4 44
36 0 135 14 45
33 0 210 14 46
34 15 203 4 47
32 -15 201 4 48
44 15 145 4 49
44 -15 145 4 50
32 22 179 4 51
30 -22 173 4 52
35 22 189 4 53
33 -22 186 4 54
44 15 210 4 55
39 -11 211 14 56
44 0 219 14 57
49 0 135 14 58
54 15 145 4 59
54 -15 145 4 60
57 18 163 14 61
127 -22 136 4 62
44 22 207 4 63
42 -22 197 4 64
54 26 215 4 65
38 -26 201 4 66
61 22 171 14 67
31 -26 195 4 68
57 11 212 14 69
53 -11 213 14 70
63 22 191 14 71
51 -26 205 4 72
63 0 133 14 73
136 22 136 4 74
136 -22 136 4 75
58 22 205 4 76
54 -22 204 4 77
57 0 251 14 78
65 15 149 4 79
65 -15 149 4 80
67 22 178 14 81
66 -22 180 14 82
73 26 222 4 83
55 -26 223 4 84
77 11 156 14 85
73 -15 156 4 86
69 22 208 4 87
65 -22 209 4 88
67 15 232 4 89
67 -15 232 4 90
69 0 144 14 91
79 18 171 14 92
76 -22 172 4 93
109 26 215 4 94
79 -22 180 14 95
78 26 213 4 96
70 -26 203 4 97
68 0 237 14 98
90 26 209 4 99
81 -26 209 4 100
82 0 138 14 101
82 26 174 4 102
146 -26 149 4 103
93 22 229 4 104
79 -22 203 4 105
155 22 137 4 106
152 -22 137 4 107
110 26 202 4 108
110 -26 202 4 109
83 15 152 4 110
94 -15 146 4 111
82 15 212 4 112
84 -11 215 14 113
81 0 229 14 114
109 22 211 4 115
98 -22 212 4 116
153 26 146 4 117
157 -26 144 4 118
86 0 133 14 119
111 26 189 4 120
123 -26 170 4 121
162 22 138 4 122
164 -22 137 4 123
94 22 185 4 124
94 -22 185 4 125
93 15 202 4 126
93 -15 202 4 127
95 0 216 14 128
104 15 143 4 129
159 -15 125 4 130
124 22 168 4 131
161 -22 149 4 132
112 0 128 14 133
103 11 192 14 134
123 -15 199 4 135
104 0 207 14 136
167 15 134 4 137
167 -15 134 4 138
130 15 180 4 139
130 -15 180 4 140
112 15 170 4 141
112 -15 170 4 142
174 3 115 4 143
135 3 208 4 144
124 0 146 14 145
141 3 189 4 146
196 3 132 4 147
151 -3 168 4 148
177 -3 161 4 149
169 -3 176 4 150
159 -3 192 4 151
218 -3 119 4 152
203 3 136 4 153
164 0 210 14 154
208 3 115 4 155
164 -3 223 4 156
176 -3 230 4 157
182 3 156 4 158
175 -3 195 4 159
227 3 112 4 160
184 3 172 4 161
180 3 182 4 162
176 -3 209 4 163
222 -3 123 4 164
182 3 225 4 165
185 3 185 4 166
193 -3 172 4 167
193 -3 185 4 168
211 -3 167 4 169
212 -3 180 4 170
219 3 166 4 171
245 3 126 4 172
219 3 150 4 173
212 0 159 14 174
205 0 184 14 175
207 3 194 4 176
205 0 204 14 177
252 3 114 4 178
208 0 169 14 179
207 3 217 4 180
226 -3 236 4 181
240 0 118 14 182
256 -3 129 4 183
248 3 151 4 184
230 3 172 4 185
235 3 187 4 186
235 -3 197 4 187
245 3 234 4 188
243 0 126 14 189
271 3 125 4 190
258 3 156 4 191
241 0 150 14 192
260 -3 166 4 193
255 -3 182 4 194
259 -3 199 4 195
264 0 123 14 196
282 3 124 4 197
265 3 170 4 198
258 0 156 14 199
266 0 190 14 200
269 -3 232 4 201
274 3 202 4 202
289 -3 237 4 203
290 3 200 4 204
307 -3 231 4 205
298 -3 191 4 206
312 -3 123 4 207
305 -3 176 4 208
304 -3 140 4 209
293 0 161 14 210
299 0 168 14 211
318 3 194 4 212
319 -3 116 4 213
319 -3 183 4 214
321 -3 132 4 215
317 3 171 4 216
321 3 147 4 217
330 0 141 14 218
337 3 153 4 219
345 3 184 4 220
350 3 203 4 221
347 -3 162 4 222
352 -3 225 4 223
353 -3 118 4 224
356 3 191 4 225
355 3 140 4 226
359 -3 172 4 227
359 -3 133 4 228
364 3 214 4 229
352 0 126 14 230
367 3 154 4 231
367 3 229 4 232
371 -3 214 4 233
371 -3 180 4 234
365 0 134 14 235
378 0 112 14 236
380 -3 165 4 237
386 -3 183 4 238
383 -3 207 4 239
385 -3 225 4 240
378 0 138 14 241
386 0 174 14 242
387 0 119 14 243
389 3 202 4 244
389 -3 145 4 245
394 0 218 14 246
397 0 182 14 247
397 0 129 14 248
399 0 134 14 249
403 0 205 14 250
401 -3 191 4 251
407 0 138 14 252
416 0 124 14 253
417 3 144 4 254
431 0 116 14 255
431 0 132 14 256
438 3 166 4 257
439 -3 183 4 258
439 3 193 4 259
438 -3 213 4 260
442 0 151 14 261
445 0 138 14 262
445 0 126 14 263
444 3 222 4 264
458 0 172 14 265
459 0 182 14 266
458 0 204 14 267
456 0 130 14 268
458 0 158 14 269
460 0 213 14 270
458 0 138 14 271
469 0 129 14 272
470 0 140 14 273
479 0 125 14 274
483 0 136 14 275
-62 0 113 14 276
-48 -3 116 4 277
-43 0 113 14 278
-29 3 116 4 279
-23 0 113 14 280
-12 0 113 14 281
0 -3 116 4 282
8 0 113 14 283
19 0 113 14 284
30 -3 116 4 285
36 0 114 14 286
47 0 113 14 287
58 0 113 14 288
98 3 103 4 289
116 3 100 4 290
106 3 108 4 291
113 -3 108 4 292
160 -3 94 4 293
167 3 94 4 294
186 3 92 4 295
194 -3 92 4 296
180 -3 101 4 297
188 3 101 4 298
216 3 96 4 299
212 0 100 14 300
216 0 102 14 301
221 0 103 14 302
228 0 104 14 303
237 0 104 14 304
247 0 104 14 305
253 0 105 14 306
259 0 106 14 307
272 0 104 14 308
281 0 105 14 309
286 0 108 14 310
296 0 107 14 311
303 0 108 14 312
308 0 111 14 313
333 -3 104 4 314
340 3 104 4 315
349 -3 103 4 316
357 3 103 4 317
366 3 103 4 318
379 0 100 14 319
384 0 104 14 320
394 0 103 14 321
408 0 97 14 322
412 0 103 14 323
420 0 104 14 324
429 0 103 14 325
436 0 109 14 326
446 0 106 14 327
456 0 110 14 328
466 0 110 14 329
475 0 111 14 330
484 0 112 14 331
491 0 113 14 332
503 -3 112 4 333
503 3 119 4 334
499 0 132 14 335
500 0 147 14 336
500 0 157 14 337
499 0 166 14 338
502 0 173 14 339
500 0 180 14 340
501 0 190 14 341
501 0 200 14 342
498 0 204 14 343
508 -3 219 4 344
506 0 235 14 345
507 -3 257 4 346
504 3 261 4 347
492 -3 254 4 348
484 3 254 4 349
474 -3 256 4 350
467 3 256 4 351
466 3 267 4 352
448 0 256 14 353
436 -3 256 4 354
421 3 246 4 355
409 0 248 14 356
402 3 251 4 357
394 -3 251 4 358
390 -3 256 4 359
