360
-42 0 229 14 0
-36 7 133 4 1
-37 0 141 14 2
-35 7 231 4 3
-36 0 226 14 4
-24 -7 131 4 5
-20 7 167 4 6
-22 -7 180 4 7
-28 0 186 14 8
-30 0 197 14 9
-28 7 212 4 10
-17 -7 156 4 11
-32 0 214 14 12
-24 0 136 14 13
-27 -7 230 4 14
-10 -7 130 4 15
-15 0 164 14 16
-15 7 182 4 17
-18 7 204 4 18
-21 -7 217 4 19
-7 7 150 4 20
-12 0 152 14 21
-18 0 180 14 22
-18 -7 199 4 23
-18 0 233 14 24
-2 7 143 4 25
-2 -7 137 4 26
-12 0 216 14 27
-5 0 138 14 28
-11 0 226 14 29
8 0 169 14 30
11 0 157 14 31
6 0 183 14 32
16 0 146 14 33
5 0 201 14 34
22 0 136 14 35
20 0 202 14 36
11 15 167 4 37
13 -15 161 4 38
17 7 185 14 39
12 -7 189 14 40
19 7 211 14 41
14 -7 205 14 42
28 7 153 14 43
30 -15 145 4 44
38 0 138 14 45
30 0 213 14 46
30 15 213 4 47
25 -15 208 4 48
49 15 140 4 49
49 -15 140 4 50
21 19 188 4 51
16 -19 176 4 52
27 19 201 4 53
22 -19 192 4 54
42 15 219 4 55
32 -7 222 14 56
41 0 220 14 57
52 0 137 14 58
60 15 141 4 59
60 -15 141 4 60
67 11 161 14 61
218 -19 103 4 62
38 19 231 4 63
35 -19 209 4 64
58 22 258 4 65
22 -22 228 4 66
72 14 171 14 67
6 -22 224 4 68
60 7 216 14 69
52 -7 218 14 70
69 14 199 14 71
43 -22 230 4 72
69 0 129 14 73
225 19 103 4 74
225 -19 103 4 75
58 19 216 4 76
48 -19 216 4 77
54 0 280 14 78
71 15 146 4 79
71 -15 146 4 80
76 14 180 14 81
74 -14 189 14 82
85 22 262 4 83
46 -22 262 4 84
88 7 155 14 85
80 -15 155 4 86
71 19 216 4 87
62 -19 219 4 88
66 15 247 4 89
66 -15 247 4 90
70 0 145 14 91
91 11 170 14 92
85 -19 172 4 93
157 22 257 4 94
92 -14 180 14 95
88 22 236 4 96
72 -22 213 4 97
68 0 240 14 98
111 22 234 4 99
90 -22 233 4 100
88 0 139 14 101
89 22 173 4 102
227 -22 119 4 103
113 19 266 4 104
82 -19 209 4 105
243 19 106 4 106
237 -19 106 4 107
146 22 223 4 108
146 -22 223 4 109
86 15 152 4 110
111 -15 139 4 111
84 15 215 4 112
87 -7 220 14 113
82 0 233 14 114
138 19 235 4 115
116 -19 235 4 116
231 22 117 4 117
241 -22 112 4 118
87 0 132 14 119
142 22 202 4 120
168 -22 158 4 121
244 19 109 4 122
249 -19 105 4 123
96 19 186 4 124
96 -19 186 4 125
94 15 203 4 126
94 -15 203 4 127
97 0 217 14 128
117 15 138 4 129
235 -15 98 4 130
159 19 161 4 131
238 -19 121 4 132
126 0 122 14 133
106 7 192 14 134
149 -15 208 4 135
106 0 207 14 136
239 15 107 4 137
239 -15 107 4 138
156 15 177 4 139
156 -15 177 4 140
116 15 170 4 141
116 -15 170 4 142
244 7 92 4 143
158 7 221 4 144
126 0 147 14 145
159 7 190 4 146
271 7 103 4 147
176 -7 161 4 148
210 -7 153 4 149
192 -7 172 4 150
171 -7 192 4 151
296 -7 90 4 152
264 7 113 4 153
180 0 218 14 154
272 7 92 4 155
177 -7 230 4 156
195 -7 238 4 157
204 7 150 4 158
190 -7 195 4 159
302 7 85 4 160
207 7 167 4 161
200 7 177 4 162
190 -7 212 4 163
288 -7 98 4 164
198 7 235 4 165
198 7 183 4 166
213 -7 167 4 167
203 -7 183 4 168
237 -7 159 4 169
231 -7 173 4 170
242 7 159 4 171
292 7 109 4 172
236 7 146 4 173
220 0 156 14 174
206 0 183 14 175
210 7 194 4 176
205 0 204 14 177
308 7 95 4 178
211 0 168 14 179
210 7 217 4 180
243 -7 251 4 181
270 0 107 14 182
300 -7 111 4 183
283 7 138 4 184
242 7 168 4 185
253 7 180 4 186
253 -7 186 4 187
271 7 249 4 188
268 0 116 14 189
312 7 109 4 190
283 7 148 4 191
245 0 149 14 192
284 -7 155 4 193
274 -7 173 4 194
276 -7 190 4 195
285 0 115 14 196
317 7 110 4 197
280 7 165 4 198
264 0 155 14 199
281 0 180 14 200
287 -7 248 4 201
286 7 192 4 202
314 -7 252 4 203
305 7 185 4 204
335 -7 244 4 205
310 -7 180 4 206
335 -7 109 4 207
321 -7 163 4 208
318 -7 131 4 209
293 0 161 14 210
307 0 164 14 211
343 7 172 4 212
342 -7 103 4 213
336 -7 166 4 214
336 -7 123 4 215
329 7 160 4 216
337 7 133 4 217
333 0 139 14 218
348 7 147 4 219
365 7 169 4 220
375 7 192 4 221
361 -7 152 4 222
369 -7 232 4 223
369 -7 102 4 224
375 7 178 4 225
367 7 127 4 226
373 -7 161 4 227
370 -7 123 4 228
382 7 219 4 229
353 0 126 14 230
383 7 140 4 231
378 7 234 4 232
386 -7 219 4 233
384 -7 170 4 234
369 0 129 14 235
396 0 97 14 236
398 -7 154 4 237
406 -7 173 4 238
396 -7 204 4 239
401 -7 230 4 240
384 0 133 14 241
399 0 165 14 242
398 0 106 14 243
400 7 201 4 244
397 -7 134 4 245
405 0 217 14 246
408 0 178 14 247
405 0 117 14 248
410 0 117 14 249
413 0 200 14 250
407 -7 185 4 251
408 0 137 14 252
422 0 114 14 253
421 7 140 4 254
436 0 99 14 255
436 0 117 14 256
438 7 162 4 257
441 -7 181 4 258
441 7 188 4 259
440 -7 212 4 260
445 0 145 14 261
451 0 132 14 262
449 0 121 14 263
443 7 217 4 264
463 0 170 14 265
466 0 178 14 266
463 0 198 14 267
456 0 130 14 268
462 0 159 14 269
466 0 201 14 270
460 0 133 14 271
468 0 130 14 272
472 0 139 14 273
476 0 124 14 274
481 0 135 14 275
-60 0 114 14 276
-41 -7 121 4 277
-41 0 114 14 278
-23 7 121 4 279
-23 0 114 14 280
-9 0 114 14 281
4 -7 121 4 282
9 0 114 14 283
22 0 115 14 284
34 -7 121 4 285
36 0 116 14 286
48 0 115 14 287
60 0 115 14 288
134 7 92 4 289
162 7 86 4 290
128 7 103 4 291
133 -7 103 4 292
220 -7 75 4 293
225 7 75 4 294
255 7 69 4 295
260 -7 69 4 296
219 -7 88 4 297
223 7 88 4 298
273 7 78 4 299
253 0 87 14 300
250 0 91 14 301
252 0 94 14 302
254 0 95 14 303
263 0 96 14 304
273 0 95 14 305
274 0 97 14 306
275 0 101 14 307
292 0 96 14 308
300 0 99 14 309
297 0 103 14 310
309 0 102 14 311
312 0 105 14 312
312 0 110 14 313
353 -7 95 4 314
357 7 95 4 315
365 -7 94 4 316
370 7 94 4 317
377 7 92 4 318
394 0 87 14 319
394 0 95 14 320
405 0 93 14 321
424 0 80 14 322
419 0 93 14 323
426 0 95 14 324
433 0 94 14 325
438 0 106 14 326
447 0 100 14 327
458 0 109 14 328
466 0 108 14 329
473 0 111 14 330
483 0 112 14 331
485 0 115 14 332
501 -7 110 4 333
501 7 115 4 334
493 0 131 14 335
496 0 151 14 336
497 0 161 14 337
493 0 168 14 338
500 0 173 14 339
497 0 178 14 340
498 0 187 14 341
498 0 196 14 342
491 0 194 14 343
513 -7 216 4 344
509 0 238 14 345
512 -7 273 4 346
510 7 276 4 347
494 -7 261 4 348
490 7 261 4 349
480 -7 266 4 350
475 7 266 4 351
486 7 290 4 352
458 0 265 14 353
443 -7 265 4 354
423 7 242 4 355
409 0 247 14 356
405 7 253 4 357
400 -7 253 4 358
401 -7 264 4 359
