360
-42 0 232 14 0
-34 9 132 4 1
-37 0 141 14 2
-35 9 234 4 3
-36 0 227 14 4
-22 -9 131 4 5
-17 9 170 4 6
-20 -9 182 4 7
-27 0 187 14 8
-30 0 199 14 9
-27 9 214 4 10
-14 -9 158 4 11
-32 0 215 14 12
-24 0 137 14 13
-27 -9 231 4 14
-9 -9 130 4 15
-15 0 165 14 16
-15 9 184 4 17
-18 9 204 4 18
-22 -9 218 4 19
-6 9 151 4 20
-11 0 153 14 21
-18 0 180 14 22
-18 -9 201 4 23
-18 0 235 14 24
-1 9 143 4 25
0 -9 138 4 26
-12 0 217 14 27
-4 0 138 14 28
-11 0 227 14 29
8 0 169 14 30
11 0 157 14 31
5 0 184 14 32
16 0 146 14 33
3 0 203 14 34
22 0 135 14 35
19 0 203 14 36
8 15 167 4 37
11 -15 160 4 38
16 5 186 14 39
9 -5 191 14 40
17 5 215 14 41
11 -5 208 14 42
28 5 152 14 43
30 -15 143 4 44
38 0 138 14 45
29 0 213 14 46
29 15 216 4 47
23 -15 210 4 48
50 15 138 4 49
50 -15 138 4 50
18 18 191 4 51
11 -18 176 4 52
24 18 205 4 53
18 -18 195 4 54
42 15 222 4 55
29 -5 225 14 56
40 0 221 14 57
52 0 138 14 58
62 15 139 4 59
62 -15 139 4 60
70 9 160 14 61
246 -18 92 4 62
37 18 239 4 63
33 -18 213 4 64
60 20 271 4 65
18 -20 236 4 66
75 11 171 14 67
-1 -20 233 4 68
61 5 217 14 69
51 -5 219 14 70
71 11 202 14 71
40 -20 238 4 72
70 0 128 14 73
254 18 93 4 74
254 -18 93 4 75
58 18 220 4 76
47 -18 220 4 77
54 0 289 14 78
73 15 146 4 79
73 -15 146 4 80
79 11 181 14 81
76 -11 191 14 82
88 20 275 4 83
43 -20 275 4 84
92 5 155 14 85
82 -15 154 4 86
72 18 219 4 87
61 -18 223 4 88
66 15 251 4 89
66 -15 251 4 90
70 0 146 14 91
95 9 170 14 92
88 -18 172 4 93
172 20 271 4 94
96 -11 180 14 95
91 20 243 4 96
72 -20 217 4 97
68 0 241 14 98
117 20 242 4 99
93 -20 240 4 100
90 0 139 14 101
91 20 172 4 102
253 -20 109 4 103
119 18 278 4 104
83 -18 211 4 105
272 18 96 4 106
265 -18 96 4 107
158 20 230 4 108
158 -20 230 4 109
87 15 152 4 110
116 -15 137 4 111
85 15 216 4 112
89 -5 222 14 113
82 0 234 14 114
147 18 242 4 115
121 -18 243 4 116
256 20 108 4 117
269 -20 102 4 118
87 0 132 14 119
151 20 206 4 120
182 -20 154 4 121
271 18 99 4 122
276 -18 95 4 123
97 18 187 4 124
97 -18 187 4 125
95 15 203 4 126
95 -15 203 4 127
98 0 218 14 128
121 15 136 4 129
260 -15 89 4 130
170 18 159 4 131
263 -18 112 4 132
131 0 120 14 133
107 5 192 14 134
157 -15 210 4 135
106 0 207 14 136
263 15 99 4 137
263 -15 99 4 138
164 15 177 4 139
164 -15 177 4 140
117 15 170 4 141
117 -15 170 4 142
267 9 84 4 143
166 9 225 4 144
126 0 147 14 145
165 9 191 4 146
296 9 93 4 147
183 -9 159 4 148
220 -9 150 4 149
200 -9 171 4 150
175 -9 192 4 151
321 -9 80 4 152
284 9 105 4 153
186 0 220 14 154
293 9 84 4 155
181 -9 232 4 156
201 -9 240 4 157
211 9 148 4 158
195 -9 195 4 159
327 9 76 4 160
215 9 166 4 161
206 9 175 4 162
195 -9 213 4 163
310 -9 89 4 164
204 9 238 4 165
203 9 182 4 166
220 -9 166 4 167
206 -9 182 4 168
246 -9 157 4 169
237 -9 170 4 170
250 9 157 4 171
308 9 103 4 172
241 9 145 4 173
223 0 156 14 174
206 0 183 14 175
211 9 194 4 176
205 0 204 14 177
326 9 88 4 178
212 0 168 14 179
210 9 217 4 180
248 -9 255 4 181
280 0 104 14 182
314 -9 105 4 183
294 9 134 4 184
246 9 166 4 185
259 9 177 4 186
259 -9 182 4 187
280 9 254 4 188
275 0 113 14 189
326 9 104 4 190
291 9 146 4 191
247 0 149 14 192
292 -9 151 4 193
280 -9 169 4 194
282 -9 187 4 195
291 0 112 14 196
328 9 106 4 197
285 9 163 4 198
265 0 155 14 199
286 0 178 14 200
292 -9 254 4 201
290 9 188 4 202
322 -9 256 4 203
310 9 180 4 204
344 -9 248 4 205
314 -9 176 4 206
342 -9 105 4 207
326 -9 159 4 208
322 -9 129 4 209
293 0 161 14 210
310 0 162 14 211
351 9 164 4 212
350 -9 99 4 213
342 -9 160 4 214
341 -9 121 4 215
332 9 157 4 216
341 9 128 4 217
333 0 138 14 218
351 9 144 4 219
371 9 164 4 220
383 9 189 4 221
365 -9 148 4 222
375 -9 234 4 223
375 -9 96 4 224
381 9 173 4 225
371 9 123 4 226
378 -9 157 4 227
373 -9 119 4 228
387 9 220 4 229
353 0 126 14 230
388 9 136 4 231
382 9 236 4 232
391 -9 220 4 233
388 -9 167 4 234
370 0 128 14 235
402 0 92 14 236
404 -9 150 4 237
412 -9 169 4 238
401 -9 203 4 239
405 -9 231 4 240
385 0 131 14 241
403 0 162 14 242
401 0 102 14 243
404 9 200 4 244
399 -9 131 4 245
409 0 217 14 246
411 0 176 14 247
408 0 113 14 248
413 0 111 14 249
416 0 199 14 250
409 -9 183 4 251
408 0 137 14 252
423 0 110 14 253
422 9 139 4 254
437 0 93 14 255
437 0 112 14 256
438 9 160 4 257
442 -9 180 4 258
442 9 186 4 259
440 -9 212 4 260
447 0 142 14 261
452 0 130 14 262
450 0 119 14 263
443 9 216 4 264
465 0 169 14 265
468 0 176 14 266
464 0 196 14 267
456 0 130 14 268
463 0 159 14 269
468 0 197 14 270
460 0 132 14 271
468 0 130 14 272
472 0 138 14 273
474 0 123 14 274
481 0 135 14 275
-59 0 115 14 276
-39 -9 123 4 277
-41 0 115 14 278
-22 9 123 4 279
-23 0 115 14 280
-9 0 115 14 281
6 -9 123 4 282
10 0 115 14 283
23 0 116 14 284
36 -9 123 4 285
36 0 117 14 286
48 0 116 14 287
61 0 116 14 288
145 9 89 4 289
177 9 82 4 290
135 9 102 4 291
139 -9 102 4 292
240 -9 68 4 293
244 9 68 4 294
278 9 62 4 295
281 -9 62 4 296
231 -9 84 4 297
234 9 84 4 298
291 9 72 4 299
267 0 83 14 300
261 0 87 14 301
261 0 91 14 302
262 0 93 14 303
271 0 93 14 304
281 0 93 14 305
281 0 95 14 306
280 0 99 14 307
298 0 93 14 308
306 0 96 14 309
301 0 102 14 310
313 0 100 14 311
315 0 104 14 312
313 0 109 14 313
359 -9 92 4 314
363 9 92 4 315
370 -9 91 4 316
374 9 91 4 317
381 9 89 4 318
399 0 83 14 319
397 0 93 14 320
408 0 89 14 321
428 0 75 14 322
422 0 89 14 323
427 0 93 14 324
434 0 91 14 325
438 0 106 14 326
447 0 98 14 327
458 0 109 14 328
466 0 107 14 329
473 0 111 14 330
482 0 112 14 331
484 0 116 14 332
501 -9 109 4 333
501 9 113 4 334
491 0 131 14 335
495 0 153 14 336
495 0 162 14 337
491 0 169 14 338
500 0 173 14 339
495 0 178 14 340
497 0 186 14 341
497 0 195 14 342
489 0 191 14 343
515 -9 215 4 344
510 0 238 14 345
513 -9 278 4 346
512 9 280 4 347
495 -9 263 4 348
491 9 263 4 349
482 -9 269 4 350
478 9 269 4 351
492 9 297 4 352
461 0 268 14 353
446 -9 267 4 354
423 9 241 4 355
409 0 246 14 356
406 9 254 4 357
402 -9 254 4 358
405 -9 267 4 359
