360
-42 0 229 14 0
-36 7 133 4 1
-37 0 141 14 2
-35 7 230 4 3
-36 0 226 14 4
-24 -7 131 4 5
-20 7 167 4 6
-23 -7 180 4 7
-28 0 185 14 8
-30 0 197 14 9
-28 7 212 4 10
-18 -7 156 4 11
-32 0 214 14 12
-24 0 136 14 13
-27 -7 230 4 14
-10 -7 130 4 15
-15 0 164 14 16
-15 7 182 4 17
-18 7 204 4 18
-21 -7 216 4 19
-8 7 149 4 20
-12 0 152 14 21
-18 0 180 14 22
-18 -7 199 4 23
-18 0 233 14 24
-3 7 143 4 25
-2 -7 136 4 26
-12 0 216 14 27
-5 0 138 14 28
-11 0 225 14 29
8 0 169 14 30
11 0 157 14 31
6 0 183 14 32
16 0 146 14 33
6 0 201 14 34
22 0 136 14 35
20 0 202 14 36
11 15 167 4 37
14 -15 161 4 38
18 7 185 14 39
12 -7 189 14 40
19 7 210 14 41
14 -7 204 14 42
28 7 153 14 43
30 -15 145 4 44
38 0 137 14 45
30 0 212 14 46
30 15 212 4 47
25 -15 208 4 48
48 15 140 4 49
48 -15 140 4 50
22 19 187 4 51
16 -19 175 4 52
28 19 200 4 53
22 -19 192 4 54
42 15 219 4 55
32 -7 221 14 56
41 0 220 14 57
52 0 137 14 58
60 15 141 4 59
60 -15 141 4 60
66 12 161 14 61
213 -19 105 4 62
39 19 230 4 63
36 -19 208 4 64
58 22 255 4 65
23 -22 226 4 66
71 14 171 14 67
8 -22 222 4 68
60 7 215 14 69
52 -7 217 14 70
68 14 199 14 71
43 -22 228 4 72
68 0 130 14 73
220 19 105 4 74
220 -19 105 4 75
58 19 216 4 76
49 -19 215 4 77
54 0 278 14 78
71 15 147 4 79
71 -15 147 4 80
75 14 180 14 81
73 -14 188 14 82
84 22 260 4 83
47 -22 260 4 84
87 7 155 14 85
80 -15 155 4 86
71 19 216 4 87
62 -19 219 4 88
66 15 246 4 89
66 -15 246 4 90
70 0 145 14 91
91 12 170 14 92
84 -19 172 4 93
154 22 255 4 94
91 -14 180 14 95
87 22 234 4 96
72 -22 213 4 97
68 0 240 14 98
109 22 232 4 99
89 -22 231 4 100
88 0 139 14 101
88 22 173 4 102
222 -22 120 4 103
112 19 264 4 104
82 -19 209 4 105
238 19 108 4 106
232 -19 108 4 107
144 22 222 4 108
144 -22 222 4 109
86 15 152 4 110
110 -15 139 4 111
84 15 215 4 112
87 -7 220 14 113
82 0 232 14 114
136 19 233 4 115
115 -19 234 4 116
226 22 119 4 117
236 -22 114 4 118
87 0 132 14 119
140 22 201 4 120
165 -22 159 4 121
239 19 110 4 122
244 -19 107 4 123
96 19 186 4 124
96 -19 186 4 125
94 15 203 4 126
94 -15 203 4 127
97 0 217 14 128
116 15 138 4 129
230 -15 100 4 130
157 19 161 4 131
233 -19 122 4 132
125 0 122 14 133
106 7 192 14 134
147 -15 207 4 135
106 0 207 14 136
235 15 109 4 137
235 -15 109 4 138
154 15 178 4 139
154 -15 178 4 140
116 15 170 4 141
116 -15 170 4 142
240 7 93 4 143
157 7 220 4 144
126 0 147 14 145
158 7 190 4 146
267 7 104 4 147
174 -7 161 4 148
208 -7 153 4 149
191 -7 173 4 150
170 -7 192 4 151
291 -7 91 4 152
260 7 114 4 153
179 0 217 14 154
268 7 93 4 155
176 -7 230 4 156
194 -7 237 4 157
202 7 150 4 158
189 -7 195 4 159
298 7 87 4 160
206 7 168 4 161
198 7 177 4 162
190 -7 212 4 163
284 -7 99 4 164
197 7 234 4 165
198 7 183 4 166
212 -7 168 4 167
202 -7 183 4 168
236 -7 160 4 169
229 -7 173 4 170
241 7 159 4 171
290 7 110 4 172
235 7 147 4 173
220 0 157 14 174
206 0 183 14 175
210 7 194 4 176
205 0 204 14 177
305 7 96 4 178
211 0 168 14 179
210 7 217 4 180
242 -7 250 4 181
268 0 108 14 182
297 -7 112 4 183
281 7 139 4 184
242 7 168 4 185
252 7 180 4 186
252 -7 186 4 187
270 7 248 4 188
266 0 117 14 189
310 7 110 4 190
282 7 149 4 191
245 0 149 14 192
283 -7 155 4 193
273 -7 173 4 194
275 -7 190 4 195
283 0 115 14 196
315 7 111 4 197
279 7 165 4 198
263 0 155 14 199
280 0 181 14 200
286 -7 247 4 201
285 7 192 4 202
312 -7 251 4 203
304 7 186 4 204
334 -7 243 4 205
310 -7 180 4 206
334 -7 110 4 207
320 -7 164 4 208
317 -7 132 4 209
293 0 161 14 210
307 0 164 14 211
341 7 173 4 212
341 -7 104 4 213
335 -7 167 4 214
335 -7 124 4 215
328 7 161 4 216
336 7 134 4 217
333 0 139 14 218
347 7 147 4 219
363 7 170 4 220
374 7 193 4 221
360 -7 152 4 222
368 -7 232 4 223
368 -7 103 4 224
374 7 179 4 225
367 7 128 4 226
373 -7 161 4 227
369 -7 123 4 228
381 7 218 4 229
353 0 126 14 230
382 7 141 4 231
378 7 234 4 232
385 -7 218 4 233
383 -7 171 4 234
369 0 130 14 235
395 0 98 14 236
397 -7 154 4 237
404 -7 173 4 238
396 -7 204 4 239
400 -7 229 4 240
383 0 133 14 241
398 0 165 14 242
397 0 107 14 243
400 7 201 4 244
396 -7 135 4 245
405 0 217 14 246
407 0 178 14 247
405 0 118 14 248
409 0 118 14 249
412 0 201 14 250
406 -7 185 4 251
408 0 137 14 252
421 0 114 14 253
421 7 141 4 254
436 0 100 14 255
436 0 118 14 256
438 7 162 4 257
441 -7 181 4 258
441 7 188 4 259
440 -7 212 4 260
445 0 145 14 261
450 0 132 14 262
449 0 121 14 263
443 7 218 4 264
463 0 170 14 265
465 0 178 14 266
462 0 199 14 267
456 0 130 14 268
462 0 159 14 269
466 0 202 14 270
460 0 134 14 271
468 0 130 14 272
472 0 139 14 273
476 0 124 14 274
481 0 135 14 275
-60 0 114 14 276
-41 -7 121 4 277
-41 0 114 14 278
-24 7 121 4 279
-23 0 114 14 280
-9 0 114 14 281
4 -7 121 4 282
9 0 114 14 283
22 0 115 14 284
34 -7 121 4 285
36 0 116 14 286
48 0 115 14 287
60 0 115 14 288
132 7 93 4 289
159 7 87 4 290
126 7 104 4 291
131 -7 104 4 292
218 -7 76 4 293
222 7 76 4 294
251 7 71 4 295
256 -7 71 4 296
217 -7 89 4 297
221 7 89 4 298
269 7 79 4 299
251 0 88 14 300
248 0 91 14 301
250 0 94 14 302
252 0 96 14 303
261 0 96 14 304
271 0 96 14 305
273 0 98 14 306
274 0 101 14 307
291 0 96 14 308
299 0 99 14 309
297 0 104 14 310
308 0 102 14 311
312 0 105 14 312
312 0 110 14 313
351 -7 95 4 314
356 7 95 4 315
364 -7 94 4 316
369 7 94 4 317
377 7 93 4 318
393 0 88 14 319
393 0 96 14 320
404 0 93 14 321
423 0 81 14 322
419 0 93 14 323
425 0 96 14 324
433 0 94 14 325
438 0 107 14 326
447 0 100 14 327
458 0 109 14 328
466 0 108 14 329
473 0 111 14 330
483 0 112 14 331
486 0 115 14 332
501 -7 110 4 333
501 7 115 4 334
493 0 131 14 335
496 0 151 14 336
497 0 160 14 337
493 0 168 14 338
500 0 173 14 339
497 0 179 14 340
498 0 187 14 341
498 0 197 14 342
492 0 195 14 343
513 -7 216 4 344
509 0 237 14 345
512 -7 272 4 346
510 7 275 4 347
494 -7 261 4 348
489 7 261 4 349
480 -7 265 4 350
475 7 265 4 351
485 7 288 4 352
457 0 265 14 353
443 -7 264 4 354
423 7 243 4 355
409 0 247 14 356
405 7 253 4 357
400 -7 253 4 358
401 -7 264 4 359
