360
-43 0 224 14 0
-39 4 134 4 1
-38 0 142 14 2
-37 4 223 4 3
-36 0 226 14 4
-29 -4 132 4 5
-26 4 161 4 6
-27 -4 173 4 7
-30 0 182 14 8
-32 0 194 14 9
-31 4 208 4 10
-24 -4 152 4 11
-32 0 214 14 12
-26 0 134 14 13
-27 -4 228 4 14
-14 -4 130 4 15
-17 0 163 14 16
-17 4 177 4 17
-18 4 203 4 18
-20 -4 214 4 19
-12 4 147 4 20
-15 0 152 14 21
-18 0 180 14 22
-18 -4 196 4 23
-17 0 228 14 24
-7 4 143 4 25
-6 -4 134 4 26
-12 0 213 14 27
-6 0 137 14 28
-9 0 222 14 29
7 0 168 14 30
9 0 156 14 31
7 0 182 14 32
15 0 146 14 33
11 0 197 14 34
23 0 136 14 35
23 0 200 14 36
18 15 167 4 37
19 -15 164 4 38
22 10 182 14 39
18 -10 184 14 40
24 10 201 14 41
21 -10 197 14 42
30 10 154 14 43
31 -15 150 4 44
36 0 135 14 45
32 0 210 14 46
33 15 205 4 47
30 -15 202 4 48
44 15 144 4 49
44 -15 144 4 50
30 22 180 4 51
27 -22 173 4 52
34 22 191 4 53
31 -22 187 4 54
44 15 211 4 55
38 -10 213 14 56
43 0 219 14 57
50 0 135 14 58
55 15 144 4 59
55 -15 144 4 60
58 17 162 14 61
142 -22 130 4 62
43 22 211 4 63
41 -22 199 4 64
55 25 222 4 65
35 -25 206 4 66
63 21 171 14 67
27 -25 200 4 68
57 10 212 14 69
53 -10 214 14 70
64 21 192 14 71
49 -25 209 4 72
64 0 133 14 73
152 22 131 4 74
152 -22 131 4 75
58 22 207 4 76
53 -22 206 4 77
56 0 256 14 78
66 15 149 4 79
66 -15 149 4 80
69 21 178 14 81
67 -21 182 14 82
75 25 229 4 83
54 -25 229 4 84
79 10 156 14 85
75 -15 155 4 86
70 22 209 4 87
65 -22 211 4 88
67 15 235 4 89
67 -15 235 4 90
69 0 145 14 91
81 17 171 14 92
78 -22 172 4 93
118 25 222 4 94
81 -21 180 14 95
79 25 217 4 96
70 -25 205 4 97
68 0 238 14 98
94 25 214 4 99
82 -25 213 4 100
83 0 138 14 101
83 25 173 4 102
161 -25 144 4 103
97 22 236 4 104
80 -22 204 4 105
170 22 132 4 106
167 -22 132 4 107
116 25 205 4 108
116 -25 205 4 109
84 15 152 4 110
97 -15 145 4 111
83 15 213 4 112
84 -10 216 14 113
81 0 229 14 114
114 22 215 4 115
101 -22 216 4 116
166 25 141 4 117
172 -25 139 4 118
86 0 133 14 119
117 25 191 4 120
131 -25 168 4 121
176 22 133 4 122
179 -22 131 4 123
94 22 186 4 124
94 -22 186 4 125
93 15 202 4 126
93 -15 202 4 127
95 0 216 14 128
106 15 142 4 129
173 -15 120 4 130
130 22 167 4 131
175 -22 144 4 132
114 0 127 14 133
104 10 192 14 134
127 -15 200 4 135
104 0 207 14 136
180 15 130 4 137
180 -15 130 4 138
134 15 180 4 139
134 -15 180 4 140
113 15 170 4 141
113 -15 170 4 142
186 4 111 4 143
139 4 210 4 144
124 0 146 14 145
144 4 189 4 146
209 4 127 4 147
155 -4 167 4 148
183 -4 159 4 149
173 -4 175 4 150
161 -4 192 4 151
230 -4 114 4 152
214 4 132 4 153
167 0 211 14 154
219 4 111 4 155
166 -4 224 4 156
180 -4 231 4 157
185 4 155 4 158
178 -4 195 4 159
240 4 107 4 160
188 4 171 4 161
183 4 181 4 162
179 -4 209 4 163
234 -4 119 4 164
185 4 227 4 165
187 4 185 4 166
196 -4 171 4 167
194 -4 185 4 168
216 -4 166 4 169
215 -4 179 4 170
222 4 165 4 171
253 4 123 4 172
221 4 150 4 173
214 0 159 14 174
205 0 184 14 175
207 4 194 4 176
205 0 204 14 177
262 4 111 4 178
209 0 169 14 179
208 4 217 4 180
229 -4 239 4 181
245 0 116 14 182
263 -4 126 4 183
254 4 149 4 184
232 4 172 4 185
238 4 185 4 186
238 -4 195 4 187
249 4 237 4 188
247 0 124 14 189
278 4 122 4 190
262 4 155 4 191
242 0 150 14 192
264 -4 164 4 193
259 -4 180 4 194
262 -4 198 4 195
267 0 121 14 196
288 4 122 4 197
268 4 169 4 198
259 0 156 14 199
269 0 188 14 200
272 -4 235 4 201
276 4 200 4 202
293 -4 240 4 203
292 4 197 4 204
312 -4 233 4 205
300 -4 189 4 206
316 -4 121 4 207
308 -4 174 4 208
307 -4 138 4 209
293 0 161 14 210
301 0 168 14 211
322 4 190 4 212
323 -4 114 4 213
322 -4 180 4 214
323 -4 131 4 215
319 4 169 4 216
324 4 145 4 217
331 0 141 14 218
339 4 152 4 219
348 4 182 4 220
354 4 201 4 221
350 -4 160 4 222
355 -4 226 4 223
356 -4 115 4 224
360 4 188 4 225
357 4 138 4 226
362 -4 170 4 227
361 -4 131 4 228
367 4 215 4 229
352 0 126 14 230
370 4 152 4 231
369 4 230 4 232
374 -4 215 4 233
373 -4 178 4 234
366 0 133 14 235
381 0 109 14 236
383 -4 163 4 237
389 -4 181 4 238
385 -4 206 4 239
388 -4 226 4 240
379 0 137 14 241
388 0 172 14 242
389 0 117 14 243
391 4 201 4 244
390 -4 143 4 245
396 0 218 14 246
399 0 181 14 247
398 0 127 14 248
401 0 131 14 249
405 0 204 14 250
402 -4 190 4 251
407 0 138 14 252
417 0 122 14 253
418 4 143 4 254
432 0 113 14 255
432 0 129 14 256
438 4 166 4 257
440 -4 183 4 258
440 4 192 4 259
439 -4 213 4 260
442 0 150 14 261
446 0 137 14 262
446 0 125 14 263
444 4 221 4 264
459 0 171 14 265
460 0 181 14 266
458 0 203 14 267
456 0 130 14 268
459 0 158 14 269
461 0 211 14 270
458 0 137 14 271
469 0 129 14 272
471 0 139 14 273
479 0 125 14 274
482 0 136 14 275
-61 0 113 14 276
-46 -4 117 4 277
-42 0 113 14 278
-28 4 117 4 279
-23 0 113 14 280
-11 0 113 14 281
1 -4 117 4 282
8 0 113 14 283
20 0 113 14 284
31 -4 117 4 285
36 0 114 14 286
47 0 113 14 287
59 0 113 14 288
104 4 101 4 289
124 4 98 4 290
109 4 107 4 291
116 -4 107 4 292
170 -4 91 4 293
177 4 91 4 294
198 4 88 4 295
206 -4 88 4 296
187 -4 98 4 297
194 4 98 4 298
225 4 93 4 299
220 0 98 14 300
221 0 100 14 301
227 0 102 14 302
232 0 103 14 303
242 0 103 14 304
252 0 103 14 305
257 0 104 14 306
262 0 105 14 307
276 0 103 14 308
285 0 104 14 309
288 0 107 14 310
298 0 106 14 311
305 0 108 14 312
309 0 110 14 313
336 -4 102 4 314
343 4 102 4 315
352 -4 102 4 316
359 4 102 4 317
368 4 101 4 318
381 0 98 14 319
385 0 103 14 320
396 0 101 14 321
411 0 94 14 322
413 0 101 14 323
421 0 103 14 324
430 0 102 14 325
437 0 109 14 326
446 0 105 14 327
457 0 110 14 328
466 0 109 14 329
474 0 111 14 330
484 0 112 14 331
490 0 114 14 332
502 -4 112 4 333
502 4 119 4 334
498 0 132 14 335
499 0 148 14 336
500 0 157 14 337
498 0 166 14 338
502 0 173 14 339
500 0 180 14 340
500 0 189 14 341
500 0 199 14 342
497 0 202 14 343
509 -4 219 4 344
506 0 235 14 345
508 -4 259 4 346
505 4 264 4 347
492 -4 255 4 348
485 4 255 4 349
475 -4 258 4 350
468 4 258 4 351
470 4 271 4 352
449 0 258 14 353
437 -4 257 4 354
421 4 245 4 355
409 0 247 14 356
402 4 251 4 357
395 -4 251 4 358
392 -4 257 4 359
