360
-42 0 227 14 0
-37 6 133 4 1
-37 0 142 14 2
-36 6 227 4 3
-36 0 226 14 4
-26 -6 131 4 5
-23 6 164 4 6
-25 -6 177 4 7
-29 0 184 14 8
-31 0 196 14 9
-29 6 210 4 10
-20 -6 154 4 11
-32 0 214 14 12
-25 0 135 14 13
-27 -6 229 4 14
-12 -6 130 4 15
-16 0 164 14 16
-16 6 180 4 17
-18 6 203 4 18
-21 -6 215 4 19
-10 6 148 4 20
-13 0 152 14 21
-18 0 180 14 22
-18 -6 198 4 23
-17 0 231 14 24
-5 6 143 4 25
-4 -6 135 4 26
-12 0 215 14 27
-5 0 138 14 28
-10 0 224 14 29
7 0 169 14 30
10 0 157 14 31
6 0 183 14 32
16 0 146 14 33
8 0 199 14 34
23 0 136 14 35
21 0 201 14 36
14 15 167 4 37
16 -15 162 4 38
19 8 184 14 39
15 -8 187 14 40
21 8 206 14 41
17 -8 201 14 42
29 8 153 14 43
30 -15 147 4 44
37 0 136 14 45
31 0 211 14 46
32 15 209 4 47
27 -15 205 4 48
47 15 142 4 49
47 -15 142 4 50
26 20 184 4 51
21 -20 174 4 52
30 20 197 4 53
26 -20 190 4 54
43 15 216 4 55
35 -8 218 14 56
42 0 220 14 57
51 0 136 14 58
58 15 142 4 59
58 -15 142 4 60
63 14 161 14 61
183 -20 116 4 62
41 20 222 4 63
38 -20 204 4 64
57 23 241 4 65
28 -23 217 4 66
67 17 171 14 67
16 -23 213 4 68
59 8 214 14 69
52 -8 216 14 70
66 17 196 14 71
46 -23 220 4 72
66 0 131 14 73
192 20 116 4 74
192 -20 116 4 75
58 20 212 4 76
51 -20 212 4 77
55 0 269 14 78
69 15 148 4 79
69 -15 148 4 80
73 17 180 14 81
71 -17 185 14 82
80 23 247 4 83
50 -23 247 4 84
84 8 155 14 85
78 -15 155 4 86
70 20 213 4 87
63 -20 215 4 88
67 15 241 4 89
67 -15 241 4 90
70 0 145 14 91
87 14 171 14 92
82 -20 172 4 93
139 23 241 4 94
87 -17 180 14 95
84 23 227 4 96
71 -23 209 4 97
68 0 239 14 98
103 23 224 4 99
86 -23 224 4 100
86 0 139 14 101
86 23 173 4 102
197 -23 130 4 103
105 20 252 4 104
81 -20 207 4 105
210 20 118 4 106
205 -20 118 4 107
132 23 215 4 108
132 -23 215 4 109
85 15 152 4 110
104 -15 142 4 111
83 15 214 4 112
86 -8 218 14 113
81 0 231 14 114
127 20 226 4 115
109 -20 226 4 116
201 23 128 4 117
210 -23 125 4 118
86 0 132 14 119
130 23 197 4 120
151 -23 162 4 121
213 20 120 4 122
217 -20 118 4 123
95 20 186 4 124
95 -20 186 4 125
94 15 202 4 126
94 -15 202 4 127
96 0 217 14 128
112 15 140 4 129
206 -15 108 4 130
145 20 164 4 131
209 -20 132 4 132
120 0 124 14 133
105 8 192 14 134
139 -15 204 4 135
105 0 207 14 136
212 15 118 4 137
212 -15 118 4 138
146 15 179 4 139
146 -15 179 4 140
115 15 170 4 141
115 -15 170 4 142
217 6 101 4 143
149 6 216 4 144
125 0 146 14 145
152 6 190 4 146
242 6 114 4 147
166 -6 164 4 148
198 -6 156 4 149
183 -6 174 4 150
166 -6 192 4 151
265 -6 101 4 152
240 6 122 4 153
174 0 215 14 154
247 6 101 4 155
172 -6 227 4 156
188 -6 235 4 157
195 6 152 4 158
184 -6 195 4 159
273 6 95 4 160
198 6 169 4 161
192 6 179 4 162
185 -6 211 4 163
263 -6 107 4 164
192 6 231 4 165
193 6 184 4 166
205 -6 169 4 167
199 -6 184 4 168
227 -6 162 4 169
223 -6 176 4 170
233 6 162 4 171
274 6 116 4 172
229 6 148 4 173
218 0 158 14 174
206 0 183 14 175
209 6 194 4 176
205 0 204 14 177
287 6 102 4 178
210 0 169 14 179
209 6 217 4 180
236 -6 245 4 181
259 0 111 14 182
283 -6 118 4 183
270 6 143 4 184
237 6 170 4 185
246 6 182 4 186
246 -6 190 4 187
261 6 243 4 188
258 0 120 14 189
296 6 115 4 190
273 6 151 4 191
244 0 149 14 192
275 -6 159 4 193
267 -6 177 4 194
270 -6 193 4 195
277 0 118 14 196
303 6 116 4 197
274 6 167 4 198
261 0 155 14 199
275 0 184 14 200
280 -6 242 4 201
281 6 196 4 202
304 -6 246 4 203
299 6 191 4 204
325 -6 239 4 205
306 -6 184 4 206
326 -6 115 4 207
315 -6 168 4 208
313 -6 135 4 209
293 0 161 14 210
304 0 166 14 211
333 6 180 4 212
334 -6 108 4 213
330 -6 173 4 214
330 -6 127 4 215
324 6 164 4 216
331 6 138 4 217
332 0 140 14 218
344 6 149 4 219
357 6 175 4 220
365 6 196 4 221
356 -6 156 4 222
363 -6 229 4 223
363 -6 108 4 224
368 6 182 4 225
363 6 132 4 226
368 -6 165 4 227
365 -6 127 4 228
375 6 217 4 229
352 0 126 14 230
377 6 146 4 231
374 6 232 4 232
380 -6 217 4 233
379 -6 174 4 234
367 0 131 14 235
389 0 103 14 236
391 -6 158 4 237
398 -6 177 4 238
391 -6 205 4 239
395 -6 228 4 240
381 0 135 14 241
394 0 168 14 242
393 0 111 14 243
396 6 201 4 244
394 -6 138 4 245
401 0 217 14 246
403 0 180 14 247
402 0 121 14 248
406 0 124 14 249
409 0 202 14 250
404 -6 187 4 251
407 0 137 14 252
419 0 118 14 253
419 6 142 4 254
434 0 106 14 255
434 0 123 14 256
438 6 164 4 257
440 -6 182 4 258
440 6 190 4 259
439 -6 213 4 260
444 0 147 14 261
448 0 134 14 262
448 0 123 14 263
443 6 219 4 264
461 0 170 14 265
463 0 180 14 266
461 0 200 14 267
456 0 130 14 268
461 0 159 14 269
464 0 206 14 270
459 0 135 14 271
469 0 129 14 272
471 0 139 14 273
477 0 124 14 274
482 0 136 14 275
-61 0 114 14 276
-43 -6 119 4 277
-42 0 114 14 278
-26 6 119 4 279
-23 0 114 14 280
-10 0 114 14 281
3 -6 119 4 282
9 0 114 14 283
21 0 114 14 284
33 -6 119 4 285
36 0 115 14 286
48 0 114 14 287
59 0 114 14 288
120 6 96 4 289
144 6 92 4 290
119 6 105 4 291
125 -6 105 4 292
198 -6 82 4 293
203 6 82 4 294
228 6 78 4 295
234 -6 78 4 296
204 -6 93 4 297
210 6 93 4 298
250 6 85 4 299
237 0 92 14 300
236 0 95 14 301
240 0 97 14 302
244 0 99 14 303
253 0 99 14 304
263 0 99 14 305
266 0 100 14 306
269 0 103 14 307
284 0 99 14 308
293 0 101 14 309
293 0 105 14 310
304 0 104 14 311
309 0 106 14 312
311 0 110 14 313
345 -6 98 4 314
351 6 98 4 315
359 -6 97 4 316
365 6 97 4 317
373 6 96 4 318
388 0 92 14 319
390 0 99 14 320
401 0 97 14 321
418 0 87 14 322
416 0 97 14 323
423 0 99 14 324
431 0 97 14 325
437 0 108 14 326
447 0 102 14 327
457 0 110 14 328
466 0 108 14 329
474 0 111 14 330
483 0 112 14 331
488 0 115 14 332
502 -6 111 4 333
502 6 117 4 334
495 0 132 14 335
498 0 150 14 336
498 0 159 14 337
495 0 167 14 338
501 0 173 14 339
498 0 180 14 340
499 0 188 14 341
499 0 198 14 342
494 0 198 14 343
511 -6 217 4 344
508 0 236 14 345
510 -6 267 4 346
508 6 270 4 347
493 -6 258 4 348
487 6 258 4 349
478 -6 262 4 350
472 6 262 4 351
478 6 281 4 352
454 0 262 14 353
440 -6 261 4 354
422 6 244 4 355
409 0 247 14 356
404 6 252 4 357
398 -6 252 4 358
397 -6 261 4 359
