360
-43 0 222 14 0
-40 3 134 4 1
-38 0 143 14 2
-37 3 220 4 3
-36 0 225 14 4
-30 -3 132 4 5
-28 3 158 4 6
-29 -3 171 4 7
-31 0 181 14 8
-32 0 193 14 9
-31 3 206 4 10
-26 -3 150 4 11
-32 0 213 14 12
-26 0 134 14 13
-27 -3 227 4 14
-15 -3 130 4 15
-17 0 162 14 16
-17 3 175 4 17
-18 3 202 4 18
-20 -3 213 4 19
-13 3 146 4 20
-15 0 151 14 21
-18 0 180 14 22
-18 -3 195 4 23
-16 0 227 14 24
-8 3 143 4 25
-8 -3 133 4 26
-12 0 212 14 27
-6 0 137 14 28
-8 0 221 14 29
7 0 168 14 30
9 0 156 14 31
7 0 182 14 32
15 0 146 14 33
13 0 196 14 34
23 0 137 14 35
23 0 200 14 36
20 15 167 4 37
21 -15 165 4 38
23 11 181 14 39
21 -11 183 14 40
26 11 197 14 41
24 -11 194 14 42
30 11 155 14 43
31 -15 152 4 44
36 0 135 14 45
33 0 210 14 46
35 15 202 4 47
32 -15 200 4 48
43 15 146 4 49
43 -15 146 4 50
33 22 178 4 51
31 -22 173 4 52
36 22 188 4 53
34 -22 185 4 54
44 15 209 4 55
40 -11 210 14 56
44 0 219 14 57
49 0 134 14 58
53 15 145 4 59
53 -15 145 4 60
56 19 163 14 61
117 -22 140 4 62
44 22 204 4 63
43 -22 196 4 64
54 26 210 4 65
39 -26 198 4 66
60 23 171 14 67
33 -26 192 4 68
57 11 211 14 69
53 -11 212 14 70
62 23 190 14 71
52 -26 202 4 72
63 0 134 14 73
126 22 140 4 74
126 -22 140 4 75
58 22 203 4 76
54 -22 203 4 77
57 0 247 14 78
64 15 149 4 79
64 -15 149 4 80
66 23 177 14 81
65 -23 180 14 82
72 26 218 4 83
56 -26 218 4 84
76 11 156 14 85
73 -15 156 4 86
69 22 207 4 87
65 -22 208 4 88
67 15 230 4 89
67 -15 230 4 90
69 0 144 14 91
78 19 172 14 92
75 -22 172 4 93
104 26 210 4 94
78 -23 180 14 95
76 26 211 4 96
70 -26 202 4 97
68 0 237 14 98
88 26 207 4 99
80 -26 206 4 100
81 0 138 14 101
81 26 174 4 102
137 -26 152 4 103
91 22 225 4 104
79 -22 202 4 105
145 22 141 4 106
143 -22 141 4 107
106 26 199 4 108
106 -26 199 4 109
83 15 152 4 110
93 -15 147 4 111
82 15 212 4 112
83 -11 214 14 113
81 0 228 14 114
105 22 209 4 115
96 -22 209 4 116
144 26 150 4 117
148 -26 148 4 118
86 0 133 14 119
108 26 188 4 120
118 -26 171 4 121
153 22 141 4 122
154 -22 140 4 123
93 22 185 4 124
93 -22 185 4 125
93 15 201 4 126
93 -15 201 4 127
94 0 216 14 128
103 15 144 4 129
151 -15 128 4 130
120 22 169 4 131
153 -22 152 4 132
110 0 129 14 133
103 11 192 14 134
120 -15 198 4 135
104 0 207 14 136
159 15 137 4 137
159 -15 137 4 138
127 15 180 4 139
127 -15 180 4 140
112 15 170 4 141
112 -15 170 4 142
166 3 118 4 143
132 3 207 4 144
124 0 145 14 145
139 3 189 4 146
187 3 135 4 147
149 -3 169 4 148
173 -3 162 4 149
166 -3 176 4 150
157 -3 192 4 151
209 -3 122 4 152
196 3 139 4 153
162 0 209 14 154
201 3 117 4 155
163 -3 222 4 156
174 -3 229 4 157
179 3 157 4 158
174 -3 195 4 159
220 3 115 4 160
181 3 173 4 161
178 3 183 4 162
175 -3 208 4 163
216 -3 126 4 164
180 3 224 4 165
183 3 186 4 166
191 -3 173 4 167
191 -3 186 4 168
208 -3 168 4 169
209 -3 181 4 170
216 3 167 4 171
239 3 128 4 172
217 3 151 4 173
211 0 159 14 174
205 0 184 14 175
207 3 194 4 176
205 0 204 14 177
246 3 117 4 178
208 0 170 14 179
207 3 217 4 180
224 -3 234 4 181
237 0 119 14 182
251 -3 132 4 183
244 3 152 4 184
228 3 173 4 185
233 3 188 4 186
233 -3 199 4 187
241 3 232 4 188
241 0 127 14 189
266 3 127 4 190
255 3 157 4 191
241 0 150 14 192
257 -3 167 4 193
253 -3 184 4 194
257 -3 200 4 195
261 0 124 14 196
278 3 126 4 197
264 3 171 4 198
258 0 156 14 199
265 0 191 14 200
267 -3 231 4 201
272 3 204 4 202
286 -3 235 4 203
288 3 202 4 204
304 -3 230 4 205
297 -3 192 4 206
309 -3 124 4 207
303 -3 177 4 208
303 -3 140 4 209
293 0 161 14 210
298 0 169 14 211
315 3 196 4 212
317 -3 117 4 213
317 -3 186 4 214
319 -3 133 4 215
316 3 172 4 216
320 3 149 4 217
330 0 141 14 218
336 3 154 4 219
343 3 186 4 220
347 3 204 4 221
346 -3 164 4 222
350 -3 224 4 223
351 -3 119 4 224
354 3 192 4 225
354 3 142 4 226
358 -3 173 4 227
358 -3 134 4 228
362 3 214 4 229
352 0 126 14 230
365 3 156 4 231
365 3 228 4 232
370 -3 214 4 233
369 -3 180 4 234
364 0 135 14 235
376 0 114 14 236
378 -3 166 4 237
384 -3 184 4 238
381 -3 207 4 239
384 -3 225 4 240
378 0 139 14 241
385 0 175 14 242
386 0 120 14 243
388 3 202 4 244
388 -3 146 4 245
393 0 218 14 246
396 0 183 14 247
396 0 130 14 248
398 0 136 14 249
402 0 206 14 250
400 -3 192 4 251
407 0 138 14 252
416 0 125 14 253
416 3 144 4 254
431 0 118 14 255
431 0 134 14 256
438 3 167 4 257
439 -3 183 4 258
439 3 194 4 259
438 -3 214 4 260
441 0 152 14 261
445 0 139 14 262
445 0 127 14 263
444 3 222 4 264
457 0 172 14 265
458 0 183 14 266
457 0 204 14 267
456 0 130 14 268
458 0 158 14 269
460 0 214 14 270
458 0 138 14 271
469 0 128 14 272
470 0 140 14 273
480 0 125 14 274
483 0 137 14 275
-62 0 113 14 276
-48 -3 115 4 277
-43 0 113 14 278
-29 3 115 4 279
-23 0 113 14 280
-12 0 113 14 281
0 -3 115 4 282
8 0 113 14 283
19 0 113 14 284
30 -3 115 4 285
36 0 113 14 286
47 0 113 14 287
58 0 113 14 288
93 3 104 4 289
111 3 101 4 290
103 3 108 4 291
111 -3 108 4 292
153 -3 97 4 293
160 3 97 4 294
179 3 95 4 295
186 -3 95 4 296
176 -3 102 4 297
183 3 102 4 298
209 3 98 4 299
208 0 102 14 300
212 0 103 14 301
219 0 104 14 302
225 0 105 14 303
234 0 105 14 304
244 0 105 14 305
251 0 106 14 306
257 0 107 14 307
270 0 105 14 308
279 0 106 14 309
284 0 108 14 310
295 0 108 14 311
302 0 109 14 312
308 0 111 14 313
330 -3 105 4 314
338 3 105 4 315
347 -3 104 4 316
355 3 104 4 317
364 3 104 4 318
377 0 102 14 319
383 0 105 14 320
393 0 104 14 321
407 0 99 14 322
411 0 104 14 323
420 0 105 14 324
428 0 104 14 325
436 0 109 14 326
446 0 107 14 327
456 0 111 14 328
466 0 110 14 329
475 0 111 14 330
484 0 112 14 331
491 0 113 14 332
503 -3 112 4 333
503 3 120 4 334
499 0 133 14 335
501 0 147 14 336
501 0 156 14 337
499 0 165 14 338
502 0 173 14 339
501 0 180 14 340
501 0 190 14 341
501 0 200 14 342
499 0 205 14 343
507 -3 220 4 344
506 0 235 14 345
507 -3 255 4 346
504 3 259 4 347
491 -3 253 4 348
484 3 253 4 349
474 -3 255 4 350
466 3 255 4 351
464 3 265 4 352
447 0 255 14 353
435 -3 255 4 354
421 3 246 4 355
409 0 248 14 356
402 3 250 4 357
394 -3 250 4 358
388 -3 255 4 359
