360
-41 0 237 14 0
-32 12 131 4 1
-36 0 140 14 2
-33 12 241 4 3
-36 0 227 14 4
-18 -12 130 4 5
-12 12 176 4 6
-16 -12 188 4 7
-24 0 191 14 8
-28 0 202 14 9
-25 12 219 4 10
-8 -12 163 4 11
-32 0 215 14 12
-22 0 138 14 13
-27 -12 233 4 14
-5 -12 130 4 15
-13 0 167 14 16
-13 12 189 4 17
-18 12 205 4 18
-23 -12 220 4 19
-2 12 153 4 20
-9 0 153 14 21
-18 0 180 14 22
-18 -12 204 4 23
-19 0 239 14 24
3 12 142 4 25
4 -12 140 4 26
-12 0 220 14 27
-3 0 139 14 28
-13 0 230 14 29
8 0 170 14 30
13 0 158 14 31
4 0 185 14 32
17 0 147 14 33
-2 0 206 14 34
22 0 135 14 35
17 0 204 14 36
1 15 166 4 37
6 -15 157 4 38
12 2 189 14 39
3 -2 195 14 40
12 2 225 14 41
4 -2 215 14 42
26 2 150 14 43
29 -15 138 4 44
40 0 140 14 45
26 0 215 14 46
26 15 223 4 47
17 -15 216 4 48
54 15 133 4 49
54 -15 133 4 50
10 16 198 4 51
0 -16 178 4 52
18 16 213 4 53
10 -16 200 4 54
40 15 230 4 55
24 -2 234 14 56
37 0 222 14 57
54 0 140 14 58
67 15 136 4 59
67 -15 136 4 60
77 4 158 14 61
316 -16 67 4 62
33 16 257 4 63
28 -16 222 4 64
63 17 304 4 65
6 -17 256 4 66
83 4 170 14 67
-20 -17 255 4 68
63 2 220 14 69
50 -2 223 14 70
75 4 208 14 71
34 -17 257 4 72
74 0 125 14 73
324 16 68 4 74
324 -16 68 4 75
58 16 229 4 76
43 -16 228 4 77
52 0 312 14 78
78 15 144 4 79
78 -15 144 4 80
86 4 184 14 81
82 -4 197 14 82
97 17 305 4 83
36 -17 306 4 84
100 2 154 14 85
88 -15 154 4 86
73 16 225 4 87
59 -16 230 4 88
66 15 263 4 89
66 -15 263 4 90
71 0 146 14 91
105 4 169 14 92
95 -16 171 4 93
209 17 303 4 94
105 -4 180 14 95
100 17 260 4 96
74 -17 224 4 97
68 0 243 14 98
133 17 260 4 99
100 -17 259 4 100
95 0 140 14 101
96 17 172 4 102
316 -17 86 4 103
134 16 306 4 104
86 -16 216 4 105
340 16 72 4 106
331 -16 72 4 107
186 17 246 4 108
186 -17 246 4 109
90 15 153 4 110
128 -15 132 4 111
86 15 218 4 112
91 -2 227 14 113
82 0 237 14 114
170 16 260 4 115
135 -16 261 4 116
317 17 85 4 117
334 -17 78 4 118
87 0 131 14 119
174 17 215 4 120
216 -17 146 4 121
335 16 77 4 122
342 -16 72 4 123
99 16 187 4 124
99 -16 187 4 125
96 15 204 4 126
96 -15 204 4 127
100 0 219 14 128
130 15 131 4 129
318 -15 68 4 130
196 16 154 4 131
323 -16 90 4 132
141 0 115 14 133
110 2 192 14 134
177 -15 217 4 135
108 0 206 14 136
318 15 78 4 137
318 -15 78 4 138
184 15 175 4 139
184 -15 175 4 140
120 15 170 4 141
120 -15 170 4 142
321 12 66 4 143
184 12 234 4 144
128 0 148 14 145
180 12 192 4 146
354 12 71 4 147
202 -12 154 4 148
246 -12 144 4 149
218 -12 169 4 150
184 -12 193 4 151
382 -12 58 4 152
331 12 87 4 153
198 0 226 14 154
343 12 67 4 155
190 -12 237 4 156
215 -12 246 4 157
227 12 143 4 158
206 -12 195 4 159
384 12 56 4 160
232 12 162 4 161
220 12 170 4 162
206 -12 216 4 163
360 -12 70 4 164
216 12 245 4 165
213 12 180 4 166
234 -12 162 4 167
215 -12 180 4 168
267 -12 151 4 169
252 -12 164 4 170
269 12 151 4 171
344 12 90 4 172
255 12 142 4 173
230 0 154 14 174
207 0 182 14 175
213 12 195 4 176
205 0 203 14 177
369 12 73 4 178
215 0 167 14 179
212 12 218 4 180
261 -12 267 4 181
303 0 95 14 182
347 -12 91 4 183
321 12 125 4 184
256 12 163 4 185
272 12 171 4 186
272 -12 174 4 187
300 12 266 4 188
294 0 106 14 189
357 12 92 4 190
310 12 140 4 191
250 0 148 14 192
311 -12 142 4 193
294 -12 161 4 194
296 -12 180 4 195
308 0 106 14 196
354 12 95 4 197
296 12 158 4 198
269 0 154 14 199
297 0 171 14 200
306 -12 266 4 201
299 12 180 4 202
341 -12 268 4 203
322 12 169 4 204
366 -12 257 4 205
324 -12 167 4 206
360 -12 95 4 207
338 -12 150 4 208
333 -12 123 4 209
293 0 161 14 210
316 0 159 14 211
370 12 147 4 212
367 -12 90 4 213
355 -12 146 4 214
353 -12 114 4 215
341 12 149 4 216
353 12 117 4 217
335 0 137 14 218
359 12 139 4 219
386 12 151 4 220
402 12 181 4 221
376 -12 140 4 222
388 -12 240 4 223
387 -12 84 4 224
395 12 163 4 225
381 12 113 4 226
389 -12 148 4 227
381 -12 112 4 228
401 12 224 4 229
353 0 125 14 230
400 12 125 4 231
391 12 241 4 232
402 -12 224 4 233
398 -12 160 4 234
373 0 124 14 235
415 0 80 14 236
417 -12 141 4 237
427 -12 160 4 238
411 -12 201 4 239
417 -12 235 4 240
389 0 127 14 241
412 0 155 14 242
409 0 93 14 243
412 12 200 4 244
405 -12 123 4 245
417 0 216 14 246
419 0 171 14 247
415 0 105 14 248
421 0 98 14 249
424 0 195 14 250
413 -12 179 4 251
408 0 136 14 252
427 0 103 14 253
425 12 137 4 254
441 0 80 14 255
441 0 100 14 256
438 12 157 4 257
443 -12 180 4 258
443 12 181 4 259
441 -12 211 4 260
449 0 137 14 261
456 0 125 14 262
453 0 115 14 263
442 12 212 4 264
469 0 167 14 265
473 0 172 14 266
468 0 192 14 267
456 0 129 14 268
466 0 160 14 269
472 0 189 14 270
462 0 128 14 271
468 0 131 14 272
473 0 138 14 273
472 0 122 14 274
480 0 134 14 275
-58 0 116 14 276
-33 -12 127 4 277
-40 0 116 14 278
-18 12 127 4 279
-23 0 116 14 280
-7 0 116 14 281
9 -12 127 4 282
11 0 116 14 283
26 0 117 14 284
39 -12 127 4 285
36 0 119 14 286
49 0 117 14 287
62 0 117 14 288
173 12 81 4 289
212 12 72 4 290
152 12 98 4 291
154 -12 98 4 292
288 -12 53 4 293
289 12 53 4 294
331 12 45 4 295
333 -12 45 4 296
260 -12 74 4 297
262 12 74 4 298
335 12 58 4 299
299 0 72 14 300
287 0 78 14 301
284 0 83 14 302
282 0 86 14 303
290 0 87 14 304
300 0 86 14 305
297 0 89 14 306
292 0 94 14 307
313 0 87 14 308
320 0 91 14 309
310 0 98 14 310
322 0 96 14 311
322 0 101 14 312
316 0 109 14 313
374 -12 85 4 314
376 12 85 4 315
382 -12 83 4 316
384 12 83 4 317
390 12 81 4 318
411 0 73 14 319
404 0 86 14 320
416 0 82 14 321
440 0 62 14 322
427 0 82 14 323
431 0 86 14 324
437 0 83 14 325
439 0 104 14 326
448 0 93 14 327
459 0 108 14 328
466 0 105 14 329
472 0 111 14 330
481 0 113 14 331
480 0 118 14 332
500 -12 108 4 333
500 12 110 4 334
487 0 130 14 335
492 0 156 14 336
493 0 165 14 337
487 0 171 14 338
498 0 173 14 339
493 0 176 14 340
494 0 184 14 341
494 0 193 14 342
484 0 184 14 343
519 -12 212 4 344
512 0 240 14 345
517 -12 291 4 346
516 12 292 4 347
497 -12 268 4 348
495 12 268 4 349
486 -12 276 4 350
485 12 276 4 351
507 12 314 4 352
468 0 275 14 353
451 -12 274 4 354
425 12 239 4 355
409 0 246 14 356
408 12 256 4 357
406 -12 256 4 358
414 -12 273 4 359
