360
-41 0 233 14 0
-34 10 132 4 1
-36 0 140 14 2
-34 10 236 4 3
-36 0 227 14 4
-21 -10 131 4 5
-16 10 171 4 6
-19 -10 183 4 7
-26 0 188 14 8
-29 0 199 14 9
-27 10 215 4 10
-13 -10 159 4 11
-32 0 215 14 12
-23 0 137 14 13
-27 -10 232 4 14
-8 -10 130 4 15
-14 0 166 14 16
-14 10 185 4 17
-18 10 205 4 18
-22 -10 218 4 19
-5 10 151 4 20
-11 0 153 14 21
-18 0 180 14 22
-18 -10 201 4 23
-18 0 236 14 24
0 10 142 4 25
1 -10 138 4 26
-12 0 218 14 27
-4 0 138 14 28
-12 0 228 14 29
8 0 169 14 30
12 0 157 14 31
5 0 184 14 32
17 0 147 14 33
2 0 204 14 34
22 0 135 14 35
19 0 203 14 36
6 15 166 4 37
10 -15 159 4 38
15 4 187 14 39
8 -4 192 14 40
16 4 218 14 41
9 -4 209 14 42
27 4 151 14 43
29 -15 142 4 44
39 0 139 14 45
28 0 214 14 46
28 15 218 4 47
21 -15 212 4 48
51 15 137 4 49
51 -15 137 4 50
16 18 193 4 51
8 -18 177 4 52
23 18 207 4 53
16 -18 196 4 54
41 15 224 4 55
28 -4 228 14 56
39 0 221 14 57
53 0 138 14 58
63 15 139 4 59
63 -15 139 4 60
71 8 159 14 61
264 -18 86 4 62
36 18 244 4 63
32 -18 215 4 64
61 19 280 4 65
15 -19 241 4 66
77 9 170 14 67
-6 -19 238 4 68
61 4 218 14 69
51 -4 220 14 70
72 9 203 14 71
39 -19 243 4 72
71 0 127 14 73
272 18 86 4 74
272 -18 86 4 75
58 18 223 4 76
46 -18 222 4 77
53 0 295 14 78
74 15 145 4 79
74 -15 145 4 80
80 9 182 14 81
78 -9 193 14 82
91 19 282 4 83
41 -19 283 4 84
94 4 155 14 85
84 -15 154 4 86
72 18 220 4 87
61 -18 225 4 88
66 15 254 4 89
66 -15 254 4 90
71 0 146 14 91
98 8 169 14 92
89 -18 171 4 93
181 19 279 4 94
98 -9 180 14 95
94 19 247 4 96
73 -19 219 4 97
68 0 242 14 98
121 19 246 4 99
95 -19 245 4 100
91 0 139 14 101
92 19 172 4 102
269 -19 103 4 103
123 18 285 4 104
84 -18 213 4 105
289 18 90 4 106
282 -18 90 4 107
165 19 234 4 108
165 -19 234 4 109
88 15 153 4 110
119 -15 136 4 111
85 15 217 4 112
89 -4 223 14 113
82 0 235 14 114
153 18 247 4 115
125 -18 247 4 116
272 19 102 4 117
285 -19 96 4 118
87 0 132 14 119
157 19 208 4 120
190 -19 152 4 121
287 18 93 4 122
293 -18 89 4 123
98 18 187 4 124
98 -18 187 4 125
95 15 204 4 126
95 -15 204 4 127
99 0 218 14 128
123 15 135 4 129
274 -15 84 4 130
176 18 158 4 131
278 -18 106 4 132
133 0 119 14 133
108 4 192 14 134
162 -15 212 4 135
107 0 206 14 136
277 15 94 4 137
277 -15 94 4 138
169 15 176 4 139
169 -15 176 4 140
118 15 170 4 141
118 -15 170 4 142
281 10 80 4 143
171 10 227 4 144
127 0 148 14 145
169 10 191 4 146
311 10 88 4 147
188 -10 158 4 148
227 -10 149 4 149
205 -10 171 4 150
177 -10 193 4 151
337 -10 74 4 152
296 10 101 4 153
189 0 221 14 154
306 10 80 4 155
183 -10 233 4 156
204 -10 241 4 157
215 10 146 4 158
198 -10 195 4 159
341 10 71 4 160
220 10 165 4 161
209 10 174 4 162
198 -10 214 4 163
322 -10 84 4 164
207 10 239 4 165
205 10 182 4 166
223 -10 165 4 167
209 -10 182 4 168
251 -10 156 4 169
241 -10 169 4 170
255 10 155 4 171
317 10 100 4 172
245 10 144 4 173
224 0 155 14 174
207 0 183 14 175
211 10 195 4 176
205 0 203 14 177
337 10 84 4 178
213 0 167 14 179
211 10 218 4 180
251 -10 258 4 181
286 0 101 14 182
322 -10 101 4 183
301 10 132 4 184
249 10 165 4 185
262 10 176 4 186
262 -10 180 4 187
285 10 257 4 188
280 0 111 14 189
334 10 101 4 190
296 10 145 4 191
248 0 149 14 192
297 -10 149 4 193
283 -10 167 4 194
285 -10 185 4 195
296 0 111 14 196
334 10 103 4 197
288 10 162 4 198
266 0 155 14 199
289 0 177 14 200
296 -10 257 4 201
292 10 186 4 202
326 -10 259 4 203
313 10 178 4 204
350 -10 250 4 205
317 -10 174 4 206
347 -10 102 4 207
329 -10 157 4 208
325 -10 127 4 209
293 0 161 14 210
311 0 161 14 211
355 10 160 4 212
354 -10 97 4 213
345 -10 156 4 214
344 -10 119 4 215
335 10 155 4 216
344 10 125 4 217
334 0 138 14 218
353 10 143 4 219
374 10 161 4 220
388 10 187 4 221
368 -10 146 4 222
378 -10 236 4 223
378 -10 93 4 224
384 10 171 4 225
374 10 121 4 226
381 -10 155 4 227
375 -10 117 4 228
391 10 221 4 229
353 0 125 14 230
391 10 133 4 231
384 10 237 4 232
394 -10 221 4 233
391 -10 166 4 234
371 0 127 14 235
405 0 89 14 236
407 -10 148 4 237
415 -10 167 4 238
403 -10 202 4 239
408 -10 232 4 240
386 0 130 14 241
405 0 160 14 242
403 0 100 14 243
406 10 200 4 244
401 -10 129 4 245
411 0 217 14 246
413 0 175 14 247
410 0 111 14 248
415 0 108 14 249
418 0 198 14 250
410 -10 182 4 251
408 0 137 14 252
424 0 108 14 253
423 10 139 4 254
438 0 90 14 255
438 0 109 14 256
438 10 159 4 257
442 -10 180 4 258
442 10 185 4 259
440 -10 211 4 260
447 0 141 14 261
453 0 128 14 262
451 0 118 14 263
442 10 215 4 264
466 0 168 14 265
469 0 175 14 266
465 0 195 14 267
456 0 129 14 268
464 0 159 14 269
469 0 195 14 270
461 0 131 14 271
468 0 131 14 272
472 0 138 14 273
474 0 123 14 274
481 0 134 14 275
-59 0 115 14 276
-37 -10 124 4 277
-41 0 115 14 278
-21 10 124 4 279
-23 0 115 14 280
-8 0 115 14 281
7 -10 124 4 282
10 0 115 14 283
24 0 116 14 284
37 -10 124 4 285
36 0 117 14 286
49 0 116 14 287
61 0 116 14 288
152 10 87 4 289
185 10 79 4 290
139 10 101 4 291
142 -10 101 4 292
252 -10 64 4 293
256 10 64 4 294
291 10 58 4 295
294 -10 58 4 296
238 -10 81 4 297
241 10 81 4 298
302 10 69 4 299
275 0 80 14 300
267 0 85 14 301
267 0 89 14 302
267 0 91 14 303
276 0 92 14 304
286 0 91 14 305
285 0 94 14 306
283 0 98 14 307
302 0 92 14 308
309 0 95 14 309
303 0 101 14 310
315 0 99 14 311
317 0 103 14 312
314 0 109 14 313
363 -10 90 4 314
366 10 90 4 315
373 -10 89 4 316
377 10 89 4 317
383 10 87 4 318
402 0 81 14 319
399 0 91 14 320
410 0 87 14 321
431 0 71 14 322
423 0 87 14 323
428 0 91 14 324
435 0 89 14 325
438 0 105 14 326
448 0 96 14 327
458 0 108 14 328
466 0 106 14 329
473 0 111 14 330
482 0 113 14 331
483 0 117 14 332
501 -10 109 4 333
501 10 112 4 334
490 0 130 14 335
494 0 153 14 336
495 0 163 14 337
490 0 169 14 338
499 0 173 14 339
495 0 177 14 340
496 0 185 14 341
496 0 195 14 342
488 0 189 14 343
516 -10 214 4 344
510 0 239 14 345
514 -10 281 4 346
513 10 283 4 347
496 -10 264 4 348
492 10 264 4 349
483 -10 270 4 350
480 10 270 4 351
496 10 301 4 352
463 0 270 14 353
447 -10 269 4 354
424 10 241 4 355
409 0 246 14 356
406 10 254 4 357
403 -10 254 4 358
407 -10 268 4 359
