360
-41 0 239 14 0
-31 13 131 4 1
-36 0 139 14 2
-33 13 244 4 3
-36 0 228 14 4
-16 -13 130 4 5
-10 13 177 4 6
-14 -13 190 4 7
-24 0 192 14 8
-28 0 203 14 9
-24 13 220 4 10
-6 -13 164 4 11
-32 0 216 14 12
-22 0 138 14 13
-27 -13 234 4 14
-4 -13 130 4 15
-13 0 167 14 16
-13 13 191 4 17
-18 13 206 4 18
-23 -13 221 4 19
0 13 154 4 20
-8 0 154 14 21
-18 0 180 14 22
-18 -13 205 4 23
-19 0 240 14 24
5 13 142 4 25
5 -13 141 4 26
-12 0 221 14 27
-3 0 139 14 28
-14 0 231 14 29
8 0 170 14 30
13 0 158 14 31
4 0 185 14 32
17 0 147 14 33
-3 0 207 14 34
22 0 134 14 35
16 0 204 14 36
-1 15 166 4 37
4 -15 156 4 38
11 1 190 14 39
1 -1 196 14 40
11 1 228 14 41
1 -1 217 14 42
26 1 150 14 43
29 -15 137 4 44
40 0 141 14 45
26 0 216 14 46
25 15 226 4 47
16 -15 218 4 48
55 15 132 4 49
55 -15 132 4 50
7 15 201 4 51
-3 -15 179 4 52
16 15 216 4 53
7 -15 202 4 54
40 15 232 4 55
22 -1 236 14 56
37 0 222 14 57
55 0 140 14 58
68 15 135 4 59
68 -15 135 4 60
79 2 158 14 61
338 -15 59 4 62
31 15 263 4 63
26 -15 225 4 64
64 16 314 4 65
2 -16 262 4 66
86 2 170 14 67
-26 -16 262 4 68
64 1 221 14 69
50 -1 224 14 70
77 2 210 14 71
32 -16 263 4 72
76 0 124 14 73
345 15 60 4 74
345 -15 60 4 75
58 15 232 4 76
41 -15 231 4 77
51 0 319 14 78
79 15 143 4 79
79 -15 143 4 80
88 2 185 14 81
84 -2 199 14 82
100 16 314 4 83
34 -16 315 4 84
103 1 154 14 85
89 -15 153 4 86
74 15 227 4 87
58 -15 233 4 88
66 15 266 4 89
66 -15 266 4 90
71 0 147 14 91
108 2 168 14 92
97 -15 171 4 93
220 16 313 4 94
108 -2 180 14 95
102 16 265 4 96
74 -16 227 4 97
68 0 244 14 98
138 16 266 4 99
102 -16 264 4 100
96 0 140 14 101
97 16 171 4 102
335 -16 79 4 103
139 15 315 4 104
86 -15 218 4 105
362 15 64 4 106
352 -15 64 4 107
195 16 251 4 108
195 -16 251 4 109
90 15 153 4 110
132 -15 130 4 111
87 15 219 4 112
92 -1 228 14 113
82 0 238 14 114
177 15 265 4 115
139 -15 266 4 116
336 16 78 4 117
354 -16 70 4 118
87 0 131 14 119
182 16 218 4 120
225 -16 143 4 121
355 15 70 4 122
363 -15 64 4 123
100 15 188 4 124
100 -15 188 4 125
96 15 205 4 126
96 -15 205 4 127
101 0 219 14 128
133 15 130 4 129
337 -15 62 4 130
204 15 152 4 131
341 -15 83 4 132
145 0 114 14 133
110 1 192 14 134
183 -15 219 4 135
108 0 206 14 136
336 15 72 4 137
336 -15 72 4 138
190 15 174 4 139
190 -15 174 4 140
120 15 170 4 141
120 -15 170 4 142
338 13 61 4 143
190 13 237 4 144
128 0 149 14 145
184 13 192 4 146
373 13 64 4 147
208 -13 152 4 148
254 -13 143 4 149
223 -13 168 4 150
187 -13 193 4 151
401 -13 51 4 152
346 13 82 4 153
202 0 228 14 154
358 13 61 4 155
193 -13 239 4 156
219 -13 248 4 157
232 13 141 4 158
210 -13 195 4 159
402 13 50 4 160
238 13 161 4 161
224 13 169 4 162
209 -13 217 4 163
376 -13 63 4 164
220 13 247 4 165
216 13 180 4 166
239 -13 161 4 167
217 -13 180 4 168
274 -13 149 4 169
257 -13 163 4 170
275 13 149 4 171
356 13 86 4 172
259 13 141 4 173
232 0 153 14 174
207 0 182 14 175
214 13 195 4 176
205 0 203 14 177
382 13 68 4 178
215 0 166 14 179
213 13 218 4 180
265 -13 270 4 181
310 0 93 14 182
357 -13 86 4 183
329 13 122 4 184
259 13 162 4 185
277 13 170 4 186
277 -13 171 4 187
307 13 270 4 188
300 0 103 14 189
367 13 88 4 190
316 13 138 4 191
251 0 148 14 192
317 -13 140 4 193
299 -13 158 4 194
300 -13 178 4 195
313 0 105 14 196
362 13 92 4 197
300 13 157 4 198
271 0 154 14 199
301 0 169 14 200
310 -13 270 4 201
302 13 178 4 202
346 -13 271 4 203
326 13 165 4 204
372 -13 260 4 205
327 -13 164 4 206
366 -13 91 4 207
342 -13 147 4 208
336 -13 121 4 209
293 0 161 14 210
318 0 158 14 211
375 13 141 4 212
373 -13 87 4 213
359 -13 141 4 214
357 -13 112 4 215
344 13 146 4 216
357 13 114 4 217
336 0 137 14 218
361 13 137 4 219
390 13 147 4 220
408 13 179 4 221
379 -13 137 4 222
392 -13 242 4 223
391 -13 80 4 224
400 13 159 4 225
384 13 110 4 226
392 -13 146 4 227
384 -13 109 4 228
405 13 225 4 229
353 0 125 14 230
404 13 122 4 231
394 13 242 4 232
406 -13 225 4 233
401 -13 158 4 234
374 0 123 14 235
420 0 76 14 236
422 -13 139 4 237
431 -13 158 4 238
414 -13 200 4 239
421 -13 236 4 240
391 0 126 14 241
415 0 153 14 242
412 0 90 14 243
415 13 199 4 244
407 -13 120 4 245
420 0 216 14 246
422 0 170 14 247
417 0 102 14 248
423 0 94 14 249
426 0 194 14 250
415 -13 178 4 251
408 0 136 14 252
429 0 100 14 253
426 13 136 4 254
442 0 76 14 255
442 0 96 14 256
438 13 156 4 257
444 -13 180 4 258
444 13 180 4 259
441 -13 210 4 260
450 0 135 14 261
458 0 123 14 262
453 0 114 14 263
442 13 211 4 264
470 0 167 14 265
474 0 171 14 266
469 0 191 14 267
456 0 129 14 268
466 0 160 14 269
474 0 186 14 270
462 0 127 14 271
468 0 132 14 272
473 0 137 14 273
471 0 122 14 274
480 0 133 14 275
-57 0 116 14 276
-32 -13 128 4 277
-40 0 116 14 278
-16 13 128 4 279
-23 0 116 14 280
-6 0 116 14 281
10 -13 128 4 282
11 0 116 14 283
26 0 117 14 284
40 -13 128 4 285
36 0 119 14 286
49 0 117 14 287
63 0 117 14 288
182 13 78 4 289
222 13 68 4 290
157 13 97 4 291
158 -13 97 4 292
302 -13 48 4 293
303 13 48 4 294
348 13 39 4 295
349 -13 39 4 296
270 -13 71 4 297
271 13 71 4 298
349 13 54 4 299
309 0 69 14 300
295 0 76 14 301
292 0 81 14 302
288 0 84 14 303
296 0 85 14 304
306 0 84 14 305
302 0 87 14 306
295 0 93 14 307
318 0 85 14 308
325 0 89 14 309
313 0 97 14 310
325 0 95 14 311
325 0 100 14 312
316 0 108 14 313
379 -13 83 4 314
380 13 83 4 315
386 -13 81 4 316
387 13 81 4 317
393 13 78 4 318
415 0 70 14 319
406 0 84 14 320
418 0 79 14 321
444 0 57 14 322
429 0 79 14 323
433 0 84 14 324
438 0 81 14 325
439 0 103 14 326
448 0 91 14 327
459 0 107 14 328
466 0 105 14 329
472 0 111 14 330
481 0 113 14 331
478 0 118 14 332
500 -13 108 4 333
500 13 109 4 334
485 0 129 14 335
491 0 157 14 336
492 0 166 14 337
485 0 171 14 338
498 0 173 14 339
492 0 175 14 340
494 0 183 14 341
494 0 192 14 342
483 0 181 14 343
520 -13 211 4 344
513 0 241 14 345
518 -13 295 4 346
518 13 295 4 347
498 -13 270 4 348
497 13 270 4 349
488 -13 278 4 350
487 13 278 4 351
512 13 319 4 352
470 0 277 14 353
453 -13 276 4 354
425 13 238 4 355
409 0 245 14 356
409 13 256 4 357
408 -13 256 4 358
417 -13 275 4 359
