360
-41 0 241 14 0
-30 15 130 4 1
-36 0 139 14 2
-33 15 247 4 3
-36 0 228 14 4
-15 -15 130 4 5
-8 15 180 4 6
-13 -15 193 4 7
-23 0 193 14 8
-28 0 204 14 9
-24 15 222 4 10
-4 -15 166 4 11
-32 0 216 14 12
-22 0 139 14 13
-28 -15 235 4 14
-3 -15 130 4 15
-13 0 168 14 16
-13 15 193 4 17
-18 15 206 4 18
-24 -15 222 4 19
1 15 155 4 20
-8 0 154 14 21
-18 0 180 14 22
-18 -15 206 4 23
-20 0 242 14 24
6 15 142 4 25
6 -15 142 4 26
-12 0 222 14 27
-3 0 139 14 28
-15 0 232 14 29
8 0 170 14 30
13 0 158 14 31
3 0 186 14 32
17 0 147 14 33
-6 0 209 14 34
21 0 134 14 35
15 0 205 14 36
-4 15 166 4 37
1 -15 155 4 38
9 0 191 14 39
-2 0 198 14 40
8 0 232 14 41
-2 0 220 14 42
25 0 149 14 43
28 -15 135 4 44
40 0 142 14 45
24 0 217 14 46
23 15 229 4 47
13 -15 220 4 48
56 15 130 4 49
56 -15 130 4 50
3 15 204 4 51
-8 -15 180 4 52
13 15 220 4 53
3 -15 204 4 54
39 15 235 4 55
19 0 240 14 56
35 0 223 14 57
55 0 141 14 58
70 15 134 4 59
70 -15 134 4 60
82 0 157 14 61
368 -15 48 4 62
29 15 271 4 63
23 -15 229 4 64
65 15 328 4 65
-3 -15 271 4 66
89 0 170 14 67
-34 -15 271 4 68
64 0 222 14 69
49 0 226 14 70
78 0 213 14 71
29 -15 271 4 72
77 0 123 14 73
375 15 49 4 74
375 -15 49 4 75
57 15 236 4 76
39 -15 235 4 77
50 0 328 14 78
81 15 142 4 79
81 -15 142 4 80
90 0 186 14 81
86 0 202 14 82
103 15 327 4 83
30 -15 328 4 84
106 0 154 14 85
91 -15 153 4 86
74 15 230 4 87
57 -15 236 4 88
65 15 271 4 89
65 -15 271 4 90
71 0 147 14 91
111 0 168 14 92
99 -15 171 4 93
235 15 327 4 94
112 0 180 14 95
105 15 272 4 96
74 -15 230 4 97
68 0 245 14 98
144 15 274 4 99
105 -15 272 4 100
98 0 140 14 101
99 15 171 4 102
362 -15 69 4 103
145 15 327 4 104
87 -15 220 4 105
391 15 54 4 106
380 -15 54 4 107
206 15 258 4 108
206 -15 258 4 109
91 15 153 4 110
137 -15 128 4 111
87 15 220 4 112
93 0 230 14 113
82 0 239 14 114
186 15 273 4 115
144 -15 274 4 116
362 15 69 4 117
382 -15 60 4 118
87 0 131 14 119
191 15 222 4 120
240 -15 139 4 121
382 15 60 4 122
391 -15 54 4 123
100 15 188 4 124
100 -15 188 4 125
96 15 205 4 126
96 -15 205 4 127
101 0 220 14 128
137 15 128 4 129
362 -15 53 4 130
215 15 150 4 131
367 -15 74 4 132
149 0 112 14 133
111 0 192 14 134
191 -15 222 4 135
108 0 206 14 136
360 15 63 4 137
360 -15 63 4 138
198 15 173 4 139
198 -15 173 4 140
121 15 170 4 141
121 -15 170 4 142
362 15 53 4 143
197 15 241 4 144
128 0 149 14 145
190 15 193 4 146
398 15 55 4 147
215 -15 150 4 148
265 -15 140 4 149
231 -15 167 4 150
190 -15 193 4 151
427 -15 41 4 152
367 15 74 4 153
207 0 230 14 154
380 15 54 4 155
197 -15 241 4 156
225 -15 250 4 157
240 15 139 4 158
214 -15 195 4 159
427 15 41 4 160
246 15 159 4 161
231 15 167 4 162
213 -15 218 4 163
398 -15 55 4 164
225 15 250 4 165
220 15 180 4 166
246 -15 159 4 167
220 -15 180 4 168
283 -15 147 4 169
264 -15 160 4 170
283 15 147 4 171
372 15 80 4 172
265 15 140 4 173
235 0 152 14 174
207 0 182 14 175
214 15 195 4 176
205 0 203 14 177
401 15 62 4 178
216 0 166 14 179
213 15 218 4 180
271 -15 275 4 181
320 0 89 14 182
372 -15 80 4 183
341 15 118 4 184
264 15 160 4 185
283 15 167 4 186
283 -15 167 4 187
316 15 275 4 188
308 0 100 14 189
381 15 83 4 190
325 15 136 4 191
253 0 148 14 192
325 -15 136 4 193
305 -15 155 4 194
306 -15 175 4 195
320 0 102 14 196
374 15 87 4 197
305 15 155 4 198
273 0 154 14 199
306 0 166 14 200
316 -15 275 4 201
306 15 175 4 202
355 -15 276 4 203
331 15 160 4 204
382 -15 264 4 205
331 -15 160 4 206
374 -15 87 4 207
348 -15 143 4 208
341 -15 118 4 209
293 0 161 14 210
321 0 156 14 211
384 15 134 4 212
381 -15 83 4 213
365 -15 135 4 214
362 -15 109 4 215
348 15 143 4 216
362 15 109 4 217
337 0 136 14 218
365 15 135 4 219
397 15 142 4 220
417 15 176 4 221
384 -15 134 4 222
398 -15 244 4 223
397 -15 75 4 224
406 15 155 4 225
388 15 106 4 226
397 -15 142 4 227
388 -15 106 4 228
411 15 226 4 229
354 0 125 14 230
410 15 117 4 231
398 15 244 4 232
411 -15 226 4 233
406 -15 155 4 234
376 0 121 14 235
426 0 71 14 236
428 -15 135 4 237
438 -15 154 4 238
419 -15 199 4 239
426 -15 237 4 240
393 0 124 14 241
420 0 150 14 242
416 0 86 14 243
419 15 199 4 244
410 -15 117 4 245
424 0 216 14 246
426 0 168 14 247
420 0 98 14 248
427 0 88 14 249
430 0 192 14 250
417 -15 176 4 251
409 0 136 14 252
431 0 97 14 253
428 15 135 4 254
444 0 70 14 255
444 0 91 14 256
438 15 154 4 257
445 -15 179 4 258
445 15 179 4 259
442 -15 210 4 260
452 0 133 14 261
460 0 121 14 262
455 0 112 14 263
442 15 210 4 264
472 0 166 14 265
477 0 169 14 266
471 0 189 14 267
457 0 129 14 268
468 0 160 14 269
476 0 182 14 270
463 0 126 14 271
468 0 132 14 272
474 0 137 14 273
470 0 121 14 274
480 0 133 14 275
-57 0 117 14 276
-30 -15 130 4 277
-40 0 117 14 278
-15 15 130 4 279
-23 0 117 14 280
-6 0 117 14 281
11 -15 130 4 282
11 0 117 14 283
27 0 118 14 284
41 -15 130 4 285
35 0 120 14 286
49 0 118 14 287
63 0 118 14 288
193 15 75 4 289
237 15 64 4 290
164 15 96 4 291
164 -15 96 4 292
323 -15 42 4 293
323 15 42 4 294
371 15 32 4 295
371 -15 32 4 296
283 -15 67 4 297
283 15 67 4 298
368 15 48 4 299
323 0 65 14 300
307 0 72 14 301
302 0 78 14 302
297 0 81 14 303
305 0 82 14 304
315 0 81 14 305
309 0 85 14 306
301 0 91 14 307
325 0 82 14 308
331 0 87 14 309
317 0 96 14 310
330 0 93 14 311
328 0 99 14 312
318 0 108 14 313
386 -15 80 4 314
386 15 80 4 315
392 -15 78 4 316
392 15 78 4 317
397 15 75 4 318
420 0 66 14 319
410 0 81 14 320
422 0 76 14 321
449 0 52 14 322
432 0 76 14 323
435 0 81 14 324
440 0 78 14 325
440 0 102 14 326
449 0 89 14 327
460 0 107 14 328
466 0 104 14 329
472 0 111 14 330
481 0 113 14 331
477 0 119 14 332
500 -15 107 4 333
500 15 107 4 334
484 0 129 14 335
490 0 158 14 336
491 0 167 14 337
484 0 172 14 338
498 0 173 14 339
491 0 174 14 340
493 0 182 14 341
493 0 191 14 342
481 0 179 14 343
522 -15 210 4 344
514 0 242 14 345
520 -15 300 4 346
520 15 300 4 347
499 -15 272 4 348
499 15 272 4 349
490 -15 281 4 350
490 15 281 4 351
519 15 326 4 352
474 0 280 14 353
456 -15 279 4 354
426 15 237 4 355
409 0 245 14 356
410 15 257 4 357
410 -15 257 4 358
421 -15 278 4 359
