360
-41 0 241 14 0
-30 14 130 4 1
-36 0 139 14 2
-33 14 246 4 3
-36 0 228 14 4
-15 -14 130 4 5
-8 14 179 4 6
-13 -14 192 4 7
-23 0 193 14 8
-28 0 204 14 9
-24 14 222 4 10
-4 -14 166 4 11
-32 0 216 14 12
-22 0 139 14 13
-27 -14 235 4 14
-3 -14 130 4 15
-13 0 168 14 16
-13 14 193 4 17
-18 14 206 4 18
-23 -14 222 4 19
1 14 155 4 20
-8 0 154 14 21
-18 0 180 14 22
-18 -14 206 4 23
-19 0 242 14 24
6 14 142 4 25
6 -14 142 4 26
-12 0 222 14 27
-3 0 139 14 28
-14 0 232 14 29
8 0 170 14 30
13 0 158 14 31
4 0 186 14 32
17 0 147 14 33
-5 0 209 14 34
22 0 134 14 35
16 0 205 14 36
-3 15 166 4 37
2 -15 155 4 38
10 0 191 14 39
-1 0 198 14 40
9 0 231 14 41
-1 0 219 14 42
26 0 149 14 43
29 -15 135 4 44
40 0 142 14 45
25 0 217 14 46
24 15 228 4 47
14 -15 220 4 48
56 15 130 4 49
56 -15 130 4 50
4 15 203 4 51
-7 -15 180 4 52
14 15 219 4 53
4 -15 204 4 54
40 15 234 4 55
20 0 239 14 56
36 0 223 14 57
55 0 141 14 58
70 15 134 4 59
70 -15 134 4 60
82 0 157 14 61
361 -15 50 4 62
30 15 269 4 63
24 -15 228 4 64
65 15 325 4 65
-1 -15 269 4 66
89 0 170 14 67
-32 -15 269 4 68
64 0 222 14 69
50 0 226 14 70
78 0 212 14 71
30 -15 269 4 72
77 0 123 14 73
368 15 51 4 74
368 -15 51 4 75
58 15 235 4 76
40 -15 234 4 77
51 0 326 14 78
81 15 142 4 79
81 -15 142 4 80
90 0 186 14 81
86 0 201 14 82
103 15 324 4 83
31 -15 325 4 84
106 0 154 14 85
91 -15 153 4 86
74 15 229 4 87
58 -15 235 4 88
66 15 270 4 89
66 -15 270 4 90
71 0 147 14 91
111 0 168 14 92
99 -15 171 4 93
231 15 324 4 94
112 0 180 14 95
105 15 270 4 96
74 -15 229 4 97
68 0 245 14 98
143 15 272 4 99
105 -15 270 4 100
98 0 140 14 101
99 15 171 4 102
356 -15 71 4 103
144 15 324 4 104
87 -15 220 4 105
384 15 56 4 106
374 -15 56 4 107
204 15 257 4 108
204 -15 257 4 109
91 15 153 4 110
136 -15 128 4 111
87 15 220 4 112
93 0 230 14 113
82 0 239 14 114
184 15 271 4 115
143 -15 272 4 116
356 15 71 4 117
376 -15 62 4 118
87 0 131 14 119
189 15 221 4 120
236 -15 140 4 121
376 15 62 4 122
385 -15 56 4 123
100 15 188 4 124
100 -15 188 4 125
96 15 205 4 126
96 -15 205 4 127
101 0 220 14 128
137 15 128 4 129
356 -15 55 4 130
213 15 150 4 131
361 -15 76 4 132
149 0 112 14 133
111 0 192 14 134
190 -15 221 4 135
108 0 206 14 136
354 15 65 4 137
354 -15 65 4 138
197 15 173 4 139
197 -15 173 4 140
121 15 170 4 141
121 -15 170 4 142
357 14 55 4 143
196 14 240 4 144
128 0 149 14 145
189 14 193 4 146
392 14 57 4 147
214 -14 150 4 148
262 -14 141 4 149
229 -14 167 4 150
190 -14 193 4 151
421 -14 43 4 152
362 14 76 4 153
206 0 229 14 154
375 14 56 4 155
197 -14 241 4 156
223 -14 249 4 157
238 14 139 4 158
213 -14 195 4 159
421 14 43 4 160
244 14 159 4 161
229 14 167 4 162
213 -14 218 4 163
393 -14 57 4 164
223 14 249 4 165
220 14 180 4 166
244 -14 159 4 167
220 -14 180 4 168
281 -14 148 4 169
262 -14 161 4 170
281 14 147 4 171
368 14 81 4 172
263 14 140 4 173
234 0 152 14 174
207 0 182 14 175
214 14 195 4 176
205 0 203 14 177
397 14 63 4 178
216 0 166 14 179
213 14 218 4 180
269 -14 274 4 181
317 0 90 14 182
368 -14 81 4 183
338 14 119 4 184
263 14 160 4 185
281 14 168 4 186
281 -14 168 4 187
314 14 274 4 188
306 0 101 14 189
378 14 84 4 190
323 14 137 4 191
252 0 148 14 192
323 -14 137 4 193
303 -14 156 4 194
304 -14 176 4 195
318 0 103 14 196
371 14 88 4 197
303 14 155 4 198
272 0 154 14 199
304 0 167 14 200
314 -14 274 4 201
305 14 176 4 202
353 -14 275 4 203
329 14 161 4 204
380 -14 263 4 205
330 -14 161 4 206
372 -14 88 4 207
346 -14 144 4 208
340 -14 119 4 209
293 0 161 14 210
320 0 156 14 211
382 14 136 4 212
379 -14 84 4 213
363 -14 136 4 214
360 -14 110 4 215
347 14 144 4 216
360 14 110 4 217
336 0 136 14 218
364 14 135 4 219
395 14 143 4 220
415 14 177 4 221
383 -14 135 4 222
396 -14 244 4 223
395 -14 76 4 224
404 14 156 4 225
387 14 107 4 226
396 -14 143 4 227
387 -14 107 4 228
409 14 226 4 229
353 0 125 14 230
408 14 118 4 231
397 14 244 4 232
409 -14 226 4 233
405 -14 156 4 234
375 0 121 14 235
424 0 72 14 236
426 -14 136 4 237
436 -14 155 4 238
418 -14 199 4 239
424 -14 237 4 240
392 0 124 14 241
419 0 151 14 242
415 0 87 14 243
418 14 199 4 244
409 -14 118 4 245
423 0 216 14 246
425 0 168 14 247
419 0 99 14 248
426 0 89 14 249
429 0 192 14 250
416 -14 176 4 251
408 0 136 14 252
430 0 98 14 253
427 14 135 4 254
443 0 71 14 255
443 0 92 14 256
438 14 154 4 257
444 -14 179 4 258
444 14 179 4 259
441 -14 210 4 260
451 0 133 14 261
459 0 121 14 262
454 0 112 14 263
442 14 210 4 264
471 0 166 14 265
476 0 169 14 266
470 0 189 14 267
456 0 129 14 268
467 0 160 14 269
475 0 183 14 270
462 0 126 14 271
468 0 132 14 272
473 0 137 14 273
470 0 121 14 274
480 0 133 14 275
-57 0 117 14 276
-30 -14 130 4 277
-40 0 117 14 278
-15 14 130 4 279
-23 0 117 14 280
-6 0 117 14 281
11 -14 130 4 282
11 0 117 14 283
27 0 118 14 284
41 -14 130 4 285
36 0 120 14 286
49 0 118 14 287
63 0 118 14 288
191 14 76 4 289
233 14 65 4 290
163 14 96 4 291
163 -14 96 4 292
318 -14 43 4 293
318 14 43 4 294
366 14 34 4 295
366 -14 34 4 296
280 -14 68 4 297
280 14 68 4 298
364 14 49 4 299
320 0 66 14 300
304 0 73 14 301
299 0 79 14 302
295 0 82 14 303
303 0 83 14 304
313 0 82 14 305
307 0 86 14 306
299 0 91 14 307
323 0 83 14 308
329 0 87 14 309
316 0 96 14 310
329 0 93 14 311
327 0 99 14 312
317 0 108 14 313
384 -14 81 4 314
384 14 81 4 315
390 -14 79 4 316
391 14 79 4 317
396 14 76 4 318
418 0 67 14 319
409 0 82 14 320
421 0 77 14 321
447 0 53 14 322
431 0 77 14 323
434 0 82 14 324
439 0 79 14 325
439 0 102 14 326
448 0 89 14 327
459 0 107 14 328
466 0 104 14 329
472 0 111 14 330
481 0 113 14 331
477 0 119 14 332
500 -14 107 4 333
500 14 107 4 334
484 0 129 14 335
490 0 158 14 336
491 0 167 14 337
484 0 172 14 338
498 0 173 14 339
491 0 174 14 340
493 0 182 14 341
493 0 191 14 342
481 0 180 14 343
521 -14 210 4 344
513 0 242 14 345
519 -14 299 4 346
519 14 299 4 347
498 -14 272 4 348
498 14 272 4 349
489 -14 280 4 350
489 14 280 4 351
517 14 324 4 352
473 0 279 14 353
455 -14 278 4 354
425 14 237 4 355
409 0 245 14 356
409 14 257 4 357
409 -14 257 4 358
420 -14 277 4 359
