360
-83 0 312 4 0
-82 0 285 4 1
-82 15 298 14 2
-82 -15 298 14 3
-82 15 326 14 4
-82 -15 326 14 5
-79 15 270 14 6
-79 -15 270 14 7
-67 0 270 4 8
-66 0 327 4 9
-65 0 140 4 10
-62 15 130 14 11
-62 -15 130 14 12
-57 0 117 4 13
-57 15 271 14 14
-57 -15 271 14 15
-52 0 140 4 16
-51 0 264 4 17
-51 15 327 14 18
-51 -15 327 14 19
-46 15 130 14 20
-46 -15 130 14 21
-45 0 251 4 22
-44 0 271 4 23
-41 0 241 4 24
-40 0 117 4 25
-39 15 263 14 26
-39 -15 263 14 27
-36 0 139 4 28
-36 0 228 4 29
-34 15 271 14 30
-34 -15 271 14 31
-33 15 247 14 32
-33 -15 247 14 33
-32 0 216 4 34
-32 0 327 4 35
-30 15 130 14 36
-30 -15 130 14 37
-28 0 204 4 38
-28 15 235 14 39
-28 -15 235 14 40
-28 0 264 4 41
-25 0 255 4 42
-24 15 222 14 43
-24 -15 222 14 44
-23 0 117 4 45
-23 0 193 4 46
-22 0 139 4 47
-20 0 242 4 48
-18 0 180 4 49
-18 15 206 14 50
-18 -15 206 14 51
-18 0 270 4 52
-15 15 130 14 53
-15 -15 130 14 54
-15 0 232 4 55
-14 15 328 14 56
-14 -15 328 14 57
-13 0 168 4 58
-13 15 193 14 59
-13 -15 193 14 60
-12 0 222 4 61
-8 0 154 4 62
-8 15 180 14 63
-8 -15 180 14 64
-6 0 117 4 65
-6 0 209 4 66
-4 15 166 14 67
-4 -15 166 14 68
-3 15 130 14 69
-3 -15 130 14 70
-3 0 139 4 71
-3 15 271 14 72
-3 -15 271 14 73
-2 0 198 4 74
-2 0 220 4 75
1 15 155 14 76
1 -15 155 14 77
3 0 186 4 78
3 15 204 14 79
3 -15 204 14 80
6 15 142 14 81
6 -15 142 14 82
8 0 170 4 83
8 0 232 4 84
9 0 191 4 85
11 0 117 4 86
11 15 130 14 87
11 -15 130 14 88
11 0 327 4 89
13 0 158 4 90
13 15 220 14 91
13 -15 220 14 92
14 0 271 4 93
15 0 205 4 94
17 0 147 4 95
19 0 240 4 96
21 0 134 4 97
23 15 229 14 98
23 -15 229 14 99
24 0 217 4 100
25 0 149 4 101
27 0 118 4 102
28 15 135 14 103
28 -15 135 14 104
29 15 271 14 105
29 -15 271 14 106
30 15 328 14 107
30 -15 328 14 108
35 0 120 4 109
35 0 223 4 110
35 0 246 4 111
39 15 235 14 112
39 -15 235 14 113
40 0 142 4 114
41 15 130 14 115
41 -15 130 14 116
48 0 271 4 117
49 0 118 4 118
49 0 226 4 119
50 0 249 4 120
50 0 328 4 121
55 0 141 4 122
56 15 130 14 123
56 -15 130 14 124
57 15 236 14 125
57 -15 236 14 126
63 0 118 4 127
64 0 222 4 128
65 15 271 14 129
65 -15 271 14 130
65 15 328 14 131
65 -15 328 14 132
68 0 245 4 133
70 15 134 14 134
70 -15 134 14 135
71 0 147 4 136
74 15 230 14 137
74 -15 230 14 138
77 0 123 4 139
78 0 213 4 140
81 15 142 14 141
81 -15 142 14 142
82 0 157 4 143
82 0 239 4 144
84 0 272 4 145
86 0 202 4 146
86 0 327 4 147
87 0 131 4 148
87 15 220 14 149
87 -15 220 14 150
89 0 170 4 151
90 0 186 4 152
91 15 153 14 153
91 -15 153 14 154
93 0 230 4 155
96 15 205 14 156
96 -15 205 14 157
98 0 140 4 158
99 15 171 14 159
99 -15 171 14 160
100 15 188 14 161
100 -15 188 14 162
101 0 220 4 163
103 15 327 14 164
103 -15 327 14 165
105 15 272 14 166
105 -15 272 14 167
106 0 154 4 168
108 0 206 4 169
111 0 168 4 170
111 0 192 4 171
112 0 180 4 172
121 15 170 14 173
121 -15 170 14 174
123 0 272 4 175
125 0 326 4 176
128 0 149 4 177
137 15 128 14 178
137 -15 128 14 179
144 15 274 14 180
144 -15 274 14 181
145 15 327 14 182
145 -15 327 14 183
149 0 112 4 184
164 15 96 14 185
164 -15 96 14 186
166 0 273 4 187
168 0 327 4 188
179 0 85 4 189
186 15 273 14 190
186 -15 273 14 191
190 15 193 14 192
190 -15 193 14 193
191 15 222 14 194
191 -15 222 14 195
191 15 326 14 196
191 -15 326 14 197
193 15 75 14 198
193 -15 75 14 199
197 15 241 14 200
197 -15 241 14 201
198 15 173 14 202
198 -15 173 14 203
205 0 203 4 204
206 15 258 14 205
206 -15 258 14 206
207 0 182 4 207
207 0 230 4 208
208 0 273 4 209
213 0 68 4 210
213 15 218 14 211
213 -15 218 14 212
214 15 195 14 213
214 -15 195 14 214
214 0 327 4 215
215 15 150 14 216
215 -15 150 14 217
215 0 250 4 218
216 0 166 4 219
220 15 180 14 220
220 -15 180 14 221
221 0 265 4 222
225 15 250 14 223
225 -15 250 14 224
231 15 167 14 225
231 -15 167 14 226
231 15 274 14 227
231 -15 274 14 228
235 0 152 4 229
235 15 327 14 230
235 -15 327 14 231
237 15 64 14 232
237 -15 64 14 233
240 15 139 14 234
240 -15 139 14 235
246 15 159 14 236
246 -15 159 14 237
253 0 148 4 238
254 0 274 4 239
255 0 63 4 240
256 0 328 4 241
264 15 160 14 242
264 -15 160 14 243
265 15 140 14 244
265 -15 140 14 245
271 15 275 14 246
271 -15 275 14 247
271 15 327 14 248
271 -15 327 14 249
273 0 154 4 250
283 15 67 14 251
283 -15 67 14 252
283 15 147 14 253
283 -15 147 14 254
283 15 167 14 255
283 -15 167 14 256
291 0 328 4 257
293 0 161 4 258
295 0 274 4 259
297 0 81 4 260
301 0 91 4 261
302 0 78 4 262
303 0 53 4 263
305 0 82 4 264
305 15 155 14 265
305 -15 155 14 266
306 0 166 4 267
306 15 175 14 268
306 -15 175 14 269
307 0 72 4 270
308 0 100 4 271
309 0 85 4 272
312 0 91 4 273
314 0 67 4 274
314 15 327 14 275
314 -15 327 14 276
315 0 81 4 277
316 0 71 4 278
316 15 275 14 279
316 -15 275 14 280
317 0 96 4 281
318 0 108 4 282
320 0 89 4 283
320 0 102 4 284
321 0 77 4 285
321 0 156 4 286
323 15 42 14 287
323 -15 42 14 288
323 0 65 4 289
325 0 82 4 290
325 15 136 14 291
325 -15 136 14 292
328 0 99 4 293
329 0 70 4 294
330 0 93 4 295
331 0 87 4 296
331 15 160 14 297
331 -15 160 14 298
333 0 78 4 299
333 0 327 4 300
337 0 136 4 301
338 0 92 4 302
340 0 275 4 303
341 15 118 14 304
341 -15 118 14 305
343 0 86 4 306
346 0 35 4 307
348 15 143 14 308
348 -15 143 14 309
354 0 125 4 310
355 15 276 14 311
355 -15 276 14 312
355 15 327 14 313
355 -15 327 14 314
360 15 63 14 315
360 -15 63 14 316
362 15 53 14 317
362 -15 53 14 318
362 15 69 14 319
362 -15 69 14 320
362 15 109 14 321
362 -15 109 14 322
365 15 135 14 323
365 -15 135 14 324
367 15 74 14 325
367 -15 74 14 326
368 15 48 14 327
368 -15 48 14 328
371 15 32 14 329
371 -15 32 14 330
372 15 80 14 331
372 -15 80 14 332
374 15 87 14 333
374 -15 87 14 334
375 15 49 14 335
375 -15 49 14 336
375 0 277 4 337
375 0 326 4 338
376 0 121 4 339
380 15 54 14 340
380 -15 54 14 341
381 15 83 14 342
381 -15 83 14 343
382 15 60 14 344
382 -15 60 14 345
382 15 264 14 346
382 -15 264 14 347
384 15 134 14 348
384 -15 134 14 349
386 15 80 14 350
386 -15 80 14 351
388 15 106 14 352
388 -15 106 14 353
388 15 276 14 354
388 -15 276 14 355
391 15 54 14 356
391 -15 54 14 357
392 15 78 14 358
392 -15 78 14 359
