360
-88 0 278 4 0
-83 0 263 4 1
-88 8 247 4 2
-88 -8 252 4 3
-88 8 272 4 4
-88 -8 277 4 5
-87 8 222 4 6
-87 -8 227 4 7
-70 0 237 14 8
-69 0 287 4 9
-79 0 145 4 10
-77 8 130 4 11
-72 -8 125 4 12
-60 0 118 4 13
-61 8 238 14 14
-60 -8 234 4 15
-52 0 140 14 16
-51 0 252 4 17
-55 8 269 14 18
-56 -8 287 4 19
-59 8 125 4 20
-49 -8 125 4 21
-47 0 226 14 22
-49 0 235 4 23
-41 0 239 4 24
-41 0 118 4 25
-47 8 223 14 26
-47 -8 227 14 27
-38 0 139 4 28
-38 0 214 14 29
-40 8 230 14 30
-42 -8 224 14 31
-39 8 214 4 32
-37 -8 220 4 33
-31 0 212 4 34
-17 0 287 4 35
-38 8 132 4 36
-40 -8 139 14 37
-30 0 200 14 38
-36 8 204 4 39
-33 -8 210 14 40
-29 0 252 4 41
-25 0 237 14 42
-23 8 216 4 43
-28 -8 206 4 44
-27 0 118 4 45
-23 0 190 4 46
-28 0 145 4 47
-20 0 240 4 48
-20 0 179 14 49
-18 8 199 4 50
-21 -8 201 14 51
-14 0 255 4 52
-27 8 137 4 53
-31 -8 142 14 54
-16 0 226 4 55
3 8 287 4 56
11 -8 273 14 57
-13 0 168 4 58
-23 8 183 4 59
-21 -8 186 14 60
-14 0 213 14 61
-12 0 154 4 62
-17 8 176 4 63
-11 -8 179 14 64
-7 0 118 4 65
-7 0 206 4 66
-11 8 168 4 67
-22 -8 164 4 68
-11 8 125 4 69
-21 -8 140 4 70
-11 0 143 4 71
4 8 256 4 72
19 -8 234 14 73
-5 0 195 4 74
-6 0 216 4 75
-15 8 157 14 76
-10 -8 157 14 77
-1 0 184 4 78
-5 8 195 14 79
15 -8 195 4 80
25 8 155 14 81
-10 -8 146 4 82
2 0 172 4 83
18 0 214 14 84
14 0 189 4 85
12 0 118 4 86
16 8 125 4 87
7 -8 125 4 88
27 0 287 4 89
24 0 160 4 90
29 8 201 14 91
26 -8 203 4 92
23 0 256 4 93
18 0 199 14 94
30 0 153 4 95
25 0 228 14 96
34 0 142 14 97
38 8 202 4 98
38 -8 205 4 99
30 0 205 14 100
36 0 153 14 101
30 0 119 4 102
41 8 143 4 103
43 -8 145 4 104
41 8 236 4 105
40 -8 241 4 106
47 8 259 14 107
50 -8 271 14 108
39 0 120 4 109
40 0 212 14 110
38 0 231 4 111
48 8 213 14 112
49 -8 210 4 113
44 0 143 4 114
53 8 142 14 115
47 -8 137 4 116
52 0 256 4 117
52 0 119 4 118
54 0 212 4 119
59 0 220 14 120
67 0 287 4 121
61 0 142 14 122
62 8 132 4 123
65 -8 125 4 124
65 8 208 4 125
62 -8 205 14 126
65 0 119 4 127
69 0 208 4 128
71 8 256 4 129
72 -8 237 4 130
92 8 272 4 131
90 -8 272 14 132
68 0 241 4 133
72 8 136 4 134
74 -8 138 4 135
70 0 148 14 136
77 8 206 4 137
76 -8 210 14 138
82 0 121 4 139
79 0 210 14 140
79 8 145 4 141
94 -8 132 4 142
82 0 156 4 143
85 0 227 14 144
91 0 256 4 145
86 0 200 4 146
102 0 287 4 147
92 0 126 4 148
89 8 200 4 149
90 -8 214 4 150
83 0 169 4 151
90 0 185 14 152
91 8 156 4 153
85 -8 154 4 154
107 0 215 14 155
101 8 195 4 156
97 -8 196 14 157
118 0 143 4 158
119 8 165 14 159
112 -8 170 4 160
101 8 182 4 161
118 -8 179 4 162
114 0 205 14 163
121 8 264 4 164
120 -8 266 4 165
120 8 231 14 166
117 -8 239 4 167
121 0 154 14 168
121 0 191 14 169
114 0 168 4 170
119 0 185 14 171
116 0 179 14 172
135 8 164 4 173
132 -8 168 4 174
127 0 256 4 175
133 0 286 4 176
132 0 149 4 177
143 8 134 4 178
144 -8 138 4 179
144 8 238 14 180
144 -8 242 14 181
145 8 275 14 182
145 -8 277 14 183
146 0 115 4 184
161 8 114 4 185
159 -8 106 4 186
160 0 245 4 187
162 0 287 4 188
172 0 100 4 189
171 8 235 4 190
171 -8 228 4 191
177 8 181 14 192
184 -8 186 4 193
175 8 195 4 194
179 -8 199 14 195
179 8 286 4 196
174 -8 269 4 197
178 8 108 14 198
181 -8 103 4 199
184 8 214 14 200
180 -8 213 4 201
185 8 169 4 202
193 -8 171 4 203
204 0 197 4 204
186 8 226 4 205
190 -8 227 14 206
206 0 181 4 207
197 0 214 14 208
198 0 257 4 209
196 0 91 4 210
205 8 208 14 211
203 -8 204 4 212
205 8 188 14 213
196 -8 184 4 214
197 0 287 4 215
192 8 154 4 216
193 -8 148 14 217
212 0 244 4 218
208 0 165 4 219
204 8 178 14 220
208 -8 177 14 221
201 0 235 4 222
203 8 222 4 223
207 -8 222 4 224
231 8 177 14 225
220 -8 169 4 226
229 8 257 4 227
225 -8 257 4 228
234 0 153 14 229
207 8 271 14 230
218 -8 287 4 231
207 8 99 4 232
219 -8 89 4 233
236 8 140 14 234
237 -8 143 14 235
240 8 168 14 236
240 -8 163 14 237
251 0 150 14 238
246 0 247 4 239
233 0 88 4 240
248 0 287 4 241
253 8 174 4 242
255 -8 174 4 243
254 8 154 4 244
254 -8 159 4 245
257 8 242 4 246
257 -8 246 4 247
254 8 274 14 248
254 -8 270 14 249
266 0 161 4 250
253 8 90 4 251
258 -8 90 4 252
270 8 161 14 253
269 -8 166 4 254
268 8 180 14 255
271 -8 180 14 256
272 0 287 4 257
290 0 163 14 258
284 0 257 4 259
280 0 98 4 260
284 0 113 4 261
275 0 111 4 262
274 0 83 4 263
276 0 117 4 264
287 8 173 14 265
291 -8 169 4 266
301 0 170 4 267
293 8 183 14 268
296 -8 180 4 269
281 0 103 4 270
295 0 117 4 271
284 0 120 14 272
288 0 123 14 273
294 0 90 4 274
285 8 271 4 275
285 -8 274 14 276
290 0 114 4 277
286 0 110 4 278
291 8 245 14 279
291 -8 241 4 280
300 0 118 14 281
301 0 130 14 282
297 0 117 4 283
305 0 122 14 284
298 0 108 14 285
306 0 169 14 286
290 8 77 4 287
285 -8 87 4 288
304 0 89 4 289
292 0 122 4 290
306 8 156 4 291
304 -8 158 14 292
321 0 108 4 293
312 0 92 4 294
314 0 115 4 295
308 0 116 4 296
312 8 176 14 297
316 -8 174 4 298
313 0 104 4 299
310 0 287 4 300
336 0 139 4 301
321 0 117 4 302
319 0 251 14 303
311 8 146 14 304
317 -8 144 14 305
334 0 101 4 306
307 0 86 14 307
341 8 158 14 308
341 -8 162 14 309
349 0 136 4 310
318 8 241 4 311
324 -8 246 14 312
317 8 274 14 313
327 -8 287 4 314
318 8 117 4 315
315 -8 119 4 316
316 8 111 14 317
322 -8 104 4 318
324 8 117 4 319
333 -8 109 4 320
349 8 136 14 321
353 -8 137 4 322
351 8 162 14 323
357 -8 158 14 324
352 8 113 14 325
352 -8 109 14 326
332 8 96 14 327
323 -8 106 4 328
328 8 89 14 329
325 -8 91 4 330
359 8 115 4 331
359 -8 108 4 332
359 8 130 4 333
362 -8 118 4 334
332 8 104 4 335
357 -8 80 4 336
353 0 259 4 337
343 0 286 4 338
373 0 130 4 339
365 8 83 4 340
369 -8 83 4 341
366 8 119 14 342
365 -8 122 4 343
369 8 96 4 344
369 -8 100 14 345
360 8 240 14 346
344 -8 237 4 347
375 8 157 4 348
376 -8 155 14 349
368 8 124 14 350
373 -8 117 14 351
374 8 144 14 352
374 -8 141 4 353
343 8 243 4 354
370 -8 258 4 355
376 8 99 4 356
380 -8 83 4 357
378 8 122 14 358
375 -8 123 4 359
