360
-86 0 289 4 0
-82 0 270 4 1
-86 10 263 4 2
-86 -10 266 4 3
-86 10 289 4 4
-86 -10 292 4 5
-84 10 237 4 6
-84 -10 240 4 7
-69 0 248 14 8
-68 0 299 4 9
-74 0 144 4 10
-72 10 130 4 11
-69 -10 127 4 12
-59 0 118 4 13
-59 10 249 14 14
-59 -10 246 4 15
-52 0 140 14 16
-51 0 256 4 17
-53 10 287 14 18
-54 -10 299 4 19
-54 10 127 4 20
-48 -10 127 4 21
-46 0 234 14 22
-47 0 246 4 23
-41 0 240 4 24
-40 0 118 4 25
-44 10 235 14 26
-44 -10 238 14 27
-37 0 139 4 28
-37 0 218 14 29
-38 10 243 14 30
-40 -10 239 14 31
-37 10 224 4 32
-36 -10 229 4 33
-31 0 213 4 34
-21 0 299 4 35
-35 10 132 4 36
-37 -10 136 14 37
-29 0 201 14 38
-34 10 214 4 39
-31 -10 218 14 40
-28 0 256 4 41
-25 0 243 14 42
-23 10 218 4 43
-26 -10 211 4 44
-25 0 118 4 45
-23 0 191 4 46
-26 0 143 4 47
-20 0 240 4 48
-19 0 180 14 49
-18 10 201 4 50
-20 -10 203 14 51
-15 0 260 4 52
-23 10 135 4 53
-26 -10 138 14 54
-15 0 228 4 55
-2 10 300 4 56
3 -10 290 14 57
-13 0 168 4 58
-20 10 186 4 59
-18 -10 188 14 60
-13 0 216 14 61
-10 0 154 4 62
-14 10 177 4 63
-10 -10 179 14 64
-7 0 118 4 65
-6 0 207 4 66
-8 10 167 4 67
-16 -10 165 4 68
-8 10 127 4 69
-15 -10 137 4 70
-9 0 142 4 71
2 10 260 4 72
12 -10 246 14 73
-4 0 196 4 74
-4 0 217 4 75
-10 10 157 14 76
-6 -10 156 14 77
0 0 184 4 78
-2 10 198 14 79
11 -10 198 4 80
19 10 151 14 81
-5 -10 145 4 82
4 0 171 4 83
15 0 220 14 84
13 0 189 4 85
12 0 118 4 86
15 10 127 4 87
8 -10 127 4 88
22 0 299 4 89
21 0 160 4 90
24 10 207 14 91
22 -10 208 4 92
21 0 260 4 93
17 0 201 14 94
26 0 151 4 95
23 0 232 14 96
30 0 140 14 97
34 10 211 4 98
33 -10 212 4 99
28 0 209 14 100
33 0 152 14 101
29 0 118 4 102
37 10 141 4 103
38 -10 142 4 104
37 10 247 4 105
37 -10 250 4 106
41 10 281 14 107
44 -10 289 14 108
38 0 120 4 109
39 0 215 14 110
37 0 235 4 111
46 10 220 14 112
46 -10 218 4 113
43 0 143 4 114
49 10 138 14 115
45 -10 135 4 116
51 0 260 4 117
51 0 118 4 118
53 0 217 4 119
56 0 229 14 120
62 0 300 4 121
59 0 141 14 122
60 10 132 4 123
63 -10 127 4 124
63 10 217 4 125
60 -10 215 14 126
64 0 118 4 127
68 0 212 4 128
69 10 260 4 129
70 -10 248 4 130
84 10 290 4 131
82 -10 290 14 132
68 0 242 4 133
71 10 135 4 134
73 -10 137 4 135
70 0 148 14 136
76 10 214 4 137
76 -10 216 14 138
81 0 122 4 139
79 0 211 14 140
80 10 144 4 141
90 -10 135 4 142
82 0 157 4 143
84 0 231 14 144
89 0 261 4 145
86 0 201 4 146
97 0 299 4 147
91 0 127 4 148
88 10 206 4 149
89 -10 216 4 150
85 0 169 4 151
90 0 186 14 152
91 10 155 4 153
87 -10 154 4 154
103 0 219 14 155
100 10 198 4 156
97 -10 199 14 157
112 0 142 4 158
113 10 167 14 159
108 -10 170 4 160
101 10 184 4 161
112 -10 181 4 162
110 0 210 14 163
116 10 284 4 164
114 -10 285 4 165
115 10 244 14 166
113 -10 249 4 167
116 0 154 14 168
117 0 196 14 169
113 0 168 4 170
117 0 187 14 171
115 0 179 14 172
131 10 166 4 173
129 -10 168 4 174
126 0 261 4 175
131 0 299 4 176
131 0 149 4 177
141 10 132 4 178
142 -10 135 4 179
144 10 249 14 180
144 -10 252 14 181
145 10 291 14 182
145 -10 293 14 183
147 0 114 4 184
162 10 108 4 185
161 -10 103 4 186
162 0 254 4 187
164 0 299 4 188
175 0 96 4 189
176 10 247 4 190
176 -10 242 4 191
181 10 185 14 192
186 -10 188 4 193
180 10 204 4 194
183 -10 207 14 195
183 10 299 4 196
180 -10 287 4 197
183 10 97 14 198
185 -10 94 4 199
188 10 222 14 200
185 -10 222 4 201
189 10 170 4 202
195 -10 172 4 203
205 0 199 4 204
193 10 236 4 205
195 -10 237 14 206
207 0 182 4 207
200 0 219 14 208
202 0 262 4 209
201 0 84 4 210
208 10 211 14 211
206 -10 209 4 212
208 10 190 14 213
202 -10 188 4 214
202 0 299 4 215
199 10 153 4 216
200 -10 149 14 217
213 0 246 4 218
211 0 166 4 219
210 10 179 14 220
212 -10 178 14 221
208 0 244 4 222
210 10 231 4 223
213 -10 231 4 224
231 10 174 14 225
223 -10 169 4 226
230 10 263 4 227
226 -10 263 4 228
234 0 153 14 229
216 10 288 14 230
223 -10 299 4 231
217 10 88 4 232
224 -10 81 4 233
237 10 140 14 234
238 -10 142 14 235
242 10 165 14 236
242 -10 162 14 237
252 0 149 14 238
248 0 256 4 239
240 0 80 4 240
250 0 300 4 241
256 10 170 4 242
258 -10 169 4 243
257 10 149 4 244
257 -10 153 4 245
261 10 253 4 246
261 -10 255 4 247
259 10 291 14 248
259 -10 288 14 249
268 0 159 4 250
262 10 83 4 251
266 -10 83 4 252
274 10 156 14 253
273 -10 160 4 254
272 10 176 14 255
275 -10 176 14 256
278 0 300 4 257
291 0 162 14 258
287 0 263 4 259
285 0 93 4 260
289 0 106 4 261
283 0 100 4 262
283 0 73 4 263
285 0 106 4 264
293 10 167 14 265
295 -10 165 4 266
303 0 169 4 267
297 10 180 14 268
299 -10 179 4 269
289 0 93 4 270
299 0 111 4 271
291 0 109 14 272
295 0 113 14 273
300 0 83 4 274
294 10 288 4 275
294 -10 291 14 276
298 0 103 4 277
295 0 97 4 278
299 10 254 14 279
299 -10 252 4 280
305 0 111 14 281
306 0 123 14 282
304 0 108 4 283
310 0 116 14 284
305 0 98 14 285
311 0 165 14 286
300 10 66 4 287
297 -10 73 4 288
310 0 82 4 289
302 0 110 4 290
312 10 150 4 291
310 -10 151 14 292
323 0 105 4 293
317 0 85 4 294
319 0 108 4 295
315 0 107 4 296
318 10 171 14 297
321 -10 169 4 298
319 0 96 4 299
317 0 299 4 300
336 0 138 4 301
326 0 109 4 302
325 0 258 14 303
320 10 137 14 304
325 -10 136 14 305
337 0 96 4 306
319 0 70 14 307
343 10 154 14 308
343 -10 156 14 309
350 0 133 4 310
330 10 252 4 311
334 -10 255 14 312
329 10 291 14 313
336 -10 299 4 314
331 10 100 4 315
329 -10 101 4 316
330 10 92 14 317
335 -10 88 4 318
336 10 102 4 319
342 -10 96 4 320
353 10 127 14 321
355 -10 128 4 322
355 10 153 14 323
359 -10 151 14 324
356 10 101 14 325
356 -10 98 14 326
343 10 81 14 327
337 -10 87 4 328
341 10 71 14 329
339 -10 72 4 330
363 10 104 4 331
363 -10 99 4 332
363 10 116 4 333
366 -10 108 4 334
346 10 86 4 335
363 -10 70 4 336
360 0 265 4 337
353 0 299 4 338
374 0 127 4 339
369 10 74 4 340
373 -10 74 4 341
370 10 108 14 342
370 -10 110 4 343
373 10 85 4 344
373 -10 87 14 345
367 10 247 14 346
356 -10 246 4 347
378 10 149 4 348
378 -10 148 14 349
374 10 110 14 350
377 -10 105 14 351
378 10 132 14 352
378 -10 130 4 353
357 10 253 4 354
375 -10 264 4 355
381 10 85 4 356
384 -10 74 4 357
382 10 108 14 358
380 -10 109 4 359
