360
-87 0 283 4 0
-83 0 267 4 1
-87 9 254 4 2
-87 -9 258 4 3
-87 9 280 4 4
-87 -9 284 4 5
-85 9 229 4 6
-85 -9 233 4 7
-69 0 242 14 8
-69 0 293 4 9
-77 0 145 4 10
-75 9 130 4 11
-71 -9 126 4 12
-59 0 118 4 13
-60 9 243 14 14
-60 -9 240 4 15
-52 0 140 14 16
-51 0 254 4 17
-54 9 277 14 18
-55 -9 293 4 19
-57 9 126 4 20
-48 -9 126 4 21
-46 0 230 14 22
-48 0 240 4 23
-41 0 239 4 24
-41 0 118 4 25
-46 9 229 14 26
-45 -9 232 14 27
-38 0 139 4 28
-37 0 216 14 29
-39 9 236 14 30
-41 -9 230 14 31
-38 9 219 4 32
-37 -9 224 4 33
-31 0 213 4 34
-19 0 293 4 35
-37 9 132 4 36
-38 -9 137 14 37
-29 0 200 14 38
-35 9 209 4 39
-32 -9 213 14 40
-29 0 254 4 41
-25 0 240 14 42
-23 9 216 4 43
-27 -9 208 4 44
-26 0 118 4 45
-23 0 190 4 46
-27 0 144 4 47
-20 0 240 4 48
-19 0 179 14 49
-18 9 200 4 50
-20 -9 202 14 51
-14 0 257 4 52
-25 9 136 4 53
-29 -9 140 14 54
-16 0 227 4 55
1 9 293 4 56
7 -9 281 14 57
-13 0 168 4 58
-22 9 185 4 59
-20 -9 187 14 60
-14 0 214 14 61
-11 0 154 4 62
-16 9 177 4 63
-11 -9 179 14 64
-7 0 118 4 65
-7 0 206 4 66
-10 9 167 4 67
-20 -9 165 4 68
-9 9 126 4 69
-18 -9 139 4 70
-10 0 143 4 71
3 9 258 4 72
16 -9 240 14 73
-4 0 195 4 74
-5 0 216 4 75
-13 9 157 14 76
-8 -9 157 14 77
0 0 184 4 78
-4 9 197 14 79
13 -9 196 4 80
23 9 153 14 81
-8 -9 145 4 82
3 0 171 4 83
16 0 217 14 84
13 0 189 4 85
12 0 118 4 86
16 9 126 4 87
7 -9 126 4 88
24 0 293 4 89
22 0 160 4 90
27 9 203 14 91
24 -9 205 4 92
22 0 258 4 93
17 0 200 14 94
28 0 153 4 95
24 0 230 14 96
32 0 141 14 97
36 9 206 4 98
36 -9 208 4 99
29 0 207 14 100
34 0 152 14 101
30 0 119 4 102
39 9 142 4 103
41 -9 144 4 104
39 9 241 4 105
38 -9 245 4 106
44 9 269 14 107
47 -9 279 14 108
39 0 120 4 109
39 0 213 14 110
38 0 233 4 111
47 9 217 14 112
47 -9 214 4 113
43 0 143 4 114
51 9 140 14 115
46 -9 136 4 116
51 0 258 4 117
52 0 119 4 118
53 0 214 4 119
57 0 224 14 120
65 0 293 4 121
60 0 142 14 122
61 9 132 4 123
64 -9 126 4 124
64 9 212 4 125
61 -9 210 14 126
64 0 119 4 127
68 0 210 4 128
70 9 258 4 129
71 -9 242 4 130
88 9 280 4 131
86 -9 280 14 132
68 0 242 4 133
72 9 135 4 134
73 -9 137 4 135
70 0 148 14 136
76 9 210 4 137
76 -9 213 14 138
81 0 122 4 139
79 0 211 14 140
80 9 145 4 141
92 -9 133 4 142
82 0 156 4 143
85 0 229 14 144
90 0 258 4 145
86 0 201 4 146
100 0 293 4 147
92 0 127 4 148
89 9 203 4 149
89 -9 215 4 150
84 0 169 4 151
90 0 185 14 152
91 9 155 4 153
86 -9 154 4 154
105 0 217 14 155
101 9 196 4 156
97 -9 198 14 157
115 0 142 4 158
116 9 166 14 159
111 -9 170 4 160
101 9 183 4 161
115 -9 180 4 162
113 0 207 14 163
119 9 273 4 164
117 -9 275 4 165
118 9 237 14 166
115 -9 244 4 167
119 0 154 14 168
120 0 193 14 169
114 0 168 4 170
118 0 186 14 171
116 0 179 14 172
133 9 165 4 173
130 -9 168 4 174
127 0 258 4 175
132 0 292 4 176
131 0 149 4 177
142 9 133 4 178
143 -9 137 4 179
144 9 243 14 180
144 -9 246 14 181
145 9 282 14 182
145 -9 285 14 183
146 0 115 4 184
162 9 111 4 185
160 -9 105 4 186
161 0 249 4 187
163 0 293 4 188
173 0 98 4 189
174 9 241 4 190
174 -9 235 4 191
179 9 183 14 192
185 -9 187 4 193
177 9 199 4 194
181 -9 203 14 195
181 9 292 4 196
177 -9 277 4 197
180 9 103 14 198
183 -9 99 4 199
186 9 218 14 200
182 -9 217 4 201
187 9 170 4 202
194 -9 171 4 203
204 0 197 4 204
189 9 231 4 205
192 -9 232 14 206
206 0 181 4 207
199 0 216 14 208
200 0 259 4 209
198 0 88 4 210
206 9 209 14 211
205 -9 206 4 212
206 9 189 14 213
199 -9 186 4 214
199 0 293 4 215
195 9 154 4 216
196 -9 149 14 217
212 0 245 4 218
210 0 165 4 219
207 9 178 14 220
210 -9 178 14 221
204 0 239 4 222
206 9 226 4 223
210 -9 226 4 224
231 9 176 14 225
222 -9 169 4 226
230 9 260 4 227
225 -9 260 4 228
234 0 153 14 229
211 9 279 14 230
220 -9 293 4 231
212 9 94 4 232
221 -9 85 4 233
237 9 140 14 234
237 -9 143 14 235
241 9 166 14 236
241 -9 162 14 237
251 0 149 14 238
247 0 251 4 239
236 0 85 4 240
249 0 293 4 241
255 9 172 4 242
257 -9 172 4 243
256 9 152 4 244
256 -9 156 4 245
259 9 247 4 246
259 -9 250 4 247
256 9 282 14 248
256 -9 278 14 249
267 0 160 4 250
257 9 87 4 251
261 -9 87 4 252
272 9 159 14 253
271 -9 163 4 254
270 9 178 14 255
273 -9 178 14 256
275 0 293 4 257
291 0 163 14 258
286 0 260 4 259
282 0 96 4 260
286 0 110 4 261
279 0 106 4 262
278 0 78 4 263
280 0 112 4 264
290 9 170 14 265
293 -9 167 4 266
302 0 169 4 267
294 9 182 14 268
298 -9 180 4 269
285 0 99 4 270
296 0 114 4 271
287 0 115 14 272
291 0 118 14 273
297 0 87 4 274
289 9 279 4 275
289 -9 282 14 276
294 0 109 4 277
290 0 104 4 278
295 9 249 14 279
295 -9 246 4 280
302 0 115 14 281
303 0 127 14 282
300 0 113 4 283
307 0 119 14 284
301 0 103 14 285
308 0 167 14 286
294 9 72 4 287
290 -9 80 4 288
307 0 86 4 289
297 0 116 4 290
308 9 153 4 291
307 -9 155 14 292
322 0 107 4 293
315 0 89 4 294
317 0 111 4 295
311 0 112 4 296
314 9 174 14 297
318 -9 172 4 298
316 0 100 4 299
313 0 293 4 300
336 0 139 4 301
323 0 113 4 302
322 0 254 14 303
315 9 142 14 304
321 -9 140 14 305
336 0 99 4 306
313 0 78 14 307
342 9 156 14 308
342 -9 159 14 309
349 0 135 4 310
323 9 246 4 311
329 -9 250 14 312
322 9 281 14 313
331 -9 293 4 314
324 9 109 4 315
321 -9 111 4 316
323 9 102 14 317
328 -9 96 4 318
329 9 110 4 319
337 -9 103 4 320
351 9 132 14 321
354 -9 133 4 322
353 9 158 14 323
358 -9 155 14 324
354 9 107 14 325
354 -9 104 14 326
337 9 89 14 327
329 -9 97 4 328
334 9 81 14 329
332 -9 82 4 330
360 9 110 4 331
360 -9 104 4 332
361 9 123 4 333
364 -9 114 4 334
338 9 96 4 335
360 -9 76 4 336
356 0 262 4 337
348 0 292 4 338
373 0 128 4 339
367 9 79 4 340
371 -9 79 4 341
368 9 114 14 342
368 -9 116 4 343
371 9 91 4 344
370 -9 94 14 345
363 9 243 14 346
350 -9 241 4 347
377 9 153 4 348
377 -9 152 14 349
371 9 118 14 350
374 -9 112 14 351
376 9 139 14 352
376 -9 136 4 353
350 9 248 4 354
372 -9 261 4 355
378 9 93 4 356
382 -9 79 4 357
380 9 116 14 358
377 -9 116 4 359
