360
-84 0 304 4 0
-82 0 280 4 1
-83 13 286 4 2
-83 -13 287 4 3
-83 13 313 4 4
-83 -13 314 4 5
-80 13 259 4 6
-80 -13 260 4 7
-67 0 262 14 8
-66 0 317 4 9
-68 0 141 4 10
-65 13 130 4 11
-64 -13 129 4 12
-57 0 117 4 13
-57 13 263 14 14
-57 -13 262 4 15
-52 0 140 14 16
-51 0 261 4 17
-51 13 313 14 18
-52 -13 317 4 19
-49 13 129 4 20
-46 -13 129 4 21
-45 0 245 14 22
-45 0 262 4 23
-41 0 241 4 24
-40 0 117 4 25
-41 13 253 14 26
-40 -13 254 14 27
-36 0 139 4 28
-36 0 225 14 29
-35 13 261 14 30
-36 -13 260 14 31
-34 13 239 4 32
-34 -13 241 4 33
-31 0 215 4 34
-28 0 317 4 35
-32 13 131 4 36
-32 -13 132 14 37
-28 0 203 14 38
-30 13 228 4 39
-29 -13 229 14 40
-28 0 261 4 41
-25 0 251 14 42
-23 13 220 4 43
-24 -13 218 4 44
-23 0 117 4 45
-23 0 192 4 46
-23 0 140 4 47
-20 0 241 4 48
-18 0 180 14 49
-18 13 204 4 50
-18 -13 205 14 51
-17 0 266 4 52
-17 13 132 4 53
-19 -13 133 14 54
-15 0 231 4 55
-10 13 318 4 56
-8 -13 315 14 57
-13 0 168 4 58
-15 13 191 4 59
-15 -13 191 14 60
-12 0 220 14 61
-8 0 154 4 62
-10 13 179 4 63
-8 -13 180 14 64
-6 0 117 4 65
-6 0 208 4 66
-5 13 166 4 67
-8 -13 166 4 68
-4 13 129 4 69
-7 -13 132 4 70
-5 0 140 4 71
-1 13 267 4 72
3 -13 262 14 73
-2 0 197 4 74
-2 0 219 4 75
-3 13 156 14 76
-1 -13 155 14 77
2 0 185 4 78
1 13 202 14 79
6 -13 202 4 80
11 13 145 14 81
3 -13 143 4 82
7 0 170 4 83
11 0 228 14 84
11 0 190 4 85
12 0 117 4 86
13 13 129 4 87
10 -13 129 4 88
15 0 317 4 89
16 0 159 4 90
17 13 215 14 91
16 -13 216 4 92
17 0 267 4 93
16 0 204 14 94
20 0 149 4 95
21 0 237 14 96
24 0 136 14 97
27 13 223 4 98
27 -13 223 4 99
26 0 214 14 100
28 0 150 14 101
28 0 118 4 102
31 13 137 4 103
32 -13 137 4 104
32 13 263 4 105
32 -13 264 4 106
34 13 312 14 107
35 -13 314 14 108
36 0 120 4 109
37 0 220 14 110
36 0 242 4 111
42 13 230 14 112
42 -13 229 4 113
41 0 142 4 114
44 13 133 14 115
43 -13 132 4 116
49 0 267 4 117
50 0 118 4 118
51 0 223 4 119
52 0 242 14 120
54 0 318 4 121
57 0 141 14 122
58 13 131 4 123
59 -13 129 4 124
59 13 229 4 125
58 -13 229 14 126
64 0 118 4 127
66 0 219 4 128
67 13 267 4 129
67 -13 263 4 130
72 13 315 4 131
71 -13 315 14 132
68 0 244 4 133
71 13 134 4 134
71 -13 135 4 135
71 0 147 14 136
75 13 224 4 137
75 -13 225 14 138
79 0 123 4 139
79 0 212 14 140
81 13 143 4 141
84 -13 140 4 142
82 0 157 4 143
83 0 236 14 144
86 0 268 4 145
86 0 202 4 146
90 0 317 4 147
89 0 130 4 148
88 13 215 4 149
88 -13 219 4 150
88 0 170 4 151
90 0 186 14 152
91 13 154 4 153
90 -13 153 4 154
97 0 226 14 155
98 13 203 4 156
97 -13 203 14 157
103 0 141 4 158
104 13 170 14 159
103 -13 171 4 160
101 13 187 4 161
105 -13 186 4 162
105 0 216 14 163
108 13 312 4 164
107 -13 313 4 165
109 13 262 14 166
108 -13 264 4 167
110 0 154 14 168
112 0 202 14 169
112 0 168 4 170
113 0 190 14 171
113 0 180 14 172
125 13 169 4 173
124 -13 169 4 174
124 0 268 4 175
127 0 317 4 176
129 0 149 4 177
139 13 129 4 178
139 -13 130 4 179
144 13 265 14 180
144 -13 266 14 181
145 13 315 14 182
145 -13 315 14 183
149 0 113 4 184
164 13 100 4 185
163 -13 98 4 186
165 0 266 4 187
167 0 317 4 188
178 0 89 4 189
183 13 264 4 190
183 -13 262 4 191
187 13 190 14 192
189 -13 191 4 193
187 13 216 4 194
189 -13 217 14 195
189 13 317 4 196
187 -13 313 4 197
190 13 83 14 198
191 -13 82 4 199
194 13 235 14 200
193 -13 234 4 201
195 13 172 4 202
197 -13 173 4 203
205 0 201 4 204
202 13 250 4 205
202 -13 251 14 206
207 0 182 4 207
205 0 226 14 208
206 0 269 4 209
209 0 73 4 210
211 13 216 14 211
211 -13 215 4 212
212 13 193 14 213
210 -13 192 4 214
210 0 317 4 215
210 13 151 4 216
210 -13 150 14 217
215 0 249 4 218
215 0 166 4 219
217 13 180 14 220
218 -13 179 14 221
217 0 258 4 222
220 13 243 4 223
220 -13 243 4 224
231 13 169 14 225
228 -13 168 4 226
230 13 270 4 227
229 -13 270 4 228
234 0 152 14 229
228 13 314 14 230
230 -13 317 4 231
229 13 72 4 232
232 -13 70 4 233
239 13 139 14 234
239 -13 140 14 235
244 13 161 14 236
244 -13 160 14 237
252 0 148 14 238
252 0 268 4 239
249 0 69 4 240
254 0 318 4 241
261 13 163 4 242
262 -13 163 4 243
262 13 143 4 244
262 -13 144 4 245
267 13 267 4 246
267 -13 268 4 247
267 13 315 14 248
267 -13 313 14 249
271 0 156 4 250
276 13 73 4 251
277 -13 73 4 252
280 13 150 14 253
279 -13 151 4 254
279 13 170 14 255
280 -13 170 14 256
286 0 318 4 257
292 0 161 14 258
292 0 270 4 259
293 0 85 4 260
297 0 96 4 261
295 0 86 4 262
296 0 60 4 263
298 0 90 4 264
300 13 159 14 265
301 -13 158 4 266
305 0 167 4 267
302 13 177 14 268
303 -13 176 4 269
301 0 79 4 270
304 0 104 4 271
303 0 93 14 272
306 0 99 14 273
309 0 73 4 274
307 13 314 4 275
307 -13 315 14 276
309 0 89 4 277
309 0 80 4 278
310 13 268 14 279
310 -13 267 4 280
313 0 101 14 281
314 0 113 14 282
314 0 96 4 283
316 0 107 14 284
315 0 84 14 285
317 0 159 14 286
315 13 50 4 287
314 -13 53 4 288
318 0 71 4 289
317 0 92 4 290
320 13 141 4 291
320 -13 141 14 292
326 0 101 4 293
325 0 75 4 294
326 0 98 4 295
325 0 94 4 296
326 13 164 14 297
327 -13 163 4 298
328 0 84 4 299
327 0 317 4 300
336 0 137 4 301
334 0 98 4 302
335 0 269 14 303
333 13 125 14 304
335 -13 124 14 305
341 0 90 4 306
336 0 47 14 307
346 13 147 14 308
346 -13 147 14 309
352 0 128 4 310
346 13 268 4 311
347 -13 269 14 312
346 13 314 14 313
348 -13 317 4 314
350 13 76 4 315
349 -13 76 4 316
351 13 67 14 317
352 -13 65 4 318
353 13 80 4 319
355 -13 78 4 320
359 13 115 14 321
359 -13 116 4 322
361 13 141 14 323
363 -13 141 14 324
363 13 83 14 325
363 -13 82 14 326
359 13 59 14 327
357 -13 62 4 328
360 13 45 14 329
360 -13 46 4 330
368 13 88 4 331
368 -13 87 4 332
370 13 97 4 333
371 -13 94 4 334
365 13 62 4 335
370 -13 56 4 336
369 0 273 4 337
367 0 317 4 338
375 0 123 4 339
376 13 61 4 340
377 -13 61 4 341
377 13 91 14 342
377 -13 92 4 343
379 13 69 4 344
378 -13 69 14 345
376 13 258 14 346
373 -13 258 4 347
382 13 139 4 348
382 -13 139 14 349
381 13 90 14 350
382 -13 89 14 351
384 13 115 14 352
384 -13 114 4 353
377 13 268 4 354
383 -13 272 4 355
387 13 65 4 356
388 -13 61 4 357
388 13 88 14 358
388 -13 89 4 359
