360
-86 0 291 4 0
-82 0 272 4 1
-86 10 266 4 2
-86 -10 269 4 3
-86 10 293 4 4
-86 -10 296 4 5
-83 10 240 4 6
-83 -10 243 4 7
-68 0 250 14 8
-68 0 302 4 9
-73 0 143 4 10
-71 10 130 4 11
-68 -10 127 4 12
-59 0 118 4 13
-59 10 251 14 14
-59 -10 248 4 15
-52 0 140 14 16
-51 0 256 4 17
-53 10 291 14 18
-54 -10 302 4 19
-54 10 127 4 20
-48 -10 127 4 21
-46 0 236 14 22
-47 0 248 4 23
-41 0 240 4 24
-40 0 118 4 25
-44 10 238 14 26
-43 -10 240 14 27
-37 0 139 4 28
-37 0 219 14 29
-38 10 246 14 30
-39 -10 242 14 31
-37 10 226 4 32
-36 -10 231 4 33
-31 0 214 4 34
-22 0 302 4 35
-35 10 132 4 36
-36 -10 135 14 37
-29 0 201 14 38
-33 10 216 4 39
-31 -10 219 14 40
-28 0 256 4 41
-25 0 244 14 42
-23 10 218 4 43
-26 -10 212 4 44
-25 0 118 4 45
-23 0 191 4 46
-26 0 142 4 47
-20 0 240 4 48
-19 0 180 14 49
-18 10 201 4 50
-19 -10 203 14 51
-15 0 261 4 52
-22 10 135 4 53
-25 -10 138 14 54
-15 0 229 4 55
-3 10 303 4 56
1 -10 294 14 57
-13 0 168 4 58
-19 10 187 4 59
-18 -10 188 14 60
-13 0 216 14 61
-10 0 154 4 62
-13 10 178 4 63
-10 -10 179 14 64
-7 0 118 4 65
-6 0 207 4 66
-8 10 167 4 67
-15 -10 165 4 68
-8 10 127 4 69
-14 -10 136 4 70
-8 0 142 4 71
2 10 261 4 72
11 -10 248 14 73
-3 0 196 4 74
-4 0 217 4 75
-9 10 157 14 76
-6 -10 156 14 77
1 0 184 4 78
-2 10 199 14 79
10 -10 198 4 80
18 10 150 14 81
-4 -10 144 4 82
5 0 171 4 83
14 0 221 14 84
12 0 189 4 85
12 0 118 4 86
15 10 127 4 87
9 -10 127 4 88
21 0 302 4 89
20 0 160 4 90
23 10 208 14 91
21 -10 209 4 92
20 0 261 4 93
17 0 202 14 94
25 0 151 4 95
23 0 233 14 96
29 0 139 14 97
33 10 212 4 98
32 -10 214 4 99
28 0 209 14 100
32 0 151 14 101
29 0 118 4 102
36 10 140 4 103
37 -10 141 4 104
36 10 249 4 105
36 -10 252 4 106
40 10 285 14 107
43 -10 293 14 108
38 0 120 4 109
38 0 216 14 110
37 0 236 4 111
45 10 222 14 112
45 -10 220 4 113
42 0 143 4 114
48 10 138 14 115
45 -10 135 4 116
51 0 261 4 117
51 0 118 4 118
52 0 218 4 119
55 0 231 14 120
61 0 303 4 121
59 0 141 14 122
60 10 132 4 123
62 -10 127 4 124
62 10 219 4 125
60 -10 217 14 126
64 0 118 4 127
67 0 213 4 128
69 10 261 4 129
70 -10 250 4 130
82 10 293 4 131
81 -10 293 14 132
68 0 243 4 133
71 10 135 4 134
72 -10 136 4 135
70 0 148 14 136
76 10 215 4 137
76 -10 217 14 138
80 0 122 4 139
79 0 211 14 140
80 10 144 4 141
89 -10 136 4 142
82 0 157 4 143
84 0 232 14 144
89 0 262 4 145
86 0 201 4 146
96 0 302 4 147
90 0 128 4 148
88 10 208 4 149
89 -10 216 4 150
86 0 169 4 151
90 0 186 14 152
91 10 155 4 153
87 -10 154 4 154
102 0 220 14 155
100 10 199 4 156
97 -10 200 14 157
111 0 142 4 158
112 10 167 14 159
108 -10 170 4 160
101 10 185 4 161
111 -10 182 4 162
110 0 211 14 163
115 10 288 4 164
113 -10 289 4 165
114 10 246 14 166
113 -10 251 4 167
115 0 154 14 168
117 0 197 14 169
113 0 168 4 170
116 0 187 14 171
115 0 179 14 172
130 10 166 4 173
128 -10 168 4 174
126 0 262 4 175
130 0 301 4 176
130 0 149 4 177
141 10 132 4 178
142 -10 134 4 179
144 10 251 14 180
144 -10 254 14 181
145 10 295 14 182
145 -10 296 14 183
147 0 114 4 184
163 10 107 4 185
161 -10 102 4 186
163 0 255 4 187
164 0 302 4 188
175 0 95 4 189
177 10 250 4 190
177 -10 245 4 191
182 10 186 14 192
187 -10 188 4 193
181 10 205 4 194
184 -10 208 14 195
184 10 301 4 196
181 -10 291 4 197
184 10 95 14 198
186 -10 93 4 199
189 10 224 14 200
186 -10 224 4 201
190 10 171 4 202
195 -10 172 4 203
205 0 199 4 204
194 10 238 4 205
196 -10 239 14 206
207 0 182 4 207
201 0 220 14 208
202 0 263 4 209
203 0 82 4 210
208 10 212 14 211
207 -10 210 4 212
209 10 190 14 213
203 -10 188 4 214
204 0 302 4 215
201 10 153 4 216
201 -10 149 14 217
213 0 246 4 218
212 0 166 4 219
211 10 179 14 220
213 -10 178 14 221
209 0 246 4 222
212 10 232 4 223
214 -10 233 4 224
231 10 173 14 225
224 -10 169 4 226
230 10 264 4 227
227 -10 264 4 228
234 0 153 14 229
218 10 292 14 230
224 -10 302 4 231
219 10 86 4 232
225 -10 79 4 233
238 10 140 14 234
238 -10 142 14 235
242 10 164 14 236
242 -10 161 14 237
252 0 149 14 238
249 0 258 4 239
241 0 79 4 240
251 0 303 4 241
257 10 169 4 242
259 -10 168 4 243
258 10 148 4 244
258 -10 152 4 245
262 10 255 4 246
262 -10 257 4 247
260 10 294 14 248
260 -10 292 14 249
269 0 159 4 250
264 10 81 4 251
267 -10 81 4 252
275 10 155 14 253
274 -10 159 4 254
273 10 175 14 255
275 -10 175 14 256
279 0 303 4 257
291 0 162 14 258
288 0 264 4 259
286 0 92 4 260
290 0 105 4 261
285 0 98 4 262
285 0 71 4 263
287 0 103 4 264
294 10 166 14 265
296 -10 164 4 266
303 0 168 4 267
297 10 180 14 268
300 -10 178 4 269
291 0 91 4 270
299 0 110 4 271
293 0 106 14 272
297 0 111 14 273
302 0 81 4 274
296 10 292 4 275
296 -10 294 14 276
299 0 101 4 277
297 0 95 4 278
300 10 256 14 279
300 -10 254 4 280
306 0 110 14 281
307 0 122 14 282
306 0 106 4 283
311 0 114 14 284
306 0 96 14 285
312 0 164 14 286
302 10 63 4 287
299 -10 70 4 288
311 0 80 4 289
304 0 107 4 290
313 10 148 4 291
312 -10 150 14 292
324 0 105 4 293
318 0 84 4 294
320 0 106 4 295
316 0 105 4 296
319 10 170 14 297
322 -10 168 4 298
320 0 94 4 299
319 0 302 4 300
336 0 138 4 301
327 0 107 4 302
327 0 260 14 303
322 10 136 14 304
326 -10 134 14 305
338 0 95 4 306
322 0 66 14 307
344 10 153 14 308
344 -10 155 14 309
350 0 132 4 310
332 10 255 4 311
336 -10 257 14 312
331 10 294 14 313
338 -10 302 4 314
334 10 97 4 315
332 -10 98 4 316
333 10 89 14 317
337 -10 84 4 318
338 10 99 4 319
344 -10 94 4 320
354 10 126 14 321
356 -10 127 4 322
356 10 151 14 323
360 -10 149 14 324
357 10 98 14 325
357 -10 96 14 326
345 10 78 14 327
340 -10 84 4 328
344 10 67 14 329
342 -10 68 4 330
363 10 102 4 331
363 -10 98 4 332
364 10 113 4 333
367 -10 106 4 334
348 10 83 4 335
364 -10 68 4 336
361 0 266 4 337
355 0 301 4 338
374 0 126 4 339
370 10 72 4 340
373 -10 72 4 341
371 10 105 14 342
371 -10 107 4 343
374 10 83 4 344
373 -10 85 14 345
368 10 249 14 346
359 -10 247 4 347
379 10 148 4 348
379 -10 147 14 349
375 10 107 14 350
377 -10 103 14 351
379 10 130 14 352
379 -10 128 4 353
360 10 255 4 354
376 -10 265 4 355
382 10 82 4 356
384 -10 72 4 357
383 10 105 14 358
381 -10 106 4 359
