360
-87 0 287 4 0
-83 0 269 4 1
-86 10 261 4 2
-86 -10 264 4 3
-86 10 286 4 4
-86 -10 290 4 5
-84 10 235 4 6
-84 -10 238 4 7
-69 0 246 14 8
-68 0 297 4 9
-75 0 144 4 10
-73 10 130 4 11
-69 -10 127 4 12
-59 0 118 4 13
-59 10 247 14 14
-59 -10 244 4 15
-52 0 140 14 16
-51 0 255 4 17
-53 10 284 14 18
-55 -10 297 4 19
-55 10 127 4 20
-48 -10 127 4 21
-46 0 233 14 22
-47 0 244 4 23
-41 0 240 4 24
-40 0 118 4 25
-45 10 233 14 26
-44 -10 236 14 27
-37 0 139 4 28
-37 0 217 14 29
-38 10 241 14 30
-40 -10 236 14 31
-37 10 223 4 32
-36 -10 228 4 33
-31 0 213 4 34
-21 0 297 4 35
-36 10 132 4 36
-37 -10 136 14 37
-29 0 201 14 38
-34 10 213 4 39
-32 -10 217 14 40
-29 0 255 4 41
-25 0 242 14 42
-23 10 217 4 43
-26 -10 210 4 44
-25 0 118 4 45
-23 0 191 4 46
-26 0 143 4 47
-20 0 240 4 48
-19 0 180 14 49
-18 10 201 4 50
-20 -10 203 14 51
-15 0 259 4 52
-24 10 135 4 53
-27 -10 139 14 54
-15 0 228 4 55
-1 10 298 4 56
4 -10 288 14 57
-13 0 168 4 58
-20 10 186 4 59
-19 -10 188 14 60
-13 0 215 14 61
-10 0 154 4 62
-14 10 177 4 63
-10 -10 179 14 64
-7 0 118 4 65
-6 0 207 4 66
-9 10 167 4 67
-17 -10 165 4 68
-8 10 127 4 69
-16 -10 138 4 70
-9 0 142 4 71
2 10 260 4 72
14 -10 244 14 73
-4 0 196 4 74
-4 0 217 4 75
-11 10 157 14 76
-7 -10 156 14 77
0 0 184 4 78
-3 10 198 14 79
12 -10 197 4 80
20 10 151 14 81
-6 -10 145 4 82
4 0 171 4 83
15 0 219 14 84
13 0 189 4 85
12 0 118 4 86
15 10 127 4 87
8 -10 127 4 88
23 0 297 4 89
21 0 160 4 90
25 10 206 14 91
23 -10 207 4 92
21 0 260 4 93
17 0 201 14 94
26 0 152 4 95
23 0 231 14 96
30 0 140 14 97
34 10 209 4 98
34 -10 211 4 99
29 0 208 14 100
33 0 152 14 101
29 0 118 4 102
38 10 141 4 103
39 -10 143 4 104
38 10 245 4 105
37 -10 249 4 106
42 10 277 14 107
45 -10 286 14 108
38 0 120 4 109
39 0 215 14 110
37 0 235 4 111
46 10 219 14 112
46 -10 217 4 113
43 0 143 4 114
50 10 139 14 115
46 -10 135 4 116
51 0 260 4 117
51 0 118 4 118
53 0 216 4 119
56 0 228 14 120
63 0 298 4 121
59 0 141 14 122
60 10 132 4 123
63 -10 127 4 124
63 10 216 4 125
60 -10 213 14 126
64 0 118 4 127
68 0 212 4 128
69 10 260 4 129
70 -10 246 4 130
85 10 287 4 131
83 -10 287 14 132
68 0 242 4 133
71 10 135 4 134
73 -10 137 4 135
70 0 148 14 136
76 10 213 4 137
76 -10 215 14 138
81 0 122 4 139
79 0 211 14 140
80 10 144 4 141
91 -10 135 4 142
82 0 157 4 143
84 0 230 14 144
89 0 260 4 145
86 0 201 4 146
98 0 297 4 147
91 0 127 4 148
88 10 205 4 149
89 -10 216 4 150
85 0 169 4 151
90 0 186 14 152
91 10 155 4 153
87 -10 154 4 154
104 0 219 14 155
100 10 198 4 156
97 -10 199 14 157
113 0 142 4 158
114 10 167 14 159
109 -10 170 4 160
101 10 184 4 161
113 -10 181 4 162
111 0 209 14 163
117 10 281 4 164
115 -10 282 4 165
116 10 242 14 166
114 -10 248 4 167
117 0 154 14 168
118 0 195 14 169
113 0 168 4 170
117 0 187 14 171
115 0 179 14 172
132 10 166 4 173
129 -10 168 4 174
126 0 260 4 175
131 0 297 4 176
131 0 149 4 177
141 10 132 4 178
142 -10 136 4 179
144 10 247 14 180
144 -10 250 14 181
145 10 289 14 182
145 -10 291 14 183
147 0 114 4 184
162 10 109 4 185
161 -10 104 4 186
162 0 252 4 187
164 0 297 4 188
174 0 96 4 189
175 10 245 4 190
175 -10 240 4 191
180 10 184 14 192
186 -10 188 4 193
179 10 202 4 194
182 -10 205 14 195
183 10 297 4 196
179 -10 284 4 197
182 10 99 14 198
184 -10 96 4 199
187 10 221 14 200
184 -10 221 4 201
188 10 170 4 202
195 -10 172 4 203
205 0 198 4 204
192 10 235 4 205
194 -10 235 14 206
207 0 182 4 207
200 0 218 14 208
201 0 261 4 209
201 0 85 4 210
207 10 210 14 211
206 -10 208 4 212
208 10 190 14 213
201 -10 187 4 214
202 0 297 4 215
198 10 153 4 216
199 -10 149 14 217
213 0 246 4 218
211 0 166 4 219
209 10 179 14 220
212 -10 178 14 221
207 0 243 4 222
209 10 229 4 223
212 -10 230 4 224
231 10 174 14 225
223 -10 169 4 226
230 10 262 4 227
226 -10 262 4 228
234 0 153 14 229
215 10 286 14 230
222 -10 297 4 231
215 10 90 4 232
223 -10 82 4 233
237 10 140 14 234
238 -10 142 14 235
242 10 165 14 236
242 -10 162 14 237
252 0 149 14 238
248 0 255 4 239
238 0 81 4 240
250 0 298 4 241
256 10 171 4 242
258 -10 170 4 243
257 10 150 4 244
257 -10 154 4 245
261 10 251 4 246
260 -10 254 4 247
258 10 288 14 248
258 -10 285 14 249
268 0 159 4 250
261 10 84 4 251
264 -10 84 4 252
274 10 157 14 253
273 -10 161 4 254
272 10 177 14 255
274 -10 177 14 256
277 0 298 4 257
291 0 162 14 258
287 0 262 4 259
284 0 94 4 260
288 0 107 4 261
282 0 102 4 262
281 0 75 4 263
284 0 107 4 264
292 10 168 14 265
294 -10 166 4 266
303 0 169 4 267
296 10 181 14 268
299 -10 179 4 269
288 0 95 4 270
298 0 112 4 271
290 0 110 14 272
294 0 114 14 273
299 0 84 4 274
293 10 286 4 275
293 -10 288 14 276
297 0 105 4 277
294 0 99 4 278
298 10 253 14 279
298 -10 250 4 280
304 0 112 14 281
305 0 124 14 282
303 0 109 4 283
309 0 117 14 284
304 0 100 14 285
310 0 166 14 286
298 10 67 4 287
295 -10 75 4 288
309 0 83 4 289
301 0 112 4 290
311 10 151 4 291
309 -10 152 14 292
323 0 106 4 293
317 0 86 4 294
318 0 109 4 295
314 0 108 4 296
317 10 172 14 297
320 -10 170 4 298
318 0 97 4 299
316 0 297 4 300
336 0 138 4 301
325 0 110 4 302
324 0 257 14 303
319 10 139 14 304
324 -10 137 14 305
337 0 97 4 306
317 0 72 14 307
343 10 154 14 308
343 -10 157 14 309
350 0 133 4 310
328 10 251 4 311
332 -10 254 14 312
327 10 288 14 313
334 -10 297 4 314
329 10 103 4 315
327 -10 104 4 316
328 10 95 14 317
333 -10 90 4 318
334 10 104 4 319
340 -10 98 4 320
352 10 129 14 321
355 -10 130 4 322
354 10 154 14 323
359 -10 152 14 324
356 10 103 14 325
356 -10 100 14 326
341 10 83 14 327
335 -10 90 4 328
339 10 74 14 329
337 -10 75 4 330
362 10 106 4 331
362 -10 101 4 332
363 10 118 4 333
365 -10 110 4 334
343 10 89 4 335
362 -10 72 4 336
358 0 264 4 337
351 0 297 4 338
374 0 127 4 339
369 10 75 4 340
372 -10 75 4 341
370 10 109 14 342
369 -10 112 4 343
372 10 87 4 344
372 -10 89 14 345
365 10 246 14 346
354 -10 244 4 347
378 10 151 4 348
378 -10 149 14 349
373 10 113 14 350
376 -10 107 14 351
377 10 134 14 352
378 -10 132 4 353
355 10 252 4 354
374 -10 263 4 355
380 10 87 4 356
383 -10 75 4 357
382 10 110 14 358
379 -10 111 4 359
