360
-84 0 302 4 0
-82 0 279 4 1
-83 13 283 4 2
-83 -13 285 4 3
-83 13 311 4 4
-83 -13 312 4 5
-81 13 256 4 6
-81 -13 258 4 7
-67 0 261 14 8
-67 0 316 4 9
-69 0 142 4 10
-66 13 130 4 11
-65 -13 129 4 12
-57 0 117 4 13
-58 13 262 14 14
-58 -13 261 4 15
-52 0 140 14 16
-51 0 261 4 17
-52 13 310 14 18
-52 -13 316 4 19
-49 13 129 4 20
-46 -13 129 4 21
-45 0 244 14 22
-45 0 261 4 23
-41 0 240 4 24
-40 0 117 4 25
-41 13 252 14 26
-41 -13 253 14 27
-36 0 139 4 28
-36 0 224 14 29
-35 13 259 14 30
-36 -13 258 14 31
-34 13 238 4 32
-34 -13 239 4 33
-31 0 215 4 34
-27 0 316 4 35
-32 13 131 4 36
-32 -13 132 14 37
-28 0 203 14 38
-30 13 226 4 39
-29 -13 228 14 40
-28 0 261 4 41
-25 0 250 14 42
-23 13 220 4 43
-25 -13 218 4 44
-24 0 117 4 45
-23 0 192 4 46
-23 0 141 4 47
-20 0 241 4 48
-18 0 180 14 49
-18 13 204 4 50
-18 -13 205 14 51
-16 0 266 4 52
-18 13 132 4 53
-19 -13 133 14 54
-15 0 230 4 55
-9 13 316 4 56
-7 -13 312 14 57
-13 0 168 4 58
-16 13 190 4 59
-15 -13 191 14 60
-12 0 219 14 61
-9 0 154 4 62
-10 13 179 4 63
-9 -13 180 14 64
-6 0 117 4 65
-6 0 208 4 66
-6 13 166 4 67
-9 -13 166 4 68
-5 13 129 4 69
-8 -13 133 4 70
-5 0 140 4 71
-1 13 267 4 72
4 -13 261 14 73
-2 0 197 4 74
-3 0 219 4 75
-3 13 156 14 76
-2 -13 156 14 77
2 0 185 4 78
1 13 202 14 79
7 -13 201 4 80
12 13 146 14 81
2 -13 143 4 82
7 0 170 4 83
11 0 227 14 84
11 0 190 4 85
12 0 117 4 86
13 13 129 4 87
10 -13 129 4 88
16 0 316 4 89
16 0 159 4 90
18 13 214 14 91
17 -13 215 4 92
17 0 267 4 93
16 0 203 14 94
21 0 149 4 95
21 0 237 14 96
25 0 136 14 97
28 13 221 4 98
28 -13 222 4 99
26 0 214 14 100
28 0 150 14 101
28 0 118 4 102
32 13 137 4 103
33 -13 138 4 104
33 13 261 4 105
32 -13 262 4 106
35 13 308 14 107
36 -13 312 14 108
37 0 120 4 109
37 0 220 14 110
36 0 242 4 111
42 13 229 14 112
42 -13 228 4 113
41 0 142 4 114
45 13 133 14 115
43 -13 132 4 116
49 0 267 4 117
50 0 118 4 118
51 0 222 4 119
53 0 241 14 120
55 0 316 4 121
57 0 141 14 122
58 13 131 4 123
59 -13 129 4 124
60 13 228 4 125
59 -13 227 14 126
64 0 118 4 127
66 0 218 4 128
67 13 267 4 129
67 -13 261 4 130
73 13 312 4 131
72 -13 312 14 132
68 0 244 4 133
71 13 134 4 134
71 -13 135 4 135
71 0 147 14 136
75 13 223 4 137
75 -13 224 14 138
79 0 123 4 139
79 0 212 14 140
81 13 143 4 141
85 -13 139 4 142
82 0 157 4 143
83 0 236 14 144
86 0 268 4 145
86 0 202 4 146
91 0 316 4 147
89 0 130 4 148
88 13 214 4 149
88 -13 218 4 150
88 0 170 4 151
90 0 186 14 152
91 13 154 4 153
90 -13 153 4 154
97 0 226 14 155
98 13 202 4 156
97 -13 203 14 157
104 0 141 4 158
105 13 169 14 159
103 -13 171 4 160
101 13 186 4 161
105 -13 185 4 162
105 0 216 14 163
109 13 309 4 164
108 -13 310 4 165
110 13 260 14 166
109 -13 263 4 167
111 0 154 14 168
112 0 202 14 169
112 0 168 4 170
114 0 190 14 171
114 0 180 14 172
125 13 168 4 173
124 -13 169 4 174
125 0 268 4 175
128 0 315 4 176
129 0 149 4 177
139 13 130 4 178
139 -13 131 4 179
144 13 264 14 180
144 -13 265 14 181
145 13 312 14 182
145 -13 313 14 183
148 0 113 4 184
164 13 101 4 185
163 -13 99 4 186
165 0 265 4 187
167 0 316 4 188
177 0 89 4 189
182 13 262 4 190
182 -13 260 4 191
187 13 190 14 192
189 -13 191 4 193
187 13 214 4 194
188 -13 216 14 195
188 13 315 4 196
187 -13 310 4 197
189 13 84 14 198
190 -13 83 4 199
194 13 233 14 200
192 -13 233 4 201
195 13 172 4 202
197 -13 172 4 203
205 0 201 4 204
201 13 249 4 205
202 -13 249 14 206
207 0 182 4 207
205 0 226 14 208
206 0 268 4 209
208 0 75 4 210
211 13 215 14 211
211 -13 214 4 212
212 13 193 14 213
209 -13 192 4 214
209 0 316 4 215
209 13 151 4 216
209 -13 150 14 217
214 0 248 4 218
214 0 166 4 219
216 13 179 14 220
217 -13 179 14 221
216 0 256 4 222
219 13 242 4 223
220 -13 242 4 224
231 13 170 14 225
228 -13 168 4 226
230 13 269 4 227
229 -13 269 4 228
234 0 152 14 229
226 13 311 14 230
230 -13 316 4 231
228 13 74 4 232
231 -13 71 4 233
239 13 139 14 234
239 -13 140 14 235
244 13 161 14 236
244 -13 160 14 237
252 0 148 14 238
251 0 266 4 239
248 0 70 4 240
253 0 316 4 241
261 13 164 4 242
261 -13 164 4 243
262 13 144 4 244
262 -13 145 4 245
267 13 266 4 246
267 -13 267 4 247
266 13 312 14 248
266 -13 311 14 249
271 0 156 4 250
274 13 74 4 251
275 -13 74 4 252
279 13 151 14 253
279 -13 152 4 254
278 13 171 14 255
279 -13 171 14 256
285 0 316 4 257
292 0 162 14 258
292 0 269 4 259
292 0 86 4 260
296 0 97 4 261
294 0 87 4 262
294 0 61 4 263
297 0 92 4 264
300 13 160 14 265
301 -13 159 4 266
304 0 167 4 267
302 13 178 14 268
303 -13 177 4 269
299 0 81 4 270
304 0 105 4 271
301 0 95 14 272
305 0 100 14 273
308 0 74 4 274
305 13 311 4 275
306 -13 312 14 276
308 0 90 4 277
307 0 82 4 278
309 13 266 14 279
309 -13 265 4 280
312 0 102 14 281
313 0 114 14 282
313 0 97 4 283
315 0 108 14 284
314 0 86 14 285
316 0 160 14 286
313 13 52 4 287
312 -13 55 4 288
317 0 72 4 289
315 0 93 4 290
319 13 142 4 291
319 -13 142 14 292
326 0 102 4 293
324 0 76 4 294
325 0 99 4 295
324 0 95 4 296
325 13 164 14 297
326 -13 164 4 298
327 0 85 4 299
326 0 316 4 300
336 0 137 4 301
333 0 99 4 302
334 0 268 14 303
332 13 126 14 304
334 -13 125 14 305
340 0 90 4 306
335 0 49 14 307
346 13 147 14 308
346 -13 148 14 309
352 0 128 4 310
344 13 266 4 311
346 -13 267 14 312
344 13 312 14 313
347 -13 316 4 314
348 13 78 4 315
347 -13 79 4 316
349 13 69 14 317
350 -13 67 4 318
351 13 83 4 319
353 -13 80 4 320
358 13 117 14 321
359 -13 117 4 322
361 13 143 14 323
362 -13 142 14 324
362 13 85 14 325
362 -13 84 14 326
357 13 62 14 327
355 -13 64 4 328
358 13 48 14 329
358 -13 49 4 330
368 13 90 4 331
368 -13 88 4 332
369 13 99 4 333
370 -13 96 4 334
362 13 65 4 335
370 -13 58 4 336
368 0 272 4 337
366 0 315 4 338
375 0 123 4 339
375 13 62 4 340
377 -13 62 4 341
376 13 93 14 342
376 -13 94 4 343
378 13 70 4 344
378 -13 71 14 345
375 13 257 14 346
371 -13 256 4 347
381 13 140 4 348
381 -13 140 14 349
381 13 93 14 350
382 -13 91 14 351
384 13 117 14 352
384 -13 116 4 353
375 13 267 4 354
382 -13 271 4 355
386 13 67 4 356
388 -13 62 4 357
388 13 90 14 358
387 -13 91 4 359
