360
-85 0 297 4 0
-82 0 275 4 1
-84 12 275 4 2
-84 -12 277 4 3
-84 12 302 4 4
-84 -12 304 4 5
-82 12 248 4 6
-82 -12 251 4 7
-68 0 255 14 8
-67 0 309 4 9
-71 0 142 4 10
-68 12 130 4 11
-66 -12 128 4 12
-58 0 117 4 13
-58 12 256 14 14
-58 -12 255 4 15
-52 0 140 14 16
-51 0 259 4 17
-52 12 301 14 18
-53 -12 309 4 19
-51 12 128 4 20
-47 -12 128 4 21
-46 0 240 14 22
-46 0 255 4 23
-41 0 240 4 24
-40 0 117 4 25
-42 12 245 14 26
-42 -12 247 14 27
-37 0 139 4 28
-37 0 222 14 29
-36 12 253 14 30
-37 -12 250 14 31
-35 12 232 4 32
-35 -12 235 4 33
-31 0 214 4 34
-25 0 309 4 35
-33 12 131 4 36
-34 -12 134 14 37
-29 0 202 14 38
-31 12 221 4 39
-30 -12 224 14 40
-28 0 259 4 41
-25 0 247 14 42
-23 12 219 4 43
-25 -12 215 4 44
-24 0 117 4 45
-23 0 192 4 46
-24 0 141 4 47
-20 0 241 4 48
-19 0 180 14 49
-18 12 203 4 50
-19 -12 204 14 51
-16 0 263 4 52
-20 12 133 4 53
-22 -12 135 14 54
-15 0 230 4 55
-6 12 310 4 56
-3 -12 303 14 57
-13 0 168 4 58
-17 12 189 4 59
-16 -12 190 14 60
-13 0 218 14 61
-9 0 154 4 62
-12 12 178 4 63
-9 -12 179 14 64
-6 0 117 4 65
-6 0 208 4 66
-7 12 167 4 67
-12 -12 165 4 68
-6 12 128 4 69
-11 -12 135 4 70
-6 0 141 4 71
1 12 264 4 72
7 -12 255 14 73
-3 0 197 4 74
-3 0 218 4 75
-6 12 156 14 76
-4 -12 156 14 77
2 0 185 4 78
0 12 200 14 79
8 -12 200 4 80
15 12 148 14 81
-1 -12 144 4 82
6 0 171 4 83
13 0 224 14 84
11 0 190 4 85
12 0 117 4 86
14 12 128 4 87
9 -12 128 4 88
18 0 309 4 89
18 0 159 4 90
20 12 211 14 91
19 -12 212 4 92
18 0 264 4 93
16 0 203 14 94
23 0 150 4 95
22 0 235 14 96
27 0 138 14 97
30 12 217 4 98
30 -12 218 4 99
27 0 212 14 100
30 0 151 14 101
29 0 118 4 102
34 12 139 4 103
35 -12 140 4 104
34 12 255 4 105
34 -12 258 4 106
38 12 297 14 107
39 -12 302 14 108
37 0 120 4 109
37 0 218 14 110
37 0 239 4 111
43 12 225 14 112
44 -12 224 4 113
42 0 142 4 114
46 12 135 14 115
44 -12 133 4 116
50 0 264 4 117
51 0 118 4 118
51 0 220 4 119
54 0 236 14 120
58 0 310 4 121
58 0 141 14 122
59 12 131 4 123
61 -12 128 4 124
61 12 224 4 125
59 -12 222 14 126
64 0 118 4 127
66 0 216 4 128
68 12 264 4 129
68 -12 256 4 130
77 12 303 4 131
76 -12 303 14 132
68 0 243 4 133
71 12 135 4 134
72 -12 136 4 135
71 0 147 14 136
75 12 219 4 137
75 -12 221 14 138
79 0 122 4 139
79 0 212 14 140
80 12 143 4 141
87 -12 138 4 142
82 0 157 4 143
84 0 234 14 144
87 0 265 4 145
86 0 201 4 146
93 0 309 4 147
90 0 129 4 148
88 12 211 4 149
88 -12 217 4 150
87 0 169 4 151
90 0 186 14 152
91 12 154 4 153
89 -12 153 4 154
100 0 223 14 155
99 12 201 4 156
97 -12 201 14 157
107 0 141 4 158
108 12 168 14 159
105 -12 170 4 160
101 12 186 4 161
108 -12 184 4 162
107 0 213 14 163
111 12 299 4 164
111 -12 300 4 165
112 12 254 14 166
111 -12 257 4 167
113 0 154 14 168
114 0 199 14 169
113 0 168 4 170
115 0 189 14 171
114 0 180 14 172
128 12 167 4 173
126 -12 169 4 174
125 0 265 4 175
129 0 308 4 176
130 0 149 4 177
140 12 131 4 178
140 -12 133 4 179
144 12 258 14 180
144 -12 260 14 181
145 12 304 14 182
145 -12 305 14 183
148 0 113 4 184
163 12 104 4 185
162 -12 101 4 186
164 0 260 4 187
165 0 309 4 188
176 0 92 4 189
180 12 256 4 190
180 -12 253 4 191
184 12 188 14 192
188 -12 190 4 193
184 12 210 4 194
186 -12 212 14 195
186 12 308 4 196
184 -12 301 4 197
187 12 90 14 198
188 -12 88 4 199
191 12 229 14 200
190 -12 229 4 201
192 12 171 4 202
196 -12 172 4 203
205 0 200 4 204
198 12 244 4 205
199 -12 244 14 206
207 0 182 4 207
203 0 223 14 208
204 0 266 4 209
206 0 78 4 210
210 12 213 14 211
209 -12 212 4 212
210 12 192 14 213
206 -12 190 4 214
207 0 309 4 215
205 12 152 4 216
205 -12 149 14 217
214 0 247 4 218
213 0 166 4 219
213 12 179 14 220
215 -12 179 14 221
213 0 252 4 222
216 12 237 4 223
217 -12 238 4 224
231 12 171 14 225
226 -12 168 4 226
230 12 267 4 227
228 -12 267 4 228
234 0 152 14 229
222 12 302 14 230
227 -12 309 4 231
223 12 80 4 232
228 -12 75 4 233
238 12 139 14 234
238 -12 141 14 235
243 12 163 14 236
243 -12 161 14 237
252 0 149 14 238
250 0 262 4 239
245 0 74 4 240
252 0 310 4 241
259 12 166 4 242
260 -12 166 4 243
260 12 146 4 244
260 -12 148 4 245
265 12 260 4 246
264 -12 262 4 247
263 12 303 14 248
263 -12 301 14 249
270 0 157 4 250
269 12 77 4 251
271 -12 77 4 252
277 12 153 14 253
277 -12 155 4 254
276 12 173 14 255
277 -12 173 14 256
282 0 310 4 257
292 0 162 14 258
290 0 267 4 259
289 0 89 4 260
293 0 101 4 261
290 0 93 4 262
290 0 66 4 263
292 0 97 4 264
297 12 163 14 265
298 -12 161 4 266
304 0 168 4 267
300 12 179 14 268
301 -12 177 4 269
295 0 86 4 270
302 0 107 4 271
297 0 100 14 272
301 0 105 14 273
305 0 77 4 274
301 12 302 4 275
301 -12 303 14 276
304 0 96 4 277
302 0 88 4 278
305 12 262 14 279
305 -12 260 4 280
309 0 106 14 281
310 0 118 14 282
310 0 101 4 283
313 0 111 14 284
310 0 91 14 285
314 0 162 14 286
308 12 57 4 287
306 -12 62 4 288
314 0 76 4 289
310 0 100 4 290
316 12 145 4 291
315 -12 146 14 292
325 0 103 4 293
321 0 80 4 294
323 0 103 4 295
320 0 100 4 296
322 12 167 14 297
324 -12 166 4 298
324 0 90 4 299
322 0 309 4 300
336 0 137 4 301
330 0 103 4 302
330 0 264 14 303
327 12 131 14 304
330 -12 129 14 305
339 0 93 4 306
328 0 58 14 307
345 12 150 14 308
345 -12 151 14 309
351 0 130 4 310
338 12 261 4 311
341 -12 263 14 312
338 12 303 14 313
342 -12 309 4 314
341 12 87 4 315
340 -12 88 4 316
341 12 79 14 317
344 -12 76 4 318
345 12 90 4 319
349 -12 87 4 320
356 12 121 14 321
358 -12 122 4 322
358 12 147 14 323
361 -12 145 14 324
360 12 91 14 325
360 -12 90 14 326
352 12 69 14 327
348 -12 74 4 328
351 12 57 14 329
350 -12 58 4 330
366 12 96 4 331
366 -12 93 4 332
367 12 106 4 333
369 -12 101 4 334
356 12 73 4 335
367 -12 63 4 336
365 0 269 4 337
360 0 308 4 338
374 0 125 4 339
373 12 67 4 340
375 -12 67 4 341
374 12 99 14 342
374 -12 100 4 343
376 12 76 4 344
376 -12 78 14 345
372 12 253 14 346
365 -12 252 4 347
380 12 144 4 348
380 -12 143 14 349
378 12 100 14 350
380 -12 97 14 351
381 12 123 14 352
382 -12 122 4 353
368 12 261 4 354
379 -12 268 4 355
384 12 74 4 356
386 -12 67 4 357
386 12 98 14 358
384 -12 98 4 359
