360
-87 0 286 4 0
-83 0 268 4 1
-87 9 258 4 2
-87 -9 262 4 3
-87 9 284 4 4
-87 -9 287 4 5
-85 9 232 4 6
-85 -9 236 4 7
-69 0 244 14 8
-68 0 295 4 9
-76 0 144 4 10
-74 9 130 4 11
-70 -9 126 4 12
-59 0 118 4 13
-60 9 245 14 14
-59 -9 242 4 15
-52 0 140 14 16
-51 0 254 4 17
-54 9 281 14 18
-55 -9 295 4 19
-56 9 126 4 20
-48 -9 126 4 21
-46 0 232 14 22
-48 0 242 4 23
-41 0 239 4 24
-41 0 118 4 25
-45 9 231 14 26
-45 -9 234 14 27
-38 0 139 4 28
-37 0 217 14 29
-39 9 239 14 30
-41 -9 234 14 31
-38 9 221 4 32
-36 -9 226 4 33
-31 0 213 4 34
-20 0 295 4 35
-36 9 132 4 36
-38 -9 137 14 37
-29 0 201 14 38
-35 9 211 4 39
-32 -9 215 14 40
-29 0 254 4 41
-25 0 241 14 42
-23 9 217 4 43
-27 -9 210 4 44
-26 0 118 4 45
-23 0 190 4 46
-27 0 143 4 47
-20 0 240 4 48
-19 0 179 14 49
-18 9 200 4 50
-20 -9 202 14 51
-15 0 258 4 52
-24 9 136 4 53
-28 -9 140 14 54
-16 0 228 4 55
-1 9 296 4 56
5 -9 285 14 57
-13 0 168 4 58
-21 9 185 4 59
-19 -9 187 14 60
-14 0 215 14 61
-11 0 154 4 62
-15 9 177 4 63
-10 -9 179 14 64
-7 0 118 4 65
-7 0 206 4 66
-9 9 167 4 67
-18 -9 165 4 68
-9 9 126 4 69
-17 -9 138 4 70
-10 0 142 4 71
3 9 259 4 72
15 -9 242 14 73
-4 0 195 4 74
-5 0 217 4 75
-12 9 157 14 76
-8 -9 157 14 77
0 0 184 4 78
-3 9 197 14 79
12 -9 197 4 80
21 9 152 14 81
-6 -9 145 4 82
4 0 171 4 83
16 0 218 14 84
13 0 189 4 85
12 0 118 4 86
15 9 126 4 87
8 -9 126 4 88
23 0 295 4 89
22 0 160 4 90
26 9 205 14 91
23 -9 207 4 92
21 0 259 4 93
17 0 201 14 94
27 0 152 4 95
24 0 231 14 96
31 0 140 14 97
35 9 208 4 98
35 -9 210 4 99
29 0 207 14 100
34 0 152 14 101
30 0 119 4 102
38 9 141 4 103
40 -9 143 4 104
38 9 243 4 105
38 -9 247 4 106
43 9 274 14 107
46 -9 283 14 108
39 0 120 4 109
39 0 214 14 110
38 0 234 4 111
46 9 218 14 112
47 -9 216 4 113
43 0 143 4 114
50 9 140 14 115
46 -9 136 4 116
51 0 259 4 117
51 0 119 4 118
53 0 215 4 119
57 0 226 14 120
64 0 296 4 121
60 0 142 14 122
61 9 132 4 123
64 -9 126 4 124
63 9 214 4 125
61 -9 212 14 126
64 0 119 4 127
68 0 211 4 128
70 9 259 4 129
71 -9 244 4 130
86 9 284 4 131
85 -9 284 14 132
68 0 242 4 133
72 9 135 4 134
73 -9 137 4 135
70 0 148 14 136
76 9 211 4 137
76 -9 214 14 138
81 0 122 4 139
79 0 211 14 140
80 9 145 4 141
91 -9 134 4 142
82 0 156 4 143
85 0 230 14 144
90 0 260 4 145
86 0 201 4 146
99 0 295 4 147
91 0 127 4 148
89 9 204 4 149
89 -9 215 4 150
85 0 169 4 151
90 0 185 14 152
91 9 155 4 153
86 -9 154 4 154
104 0 218 14 155
100 9 197 4 156
97 -9 198 14 157
114 0 142 4 158
115 9 166 14 159
110 -9 170 4 160
101 9 184 4 161
114 -9 180 4 162
112 0 208 14 163
117 9 278 4 164
116 -9 279 4 165
117 9 240 14 166
115 -9 246 4 167
118 0 154 14 168
119 0 194 14 169
114 0 168 4 170
117 0 186 14 171
115 0 179 14 172
132 9 165 4 173
130 -9 168 4 174
126 0 260 4 175
131 0 295 4 176
131 0 149 4 177
142 9 133 4 178
143 -9 136 4 179
144 9 245 14 180
144 -9 249 14 181
145 9 286 14 182
145 -9 288 14 183
147 0 115 4 184
162 9 110 4 185
160 -9 104 4 186
162 0 251 4 187
163 0 295 4 188
174 0 97 4 189
175 9 243 4 190
175 -9 238 4 191
180 9 184 14 192
186 -9 187 4 193
178 9 201 4 194
182 -9 204 14 195
182 9 295 4 196
178 -9 281 4 197
181 9 101 14 198
184 -9 97 4 199
187 9 219 14 200
184 -9 219 4 201
188 9 170 4 202
194 -9 171 4 203
204 0 198 4 204
191 9 233 4 205
193 -9 234 14 206
206 0 181 4 207
199 0 218 14 208
201 0 260 4 209
200 0 86 4 210
207 9 210 14 211
205 -9 207 4 212
207 9 189 14 213
200 -9 186 4 214
201 0 295 4 215
197 9 153 4 216
198 -9 149 14 217
213 0 245 4 218
210 0 165 4 219
208 9 178 14 220
211 -9 178 14 221
206 0 241 4 222
208 9 228 4 223
211 -9 228 4 224
231 9 175 14 225
222 -9 169 4 226
230 9 261 4 227
226 -9 261 4 228
234 0 153 14 229
213 9 283 14 230
221 -9 295 4 231
214 9 91 4 232
222 -9 83 4 233
237 9 140 14 234
237 -9 142 14 235
241 9 166 14 236
241 -9 162 14 237
251 0 149 14 238
248 0 253 4 239
237 0 83 4 240
250 0 296 4 241
255 9 171 4 242
257 -9 171 4 243
256 9 151 4 244
256 -9 155 4 245
260 9 249 4 246
260 -9 252 4 247
257 9 286 14 248
257 -9 282 14 249
268 0 160 4 250
259 9 85 4 251
263 -9 85 4 252
273 9 158 14 253
272 -9 162 4 254
271 9 177 14 255
273 -9 177 14 256
276 0 296 4 257
291 0 163 14 258
286 0 261 4 259
284 0 94 4 260
288 0 108 4 261
281 0 104 4 262
280 0 76 4 263
282 0 109 4 264
291 9 169 14 265
294 -9 166 4 266
302 0 169 4 267
295 9 181 14 268
298 -9 179 4 269
287 0 97 4 270
297 0 113 4 271
289 0 112 14 272
293 0 116 14 273
298 0 85 4 274
291 9 283 4 275
291 -9 286 14 276
295 0 107 4 277
292 0 101 4 278
296 9 251 14 279
296 -9 249 4 280
303 0 113 14 281
304 0 125 14 282
302 0 111 4 283
308 0 118 14 284
303 0 101 14 285
309 0 166 14 286
297 9 69 4 287
293 -9 77 4 288
308 0 84 4 289
299 0 114 4 290
310 9 152 4 291
308 -9 153 14 292
323 0 106 4 293
316 0 87 4 294
318 0 110 4 295
313 0 110 4 296
316 9 172 14 297
319 -9 171 4 298
317 0 98 4 299
315 0 295 4 300
336 0 139 4 301
325 0 111 4 302
323 0 256 14 303
317 9 140 14 304
322 -9 138 14 305
336 0 98 4 306
315 0 75 14 307
343 9 155 14 308
343 -9 158 14 309
350 0 134 4 310
326 9 249 4 311
331 -9 252 14 312
325 9 285 14 313
333 -9 295 4 314
327 9 105 4 315
325 -9 107 4 316
326 9 98 14 317
331 -9 93 4 318
332 9 107 4 319
339 -9 100 4 320
352 9 130 14 321
355 -9 131 4 322
354 9 156 14 323
359 -9 153 14 324
355 9 105 14 325
355 -9 102 14 326
340 9 86 14 327
333 -9 93 4 328
337 9 77 14 329
335 -9 78 4 330
361 9 107 4 331
361 -9 102 4 332
362 9 120 4 333
365 -9 112 4 334
341 9 92 4 335
361 -9 74 4 336
357 0 263 4 337
350 0 295 4 338
373 0 128 4 339
368 9 77 4 340
372 -9 77 4 341
369 9 111 14 342
369 -9 114 4 343
372 9 89 4 344
371 -9 91 14 345
364 9 245 14 346
352 -9 243 4 347
377 9 152 4 348
378 -9 150 14 349
372 9 115 14 350
375 -9 109 14 351
377 9 136 14 352
377 -9 134 4 353
353 9 250 4 354
373 -9 262 4 355
379 9 90 4 356
383 -9 77 4 357
381 9 112 14 358
379 -9 113 4 359
