360
-86 0 290 4 0
-82 0 271 4 1
-86 10 264 4 2
-86 -10 267 4 3
-86 10 290 4 4
-86 -10 293 4 5
-84 10 238 4 6
-84 -10 241 4 7
-69 0 248 14 8
-68 0 300 4 9
-74 0 144 4 10
-72 10 130 4 11
-69 -10 127 4 12
-59 0 118 4 13
-59 10 249 14 14
-59 -10 246 4 15
-52 0 140 14 16
-51 0 256 4 17
-53 10 288 14 18
-54 -10 300 4 19
-54 10 127 4 20
-48 -10 127 4 21
-46 0 234 14 22
-47 0 247 4 23
-41 0 240 4 24
-40 0 118 4 25
-44 10 236 14 26
-44 -10 239 14 27
-37 0 139 4 28
-37 0 218 14 29
-38 10 244 14 30
-39 -10 239 14 31
-37 10 225 4 32
-36 -10 229 4 33
-31 0 213 4 34
-22 0 300 4 35
-35 10 132 4 36
-36 -10 136 14 37
-29 0 201 14 38
-33 10 215 4 39
-31 -10 218 14 40
-28 0 256 4 41
-25 0 243 14 42
-23 10 218 4 43
-26 -10 211 4 44
-25 0 118 4 45
-23 0 191 4 46
-26 0 143 4 47
-20 0 240 4 48
-19 0 180 14 49
-18 10 201 4 50
-20 -10 203 14 51
-15 0 260 4 52
-23 10 135 4 53
-26 -10 138 14 54
-15 0 228 4 55
-2 10 301 4 56
3 -10 291 14 57
-13 0 168 4 58
-20 10 187 4 59
-18 -10 188 14 60
-13 0 216 14 61
-10 0 154 4 62
-14 10 177 4 63
-10 -10 179 14 64
-7 0 118 4 65
-6 0 207 4 66
-8 10 167 4 67
-16 -10 165 4 68
-8 10 127 4 69
-15 -10 137 4 70
-8 0 142 4 71
2 10 261 4 72
12 -10 246 14 73
-4 0 196 4 74
-4 0 217 4 75
-10 10 157 14 76
-6 -10 156 14 77
1 0 184 4 78
-2 10 198 14 79
11 -10 198 4 80
19 10 150 14 81
-5 -10 145 4 82
4 0 171 4 83
15 0 220 14 84
12 0 189 4 85
12 0 118 4 86
15 10 127 4 87
8 -10 127 4 88
22 0 300 4 89
20 0 160 4 90
24 10 207 14 91
22 -10 209 4 92
20 0 261 4 93
17 0 201 14 94
26 0 151 4 95
23 0 232 14 96
30 0 139 14 97
33 10 211 4 98
33 -10 213 4 99
28 0 209 14 100
32 0 152 14 101
29 0 118 4 102
37 10 140 4 103
38 -10 142 4 104
37 10 247 4 105
36 -10 251 4 106
41 10 282 14 107
44 -10 290 14 108
38 0 120 4 109
38 0 215 14 110
37 0 236 4 111
45 10 221 14 112
46 -10 218 4 113
43 0 143 4 114
49 10 138 14 115
45 -10 135 4 116
51 0 261 4 117
51 0 118 4 118
52 0 217 4 119
56 0 230 14 120
62 0 301 4 121
59 0 141 14 122
60 10 132 4 123
62 -10 127 4 124
63 10 217 4 125
60 -10 215 14 126
64 0 118 4 127
67 0 213 4 128
69 10 261 4 129
70 -10 248 4 130
83 10 291 4 131
82 -10 291 14 132
68 0 242 4 133
71 10 135 4 134
73 -10 137 4 135
70 0 148 14 136
76 10 214 4 137
76 -10 216 14 138
80 0 122 4 139
79 0 211 14 140
80 10 144 4 141
90 -10 135 4 142
82 0 157 4 143
84 0 231 14 144
89 0 261 4 145
86 0 201 4 146
97 0 300 4 147
91 0 128 4 148
88 10 207 4 149
89 -10 216 4 150
85 0 169 4 151
90 0 186 14 152
91 10 155 4 153
87 -10 154 4 154
103 0 220 14 155
100 10 198 4 156
97 -10 199 14 157
112 0 142 4 158
113 10 167 14 159
108 -10 170 4 160
101 10 184 4 161
112 -10 181 4 162
110 0 210 14 163
115 10 285 4 164
114 -10 286 4 165
115 10 244 14 166
113 -10 250 4 167
116 0 154 14 168
117 0 196 14 169
113 0 168 4 170
117 0 187 14 171
115 0 179 14 172
131 10 166 4 173
128 -10 168 4 174
126 0 261 4 175
131 0 299 4 176
131 0 149 4 177
141 10 132 4 178
142 -10 135 4 179
144 10 250 14 180
144 -10 252 14 181
145 10 292 14 182
145 -10 294 14 183
147 0 114 4 184
162 10 108 4 185
161 -10 103 4 186
162 0 254 4 187
164 0 300 4 188
175 0 95 4 189
176 10 248 4 190
176 -10 243 4 191
181 10 185 14 192
186 -10 188 4 193
180 10 204 4 194
183 -10 207 14 195
183 10 299 4 196
180 -10 288 4 197
183 10 97 14 198
185 -10 94 4 199
188 10 223 14 200
186 -10 222 4 201
189 10 170 4 202
195 -10 172 4 203
205 0 199 4 204
193 10 237 4 205
195 -10 237 14 206
207 0 182 4 207
201 0 219 14 208
202 0 262 4 209
202 0 83 4 210
208 10 211 14 211
207 -10 209 4 212
208 10 190 14 213
202 -10 188 4 214
203 0 300 4 215
200 10 153 4 216
200 -10 149 14 217
213 0 246 4 218
211 0 166 4 219
210 10 179 14 220
212 -10 178 14 221
208 0 245 4 222
211 10 231 4 223
213 -10 231 4 224
231 10 174 14 225
224 -10 169 4 226
230 10 263 4 227
227 -10 263 4 228
234 0 153 14 229
216 10 289 14 230
223 -10 300 4 231
217 10 87 4 232
224 -10 81 4 233
237 10 140 14 234
238 -10 142 14 235
242 10 165 14 236
242 -10 162 14 237
252 0 149 14 238
248 0 256 4 239
240 0 80 4 240
251 0 301 4 241
257 10 170 4 242
258 -10 169 4 243
258 10 149 4 244
258 -10 153 4 245
262 10 253 4 246
261 -10 256 4 247
259 10 292 14 248
259 -10 289 14 249
268 0 159 4 250
263 10 83 4 251
266 -10 83 4 252
274 10 156 14 253
274 -10 160 4 254
273 10 176 14 255
275 -10 176 14 256
278 0 301 4 257
291 0 162 14 258
288 0 263 4 259
286 0 92 4 260
289 0 106 4 261
284 0 100 4 262
283 0 73 4 263
286 0 105 4 264
293 10 167 14 265
295 -10 165 4 266
303 0 169 4 267
297 10 180 14 268
299 -10 179 4 269
290 0 93 4 270
299 0 111 4 271
292 0 108 14 272
296 0 112 14 273
301 0 83 4 274
294 10 289 4 275
295 -10 292 14 276
298 0 103 4 277
296 0 97 4 278
299 10 255 14 279
299 -10 253 4 280
305 0 111 14 281
306 0 123 14 282
305 0 108 4 283
310 0 115 14 284
305 0 98 14 285
311 0 165 14 286
301 10 65 4 287
298 -10 72 4 288
310 0 81 4 289
303 0 109 4 290
312 10 149 4 291
311 -10 151 14 292
323 0 105 4 293
318 0 85 4 294
319 0 107 4 295
315 0 106 4 296
318 10 171 14 297
321 -10 169 4 298
319 0 95 4 299
318 0 300 4 300
336 0 138 4 301
326 0 109 4 302
326 0 259 14 303
321 10 137 14 304
325 -10 135 14 305
337 0 96 4 306
320 0 69 14 307
343 10 153 14 308
343 -10 156 14 309
350 0 133 4 310
330 10 253 4 311
334 -10 256 14 312
329 10 291 14 313
336 -10 300 4 314
332 10 99 4 315
330 -10 100 4 316
331 10 92 14 317
335 -10 87 4 318
337 10 101 4 319
342 -10 96 4 320
353 10 127 14 321
356 -10 128 4 322
355 10 153 14 323
359 -10 151 14 324
357 10 100 14 325
357 -10 98 14 326
344 10 80 14 327
338 -10 87 4 328
342 10 70 14 329
340 -10 71 4 330
363 10 103 4 331
363 -10 99 4 332
364 10 115 4 333
366 -10 108 4 334
346 10 85 4 335
363 -10 70 4 336
360 0 265 4 337
353 0 299 4 338
374 0 127 4 339
370 10 73 4 340
373 -10 73 4 341
371 10 107 14 342
370 -10 109 4 343
373 10 84 4 344
373 -10 87 14 345
367 10 248 14 346
357 -10 246 4 347
378 10 149 4 348
378 -10 148 14 349
374 10 110 14 350
377 -10 105 14 351
378 10 131 14 352
379 -10 130 4 353
358 10 254 4 354
375 -10 264 4 355
381 10 84 4 356
384 -10 73 4 357
383 10 107 14 358
380 -10 108 4 359
