360
-87 0 284 4 0
-83 0 267 4 1
-87 9 256 4 2
-87 -9 260 4 3
-87 9 282 4 4
-87 -9 286 4 5
-85 9 230 4 6
-85 -9 234 4 7
-69 0 243 14 8
-69 0 294 4 9
-76 0 144 4 10
-74 9 130 4 11
-70 -9 126 4 12
-59 0 118 4 13
-60 9 244 14 14
-59 -9 241 4 15
-52 0 140 14 16
-51 0 254 4 17
-54 9 279 14 18
-55 -9 294 4 19
-56 9 126 4 20
-48 -9 126 4 21
-46 0 231 14 22
-48 0 241 4 23
-41 0 239 4 24
-41 0 118 4 25
-45 9 230 14 26
-45 -9 233 14 27
-38 0 139 4 28
-37 0 216 14 29
-39 9 238 14 30
-41 -9 232 14 31
-38 9 220 4 32
-37 -9 225 4 33
-31 0 213 4 34
-19 0 294 4 35
-36 9 132 4 36
-38 -9 137 14 37
-29 0 201 14 38
-35 9 210 4 39
-32 -9 214 14 40
-29 0 254 4 41
-25 0 241 14 42
-23 9 217 4 43
-27 -9 209 4 44
-26 0 118 4 45
-23 0 190 4 46
-27 0 144 4 47
-20 0 240 4 48
-19 0 179 14 49
-18 9 200 4 50
-20 -9 202 14 51
-14 0 258 4 52
-25 9 136 4 53
-28 -9 140 14 54
-16 0 227 4 55
0 9 295 4 56
6 -9 283 14 57
-13 0 168 4 58
-21 9 185 4 59
-19 -9 187 14 60
-14 0 215 14 61
-11 0 154 4 62
-15 9 177 4 63
-10 -9 179 14 64
-7 0 118 4 65
-7 0 206 4 66
-9 9 167 4 67
-19 -9 165 4 68
-9 9 126 4 69
-17 -9 139 4 70
-10 0 142 4 71
3 9 258 4 72
15 -9 241 14 73
-4 0 195 4 74
-5 0 217 4 75
-12 9 157 14 76
-8 -9 157 14 77
0 0 184 4 78
-3 9 197 14 79
13 -9 197 4 80
22 9 152 14 81
-7 -9 145 4 82
3 0 171 4 83
16 0 217 14 84
13 0 189 4 85
12 0 118 4 86
16 9 126 4 87
8 -9 126 4 88
24 0 294 4 89
22 0 160 4 90
26 9 204 14 91
24 -9 206 4 92
22 0 258 4 93
17 0 200 14 94
27 0 152 4 95
24 0 230 14 96
31 0 141 14 97
36 9 207 4 98
35 -9 209 4 99
29 0 207 14 100
34 0 152 14 101
30 0 119 4 102
39 9 142 4 103
40 -9 144 4 104
39 9 242 4 105
38 -9 246 4 106
44 9 272 14 107
47 -9 281 14 108
39 0 120 4 109
39 0 214 14 110
38 0 233 4 111
47 9 217 14 112
47 -9 215 4 113
43 0 143 4 114
51 9 140 14 115
46 -9 136 4 116
51 0 258 4 117
51 0 119 4 118
53 0 215 4 119
57 0 225 14 120
64 0 295 4 121
60 0 142 14 122
61 9 132 4 123
64 -9 126 4 124
64 9 213 4 125
61 -9 211 14 126
64 0 119 4 127
68 0 210 4 128
70 9 258 4 129
71 -9 243 4 130
87 9 282 4 131
86 -9 282 14 132
68 0 242 4 133
72 9 135 4 134
73 -9 137 4 135
70 0 148 14 136
76 9 210 4 137
76 -9 213 14 138
81 0 122 4 139
79 0 211 14 140
80 9 145 4 141
92 -9 134 4 142
82 0 156 4 143
85 0 229 14 144
90 0 259 4 145
86 0 201 4 146
99 0 294 4 147
91 0 127 4 148
89 9 204 4 149
89 -9 215 4 150
84 0 169 4 151
90 0 185 14 152
91 9 155 4 153
86 -9 154 4 154
105 0 217 14 155
101 9 197 4 156
97 -9 198 14 157
115 0 142 4 158
116 9 166 14 159
110 -9 170 4 160
101 9 183 4 161
115 -9 180 4 162
112 0 208 14 163
118 9 275 4 164
117 -9 277 4 165
117 9 238 14 166
115 -9 245 4 167
118 0 154 14 168
119 0 194 14 169
114 0 168 4 170
118 0 186 14 171
115 0 179 14 172
133 9 165 4 173
130 -9 168 4 174
127 0 259 4 175
132 0 293 4 176
131 0 149 4 177
142 9 133 4 178
143 -9 137 4 179
144 9 244 14 180
144 -9 248 14 181
145 9 284 14 182
145 -9 286 14 183
147 0 115 4 184
162 9 111 4 185
160 -9 105 4 186
161 0 250 4 187
163 0 294 4 188
174 0 98 4 189
174 9 242 4 190
174 -9 236 4 191
179 9 183 14 192
185 -9 187 4 193
178 9 200 4 194
181 -9 204 14 195
182 9 293 4 196
177 -9 279 4 197
181 9 102 14 198
183 -9 98 4 199
186 9 219 14 200
183 -9 218 4 201
187 9 170 4 202
194 -9 171 4 203
204 0 198 4 204
190 9 232 4 205
193 -9 233 14 206
206 0 181 4 207
199 0 217 14 208
200 0 260 4 209
199 0 87 4 210
207 9 209 14 211
205 -9 207 4 212
207 9 189 14 213
200 -9 186 4 214
200 0 294 4 215
196 9 153 4 216
197 -9 149 14 217
213 0 245 4 218
210 0 165 4 219
207 9 178 14 220
211 -9 178 14 221
205 0 240 4 222
207 9 227 4 223
211 -9 227 4 224
231 9 175 14 225
222 -9 169 4 226
230 9 260 4 227
226 -9 260 4 228
234 0 153 14 229
212 9 281 14 230
220 -9 294 4 231
213 9 93 4 232
221 -9 84 4 233
237 9 140 14 234
237 -9 142 14 235
241 9 166 14 236
241 -9 162 14 237
251 0 149 14 238
247 0 252 4 239
237 0 84 4 240
249 0 295 4 241
255 9 172 4 242
257 -9 171 4 243
256 9 151 4 244
256 -9 156 4 245
260 9 248 4 246
259 -9 251 4 247
257 9 284 14 248
257 -9 280 14 249
267 0 160 4 250
258 9 86 4 251
262 -9 86 4 252
273 9 158 14 253
272 -9 163 4 254
270 9 178 14 255
273 -9 178 14 256
276 0 295 4 257
291 0 163 14 258
286 0 260 4 259
283 0 95 4 260
287 0 109 4 261
280 0 105 4 262
279 0 77 4 263
281 0 110 4 264
290 9 170 14 265
293 -9 167 4 266
302 0 169 4 267
295 9 181 14 268
298 -9 180 4 269
286 0 98 4 270
297 0 114 4 271
288 0 113 14 272
292 0 117 14 273
298 0 86 4 274
290 9 281 4 275
290 -9 284 14 276
294 0 108 4 277
291 0 103 4 278
295 9 250 14 279
295 -9 247 4 280
303 0 114 14 281
304 0 126 14 282
301 0 112 4 283
308 0 118 14 284
302 0 102 14 285
309 0 167 14 286
296 9 70 4 287
292 -9 79 4 288
307 0 85 4 289
298 0 115 4 290
309 9 152 4 291
308 -9 154 14 292
322 0 106 4 293
315 0 88 4 294
317 0 111 4 295
312 0 111 4 296
315 9 173 14 297
319 -9 171 4 298
316 0 99 4 299
314 0 294 4 300
336 0 139 4 301
324 0 112 4 302
322 0 255 14 303
316 9 141 14 304
322 -9 139 14 305
336 0 98 4 306
314 0 76 14 307
342 9 156 14 308
342 -9 159 14 309
349 0 134 4 310
325 9 248 4 311
330 -9 251 14 312
323 9 283 14 313
332 -9 294 4 314
326 9 107 4 315
323 -9 109 4 316
324 9 100 14 317
329 -9 94 4 318
331 9 108 4 319
338 -9 102 4 320
351 9 131 14 321
354 -9 132 4 322
353 9 157 14 323
358 -9 154 14 324
354 9 106 14 325
354 -9 103 14 326
338 9 87 14 327
331 -9 95 4 328
335 9 79 14 329
333 -9 80 4 330
361 9 109 4 331
361 -9 103 4 332
361 9 122 4 333
364 -9 113 4 334
340 9 94 4 335
360 -9 75 4 336
357 0 262 4 337
349 0 293 4 338
373 0 128 4 339
367 9 78 4 340
371 -9 78 4 341
368 9 112 14 342
368 -9 115 4 343
371 9 90 4 344
371 -9 93 14 345
364 9 244 14 346
351 -9 242 4 347
377 9 152 4 348
377 -9 151 14 349
371 9 116 14 350
375 -9 111 14 351
376 9 137 14 352
377 -9 135 4 353
351 9 249 4 354
373 -9 262 4 355
379 9 91 4 356
382 -9 78 4 357
381 9 114 14 358
378 -9 115 4 359
