360
-88 0 281 4 0
-83 0 265 4 1
-88 8 252 4 2
-88 -8 256 4 3
-88 8 277 4 4
-88 -8 281 4 5
-86 8 226 4 6
-86 -8 231 4 7
-69 0 240 14 8
-69 0 290 4 9
-77 0 145 4 10
-76 8 130 4 11
-71 -8 126 4 12
-60 0 118 4 13
-60 8 241 14 14
-60 -8 238 4 15
-52 0 140 14 16
-51 0 253 4 17
-54 8 274 14 18
-56 -8 290 4 19
-57 8 126 4 20
-49 -8 126 4 21
-47 0 229 14 22
-48 0 238 4 23
-41 0 239 4 24
-41 0 118 4 25
-46 8 226 14 26
-46 -8 230 14 27
-38 0 139 4 28
-38 0 215 14 29
-40 8 234 14 30
-42 -8 228 14 31
-39 8 217 4 32
-37 -8 223 4 33
-31 0 213 4 34
-18 0 290 4 35
-37 8 132 4 36
-39 -8 138 14 37
-30 0 200 14 38
-36 8 207 4 39
-33 -8 212 14 40
-29 0 253 4 41
-25 0 239 14 42
-23 8 216 4 43
-27 -8 208 4 44
-26 0 118 4 45
-23 0 190 4 46
-28 0 144 4 47
-20 0 240 4 48
-20 0 179 14 49
-18 8 199 4 50
-20 -8 202 14 51
-14 0 256 4 52
-26 8 137 4 53
-30 -8 141 14 54
-16 0 227 4 55
2 8 291 4 56
8 -8 278 14 57
-13 0 168 4 58
-22 8 184 4 59
-20 -8 186 14 60
-14 0 214 14 61
-11 0 154 4 62
-16 8 177 4 63
-11 -8 179 14 64
-7 0 118 4 65
-7 0 206 4 66
-10 8 167 4 67
-21 -8 165 4 68
-10 8 126 4 69
-19 -8 140 4 70
-11 0 143 4 71
4 8 257 4 72
17 -8 238 14 73
-4 0 195 4 74
-5 0 216 4 75
-14 8 157 14 76
-9 -8 157 14 77
-1 0 184 4 78
-4 8 196 14 79
14 -8 196 4 80
24 8 154 14 81
-8 -8 145 4 82
3 0 171 4 83
17 0 216 14 84
14 0 189 4 85
12 0 118 4 86
16 8 126 4 87
7 -8 126 4 88
25 0 290 4 89
23 0 160 4 90
28 8 202 14 91
25 -8 204 4 92
23 0 257 4 93
18 0 200 14 94
28 0 153 4 95
24 0 229 14 96
32 0 141 14 97
37 8 204 4 98
36 -8 207 4 99
30 0 206 14 100
35 0 152 14 101
30 0 119 4 102
40 8 142 4 103
41 -8 145 4 104
40 8 239 4 105
39 -8 244 4 106
45 8 265 14 107
48 -8 276 14 108
39 0 120 4 109
40 0 213 14 110
38 0 232 4 111
48 8 215 14 112
48 -8 213 4 113
43 0 143 4 114
52 8 141 14 115
47 -8 137 4 116
52 0 257 4 117
52 0 119 4 118
54 0 214 4 119
58 0 223 14 120
66 0 291 4 121
60 0 142 14 122
61 8 132 4 123
65 -8 126 4 124
64 8 211 4 125
61 -8 208 14 126
64 0 119 4 127
69 0 209 4 128
70 8 257 4 129
72 -8 240 4 130
90 8 277 4 131
88 -8 277 14 132
68 0 242 4 133
72 8 135 4 134
73 -8 137 4 135
70 0 148 14 136
77 8 208 4 137
76 -8 212 14 138
82 0 122 4 139
79 0 210 14 140
79 8 145 4 141
93 -8 133 4 142
82 0 156 4 143
85 0 228 14 144
90 0 258 4 145
86 0 201 4 146
100 0 290 4 147
92 0 126 4 148
89 8 202 4 149
90 -8 215 4 150
84 0 169 4 151
90 0 185 14 152
91 8 156 4 153
85 -8 154 4 154
106 0 216 14 155
101 8 196 4 156
97 -8 197 14 157
116 0 143 4 158
117 8 166 14 159
111 -8 170 4 160
101 8 183 4 161
116 -8 180 4 162
113 0 206 14 163
120 8 270 4 164
118 -8 272 4 165
118 8 235 14 166
116 -8 242 4 167
119 0 154 14 168
120 0 192 14 169
114 0 168 4 170
118 0 185 14 171
116 0 179 14 172
134 8 165 4 173
131 -8 168 4 174
127 0 258 4 175
132 0 290 4 176
131 0 149 4 177
142 8 133 4 178
144 -8 138 4 179
144 8 241 14 180
144 -8 245 14 181
145 8 279 14 182
145 -8 282 14 183
146 0 115 4 184
162 8 112 4 185
160 -8 106 4 186
161 0 247 4 187
162 0 290 4 188
173 0 99 4 189
173 8 239 4 190
173 -8 232 4 191
178 8 182 14 192
185 -8 186 4 193
176 8 197 4 194
180 -8 202 14 195
180 8 290 4 196
176 -8 274 4 197
179 8 105 14 198
182 -8 101 4 199
185 8 216 14 200
181 -8 216 4 201
186 8 170 4 202
194 -8 171 4 203
204 0 197 4 204
188 8 229 4 205
191 -8 230 14 206
206 0 181 4 207
198 0 216 14 208
199 0 258 4 209
197 0 89 4 210
206 8 208 14 211
204 -8 206 4 212
206 8 188 14 213
198 -8 185 4 214
199 0 290 4 215
194 8 154 4 216
195 -8 149 14 217
212 0 245 4 218
209 0 165 4 219
206 8 178 14 220
210 -8 177 14 221
203 0 238 4 222
205 8 224 4 223
209 -8 225 4 224
231 8 176 14 225
221 -8 169 4 226
230 8 259 4 227
225 -8 259 4 228
234 0 153 14 229
210 8 276 14 230
220 -8 290 4 231
210 8 96 4 232
220 -8 86 4 233
237 8 140 14 234
237 -8 143 14 235
241 8 167 14 236
241 -8 162 14 237
251 0 149 14 238
247 0 250 4 239
235 0 86 4 240
249 0 291 4 241
254 8 173 4 242
256 -8 172 4 243
255 8 152 4 244
255 -8 157 4 245
258 8 245 4 246
258 -8 248 4 247
255 8 279 14 248
255 -8 275 14 249
267 0 161 4 250
256 8 88 4 251
260 -8 88 4 252
272 8 159 14 253
270 -8 164 4 254
269 8 179 14 255
272 -8 179 14 256
274 0 291 4 257
290 0 163 14 258
285 0 259 4 259
282 0 97 4 260
286 0 111 4 261
277 0 108 4 262
276 0 80 4 263
279 0 113 4 264
289 8 171 14 265
292 -8 168 4 266
302 0 169 4 267
294 8 182 14 268
297 -8 180 4 269
283 0 101 4 270
296 0 115 4 271
286 0 116 14 272
290 0 120 14 273
296 0 88 4 274
288 8 276 4 275
288 -8 279 14 276
292 0 111 4 277
289 0 106 4 278
293 8 248 14 279
293 -8 244 4 280
301 0 116 14 281
302 0 128 14 282
299 0 114 4 283
307 0 120 14 284
300 0 105 14 285
308 0 168 14 286
293 8 73 4 287
288 -8 83 4 288
306 0 87 4 289
295 0 119 4 290
307 8 154 4 291
306 -8 156 14 292
322 0 107 4 293
314 0 90 4 294
316 0 113 4 295
310 0 114 4 296
313 8 174 14 297
318 -8 172 4 298
315 0 102 4 299
312 0 290 4 300
336 0 139 4 301
323 0 114 4 302
320 0 253 14 303
313 8 144 14 304
319 -8 141 14 305
335 0 100 4 306
311 0 81 14 307
342 8 157 14 308
342 -8 160 14 309
349 0 135 4 310
321 8 245 4 311
327 -8 249 14 312
320 8 279 14 313
330 -8 290 4 314
322 8 112 4 315
319 -8 114 4 316
320 8 105 14 317
326 -8 99 4 318
327 8 113 4 319
335 -8 105 4 320
350 8 134 14 321
353 -8 135 4 322
352 8 159 14 323
358 -8 156 14 324
353 8 109 14 325
353 -8 106 14 326
335 8 92 14 327
327 -8 100 4 328
332 8 84 14 329
329 -8 85 4 330
360 8 112 4 331
360 -8 106 4 332
360 8 126 4 333
363 -8 116 4 334
336 8 99 4 335
359 -8 78 4 336
355 0 261 4 337
346 0 290 4 338
373 0 129 4 339
366 8 81 4 340
370 -8 81 4 341
367 8 116 14 342
367 -8 118 4 343
370 8 93 4 344
370 -8 96 14 345
362 8 242 14 346
348 -8 239 4 347
376 8 154 4 348
377 -8 153 14 349
370 8 120 14 350
374 -8 114 14 351
375 8 141 14 352
375 -8 138 4 353
347 8 246 4 354
371 -8 260 4 355
378 8 95 4 356
381 -8 81 4 357
379 8 118 14 358
377 -8 119 4 359
