360
-89 0 276 4 0
-83 0 262 4 1
-89 7 243 4 2
-89 -7 248 4 3
-89 7 268 4 4
-89 -7 273 4 5
-87 7 218 4 6
-87 -7 223 4 7
-70 0 235 14 8
-70 0 284 4 9
-80 0 146 4 10
-78 7 130 4 11
-73 -7 125 4 12
-60 0 118 4 13
-61 7 236 14 14
-60 -7 231 4 15
-52 0 140 14 16
-51 0 251 4 17
-55 7 264 14 18
-57 -7 284 4 19
-60 7 125 4 20
-49 -7 125 4 21
-47 0 224 14 22
-49 0 232 4 23
-41 0 239 4 24
-41 0 118 4 25
-48 7 220 14 26
-47 -7 224 14 27
-38 0 139 4 28
-38 0 212 14 29
-41 7 227 14 30
-43 -7 220 14 31
-40 7 211 4 32
-38 -7 218 4 33
-31 0 212 4 34
-16 0 284 4 35
-39 7 133 4 36
-41 -7 139 14 37
-30 0 199 14 38
-37 7 202 4 39
-34 -7 208 14 40
-29 0 251 4 41
-25 0 236 14 42
-23 7 215 4 43
-28 -7 205 4 44
-27 0 118 4 45
-23 0 189 4 46
-29 0 145 4 47
-20 0 239 4 48
-20 0 179 14 49
-18 7 198 4 50
-21 -7 201 14 51
-13 0 254 4 52
-28 7 138 4 53
-33 -7 143 14 54
-16 0 226 4 55
4 7 284 4 56
12 -7 269 14 57
-13 0 168 4 58
-24 7 183 4 59
-22 -7 185 14 60
-14 0 212 14 61
-12 0 154 4 62
-18 7 176 4 63
-11 -7 179 14 64
-8 0 118 4 65
-7 0 205 4 66
-11 7 168 4 67
-24 -7 164 4 68
-11 7 125 4 69
-22 -7 141 4 70
-12 0 144 4 71
5 7 254 4 72
21 -7 231 14 73
-5 0 194 4 74
-6 0 215 4 75
-17 7 158 14 76
-11 -7 157 14 77
-1 0 183 4 78
-6 7 195 14 79
15 -7 194 4 80
27 7 156 14 81
-11 -7 146 4 82
2 0 172 4 83
19 0 213 14 84
14 0 188 4 85
12 0 118 4 86
17 7 125 4 87
6 -7 125 4 88
28 0 284 4 89
25 0 161 4 90
30 7 199 14 91
27 -7 202 4 92
24 0 254 4 93
18 0 199 14 94
30 0 154 4 95
25 0 227 14 96
34 0 143 14 97
39 7 200 4 98
39 -7 203 4 99
31 0 204 14 100
37 0 153 14 101
30 0 119 4 102
42 7 144 4 103
44 -7 146 4 104
41 7 233 4 105
41 -7 239 4 106
48 7 254 14 107
52 -7 266 14 108
40 0 120 4 109
40 0 211 14 110
38 0 229 4 111
49 7 212 14 112
50 -7 208 4 113
44 0 143 4 114
53 7 143 14 115
48 -7 138 4 116
52 0 254 4 117
52 0 119 4 118
54 0 211 4 119
59 0 218 14 120
69 0 284 4 121
61 0 142 14 122
62 7 133 4 123
66 -7 125 4 124
66 7 206 4 125
62 -7 203 14 126
65 0 119 4 127
69 0 207 4 128
71 7 254 4 129
73 -7 234 4 130
94 7 268 4 131
92 -7 268 14 132
68 0 241 4 133
72 7 136 4 134
74 -7 138 4 135
70 0 148 14 136
77 7 204 4 137
76 -7 208 14 138
82 0 121 4 139
79 0 210 14 140
79 7 146 4 141
95 -7 131 4 142
82 0 156 4 143
85 0 226 14 144
92 0 255 4 145
86 0 200 4 146
103 0 284 4 147
93 0 125 4 148
89 7 199 4 149
90 -7 214 4 150
83 0 169 4 151
90 0 185 14 152
91 7 156 4 153
84 -7 154 4 154
108 0 213 14 155
102 7 194 4 156
97 -7 196 14 157
120 0 143 4 158
121 7 165 14 159
113 -7 170 4 160
101 7 182 4 161
119 -7 178 4 162
115 0 204 14 163
123 7 259 4 164
121 -7 262 4 165
121 7 228 14 166
118 -7 236 4 167
122 0 154 14 168
122 0 190 14 169
114 0 168 4 170
120 0 184 14 171
116 0 178 14 172
136 7 164 4 173
133 -7 167 4 174
127 0 255 4 175
134 0 283 4 176
132 0 149 4 177
143 7 134 4 178
145 -7 139 4 179
144 7 235 14 180
144 -7 239 14 181
145 7 271 14 182
145 -7 274 14 183
146 0 116 4 184
161 7 115 4 185
159 -7 107 4 186
160 0 243 4 187
161 0 284 4 188
172 0 102 4 189
170 7 233 4 190
170 -7 225 4 191
176 7 180 14 192
184 -7 185 4 193
173 7 193 4 194
178 -7 198 14 195
178 7 283 4 196
173 -7 265 4 197
177 7 110 14 198
180 -7 105 4 199
183 7 212 14 200
178 -7 211 4 201
184 7 169 4 202
193 -7 171 4 203
204 0 196 4 204
185 7 224 4 205
188 -7 225 14 206
206 0 181 4 207
196 0 213 14 208
198 0 256 4 209
195 0 93 4 210
204 7 207 14 211
202 -7 203 4 212
204 7 187 14 213
195 -7 183 4 214
196 0 284 4 215
190 7 155 4 216
191 -7 148 14 217
212 0 244 4 218
208 0 165 4 219
203 7 178 14 220
208 -7 177 14 221
200 0 233 4 222
202 7 220 4 223
206 -7 220 4 224
231 7 178 14 225
220 -7 170 4 226
229 7 256 4 227
224 -7 256 4 228
234 0 153 14 229
205 7 266 14 230
217 -7 284 4 231
205 7 102 4 232
217 -7 91 4 233
236 7 140 14 234
237 -7 144 14 235
240 7 168 14 236
240 -7 163 14 237
251 0 150 14 238
245 0 245 4 239
231 0 90 4 240
248 0 284 4 241
252 7 176 4 242
255 -7 175 4 243
253 7 155 4 244
253 -7 160 4 245
256 7 240 4 246
256 -7 244 4 247
252 7 270 14 248
252 -7 265 14 249
266 0 162 4 250
251 7 92 4 251
256 -7 92 4 252
270 7 162 14 253
268 -7 167 4 254
267 7 180 14 255
270 -7 180 14 256
271 0 284 4 257
290 0 163 14 258
283 0 256 4 259
279 0 99 4 260
283 0 115 4 261
273 0 113 4 262
272 0 85 4 263
274 0 119 4 264
286 7 174 14 265
290 -7 171 4 266
301 0 170 4 267
292 7 184 14 268
295 -7 180 4 269
279 0 106 4 270
294 0 118 4 271
282 0 122 14 272
286 0 125 14 273
293 0 92 4 274
283 7 266 4 275
283 -7 270 14 276
288 0 116 4 277
284 0 112 4 278
289 7 243 14 279
289 -7 239 4 280
298 0 120 14 281
299 0 132 14 282
296 0 119 4 283
304 0 123 14 284
296 0 110 14 285
305 0 170 14 286
287 7 79 4 287
282 -7 90 4 288
303 0 91 4 289
290 0 125 4 290
304 7 157 4 291
302 -7 160 14 292
321 0 109 4 293
311 0 94 4 294
313 0 116 4 295
306 0 118 4 296
310 7 177 14 297
315 -7 175 4 298
311 0 106 4 299
308 0 284 4 300
336 0 140 4 301
320 0 119 4 302
317 0 249 14 303
308 7 148 14 304
316 -7 146 14 305
334 0 102 4 306
304 0 89 14 307
341 7 160 14 308
341 -7 163 14 309
348 0 137 4 310
315 7 239 4 311
322 -7 244 14 312
314 7 270 14 313
325 -7 284 4 314
315 7 121 4 315
312 -7 123 4 316
313 7 115 14 317
319 -7 107 4 318
321 7 121 4 319
330 -7 112 4 320
348 7 138 14 321
352 -7 139 4 322
350 7 164 14 323
356 -7 160 14 324
351 7 116 14 325
351 -7 112 14 326
329 7 100 14 327
320 -7 110 4 328
325 7 93 14 329
322 -7 95 4 330
358 7 118 4 331
358 -7 110 4 332
358 7 133 4 333
362 -7 121 4 334
329 7 108 4 335
356 -7 83 4 336
351 0 258 4 337
341 0 283 4 338
373 0 130 4 339
364 7 85 4 340
369 -7 85 4 341
365 7 122 14 342
364 -7 125 4 343
368 7 99 4 344
368 -7 103 14 345
358 7 238 14 346
342 -7 235 4 347
375 7 158 4 348
375 -7 156 14 349
367 7 128 14 350
372 -7 120 14 351
373 7 147 14 352
373 -7 144 4 353
340 7 240 4 354
368 -7 257 4 355
375 7 103 4 356
380 -7 85 4 357
377 7 125 14 358
374 -7 126 4 359
