360
-91 0 261 4 0
-84 0 252 4 1
-92 4 221 4 2
-92 -4 228 4 3
-92 4 245 4 4
-92 -4 252 4 5
-91 4 197 4 6
-91 -4 204 4 7
-71 0 221 14 8
-71 0 266 4 9
-86 0 148 4 10
-85 4 130 4 11
-78 -4 123 4 12
-62 0 119 4 13
-63 4 222 14 14
-62 -4 215 4 15
-52 0 140 14 16
-52 0 245 4 17
-57 4 239 14 18
-59 -4 266 4 19
-65 4 123 4 20
-51 -4 123 4 21
-48 0 214 14 22
-52 0 216 4 23
-41 0 238 4 24
-41 0 119 4 25
-51 4 202 14 26
-51 -4 208 14 27
-40 0 139 4 28
-39 0 206 14 29
-44 4 209 14 30
-47 -4 199 14 31
-43 4 197 4 32
-40 -4 207 4 33
-30 0 210 4 34
-9 0 266 4 35
-42 4 134 4 36
-45 -4 143 14 37
-31 0 198 14 38
-41 4 189 4 39
-36 -4 197 14 40
-30 0 245 4 41
-26 0 228 14 42
-22 4 212 4 43
-30 -4 198 4 44
-29 0 119 4 45
-24 0 188 4 46
-32 0 147 4 47
-20 0 238 4 48
-21 0 178 14 49
-18 4 195 4 50
-22 -4 199 14 51
-12 0 247 4 52
-33 4 141 4 53
-40 -4 149 14 54
-17 0 224 4 55
11 4 266 4 56
23 -4 245 14 57
-13 0 168 4 58
-29 4 180 4 59
-25 -4 182 14 60
-16 0 208 14 61
-14 0 154 4 62
-22 4 174 4 63
-13 -4 178 14 64
-8 0 119 4 65
-8 0 204 4 66
-14 4 168 4 67
-32 -4 164 4 68
-15 4 123 4 69
-30 -4 146 4 70
-16 0 145 4 71
8 4 248 4 72
30 -4 215 14 73
-6 0 193 4 74
-8 0 214 4 75
-24 4 159 14 76
-16 -4 158 14 77
-3 0 182 4 78
-9 4 191 14 79
20 -4 190 4 80
35 4 161 14 81
-18 -4 148 4 82
-1 0 172 4 83
23 0 205 14 84
16 0 187 4 85
12 0 119 4 86
19 4 123 4 87
4 -4 123 4 88
34 0 266 4 89
29 0 162 4 90
37 4 191 14 91
32 -4 194 4 92
28 0 248 4 93
19 0 197 14 94
36 0 157 4 95
28 0 222 14 96
40 0 146 14 97
46 4 188 4 98
45 -4 192 4 99
33 0 198 14 100
41 0 155 14 101
31 0 119 4 102
47 4 147 4 103
50 -4 151 4 104
46 4 217 4 105
45 -4 226 4 106
55 4 224 14 107
60 -4 242 14 108
41 0 120 4 109
42 0 206 14 110
40 0 223 4 111
53 4 202 14 112
54 -4 198 4 113
45 0 144 4 114
58 4 149 14 115
50 -4 141 4 116
54 0 248 4 117
53 0 119 4 118
56 0 205 4 119
63 0 206 14 120
76 0 266 4 121
64 0 142 14 122
65 4 134 4 123
70 -4 123 4 124
69 4 194 4 125
64 -4 189 14 126
65 0 119 4 127
71 0 201 4 128
74 4 248 4 129
76 -4 220 4 130
106 4 244 4 131
103 -4 244 14 132
67 0 239 4 133
73 4 136 4 134
75 -4 140 4 135
69 0 149 14 136
78 4 194 4 137
77 -4 199 14 138
84 0 121 4 139
79 0 209 14 140
78 4 147 4 141
100 -4 127 4 142
82 0 156 4 143
87 0 221 14 144
94 0 248 4 145
86 0 200 4 146
110 0 266 4 147
95 0 123 4 148
90 4 190 4 149
91 -4 211 4 150
80 0 168 4 151
90 0 185 14 152
90 4 157 4 153
81 -4 155 4 154
114 0 207 14 155
104 4 190 4 156
98 -4 192 14 157
128 0 144 4 158
129 4 162 14 159
119 -4 169 4 160
102 4 180 4 161
127 -4 174 4 162
121 0 197 14 163
130 4 232 4 164
128 -4 235 4 165
127 4 210 14 166
123 -4 222 4 167
128 0 154 14 168
128 0 183 14 169
116 0 168 4 170
123 0 181 14 171
118 0 177 14 172
142 4 161 4 173
137 -4 166 4 174
129 0 248 4 175
137 0 266 4 176
133 0 149 4 177
146 4 137 4 178
148 -4 144 4 179
144 4 219 14 180
144 -4 225 14 181
144 4 248 14 182
145 -4 252 14 183
144 0 117 4 184
160 4 123 4 185
156 -4 112 4 186
157 0 230 4 187
158 0 266 4 188
169 0 108 4 189
164 4 216 4 190
164 -4 205 4 191
170 4 176 14 192
181 -4 182 4 193
166 4 181 4 194
173 -4 188 14 195
173 4 266 4 196
165 -4 240 4 197
170 4 124 14 198
175 -4 118 4 199
177 4 200 14 200
171 -4 199 4 201
178 4 167 4 202
190 -4 170 4 203
203 0 193 4 204
176 4 210 4 205
181 -4 211 14 206
205 0 181 4 207
192 0 206 14 208
193 0 248 4 209
187 0 103 4 210
201 4 202 14 211
198 -4 197 4 212
200 4 184 14 213
187 -4 180 4 214
188 0 266 4 215
180 4 156 4 216
181 -4 148 14 217
210 0 241 4 218
204 0 165 4 219
196 4 177 14 220
202 -4 176 14 221
191 0 220 4 222
192 4 207 4 223
198 -4 208 4 224
232 4 181 14 225
216 -4 171 4 226
229 4 249 4 227
222 -4 249 4 228
234 0 154 14 229
192 4 242 14 230
209 -4 266 4 231
192 4 117 4 232
209 -4 101 4 233
235 4 141 14 234
235 -4 145 14 235
237 4 172 14 236
237 -4 165 14 237
250 0 150 14 238
242 0 234 4 239
221 0 101 4 240
244 0 266 4 241
248 4 181 4 242
251 -4 180 4 243
249 4 161 4 244
249 -4 169 4 245
250 4 226 4 246
250 -4 231 4 247
245 4 247 14 248
245 -4 241 14 249
263 0 165 4 250
238 4 102 4 251
245 -4 102 4 252
264 4 168 14 253
262 -4 176 4 254
260 4 186 14 255
265 -4 186 14 256
263 0 266 4 257
289 0 164 14 258
279 0 249 4 259
272 0 107 4 260
276 0 124 4 261
261 0 127 4 262
259 0 98 4 263
262 0 134 4 264
278 4 181 14 265
284 -4 177 4 266
299 0 172 4 267
286 4 188 14 268
291 -4 182 4 269
268 0 119 4 270
288 0 125 4 271
271 0 137 14 272
276 0 139 14 273
284 0 102 4 274
270 4 242 4 275
271 -4 247 14 276
277 0 130 4 277
271 0 129 4 278
278 4 230 14 279
278 -4 224 4 280
291 0 129 14 281
292 0 141 14 282
286 0 131 4 283
298 0 132 14 284
286 0 124 14 285
299 0 176 14 286
273 4 94 4 287
266 -4 110 4 288
295 0 102 4 289
275 0 143 4 290
296 4 166 4 291
294 -4 169 14 292
318 0 113 4 293
304 0 103 4 294
307 0 126 4 295
296 0 131 4 296
302 4 183 14 297
309 -4 180 4 298
303 0 117 4 299
299 0 266 4 300
335 0 141 4 301
313 0 129 4 302
308 0 238 14 303
295 4 161 14 304
306 -4 157 14 305
330 0 109 4 306
288 0 111 14 307
338 4 166 14 308
338 -4 172 14 309
346 0 142 4 310
299 4 224 4 311
309 -4 231 14 312
297 4 247 14 313
313 -4 266 4 314
298 4 145 4 315
292 -4 147 4 316
293 4 140 14 317
302 -4 129 4 318
305 4 141 4 319
318 -4 129 4 320
343 4 150 14 321
348 -4 152 4 322
344 4 175 14 323
353 -4 170 14 324
344 4 133 14 325
344 -4 128 14 326
314 4 120 14 327
300 -4 135 4 328
306 4 118 14 329
302 -4 120 4 330
352 4 133 4 331
352 -4 123 4 332
351 4 151 4 333
357 -4 134 4 334
311 4 131 4 335
348 -4 96 4 336
342 0 250 4 337
327 0 266 4 338
371 0 134 4 339
357 4 98 4 340
364 -4 98 4 341
358 4 137 14 342
358 -4 142 4 343
363 4 115 4 344
362 -4 120 14 345
349 4 227 14 346
326 -4 223 4 347
371 4 168 4 348
372 -4 165 14 349
359 4 147 14 350
366 -4 136 14 351
367 4 164 14 352
367 -4 160 4 353
321 4 226 4 354
360 -4 249 4 355
369 4 122 4 356
375 -4 98 4 357
371 4 144 14 358
367 -4 146 4 359
