360
-89 0 271 4 0
-83 0 259 4 1
-90 6 236 4 2
-90 -6 242 4 3
-90 6 261 4 4
-90 -6 267 4 5
-88 6 212 4 6
-88 -6 218 4 7
-70 0 231 14 8
-70 0 278 4 9
-82 0 146 4 10
-80 6 130 4 11
-74 -6 124 4 12
-61 0 118 4 13
-61 6 232 14 14
-61 -6 227 4 15
-52 0 140 14 16
-51 0 249 4 17
-55 6 257 14 18
-57 -6 278 4 19
-61 6 124 4 20
-50 -6 124 4 21
-47 0 221 14 22
-50 0 227 4 23
-41 0 239 4 24
-41 0 118 4 25
-49 6 214 14 26
-48 -6 219 14 27
-39 0 139 4 28
-38 0 211 14 29
-42 6 222 14 30
-44 -6 214 14 31
-41 6 207 4 32
-38 -6 215 4 33
-30 0 211 4 34
-14 0 278 4 35
-40 6 133 4 36
-42 -6 140 14 37
-30 0 199 14 38
-38 6 198 4 39
-34 -6 205 14 40
-29 0 249 4 41
-26 0 234 14 42
-22 6 214 4 43
-28 -6 203 4 44
-27 0 118 4 45
-24 0 189 4 46
-30 0 146 4 47
-20 0 239 4 48
-20 0 179 14 49
-18 6 197 4 50
-21 -6 200 14 51
-13 0 252 4 52
-30 6 139 4 53
-35 -6 145 14 54
-16 0 225 4 55
6 6 279 4 56
16 -6 262 14 57
-13 0 168 4 58
-25 6 181 4 59
-23 -6 184 14 60
-15 0 211 14 61
-12 0 154 4 62
-19 6 175 4 63
-12 -6 179 14 64
-8 0 118 4 65
-7 0 205 4 66
-12 6 168 4 67
-26 -6 164 4 68
-12 6 124 4 69
-25 -6 143 4 70
-13 0 144 4 71
6 6 252 4 72
24 -6 227 14 73
-5 0 194 4 74
-6 0 215 4 75
-19 6 158 14 76
-12 -6 157 14 77
-2 0 183 4 78
-7 6 194 14 79
17 -6 193 4 80
29 6 157 14 81
-13 -6 147 4 82
1 0 172 4 83
20 0 210 14 84
15 0 188 4 85
12 0 118 4 86
17 6 124 4 87
6 -6 124 4 88
30 0 278 4 89
26 0 161 4 90
32 6 197 14 91
29 -6 199 4 92
25 0 252 4 93
18 0 198 14 94
32 0 155 4 95
26 0 226 14 96
36 0 144 14 97
41 6 196 4 98
41 -6 200 4 99
31 0 202 14 100
38 0 154 14 101
31 0 119 4 102
44 6 145 4 103
46 -6 148 4 104
43 6 228 4 105
42 -6 235 4 106
50 6 245 14 107
54 -6 259 14 108
40 0 120 4 109
41 0 209 14 110
39 0 227 4 111
50 6 209 14 112
51 -6 205 4 113
44 0 143 4 114
55 6 145 14 115
48 -6 139 4 116
53 0 252 4 117
52 0 119 4 118
55 0 210 4 119
60 0 214 14 120
71 0 279 4 121
62 0 142 14 122
63 6 133 4 123
67 -6 124 4 124
67 6 202 4 125
62 -6 199 14 126
65 0 119 4 127
70 0 205 4 128
72 6 252 4 129
74 -6 230 4 130
98 6 261 4 131
95 -6 261 14 132
68 0 240 4 133
72 6 136 4 134
74 -6 139 4 135
69 0 148 14 136
77 6 201 4 137
77 -6 206 14 138
83 0 121 4 139
79 0 210 14 140
79 6 146 4 141
96 -6 130 4 142
82 0 156 4 143
86 0 225 14 144
92 0 253 4 145
86 0 200 4 146
105 0 278 4 147
93 0 125 4 148
89 6 196 4 149
90 -6 213 4 150
82 0 169 4 151
90 0 185 14 152
90 6 156 4 153
83 -6 154 4 154
110 0 211 14 155
102 6 193 4 156
98 -6 195 14 157
122 0 143 4 158
123 6 164 14 159
115 -6 170 4 160
102 6 181 4 161
121 -6 177 4 162
117 0 202 14 163
125 6 251 4 164
123 -6 254 4 165
123 6 222 14 166
119 -6 232 4 167
124 0 154 14 168
124 0 188 14 169
115 0 168 4 170
121 0 183 14 171
117 0 178 14 172
138 6 163 4 173
134 -6 167 4 174
128 0 253 4 175
135 0 278 4 176
132 0 149 4 177
144 6 135 4 178
146 -6 141 4 179
144 6 230 14 180
144 -6 235 14 181
144 6 264 14 182
145 -6 267 14 183
145 0 116 4 184
161 6 118 4 185
158 -6 109 4 186
159 0 239 4 187
160 0 278 4 188
171 0 104 4 189
168 6 228 4 190
168 -6 219 4 191
174 6 180 14 192
183 -6 184 4 193
171 6 189 4 194
176 -6 195 14 195
177 6 278 4 196
171 -6 257 4 197
175 6 114 14 198
178 -6 109 4 199
181 6 208 14 200
176 -6 207 4 201
182 6 168 4 202
192 -6 171 4 203
204 0 195 4 204
182 6 220 4 205
186 -6 221 14 206
206 0 181 4 207
195 0 211 14 208
196 0 253 4 209
192 0 96 4 210
203 6 205 14 211
201 -6 202 4 212
203 6 186 14 213
192 -6 182 4 214
193 0 278 4 215
187 6 155 4 216
188 -6 148 14 217
211 0 243 4 218
207 0 165 4 219
201 6 178 14 220
206 -6 177 14 221
197 0 229 4 222
199 6 216 4 223
203 -6 216 4 224
232 6 179 14 225
219 -6 170 4 226
229 6 254 4 227
223 -6 254 4 228
234 0 153 14 229
201 6 259 14 230
215 -6 278 4 231
201 6 106 4 232
215 -6 94 4 233
236 6 140 14 234
236 -6 144 14 235
239 6 169 14 236
239 -6 164 14 237
251 0 150 14 238
244 0 242 4 239
228 0 93 4 240
247 0 279 4 241
251 6 177 4 242
254 -6 176 4 243
252 6 156 4 244
252 -6 163 4 245
254 6 236 4 246
254 -6 240 4 247
250 6 263 14 248
250 -6 258 14 249
265 0 163 4 250
247 6 95 4 251
253 -6 95 4 252
268 6 163 14 253
266 -6 170 4 254
265 6 182 14 255
269 -6 182 14 256
269 0 279 4 257
290 0 163 14 258
282 0 254 4 259
277 0 102 4 260
281 0 118 4 261
269 0 117 4 262
268 0 89 4 263
271 0 124 4 264
284 6 177 14 265
288 -6 172 4 266
301 0 171 4 267
290 6 185 14 268
294 -6 181 4 269
276 0 110 4 270
292 0 120 4 271
278 0 127 14 272
283 0 129 14 273
290 0 95 4 274
279 6 259 4 275
280 -6 263 14 276
285 0 120 4 277
280 0 117 4 278
286 6 239 14 279
286 -6 234 4 280
296 0 123 14 281
297 0 135 14 282
293 0 123 4 283
302 0 126 14 284
293 0 114 14 285
303 0 172 14 286
283 6 84 4 287
277 -6 96 4 288
300 0 94 4 289
285 0 131 4 290
302 6 160 4 291
300 -6 163 14 292
320 0 110 4 293
309 0 97 4 294
311 0 119 4 295
303 0 122 4 296
308 6 179 14 297
313 -6 176 4 298
309 0 109 4 299
305 0 278 4 300
335 0 140 4 301
318 0 122 4 302
314 0 246 14 303
304 6 152 14 304
313 -6 149 14 305
333 0 104 4 306
299 0 96 14 307
340 6 162 14 308
340 -6 166 14 309
348 0 139 4 310
310 6 234 4 311
318 -6 240 14 312
309 6 263 14 313
321 -6 278 4 314
310 6 128 4 315
306 -6 130 4 316
307 6 123 14 317
314 -6 114 4 318
316 6 127 4 319
327 -6 117 4 320
346 6 142 14 321
351 -6 143 4 322
348 6 167 14 323
355 -6 163 14 324
349 6 121 14 325
349 -6 117 14 326
325 6 106 14 327
314 -6 118 4 328
319 6 101 14 329
316 -6 103 4 330
356 6 122 4 331
356 -6 114 4 332
356 6 138 4 333
360 -6 125 4 334
323 6 115 4 335
353 -6 87 4 336
348 0 255 4 337
337 0 278 4 338
372 0 131 4 339
362 6 89 4 340
367 -6 89 4 341
363 6 126 14 342
362 -6 130 4 343
366 6 104 4 344
366 -6 108 14 345
355 6 235 14 346
337 -6 231 4 347
374 6 161 4 348
374 -6 159 14 349
365 6 133 14 350
370 -6 125 14 351
371 6 152 14 352
371 -6 149 4 353
334 6 236 4 354
366 -6 255 4 355
373 6 109 4 356
378 -6 89 4 357
375 6 131 14 358
372 -6 132 4 359
