360
-91 0 264 4 0
-84 0 254 4 1
-91 5 225 4 2
-91 -5 232 4 3
-91 5 249 4 4
-91 -5 256 4 5
-90 5 201 4 6
-90 -5 208 4 7
-71 0 223 14 8
-71 0 270 4 9
-85 0 148 4 10
-84 5 130 4 11
-77 -5 123 4 12
-61 0 119 4 13
-62 5 224 14 14
-62 -5 219 4 15
-52 0 140 14 16
-52 0 247 4 17
-56 5 244 14 18
-58 -5 270 4 19
-64 5 123 4 20
-50 -5 123 4 21
-48 0 216 14 22
-51 0 219 4 23
-41 0 238 4 24
-41 0 119 4 25
-51 5 206 14 26
-50 -5 211 14 27
-39 0 139 4 28
-39 0 207 14 29
-43 5 213 14 30
-46 -5 203 14 31
-42 5 200 4 32
-39 -5 209 4 33
-30 0 211 4 34
-10 0 270 4 35
-42 5 133 4 36
-44 -5 142 14 37
-31 0 198 14 38
-40 5 192 4 39
-36 -5 199 14 40
-29 0 247 4 41
-26 0 230 14 42
-22 5 213 4 43
-29 -5 199 4 44
-28 0 119 4 45
-24 0 188 4 46
-31 0 147 4 47
-20 0 239 4 48
-21 0 178 14 49
-18 5 196 4 50
-22 -5 199 14 51
-12 0 249 4 52
-32 5 140 4 53
-39 -5 147 14 54
-16 0 224 4 55
10 5 270 4 56
21 -5 250 14 57
-13 0 168 4 58
-28 5 180 4 59
-25 -5 183 14 60
-15 0 209 14 61
-13 0 154 4 62
-21 5 175 4 63
-13 -5 178 14 64
-8 0 119 4 65
-7 0 204 4 66
-14 5 168 4 67
-30 -5 164 4 68
-14 5 123 4 69
-29 -5 145 4 70
-15 0 145 4 71
7 5 249 4 72
29 -5 219 14 73
-6 0 193 4 74
-7 0 214 4 75
-23 5 158 14 76
-15 -5 158 14 77
-3 0 183 4 78
-9 5 192 14 79
19 -5 191 4 80
33 5 160 14 81
-17 -5 147 4 82
0 0 172 4 83
22 0 206 14 84
16 0 188 4 85
12 0 119 4 86
18 5 123 4 87
5 -5 123 4 88
33 0 270 4 89
28 0 161 4 90
36 5 192 14 91
31 -5 196 4 92
27 0 249 4 93
19 0 197 14 94
35 0 156 4 95
27 0 223 14 96
39 0 146 14 97
44 5 191 4 98
44 -5 194 4 99
33 0 200 14 100
40 0 154 14 101
31 0 119 4 102
46 5 147 4 103
49 -5 150 4 104
45 5 221 4 105
44 -5 228 4 106
53 5 230 14 107
58 -5 246 14 108
41 0 120 4 109
42 0 207 14 110
39 0 224 4 111
52 5 204 14 112
53 -5 200 4 113
45 0 144 4 114
57 5 147 14 115
50 -5 140 4 116
53 0 249 4 117
53 0 119 4 118
56 0 207 4 119
62 0 208 14 120
75 0 270 4 121
63 0 142 14 122
64 5 133 4 123
69 -5 123 4 124
68 5 196 4 125
63 -5 192 14 126
65 0 119 4 127
71 0 202 4 128
73 5 249 4 129
75 -5 222 4 130
104 5 248 4 131
100 -5 248 14 132
67 0 240 4 133
72 5 136 4 134
75 -5 139 4 135
69 0 149 14 136
78 5 196 4 137
77 -5 201 14 138
84 0 121 4 139
79 0 209 14 140
78 5 147 4 141
99 -5 128 4 142
82 0 156 4 143
86 0 222 14 144
94 0 249 4 145
86 0 200 4 146
108 0 270 4 147
94 0 124 4 148
89 5 192 4 149
91 -5 211 4 150
81 0 168 4 151
90 0 185 14 152
90 5 157 4 153
82 -5 155 4 154
113 0 208 14 155
103 5 191 4 156
98 -5 193 14 157
126 0 144 4 158
127 5 162 14 159
118 -5 169 4 160
102 5 180 4 161
125 -5 175 4 162
120 0 199 14 163
129 5 237 4 164
126 -5 240 4 165
126 5 213 14 166
122 -5 225 4 167
127 0 154 14 168
127 0 185 14 169
115 0 168 4 170
122 0 182 14 171
118 0 178 14 172
141 5 161 4 173
136 -5 167 4 174
129 0 249 4 175
136 0 269 4 176
133 0 149 4 177
145 5 137 4 178
147 -5 143 4 179
144 5 222 14 180
144 -5 228 14 181
144 5 252 14 182
145 -5 256 14 183
144 0 117 4 184
160 5 122 4 185
157 -5 111 4 186
158 0 233 4 187
159 0 270 4 188
169 0 107 4 189
165 5 219 4 190
165 -5 209 4 191
171 5 177 14 192
182 -5 183 4 193
167 5 184 4 194
174 -5 190 14 195
174 5 269 4 196
167 -5 245 4 197
171 5 122 14 198
176 -5 115 4 199
178 5 202 14 200
172 -5 201 4 201
179 5 168 4 202
191 -5 170 4 203
204 0 194 4 204
178 5 213 4 205
182 -5 214 14 206
206 0 181 4 207
193 0 207 14 208
194 0 250 4 209
188 0 101 4 210
201 5 203 14 211
199 -5 199 4 212
201 5 185 14 213
188 -5 180 4 214
189 0 270 4 215
182 5 156 4 216
183 -5 148 14 217
210 0 241 4 218
205 0 165 4 219
198 5 177 14 220
203 -5 176 14 221
193 0 222 4 222
194 5 210 4 223
199 -5 210 4 224
232 5 180 14 225
217 -5 170 4 226
229 5 250 4 227
222 -5 250 4 228
234 0 154 14 229
195 5 247 14 230
211 -5 270 4 231
194 5 114 4 232
211 -5 99 4 233
235 5 141 14 234
236 -5 145 14 235
238 5 171 14 236
238 -5 164 14 237
251 0 150 14 238
243 0 236 4 239
223 0 99 4 240
245 0 270 4 241
249 5 180 4 242
252 -5 179 4 243
250 5 159 4 244
250 -5 167 4 245
251 5 228 4 246
251 -5 233 4 247
246 5 252 14 248
246 -5 245 14 249
264 0 164 4 250
240 5 100 4 251
247 -5 100 4 252
265 5 166 14 253
263 -5 174 4 254
262 5 185 14 255
266 -5 185 14 256
265 0 270 4 257
289 0 164 14 258
280 0 250 4 259
273 0 105 4 260
277 0 122 4 261
263 0 125 4 262
262 0 95 4 263
265 0 131 4 264
280 5 180 14 265
285 -5 176 4 266
300 0 171 4 267
287 5 187 14 268
292 -5 182 4 269
270 0 117 4 270
289 0 124 4 271
273 0 134 14 272
278 0 136 14 273
286 0 100 4 274
273 5 247 4 275
274 -5 252 14 276
280 0 128 4 277
274 0 126 4 278
281 5 232 14 279
281 -5 227 4 280
292 0 127 14 281
293 0 139 14 282
288 0 129 4 283
299 0 130 14 284
288 0 121 14 285
300 0 175 14 286
276 5 91 4 287
269 -5 106 4 288
296 0 100 4 289
278 0 139 4 290
298 5 164 4 291
295 -5 167 14 292
319 0 112 4 293
305 0 101 4 294
308 0 124 4 295
298 0 129 4 296
304 5 182 14 297
310 -5 179 4 298
305 0 115 4 299
301 0 270 4 300
335 0 141 4 301
314 0 127 4 302
310 0 240 14 303
298 5 158 14 304
308 -5 154 14 305
331 0 107 4 306
291 0 107 14 307
339 5 165 14 308
339 -5 170 14 309
347 0 141 4 310
302 5 227 4 311
311 -5 233 14 312
301 5 251 14 313
316 -5 270 4 314
301 5 140 4 315
296 -5 143 4 316
297 5 135 14 317
306 -5 125 4 318
308 5 137 4 319
320 -5 126 4 320
344 5 147 14 321
349 -5 149 4 322
345 5 173 14 323
354 -5 168 14 324
346 5 130 14 325
346 -5 124 14 326
317 5 116 14 327
304 -5 130 4 328
310 5 113 14 329
306 -5 115 4 330
353 5 130 4 331
353 -5 120 4 332
353 5 148 4 333
358 -5 132 4 334
314 5 127 4 335
350 -5 94 4 336
343 0 251 4 337
330 0 269 4 338
372 0 133 4 339
358 5 96 4 340
365 -5 96 4 341
360 5 134 14 342
359 -5 139 4 343
364 5 112 4 344
363 -5 117 14 345
350 5 229 14 346
329 -5 226 4 347
372 5 166 4 348
373 -5 164 14 349
361 5 143 14 350
367 -5 133 14 351
368 5 160 14 352
368 -5 156 4 353
325 5 229 4 354
362 -5 251 4 355
370 5 118 4 356
376 -5 96 4 357
372 5 141 14 358
368 -5 142 4 359
