360
-91 0 262 4 0
-84 0 253 4 1
-91 5 222 4 2
-91 -5 229 4 3
-91 5 246 4 4
-91 -5 253 4 5
-90 5 198 4 6
-90 -5 205 4 7
-71 0 221 14 8
-71 0 267 4 9
-86 0 148 4 10
-85 5 130 4 11
-78 -5 123 4 12
-62 0 119 4 13
-62 5 222 14 14
-62 -5 216 4 15
-52 0 140 14 16
-52 0 246 4 17
-56 5 240 14 18
-59 -5 267 4 19
-65 5 123 4 20
-51 -5 123 4 21
-48 0 214 14 22
-51 0 217 4 23
-41 0 238 4 24
-41 0 119 4 25
-51 5 203 14 26
-50 -5 209 14 27
-39 0 139 4 28
-39 0 206 14 29
-43 5 210 14 30
-47 -5 200 14 31
-42 5 197 4 32
-40 -5 207 4 33
-30 0 210 4 34
-9 0 267 4 35
-42 5 134 4 36
-45 -5 143 14 37
-31 0 198 14 38
-41 5 189 4 39
-36 -5 197 14 40
-30 0 246 4 41
-26 0 229 14 42
-22 5 212 4 43
-29 -5 198 4 44
-29 0 119 4 45
-24 0 188 4 46
-31 0 147 4 47
-20 0 238 4 48
-21 0 178 14 49
-18 5 195 4 50
-22 -5 199 14 51
-12 0 248 4 52
-33 5 141 4 53
-40 -5 148 14 54
-17 0 224 4 55
11 5 267 4 56
22 -5 246 14 57
-13 0 168 4 58
-28 5 180 4 59
-25 -5 182 14 60
-15 0 208 14 61
-13 0 154 4 62
-21 5 174 4 63
-13 -5 178 14 64
-8 0 119 4 65
-8 0 204 4 66
-14 5 168 4 67
-31 -5 164 4 68
-15 5 123 4 69
-30 -5 146 4 70
-16 0 145 4 71
8 5 248 4 72
30 -5 216 14 73
-6 0 193 4 74
-7 0 214 4 75
-24 5 159 14 76
-16 -5 158 14 77
-3 0 182 4 78
-9 5 191 14 79
20 -5 190 4 80
34 5 161 14 81
-18 -5 148 4 82
-1 0 172 4 83
22 0 205 14 84
16 0 187 4 85
12 0 119 4 86
19 5 123 4 87
4 -5 123 4 88
34 0 267 4 89
29 0 162 4 90
37 5 191 14 91
32 -5 194 4 92
28 0 248 4 93
19 0 197 14 94
35 0 157 4 95
27 0 222 14 96
39 0 146 14 97
45 5 189 4 98
45 -5 193 4 99
33 0 199 14 100
41 0 155 14 101
31 0 119 4 102
47 5 147 4 103
50 -5 151 4 104
46 5 218 4 105
45 -5 226 4 106
54 5 225 14 107
60 -5 242 14 108
41 0 120 4 109
42 0 206 14 110
39 0 223 4 111
53 5 203 14 112
53 -5 198 4 113
45 0 144 4 114
58 5 148 14 115
50 -5 141 4 116
53 0 248 4 117
53 0 119 4 118
56 0 206 4 119
62 0 206 14 120
76 0 267 4 121
63 0 142 14 122
64 5 134 4 123
70 -5 123 4 124
69 5 194 4 125
63 -5 190 14 126
65 0 119 4 127
71 0 201 4 128
74 5 248 4 129
75 -5 220 4 130
105 5 244 4 131
102 -5 244 14 132
67 0 239 4 133
72 5 136 4 134
75 -5 140 4 135
69 0 149 14 136
78 5 194 4 137
77 -5 200 14 138
84 0 121 4 139
79 0 209 14 140
78 5 147 4 141
100 -5 127 4 142
82 0 156 4 143
86 0 221 14 144
94 0 248 4 145
86 0 200 4 146
109 0 267 4 147
95 0 123 4 148
89 5 190 4 149
91 -5 211 4 150
80 0 168 4 151
90 0 185 14 152
90 5 157 4 153
82 -5 155 4 154
114 0 207 14 155
104 5 190 4 156
98 -5 192 14 157
128 0 144 4 158
129 5 162 14 159
119 -5 169 4 160
102 5 180 4 161
126 -5 174 4 162
121 0 198 14 163
130 5 233 4 164
127 -5 236 4 165
127 5 210 14 166
123 -5 222 4 167
128 0 154 14 168
128 0 184 14 169
115 0 168 4 170
123 0 181 14 171
118 0 177 14 172
142 5 161 4 173
137 -5 166 4 174
129 0 248 4 175
137 0 266 4 176
133 0 149 4 177
145 5 137 4 178
147 -5 144 4 179
144 5 220 14 180
144 -5 226 14 181
144 5 249 14 182
145 -5 253 14 183
144 0 117 4 184
160 5 123 4 185
156 -5 112 4 186
157 0 231 4 187
158 0 267 4 188
169 0 108 4 189
164 5 217 4 190
164 -5 206 4 191
170 5 176 14 192
181 -5 182 4 193
166 5 182 4 194
173 -5 188 14 195
173 5 266 4 196
166 -5 241 4 197
170 5 124 14 198
175 -5 117 4 199
177 5 200 14 200
171 -5 199 4 201
178 5 167 4 202
191 -5 170 4 203
203 0 193 4 204
177 5 210 4 205
181 -5 212 14 206
205 0 181 4 207
192 0 206 14 208
193 0 249 4 209
187 0 102 4 210
201 5 202 14 211
198 -5 198 4 212
201 5 184 14 213
187 -5 180 4 214
188 0 267 4 215
180 5 156 4 216
182 -5 148 14 217
210 0 241 4 218
205 0 165 4 219
197 5 177 14 220
203 -5 176 14 221
192 0 220 4 222
192 5 208 4 223
198 -5 208 4 224
232 5 181 14 225
216 -5 171 4 226
229 5 249 4 227
222 -5 249 4 228
234 0 154 14 229
193 5 243 14 230
210 -5 267 4 231
192 5 116 4 232
210 -5 101 4 233
235 5 141 14 234
236 -5 145 14 235
238 5 172 14 236
238 -5 165 14 237
251 0 150 14 238
242 0 234 4 239
222 0 101 4 240
244 0 267 4 241
248 5 181 4 242
252 -5 180 4 243
249 5 160 4 244
249 -5 168 4 245
251 5 226 4 246
250 -5 231 4 247
245 5 248 14 248
245 -5 241 14 249
263 0 165 4 250
238 5 102 4 251
246 -5 102 4 252
265 5 167 14 253
263 -5 175 4 254
261 5 186 14 255
265 -5 186 14 256
263 0 267 4 257
289 0 164 14 258
279 0 249 4 259
272 0 107 4 260
276 0 124 4 261
262 0 127 4 262
260 0 97 4 263
263 0 134 4 264
279 5 181 14 265
284 -5 177 4 266
300 0 172 4 267
286 5 188 14 268
292 -5 182 4 269
269 0 119 4 270
288 0 125 4 271
271 0 137 14 272
276 0 139 14 273
285 0 102 4 274
271 5 243 4 275
272 -5 248 14 276
278 0 130 4 277
272 0 129 4 278
279 5 230 14 279
279 -5 225 4 280
291 0 129 14 281
292 0 141 14 282
286 0 131 4 283
298 0 132 14 284
287 0 123 14 285
299 0 176 14 286
273 5 94 4 287
267 -5 109 4 288
295 0 101 4 289
276 0 142 4 290
297 5 166 4 291
294 -5 169 14 292
318 0 113 4 293
304 0 103 4 294
307 0 125 4 295
297 0 131 4 296
303 5 183 14 297
309 -5 180 4 298
303 0 117 4 299
299 0 267 4 300
335 0 141 4 301
313 0 129 4 302
308 0 239 14 303
296 5 160 14 304
306 -5 156 14 305
331 0 108 4 306
288 0 111 14 307
338 5 166 14 308
338 -5 171 14 309
346 0 142 4 310
300 5 224 4 311
309 -5 231 14 312
298 5 247 14 313
314 -5 267 4 314
298 5 144 4 315
293 -5 147 4 316
294 5 139 14 317
303 -5 129 4 318
306 5 141 4 319
318 -5 129 4 320
343 5 149 14 321
348 -5 151 4 322
344 5 175 14 323
353 -5 170 14 324
345 5 132 14 325
345 -5 127 14 326
314 5 120 14 327
301 -5 134 4 328
307 5 117 14 329
303 -5 120 4 330
352 5 132 4 331
352 -5 122 4 332
352 5 151 4 333
357 -5 134 4 334
311 5 131 4 335
348 -5 96 4 336
342 0 250 4 337
328 0 266 4 338
372 0 134 4 339
357 5 98 4 340
364 -5 98 4 341
359 5 137 14 342
358 -5 141 4 343
363 5 114 4 344
362 -5 120 14 345
349 5 228 14 346
326 -5 224 4 347
372 5 168 4 348
372 -5 165 14 349
360 5 146 14 350
366 -5 136 14 351
367 5 163 14 352
368 -5 159 4 353
322 5 226 4 354
361 -5 250 4 355
369 5 122 4 356
375 -5 98 4 357
372 5 144 14 358
367 -5 145 4 359
