360
-89 0 273 4 0
-83 0 260 4 1
-89 7 238 4 2
-89 -7 244 4 3
-89 7 263 4 4
-89 -7 269 4 5
-88 7 214 4 6
-88 -7 219 4 7
-70 0 232 14 8
-70 0 280 4 9
-81 0 146 4 10
-80 7 130 4 11
-74 -7 125 4 12
-60 0 118 4 13
-61 7 233 14 14
-61 -7 228 4 15
-52 0 140 14 16
-51 0 250 4 17
-55 7 259 14 18
-57 -7 280 4 19
-61 7 125 4 20
-50 -7 125 4 21
-47 0 222 14 22
-50 0 229 4 23
-41 0 239 4 24
-41 0 118 4 25
-48 7 216 14 26
-48 -7 221 14 27
-39 0 139 4 28
-38 0 211 14 29
-41 7 223 14 30
-44 -7 216 14 31
-40 7 208 4 32
-38 -7 216 4 33
-30 0 212 4 34
-14 0 280 4 35
-39 7 133 4 36
-41 -7 140 14 37
-30 0 199 14 38
-38 7 199 4 39
-34 -7 206 14 40
-29 0 250 4 41
-26 0 234 14 42
-22 7 214 4 43
-28 -7 204 4 44
-27 0 118 4 45
-24 0 189 4 46
-29 0 146 4 47
-20 0 239 4 48
-20 0 179 14 49
-18 7 197 4 50
-21 -7 201 14 51
-13 0 253 4 52
-29 7 139 4 53
-34 -7 144 14 54
-16 0 225 4 55
6 7 280 4 56
15 -7 264 14 57
-13 0 168 4 58
-25 7 182 4 59
-22 -7 184 14 60
-15 0 211 14 61
-12 0 154 4 62
-18 7 176 4 63
-12 -7 179 14 64
-8 0 118 4 65
-7 0 205 4 66
-12 7 168 4 67
-25 -7 164 4 68
-12 7 125 4 69
-24 -7 142 4 70
-13 0 144 4 71
5 7 253 4 72
23 -7 228 14 73
-5 0 194 4 74
-6 0 215 4 75
-18 7 158 14 76
-12 -7 157 14 77
-2 0 183 4 78
-6 7 194 14 79
17 -7 193 4 80
28 7 157 14 81
-13 -7 146 4 82
1 0 172 4 83
19 0 211 14 84
15 0 188 4 85
12 0 118 4 86
17 7 125 4 87
6 -7 125 4 88
29 0 280 4 89
25 0 161 4 90
32 7 197 14 91
28 -7 200 4 92
25 0 253 4 93
18 0 198 14 94
32 0 155 4 95
26 0 226 14 96
36 0 144 14 97
41 7 197 4 98
40 -7 201 4 99
31 0 203 14 100
37 0 153 14 101
31 0 119 4 102
43 7 145 4 103
45 -7 147 4 104
43 7 230 4 105
41 -7 236 4 106
49 7 248 14 107
53 -7 261 14 108
40 0 120 4 109
41 0 210 14 110
39 0 228 4 111
50 7 210 14 112
50 -7 206 4 113
44 0 143 4 114
55 7 144 14 115
48 -7 139 4 116
52 0 253 4 117
52 0 119 4 118
55 0 210 4 119
60 0 215 14 120
70 0 280 4 121
62 0 142 14 122
63 7 133 4 123
67 -7 125 4 124
66 7 203 4 125
62 -7 200 14 126
65 0 119 4 127
70 0 206 4 128
72 7 253 4 129
73 -7 231 4 130
97 7 263 4 131
94 -7 263 14 132
68 0 241 4 133
72 7 136 4 134
74 -7 138 4 135
69 0 148 14 136
77 7 202 4 137
77 -7 206 14 138
83 0 121 4 139
79 0 210 14 140
79 7 146 4 141
96 -7 130 4 142
82 0 156 4 143
86 0 225 14 144
92 0 254 4 145
86 0 200 4 146
104 0 280 4 147
93 0 125 4 148
89 7 197 4 149
90 -7 213 4 150
82 0 169 4 151
90 0 185 14 152
90 7 156 4 153
84 -7 154 4 154
110 0 212 14 155
102 7 193 4 156
98 -7 195 14 157
121 0 143 4 158
122 7 164 14 159
115 -7 170 4 160
102 7 181 4 161
121 -7 177 4 162
117 0 203 14 163
124 7 253 4 164
122 -7 256 4 165
122 7 224 14 166
119 -7 233 4 167
123 0 154 14 168
124 0 189 14 169
115 0 168 4 170
120 0 183 14 171
117 0 178 14 172
138 7 163 4 173
133 -7 167 4 174
128 0 254 4 175
134 0 279 4 176
132 0 149 4 177
144 7 135 4 178
145 -7 140 4 179
144 7 232 14 180
144 -7 236 14 181
144 7 266 14 182
145 -7 269 14 183
145 0 116 4 184
161 7 117 4 185
158 -7 108 4 186
159 0 240 4 187
161 0 280 4 188
171 0 103 4 189
169 7 229 4 190
169 -7 221 4 191
174 7 180 14 192
183 -7 184 4 193
172 7 190 4 194
177 -7 196 14 195
177 7 279 4 196
171 -7 260 4 197
175 7 113 14 198
179 -7 108 4 199
181 7 209 14 200
177 -7 208 4 201
182 7 169 4 202
192 -7 171 4 203
204 0 195 4 204
183 7 221 4 205
187 -7 222 14 206
206 0 181 4 207
196 0 212 14 208
197 0 254 4 209
193 0 95 4 210
204 7 206 14 211
202 -7 202 4 212
204 7 186 14 213
193 -7 182 4 214
194 0 280 4 215
188 7 155 4 216
189 -7 148 14 217
211 0 243 4 218
207 0 165 4 219
202 7 178 14 220
206 -7 177 14 221
198 0 230 4 222
199 7 217 4 223
204 -7 217 4 224
232 7 179 14 225
220 -7 170 4 226
229 7 254 4 227
224 -7 254 4 228
234 0 153 14 229
202 7 261 14 230
215 -7 280 4 231
202 7 105 4 232
216 -7 93 4 233
236 7 140 14 234
236 -7 144 14 235
239 7 169 14 236
239 -7 163 14 237
251 0 150 14 238
245 0 243 4 239
229 0 92 4 240
247 0 280 4 241
252 7 177 4 242
254 -7 176 4 243
253 7 156 4 244
253 -7 162 4 245
255 7 237 4 246
254 -7 241 4 247
251 7 265 14 248
251 -7 260 14 249
265 0 163 4 250
248 7 94 4 251
254 -7 94 4 252
268 7 163 14 253
267 -7 169 4 254
265 7 181 14 255
269 -7 181 14 256
269 0 280 4 257
290 0 163 14 258
282 0 254 4 259
277 0 101 4 260
281 0 117 4 261
270 0 116 4 262
269 0 88 4 263
272 0 122 4 264
284 7 176 14 265
288 -7 172 4 266
301 0 170 4 267
290 7 185 14 268
295 -7 181 4 269
277 0 109 4 270
292 0 120 4 271
279 0 125 14 272
284 0 128 14 273
291 0 94 4 274
280 7 261 4 275
281 -7 265 14 276
286 0 119 4 277
281 0 116 4 278
287 7 240 14 279
287 -7 236 4 280
297 0 122 14 281
298 0 134 14 282
293 0 122 4 283
303 0 125 14 284
294 0 113 14 285
304 0 171 14 286
284 7 82 4 287
279 -7 94 4 288
301 0 93 4 289
286 0 129 4 290
303 7 159 4 291
301 -7 162 14 292
320 0 110 4 293
310 0 96 4 294
312 0 118 4 295
304 0 121 4 296
309 7 178 14 297
314 -7 176 4 298
310 0 108 4 299
306 0 280 4 300
335 0 140 4 301
318 0 121 4 302
315 0 247 14 303
306 7 151 14 304
313 -7 148 14 305
333 0 103 4 306
301 0 94 14 307
340 7 161 14 308
340 -7 165 14 309
348 0 138 4 310
312 7 236 4 311
319 -7 241 14 312
310 7 265 14 313
323 -7 280 4 314
312 7 126 4 315
307 -7 128 4 316
308 7 120 14 317
316 -7 112 4 318
318 7 125 4 319
328 -7 116 4 320
347 7 141 14 321
351 -7 142 4 322
348 7 166 14 323
356 -7 162 14 324
349 7 120 14 325
349 -7 115 14 326
326 7 104 14 327
315 -7 115 4 328
321 7 98 14 329
317 -7 100 4 330
356 7 121 4 331
356 -7 113 4 332
356 7 137 4 333
360 -7 124 4 334
325 7 113 4 335
354 -7 86 4 336
349 0 256 4 337
338 0 279 4 338
372 0 131 4 339
362 7 88 4 340
368 -7 88 4 341
363 7 125 14 342
363 -7 129 4 343
367 7 102 4 344
366 -7 107 14 345
356 7 236 14 346
338 -7 232 4 347
374 7 160 4 348
375 -7 158 14 349
365 7 132 14 350
370 -7 123 14 351
371 7 151 14 352
372 -7 147 4 353
336 7 237 4 354
366 -7 255 4 355
374 7 107 4 356
379 -7 88 4 357
376 7 129 14 358
372 -7 130 4 359
