360
-92 0 255 4 0
-84 0 248 4 1
-93 3 211 4 2
-93 -3 219 4 3
-93 3 234 4 4
-93 -3 243 4 5
-92 3 188 4 6
-92 -3 196 4 7
-72 0 214 14 8
-72 0 258 4 9
-89 0 149 4 10
-88 3 130 4 11
-80 -3 122 4 12
-62 0 119 4 13
-63 3 215 14 14
-63 -3 209 4 15
-52 0 140 14 16
-52 0 243 4 17
-57 3 228 14 18
-60 -3 258 4 19
-68 3 122 4 20
-51 -3 122 4 21
-48 0 209 14 22
-53 0 209 4 23
-41 0 238 4 24
-42 0 119 4 25
-53 3 194 14 26
-52 -3 201 14 27
-40 0 139 4 28
-39 0 203 14 29
-45 3 202 14 30
-49 -3 190 14 31
-44 3 191 4 32
-41 -3 202 4 33
-30 0 210 4 34
-6 0 258 4 35
-44 3 134 4 36
-47 -3 145 14 37
-31 0 197 14 38
-43 3 183 4 39
-37 -3 192 14 40
-30 0 243 4 41
-26 0 225 14 42
-22 3 211 4 43
-30 -3 195 4 44
-29 0 119 4 45
-24 0 187 4 46
-33 0 148 4 47
-20 0 238 4 48
-21 0 178 14 49
-18 3 194 4 50
-23 -3 198 14 51
-11 0 245 4 52
-36 3 142 4 53
-43 -3 151 14 54
-17 0 223 4 55
15 3 259 4 56
27 -3 234 14 57
-13 0 168 4 58
-31 3 178 4 59
-27 -3 181 14 60
-16 0 206 14 61
-14 0 154 4 62
-23 3 174 4 63
-14 -3 178 14 64
-9 0 119 4 65
-8 0 203 4 66
-16 3 169 4 67
-35 -3 163 4 68
-16 3 122 4 69
-34 -3 148 4 70
-18 0 146 4 71
9 3 245 4 72
35 -3 209 14 73
-7 0 192 4 74
-8 0 213 4 75
-27 3 159 14 76
-18 -3 158 14 77
-4 0 182 4 78
-11 3 189 14 79
22 -3 188 4 80
38 3 164 14 81
-22 -3 148 4 82
-2 0 173 4 83
24 0 201 14 84
17 0 187 4 85
12 0 119 4 86
20 3 122 4 87
3 -3 122 4 88
37 0 258 4 89
31 0 162 4 90
40 3 187 14 91
35 -3 191 4 92
30 0 245 4 93
19 0 196 14 94
38 0 158 4 95
29 0 220 14 96
42 0 148 14 97
48 3 183 4 98
48 -3 188 4 99
34 0 196 14 100
43 0 155 14 101
32 0 119 4 102
50 3 149 4 103
53 -3 153 4 104
48 3 211 4 105
47 -3 220 4 106
58 3 211 14 107
64 -3 231 14 108
42 0 120 4 109
43 0 204 14 110
40 0 220 4 111
55 3 198 14 112
55 -3 193 4 113
46 0 144 4 114
60 3 151 14 115
51 -3 142 4 116
54 0 245 4 117
54 0 119 4 118
57 0 203 4 119
64 0 200 14 120
79 0 259 4 121
65 0 142 14 122
66 3 134 4 123
72 -3 122 4 124
70 3 189 4 125
64 -3 183 14 126
65 0 119 4 127
72 0 198 4 128
75 3 245 4 129
77 -3 213 4 130
111 3 233 4 131
107 -3 233 14 132
67 0 239 4 133
73 3 137 4 134
76 -3 140 4 135
68 0 149 14 136
78 3 189 4 137
78 -3 196 14 138
85 0 120 4 139
79 0 208 14 140
78 3 148 4 141
102 -3 125 4 142
82 0 156 4 143
87 0 219 14 144
96 0 245 4 145
86 0 199 4 146
113 0 258 4 147
96 0 122 4 148
90 3 186 4 149
91 -3 210 4 150
79 0 168 4 151
90 0 185 14 152
90 3 158 4 153
80 -3 155 4 154
117 0 204 14 155
105 3 188 4 156
98 -3 190 14 157
132 0 145 4 158
133 3 161 14 159
121 -3 169 4 160
102 3 180 4 161
130 -3 172 4 162
123 0 195 14 163
134 3 220 4 164
131 -3 224 4 165
130 3 202 14 166
125 -3 216 4 167
131 0 154 14 168
130 0 181 14 169
116 0 168 4 170
124 0 180 14 171
119 0 177 14 172
145 3 160 4 173
139 -3 166 4 174
130 0 245 4 175
138 0 258 4 176
134 0 149 4 177
147 3 138 4 178
149 -3 146 4 179
144 3 212 14 180
144 -3 219 14 181
144 3 238 14 182
145 -3 243 14 183
143 0 118 4 184
159 3 127 4 185
155 -3 114 4 186
156 0 225 4 187
157 0 258 4 188
167 0 111 4 189
161 3 209 4 190
161 -3 197 4 191
167 3 174 14 192
180 -3 181 4 193
163 3 177 4 194
170 -3 184 14 195
171 3 258 4 196
162 -3 229 4 197
167 3 131 14 198
172 -3 123 4 199
174 3 194 14 200
167 -3 194 4 201
175 3 167 4 202
189 -3 170 4 203
203 0 192 4 204
172 3 204 4 205
178 -3 205 14 206
205 0 181 4 207
190 0 203 14 208
191 0 245 4 209
184 0 107 4 210
199 3 200 14 211
196 -3 195 4 212
199 3 183 14 213
183 -3 177 4 214
185 0 258 4 215
175 3 157 4 216
177 -3 147 14 217
209 0 240 4 218
203 0 165 4 219
193 3 177 14 220
200 -3 175 14 221
187 0 214 4 222
188 3 202 4 223
194 -3 203 4 224
232 3 183 14 225
214 -3 171 4 226
229 3 246 4 227
221 -3 246 4 228
234 0 154 14 229
187 3 231 14 230
206 -3 258 4 231
186 3 123 4 232
206 -3 106 4 233
234 3 141 14 234
235 -3 146 14 235
236 3 174 14 236
236 -3 165 14 237
250 0 151 14 238
241 0 229 4 239
218 0 106 4 240
243 0 259 4 241
246 3 184 4 242
250 -3 182 4 243
247 3 163 4 244
247 -3 172 4 245
248 3 219 4 246
247 -3 225 4 247
242 3 237 14 248
242 -3 230 14 249
262 0 166 4 250
232 3 107 4 251
241 -3 107 4 252
262 3 170 14 253
260 -3 179 4 254
258 3 188 14 255
263 -3 188 14 256
260 0 259 4 257
289 0 164 14 258
277 0 246 4 259
269 0 110 4 260
272 0 128 4 261
256 0 134 4 262
254 0 103 4 263
257 0 141 4 264
275 3 185 14 265
281 -3 180 4 266
299 0 172 4 267
284 3 190 14 268
290 -3 183 4 269
263 0 125 4 270
286 0 128 4 271
266 0 144 14 272
271 0 145 14 273
281 0 107 4 274
265 3 231 4 275
266 -3 237 14 276
273 0 137 4 277
266 0 137 4 278
274 3 224 14 279
274 -3 218 4 280
288 0 133 14 281
289 0 145 14 282
282 0 136 4 283
295 0 136 14 284
282 0 130 14 285
296 0 178 14 286
267 3 101 4 287
259 -3 118 4 288
291 0 106 4 289
269 0 151 4 290
293 3 170 4 291
290 -3 173 14 292
317 0 115 4 293
301 0 107 4 294
304 0 130 4 295
292 0 137 4 296
299 3 186 14 297
306 -3 182 4 298
299 0 122 4 299
294 0 258 4 300
335 0 142 4 301
309 0 134 4 302
304 0 234 14 303
290 3 166 14 304
301 -3 162 14 305
329 0 111 4 306
280 0 121 14 307
337 3 169 14 308
337 -3 175 14 309
345 0 144 4 310
292 3 217 4 311
303 -3 225 14 312
290 3 236 14 313
308 -3 258 4 314
290 3 155 4 315
284 -3 158 4 316
284 3 151 14 317
295 -3 139 4 318
298 3 150 4 319
312 -3 137 4 320
340 3 155 14 321
346 -3 157 4 322
341 3 180 14 323
352 -3 175 14 324
342 3 140 14 325
342 -3 134 14 326
307 3 129 14 327
292 -3 146 4 328
298 3 129 14 329
293 -3 132 4 330
350 3 139 4 331
350 -3 128 4 332
349 3 159 4 333
355 -3 140 4 334
303 3 142 4 335
345 -3 102 4 336
337 0 246 4 337
321 0 258 4 338
371 0 136 4 339
354 3 104 4 340
362 -3 104 4 341
356 3 144 14 342
355 -3 149 4 343
360 3 122 4 344
360 -3 128 14 345
344 3 223 14 346
319 -3 218 4 347
370 3 172 4 348
371 -3 169 14 349
356 3 155 14 350
364 -3 143 14 351
364 3 171 14 352
365 -3 166 4 353
313 3 220 4 354
357 -3 246 4 355
366 3 131 4 356
373 -3 104 4 357
369 3 153 14 358
363 -3 154 4 359
