360
-90 0 266 4 0
-83 0 255 4 1
-91 5 228 4 2
-91 -5 235 4 3
-91 5 252 4 4
-91 -5 259 4 5
-90 5 204 4 6
-90 -5 211 4 7
-71 0 225 14 8
-71 0 272 4 9
-84 0 147 4 10
-83 5 130 4 11
-76 -5 124 4 12
-61 0 119 4 13
-62 5 226 14 14
-61 -5 221 4 15
-52 0 140 14 16
-52 0 247 4 17
-56 5 247 14 18
-58 -5 272 4 19
-63 5 124 4 20
-50 -5 124 4 21
-48 0 217 14 22
-51 0 221 4 23
-41 0 238 4 24
-41 0 119 4 25
-50 5 208 14 26
-50 -5 213 14 27
-39 0 139 4 28
-39 0 208 14 29
-43 5 215 14 30
-46 -5 206 14 31
-42 5 201 4 32
-39 -5 211 4 33
-30 0 211 4 34
-11 0 272 4 35
-41 5 133 4 36
-44 -5 142 14 37
-31 0 198 14 38
-40 5 193 4 39
-35 -5 200 14 40
-29 0 247 4 41
-26 0 231 14 42
-22 5 213 4 43
-29 -5 200 4 44
-28 0 119 4 45
-24 0 188 4 46
-31 0 147 4 47
-20 0 239 4 48
-21 0 178 14 49
-18 5 196 4 50
-22 -5 200 14 51
-12 0 250 4 52
-32 5 140 4 53
-38 -5 147 14 54
-16 0 224 4 55
9 5 272 4 56
19 -5 253 14 57
-13 0 168 4 58
-27 5 180 4 59
-24 -5 183 14 60
-15 0 209 14 61
-13 0 154 4 62
-20 5 175 4 63
-12 -5 178 14 64
-8 0 119 4 65
-7 0 204 4 66
-13 5 168 4 67
-29 -5 164 4 68
-14 5 124 4 69
-28 -5 144 4 70
-15 0 145 4 71
7 5 250 4 72
27 -5 221 14 73
-6 0 193 4 74
-7 0 214 4 75
-22 5 158 14 76
-14 -5 158 14 77
-3 0 183 4 78
-8 5 192 14 79
19 -5 191 4 80
32 5 159 14 81
-16 -5 147 4 82
0 0 172 4 83
21 0 207 14 84
16 0 188 4 85
12 0 119 4 86
18 5 124 4 87
5 -5 124 4 88
32 0 272 4 89
28 0 161 4 90
35 5 193 14 91
31 -5 196 4 92
27 0 250 4 93
19 0 197 14 94
34 0 156 4 95
27 0 224 14 96
38 0 145 14 97
44 5 192 4 98
43 -5 196 4 99
32 0 200 14 100
40 0 154 14 101
31 0 119 4 102
46 5 146 4 103
48 -5 149 4 104
45 5 222 4 105
44 -5 230 4 106
52 5 234 14 107
57 -5 250 14 108
41 0 120 4 109
42 0 207 14 110
39 0 225 4 111
52 5 205 14 112
52 -5 201 4 113
45 0 144 4 114
57 5 147 14 115
49 -5 140 4 116
53 0 250 4 117
53 0 119 4 118
56 0 207 4 119
61 0 210 14 120
74 0 272 4 121
63 0 142 14 122
64 5 133 4 123
69 -5 124 4 124
68 5 198 4 125
63 -5 194 14 126
65 0 119 4 127
71 0 203 4 128
73 5 250 4 129
75 -5 224 4 130
102 5 251 4 131
99 -5 251 14 132
67 0 240 4 133
72 5 136 4 134
75 -5 139 4 135
69 0 149 14 136
78 5 197 4 137
77 -5 202 14 138
84 0 121 4 139
79 0 209 14 140
78 5 147 4 141
98 -5 128 4 142
82 0 156 4 143
86 0 223 14 144
94 0 250 4 145
86 0 200 4 146
108 0 272 4 147
94 0 124 4 148
89 5 193 4 149
91 -5 212 4 150
81 0 168 4 151
90 0 185 14 152
90 5 157 4 153
82 -5 155 4 154
112 0 209 14 155
103 5 191 4 156
98 -5 193 14 157
125 0 144 4 158
126 5 163 14 159
117 -5 169 4 160
102 5 180 4 161
124 -5 175 4 162
119 0 200 14 163
128 5 241 4 164
125 -5 244 4 165
125 5 215 14 166
121 -5 226 4 167
126 0 154 14 168
126 0 186 14 169
115 0 168 4 170
122 0 182 14 171
117 0 178 14 172
140 5 162 4 173
136 -5 167 4 174
129 0 250 4 175
136 0 271 4 176
133 0 149 4 177
145 5 136 4 178
147 -5 142 4 179
144 5 224 14 180
144 -5 230 14 181
144 5 255 14 182
145 -5 259 14 183
145 0 117 4 184
160 5 121 4 185
157 -5 110 4 186
158 0 234 4 187
159 0 272 4 188
170 0 106 4 189
166 5 221 4 190
166 -5 212 4 191
172 5 178 14 192
182 -5 183 4 193
168 5 185 4 194
174 -5 191 14 195
175 5 271 4 196
168 -5 248 4 197
172 5 120 14 198
176 -5 114 4 199
179 5 203 14 200
173 -5 203 4 201
180 5 168 4 202
191 -5 170 4 203
204 0 194 4 204
179 5 214 4 205
183 -5 216 14 206
206 0 181 4 207
193 0 208 14 208
195 0 251 4 209
189 0 99 4 210
202 5 204 14 211
199 -5 199 4 212
202 5 185 14 213
189 -5 180 4 214
190 0 272 4 215
183 5 156 4 216
184 -5 148 14 217
211 0 242 4 218
205 0 165 4 219
199 5 177 14 220
204 -5 176 14 221
194 0 224 4 222
195 5 211 4 223
200 -5 212 4 224
232 5 180 14 225
217 -5 170 4 226
229 5 251 4 227
222 -5 251 4 228
234 0 154 14 229
196 5 250 14 230
212 -5 272 4 231
196 5 112 4 232
212 -5 98 4 233
235 5 141 14 234
236 -5 145 14 235
238 5 171 14 236
238 -5 164 14 237
251 0 150 14 238
243 0 238 4 239
225 0 98 4 240
245 0 272 4 241
249 5 180 4 242
253 -5 179 4 243
250 5 159 4 244
250 -5 166 4 245
252 5 230 4 246
252 -5 235 4 247
247 5 255 14 248
247 -5 249 14 249
264 0 164 4 250
242 5 99 4 251
249 -5 99 4 252
266 5 166 14 253
264 -5 173 4 254
262 5 184 14 255
267 -5 184 14 256
266 0 272 4 257
289 0 164 14 258
280 0 251 4 259
274 0 105 4 260
278 0 121 4 261
265 0 123 4 262
263 0 94 4 263
266 0 129 4 264
281 5 180 14 265
286 -5 175 4 266
300 0 171 4 267
288 5 187 14 268
293 -5 182 4 269
272 0 115 4 270
290 0 123 4 271
274 0 132 14 272
279 0 135 14 273
287 0 99 4 274
274 5 250 4 275
275 -5 255 14 276
281 0 126 4 277
275 0 124 4 278
282 5 234 14 279
282 -5 229 4 280
293 0 126 14 281
294 0 138 14 282
289 0 127 4 283
300 0 129 14 284
289 0 119 14 285
301 0 174 14 286
277 5 89 4 287
271 -5 103 4 288
297 0 98 4 289
280 0 137 4 290
299 5 163 4 291
296 -5 166 14 292
319 0 112 4 293
306 0 100 4 294
309 0 123 4 295
299 0 127 4 296
305 5 181 14 297
311 -5 179 4 298
306 0 114 4 299
302 0 272 4 300
335 0 141 4 301
315 0 126 4 302
311 0 242 14 303
300 5 157 14 304
309 -5 153 14 305
332 0 106 4 306
293 0 104 14 307
339 5 164 14 308
339 -5 169 14 309
347 0 141 4 310
304 5 229 4 311
313 -5 235 14 312
303 5 254 14 313
317 -5 272 4 314
303 5 137 4 315
298 -5 140 4 316
299 5 132 14 317
308 -5 122 4 318
310 5 135 4 319
322 -5 124 4 320
344 5 146 14 321
349 -5 148 4 322
346 5 171 14 323
354 -5 167 14 324
346 5 127 14 325
346 -5 123 14 326
319 5 114 14 327
306 -5 127 4 328
312 5 110 14 329
308 -5 112 4 330
354 5 128 4 331
354 -5 119 4 332
353 5 145 4 333
358 -5 130 4 334
316 5 124 4 335
351 -5 92 4 336
345 0 252 4 337
331 0 271 4 338
372 0 133 4 339
359 5 94 4 340
366 -5 94 4 341
360 5 132 14 342
360 -5 136 4 343
364 5 110 4 344
364 -5 115 14 345
352 5 231 14 346
331 -5 227 4 347
373 5 165 4 348
373 -5 162 14 349
362 5 141 14 350
368 -5 131 14 351
369 5 158 14 352
369 -5 155 4 353
327 5 230 4 354
363 -5 252 4 355
371 5 116 4 356
377 -5 94 4 357
373 5 138 14 358
369 -5 139 4 359
