360
-93 0 251 4 0
-84 0 246 4 1
-94 2 205 4 2
-94 -2 214 4 3
-94 2 228 4 4
-94 -2 237 4 5
-93 2 182 4 6
-93 -2 191 4 7
-72 0 210 14 8
-72 0 253 4 9
-90 0 150 4 10
-90 2 130 4 11
-81 -2 121 4 12
-63 0 119 4 13
-64 2 211 14 14
-63 -2 204 4 15
-52 0 140 14 16
-52 0 242 4 17
-58 2 221 14 18
-61 -2 253 4 19
-69 2 121 4 20
-52 -2 121 4 21
-49 0 206 14 22
-53 0 205 4 23
-41 0 237 4 24
-42 0 119 4 25
-54 2 189 14 26
-53 -2 197 14 27
-40 0 139 4 28
-40 0 202 14 29
-46 2 197 14 30
-50 -2 184 14 31
-45 2 186 4 32
-41 -2 199 4 33
-30 0 209 4 34
-4 0 253 4 35
-45 2 134 4 36
-48 -2 146 14 37
-32 0 196 14 38
-44 2 180 4 39
-38 -2 189 14 40
-30 0 242 4 41
-26 0 223 14 42
-22 2 210 4 43
-31 -2 193 4 44
-30 0 119 4 45
-24 0 187 4 46
-34 0 149 4 47
-20 0 238 4 48
-22 0 177 14 49
-18 2 193 4 50
-23 -2 197 14 51
-11 0 243 4 52
-37 2 143 4 53
-45 -2 152 14 54
-17 0 222 4 55
17 2 254 4 56
30 -2 228 14 57
-13 0 168 4 58
-32 2 177 4 59
-28 -2 180 14 60
-16 0 205 14 61
-15 0 154 4 62
-25 2 173 4 63
-14 -2 178 14 64
-9 0 119 4 65
-8 0 203 4 66
-17 2 169 4 67
-38 -2 163 4 68
-17 2 121 4 69
-36 -2 149 4 70
-19 0 147 4 71
10 2 243 4 72
37 -2 204 14 73
-7 0 192 4 74
-9 0 212 4 75
-29 2 159 14 76
-20 -2 159 14 77
-5 0 182 4 78
-12 2 188 14 79
24 -2 187 4 80
41 2 165 14 81
-24 -2 149 4 82
-3 0 173 4 83
26 0 199 14 84
18 0 187 4 85
12 0 119 4 86
20 2 121 4 87
3 -2 121 4 88
39 0 253 4 89
32 0 162 4 90
42 2 185 14 91
36 -2 189 4 92
31 0 243 4 93
20 0 195 14 94
39 0 159 4 95
29 0 218 14 96
43 0 149 14 97
50 2 180 4 98
49 -2 185 4 99
35 0 195 14 100
44 0 156 14 101
32 0 119 4 102
51 2 150 4 103
54 -2 154 4 104
50 2 206 4 105
48 -2 216 4 106
60 2 203 14 107
66 -2 224 14 108
43 0 120 4 109
44 0 202 14 110
40 0 218 4 111
56 2 196 14 112
57 -2 190 4 113
46 0 144 4 114
62 2 152 14 115
52 -2 143 4 116
55 0 243 4 117
54 0 119 4 118
58 0 201 4 119
65 0 197 14 120
81 0 254 4 121
65 0 142 14 122
66 2 134 4 123
73 -2 121 4 124
71 2 185 4 125
65 -2 180 14 126
65 0 119 4 127
73 0 196 4 128
75 2 243 4 129
78 -2 209 4 130
114 2 226 4 131
110 -2 226 14 132
67 0 238 4 133
73 2 137 4 134
76 -2 141 4 135
68 0 149 14 136
79 2 187 4 137
78 -2 193 14 138
86 0 120 4 139
79 0 208 14 140
77 2 148 4 141
104 -2 124 4 142
82 0 156 4 143
87 0 217 14 144
97 0 243 4 145
86 0 199 4 146
114 0 253 4 147
96 0 122 4 148
90 2 184 4 149
92 -2 209 4 150
78 0 168 4 151
90 0 185 14 152
90 2 158 4 153
79 -2 155 4 154
119 0 202 14 155
105 2 187 4 156
98 -2 189 14 157
134 0 145 4 158
135 2 160 14 159
123 -2 169 4 160
102 2 179 4 161
132 -2 171 4 162
125 0 193 14 163
136 2 212 4 164
133 -2 216 4 165
131 2 197 14 166
127 -2 211 4 167
132 0 154 14 168
132 0 180 14 169
116 0 168 4 170
125 0 180 14 171
119 0 177 14 172
147 2 159 4 173
140 -2 166 4 174
130 0 243 4 175
139 0 253 4 176
134 0 149 4 177
147 2 139 4 178
150 -2 147 4 179
144 2 208 14 180
144 -2 215 14 181
144 2 232 14 182
145 -2 236 14 183
143 0 118 4 184
159 2 129 4 185
155 -2 115 4 186
155 0 221 4 187
156 0 253 4 188
166 0 113 4 189
159 2 204 4 190
159 -2 191 4 191
165 2 172 14 192
179 -2 180 4 193
161 2 174 4 194
169 -2 181 14 195
169 2 253 4 196
160 -2 222 4 197
165 2 135 14 198
171 -2 127 4 199
172 2 191 14 200
165 -2 190 4 201
173 2 166 4 202
189 -2 169 4 203
203 0 191 4 204
170 2 200 4 205
176 -2 202 14 206
205 0 181 4 207
189 0 201 14 208
190 0 243 4 209
181 0 110 4 210
198 2 199 14 211
195 -2 193 4 212
197 2 182 14 213
181 -2 176 4 214
182 0 253 4 215
172 2 158 4 216
174 -2 147 14 217
209 0 239 4 218
202 0 165 4 219
191 2 176 14 220
199 -2 175 14 221
185 0 210 4 222
185 2 198 4 223
192 -2 199 4 224
232 2 184 14 225
213 -2 171 4 226
229 2 244 4 227
220 -2 244 4 228
234 0 154 14 229
184 2 224 14 230
204 -2 253 4 231
182 2 128 4 232
203 -2 109 4 233
234 2 141 14 234
235 -2 147 14 235
236 2 175 14 236
236 -2 166 14 237
250 0 151 14 238
240 0 226 4 239
216 0 109 4 240
242 0 254 4 241
245 2 185 4 242
249 -2 184 4 243
246 2 165 4 244
246 -2 175 4 245
246 2 215 4 246
245 -2 222 4 247
240 2 231 14 248
240 -2 223 14 249
261 0 167 4 250
229 2 110 4 251
238 -2 110 4 252
261 2 172 14 253
258 -2 181 4 254
256 2 190 14 255
261 -2 190 14 256
257 0 254 4 257
288 0 165 14 258
276 0 244 4 259
266 0 112 4 260
270 0 131 4 261
253 0 138 4 262
250 0 107 4 263
253 0 145 4 264
273 2 187 14 265
279 -2 180 4 266
298 0 173 4 267
282 2 191 14 268
288 -2 184 4 269
260 0 129 4 270
284 0 130 4 271
263 0 148 14 272
268 0 149 14 273
278 0 110 4 274
262 2 224 4 275
262 -2 231 14 276
270 0 141 4 277
262 0 141 4 278
271 2 220 14 279
271 -2 214 4 280
286 0 136 14 281
287 0 148 14 282
279 0 140 4 283
294 0 138 14 284
279 0 133 14 285
295 0 180 14 286
263 2 105 4 287
254 -2 124 4 288
289 0 109 4 289
265 0 156 4 290
290 2 172 4 291
287 -2 176 14 292
316 0 116 4 293
299 0 110 4 294
302 0 132 4 295
289 0 140 4 296
296 2 188 14 297
305 -2 184 4 298
297 0 126 4 299
292 0 253 4 300
335 0 142 4 301
307 0 137 4 302
301 0 231 14 303
286 2 170 14 304
298 -2 165 14 305
328 0 113 4 306
276 0 127 14 307
336 2 171 14 308
336 -2 178 14 309
345 0 146 4 310
288 2 213 4 311
299 -2 221 14 312
285 2 230 14 313
305 -2 253 4 314
285 2 162 4 315
278 -2 165 4 316
279 2 158 14 317
290 -2 145 4 318
293 2 156 4 319
309 -2 142 4 320
339 2 158 14 321
345 -2 161 4 322
339 2 182 14 323
351 -2 178 14 324
340 2 145 14 325
340 -2 139 14 326
303 2 135 14 327
286 -2 153 4 328
293 2 136 14 329
288 -2 139 4 330
348 2 144 4 331
348 -2 132 4 332
347 2 165 4 333
353 -2 144 4 334
297 2 149 4 335
343 -2 106 4 336
335 0 244 4 337
317 0 253 4 338
371 0 137 4 339
352 2 107 4 340
361 -2 107 4 341
354 2 148 14 342
353 -2 154 4 343
359 2 126 4 344
358 -2 133 14 345
342 2 220 14 346
314 -2 215 4 347
369 2 175 4 348
370 -2 172 14 349
354 2 161 14 350
362 -2 148 14 351
362 2 175 14 352
363 -2 171 4 353
307 2 215 4 354
355 -2 244 4 355
365 2 136 4 356
372 -2 107 4 357
367 2 158 14 358
361 -2 160 4 359
