360
-90 0 268 4 0
-83 0 257 4 1
-90 6 231 4 2
-90 -6 237 4 3
-90 6 255 4 4
-90 -6 261 4 5
-89 6 207 4 6
-89 -6 213 4 7
-71 0 227 14 8
-70 0 274 4 9
-83 0 147 4 10
-82 6 130 4 11
-76 -6 124 4 12
-61 0 118 4 13
-62 6 228 14 14
-61 -6 223 4 15
-52 0 140 14 16
-52 0 248 4 17
-56 6 250 14 18
-58 -6 274 4 19
-63 6 124 4 20
-50 -6 124 4 21
-47 0 218 14 22
-51 0 223 4 23
-41 0 238 4 24
-41 0 118 4 25
-50 6 210 14 26
-49 -6 215 14 27
-39 0 139 4 28
-38 0 209 14 29
-42 6 217 14 30
-45 -6 209 14 31
-41 6 203 4 32
-39 -6 212 4 33
-30 0 211 4 34
-12 0 274 4 35
-41 6 133 4 36
-43 -6 141 14 37
-30 0 198 14 38
-39 6 195 4 39
-35 -6 202 14 40
-29 0 248 4 41
-26 0 232 14 42
-22 6 213 4 43
-29 -6 201 4 44
-28 0 118 4 45
-24 0 189 4 46
-30 0 146 4 47
-20 0 239 4 48
-20 0 178 14 49
-18 6 196 4 50
-22 -6 200 14 51
-12 0 250 4 52
-31 6 140 4 53
-37 -6 146 14 54
-16 0 225 4 55
8 6 274 4 56
18 -6 256 14 57
-13 0 168 4 58
-27 6 180 4 59
-24 -6 183 14 60
-15 0 210 14 61
-13 0 154 4 62
-20 6 175 4 63
-12 -6 179 14 64
-8 0 118 4 65
-7 0 205 4 66
-13 6 168 4 67
-28 -6 164 4 68
-13 6 124 4 69
-27 -6 144 4 70
-14 0 145 4 71
6 6 251 4 72
26 -6 223 14 73
-6 0 194 4 74
-7 0 214 4 75
-21 6 158 14 76
-14 -6 158 14 77
-2 0 183 4 78
-8 6 193 14 79
18 -6 192 4 80
31 6 159 14 81
-15 -6 147 4 82
0 0 172 4 83
21 0 208 14 84
15 0 188 4 85
12 0 118 4 86
18 6 124 4 87
5 -6 124 4 88
31 0 274 4 89
27 0 161 4 90
34 6 194 14 91
30 -6 197 4 92
26 0 251 4 93
18 0 198 14 94
33 0 156 4 95
27 0 224 14 96
37 0 145 14 97
43 6 194 4 98
42 -6 197 4 99
32 0 201 14 100
39 0 154 14 101
31 0 119 4 102
45 6 146 4 103
47 -6 149 4 104
44 6 224 4 105
43 -6 231 4 106
52 6 237 14 107
56 -6 253 14 108
41 0 120 4 109
41 0 208 14 110
39 0 226 4 111
51 6 207 14 112
52 -6 202 4 113
45 0 143 4 114
56 6 146 14 115
49 -6 140 4 116
53 0 251 4 117
53 0 119 4 118
55 0 208 4 119
61 0 211 14 120
73 0 274 4 121
63 0 142 14 122
64 6 133 4 123
68 -6 124 4 124
67 6 199 4 125
63 -6 195 14 126
65 0 119 4 127
70 0 204 4 128
73 6 251 4 129
74 -6 226 4 130
101 6 254 4 131
98 -6 254 14 132
68 0 240 4 133
72 6 136 4 134
75 -6 139 4 135
69 0 148 14 136
77 6 199 4 137
77 -6 203 14 138
83 0 121 4 139
79 0 209 14 140
79 6 146 4 141
98 -6 129 4 142
82 0 156 4 143
86 0 223 14 144
93 0 251 4 145
86 0 200 4 146
107 0 274 4 147
94 0 124 4 148
89 6 194 4 149
90 -6 212 4 150
81 0 169 4 151
90 0 185 14 152
90 6 157 4 153
83 -6 154 4 154
112 0 210 14 155
103 6 192 4 156
98 -6 194 14 157
124 0 144 4 158
125 6 163 14 159
117 -6 170 4 160
102 6 181 4 161
123 -6 176 4 162
119 0 200 14 163
127 6 244 4 164
125 -6 247 4 165
124 6 218 14 166
121 -6 228 4 167
125 0 154 14 168
126 0 186 14 169
115 0 168 4 170
121 0 182 14 171
117 0 178 14 172
140 6 162 4 173
135 -6 167 4 174
128 0 251 4 175
136 0 273 4 176
133 0 149 4 177
145 6 136 4 178
146 -6 142 4 179
144 6 226 14 180
144 -6 231 14 181
144 6 258 14 182
145 -6 262 14 183
145 0 116 4 184
160 6 120 4 185
157 -6 110 4 186
158 0 236 4 187
160 0 274 4 188
170 0 105 4 189
167 6 223 4 190
167 -6 214 4 191
172 6 178 14 192
182 -6 183 4 193
169 6 187 4 194
175 -6 192 14 195
175 6 273 4 196
169 -6 251 4 197
173 6 118 14 198
177 -6 112 4 199
179 6 205 14 200
174 -6 204 4 201
180 6 168 4 202
191 -6 170 4 203
204 0 194 4 204
180 6 216 4 205
184 -6 217 14 206
206 0 181 4 207
194 0 209 14 208
195 0 252 4 209
190 0 98 4 210
202 6 204 14 211
200 -6 200 4 212
202 6 185 14 213
190 -6 181 4 214
191 0 274 4 215
184 6 156 4 216
186 -6 148 14 217
211 0 242 4 218
206 0 165 4 219
199 6 177 14 220
205 -6 176 14 221
195 0 225 4 222
196 6 213 4 223
201 -6 213 4 224
232 6 180 14 225
218 -6 170 4 226
229 6 252 4 227
223 -6 252 4 228
234 0 153 14 229
198 6 253 14 230
213 -6 274 4 231
198 6 110 4 232
213 -6 97 4 233
235 6 140 14 234
236 -6 145 14 235
238 6 170 14 236
238 -6 164 14 237
251 0 150 14 238
244 0 239 4 239
226 0 96 4 240
246 0 274 4 241
250 6 179 4 242
253 -6 178 4 243
251 6 158 4 244
251 -6 165 4 245
253 6 232 4 246
252 -6 237 4 247
248 6 257 14 248
248 -6 252 14 249
264 0 164 4 250
244 6 98 4 251
250 -6 98 4 252
267 6 165 14 253
265 -6 172 4 254
263 6 183 14 255
267 -6 183 14 256
267 0 274 4 257
290 0 164 14 258
281 0 252 4 259
275 0 104 4 260
279 0 120 4 261
266 0 121 4 262
265 0 92 4 263
268 0 127 4 264
282 6 179 14 265
286 -6 174 4 266
300 0 171 4 267
288 6 186 14 268
293 -6 181 4 269
273 0 113 4 270
290 0 122 4 271
276 0 130 14 272
280 0 133 14 273
288 0 98 4 274
276 6 253 4 275
277 -6 257 14 276
282 0 124 4 277
277 0 122 4 278
283 6 235 14 279
283 -6 231 4 280
294 0 125 14 281
295 0 137 14 282
290 0 126 4 283
301 0 128 14 284
291 0 118 14 285
302 0 173 14 286
279 6 87 4 287
273 -6 101 4 288
298 0 97 4 289
282 0 135 4 290
300 6 162 4 291
298 -6 165 14 292
319 0 111 4 293
307 0 99 4 294
310 0 121 4 295
301 0 125 4 296
306 6 180 14 297
312 -6 178 4 298
307 0 112 4 299
303 0 274 4 300
335 0 140 4 301
316 0 125 4 302
312 0 243 14 303
301 6 155 14 304
310 -6 152 14 305
332 0 106 4 306
295 0 102 14 307
339 6 163 14 308
339 -6 168 14 309
347 0 140 4 310
306 6 231 4 311
315 -6 236 14 312
305 6 257 14 313
318 -6 274 4 314
306 6 134 4 315
301 -6 137 4 316
302 6 129 14 317
310 -6 120 4 318
312 6 132 4 319
323 -6 122 4 320
345 6 144 14 321
350 -6 146 4 322
346 6 170 14 323
355 -6 166 14 324
347 6 125 14 325
347 -6 121 14 326
321 6 111 14 327
309 -6 124 4 328
314 6 107 14 329
311 -6 109 4 330
354 6 126 4 331
354 -6 117 4 332
354 6 143 4 333
359 -6 128 4 334
319 6 121 4 335
352 -6 90 4 336
346 0 253 4 337
333 0 273 4 338
372 0 132 4 339
360 6 92 4 340
366 -6 92 4 341
361 6 130 14 342
361 -6 134 4 343
365 6 108 4 344
364 -6 113 14 345
353 6 232 14 346
333 -6 229 4 347
373 6 164 4 348
374 -6 161 14 349
363 6 138 14 350
368 -6 129 14 351
369 6 156 14 352
370 -6 153 4 353
329 6 232 4 354
364 -6 253 4 355
372 6 114 4 356
377 -6 92 4 357
374 6 136 14 358
370 -6 137 4 359
