360
-93 0 253 4 0
-84 0 247 4 1
-93 3 208 4 2
-93 -3 217 4 3
-93 3 231 4 4
-93 -3 240 4 5
-93 3 185 4 6
-93 -3 194 4 7
-72 0 212 14 8
-72 0 256 4 9
-90 0 149 4 10
-89 3 130 4 11
-80 -3 122 4 12
-62 0 119 4 13
-64 3 213 14 14
-63 -3 206 4 15
-52 0 140 14 16
-52 0 242 4 17
-58 3 225 14 18
-60 -3 256 4 19
-68 3 122 4 20
-52 -3 122 4 21
-48 0 208 14 22
-53 0 207 4 23
-41 0 237 4 24
-42 0 119 4 25
-53 3 192 14 26
-53 -3 199 14 27
-40 0 139 4 28
-39 0 203 14 29
-45 3 199 14 30
-49 -3 188 14 31
-44 3 189 4 32
-41 -3 200 4 33
-30 0 209 4 34
-5 0 256 4 35
-44 3 134 4 36
-48 -3 145 14 37
-31 0 197 14 38
-43 3 181 4 39
-38 -3 191 14 40
-30 0 242 4 41
-26 0 224 14 42
-22 3 211 4 43
-31 -3 194 4 44
-30 0 119 4 45
-24 0 187 4 46
-33 0 149 4 47
-20 0 238 4 48
-21 0 177 14 49
-18 3 193 4 50
-23 -3 198 14 51
-11 0 244 4 52
-36 3 143 4 53
-44 -3 152 14 54
-17 0 222 4 55
15 3 256 4 56
29 -3 231 14 57
-13 0 168 4 58
-31 3 177 4 59
-27 -3 180 14 60
-16 0 206 14 61
-15 0 154 4 62
-24 3 173 4 63
-14 -3 178 14 64
-9 0 119 4 65
-8 0 203 4 66
-16 3 169 4 67
-36 -3 163 4 68
-17 3 122 4 69
-35 -3 148 4 70
-18 0 146 4 71
9 3 244 4 72
36 -3 206 14 73
-7 0 192 4 74
-9 0 213 4 75
-28 3 159 14 76
-19 -3 159 14 77
-4 0 182 4 78
-11 3 189 14 79
23 -3 188 4 80
39 3 164 14 81
-22 -3 149 4 82
-2 0 173 4 83
25 0 200 14 84
17 0 187 4 85
12 0 119 4 86
20 3 122 4 87
3 -3 122 4 88
38 0 256 4 89
31 0 162 4 90
41 3 186 14 91
35 -3 190 4 92
30 0 244 4 93
19 0 195 14 94
39 0 158 4 95
29 0 219 14 96
43 0 148 14 97
49 3 182 4 98
49 -3 186 4 99
35 0 195 14 100
43 0 156 14 101
32 0 119 4 102
50 3 149 4 103
54 -3 153 4 104
49 3 209 4 105
47 -3 218 4 106
59 3 207 14 107
65 -3 227 14 108
42 0 120 4 109
43 0 203 14 110
40 0 219 4 111
55 3 197 14 112
56 -3 192 4 113
46 0 144 4 114
61 3 152 14 115
52 -3 143 4 116
54 0 244 4 117
54 0 119 4 118
57 0 202 4 119
65 0 199 14 120
80 0 256 4 121
65 0 142 14 122
66 3 134 4 123
72 -3 122 4 124
71 3 187 4 125
65 -3 182 14 126
65 0 119 4 127
72 0 197 4 128
75 3 244 4 129
77 -3 211 4 130
112 3 230 4 131
109 -3 230 14 132
67 0 238 4 133
73 3 137 4 134
76 -3 141 4 135
68 0 149 14 136
78 3 188 4 137
78 -3 194 14 138
85 0 120 4 139
79 0 208 14 140
78 3 148 4 141
103 -3 124 4 142
82 0 156 4 143
87 0 218 14 144
96 0 244 4 145
86 0 199 4 146
113 0 256 4 147
96 0 122 4 148
90 3 185 4 149
91 -3 209 4 150
79 0 168 4 151
90 0 185 14 152
90 3 158 4 153
80 -3 155 4 154
118 0 203 14 155
105 3 187 4 156
98 -3 190 14 157
133 0 145 4 158
134 3 160 14 159
122 -3 169 4 160
102 3 179 4 161
131 -3 171 4 162
124 0 194 14 163
135 3 216 4 164
132 -3 220 4 165
131 3 200 14 166
126 -3 214 4 167
132 0 154 14 168
131 0 180 14 169
116 0 168 4 170
125 0 180 14 171
119 0 177 14 172
146 3 159 4 173
139 -3 166 4 174
130 0 244 4 175
139 0 256 4 176
134 0 149 4 177
147 3 139 4 178
149 -3 146 4 179
144 3 210 14 180
144 -3 217 14 181
144 3 235 14 182
145 -3 240 14 183
143 0 118 4 184
159 3 128 4 185
155 -3 114 4 186
156 0 223 4 187
157 0 256 4 188
167 0 112 4 189
160 3 207 4 190
160 -3 194 4 191
166 3 173 14 192
180 -3 180 4 193
162 3 176 4 194
170 -3 182 14 195
170 3 256 4 196
161 -3 226 4 197
166 3 133 14 198
172 -3 125 4 199
173 3 193 14 200
166 -3 192 4 201
174 3 166 4 202
189 -3 169 4 203
203 0 192 4 204
171 3 202 4 205
177 -3 204 14 206
205 0 181 4 207
189 0 202 14 208
191 0 244 4 209
183 0 108 4 210
199 3 200 14 211
195 -3 194 4 212
198 3 182 14 213
182 -3 177 4 214
184 0 256 4 215
174 3 157 4 216
176 -3 147 14 217
209 0 239 4 218
202 0 165 4 219
192 3 176 14 220
199 -3 175 14 221
186 0 212 4 222
186 3 200 4 223
193 -3 201 4 224
232 3 184 14 225
213 -3 171 4 226
229 3 245 4 227
220 -3 245 4 228
234 0 154 14 229
185 3 228 14 230
205 -3 256 4 231
184 3 125 4 232
205 -3 107 4 233
234 3 141 14 234
235 -3 146 14 235
236 3 174 14 236
236 -3 166 14 237
250 0 151 14 238
240 0 227 4 239
217 0 107 4 240
243 0 256 4 241
246 3 184 4 242
249 -3 183 4 243
247 3 164 4 244
247 -3 173 4 245
247 3 217 4 246
246 -3 224 4 247
241 3 234 14 248
241 -3 226 14 249
262 0 167 4 250
231 3 108 4 251
239 -3 108 4 252
261 3 171 14 253
259 -3 180 4 254
257 3 189 14 255
262 -3 189 14 256
259 0 256 4 257
289 0 165 14 258
276 0 245 4 259
268 0 111 4 260
272 0 130 4 261
255 0 136 4 262
252 0 105 4 263
255 0 143 4 264
274 3 186 14 265
280 -3 180 4 266
298 0 173 4 267
283 3 190 14 268
289 -3 184 4 269
262 0 127 4 270
285 0 129 4 271
265 0 146 14 272
270 0 147 14 273
280 0 108 4 274
263 3 228 4 275
264 -3 234 14 276
271 0 139 4 277
264 0 139 4 278
272 3 222 14 279
272 -3 216 4 280
287 0 135 14 281
288 0 147 14 282
280 0 138 4 283
294 0 137 14 284
281 0 131 14 285
295 0 179 14 286
265 3 103 4 287
257 -3 121 4 288
290 0 108 4 289
267 0 153 4 290
292 3 171 4 291
288 -3 175 14 292
317 0 115 4 293
300 0 109 4 294
303 0 131 4 295
291 0 138 4 296
298 3 187 14 297
305 -3 183 4 298
298 0 124 4 299
293 0 256 4 300
335 0 142 4 301
309 0 135 4 302
303 0 232 14 303
288 3 168 14 304
300 -3 163 14 305
328 0 112 4 306
278 0 124 14 307
337 3 170 14 308
337 -3 176 14 309
345 0 145 4 310
290 3 215 4 311
301 -3 223 14 312
288 3 233 14 313
306 -3 256 4 314
287 3 158 4 315
281 -3 161 4 316
282 3 154 14 317
293 -3 142 4 318
296 3 153 4 319
311 -3 139 4 320
340 3 156 14 321
346 -3 159 4 322
340 3 181 14 323
351 -3 176 14 324
341 3 142 14 325
341 -3 136 14 326
305 3 132 14 327
289 -3 149 4 328
295 3 132 14 329
291 -3 135 4 330
349 3 141 4 331
349 -3 130 4 332
348 3 162 4 333
354 -3 142 4 334
300 3 145 4 335
344 -3 104 4 336
336 0 245 4 337
319 0 256 4 338
371 0 136 4 339
353 3 105 4 340
362 -3 105 4 341
355 3 146 14 342
354 -3 151 4 343
360 3 124 4 344
359 -3 130 14 345
343 3 221 14 346
317 -3 217 4 347
369 3 174 4 348
370 -3 170 14 349
355 3 158 14 350
363 -3 145 14 351
363 3 173 14 352
364 -3 168 4 353
310 3 218 4 354
356 -3 245 4 355
365 3 133 4 356
373 -3 105 4 357
368 3 155 14 358
363 -3 157 4 359
