360
-77 0 190 4 0
-74 0 197 14 1
-66 0 198 14 2
-65 0 189 4 3
-60 0 197 14 4
-58 0 173 14 5
-57 0 182 14 6
-56 0 190 4 7
-54 0 165 14 8
-53 0 140 14 9
-53 0 149 14 10
-53 0 157 14 11
-50 0 196 14 12
-49 0 135 4 13
-49 0 180 14 14
-47 0 167 4 15
-48 0 173 4 16
-46 0 162 4 17
-44 0 153 4 18
-44 0 188 4 19
-43 0 146 4 20
-42 0 138 4 21
-41 0 179 14 22
-41 0 196 14 23
-37 0 151 4 24
-37 0 160 14 25
-37 0 172 4 26
-33 0 187 4 27
-32 0 194 4 28
-32 0 177 14 29
-31 0 150 4 30
-30 0 208 4 31
-29 0 171 4 32
-27 0 216 14 33
-25 0 159 14 34
-25 0 186 4 35
-25 0 196 14 36
-23 0 148 4 37
-23 0 176 14 38
-22 0 208 4 39
-19 0 170 4 40
-18 0 189 14 41
-18 0 202 14 42
-18 0 220 4 43
-17 0 153 4 44
-16 0 177 14 45
-16 0 185 14 46
-14 0 168 4 47
-11 0 211 4 48
-9 0 191 4 49
-9 0 202 4 50
-7 0 181 4 51
-6 0 173 4 52
20 0 185 4 53
21 0 193 14 54
28 0 183 14 55
29 0 192 14 56
32 0 213 14 57
36 0 163 14 58
37 0 190 4 59
40 0 205 14 60
41 0 182 4 61
41 0 212 14 62
44 0 162 4 63
45 0 198 4 64
46 0 188 14 65
47 0 145 4 66
48 0 153 14 67
48 0 158 4 68
48 0 171 14 69
48 0 177 4 70
52 0 203 14 71
54 0 146 4 72
54 0 192 14 73
55 0 175 4 74
56 0 154 14 75
56 0 170 14 76
59 0 187 4 77
59 0 196 4 78
60 0 158 14 79
60 0 180 14 80
66 0 158 4 81
66 0 167 4 82
66 0 174 14 83
67 0 142 14 84
67 0 150 14 85
68 0 135 4 86
68 0 185 4 87
73 0 137 4 88
74 0 174 14 89
74 0 191 4 90
74 0 200 14 91
75 0 167 4 92
76 0 150 14 93
76 0 156 14 94
77 0 143 4 95
78 0 185 14 96
79 0 177 4 97
79 0 206 4 98
80 0 195 14 99
81 0 155 14 100
86 0 199 4 101
88 0 212 4 102
89 0 159 4 103
89 0 184 4 104
90 0 176 14 105
92 0 207 14 106
98 0 186 4 107
102 0 176 4 108
107 0 182 4 109
117 0 168 4 110
120 0 175 14 111
120 0 202 14 112
124 0 195 4 113
125 0 202 4 114
128 0 168 4 115
128 0 176 4 116
130 0 186 14 117
131 0 198 14 118
135 0 149 14 119
137 0 173 4 120
137 0 180 14 121
138 0 154 4 122
139 0 166 4 123
139 0 191 14 124
142 0 146 4 125
143 0 157 14 126
143 0 186 4 127
143 0 209 4 128
144 0 164 14 129
144 0 193 4 130
144 0 202 4 131
145 0 216 14 132
149 0 142 4 133
150 0 218 4 134
152 0 151 14 135
152 0 156 14 136
152 0 173 14 137
152 0 189 14 138
152 0 199 14 139
152 0 210 4 140
153 0 162 4 141
157 0 137 14 142
157 0 179 4 143
158 0 149 14 144
159 0 167 4 145
161 0 187 14 146
162 0 159 4 147
163 0 172 4 148
164 0 146 4 149
165 0 139 4 150
166 0 180 14 151
167 0 164 4 152
168 0 189 14 153
169 0 142 4 154
171 0 201 14 155
173 0 171 14 156
175 0 186 4 157
176 0 177 4 158
176 0 198 4 159
184 0 175 14 160
184 0 187 14 161
184 0 195 4 162
186 0 168 4 163
190 0 187 14 164
193 0 173 14 165
193 0 179 14 166
194 0 194 14 167
198 0 164 4 168
202 0 189 4 169
204 0 181 4 170
208 0 172 14 171
232 0 141 4 172
232 0 188 4 173
232 0 199 4 174
232 0 209 14 175
233 0 148 14 176
233 0 154 14 177
233 0 167 4 178
233 0 178 14 179
236 0 215 14 180
238 0 142 14 181
239 0 210 4 182
240 0 192 14 183
240 0 202 14 184
241 0 151 4 185
241 0 159 4 186
241 0 170 14 187
241 0 182 14 188
245 0 189 14 189
250 0 142 4 190
249 0 151 14 191
249 0 157 14 192
249 0 195 14 193
249 0 201 14 194
250 0 209 4 195
252 0 172 4 196
252 0 162 4 197
252 0 188 14 198
255 0 177 14 199
256 0 196 4 200
258 0 162 4 201
258 0 170 14 202
260 0 148 4 203
259 0 154 14 204
259 0 181 14 205
259 0 187 4 206
260 0 200 14 207
260 0 208 4 208
264 0 140 4 209
265 0 195 14 210
267 0 177 4 211
267 0 184 14 212
269 0 163 14 213
269 0 146 14 214
269 0 151 14 215
269 0 208 14 216
272 0 198 14 217
273 0 166 14 218
273 0 181 14 219
273 0 187 4 220
275 0 159 4 221
277 0 195 14 222
277 0 176 14 223
278 0 137 4 224
279 0 145 14 225
278 0 185 14 226
279 0 152 4 227
280 0 158 4 228
279 0 171 4 229
279 0 207 4 230
283 0 180 4 231
284 0 199 14 232
285 0 187 4 233
287 0 209 4 234
288 0 147 14 235
288 0 156 4 236
288 0 166 14 237
288 0 136 4 238
289 0 176 4 239
289 0 185 14 240
289 0 195 4 241
289 0 202 4 242
290 0 216 14 243
293 0 221 14 244
295 0 141 4 245
296 0 216 4 246
297 0 159 4 247
297 0 175 4 248
299 0 190 14 249
299 0 204 4 250
300 0 147 4 251
331 0 201 4 252
333 0 210 14 253
334 0 153 14 254
334 0 161 4 255
334 0 170 4 256
334 0 177 14 257
334 0 185 14 258
334 0 194 14 259
335 0 143 4 260
338 0 214 4 261
341 0 182 4 262
341 0 205 14 263
342 0 173 4 264
342 0 195 14 265
343 0 143 14 266
343 0 150 4 267
343 0 158 14 268
347 0 170 14 269
347 0 180 14 270
348 0 163 4 271
348 0 187 14 272
349 0 157 14 273
352 0 195 4 274
353 0 149 14 275
354 0 141 4 276
355 0 178 4 277
357 0 164 14 278
357 0 170 4 279
357 0 191 4 280
358 0 185 14 281
359 0 155 4 282
362 0 176 14 283
363 0 148 4 284
365 0 190 4 285
366 0 164 4 286
366 0 169 4 287
366 0 184 14 288
367 0 180 14 289
368 0 176 4 290
370 0 140 4 291
371 0 154 4 292
371 0 191 4 293
373 0 169 14 294
374 0 162 4 295
375 0 147 4 296
375 0 182 14 297
376 0 189 4 298
377 0 205 14 299
378 0 156 4 300
378 0 179 4 301
379 0 173 4 302
381 0 202 4 303
384 0 149 14 304
384 0 213 14 305
386 0 139 4 306
387 0 158 4 307
387 0 171 14 308
388 0 183 14 309
388 0 192 4 310
388 0 205 4 311
390 0 219 14 312
397 0 145 14 313
397 0 199 4 314
397 0 212 14 315
398 0 157 4 316
398 0 170 4 317
398 0 184 14 318
419 0 191 14 319
427 0 182 4 320
429 0 189 4 321
433 0 160 14 322
435 0 175 14 323
437 0 183 4 324
437 0 208 14 325
439 0 198 4 326
441 0 189 4 327
441 0 217 14 328
442 0 151 4 329
442 0 166 4 330
443 0 180 14 331
446 0 157 4 332
446 0 210 4 333
447 0 200 4 334
448 0 142 14 335
449 0 176 4 336
449 0 187 14 337
452 0 172 4 338
453 0 134 4 339
454 0 154 4 340
455 0 164 14 341
456 0 147 14 342
457 0 159 14 343
460 0 138 4 344
460 0 178 14 345
464 0 169 4 346
470 0 151 4 347
470 0 174 4 348
472 0 209 4 349
474 0 217 14 350
477 0 166 14 351
479 0 148 14 352
479 0 155 4 353
479 0 209 4 354
479 0 223 14 355
480 0 176 4 356
480 0 187 14 357
480 0 198 14 358
485 0 220 4 359
