360
-76 0 190 4 0
-73 0 197 14 1
-65 0 198 14 2
-64 0 189 4 3
-59 0 197 14 4
-57 0 174 14 5
-56 0 182 14 6
-55 0 190 4 7
-53 0 166 14 8
-52 0 141 14 9
-52 0 150 14 10
-52 0 158 14 11
-49 0 196 14 12
-48 0 136 4 13
-48 0 180 14 14
-33 0 169 4 15
-47 0 174 4 16
-45 0 163 4 17
-43 0 154 4 18
-43 0 188 4 19
-42 0 147 4 20
-41 0 139 4 21
-40 0 180 14 22
-40 0 196 14 23
-36 0 152 4 24
-36 0 161 14 25
-36 0 173 4 26
-32 0 187 4 27
-25 0 192 4 28
-31 0 178 14 29
-30 0 151 4 30
-29 0 208 4 31
-28 0 172 4 32
-26 0 216 14 33
-24 0 160 14 34
-24 0 186 4 35
-24 0 196 14 36
-22 0 149 4 37
-22 0 177 14 38
-21 0 208 4 39
0 0 171 4 40
1 0 184 14 41
-17 0 202 14 42
-17 0 220 4 43
-16 0 154 4 44
-15 0 178 14 45
-15 0 185 14 46
-13 0 169 4 47
-10 0 211 4 48
-8 0 191 4 49
-8 0 202 4 50
-6 0 181 4 51
-5 0 174 4 52
24 0 183 4 53
24 0 195 14 54
30 0 180 14 55
31 0 191 14 56
33 0 208 14 57
38 0 164 14 58
38 0 190 4 59
40 0 203 14 60
39 0 181 4 61
43 0 211 14 62
42 0 165 4 63
42 0 197 4 64
44 0 187 14 65
47 0 147 4 66
42 0 155 14 67
47 0 159 4 68
44 0 173 14 69
46 0 178 4 70
50 0 200 14 71
55 0 147 4 72
50 0 190 14 73
55 0 175 4 74
53 0 155 14 75
51 0 172 14 76
57 0 185 4 77
57 0 196 4 78
57 0 160 14 79
61 0 180 14 80
63 0 159 4 81
67 0 168 4 82
64 0 173 14 83
60 0 142 14 84
65 0 152 14 85
62 0 134 4 86
64 0 186 4 87
67 0 138 4 88
72 0 174 14 89
69 0 191 4 90
69 0 200 14 91
70 0 166 4 92
74 0 152 14 93
73 0 159 14 94
72 0 145 4 95
74 0 186 14 96
70 0 177 4 97
74 0 205 4 98
70 0 194 14 99
79 0 154 14 100
80 0 198 4 101
72 0 209 4 102
84 0 159 4 103
79 0 181 4 104
86 0 175 14 105
89 0 205 14 106
96 0 185 4 107
99 0 176 4 108
93 0 180 4 109
104 0 167 4 110
112 0 174 14 111
103 0 199 14 112
101 0 193 4 113
110 0 198 4 114
114 0 166 4 115
105 0 171 4 116
109 0 183 14 117
130 0 198 14 118
132 0 150 14 119
124 0 171 4 120
133 0 180 14 121
138 0 154 4 122
124 0 165 4 123
113 0 189 14 124
137 0 146 4 125
137 0 157 14 126
140 0 185 4 127
120 0 207 4 128
137 0 164 14 129
141 0 193 4 130
140 0 202 4 131
116 0 215 14 132
124 0 146 4 133
123 0 217 4 134
148 0 152 14 135
149 0 158 14 136
142 0 172 14 137
141 0 189 14 138
147 0 199 14 139
151 0 209 4 140
145 0 161 4 141
122 0 142 14 142
156 0 179 4 143
125 0 151 14 144
157 0 167 4 145
154 0 186 14 146
158 0 159 4 147
155 0 171 4 148
160 0 147 4 149
153 0 142 4 150
154 0 178 14 151
164 0 164 4 152
168 0 188 14 153
159 0 143 4 154
159 0 202 14 155
170 0 171 14 156
157 0 182 4 157
158 0 173 4 158
165 0 196 4 159
182 0 174 14 160
166 0 183 14 161
165 0 194 4 162
179 0 166 4 163
176 0 184 14 164
184 0 172 14 165
177 0 175 14 166
183 0 192 14 167
190 0 163 4 168
196 0 187 4 169
186 0 180 4 170
202 0 170 14 171
212 0 139 4 172
205 0 185 4 173
212 0 198 4 174
203 0 209 14 175
208 0 146 14 176
208 0 154 14 177
221 0 165 4 178
192 0 171 14 179
208 0 216 14 180
209 0 140 14 181
215 0 213 4 182
235 0 190 14 183
212 0 203 14 184
217 0 149 4 185
216 0 157 4 186
222 0 169 14 187
236 0 180 14 188
215 0 185 14 189
250 0 143 4 190
248 0 150 14 191
247 0 157 14 192
236 0 193 14 193
213 0 202 14 194
220 0 209 4 195
250 0 172 4 196
222 0 162 4 197
244 0 187 14 198
233 0 173 14 199
254 0 195 4 200
230 0 160 4 201
248 0 170 14 202
258 0 149 4 203
257 0 156 14 204
250 0 180 14 205
225 0 181 4 206
221 0 199 14 207
255 0 207 4 208
263 0 138 4 209
255 0 193 14 210
262 0 177 4 211
256 0 183 14 212
268 0 163 14 213
266 0 145 14 214
268 0 152 14 215
256 0 206 14 216
228 0 194 14 217
262 0 166 14 218
268 0 180 14 219
263 0 185 4 220
275 0 160 4 221
278 0 195 14 222
274 0 176 14 223
275 0 138 4 224
280 0 145 14 225
277 0 185 14 226
277 0 151 4 227
280 0 159 4 228
272 0 171 4 229
264 0 212 4 230
282 0 180 4 231
284 0 201 14 232
286 0 189 4 233
293 0 209 4 234
289 0 148 14 235
289 0 157 4 236
287 0 167 14 237
286 0 138 4 238
305 0 180 4 239
310 0 188 14 240
299 0 197 4 241
291 0 201 4 242
291 0 214 14 243
297 0 220 14 244
293 0 141 4 245
303 0 218 4 246
317 0 161 4 247
314 0 180 4 248
311 0 191 14 249
304 0 207 4 250
299 0 146 4 251
343 0 202 4 252
334 0 212 14 253
342 0 153 14 254
340 0 162 4 255
355 0 172 4 256
342 0 178 14 257
337 0 187 14 258
341 0 196 14 259
342 0 144 4 260
341 0 213 4 261
343 0 182 4 262
342 0 205 14 263
350 0 174 4 264
359 0 197 14 265
356 0 143 14 266
350 0 149 4 267
347 0 158 14 268
349 0 171 14 269
364 0 182 14 270
355 0 161 4 271
349 0 188 14 272
359 0 158 14 273
357 0 195 4 274
361 0 150 14 275
362 0 139 4 276
359 0 180 4 277
363 0 166 14 278
358 0 170 4 279
357 0 191 4 280
360 0 186 14 281
359 0 155 4 282
366 0 176 14 283
371 0 146 4 284
374 0 192 4 285
372 0 166 4 286
385 0 173 4 287
369 0 184 14 288
384 0 183 14 289
375 0 177 4 290
373 0 139 4 291
377 0 155 4 292
374 0 191 4 293
400 0 174 14 294
403 0 167 4 295
377 0 149 4 296
383 0 183 14 297
416 0 194 4 298
380 0 206 14 299
379 0 156 4 300
394 0 180 4 301
386 0 175 4 302
385 0 200 4 303
410 0 151 14 304
388 0 213 14 305
414 0 143 4 306
390 0 159 4 307
410 0 175 14 308
420 0 188 14 309
410 0 195 4 310
392 0 206 4 311
411 0 214 14 312
414 0 146 14 313
410 0 200 4 314
409 0 210 14 315
419 0 162 4 316
412 0 172 4 317
416 0 185 14 318
428 0 192 14 319
435 0 181 4 320
446 0 191 4 321
438 0 160 14 322
447 0 179 14 323
452 0 183 4 324
439 0 207 14 325
442 0 198 4 326
442 0 189 4 327
447 0 213 14 328
445 0 152 4 329
444 0 168 4 330
449 0 180 14 331
450 0 159 4 332
453 0 207 4 333
448 0 200 4 334
454 0 143 14 335
450 0 176 4 336
454 0 188 14 337
457 0 173 4 338
459 0 138 4 339
458 0 156 4 340
457 0 165 14 341
458 0 149 14 342
465 0 162 14 343
465 0 141 4 344
467 0 179 14 345
467 0 169 4 346
471 0 152 4 347
472 0 174 4 348
472 0 207 4 349
476 0 217 14 350
477 0 167 14 351
478 0 148 14 352
477 0 156 4 353
481 0 207 4 354
484 0 222 14 355
483 0 178 4 356
479 0 188 14 357
478 0 198 14 358
495 0 215 4 359
