360
-75 0 190 4 0
-72 0 197 14 1
-64 0 198 14 2
-63 0 189 4 3
-58 0 197 14 4
-56 0 174 14 5
-55 0 182 14 6
-54 0 190 4 7
-52 0 166 14 8
-51 0 141 14 9
-51 0 150 14 10
-51 0 158 14 11
-48 0 196 14 12
-47 0 136 4 13
-47 0 180 14 14
-26 0 169 4 15
-46 0 174 4 16
-44 0 163 4 17
-42 0 154 4 18
-42 0 188 4 19
-41 0 147 4 20
-40 0 139 4 21
-39 0 180 14 22
-39 0 196 14 23
-35 0 152 4 24
-35 0 161 14 25
-35 0 173 4 26
-31 0 187 4 27
-21 0 191 4 28
-30 0 178 14 29
-29 0 151 4 30
-28 0 208 4 31
-27 0 172 4 32
-25 0 216 14 33
-23 0 160 14 34
-23 0 186 4 35
-23 0 196 14 36
-21 0 149 4 37
-21 0 177 14 38
-20 0 208 4 39
10 0 172 4 40
10 0 181 14 41
-16 0 202 14 42
-16 0 220 4 43
-15 0 154 4 44
-14 0 178 14 45
-14 0 185 14 46
-12 0 169 4 47
-9 0 211 4 48
-7 0 191 4 49
-7 0 202 4 50
-5 0 181 4 51
-4 0 174 4 52
26 0 182 4 53
26 0 196 14 54
30 0 180 14 55
31 0 191 14 56
34 0 206 14 57
38 0 164 14 58
38 0 190 4 59
40 0 203 14 60
38 0 180 4 61
43 0 210 14 62
41 0 167 4 63
40 0 196 4 64
43 0 186 14 65
46 0 148 4 66
39 0 156 14 67
47 0 160 4 68
42 0 174 14 69
45 0 179 4 70
49 0 198 14 71
55 0 147 4 72
48 0 190 14 73
55 0 175 4 74
51 0 156 14 75
49 0 173 14 76
56 0 185 4 77
56 0 197 4 78
55 0 160 14 79
61 0 181 14 80
61 0 160 4 81
67 0 168 4 82
63 0 172 14 83
56 0 142 14 84
64 0 153 14 85
58 0 134 4 86
62 0 186 4 87
64 0 139 4 88
71 0 174 14 89
67 0 191 4 90
66 0 200 14 91
67 0 165 4 92
73 0 153 14 93
72 0 160 14 94
70 0 146 4 95
72 0 186 14 96
66 0 176 4 97
72 0 204 4 98
65 0 194 14 99
78 0 154 14 100
77 0 198 4 101
64 0 207 4 102
82 0 159 4 103
74 0 180 4 104
84 0 175 14 105
87 0 205 14 106
95 0 185 4 107
97 0 175 4 108
86 0 180 4 109
97 0 167 4 110
108 0 174 14 111
95 0 197 14 112
90 0 192 4 113
103 0 196 4 114
107 0 165 4 115
93 0 168 4 116
98 0 182 14 117
129 0 199 14 118
130 0 150 14 119
118 0 170 4 120
131 0 180 14 121
137 0 154 4 122
116 0 164 4 123
101 0 189 14 124
135 0 146 4 125
133 0 156 14 126
138 0 184 4 127
108 0 206 4 128
133 0 163 14 129
140 0 193 4 130
138 0 203 4 131
102 0 215 14 132
111 0 148 4 133
109 0 216 4 134
146 0 153 14 135
148 0 158 14 136
136 0 172 14 137
135 0 189 14 138
144 0 200 14 139
151 0 208 4 140
141 0 161 4 141
104 0 144 14 142
155 0 179 4 143
108 0 152 14 144
156 0 167 4 145
150 0 186 14 146
156 0 158 4 147
150 0 170 4 148
158 0 148 4 149
147 0 143 4 150
148 0 177 14 151
162 0 164 4 152
167 0 187 14 153
154 0 144 4 154
153 0 202 14 155
169 0 171 14 156
147 0 180 4 157
149 0 171 4 158
160 0 196 4 159
181 0 174 14 160
157 0 181 14 161
156 0 193 4 162
175 0 165 4 163
169 0 183 14 164
180 0 171 14 165
169 0 173 14 166
178 0 191 14 167
185 0 163 4 168
192 0 187 4 169
178 0 180 4 170
198 0 169 14 171
202 0 138 4 172
192 0 184 4 173
201 0 198 4 174
189 0 210 14 175
195 0 145 14 176
195 0 153 14 177
216 0 164 4 178
171 0 167 14 179
194 0 216 14 180
194 0 139 14 181
202 0 214 4 182
232 0 190 14 183
198 0 204 14 184
204 0 148 4 185
204 0 156 4 186
214 0 168 14 187
233 0 180 14 188
200 0 183 14 189
250 0 143 4 190
247 0 149 14 191
246 0 157 14 192
230 0 192 14 193
194 0 203 14 194
206 0 210 4 195
250 0 172 4 196
207 0 161 4 197
239 0 186 14 198
222 0 171 14 199
253 0 195 4 200
218 0 159 4 201
242 0 169 14 202
258 0 149 4 203
256 0 156 14 204
246 0 180 14 205
209 0 179 4 206
203 0 198 14 207
253 0 207 4 208
263 0 137 4 209
250 0 193 14 210
259 0 176 4 211
251 0 182 14 212
267 0 162 14 213
265 0 144 14 214
267 0 153 14 215
250 0 206 14 216
207 0 192 14 217
257 0 165 14 218
265 0 180 14 219
257 0 185 4 220
276 0 161 4 221
278 0 195 14 222
273 0 176 14 223
274 0 139 4 224
281 0 145 14 225
276 0 186 14 226
276 0 150 4 227
281 0 160 4 228
268 0 171 4 229
256 0 214 4 230
281 0 179 4 231
285 0 202 14 232
286 0 190 4 233
297 0 209 4 234
289 0 149 14 235
290 0 158 4 236
286 0 168 14 237
285 0 138 4 238
313 0 183 4 239
320 0 190 14 240
304 0 198 4 241
292 0 201 4 242
291 0 214 14 243
299 0 219 14 244
292 0 140 4 245
307 0 219 4 246
328 0 162 4 247
322 0 181 4 248
317 0 192 14 249
307 0 208 4 250
298 0 146 4 251
349 0 203 4 252
334 0 213 14 253
347 0 153 14 254
344 0 162 4 255
365 0 173 4 256
347 0 178 14 257
339 0 188 14 258
345 0 197 14 259
346 0 145 4 260
343 0 212 4 261
344 0 182 4 262
343 0 205 14 263
354 0 175 4 264
368 0 198 14 265
363 0 143 14 266
354 0 148 4 267
349 0 158 14 268
350 0 171 14 269
372 0 183 14 270
359 0 160 4 271
349 0 188 14 272
364 0 158 14 273
360 0 196 4 274
366 0 150 14 275
367 0 138 4 276
361 0 180 4 277
366 0 167 14 278
359 0 170 4 279
358 0 192 4 280
361 0 186 14 281
360 0 154 4 282
368 0 175 14 283
376 0 145 4 284
378 0 193 4 285
375 0 167 4 286
394 0 175 4 287
370 0 185 14 288
392 0 184 14 289
379 0 178 4 290
375 0 139 4 291
381 0 156 4 292
376 0 191 4 293
414 0 176 14 294
417 0 169 4 295
378 0 149 4 296
388 0 184 14 297
435 0 196 4 298
381 0 206 14 299
379 0 156 4 300
401 0 181 4 301
390 0 176 4 302
387 0 200 4 303
422 0 152 14 304
390 0 213 14 305
428 0 145 4 306
391 0 160 4 307
422 0 177 14 308
436 0 190 14 309
421 0 196 4 310
394 0 206 4 311
421 0 211 14 312
423 0 147 14 313
417 0 201 4 314
415 0 209 14 315
429 0 165 4 316
419 0 173 4 317
424 0 186 14 318
432 0 192 14 319
439 0 180 4 320
455 0 192 4 321
440 0 159 14 322
453 0 180 14 323
460 0 184 4 324
440 0 206 14 325
443 0 198 4 326
443 0 189 4 327
449 0 211 14 328
446 0 153 4 329
445 0 169 4 330
452 0 181 14 331
452 0 160 4 332
457 0 206 4 333
449 0 200 4 334
456 0 144 14 335
451 0 176 4 336
457 0 188 14 337
460 0 174 4 338
461 0 140 4 339
460 0 157 4 340
458 0 166 14 341
459 0 150 14 342
470 0 163 14 343
468 0 143 4 344
471 0 180 14 345
469 0 168 4 346
471 0 152 4 347
473 0 173 4 348
472 0 207 4 349
477 0 218 14 350
478 0 168 14 351
478 0 147 14 352
477 0 157 4 353
482 0 207 4 354
487 0 221 14 355
484 0 179 4 356
479 0 188 14 357
478 0 199 14 358
500 0 212 4 359
