360
-75 0 190 4 0
-72 0 197 14 1
-64 0 198 14 2
-63 0 189 4 3
-58 0 197 14 4
-56 0 174 14 5
-55 0 182 14 6
-54 0 190 4 7
-52 0 166 14 8
-51 0 141 14 9
-51 0 150 14 10
-51 0 158 14 11
-48 0 196 14 12
-47 0 136 4 13
-47 0 180 14 14
-21 0 170 4 15
-46 0 174 4 16
-44 0 163 4 17
-42 0 154 4 18
-42 0 188 4 19
-41 0 147 4 20
-40 0 139 4 21
-39 0 180 14 22
-39 0 196 14 23
-35 0 152 4 24
-35 0 161 14 25
-35 0 173 4 26
-31 0 187 4 27
-18 0 190 4 28
-30 0 178 14 29
-29 0 151 4 30
-28 0 208 4 31
-27 0 172 4 32
-25 0 216 14 33
-23 0 160 14 34
-23 0 186 4 35
-23 0 196 14 36
-21 0 149 4 37
-21 0 177 14 38
-20 0 208 4 39
18 0 173 4 40
18 0 179 14 41
-16 0 202 14 42
-16 0 220 4 43
-15 0 154 4 44
-14 0 178 14 45
-14 0 185 14 46
-12 0 169 4 47
-9 0 211 4 48
-7 0 191 4 49
-7 0 202 4 50
-5 0 181 4 51
-4 0 174 4 52
27 0 181 4 53
27 0 197 14 54
31 0 179 14 55
32 0 191 14 56
35 0 204 14 57
39 0 164 14 58
38 0 190 4 59
40 0 202 14 60
37 0 180 4 61
44 0 210 14 62
40 0 168 4 63
39 0 196 4 64
42 0 185 14 65
46 0 149 4 66
36 0 157 14 67
46 0 161 4 68
40 0 175 14 69
44 0 179 4 70
48 0 197 14 71
55 0 147 4 72
47 0 189 14 73
55 0 175 4 74
50 0 157 14 75
47 0 174 14 76
55 0 184 4 77
55 0 197 4 78
54 0 161 14 79
61 0 181 14 80
60 0 161 4 81
67 0 168 4 82
62 0 171 14 83
53 0 142 14 84
63 0 154 14 85
55 0 133 4 86
61 0 187 4 87
61 0 139 4 88
70 0 174 14 89
65 0 191 4 90
64 0 200 14 91
65 0 164 4 92
72 0 154 14 93
71 0 161 14 94
68 0 147 4 95
70 0 187 14 96
62 0 176 4 97
70 0 203 4 98
61 0 194 14 99
77 0 153 14 100
74 0 198 4 101
57 0 206 4 102
80 0 159 4 103
70 0 180 4 104
83 0 174 14 105
86 0 204 14 106
94 0 185 4 107
96 0 175 4 108
81 0 179 4 109
92 0 166 4 110
105 0 173 14 111
88 0 196 14 112
80 0 191 4 113
97 0 195 4 114
102 0 164 4 115
84 0 166 4 116
89 0 181 14 117
128 0 199 14 118
129 0 150 14 119
113 0 169 4 120
130 0 180 14 121
137 0 154 4 122
110 0 163 4 123
90 0 188 14 124
133 0 146 4 125
130 0 156 14 126
137 0 184 4 127
99 0 205 4 128
130 0 163 14 129
139 0 193 4 130
136 0 203 4 131
91 0 215 14 132
101 0 149 4 133
98 0 216 4 134
144 0 153 14 135
147 0 159 14 136
132 0 171 14 137
130 0 189 14 138
142 0 200 14 139
150 0 208 4 140
138 0 160 4 141
90 0 146 14 142
154 0 179 4 143
94 0 153 14 144
155 0 167 4 145
147 0 186 14 146
155 0 158 4 147
147 0 169 4 148
156 0 148 4 149
142 0 144 4 150
143 0 176 14 151
161 0 164 4 152
167 0 187 14 153
150 0 144 4 154
147 0 203 14 155
168 0 171 14 156
140 0 179 4 157
142 0 170 4 158
155 0 195 4 159
180 0 173 14 160
150 0 180 14 161
148 0 193 4 162
172 0 164 4 163
164 0 182 14 164
176 0 170 14 165
162 0 172 14 166
173 0 190 14 167
182 0 162 4 168
189 0 186 4 169
170 0 179 4 170
195 0 168 14 171
193 0 137 4 172
180 0 183 4 173
192 0 198 4 174
177 0 210 14 175
184 0 144 14 176
184 0 153 14 177
211 0 163 4 178
154 0 164 14 179
182 0 217 14 180
182 0 138 14 181
192 0 215 4 182
230 0 189 14 183
186 0 205 14 184
194 0 147 4 185
193 0 155 4 186
206 0 167 14 187
231 0 180 14 188
187 0 181 14 189
250 0 143 4 190
246 0 148 14 191
245 0 157 14 192
225 0 191 14 193
179 0 204 14 194
194 0 210 4 195
249 0 172 4 196
195 0 161 4 197
236 0 185 14 198
213 0 169 14 199
252 0 195 4 200
206 0 158 4 201
238 0 169 14 202
257 0 149 4 203
255 0 157 14 204
242 0 179 14 205
195 0 176 4 206
188 0 198 14 207
251 0 207 4 208
263 0 136 4 209
246 0 192 14 210
257 0 176 4 211
246 0 182 14 212
267 0 162 14 213
264 0 143 14 214
266 0 153 14 215
245 0 205 14 216
189 0 190 14 217
252 0 165 14 218
262 0 180 14 219
253 0 184 4 220
276 0 161 4 221
279 0 195 14 222
272 0 176 14 223
273 0 139 4 224
282 0 145 14 225
275 0 186 14 226
275 0 149 4 227
281 0 161 4 228
265 0 171 4 229
250 0 216 4 230
281 0 179 4 231
285 0 203 14 232
287 0 191 4 233
300 0 209 4 234
290 0 150 14 235
291 0 159 4 236
286 0 169 14 237
284 0 139 4 238
320 0 185 4 239
329 0 191 14 240
308 0 199 4 241
293 0 201 4 242
292 0 213 14 243
300 0 219 14 244
291 0 140 4 245
310 0 220 4 246
336 0 163 4 247
329 0 183 4 248
322 0 193 14 249
309 0 209 4 250
297 0 145 4 251
354 0 204 4 252
335 0 214 14 253
350 0 153 14 254
347 0 162 4 255
374 0 174 4 256
350 0 178 14 257
340 0 189 14 258
348 0 198 14 259
349 0 145 4 260
344 0 212 4 261
345 0 182 4 262
344 0 205 14 263
357 0 176 4 264
375 0 199 14 265
368 0 143 14 266
357 0 147 4 267
351 0 158 14 268
351 0 171 14 269
379 0 184 14 270
362 0 159 4 271
350 0 189 14 272
368 0 158 14 273
362 0 196 4 274
369 0 150 14 275
370 0 137 4 276
363 0 180 4 277
369 0 168 14 278
360 0 170 4 279
358 0 192 4 280
362 0 187 14 281
360 0 154 4 282
369 0 175 14 283
379 0 144 4 284
382 0 194 4 285
378 0 168 4 286
402 0 176 4 287
371 0 185 14 288
399 0 185 14 289
382 0 178 4 290
376 0 138 4 291
384 0 156 4 292
377 0 191 4 293
425 0 178 14 294
428 0 171 4 295
379 0 150 4 296
391 0 185 14 297
451 0 198 4 298
382 0 207 14 299
380 0 156 4 300
408 0 182 4 301
393 0 177 4 302
389 0 199 4 303
433 0 153 14 304
391 0 213 14 305
440 0 146 4 306
392 0 160 4 307
431 0 179 14 308
450 0 192 14 309
430 0 197 4 310
395 0 207 4 311
430 0 208 14 312
430 0 148 14 313
422 0 202 4 314
420 0 208 14 315
438 0 167 4 316
424 0 174 4 317
432 0 187 14 318
436 0 193 14 319
442 0 180 4 320
462 0 193 4 321
442 0 159 14 322
459 0 181 14 323
466 0 184 4 324
441 0 205 14 325
444 0 198 4 326
444 0 189 4 327
452 0 210 14 328
447 0 154 4 329
446 0 170 4 330
455 0 182 14 331
453 0 161 4 332
460 0 205 4 333
450 0 200 4 334
459 0 145 14 335
452 0 176 4 336
459 0 189 14 337
462 0 175 4 338
464 0 141 4 339
461 0 158 4 340
459 0 166 14 341
460 0 151 14 342
473 0 164 14 343
470 0 144 4 344
474 0 180 14 345
470 0 168 4 346
472 0 152 4 347
474 0 173 4 348
472 0 206 4 349
478 0 218 14 350
478 0 168 14 351
478 0 147 14 352
476 0 157 4 353
483 0 206 4 354
489 0 221 14 355
485 0 180 4 356
479 0 189 14 357
477 0 199 14 358
504 0 210 4 359
