360
-76 0 190 4 0
-73 0 197 14 1
-65 0 198 14 2
-64 0 189 4 3
-59 0 197 14 4
-57 0 174 14 5
-56 0 182 14 6
-55 0 190 4 7
-53 0 166 14 8
-52 0 141 14 9
-52 0 150 14 10
-52 0 158 14 11
-49 0 196 14 12
-48 0 136 4 13
-48 0 180 14 14
-28 0 169 4 15
-47 0 174 4 16
-45 0 163 4 17
-43 0 154 4 18
-43 0 188 4 19
-42 0 147 4 20
-41 0 139 4 21
-40 0 180 14 22
-40 0 196 14 23
-36 0 152 4 24
-36 0 161 14 25
-36 0 173 4 26
-32 0 187 4 27
-22 0 192 4 28
-31 0 178 14 29
-30 0 151 4 30
-29 0 208 4 31
-28 0 172 4 32
-26 0 216 14 33
-24 0 160 14 34
-24 0 186 4 35
-24 0 196 14 36
-22 0 149 4 37
-22 0 177 14 38
-21 0 208 4 39
8 0 172 4 40
8 0 181 14 41
-17 0 202 14 42
-17 0 220 4 43
-16 0 154 4 44
-15 0 178 14 45
-15 0 185 14 46
-13 0 169 4 47
-10 0 211 4 48
-8 0 191 4 49
-8 0 202 4 50
-6 0 181 4 51
-5 0 174 4 52
25 0 183 4 53
25 0 196 14 54
30 0 180 14 55
31 0 191 14 56
34 0 207 14 57
38 0 164 14 58
38 0 190 4 59
40 0 203 14 60
39 0 181 4 61
43 0 211 14 62
41 0 166 4 63
41 0 197 4 64
44 0 186 14 65
47 0 147 4 66
40 0 156 14 67
47 0 160 4 68
42 0 174 14 69
46 0 178 4 70
49 0 199 14 71
55 0 147 4 72
49 0 190 14 73
55 0 175 4 74
52 0 156 14 75
50 0 173 14 76
56 0 185 4 77
56 0 196 4 78
56 0 160 14 79
61 0 180 14 80
62 0 160 4 81
67 0 168 4 82
63 0 172 14 83
57 0 142 14 84
65 0 152 14 85
59 0 134 4 86
63 0 186 4 87
65 0 138 4 88
72 0 174 14 89
68 0 191 4 90
67 0 200 14 91
68 0 165 4 92
73 0 152 14 93
72 0 160 14 94
71 0 146 4 95
72 0 186 14 96
67 0 177 4 97
73 0 204 4 98
66 0 194 14 99
78 0 154 14 100
78 0 198 4 101
66 0 208 4 102
83 0 159 4 103
75 0 180 4 104
85 0 175 14 105
88 0 205 14 106
96 0 185 4 107
98 0 176 4 108
88 0 180 4 109
99 0 167 4 110
109 0 174 14 111
97 0 198 14 112
92 0 192 4 113
105 0 197 4 114
109 0 166 4 115
96 0 169 4 116
100 0 182 14 117
129 0 198 14 118
131 0 150 14 119
119 0 171 4 120
132 0 180 14 121
138 0 154 4 122
118 0 164 4 123
103 0 189 14 124
136 0 146 4 125
134 0 157 14 126
139 0 185 4 127
111 0 207 4 128
134 0 164 14 129
140 0 193 4 130
138 0 202 4 131
105 0 215 14 132
114 0 147 4 133
112 0 217 4 134
146 0 152 14 135
148 0 158 14 136
138 0 172 14 137
136 0 189 14 138
145 0 199 14 139
151 0 209 4 140
142 0 161 4 141
108 0 143 14 142
155 0 179 4 143
112 0 151 14 144
156 0 167 4 145
151 0 186 14 146
157 0 159 4 147
151 0 170 4 148
158 0 147 4 149
149 0 143 4 150
150 0 178 14 151
163 0 164 4 152
168 0 188 14 153
155 0 143 4 154
154 0 202 14 155
169 0 171 14 156
149 0 180 4 157
151 0 172 4 158
161 0 196 4 159
182 0 174 14 160
159 0 181 14 161
158 0 194 4 162
176 0 166 4 163
171 0 183 14 164
181 0 171 14 165
171 0 174 14 166
179 0 192 14 167
186 0 163 4 168
193 0 187 4 169
180 0 180 4 170
199 0 170 14 171
204 0 139 4 172
195 0 184 4 173
203 0 198 4 174
192 0 209 14 175
198 0 146 14 176
198 0 154 14 177
218 0 165 4 178
176 0 168 14 179
197 0 216 14 180
197 0 140 14 181
205 0 214 4 182
233 0 190 14 183
201 0 204 14 184
207 0 148 4 185
206 0 156 4 186
216 0 168 14 187
234 0 180 14 188
203 0 183 14 189
250 0 143 4 190
247 0 149 14 191
246 0 157 14 192
231 0 193 14 193
198 0 203 14 194
209 0 209 4 195
250 0 172 4 196
211 0 162 4 197
240 0 186 14 198
224 0 171 14 199
253 0 195 4 200
220 0 160 4 201
244 0 170 14 202
258 0 149 4 203
257 0 156 14 204
247 0 180 14 205
212 0 180 4 206
207 0 199 14 207
254 0 207 4 208
263 0 137 4 209
251 0 193 14 210
260 0 177 4 211
252 0 183 14 212
268 0 163 14 213
265 0 144 14 214
267 0 152 14 215
251 0 206 14 216
212 0 192 14 217
258 0 166 14 218
265 0 180 14 219
259 0 185 4 220
275 0 160 4 221
278 0 195 14 222
273 0 176 14 223
274 0 138 4 224
281 0 145 14 225
276 0 185 14 226
276 0 150 4 227
280 0 160 4 228
269 0 171 4 229
258 0 213 4 230
282 0 180 4 231
284 0 202 14 232
286 0 189 4 233
296 0 209 4 234
289 0 149 14 235
290 0 158 4 236
287 0 168 14 237
286 0 138 4 238
311 0 182 4 239
318 0 189 14 240
303 0 197 4 241
291 0 201 4 242
291 0 214 14 243
298 0 220 14 244
293 0 141 4 245
306 0 218 4 246
325 0 162 4 247
320 0 180 4 248
315 0 192 14 249
306 0 208 4 250
298 0 146 4 251
347 0 203 4 252
334 0 212 14 253
346 0 153 14 254
343 0 162 4 255
363 0 173 4 256
346 0 178 14 257
338 0 188 14 258
344 0 196 14 259
345 0 144 4 260
342 0 213 4 261
343 0 182 4 262
343 0 205 14 263
353 0 175 4 264
366 0 198 14 265
361 0 143 14 266
353 0 148 4 267
349 0 158 14 268
350 0 171 14 269
370 0 183 14 270
358 0 161 4 271
349 0 188 14 272
363 0 158 14 273
359 0 195 4 274
365 0 150 14 275
366 0 138 4 276
361 0 180 4 277
365 0 166 14 278
359 0 170 4 279
357 0 191 4 280
361 0 186 14 281
359 0 155 4 282
367 0 176 14 283
375 0 145 4 284
377 0 193 4 285
374 0 166 4 286
392 0 174 4 287
370 0 184 14 288
390 0 184 14 289
378 0 177 4 290
374 0 139 4 291
380 0 155 4 292
375 0 191 4 293
411 0 175 14 294
414 0 168 4 295
378 0 149 4 296
387 0 184 14 297
431 0 195 4 298
381 0 206 14 299
379 0 156 4 300
400 0 181 4 301
389 0 175 4 302
387 0 200 4 303
420 0 151 14 304
389 0 213 14 305
425 0 144 4 306
391 0 159 4 307
419 0 177 14 308
433 0 189 14 309
418 0 196 4 310
393 0 206 4 311
419 0 211 14 312
421 0 147 14 313
415 0 201 4 314
413 0 209 14 315
427 0 164 4 316
417 0 172 4 317
422 0 186 14 318
431 0 192 14 319
438 0 181 4 320
453 0 192 4 321
439 0 160 14 322
452 0 180 14 323
458 0 183 4 324
440 0 206 14 325
443 0 198 4 326
443 0 189 4 327
449 0 212 14 328
446 0 153 4 329
445 0 169 4 330
451 0 181 14 331
451 0 159 4 332
456 0 206 4 333
449 0 200 4 334
456 0 144 14 335
451 0 176 4 336
456 0 188 14 337
459 0 174 4 338
461 0 139 4 339
459 0 156 4 340
457 0 165 14 341
459 0 149 14 342
469 0 163 14 343
467 0 142 4 344
470 0 180 14 345
468 0 169 4 346
471 0 152 4 347
473 0 174 4 348
472 0 207 4 349
477 0 217 14 350
477 0 167 14 351
478 0 148 14 352
477 0 156 4 353
482 0 207 4 354
486 0 222 14 355
484 0 179 4 356
479 0 188 14 357
478 0 198 14 358
499 0 213 4 359
