360
-75 0 190 4 0
-72 0 197 14 1
-64 0 198 14 2
-63 0 189 4 3
-58 0 197 14 4
-56 0 174 14 5
-55 0 182 14 6
-54 0 190 4 7
-52 0 166 14 8
-51 0 141 14 9
-51 0 150 14 10
-51 0 158 14 11
-48 0 196 14 12
-47 0 136 4 13
-47 0 180 14 14
-19 0 170 4 15
-46 0 174 4 16
-44 0 163 4 17
-42 0 154 4 18
-42 0 188 4 19
-41 0 147 4 20
-40 0 139 4 21
-39 0 180 14 22
-39 0 196 14 23
-35 0 152 4 24
-35 0 161 14 25
-35 0 173 4 26
-31 0 187 4 27
-17 0 190 4 28
-30 0 178 14 29
-29 0 151 4 30
-28 0 208 4 31
-27 0 172 4 32
-25 0 216 14 33
-23 0 160 14 34
-23 0 186 4 35
-23 0 196 14 36
-21 0 149 4 37
-21 0 177 14 38
-20 0 208 4 39
21 0 173 4 40
21 0 178 14 41
-16 0 202 14 42
-16 0 220 4 43
-15 0 154 4 44
-14 0 178 14 45
-14 0 185 14 46
-12 0 169 4 47
-9 0 211 4 48
-7 0 191 4 49
-7 0 202 4 50
-5 0 181 4 51
-4 0 174 4 52
28 0 181 4 53
28 0 198 14 54
31 0 178 14 55
32 0 191 14 56
35 0 203 14 57
39 0 164 14 58
38 0 190 4 59
40 0 202 14 60
37 0 180 4 61
44 0 210 14 62
39 0 169 4 63
38 0 196 4 64
42 0 185 14 65
46 0 149 4 66
35 0 158 14 67
46 0 161 4 68
39 0 176 14 69
44 0 179 4 70
47 0 196 14 71
55 0 147 4 72
46 0 189 14 73
55 0 175 4 74
49 0 157 14 75
46 0 175 14 76
54 0 184 4 77
54 0 197 4 78
53 0 161 14 79
61 0 181 14 80
59 0 161 4 81
67 0 168 4 82
61 0 171 14 83
51 0 142 14 84
63 0 154 14 85
54 0 133 4 86
60 0 187 4 87
60 0 139 4 88
70 0 174 14 89
64 0 191 4 90
63 0 200 14 91
64 0 164 4 92
71 0 154 14 93
70 0 162 14 94
67 0 148 4 95
69 0 187 14 96
60 0 176 4 97
69 0 203 4 98
59 0 194 14 99
76 0 153 14 100
73 0 198 4 101
55 0 205 4 102
79 0 159 4 103
68 0 179 4 104
82 0 174 14 105
85 0 204 14 106
94 0 185 4 107
95 0 175 4 108
79 0 179 4 109
90 0 166 4 110
103 0 173 14 111
86 0 195 14 112
77 0 190 4 113
95 0 194 4 114
100 0 164 4 115
80 0 165 4 116
86 0 180 14 117
128 0 199 14 118
128 0 150 14 119
111 0 169 4 120
129 0 180 14 121
137 0 154 4 122
108 0 163 4 123
86 0 188 14 124
132 0 146 4 125
129 0 156 14 126
136 0 184 4 127
95 0 205 4 128
129 0 163 14 129
138 0 193 4 130
135 0 203 4 131
86 0 215 14 132
97 0 150 4 133
94 0 216 4 134
143 0 153 14 135
146 0 159 14 136
131 0 171 14 137
129 0 189 14 138
141 0 200 14 139
150 0 208 4 140
136 0 160 4 141
85 0 147 14 142
154 0 179 4 143
90 0 153 14 144
154 0 167 4 145
146 0 186 14 146
154 0 158 4 147
145 0 169 4 148
155 0 148 4 149
141 0 145 4 150
142 0 176 14 151
160 0 164 4 152
167 0 187 14 153
148 0 144 4 154
146 0 203 14 155
167 0 171 14 156
137 0 178 4 157
139 0 169 4 158
154 0 195 4 159
180 0 173 14 160
147 0 179 14 161
145 0 193 4 162
170 0 164 4 163
162 0 181 14 164
174 0 170 14 165
160 0 171 14 166
172 0 190 14 167
180 0 162 4 168
188 0 186 4 169
168 0 179 4 170
194 0 168 14 171
190 0 137 4 172
176 0 182 4 173
189 0 198 4 174
172 0 210 14 175
180 0 144 14 176
180 0 153 14 177
210 0 163 4 178
148 0 163 14 179
177 0 217 14 180
177 0 138 14 181
188 0 216 4 182
229 0 189 14 183
181 0 205 14 184
190 0 146 4 185
189 0 154 4 186
203 0 167 14 187
230 0 180 14 188
183 0 180 14 189
250 0 143 4 190
246 0 148 14 191
244 0 157 14 192
223 0 191 14 193
174 0 204 14 194
189 0 210 4 195
249 0 172 4 196
191 0 161 4 197
234 0 185 14 198
210 0 168 14 199
251 0 195 4 200
202 0 158 4 201
237 0 169 14 202
257 0 149 4 203
255 0 157 14 204
240 0 179 14 205
190 0 175 4 206
182 0 198 14 207
250 0 207 4 208
263 0 135 4 209
245 0 192 14 210
256 0 176 4 211
245 0 182 14 212
267 0 162 14 213
263 0 143 14 214
266 0 153 14 215
243 0 205 14 216
182 0 189 14 217
251 0 165 14 218
261 0 180 14 219
252 0 184 4 220
276 0 161 4 221
279 0 195 14 222
271 0 176 14 223
272 0 139 4 224
282 0 145 14 225
275 0 186 14 226
274 0 149 4 227
281 0 161 4 228
263 0 171 4 229
248 0 217 4 230
281 0 179 4 231
285 0 204 14 232
287 0 191 4 233
301 0 209 4 234
290 0 150 14 235
291 0 159 4 236
286 0 169 14 237
284 0 139 4 238
322 0 186 4 239
332 0 192 14 240
310 0 199 4 241
293 0 201 4 242
292 0 213 14 243
301 0 219 14 244
291 0 140 4 245
312 0 220 4 246
339 0 164 4 247
331 0 184 4 248
323 0 193 14 249
310 0 210 4 250
297 0 145 4 251
355 0 204 4 252
335 0 214 14 253
352 0 153 14 254
348 0 162 4 255
377 0 175 4 256
352 0 178 14 257
341 0 190 14 258
349 0 198 14 259
351 0 145 4 260
345 0 212 4 261
345 0 182 4 262
344 0 205 14 263
359 0 176 4 264
377 0 200 14 265
370 0 143 14 266
358 0 147 4 267
352 0 158 14 268
352 0 171 14 269
381 0 185 14 270
364 0 159 4 271
350 0 189 14 272
370 0 158 14 273
363 0 196 4 274
371 0 150 14 275
372 0 136 4 276
364 0 180 4 277
370 0 168 14 278
360 0 170 4 279
358 0 192 4 280
363 0 187 14 281
360 0 154 4 282
370 0 175 14 283
381 0 143 4 284
384 0 195 4 285
379 0 168 4 286
405 0 177 4 287
372 0 185 14 288
401 0 186 14 289
383 0 178 4 290
377 0 138 4 291
385 0 156 4 292
378 0 191 4 293
429 0 179 14 294
433 0 172 4 295
380 0 150 4 296
393 0 185 14 297
457 0 199 4 298
383 0 207 14 299
380 0 156 4 300
410 0 183 4 301
394 0 177 4 302
390 0 199 4 303
437 0 153 14 304
392 0 213 14 305
444 0 147 4 306
393 0 160 4 307
435 0 180 14 308
454 0 193 14 309
433 0 198 4 310
396 0 207 4 311
433 0 207 14 312
432 0 148 14 313
424 0 202 4 314
421 0 207 14 315
441 0 168 4 316
426 0 174 4 317
434 0 187 14 318
438 0 193 14 319
444 0 180 4 320
464 0 194 4 321
443 0 159 14 322
460 0 182 14 323
468 0 184 4 324
442 0 205 14 325
445 0 198 4 326
444 0 189 4 327
453 0 209 14 328
448 0 154 4 329
447 0 171 4 330
456 0 182 14 331
454 0 161 4 332
461 0 204 4 333
450 0 200 4 334
460 0 145 14 335
452 0 176 4 336
460 0 189 14 337
463 0 175 4 338
465 0 142 4 339
462 0 158 4 340
459 0 166 14 341
461 0 151 14 342
475 0 165 14 343
471 0 145 4 344
476 0 180 14 345
471 0 168 4 346
472 0 152 4 347
475 0 173 4 348
472 0 206 4 349
479 0 218 14 350
478 0 168 14 351
478 0 147 14 352
476 0 157 4 353
484 0 206 4 354
490 0 221 14 355
486 0 180 4 356
479 0 189 14 357
477 0 199 14 358
506 0 209 4 359
