360
-36 0 237 4 0
-51 0 225 4 1
-44 0 222 4 2
-54 0 179 4 3
-51 0 207 4 4
-53 0 170 4 5
-45 0 170 4 6
-47 0 181 4 7
-51 0 164 4 8
-49 0 139 4 9
-50 0 148 4 10
-47 0 153 4 11
-32 0 218 4 12
-45 0 132 4 13
-45 0 178 4 14
-43 0 164 4 15
-43 0 171 4 16
-39 0 157 4 17
-20 0 128 4 18
-38 0 181 4 19
-35 0 140 4 20
-37 0 136 4 21
-32 0 170 4 22
-24 0 215 4 23
-16 0 129 4 24
-28 0 153 4 25
-31 0 166 4 26
-27 0 180 4 27
1 0 234 4 28
-29 0 176 4 29
-5 0 120 4 30
3 0 247 4 31
-23 0 166 4 32
-2 0 246 4 33
-6 0 135 4 34
-20 0 181 4 35
-11 0 211 4 36
-7 0 130 4 37
-6 0 151 4 38
8 0 240 4 39
-14 0 163 4 40
-3 0 204 4 41
-5 0 213 4 42
17 0 259 4 43
2 0 129 4 44
-1 0 154 4 45
2 0 156 4 46
-10 0 166 4 47
28 0 252 4 48
7 0 205 4 49
27 0 238 4 50
8 0 154 4 51
8 0 150 4 52
28 0 152 4 53
32 0 146 4 54
40 0 196 4 55
33 0 205 4 56
35 0 213 4 57
37 0 155 4 58
38 0 147 4 59
36 0 198 4 60
40 0 137 4 61
40 0 210 4 62
42 0 130 4 63
45 0 190 4 64
43 0 197 4 65
45 0 205 4 66
47 0 133 4 67
46 0 141 4 68
45 0 151 4 69
47 0 211 4 70
51 0 197 4 71
54 0 191 4 72
50 0 219 4 73
54 0 117 4 74
51 0 138 4 75
55 0 139 4 76
56 0 202 4 77
50 0 125 4 78
52 0 203 4 79
53 0 139 4 80
78 0 251 4 81
58 0 114 4 82
60 0 133 4 83
59 0 112 4 84
60 0 192 4 85
60 0 204 4 86
81 0 241 4 87
60 0 127 4 88
69 0 191 4 89
62 0 143 4 90
92 0 237 4 91
84 0 242 4 92
65 0 119 4 93
74 0 191 4 94
71 0 201 4 95
62 0 167 4 96
94 0 219 4 97
66 0 134 4 98
71 0 211 4 99
66 0 147 4 100
96 0 231 4 101
70 0 131 4 102
71 0 140 4 103
84 0 195 4 104
111 0 235 4 105
76 0 212 4 106
74 0 133 4 107
82 0 185 4 108
74 0 132 4 109
78 0 205 4 110
80 0 124 4 111
106 0 222 4 112
86 0 186 4 113
81 0 140 4 114
81 0 142 4 115
90 0 182 4 116
84 0 133 4 117
94 0 189 4 118
115 0 218 4 119
126 0 237 4 120
94 0 214 4 121
86 0 216 4 122
90 0 115 4 123
89 0 133 4 124
98 0 176 4 125
91 0 226 4 126
93 0 216 4 127
94 0 120 4 128
109 0 200 4 129
106 0 206 4 130
100 0 211 4 131
105 0 184 4 132
96 0 129 4 133
107 0 173 4 134
111 0 181 4 135
112 0 167 4 136
119 0 180 4 137
139 0 151 4 138
131 0 192 4 139
137 0 210 4 140
167 0 208 4 141
131 0 165 4 142
131 0 182 4 143
131 0 173 4 144
139 0 144 4 145
155 0 228 4 146
140 0 163 4 147
141 0 184 4 148
136 0 184 4 149
139 0 156 4 150
158 0 196 4 151
149 0 206 4 152
144 0 145 4 153
144 0 180 4 154
157 0 220 4 155
145 0 153 4 156
144 0 194 4 157
147 0 172 4 158
166 0 228 4 159
149 0 161 4 160
152 0 167 4 161
150 0 183 4 162
151 0 194 4 163
153 0 144 4 164
173 0 237 4 165
174 0 224 4 166
157 0 159 4 167
169 0 177 4 168
172 0 201 4 169
160 0 148 4 170
169 0 178 4 171
172 0 171 4 172
163 0 184 4 173
171 0 173 4 174
172 0 182 4 175
169 0 190 4 176
173 0 166 4 177
175 0 192 4 178
177 0 219 4 179
173 0 205 4 180
183 0 175 4 181
188 0 190 4 182
180 0 139 4 183
183 0 227 4 184
179 0 144 4 185
189 0 152 4 186
191 0 136 4 187
182 0 162 4 188
189 0 177 4 189
185 0 193 4 190
182 0 200 4 191
182 0 208 4 192
193 0 187 4 193
191 0 232 4 194
192 0 223 4 195
189 0 154 4 196
191 0 177 4 197
195 0 189 4 198
193 0 202 4 199
195 0 218 4 200
193 0 138 4 201
190 0 147 4 202
197 0 169 4 203
198 0 172 4 204
205 0 159 4 205
205 0 171 4 206
211 0 165 4 207
211 0 171 4 208
223 0 193 4 209
231 0 193 4 210
230 0 180 4 211
235 0 188 4 212
238 0 172 4 213
241 0 181 4 214
241 0 208 4 215
244 0 157 4 216
250 0 189 4 217
246 0 196 4 218
244 0 148 4 219
248 0 224 4 220
249 0 172 4 221
250 0 143 4 222
249 0 165 4 223
253 0 209 4 224
253 0 186 4 225
252 0 196 4 226
256 0 157 4 227
256 0 177 4 228
256 0 148 4 229
263 0 184 4 230
264 0 135 4 231
262 0 143 4 232
265 0 176 4 233
268 0 157 4 234
267 0 162 4 235
271 0 177 4 236
272 0 141 4 237
274 0 150 4 238
276 0 187 4 239
277 0 164 4 240
279 0 195 4 241
281 0 161 4 242
282 0 179 4 243
288 0 131 4 244
295 0 115 4 245
285 0 204 4 246
287 0 173 4 247
287 0 191 4 248
297 0 134 4 249
302 0 111 4 250
290 0 162 4 251
290 0 214 4 252
292 0 203 4 253
307 0 120 4 254
301 0 210 4 255
299 0 225 4 256
309 0 201 4 257
309 0 213 4 258
311 0 223 4 259
316 0 189 4 260
321 0 198 4 261
323 0 182 4 262
326 0 203 4 263
326 0 242 4 264
339 0 153 4 265
334 0 203 4 266
341 0 214 4 267
339 0 197 4 268
344 0 215 4 269
344 0 143 4 270
347 0 206 4 271
348 0 196 4 272
350 0 133 4 273
350 0 122 4 274
350 0 132 4 275
350 0 149 4 276
350 0 161 4 277
355 0 207 4 278
356 0 128 4 279
354 0 205 4 280
355 0 132 4 281
358 0 129 4 282
358 0 130 4 283
359 0 198 4 284
362 0 202 4 285
361 0 125 4 286
363 0 168 4 287
369 0 148 4 288
368 0 149 4 289
369 0 173 4 290
370 0 133 4 291
368 0 123 4 292
370 0 123 4 293
369 0 195 4 294
374 0 119 4 295
373 0 139 4 296
371 0 204 4 297
376 0 204 4 298
375 0 138 4 299
378 0 131 4 300
375 0 116 4 301
379 0 121 4 302
376 0 197 4 303
380 0 142 4 304
380 0 213 4 305
378 0 206 4 306
384 0 149 4 307
387 0 203 4 308
391 0 215 4 309
391 0 149 4 310
387 0 195 4 311
390 0 148 4 312
394 0 209 4 313
395 0 197 4 314
401 0 158 4 315
409 0 168 4 316
411 0 216 4 317
415 0 209 4 318
415 0 143 4 319
420 0 218 4 320
416 0 141 4 321
429 0 139 4 322
425 0 149 4 323
422 0 208 4 324
401 0 249 4 325
421 0 151 4 326
429 0 161 4 327
423 0 119 4 328
429 0 169 4 329
423 0 107 4 330
430 0 142 4 331
419 0 236 4 332
430 0 128 4 333
430 0 149 4 334
444 0 188 4 335
436 0 125 4 336
435 0 211 4 337
426 0 124 4 338
434 0 122 4 339
427 0 231 4 340
438 0 144 4 341
420 0 251 4 342
452 0 157 4 343
445 0 158 4 344
452 0 185 4 345
458 0 162 4 346
459 0 199 4 347
459 0 143 4 348
458 0 187 4 349
447 0 123 4 350
459 0 178 4 351
448 0 220 4 352
454 0 143 4 353
463 0 173 4 354
454 0 122 4 355
465 0 193 4 356
435 0 252 4 357
469 0 182 4 358
453 0 113 4 359
