360
-66 0 200 4 0
-67 0 203 4 1
-60 0 203 4 2
-61 0 187 4 3
-56 0 199 4 4
-55 0 173 4 5
-53 0 180 4 6
-52 0 188 4 7
-52 0 166 4 8
-50 0 141 4 9
-51 0 150 4 10
-50 0 157 4 11
-44 0 201 4 12
-46 0 135 4 13
-47 0 180 4 14
-45 0 167 4 15
-45 0 173 4 16
-43 0 162 4 17
-37 0 148 4 18
-41 0 187 4 19
-40 0 146 4 20
-39 0 138 4 21
-37 0 178 4 22
-36 0 200 4 23
-31 0 147 4 24
-34 0 159 4 25
-34 0 172 4 26
-30 0 185 4 27
-24 0 204 4 28
-30 0 178 4 29
-24 0 144 4 30
-21 0 217 4 31
-26 0 171 4 32
-20 0 223 4 33
-19 0 155 4 34
-22 0 185 4 35
-20 0 199 4 36
-18 0 145 4 37
-18 0 171 4 38
-14 0 215 4 39
-17 0 168 4 40
-14 0 193 4 41
-14 0 205 4 42
-9 0 229 4 43
-11 0 149 4 44
-11 0 173 4 45
-10 0 179 4 46
-12 0 168 4 47
-1 0 220 4 48
-4 0 194 4 49
0 0 210 4 50
-2 0 176 4 51
-1 0 169 4 52
23 0 168 4 53
24 0 171 4 54
31 0 184 4 55
29 0 200 4 56
31 0 207 4 57
32 0 173 4 58
33 0 165 4 59
33 0 192 4 60
36 0 153 4 61
36 0 205 4 62
38 0 147 4 63
39 0 182 4 64
39 0 192 4 65
40 0 198 4 66
41 0 157 4 67
41 0 163 4 68
40 0 170 4 69
42 0 204 4 70
44 0 188 4 71
46 0 181 4 72
45 0 212 4 73
48 0 142 4 74
47 0 156 4 75
48 0 167 4 76
48 0 192 4 77
48 0 133 4 78
48 0 198 4 79
50 0 153 4 80
55 0 222 4 81
52 0 136 4 82
54 0 155 4 83
55 0 128 4 84
55 0 186 4 85
55 0 199 4 86
60 0 213 4 87
56 0 143 4 88
58 0 179 4 89
60 0 157 4 90
66 0 203 4 91
65 0 217 4 92
61 0 135 4 93
63 0 179 4 94
62 0 190 4 95
61 0 170 4 96
68 0 189 4 97
64 0 150 4 98
65 0 202 4 99
64 0 160 4 100
71 0 200 4 101
68 0 144 4 102
68 0 162 4 103
72 0 182 4 104
78 0 197 4 105
70 0 205 4 106
71 0 156 4 107
73 0 177 4 108
72 0 149 4 109
74 0 199 4 110
77 0 147 4 111
83 0 197 4 112
80 0 180 4 113
79 0 155 4 114
80 0 160 4 115
84 0 176 4 116
83 0 144 4 117
87 0 182 4 118
92 0 195 4 119
94 0 204 4 120
87 0 206 4 121
85 0 215 4 122
88 0 135 4 123
88 0 149 4 124
91 0 168 4 125
90 0 225 4 126
93 0 216 4 127
94 0 139 4 128
97 0 188 4 129
97 0 197 4 130
95 0 206 4 131
97 0 177 4 132
96 0 145 4 133
101 0 166 4 134
105 0 175 4 135
108 0 164 4 136
112 0 172 4 137
130 0 150 4 138
129 0 190 4 139
130 0 202 4 140
137 0 168 4 141
129 0 163 4 142
129 0 180 4 143
130 0 172 4 144
133 0 146 4 145
139 0 208 4 146
137 0 161 4 147
137 0 180 4 148
136 0 184 4 149
137 0 154 4 150
142 0 175 4 151
140 0 196 4 152
141 0 145 4 153
142 0 177 4 154
145 0 204 4 155
143 0 153 4 156
144 0 193 4 157
145 0 170 4 158
150 0 208 4 159
147 0 159 4 160
147 0 164 4 161
147 0 180 4 162
147 0 188 4 163
149 0 144 4 164
155 0 214 4 165
158 0 201 4 166
155 0 158 4 167
157 0 169 4 168
158 0 183 4 169
156 0 148 4 170
161 0 173 4 171
163 0 166 4 172
161 0 182 4 173
168 0 172 4 174
168 0 180 4 175
167 0 188 4 176
171 0 164 4 177
172 0 191 4 178
172 0 212 4 179
172 0 204 4 180
176 0 171 4 181
178 0 184 4 182
177 0 138 4 183
178 0 219 4 184
179 0 144 4 185
181 0 153 4 186
182 0 134 4 187
180 0 162 4 188
182 0 174 4 189
181 0 190 4 190
180 0 199 4 191
180 0 206 4 192
184 0 181 4 193
185 0 225 4 194
188 0 218 4 195
188 0 154 4 196
189 0 175 4 197
189 0 187 4 198
189 0 199 4 199
190 0 212 4 200
190 0 137 4 201
189 0 146 4 202
191 0 163 4 203
195 0 169 4 204
202 0 158 4 205
203 0 168 4 206
209 0 163 4 207
209 0 169 4 208
222 0 191 4 209
229 0 190 4 210
230 0 180 4 211
234 0 186 4 212
236 0 170 4 213
240 0 180 4 214
242 0 206 4 215
244 0 157 4 216
245 0 183 4 217
245 0 193 4 218
246 0 148 4 219
247 0 218 4 220
249 0 172 4 221
250 0 143 4 222
250 0 165 4 223
251 0 208 4 224
251 0 184 4 225
251 0 195 4 226
255 0 157 4 227
256 0 176 4 228
257 0 149 4 229
261 0 180 4 230
263 0 135 4 231
263 0 143 4 232
263 0 172 4 233
266 0 154 4 234
267 0 162 4 235
271 0 176 4 236
272 0 139 4 237
274 0 149 4 238
275 0 186 4 239
276 0 162 4 240
279 0 195 4 241
281 0 161 4 242
281 0 179 4 243
283 0 142 4 244
286 0 134 4 245
285 0 204 4 246
286 0 170 4 247
287 0 191 4 248
292 0 146 4 249
293 0 134 4 250
291 0 160 4 251
292 0 213 4 252
293 0 201 4 253
299 0 140 4 254
301 0 209 4 255
301 0 220 4 256
310 0 199 4 257
310 0 211 4 258
312 0 221 4 259
321 0 187 4 260
323 0 194 4 261
330 0 184 4 262
332 0 195 4 263
333 0 220 4 264
340 0 162 4 265
339 0 193 4 266
343 0 207 4 267
344 0 185 4 268
345 0 213 4 269
347 0 158 4 270
349 0 200 4 271
350 0 191 4 272
351 0 142 4 273
351 0 146 4 274
352 0 152 4 275
352 0 166 4 276
352 0 174 4 277
356 0 205 4 278
358 0 143 4 279
357 0 195 4 280
358 0 166 4 281
360 0 149 4 282
359 0 161 4 283
362 0 189 4 284
363 0 197 4 285
363 0 151 4 286
364 0 178 4 287
370 0 156 4 288
369 0 164 4 289
370 0 174 4 290
371 0 141 4 291
370 0 144 4 292
372 0 133 4 293
371 0 187 4 294
376 0 134 4 295
377 0 167 4 296
377 0 194 4 297
378 0 201 4 298
378 0 161 4 299
380 0 146 4 300
379 0 147 4 301
381 0 138 4 302
381 0 188 4 303
382 0 170 4 304
382 0 208 4 305
383 0 197 4 306
385 0 154 4 307
389 0 200 4 308
392 0 214 4 309
393 0 158 4 310
392 0 187 4 311
393 0 171 4 312
395 0 208 4 313
401 0 188 4 314
405 0 173 4 315
410 0 180 4 316
420 0 209 4 317
423 0 204 4 318
424 0 167 4 319
426 0 212 4 320
427 0 171 4 321
432 0 146 4 322
432 0 167 4 323
431 0 200 4 324
427 0 216 4 325
432 0 180 4 326
434 0 176 4 327
435 0 146 4 328
436 0 187 4 329
435 0 136 4 330
439 0 162 4 331
437 0 212 4 332
440 0 152 4 333
441 0 174 4 334
444 0 189 4 335
443 0 142 4 336
443 0 201 4 337
442 0 161 4 338
445 0 147 4 339
445 0 207 4 340
449 0 169 4 341
446 0 218 4 342
454 0 160 4 343
454 0 177 4 344
455 0 191 4 345
459 0 165 4 346
459 0 199 4 347
460 0 145 4 348
460 0 189 4 349
458 0 145 4 350
460 0 181 4 351
458 0 208 4 352
460 0 155 4 353
463 0 175 4 354
463 0 138 4 355
465 0 194 4 356
460 0 222 4 357
469 0 184 4 358
467 0 138 4 359
