360
-4 0 274 4 0
-35 0 247 4 1
-29 0 242 4 2
-47 0 170 4 3
-45 0 214 4 4
-50 0 166 4 5
-37 0 160 4 6
-41 0 174 4 7
-51 0 163 4 8
-47 0 138 4 9
-49 0 147 4 10
-43 0 149 4 11
-19 0 236 4 12
-43 0 129 4 13
-43 0 176 4 14
-41 0 161 4 15
-41 0 169 4 16
-35 0 152 4 17
-2 0 107 4 18
-34 0 177 4 19
-31 0 135 4 20
-34 0 134 4 21
-26 0 162 4 22
-11 0 230 4 23
-1 0 111 4 24
-23 0 146 4 25
-27 0 161 4 26
-23 0 174 4 27
26 0 265 4 28
-27 0 175 4 29
15 0 95 4 30
28 0 279 4 31
-19 0 162 4 32
17 0 270 4 33
8 0 115 4 34
-18 0 177 4 35
-1 0 223 4 36
4 0 115 4 37
7 0 130 4 38
31 0 267 4 39
-11 0 157 4 40
9 0 216 4 41
5 0 223 4 42
44 0 291 4 43
15 0 109 4 44
10 0 135 4 45
15 0 131 4 46
-8 0 163 4 47
58 0 286 4 48
19 0 216 4 49
54 0 267 4 50
19 0 132 4 51
18 0 131 4 52
33 0 136 4 53
40 0 120 4 54
50 0 209 4 55
38 0 211 4 56
39 0 218 4 57
42 0 137 4 58
42 0 129 4 59
40 0 203 4 60
44 0 119 4 61
45 0 216 4 62
47 0 113 4 63
51 0 198 4 64
48 0 203 4 65
51 0 212 4 66
54 0 109 4 67
52 0 119 4 68
50 0 130 4 69
53 0 218 4 70
58 0 206 4 71
63 0 202 4 72
54 0 226 4 73
61 0 92 4 74
55 0 120 4 75
63 0 110 4 76
65 0 213 4 77
52 0 118 4 78
56 0 209 4 79
57 0 124 4 80
101 0 281 4 81
63 0 91 4 82
65 0 110 4 83
63 0 96 4 84
65 0 199 4 85
65 0 210 4 86
103 0 270 4 87
64 0 111 4 88
81 0 205 4 89
65 0 128 4 90
118 0 271 4 91
105 0 267 4 92
69 0 103 4 93
86 0 203 4 94
79 0 212 4 95
62 0 163 4 96
120 0 251 4 97
69 0 118 4 98
78 0 220 4 99
68 0 134 4 100
122 0 262 4 101
73 0 117 4 102
75 0 117 4 103
97 0 208 4 104
145 0 273 4 105
81 0 219 4 106
78 0 109 4 107
92 0 195 4 108
76 0 114 4 109
83 0 210 4 110
83 0 101 4 111
130 0 247 4 112
93 0 193 4 113
82 0 125 4 114
83 0 123 4 115
97 0 189 4 116
86 0 122 4 117
101 0 196 4 118
139 0 242 4 119
159 0 272 4 120
101 0 222 4 121
86 0 216 4 122
91 0 93 4 123
91 0 117 4 124
104 0 182 4 125
92 0 228 4 126
94 0 217 4 127
95 0 100 4 128
121 0 212 4 129
116 0 216 4 130
104 0 216 4 131
113 0 193 4 132
96 0 112 4 133
114 0 180 4 134
117 0 188 4 135
116 0 170 4 136
127 0 190 4 137
148 0 151 4 138
133 0 195 4 139
144 0 220 4 140
197 0 251 4 141
132 0 166 4 142
132 0 185 4 143
133 0 175 4 144
144 0 142 4 145
172 0 248 4 146
143 0 166 4 147
145 0 190 4 148
136 0 185 4 149
140 0 158 4 150
173 0 219 4 151
159 0 216 4 152
147 0 145 4 153
146 0 183 4 154
170 0 236 4 155
146 0 153 4 156
144 0 194 4 157
149 0 174 4 158
182 0 248 4 159
152 0 163 4 160
156 0 171 4 161
153 0 187 4 162
155 0 200 4 163
157 0 144 4 164
192 0 260 4 165
191 0 247 4 166
160 0 159 4 167
182 0 185 4 168
186 0 219 4 169
164 0 147 4 170
178 0 183 4 171
181 0 177 4 172
165 0 186 4 173
175 0 175 4 174
176 0 185 4 175
170 0 192 4 176
176 0 167 4 177
179 0 194 4 178
182 0 226 4 179
173 0 205 4 180
190 0 179 4 181
198 0 197 4 182
184 0 141 4 183
189 0 235 4 184
180 0 144 4 185
196 0 151 4 186
199 0 138 4 187
183 0 163 4 188
196 0 180 4 189
189 0 197 4 190
183 0 202 4 191
183 0 210 4 192
203 0 192 4 193
197 0 239 4 194
196 0 229 4 195
189 0 155 4 196
194 0 178 4 197
200 0 192 4 198
197 0 206 4 199
201 0 225 4 200
197 0 140 4 201
191 0 147 4 202
204 0 176 4 203
201 0 176 4 204
208 0 159 4 205
208 0 175 4 206
212 0 166 4 207
212 0 174 4 208
224 0 194 4 209
233 0 197 4 210
230 0 180 4 211
236 0 191 4 212
239 0 174 4 213
241 0 184 4 214
241 0 210 4 215
243 0 158 4 216
255 0 194 4 217
248 0 199 4 218
243 0 148 4 219
250 0 229 4 220
249 0 172 4 221
249 0 143 4 222
248 0 165 4 223
256 0 211 4 224
254 0 188 4 225
252 0 197 4 226
258 0 156 4 227
257 0 178 4 228
256 0 148 4 229
264 0 188 4 230
264 0 135 4 231
261 0 143 4 232
266 0 180 4 233
269 0 161 4 234
267 0 162 4 235
272 0 178 4 236
271 0 142 4 237
274 0 152 4 238
278 0 189 4 239
278 0 167 4 240
279 0 196 4 241
281 0 162 4 242
283 0 180 4 243
293 0 120 4 244
303 0 95 4 245
284 0 204 4 246
287 0 177 4 247
288 0 191 4 248
303 0 121 4 249
310 0 88 4 250
290 0 165 4 251
288 0 214 4 252
292 0 204 4 253
314 0 100 4 254
301 0 212 4 255
298 0 230 4 256
308 0 202 4 257
308 0 215 4 258
309 0 225 4 259
310 0 191 4 260
319 0 202 4 261
316 0 180 4 262
321 0 213 4 263
319 0 264 4 264
339 0 144 4 265
328 0 214 4 266
339 0 222 4 267
335 0 210 4 268
343 0 218 4 269
341 0 127 4 270
346 0 213 4 271
346 0 202 4 272
349 0 123 4 273
348 0 98 4 274
348 0 111 4 275
349 0 131 4 276
348 0 147 4 277
354 0 210 4 278
355 0 113 4 279
350 0 215 4 280
351 0 97 4 281
357 0 109 4 282
356 0 98 4 283
356 0 207 4 284
361 0 206 4 285
359 0 97 4 286
362 0 157 4 287
367 0 140 4 288
366 0 134 4 289
369 0 171 4 290
369 0 126 4 291
366 0 102 4 292
369 0 112 4 293
366 0 203 4 294
372 0 104 4 295
369 0 110 4 296
366 0 215 4 297
374 0 207 4 298
372 0 114 4 299
377 0 116 4 300
371 0 83 4 301
377 0 103 4 302
371 0 206 4 303
377 0 113 4 304
377 0 217 4 305
373 0 214 4 306
384 0 143 4 307
385 0 207 4 308
389 0 217 4 309
390 0 140 4 310
382 0 203 4 311
387 0 125 4 312
392 0 211 4 313
390 0 206 4 314
397 0 143 4 315
407 0 156 4 316
402 0 223 4 317
407 0 215 4 318
405 0 117 4 319
415 0 225 4 320
405 0 110 4 321
425 0 131 4 322
418 0 130 4 323
412 0 215 4 324
374 0 283 4 325
410 0 121 4 326
423 0 146 4 327
410 0 92 4 328
422 0 148 4 329
410 0 76 4 330
421 0 122 4 331
400 0 261 4 332
419 0 103 4 333
419 0 122 4 334
444 0 187 4 335
428 0 107 4 336
427 0 222 4 337
408 0 86 4 338
423 0 95 4 339
409 0 255 4 340
427 0 118 4 341
393 0 284 4 342
451 0 154 4 343
436 0 137 4 344
449 0 179 4 345
457 0 159 4 346
458 0 199 4 347
458 0 141 4 348
457 0 185 4 349
436 0 101 4 350
457 0 174 4 351
438 0 233 4 352
447 0 130 4 353
463 0 172 4 354
444 0 106 4 355
465 0 192 4 356
410 0 282 4 357
468 0 181 4 358
438 0 86 4 359
