360
-57 0 211 4 0
-63 0 210 4 1
-55 0 209 4 2
-59 0 184 4 3
-55 0 201 4 4
-54 0 172 4 5
-50 0 177 4 6
-51 0 186 4 7
-52 0 165 4 8
-50 0 140 4 9
-50 0 149 4 10
-49 0 156 4 11
-41 0 206 4 12
-46 0 134 4 13
-46 0 180 4 14
-45 0 166 4 15
-45 0 173 4 16
-42 0 160 4 17
-32 0 142 4 18
-40 0 185 4 19
-38 0 144 4 20
-39 0 138 4 21
-36 0 175 4 22
-32 0 205 4 23
-26 0 142 4 24
-32 0 157 4 25
-33 0 170 4 26
-29 0 184 4 27
-16 0 213 4 28
-29 0 177 4 29
-18 0 137 4 30
-14 0 226 4 31
-25 0 169 4 32
-14 0 230 4 33
-15 0 149 4 34
-22 0 183 4 35
-17 0 203 4 36
-15 0 140 4 37
-14 0 165 4 38
-7 0 223 4 39
-16 0 167 4 40
-10 0 197 4 41
-11 0 207 4 42
-1 0 238 4 43
-7 0 143 4 44
-8 0 167 4 45
-7 0 172 4 46
-11 0 167 4 47
8 0 230 4 48
0 0 197 4 49
9 0 219 4 50
1 0 169 4 51
2 0 163 4 52
25 0 164 4 53
27 0 163 4 54
33 0 188 4 55
31 0 201 4 56
32 0 209 4 57
34 0 168 4 58
35 0 160 4 59
34 0 194 4 60
37 0 148 4 61
38 0 206 4 62
40 0 142 4 63
40 0 185 4 64
41 0 193 4 65
41 0 200 4 66
43 0 150 4 67
42 0 156 4 68
42 0 164 4 69
43 0 206 4 70
46 0 190 4 71
49 0 184 4 72
47 0 214 4 73
50 0 134 4 74
48 0 150 4 75
50 0 158 4 76
51 0 195 4 77
48 0 131 4 78
49 0 199 4 79
51 0 149 4 80
62 0 231 4 81
54 0 129 4 82
56 0 148 4 83
56 0 124 4 84
57 0 188 4 85
57 0 200 4 86
66 0 222 4 87
57 0 138 4 88
62 0 182 4 89
61 0 153 4 90
74 0 214 4 91
71 0 225 4 92
62 0 130 4 93
67 0 182 4 94
65 0 193 4 95
61 0 169 4 96
76 0 199 4 97
64 0 145 4 98
67 0 205 4 99
65 0 156 4 100
79 0 209 4 101
68 0 140 4 102
69 0 155 4 103
75 0 186 4 104
88 0 209 4 105
72 0 207 4 106
72 0 149 4 107
75 0 180 4 108
72 0 144 4 109
76 0 201 4 110
78 0 140 4 111
90 0 205 4 112
82 0 182 4 113
80 0 150 4 114
80 0 154 4 115
86 0 178 4 116
84 0 141 4 117
89 0 184 4 118
99 0 202 4 119
104 0 214 4 120
89 0 209 4 121
85 0 215 4 122
89 0 129 4 123
89 0 144 4 124
93 0 170 4 125
91 0 226 4 126
93 0 216 4 127
94 0 133 4 128
101 0 192 4 129
100 0 200 4 130
97 0 208 4 131
100 0 180 4 132
96 0 140 4 133
103 0 168 4 134
106 0 177 4 135
109 0 165 4 136
114 0 174 4 137
133 0 150 4 138
129 0 191 4 139
132 0 204 4 140
146 0 180 4 141
130 0 164 4 142
130 0 180 4 143
131 0 172 4 144
135 0 145 4 145
144 0 214 4 146
138 0 161 4 147
138 0 180 4 148
136 0 184 4 149
138 0 155 4 150
147 0 181 4 151
143 0 199 4 152
142 0 145 4 153
142 0 178 4 154
148 0 209 4 155
144 0 153 4 156
144 0 193 4 157
146 0 170 4 158
154 0 214 4 159
148 0 160 4 160
149 0 165 4 161
148 0 180 4 162
148 0 190 4 163
150 0 144 4 164
161 0 221 4 165
163 0 208 4 166
155 0 158 4 167
161 0 172 4 168
162 0 188 4 169
157 0 148 4 170
164 0 174 4 171
165 0 167 4 172
162 0 182 4 173
169 0 172 4 174
169 0 180 4 175
168 0 188 4 176
172 0 165 4 177
173 0 191 4 178
174 0 214 4 179
172 0 204 4 180
178 0 172 4 181
181 0 186 4 182
178 0 139 4 183
179 0 222 4 184
179 0 144 4 185
183 0 153 4 186
185 0 135 4 187
181 0 162 4 188
184 0 175 4 189
182 0 191 4 190
181 0 199 4 191
181 0 206 4 192
187 0 183 4 193
187 0 227 4 194
189 0 219 4 195
188 0 154 4 196
189 0 176 4 197
191 0 188 4 198
190 0 200 4 199
191 0 214 4 200
191 0 138 4 201
190 0 146 4 202
193 0 165 4 203
196 0 170 4 204
203 0 158 4 205
203 0 169 4 206
210 0 164 4 207
210 0 169 4 208
223 0 192 4 209
230 0 191 4 210
230 0 180 4 211
234 0 187 4 212
237 0 170 4 213
240 0 180 4 214
242 0 206 4 215
244 0 157 4 216
247 0 185 4 217
245 0 194 4 218
245 0 148 4 219
248 0 220 4 220
249 0 172 4 221
250 0 143 4 222
249 0 165 4 223
251 0 208 4 224
252 0 185 4 225
251 0 195 4 226
256 0 157 4 227
256 0 176 4 228
257 0 149 4 229
262 0 181 4 230
263 0 135 4 231
263 0 143 4 232
264 0 174 4 233
267 0 155 4 234
267 0 162 4 235
271 0 177 4 236
272 0 140 4 237
274 0 150 4 238
276 0 187 4 239
276 0 163 4 240
279 0 195 4 241
281 0 161 4 242
282 0 179 4 243
285 0 139 4 244
289 0 128 4 245
285 0 204 4 246
286 0 171 4 247
287 0 191 4 248
293 0 143 4 249
296 0 127 4 250
291 0 160 4 251
291 0 213 4 252
293 0 202 4 253
301 0 134 4 254
301 0 210 4 255
300 0 222 4 256
310 0 200 4 257
310 0 211 4 258
311 0 221 4 259
320 0 187 4 260
323 0 195 4 261
328 0 183 4 262
330 0 197 4 263
331 0 227 4 264
340 0 159 4 265
338 0 196 4 266
343 0 209 4 267
342 0 189 4 268
345 0 213 4 269
346 0 153 4 270
348 0 202 4 271
349 0 192 4 272
351 0 140 4 273
351 0 139 4 274
351 0 146 4 275
351 0 161 4 276
351 0 170 4 277
355 0 206 4 278
357 0 138 4 279
356 0 198 4 280
357 0 156 4 281
359 0 143 4 282
359 0 152 4 283
361 0 192 4 284
362 0 199 4 285
363 0 143 4 286
364 0 175 4 287
369 0 153 4 288
369 0 159 4 289
370 0 174 4 290
370 0 139 4 291
370 0 138 4 292
371 0 130 4 293
370 0 190 4 294
376 0 129 4 295
376 0 158 4 296
375 0 197 4 297
377 0 202 4 298
377 0 154 4 299
379 0 141 4 300
378 0 137 4 301
380 0 133 4 302
379 0 190 4 303
382 0 162 4 304
381 0 210 4 305
381 0 200 4 306
385 0 153 4 307
389 0 201 4 308
391 0 214 4 309
392 0 155 4 310
390 0 190 4 311
392 0 164 4 312
395 0 208 4 313
399 0 191 4 314
404 0 168 4 315
410 0 177 4 316
417 0 211 4 317
420 0 205 4 318
421 0 160 4 319
424 0 214 4 320
424 0 162 4 321
431 0 144 4 322
430 0 161 4 323
429 0 202 4 324
419 0 226 4 325
429 0 171 4 326
433 0 171 4 327
431 0 137 4 328
434 0 181 4 329
432 0 127 4 330
437 0 156 4 331
431 0 219 4 332
437 0 145 4 333
438 0 166 4 334
444 0 189 4 335
441 0 137 4 336
440 0 204 4 337
437 0 149 4 338
442 0 139 4 339
439 0 214 4 340
446 0 161 4 341
438 0 228 4 342
453 0 159 4 343
451 0 171 4 344
454 0 189 4 345
459 0 164 4 346
459 0 199 4 347
460 0 144 4 348
459 0 188 4 349
455 0 138 4 350
460 0 180 4 351
455 0 211 4 352
458 0 151 4 353
463 0 174 4 354
460 0 133 4 355
465 0 193 4 356
452 0 231 4 357
469 0 183 4 358
463 0 130 4 359
