360
-9 0 268 4 0
-37 0 243 4 1
-31 0 239 4 2
-48 0 171 4 3
-46 0 213 4 4
-50 0 166 4 5
-38 0 161 4 6
-42 0 175 4 7
-51 0 163 4 8
-47 0 138 4 9
-49 0 147 4 10
-44 0 150 4 11
-21 0 233 4 12
-43 0 129 4 13
-43 0 176 4 14
-41 0 161 4 15
-41 0 169 4 16
-35 0 152 4 17
-5 0 110 4 18
-34 0 178 4 19
-31 0 136 4 20
-35 0 134 4 21
-27 0 163 4 22
-13 0 228 4 23
-4 0 114 4 24
-24 0 147 4 25
-28 0 162 4 26
-24 0 175 4 27
22 0 260 4 28
-28 0 175 4 29
12 0 99 4 30
24 0 274 4 31
-20 0 163 4 32
14 0 266 4 33
6 0 118 4 34
-18 0 178 4 35
-3 0 221 4 36
2 0 118 4 37
5 0 133 4 38
27 0 262 4 39
-11 0 158 4 40
7 0 214 4 41
3 0 221 4 42
40 0 286 4 43
13 0 112 4 44
8 0 138 4 45
13 0 135 4 46
-8 0 163 4 47
54 0 280 4 48
17 0 214 4 49
50 0 262 4 50
18 0 136 4 51
16 0 134 4 52
33 0 138 4 53
39 0 124 4 54
48 0 207 4 55
37 0 210 4 56
38 0 217 4 57
41 0 140 4 58
42 0 132 4 59
40 0 202 4 60
44 0 122 4 61
44 0 215 4 62
46 0 116 4 63
50 0 197 4 64
47 0 202 4 65
50 0 211 4 66
53 0 113 4 67
51 0 123 4 68
50 0 134 4 69
52 0 217 4 70
57 0 205 4 71
61 0 201 4 72
54 0 224 4 73
60 0 96 4 74
55 0 123 4 75
62 0 115 4 76
63 0 212 4 77
52 0 119 4 78
55 0 208 4 79
57 0 126 4 80
97 0 276 4 81
62 0 95 4 82
64 0 114 4 83
62 0 98 4 84
64 0 198 4 85
64 0 209 4 86
99 0 266 4 87
63 0 113 4 88
79 0 203 4 89
65 0 130 4 90
114 0 266 4 91
101 0 263 4 92
68 0 105 4 93
84 0 201 4 94
78 0 210 4 95
62 0 163 4 96
116 0 246 4 97
68 0 121 4 98
77 0 218 4 99
68 0 136 4 100
117 0 257 4 101
72 0 119 4 102
74 0 121 4 103
95 0 206 4 104
140 0 267 4 105
80 0 217 4 106
78 0 113 4 107
90 0 193 4 108
76 0 117 4 109
82 0 209 4 110
82 0 105 4 111
126 0 243 4 112
92 0 192 4 113
82 0 127 4 114
83 0 126 4 115
96 0 188 4 116
85 0 124 4 117
100 0 195 4 118
135 0 238 4 119
154 0 266 4 120
100 0 221 4 121
86 0 216 4 122
91 0 97 4 123
90 0 120 4 124
103 0 181 4 125
92 0 227 4 126
94 0 217 4 127
95 0 103 4 128
119 0 210 4 129
114 0 215 4 130
104 0 215 4 131
112 0 191 4 132
96 0 115 4 133
113 0 179 4 134
116 0 187 4 135
115 0 169 4 136
126 0 188 4 137
147 0 151 4 138
133 0 195 4 139
143 0 218 4 140
192 0 244 4 141
132 0 166 4 142
132 0 184 4 143
132 0 175 4 144
143 0 142 4 145
169 0 244 4 146
142 0 165 4 147
144 0 189 4 148
136 0 185 4 149
140 0 158 4 150
171 0 215 4 151
157 0 215 4 152
147 0 145 4 153
146 0 182 4 154
168 0 233 4 155
146 0 153 4 156
144 0 194 4 157
149 0 174 4 158
180 0 245 4 159
152 0 163 4 160
156 0 171 4 161
152 0 186 4 162
154 0 199 4 163
156 0 144 4 164
189 0 256 4 165
188 0 243 4 166
159 0 159 4 167
180 0 183 4 168
184 0 216 4 169
164 0 147 4 170
176 0 182 4 171
180 0 176 4 172
165 0 186 4 173
174 0 175 4 174
175 0 184 4 175
170 0 192 4 176
176 0 167 4 177
178 0 194 4 178
181 0 224 4 179
173 0 205 4 180
189 0 178 4 181
196 0 196 4 182
183 0 140 4 183
188 0 234 4 184
180 0 144 4 185
195 0 151 4 186
198 0 138 4 187
183 0 163 4 188
195 0 180 4 189
188 0 196 4 190
183 0 202 4 191
183 0 210 4 192
201 0 191 4 193
196 0 237 4 194
195 0 228 4 195
189 0 155 4 196
193 0 178 4 197
199 0 192 4 198
196 0 206 4 199
200 0 224 4 200
197 0 139 4 201
191 0 147 4 202
203 0 175 4 203
201 0 175 4 204
208 0 159 4 205
207 0 175 4 206
212 0 166 4 207
212 0 173 4 208
224 0 194 4 209
233 0 196 4 210
230 0 180 4 211
236 0 191 4 212
239 0 174 4 213
241 0 184 4 214
241 0 210 4 215
243 0 158 4 216
255 0 193 4 217
248 0 198 4 218
243 0 148 4 219
249 0 228 4 220
249 0 172 4 221
249 0 143 4 222
248 0 165 4 223
255 0 211 4 224
254 0 188 4 225
252 0 197 4 226
257 0 156 4 227
257 0 177 4 228
256 0 148 4 229
264 0 187 4 230
264 0 135 4 231
262 0 143 4 232
266 0 180 4 233
269 0 160 4 234
267 0 162 4 235
272 0 178 4 236
271 0 142 4 237
274 0 151 4 238
277 0 188 4 239
278 0 167 4 240
279 0 196 4 241
281 0 162 4 242
283 0 180 4 243
293 0 122 4 244
302 0 98 4 245
284 0 204 4 246
287 0 176 4 247
288 0 191 4 248
302 0 123 4 249
309 0 92 4 250
290 0 164 4 251
288 0 214 4 252
292 0 204 4 253
313 0 103 4 254
301 0 211 4 255
298 0 230 4 256
309 0 202 4 257
309 0 215 4 258
310 0 225 4 259
311 0 191 4 260
319 0 202 4 261
317 0 180 4 262
322 0 211 4 263
320 0 260 4 264
339 0 145 4 265
329 0 212 4 266
339 0 221 4 267
335 0 208 4 268
344 0 217 4 269
341 0 130 4 270
346 0 212 4 271
346 0 201 4 272
350 0 125 4 273
348 0 102 4 274
348 0 114 4 275
349 0 133 4 276
348 0 149 4 277
354 0 210 4 278
355 0 116 4 279
351 0 213 4 280
351 0 102 4 281
357 0 113 4 282
356 0 103 4 283
357 0 206 4 284
361 0 205 4 285
359 0 101 4 286
363 0 158 4 287
368 0 141 4 288
366 0 136 4 289
369 0 171 4 290
369 0 127 4 291
366 0 105 4 292
369 0 113 4 293
366 0 202 4 294
372 0 106 4 295
370 0 114 4 296
367 0 213 4 297
374 0 207 4 298
373 0 118 4 299
377 0 118 4 300
371 0 88 4 301
377 0 106 4 302
372 0 205 4 303
378 0 118 4 304
377 0 217 4 305
373 0 213 4 306
384 0 144 4 307
385 0 207 4 308
390 0 217 4 309
390 0 141 4 310
383 0 202 4 311
387 0 129 4 312
392 0 211 4 313
391 0 205 4 314
398 0 145 4 315
407 0 158 4 316
403 0 222 4 317
408 0 214 4 318
407 0 121 4 319
416 0 224 4 320
407 0 115 4 321
426 0 132 4 322
419 0 133 4 323
414 0 214 4 324
378 0 278 4 325
412 0 125 4 326
424 0 149 4 327
412 0 96 4 328
423 0 152 4 329
412 0 81 4 330
422 0 125 4 331
403 0 257 4 332
421 0 107 4 333
421 0 127 4 334
444 0 188 4 335
429 0 110 4 336
428 0 221 4 337
411 0 92 4 338
425 0 100 4 339
412 0 251 4 340
429 0 122 4 341
397 0 279 4 342
451 0 154 4 343
438 0 140 4 344
449 0 180 4 345
458 0 160 4 346
458 0 199 4 347
459 0 141 4 348
457 0 185 4 349
438 0 104 4 350
457 0 174 4 351
440 0 231 4 352
448 0 132 4 353
463 0 172 4 354
446 0 109 4 355
465 0 192 4 356
414 0 277 4 357
468 0 181 4 358
441 0 91 4 359
