360
-61 0 206 4 0
-65 0 207 4 1
-57 0 206 4 2
-60 0 185 4 3
-56 0 200 4 4
-55 0 172 4 5
-52 0 178 4 6
-51 0 187 4 7
-52 0 165 4 8
-50 0 140 4 9
-51 0 149 4 10
-50 0 156 4 11
-42 0 204 4 12
-46 0 135 4 13
-46 0 180 4 14
-45 0 167 4 15
-45 0 173 4 16
-42 0 161 4 17
-34 0 145 4 18
-40 0 186 4 19
-39 0 145 4 20
-39 0 138 4 21
-36 0 176 4 22
-34 0 203 4 23
-29 0 144 4 24
-33 0 158 4 25
-34 0 171 4 26
-30 0 184 4 27
-20 0 209 4 28
-30 0 177 4 29
-21 0 140 4 30
-17 0 222 4 31
-26 0 170 4 32
-17 0 226 4 33
-17 0 151 4 34
-22 0 184 4 35
-19 0 201 4 36
-16 0 143 4 37
-16 0 168 4 38
-10 0 219 4 39
-17 0 167 4 40
-12 0 195 4 41
-12 0 206 4 42
-4 0 234 4 43
-9 0 145 4 44
-9 0 170 4 45
-8 0 175 4 46
-11 0 168 4 47
4 0 225 4 48
-2 0 196 4 49
5 0 215 4 50
0 0 172 4 51
0 0 166 4 52
24 0 166 4 53
26 0 167 4 54
32 0 186 4 55
30 0 200 4 56
32 0 208 4 57
33 0 170 4 58
34 0 162 4 59
34 0 193 4 60
37 0 151 4 61
37 0 206 4 62
39 0 144 4 63
40 0 183 4 64
40 0 193 4 65
41 0 199 4 66
42 0 153 4 67
42 0 159 4 68
41 0 167 4 69
42 0 205 4 70
45 0 189 4 71
48 0 183 4 72
46 0 213 4 73
49 0 138 4 74
48 0 153 4 75
49 0 162 4 76
50 0 194 4 77
48 0 132 4 78
49 0 199 4 79
51 0 151 4 80
59 0 227 4 81
53 0 132 4 82
55 0 151 4 83
56 0 126 4 84
56 0 187 4 85
56 0 199 4 86
63 0 218 4 87
57 0 140 4 88
60 0 180 4 89
60 0 155 4 90
71 0 209 4 91
68 0 221 4 92
62 0 132 4 93
65 0 181 4 94
64 0 192 4 95
61 0 169 4 96
73 0 194 4 97
64 0 147 4 98
66 0 204 4 99
65 0 158 4 100
75 0 205 4 101
68 0 142 4 102
68 0 158 4 103
74 0 184 4 104
84 0 204 4 105
71 0 206 4 106
72 0 152 4 107
74 0 178 4 108
72 0 146 4 109
75 0 200 4 110
77 0 143 4 111
87 0 201 4 112
81 0 181 4 113
80 0 152 4 114
80 0 157 4 115
85 0 177 4 116
83 0 142 4 117
88 0 183 4 118
96 0 198 4 119
99 0 210 4 120
88 0 207 4 121
85 0 215 4 122
89 0 132 4 123
88 0 146 4 124
92 0 169 4 125
90 0 225 4 126
93 0 216 4 127
94 0 135 4 128
99 0 190 4 129
98 0 198 4 130
96 0 207 4 131
98 0 179 4 132
96 0 143 4 133
102 0 167 4 134
106 0 176 4 135
109 0 164 4 136
113 0 173 4 137
132 0 150 4 138
129 0 190 4 139
131 0 203 4 140
142 0 175 4 141
130 0 164 4 142
130 0 180 4 143
130 0 172 4 144
134 0 145 4 145
142 0 212 4 146
137 0 161 4 147
138 0 180 4 148
136 0 184 4 149
138 0 155 4 150
145 0 179 4 151
142 0 198 4 152
141 0 145 4 153
142 0 177 4 154
147 0 207 4 155
144 0 153 4 156
144 0 193 4 157
146 0 170 4 158
152 0 212 4 159
147 0 160 4 160
148 0 165 4 161
147 0 180 4 162
148 0 189 4 163
150 0 144 4 164
158 0 218 4 165
160 0 205 4 166
155 0 158 4 167
159 0 171 4 168
160 0 186 4 169
157 0 148 4 170
163 0 173 4 171
164 0 167 4 172
162 0 182 4 173
168 0 172 4 174
169 0 180 4 175
168 0 188 4 176
171 0 165 4 177
172 0 191 4 178
173 0 213 4 179
172 0 204 4 180
177 0 172 4 181
179 0 185 4 182
177 0 138 4 183
179 0 221 4 184
179 0 144 4 185
182 0 153 4 186
184 0 135 4 187
181 0 162 4 188
183 0 174 4 189
182 0 190 4 190
181 0 199 4 191
181 0 206 4 192
185 0 182 4 193
186 0 226 4 194
189 0 218 4 195
188 0 154 4 196
189 0 176 4 197
190 0 187 4 198
190 0 200 4 199
191 0 213 4 200
191 0 137 4 201
189 0 146 4 202
192 0 164 4 203
195 0 169 4 204
202 0 158 4 205
203 0 169 4 206
210 0 164 4 207
210 0 169 4 208
222 0 192 4 209
230 0 190 4 210
230 0 180 4 211
234 0 186 4 212
237 0 170 4 213
240 0 180 4 214
242 0 206 4 215
244 0 157 4 216
246 0 184 4 217
245 0 193 4 218
245 0 148 4 219
247 0 219 4 220
249 0 172 4 221
250 0 143 4 222
250 0 165 4 223
251 0 208 4 224
252 0 185 4 225
251 0 195 4 226
255 0 157 4 227
256 0 176 4 228
257 0 149 4 229
262 0 181 4 230
263 0 135 4 231
263 0 143 4 232
264 0 173 4 233
267 0 154 4 234
267 0 162 4 235
271 0 176 4 236
272 0 140 4 237
274 0 149 4 238
275 0 186 4 239
276 0 162 4 240
279 0 195 4 241
281 0 161 4 242
281 0 179 4 243
284 0 140 4 244
288 0 131 4 245
285 0 204 4 246
286 0 170 4 247
287 0 191 4 248
292 0 144 4 249
295 0 130 4 250
291 0 160 4 251
291 0 213 4 252
293 0 202 4 253
300 0 136 4 254
301 0 209 4 255
300 0 221 4 256
310 0 200 4 257
310 0 211 4 258
312 0 221 4 259
321 0 187 4 260
323 0 195 4 261
329 0 183 4 262
331 0 196 4 263
332 0 224 4 264
340 0 160 4 265
339 0 195 4 266
343 0 208 4 267
343 0 187 4 268
345 0 213 4 269
347 0 155 4 270
348 0 201 4 271
349 0 191 4 272
351 0 141 4 273
351 0 142 4 274
351 0 149 4 275
351 0 163 4 276
351 0 172 4 277
356 0 205 4 278
357 0 141 4 279
357 0 196 4 280
357 0 161 4 281
359 0 145 4 282
359 0 156 4 283
362 0 191 4 284
363 0 198 4 285
363 0 147 4 286
364 0 176 4 287
370 0 154 4 288
369 0 161 4 289
370 0 174 4 290
371 0 140 4 291
370 0 141 4 292
371 0 131 4 293
371 0 188 4 294
376 0 131 4 295
376 0 162 4 296
376 0 196 4 297
377 0 201 4 298
378 0 158 4 299
379 0 143 4 300
378 0 142 4 301
380 0 135 4 302
380 0 189 4 303
382 0 166 4 304
382 0 209 4 305
382 0 199 4 306
385 0 154 4 307
389 0 201 4 308
392 0 214 4 309
392 0 156 4 310
391 0 188 4 311
393 0 167 4 312
395 0 208 4 313
400 0 190 4 314
404 0 170 4 315
410 0 178 4 316
418 0 210 4 317
422 0 204 4 318
423 0 163 4 319
425 0 213 4 320
425 0 166 4 321
432 0 145 4 322
431 0 164 4 323
430 0 201 4 324
422 0 222 4 325
430 0 175 4 326
434 0 174 4 327
433 0 141 4 328
435 0 184 4 329
433 0 131 4 330
438 0 159 4 331
434 0 216 4 332
438 0 148 4 333
439 0 170 4 334
444 0 189 4 335
442 0 139 4 336
441 0 203 4 337
440 0 154 4 338
443 0 143 4 339
442 0 211 4 340
447 0 165 4 341
441 0 224 4 342
453 0 160 4 343
452 0 174 4 344
455 0 190 4 345
459 0 165 4 346
459 0 199 4 347
460 0 144 4 348
459 0 188 4 349
456 0 141 4 350
460 0 180 4 351
457 0 210 4 352
459 0 153 4 353
463 0 174 4 354
461 0 135 4 355
465 0 194 4 356
456 0 227 4 357
469 0 183 4 358
465 0 134 4 359
