360
-46 0 224 4 0
-57 0 217 4 1
-50 0 216 4 2
-56 0 181 4 3
-53 0 204 4 4
-53 0 171 4 5
-48 0 174 4 6
-49 0 183 4 7
-52 0 165 4 8
-49 0 140 4 9
-50 0 149 4 10
-48 0 155 4 11
-36 0 212 4 12
-45 0 133 4 13
-45 0 179 4 14
-44 0 165 4 15
-44 0 172 4 16
-40 0 158 4 17
-26 0 135 4 18
-39 0 183 4 19
-37 0 142 4 20
-38 0 137 4 21
-34 0 173 4 22
-28 0 210 4 23
-21 0 135 4 24
-30 0 155 4 25
-32 0 168 4 26
-28 0 181 4 27
-8 0 223 4 28
-29 0 177 4 29
-11 0 128 4 30
-5 0 237 4 31
-24 0 168 4 32
-8 0 238 4 33
-11 0 142 4 34
-21 0 182 4 35
-14 0 207 4 36
-11 0 135 4 37
-10 0 158 4 38
1 0 232 4 39
-15 0 165 4 40
-7 0 200 4 41
-8 0 210 4 42
8 0 249 4 43
-3 0 136 4 44
-4 0 161 4 45
-2 0 164 4 46
-10 0 166 4 47
18 0 241 4 48
4 0 201 4 49
18 0 228 4 50
5 0 162 4 51
5 0 157 4 52
27 0 158 4 53
29 0 154 4 54
37 0 192 4 55
32 0 203 4 56
34 0 211 4 57
35 0 161 4 58
36 0 153 4 59
35 0 196 4 60
39 0 142 4 61
39 0 208 4 62
41 0 136 4 63
43 0 187 4 64
42 0 195 4 65
43 0 203 4 66
45 0 142 4 67
44 0 149 4 68
44 0 158 4 69
45 0 209 4 70
49 0 194 4 71
52 0 188 4 72
48 0 216 4 73
52 0 126 4 74
50 0 144 4 75
53 0 149 4 76
54 0 199 4 77
49 0 128 4 78
51 0 201 4 79
52 0 144 4 80
70 0 241 4 81
56 0 121 4 82
58 0 140 4 83
57 0 118 4 84
58 0 190 4 85
58 0 202 4 86
74 0 232 4 87
59 0 132 4 88
65 0 187 4 89
62 0 148 4 90
83 0 225 4 91
77 0 233 4 92
63 0 124 4 93
71 0 187 4 94
68 0 197 4 95
61 0 168 4 96
85 0 209 4 97
65 0 139 4 98
69 0 208 4 99
66 0 152 4 100
87 0 220 4 101
69 0 136 4 102
70 0 147 4 103
80 0 190 4 104
100 0 222 4 105
74 0 209 4 106
73 0 141 4 107
79 0 182 4 108
73 0 138 4 109
77 0 203 4 110
79 0 132 4 111
98 0 213 4 112
84 0 184 4 113
80 0 145 4 114
81 0 148 4 115
88 0 180 4 116
84 0 137 4 117
91 0 187 4 118
107 0 210 4 119
115 0 226 4 120
91 0 211 4 121
85 0 215 4 122
89 0 122 4 123
89 0 138 4 124
95 0 173 4 125
91 0 226 4 126
93 0 216 4 127
94 0 126 4 128
105 0 196 4 129
103 0 203 4 130
98 0 209 4 131
102 0 182 4 132
96 0 135 4 133
105 0 170 4 134
109 0 179 4 135
110 0 166 4 136
117 0 178 4 137
136 0 150 4 138
130 0 192 4 139
134 0 207 4 140
157 0 194 4 141
130 0 164 4 142
130 0 181 4 143
131 0 173 4 144
137 0 144 4 145
150 0 221 4 146
139 0 162 4 147
140 0 182 4 148
136 0 184 4 149
138 0 156 4 150
152 0 189 4 151
146 0 202 4 152
143 0 145 4 153
143 0 179 4 154
153 0 215 4 155
144 0 153 4 156
144 0 193 4 157
147 0 171 4 158
160 0 221 4 159
149 0 161 4 160
150 0 166 4 161
149 0 182 4 162
150 0 192 4 163
151 0 144 4 164
167 0 229 4 165
168 0 216 4 166
156 0 158 4 167
165 0 175 4 168
167 0 195 4 169
159 0 148 4 170
167 0 176 4 171
169 0 169 4 172
163 0 183 4 173
170 0 173 4 174
171 0 181 4 175
168 0 189 4 176
173 0 165 4 177
174 0 192 4 178
175 0 216 4 179
172 0 204 4 180
181 0 174 4 181
184 0 188 4 182
179 0 139 4 183
181 0 224 4 184
179 0 144 4 185
186 0 152 4 186
188 0 136 4 187
181 0 162 4 188
186 0 176 4 189
184 0 192 4 190
181 0 200 4 191
181 0 207 4 192
190 0 185 4 193
189 0 229 4 194
191 0 221 4 195
188 0 154 4 196
190 0 176 4 197
193 0 189 4 198
191 0 201 4 199
193 0 216 4 200
192 0 138 4 201
190 0 146 4 202
195 0 167 4 203
197 0 171 4 204
204 0 158 4 205
204 0 170 4 206
210 0 164 4 207
210 0 170 4 208
223 0 192 4 209
231 0 192 4 210
230 0 180 4 211
235 0 188 4 212
237 0 171 4 213
240 0 181 4 214
242 0 207 4 215
244 0 157 4 216
249 0 187 4 217
246 0 195 4 218
245 0 148 4 219
248 0 222 4 220
249 0 172 4 221
250 0 143 4 222
249 0 165 4 223
252 0 209 4 224
252 0 186 4 225
251 0 196 4 226
256 0 157 4 227
256 0 177 4 228
257 0 149 4 229
262 0 183 4 230
263 0 135 4 231
262 0 143 4 232
264 0 175 4 233
267 0 156 4 234
267 0 162 4 235
271 0 177 4 236
272 0 140 4 237
274 0 150 4 238
276 0 187 4 239
277 0 164 4 240
279 0 195 4 241
281 0 161 4 242
282 0 179 4 243
287 0 135 4 244
292 0 121 4 245
285 0 204 4 246
286 0 172 4 247
287 0 191 4 248
295 0 138 4 249
299 0 119 4 250
291 0 161 4 251
290 0 213 4 252
293 0 202 4 253
304 0 127 4 254
301 0 210 4 255
300 0 224 4 256
309 0 200 4 257
309 0 212 4 258
311 0 222 4 259
318 0 188 4 260
322 0 197 4 261
326 0 182 4 262
328 0 200 4 263
328 0 234 4 264
340 0 156 4 265
336 0 200 4 266
342 0 212 4 267
341 0 193 4 268
344 0 214 4 269
345 0 148 4 270
348 0 204 4 271
348 0 194 4 272
350 0 136 4 273
350 0 131 4 274
350 0 139 4 275
351 0 155 4 276
350 0 166 4 277
355 0 207 4 278
357 0 133 4 279
355 0 201 4 280
356 0 144 4 281
359 0 136 4 282
358 0 141 4 283
360 0 195 4 284
362 0 200 4 285
362 0 134 4 286
363 0 171 4 287
369 0 151 4 288
368 0 154 4 289
370 0 173 4 290
370 0 136 4 291
369 0 130 4 292
371 0 126 4 293
369 0 192 4 294
375 0 124 4 295
375 0 148 4 296
373 0 201 4 297
376 0 203 4 298
376 0 146 4 299
379 0 136 4 300
376 0 126 4 301
379 0 127 4 302
378 0 194 4 303
381 0 152 4 304
380 0 211 4 305
379 0 203 4 306
385 0 151 4 307
388 0 202 4 308
391 0 215 4 309
392 0 152 4 310
389 0 192 4 311
391 0 156 4 312
394 0 209 4 313
397 0 194 4 314
402 0 163 4 315
409 0 172 4 316
414 0 213 4 317
418 0 207 4 318
418 0 151 4 319
422 0 216 4 320
420 0 151 4 321
430 0 141 4 322
428 0 155 4 323
425 0 205 4 324
410 0 238 4 325
425 0 161 4 326
431 0 166 4 327
427 0 128 4 328
431 0 176 4 329
427 0 116 4 330
433 0 149 4 331
425 0 228 4 332
433 0 136 4 333
434 0 157 4 334
444 0 188 4 335
438 0 131 4 336
438 0 208 4 337
431 0 136 4 338
438 0 130 4 339
433 0 222 4 340
442 0 152 4 341
429 0 240 4 342
453 0 158 4 343
448 0 164 4 344
453 0 187 4 345
458 0 163 4 346
459 0 199 4 347
459 0 143 4 348
459 0 187 4 349
451 0 131 4 350
459 0 179 4 351
452 0 216 4 352
456 0 147 4 353
463 0 174 4 354
457 0 127 4 355
465 0 193 4 356
444 0 242 4 357
469 0 183 4 358
458 0 121 4 359
