360
-32 0 242 4 0
-49 0 227 4 1
-42 0 225 4 2
-53 0 178 4 3
-50 0 208 4 4
-52 0 169 4 5
-44 0 169 4 6
-46 0 180 4 7
-51 0 164 4 8
-48 0 139 4 9
-50 0 148 4 10
-46 0 153 4 11
-30 0 220 4 12
-44 0 132 4 13
-45 0 178 4 14
-43 0 164 4 15
-43 0 171 4 16
-38 0 156 4 17
-18 0 125 4 18
-37 0 181 4 19
-35 0 140 4 20
-36 0 136 4 21
-31 0 169 4 22
-22 0 217 4 23
-14 0 127 4 24
-27 0 152 4 25
-30 0 166 4 26
-26 0 180 4 27
4 0 238 4 28
-28 0 176 4 29
-2 0 117 4 30
6 0 251 4 31
-22 0 166 4 32
1 0 249 4 33
-4 0 132 4 34
-20 0 180 4 35
-10 0 213 4 36
-6 0 128 4 37
-4 0 148 4 38
11 0 244 4 39
-14 0 162 4 40
-1 0 206 4 41
-3 0 215 4 42
21 0 263 4 43
4 0 126 4 44
1 0 152 4 45
4 0 152 4 46
-10 0 165 4 47
32 0 257 4 48
9 0 206 4 49
31 0 242 4 50
10 0 152 4 51
9 0 148 4 52
29 0 150 4 53
33 0 142 4 54
41 0 198 4 55
34 0 206 4 56
36 0 213 4 57
38 0 153 4 58
38 0 145 4 59
37 0 199 4 60
41 0 134 4 61
41 0 211 4 62
43 0 128 4 63
45 0 191 4 64
44 0 198 4 65
46 0 206 4 66
48 0 130 4 67
47 0 139 4 68
46 0 148 4 69
48 0 212 4 70
52 0 198 4 71
55 0 193 4 72
50 0 219 4 73
55 0 114 4 74
52 0 136 4 75
56 0 135 4 76
57 0 204 4 77
50 0 124 4 78
53 0 204 4 79
54 0 137 4 80
81 0 255 4 81
58 0 111 4 82
61 0 130 4 83
59 0 110 4 84
61 0 193 4 85
61 0 205 4 86
84 0 245 4 87
61 0 125 4 88
71 0 193 4 89
63 0 141 4 90
95 0 241 4 91
87 0 245 4 92
65 0 117 4 93
76 0 192 4 94
72 0 202 4 95
62 0 166 4 96
97 0 224 4 97
67 0 132 4 98
72 0 212 4 99
66 0 145 4 100
99 0 235 4 101
71 0 129 4 102
72 0 137 4 103
86 0 196 4 104
116 0 240 4 105
77 0 212 4 106
75 0 130 4 107
83 0 186 4 108
74 0 130 4 109
79 0 205 4 110
80 0 121 4 111
109 0 225 4 112
87 0 187 4 113
81 0 138 4 114
82 0 139 4 115
91 0 183 4 116
85 0 132 4 117
95 0 190 4 118
118 0 221 4 119
130 0 242 4 120
95 0 215 4 121
86 0 216 4 122
90 0 112 4 123
90 0 131 4 124
98 0 177 4 125
91 0 227 4 126
93 0 216 4 127
94 0 117 4 128
111 0 202 4 129
107 0 208 4 130
100 0 212 4 131
106 0 185 4 132
96 0 127 4 133
108 0 174 4 134
111 0 182 4 135
112 0 167 4 136
120 0 181 4 137
140 0 151 4 138
131 0 193 4 139
138 0 212 4 140
171 0 214 4 141
131 0 165 4 142
131 0 183 4 143
132 0 174 4 144
140 0 144 4 145
158 0 230 4 146
140 0 164 4 147
142 0 185 4 148
136 0 184 4 149
139 0 156 4 150
160 0 199 4 151
151 0 207 4 152
144 0 145 4 153
144 0 180 4 154
159 0 222 4 155
145 0 153 4 156
144 0 194 4 157
147 0 172 4 158
168 0 231 4 159
150 0 161 4 160
152 0 168 4 161
150 0 184 4 162
152 0 195 4 163
153 0 144 4 164
176 0 240 4 165
176 0 227 4 166
158 0 159 4 167
171 0 178 4 168
174 0 203 4 169
161 0 148 4 170
170 0 179 4 171
173 0 172 4 172
163 0 184 4 173
172 0 174 4 174
173 0 182 4 175
169 0 190 4 176
174 0 166 4 177
176 0 193 4 178
178 0 219 4 179
173 0 205 4 180
184 0 176 4 181
189 0 191 4 182
181 0 140 4 183
184 0 228 4 184
179 0 144 4 185
190 0 152 4 186
192 0 136 4 187
182 0 162 4 188
190 0 178 4 189
186 0 194 4 190
182 0 201 4 191
182 0 208 4 192
194 0 188 4 193
192 0 232 4 194
193 0 224 4 195
189 0 154 4 196
192 0 177 4 197
195 0 190 4 198
193 0 203 4 199
196 0 219 4 200
194 0 139 4 201
190 0 147 4 202
198 0 170 4 203
198 0 173 4 204
205 0 159 4 205
206 0 172 4 206
211 0 165 4 207
211 0 172 4 208
223 0 193 4 209
231 0 194 4 210
230 0 180 4 211
235 0 189 4 212
238 0 172 4 213
241 0 182 4 214
241 0 208 4 215
244 0 157 4 216
251 0 189 4 217
247 0 196 4 218
244 0 148 4 219
249 0 225 4 220
249 0 172 4 221
250 0 143 4 222
249 0 165 4 223
254 0 210 4 224
253 0 186 4 225
252 0 196 4 226
257 0 157 4 227
256 0 177 4 228
256 0 148 4 229
263 0 185 4 230
264 0 135 4 231
262 0 143 4 232
265 0 177 4 233
268 0 158 4 234
267 0 162 4 235
271 0 177 4 236
272 0 141 4 237
274 0 151 4 238
277 0 188 4 239
277 0 165 4 240
279 0 195 4 241
281 0 161 4 242
282 0 179 4 243
289 0 130 4 244
296 0 112 4 245
285 0 204 4 246
287 0 174 4 247
287 0 191 4 248
298 0 132 4 249
303 0 108 4 250
290 0 163 4 251
290 0 214 4 252
292 0 203 4 253
308 0 117 4 254
301 0 211 4 255
299 0 226 4 256
309 0 201 4 257
309 0 213 4 258
310 0 223 4 259
315 0 189 4 260
321 0 199 4 261
322 0 182 4 262
326 0 205 4 263
325 0 244 4 264
339 0 152 4 265
333 0 205 4 266
341 0 215 4 267
339 0 199 4 268
344 0 216 4 269
344 0 141 4 270
347 0 207 4 271
348 0 197 4 272
350 0 132 4 273
349 0 119 4 274
350 0 129 4 275
350 0 146 4 276
350 0 159 4 277
355 0 208 4 278
356 0 126 4 279
353 0 206 4 280
354 0 127 4 281
358 0 127 4 282
357 0 126 4 283
359 0 199 4 284
362 0 202 4 285
361 0 121 4 286
363 0 166 4 287
368 0 147 4 288
367 0 147 4 289
369 0 172 4 290
370 0 132 4 291
368 0 120 4 292
370 0 121 4 293
368 0 196 4 294
374 0 117 4 295
373 0 135 4 296
370 0 206 4 297
376 0 204 4 298
375 0 135 4 299
378 0 129 4 300
374 0 111 4 301
379 0 119 4 302
375 0 198 4 303
379 0 138 4 304
379 0 213 4 305
377 0 207 4 306
384 0 148 4 307
387 0 204 4 308
390 0 216 4 309
391 0 148 4 310
386 0 196 4 311
390 0 145 4 312
393 0 210 4 313
395 0 198 4 314
400 0 156 4 315
408 0 167 4 316
410 0 217 4 317
414 0 210 4 318
414 0 139 4 319
420 0 219 4 320
415 0 137 4 321
428 0 138 4 322
424 0 146 4 323
421 0 209 4 324
397 0 254 4 325
420 0 147 4 326
428 0 159 4 327
421 0 115 4 328
428 0 166 4 329
421 0 102 4 330
429 0 140 4 331
416 0 239 4 332
428 0 125 4 333
429 0 145 4 334
444 0 188 4 335
435 0 123 4 336
434 0 213 4 337
423 0 119 4 338
433 0 118 4 339
425 0 234 4 340
437 0 140 4 341
416 0 255 4 342
452 0 157 4 343
444 0 155 4 344
452 0 184 4 345
458 0 162 4 346
459 0 199 4 347
459 0 143 4 348
458 0 187 4 349
446 0 120 4 350
458 0 177 4 351
447 0 222 4 352
453 0 141 4 353
463 0 173 4 354
452 0 120 4 355
465 0 193 4 356
432 0 256 4 357
469 0 182 4 358
451 0 109 4 359
