360
-13 0 264 4 0
-39 0 241 4 1
-33 0 236 4 2
-49 0 172 4 3
-47 0 212 4 4
-51 0 167 4 5
-39 0 163 4 6
-42 0 176 4 7
-51 0 163 4 8
-47 0 138 4 9
-49 0 147 4 10
-44 0 150 4 11
-22 0 231 4 12
-43 0 130 4 13
-44 0 176 4 14
-41 0 162 4 15
-42 0 170 4 16
-36 0 153 4 17
-7 0 113 4 18
-35 0 179 4 19
-32 0 137 4 20
-35 0 134 4 21
-27 0 164 4 22
-15 0 226 4 23
-6 0 116 4 24
-24 0 148 4 25
-28 0 163 4 26
-24 0 176 4 27
19 0 256 4 28
-28 0 175 4 29
9 0 102 4 30
21 0 270 4 31
-20 0 163 4 32
12 0 263 4 33
4 0 120 4 34
-18 0 178 4 35
-4 0 220 4 36
1 0 120 4 37
4 0 136 4 38
24 0 259 4 39
-12 0 158 4 40
5 0 212 4 41
2 0 220 4 42
37 0 282 4 43
12 0 114 4 44
7 0 141 4 45
12 0 138 4 46
-9 0 164 4 47
50 0 276 4 48
16 0 213 4 49
47 0 259 4 50
16 0 138 4 51
15 0 137 4 52
32 0 140 4 53
38 0 127 4 54
47 0 206 4 55
37 0 209 4 56
38 0 216 4 57
41 0 142 4 58
41 0 134 4 59
39 0 202 4 60
43 0 124 4 61
44 0 215 4 62
46 0 118 4 63
49 0 196 4 64
47 0 202 4 65
50 0 210 4 66
52 0 116 4 67
51 0 125 4 68
49 0 136 4 69
51 0 216 4 70
56 0 203 4 71
60 0 199 4 72
53 0 224 4 73
59 0 99 4 74
54 0 125 4 75
61 0 118 4 76
62 0 210 4 77
51 0 120 4 78
55 0 208 4 79
56 0 128 4 80
95 0 273 4 81
61 0 98 4 82
64 0 116 4 83
61 0 100 4 84
64 0 197 4 85
64 0 208 4 86
97 0 262 4 87
63 0 115 4 88
77 0 201 4 89
64 0 132 4 90
111 0 262 4 91
99 0 260 4 92
67 0 107 4 93
83 0 200 4 94
77 0 209 4 95
62 0 164 4 96
113 0 242 4 97
68 0 123 4 98
76 0 217 4 99
67 0 137 4 100
114 0 254 4 101
72 0 121 4 102
74 0 124 4 103
93 0 204 4 104
136 0 263 4 105
80 0 217 4 106
77 0 116 4 107
89 0 192 4 108
76 0 119 4 109
82 0 208 4 110
82 0 107 4 111
124 0 240 4 112
91 0 191 4 113
82 0 129 4 114
83 0 128 4 115
95 0 187 4 116
85 0 125 4 117
99 0 194 4 118
133 0 235 4 119
150 0 262 4 120
99 0 220 4 121
86 0 216 4 122
91 0 99 4 123
90 0 122 4 124
103 0 180 4 125
92 0 227 4 126
94 0 217 4 127
95 0 105 4 128
118 0 209 4 129
113 0 214 4 130
103 0 215 4 131
111 0 190 4 132
96 0 117 4 133
112 0 178 4 134
115 0 186 4 135
114 0 169 4 136
125 0 187 4 137
146 0 151 4 138
133 0 194 4 139
142 0 217 4 140
189 0 239 4 141
132 0 166 4 142
132 0 184 4 143
132 0 175 4 144
143 0 143 4 145
167 0 242 4 146
142 0 165 4 147
144 0 189 4 148
136 0 185 4 149
140 0 157 4 150
169 0 212 4 151
156 0 213 4 152
146 0 145 4 153
146 0 182 4 154
167 0 231 4 155
146 0 153 4 156
144 0 194 4 157
148 0 173 4 158
178 0 243 4 159
151 0 162 4 160
155 0 170 4 161
152 0 186 4 162
154 0 198 4 163
155 0 144 4 164
187 0 253 4 165
186 0 241 4 166
159 0 159 4 167
178 0 182 4 168
182 0 214 4 169
163 0 147 4 170
175 0 181 4 171
178 0 176 4 172
164 0 186 4 173
174 0 175 4 174
175 0 184 4 175
170 0 192 4 176
175 0 167 4 177
178 0 194 4 178
181 0 224 4 179
173 0 205 4 180
188 0 178 4 181
195 0 195 4 182
183 0 140 4 183
188 0 233 4 184
180 0 144 4 185
194 0 152 4 186
197 0 137 4 187
183 0 163 4 188
194 0 180 4 189
188 0 196 4 190
183 0 202 4 191
183 0 210 4 192
200 0 191 4 193
195 0 237 4 194
195 0 227 4 195
189 0 155 4 196
193 0 178 4 197
198 0 191 4 198
195 0 205 4 199
200 0 223 4 200
196 0 139 4 201
191 0 147 4 202
202 0 174 4 203
200 0 175 4 204
207 0 159 4 205
207 0 174 4 206
212 0 166 4 207
212 0 173 4 208
224 0 194 4 209
232 0 196 4 210
230 0 180 4 211
235 0 190 4 212
239 0 174 4 213
241 0 183 4 214
241 0 210 4 215
243 0 158 4 216
254 0 192 4 217
248 0 198 4 218
243 0 148 4 219
249 0 228 4 220
249 0 172 4 221
249 0 143 4 222
248 0 165 4 223
255 0 211 4 224
254 0 187 4 225
252 0 196 4 226
257 0 156 4 227
257 0 177 4 228
256 0 148 4 229
264 0 187 4 230
264 0 135 4 231
262 0 143 4 232
266 0 180 4 233
269 0 160 4 234
267 0 162 4 235
272 0 178 4 236
271 0 142 4 237
274 0 151 4 238
277 0 188 4 239
277 0 166 4 240
279 0 196 4 241
281 0 162 4 242
283 0 180 4 243
292 0 123 4 244
301 0 101 4 245
284 0 204 4 246
287 0 176 4 247
288 0 191 4 248
301 0 124 4 249
308 0 94 4 250
290 0 164 4 251
289 0 214 4 252
292 0 204 4 253
312 0 105 4 254
301 0 211 4 255
298 0 229 4 256
309 0 202 4 257
309 0 215 4 258
310 0 224 4 259
312 0 191 4 260
320 0 201 4 261
318 0 181 4 262
323 0 210 4 263
321 0 258 4 264
339 0 146 4 265
330 0 211 4 266
339 0 220 4 267
336 0 207 4 268
344 0 217 4 269
342 0 131 4 270
346 0 211 4 271
347 0 200 4 272
350 0 126 4 273
348 0 105 4 274
349 0 116 4 275
349 0 136 4 276
349 0 151 4 277
354 0 209 4 278
355 0 118 4 279
351 0 212 4 280
352 0 107 4 281
357 0 115 4 282
356 0 107 4 283
357 0 205 4 284
361 0 205 4 285
360 0 104 4 286
363 0 160 4 287
368 0 142 4 288
366 0 138 4 289
369 0 171 4 290
369 0 128 4 291
366 0 108 4 292
369 0 115 4 293
367 0 201 4 294
373 0 108 4 295
371 0 118 4 296
367 0 212 4 297
375 0 206 4 298
373 0 121 4 299
377 0 120 4 300
372 0 92 4 301
378 0 108 4 302
372 0 203 4 303
378 0 121 4 304
378 0 216 4 305
374 0 212 4 306
384 0 145 4 307
386 0 206 4 308
390 0 217 4 309
390 0 142 4 310
383 0 201 4 311
388 0 132 4 312
392 0 211 4 313
392 0 204 4 314
398 0 147 4 315
407 0 159 4 316
404 0 221 4 317
409 0 213 4 318
408 0 124 4 319
417 0 223 4 320
408 0 119 4 321
426 0 133 4 322
420 0 135 4 323
415 0 213 4 324
381 0 274 4 325
413 0 129 4 326
425 0 151 4 327
414 0 99 4 328
424 0 154 4 329
414 0 85 4 330
424 0 127 4 331
405 0 254 4 332
422 0 110 4 333
422 0 130 4 334
444 0 188 4 335
430 0 112 4 336
429 0 219 4 337
413 0 96 4 338
426 0 103 4 339
414 0 248 4 340
430 0 125 4 341
400 0 275 4 342
451 0 155 4 343
439 0 143 4 344
450 0 180 4 345
458 0 160 4 346
458 0 199 4 347
459 0 142 4 348
457 0 186 4 349
439 0 107 4 350
457 0 175 4 351
441 0 230 4 352
449 0 133 4 353
463 0 172 4 354
447 0 111 4 355
465 0 192 4 356
417 0 274 4 357
468 0 181 4 358
442 0 94 4 359
