360
-16 0 261 4 0
-41 0 239 4 1
-34 0 235 4 2
-49 0 173 4 3
-47 0 212 4 4
-51 0 167 4 5
-40 0 163 4 6
-43 0 177 4 7
-51 0 163 4 8
-47 0 138 4 9
-49 0 147 4 10
-45 0 151 4 11
-23 0 229 4 12
-43 0 130 4 13
-44 0 177 4 14
-42 0 162 4 15
-42 0 170 4 16
-36 0 153 4 17
-8 0 115 4 18
-35 0 179 4 19
-32 0 137 4 20
-35 0 135 4 21
-28 0 165 4 22
-16 0 225 4 23
-7 0 118 4 24
-25 0 149 4 25
-29 0 163 4 26
-25 0 177 4 27
17 0 254 4 28
-28 0 175 4 29
8 0 104 4 30
19 0 267 4 31
-21 0 164 4 32
10 0 261 4 33
3 0 122 4 34
-19 0 179 4 35
-5 0 219 4 36
0 0 121 4 37
3 0 138 4 38
23 0 257 4 39
-12 0 159 4 40
5 0 212 4 41
1 0 219 4 42
35 0 280 4 43
10 0 116 4 44
6 0 142 4 45
11 0 140 4 46
-9 0 164 4 47
48 0 274 4 48
15 0 212 4 49
45 0 257 4 50
15 0 140 4 51
14 0 138 4 52
32 0 142 4 53
37 0 129 4 54
46 0 205 4 55
36 0 209 4 56
38 0 216 4 57
40 0 144 4 58
41 0 136 4 59
39 0 201 4 60
43 0 126 4 61
43 0 214 4 62
45 0 119 4 63
48 0 195 4 64
46 0 201 4 65
49 0 210 4 66
52 0 117 4 67
50 0 127 4 68
49 0 138 4 69
51 0 216 4 70
56 0 203 4 71
60 0 198 4 72
53 0 223 4 73
58 0 101 4 74
54 0 126 4 75
60 0 120 4 76
62 0 209 4 77
51 0 120 4 78
55 0 207 4 79
56 0 129 4 80
93 0 270 4 81
61 0 99 4 82
63 0 118 4 83
61 0 102 4 84
63 0 197 4 85
63 0 208 4 86
95 0 260 4 87
63 0 116 4 88
77 0 200 4 89
64 0 133 4 90
109 0 259 4 91
97 0 258 4 92
67 0 108 4 93
82 0 199 4 94
76 0 208 4 95
62 0 164 4 96
111 0 240 4 97
68 0 124 4 98
75 0 217 4 99
67 0 139 4 100
112 0 251 4 101
72 0 122 4 102
73 0 125 4 103
92 0 203 4 104
133 0 260 4 105
79 0 216 4 106
77 0 117 4 107
88 0 191 4 108
75 0 121 4 109
81 0 208 4 110
82 0 109 4 111
122 0 238 4 112
90 0 191 4 113
82 0 130 4 114
83 0 129 4 115
94 0 187 4 116
85 0 126 4 117
98 0 194 4 118
131 0 233 4 119
147 0 259 4 120
98 0 219 4 121
86 0 216 4 122
91 0 101 4 123
90 0 123 4 124
102 0 180 4 125
92 0 227 4 126
94 0 217 4 127
95 0 107 4 128
117 0 208 4 129
112 0 213 4 130
103 0 214 4 131
110 0 190 4 132
96 0 118 4 133
111 0 177 4 134
114 0 185 4 135
114 0 169 4 136
124 0 186 4 137
145 0 151 4 138
132 0 194 4 139
141 0 216 4 140
186 0 236 4 141
132 0 166 4 142
132 0 184 4 143
132 0 175 4 144
142 0 143 4 145
166 0 241 4 146
142 0 165 4 147
144 0 188 4 148
136 0 185 4 149
140 0 157 4 150
168 0 211 4 151
155 0 213 4 152
146 0 145 4 153
145 0 181 4 154
166 0 230 4 155
146 0 153 4 156
144 0 194 4 157
148 0 173 4 158
176 0 241 4 159
151 0 162 4 160
155 0 170 4 161
152 0 186 4 162
154 0 198 4 163
155 0 144 4 164
186 0 251 4 165
185 0 239 4 166
159 0 159 4 167
177 0 182 4 168
181 0 212 4 169
163 0 147 4 170
175 0 181 4 171
178 0 175 4 172
164 0 185 4 173
173 0 175 4 174
175 0 184 4 175
170 0 191 4 176
175 0 167 4 177
177 0 194 4 178
180 0 223 4 179
173 0 205 4 180
188 0 178 4 181
194 0 195 4 182
182 0 140 4 183
187 0 232 4 184
180 0 144 4 185
194 0 152 4 186
196 0 137 4 187
183 0 163 4 188
193 0 179 4 189
188 0 195 4 190
183 0 202 4 191
183 0 209 4 192
199 0 190 4 193
195 0 236 4 194
195 0 227 4 195
189 0 155 4 196
193 0 178 4 197
198 0 191 4 198
195 0 205 4 199
199 0 223 4 200
196 0 139 4 201
191 0 147 4 202
202 0 173 4 203
200 0 174 4 204
207 0 159 4 205
207 0 174 4 206
212 0 166 4 207
212 0 173 4 208
224 0 194 4 209
232 0 195 4 210
230 0 180 4 211
235 0 190 4 212
239 0 173 4 213
241 0 183 4 214
241 0 209 4 215
243 0 158 4 216
254 0 192 4 217
248 0 198 4 218
243 0 148 4 219
249 0 227 4 220
249 0 172 4 221
249 0 143 4 222
248 0 165 4 223
255 0 211 4 224
254 0 187 4 225
252 0 196 4 226
257 0 156 4 227
257 0 177 4 228
256 0 148 4 229
264 0 187 4 230
264 0 135 4 231
262 0 143 4 232
266 0 179 4 233
269 0 159 4 234
267 0 162 4 235
272 0 178 4 236
271 0 142 4 237
274 0 151 4 238
277 0 188 4 239
277 0 166 4 240
279 0 196 4 241
281 0 162 4 242
283 0 180 4 243
292 0 124 4 244
300 0 102 4 245
284 0 204 4 246
287 0 175 4 247
288 0 191 4 248
301 0 125 4 249
307 0 96 4 250
290 0 164 4 251
289 0 214 4 252
292 0 204 4 253
312 0 107 4 254
301 0 211 4 255
298 0 229 4 256
309 0 202 4 257
309 0 214 4 258
310 0 224 4 259
312 0 190 4 260
320 0 201 4 261
319 0 181 4 262
323 0 209 4 263
321 0 256 4 264
339 0 147 4 265
330 0 210 4 266
340 0 219 4 267
336 0 206 4 268
344 0 217 4 269
342 0 133 4 270
346 0 211 4 271
347 0 200 4 272
350 0 127 4 273
348 0 106 4 274
349 0 118 4 275
349 0 137 4 276
349 0 152 4 277
354 0 209 4 278
355 0 119 4 279
352 0 211 4 280
352 0 109 4 281
357 0 116 4 282
356 0 109 4 283
357 0 204 4 284
361 0 204 4 285
360 0 107 4 286
363 0 161 4 287
368 0 143 4 288
366 0 139 4 289
369 0 171 4 290
369 0 128 4 291
367 0 109 4 292
369 0 116 4 293
367 0 200 4 294
373 0 109 4 295
371 0 120 4 296
368 0 211 4 297
375 0 206 4 298
373 0 123 4 299
377 0 121 4 300
372 0 95 4 301
378 0 110 4 302
373 0 203 4 303
378 0 124 4 304
378 0 216 4 305
374 0 211 4 306
384 0 145 4 307
386 0 206 4 308
390 0 217 4 309
390 0 143 4 310
384 0 200 4 311
388 0 134 4 312
392 0 211 4 313
392 0 203 4 314
398 0 148 4 315
407 0 160 4 316
405 0 220 4 317
410 0 213 4 318
409 0 126 4 319
417 0 223 4 320
409 0 121 4 321
427 0 134 4 322
421 0 137 4 323
416 0 213 4 324
383 0 271 4 325
414 0 131 4 326
425 0 152 4 327
415 0 101 4 328
424 0 156 4 329
415 0 87 4 330
424 0 129 4 331
407 0 252 4 332
423 0 112 4 333
423 0 132 4 334
444 0 188 4 335
431 0 114 4 336
430 0 218 4 337
415 0 99 4 338
427 0 105 4 339
415 0 247 4 340
431 0 127 4 341
402 0 272 4 342
451 0 155 4 343
439 0 144 4 344
450 0 181 4 345
458 0 160 4 346
458 0 199 4 347
459 0 142 4 348
457 0 186 4 349
440 0 109 4 350
457 0 175 4 351
442 0 229 4 352
449 0 134 4 353
463 0 172 4 354
448 0 112 4 355
465 0 192 4 356
419 0 271 4 357
468 0 181 4 358
444 0 96 4 359
