360
-51 0 219 4 0
-59 0 214 4 1
-52 0 213 4 2
-57 0 182 4 3
-54 0 203 4 4
-54 0 171 4 5
-49 0 175 4 6
-49 0 184 4 7
-52 0 165 4 8
-49 0 140 4 9
-50 0 149 4 10
-48 0 155 4 11
-38 0 210 4 12
-45 0 134 4 13
-46 0 179 4 14
-44 0 166 4 15
-44 0 172 4 16
-41 0 159 4 17
-28 0 138 4 18
-39 0 184 4 19
-37 0 143 4 20
-38 0 137 4 21
-34 0 174 4 22
-29 0 208 4 23
-23 0 138 4 24
-31 0 156 4 25
-32 0 169 4 26
-28 0 182 4 27
-11 0 219 4 28
-29 0 177 4 29
-14 0 132 4 30
-8 0 232 4 31
-24 0 169 4 32
-10 0 235 4 33
-12 0 144 4 34
-21 0 183 4 35
-15 0 205 4 36
-12 0 137 4 37
-11 0 161 4 38
-2 0 228 4 39
-16 0 165 4 40
-8 0 199 4 41
-9 0 209 4 42
5 0 245 4 43
-4 0 138 4 44
-6 0 163 4 45
-4 0 167 4 46
-11 0 167 4 47
14 0 237 4 48
2 0 200 4 49
14 0 225 4 50
3 0 165 4 51
4 0 159 4 52
26 0 160 4 53
28 0 158 4 54
35 0 191 4 55
31 0 202 4 56
33 0 210 4 57
35 0 164 4 58
36 0 156 4 59
35 0 195 4 60
38 0 145 4 61
38 0 208 4 62
40 0 138 4 63
42 0 186 4 64
41 0 195 4 65
43 0 202 4 66
44 0 145 4 67
44 0 152 4 68
43 0 160 4 69
44 0 208 4 70
48 0 192 4 71
50 0 186 4 72
48 0 215 4 73
51 0 129 4 74
49 0 147 4 75
52 0 152 4 76
52 0 197 4 77
49 0 129 4 78
50 0 201 4 79
52 0 146 4 80
67 0 237 4 81
55 0 124 4 82
57 0 143 4 83
57 0 120 4 84
58 0 189 4 85
58 0 201 4 86
71 0 228 4 87
58 0 134 4 88
64 0 185 4 89
61 0 150 4 90
80 0 221 4 91
75 0 230 4 92
63 0 126 4 93
69 0 185 4 94
67 0 196 4 95
61 0 168 4 96
82 0 205 4 97
65 0 142 4 98
68 0 207 4 99
65 0 153 4 100
84 0 216 4 101
69 0 137 4 102
70 0 150 4 103
78 0 188 4 104
95 0 217 4 105
73 0 208 4 106
73 0 144 4 107
77 0 181 4 108
73 0 140 4 109
76 0 202 4 110
78 0 135 4 111
95 0 210 4 112
83 0 183 4 113
80 0 147 4 114
81 0 150 4 115
87 0 180 4 116
84 0 138 4 117
91 0 186 4 118
104 0 207 4 119
111 0 222 4 120
91 0 210 4 121
85 0 215 4 122
89 0 124 4 123
89 0 141 4 124
94 0 172 4 125
91 0 226 4 126
93 0 216 4 127
94 0 129 4 128
103 0 194 4 129
102 0 202 4 130
98 0 209 4 131
101 0 181 4 132
96 0 137 4 133
104 0 170 4 134
108 0 179 4 135
110 0 165 4 136
116 0 176 4 137
135 0 150 4 138
130 0 191 4 139
134 0 206 4 140
153 0 188 4 141
130 0 164 4 142
130 0 181 4 143
131 0 173 4 144
136 0 145 4 145
148 0 218 4 146
138 0 162 4 147
139 0 182 4 148
136 0 184 4 149
138 0 155 4 150
150 0 186 4 151
145 0 201 4 152
142 0 145 4 153
143 0 179 4 154
151 0 212 4 155
144 0 153 4 156
144 0 193 4 157
146 0 171 4 158
158 0 219 4 159
148 0 160 4 160
150 0 166 4 161
148 0 181 4 162
149 0 191 4 163
151 0 144 4 164
165 0 226 4 165
166 0 213 4 166
156 0 158 4 167
164 0 173 4 168
165 0 192 4 169
158 0 148 4 170
165 0 175 4 171
167 0 169 4 172
162 0 183 4 173
170 0 173 4 174
170 0 180 4 175
168 0 189 4 176
172 0 165 4 177
174 0 192 4 178
175 0 215 4 179
172 0 204 4 180
180 0 173 4 181
183 0 187 4 182
179 0 139 4 183
181 0 223 4 184
179 0 144 4 185
185 0 152 4 186
187 0 135 4 187
181 0 162 4 188
186 0 176 4 189
183 0 192 4 190
181 0 200 4 191
181 0 207 4 192
189 0 184 4 193
188 0 228 4 194
190 0 220 4 195
188 0 154 4 196
190 0 176 4 197
192 0 188 4 198
191 0 201 4 199
193 0 215 4 200
192 0 138 4 201
190 0 146 4 202
194 0 166 4 203
196 0 171 4 204
203 0 158 4 205
204 0 170 4 206
210 0 164 4 207
210 0 170 4 208
223 0 192 4 209
230 0 192 4 210
230 0 180 4 211
235 0 187 4 212
237 0 171 4 213
240 0 180 4 214
242 0 207 4 215
244 0 157 4 216
248 0 186 4 217
246 0 194 4 218
245 0 148 4 219
248 0 221 4 220
249 0 172 4 221
250 0 143 4 222
249 0 165 4 223
252 0 209 4 224
252 0 185 4 225
251 0 196 4 226
256 0 157 4 227
256 0 177 4 228
257 0 149 4 229
262 0 182 4 230
263 0 135 4 231
262 0 143 4 232
264 0 174 4 233
267 0 156 4 234
267 0 162 4 235
271 0 177 4 236
272 0 140 4 237
274 0 150 4 238
276 0 187 4 239
277 0 163 4 240
279 0 195 4 241
281 0 161 4 242
282 0 179 4 243
286 0 136 4 244
291 0 124 4 245
285 0 204 4 246
286 0 172 4 247
287 0 191 4 248
294 0 140 4 249
298 0 122 4 250
291 0 161 4 251
291 0 213 4 252
293 0 202 4 253
303 0 129 4 254
301 0 210 4 255
300 0 223 4 256
309 0 200 4 257
309 0 212 4 258
311 0 222 4 259
319 0 188 4 260
322 0 196 4 261
326 0 183 4 262
329 0 199 4 263
329 0 231 4 264
340 0 157 4 265
337 0 198 4 266
342 0 211 4 267
341 0 192 4 268
344 0 214 4 269
346 0 150 4 270
348 0 203 4 271
349 0 193 4 272
350 0 138 4 273
350 0 134 4 274
351 0 142 4 275
351 0 157 4 276
351 0 167 4 277
355 0 206 4 278
357 0 135 4 279
355 0 200 4 280
356 0 148 4 281
359 0 139 4 282
358 0 145 4 283
361 0 194 4 284
362 0 199 4 285
362 0 137 4 286
363 0 173 4 287
369 0 152 4 288
368 0 156 4 289
370 0 173 4 290
370 0 137 4 291
369 0 133 4 292
371 0 128 4 293
370 0 191 4 294
375 0 126 4 295
375 0 152 4 296
374 0 199 4 297
377 0 202 4 298
377 0 149 4 299
379 0 138 4 300
377 0 131 4 301
380 0 129 4 302
378 0 192 4 303
381 0 156 4 304
381 0 211 4 305
380 0 202 4 306
385 0 152 4 307
388 0 202 4 308
391 0 215 4 309
392 0 153 4 310
389 0 191 4 311
392 0 159 4 312
394 0 209 4 313
398 0 193 4 314
403 0 165 4 315
409 0 174 4 316
415 0 213 4 317
419 0 206 4 318
419 0 154 4 319
423 0 215 4 320
421 0 155 4 321
430 0 142 4 322
428 0 157 4 323
427 0 204 4 324
413 0 233 4 325
426 0 165 4 326
432 0 168 4 327
428 0 132 4 328
432 0 178 4 329
429 0 120 4 330
435 0 152 4 331
427 0 225 4 332
435 0 139 4 333
435 0 161 4 334
444 0 188 4 335
439 0 133 4 336
439 0 206 4 337
434 0 141 4 338
439 0 134 4 339
436 0 219 4 340
443 0 156 4 341
432 0 235 4 342
453 0 159 4 343
449 0 167 4 344
454 0 188 4 345
458 0 164 4 346
459 0 199 4 347
459 0 144 4 348
459 0 188 4 349
452 0 134 4 350
459 0 180 4 351
453 0 214 4 352
457 0 148 4 353
463 0 174 4 354
458 0 130 4 355
465 0 193 4 356
447 0 238 4 357
469 0 183 4 358
460 0 125 4 359
