360
-39 0 233 4 0
-53 0 222 4 1
-46 0 220 4 2
-55 0 180 4 3
-52 0 206 4 4
-53 0 170 4 5
-46 0 171 4 6
-47 0 181 4 7
-51 0 164 4 8
-49 0 139 4 9
-50 0 148 4 10
-47 0 154 4 11
-33 0 216 4 12
-45 0 132 4 13
-45 0 178 4 14
-43 0 164 4 15
-44 0 172 4 16
-39 0 157 4 17
-22 0 130 4 18
-38 0 182 4 19
-36 0 141 4 20
-37 0 136 4 21
-32 0 171 4 22
-25 0 213 4 23
-18 0 131 4 24
-29 0 154 4 25
-31 0 167 4 26
-27 0 180 4 27
-2 0 231 4 28
-29 0 176 4 29
-7 0 123 4 30
1 0 244 4 31
-23 0 167 4 32
-4 0 244 4 33
-7 0 137 4 34
-20 0 181 4 35
-12 0 210 4 36
-8 0 132 4 37
-7 0 153 4 38
6 0 238 4 39
-14 0 163 4 40
-4 0 203 4 41
-5 0 213 4 42
15 0 256 4 43
0 0 131 4 44
-2 0 156 4 45
1 0 158 4 46
-10 0 166 4 47
25 0 249 4 48
6 0 204 4 49
24 0 235 4 50
7 0 157 4 51
7 0 152 4 52
28 0 154 4 53
31 0 148 4 54
39 0 195 4 55
33 0 204 4 56
35 0 212 4 57
37 0 157 4 58
37 0 149 4 59
36 0 197 4 60
40 0 138 4 61
40 0 210 4 62
42 0 132 4 63
44 0 189 4 64
43 0 197 4 65
45 0 204 4 66
47 0 136 4 67
46 0 144 4 68
45 0 153 4 69
46 0 210 4 70
50 0 196 4 71
54 0 190 4 72
49 0 218 4 73
53 0 120 4 74
51 0 140 4 75
55 0 142 4 76
56 0 201 4 77
49 0 126 4 78
52 0 203 4 79
53 0 140 4 80
76 0 248 4 81
57 0 116 4 82
59 0 135 4 83
58 0 114 4 84
60 0 192 4 85
60 0 203 4 86
79 0 238 4 87
60 0 128 4 88
68 0 190 4 89
62 0 144 4 90
89 0 234 4 91
82 0 239 4 92
64 0 120 4 93
73 0 190 4 94
70 0 200 4 95
62 0 167 4 96
91 0 217 4 97
66 0 136 4 98
70 0 210 4 99
66 0 149 4 100
93 0 227 4 101
70 0 132 4 102
71 0 142 4 103
83 0 193 4 104
108 0 231 4 105
75 0 211 4 106
74 0 135 4 107
81 0 184 4 108
74 0 134 4 109
78 0 204 4 110
79 0 126 4 111
104 0 219 4 112
85 0 186 4 113
81 0 142 4 114
81 0 143 4 115
89 0 181 4 116
84 0 134 4 117
93 0 188 4 118
113 0 216 4 119
123 0 234 4 120
93 0 213 4 121
86 0 216 4 122
90 0 117 4 123
89 0 135 4 124
97 0 175 4 125
91 0 226 4 126
93 0 216 4 127
94 0 121 4 128
108 0 199 4 129
105 0 205 4 130
99 0 211 4 131
104 0 184 4 132
96 0 131 4 133
106 0 172 4 134
110 0 180 4 135
111 0 166 4 136
119 0 180 4 137
138 0 151 4 138
131 0 192 4 139
136 0 210 4 140
164 0 204 4 141
131 0 165 4 142
131 0 182 4 143
131 0 173 4 144
138 0 144 4 145
154 0 226 4 146
139 0 163 4 147
141 0 184 4 148
136 0 184 4 149
139 0 156 4 150
156 0 194 4 151
149 0 205 4 152
144 0 145 4 153
144 0 180 4 154
156 0 218 4 155
145 0 153 4 156
144 0 194 4 157
147 0 171 4 158
164 0 226 4 159
149 0 161 4 160
151 0 167 4 161
149 0 183 4 162
151 0 193 4 163
152 0 144 4 164
172 0 234 4 165
172 0 222 4 166
157 0 159 4 167
168 0 177 4 168
170 0 199 4 169
160 0 148 4 170
169 0 177 4 171
171 0 171 4 172
163 0 184 4 173
171 0 173 4 174
172 0 181 4 175
169 0 190 4 176
173 0 166 4 177
175 0 192 4 178
177 0 218 4 179
173 0 205 4 180
182 0 175 4 181
187 0 190 4 182
180 0 139 4 183
183 0 226 4 184
179 0 144 4 185
188 0 152 4 186
190 0 136 4 187
182 0 162 4 188
188 0 177 4 189
185 0 193 4 190
182 0 200 4 191
182 0 208 4 192
192 0 186 4 193
190 0 231 4 194
192 0 222 4 195
189 0 154 4 196
191 0 177 4 197
194 0 189 4 198
192 0 202 4 199
195 0 218 4 200
193 0 138 4 201
190 0 147 4 202
197 0 168 4 203
198 0 172 4 204
205 0 159 4 205
205 0 171 4 206
211 0 165 4 207
211 0 171 4 208
223 0 193 4 209
231 0 193 4 210
230 0 180 4 211
235 0 188 4 212
238 0 172 4 213
241 0 181 4 214
241 0 208 4 215
244 0 157 4 216
250 0 188 4 217
246 0 195 4 218
244 0 148 4 219
248 0 223 4 220
249 0 172 4 221
250 0 143 4 222
249 0 165 4 223
253 0 209 4 224
253 0 186 4 225
252 0 196 4 226
256 0 157 4 227
256 0 177 4 228
256 0 148 4 229
263 0 184 4 230
264 0 135 4 231
262 0 143 4 232
265 0 176 4 233
268 0 157 4 234
267 0 162 4 235
271 0 177 4 236
272 0 141 4 237
274 0 150 4 238
276 0 187 4 239
277 0 164 4 240
279 0 195 4 241
281 0 161 4 242
282 0 179 4 243
288 0 132 4 244
294 0 117 4 245
285 0 204 4 246
287 0 173 4 247
287 0 191 4 248
296 0 135 4 249
301 0 113 4 250
290 0 162 4 251
290 0 214 4 252
292 0 203 4 253
306 0 122 4 254
301 0 210 4 255
299 0 225 4 256
309 0 201 4 257
309 0 213 4 258
311 0 222 4 259
317 0 189 4 260
322 0 198 4 261
324 0 182 4 262
327 0 203 4 263
327 0 239 4 264
339 0 154 4 265
335 0 202 4 266
341 0 214 4 267
340 0 196 4 268
344 0 215 4 269
344 0 144 4 270
347 0 206 4 271
348 0 195 4 272
350 0 134 4 273
350 0 125 4 274
350 0 134 4 275
350 0 150 4 276
350 0 162 4 277
355 0 207 4 278
356 0 130 4 279
354 0 204 4 280
355 0 136 4 281
358 0 131 4 282
358 0 133 4 283
360 0 197 4 284
362 0 201 4 285
362 0 127 4 286
363 0 169 4 287
369 0 149 4 288
368 0 150 4 289
369 0 173 4 290
370 0 134 4 291
368 0 125 4 292
370 0 124 4 293
369 0 194 4 294
375 0 121 4 295
374 0 142 4 296
372 0 203 4 297
376 0 204 4 298
376 0 140 4 299
378 0 132 4 300
375 0 119 4 301
379 0 123 4 302
376 0 196 4 303
380 0 145 4 304
380 0 212 4 305
378 0 205 4 306
384 0 150 4 307
388 0 203 4 308
391 0 215 4 309
391 0 150 4 310
387 0 194 4 311
390 0 151 4 312
394 0 209 4 313
396 0 196 4 314
401 0 160 4 315
409 0 169 4 316
412 0 215 4 317
416 0 208 4 318
416 0 145 4 319
421 0 218 4 320
417 0 144 4 321
429 0 139 4 322
426 0 151 4 323
423 0 207 4 324
403 0 246 4 325
422 0 154 4 326
430 0 163 4 327
424 0 122 4 328
430 0 171 4 329
424 0 109 4 330
431 0 144 4 331
421 0 234 4 332
431 0 130 4 333
431 0 151 4 334
444 0 188 4 335
436 0 127 4 336
436 0 210 4 337
427 0 127 4 338
435 0 124 4 339
429 0 228 4 340
439 0 146 4 341
422 0 247 4 342
452 0 157 4 343
446 0 160 4 344
452 0 186 4 345
458 0 163 4 346
459 0 199 4 347
459 0 143 4 348
458 0 187 4 349
448 0 125 4 350
459 0 178 4 351
449 0 219 4 352
454 0 144 4 353
463 0 173 4 354
454 0 124 4 355
465 0 193 4 356
438 0 249 4 357
469 0 182 4 358
454 0 115 4 359
