360
-42 0 230 4 0
-55 0 220 4 1
-47 0 219 4 2
-55 0 180 4 3
-52 0 205 4 4
-53 0 170 4 5
-47 0 172 4 6
-48 0 182 4 7
-51 0 165 4 8
-49 0 140 4 9
-50 0 148 4 10
-47 0 154 4 11
-34 0 215 4 12
-45 0 133 4 13
-45 0 178 4 14
-44 0 165 4 15
-44 0 172 4 16
-40 0 158 4 17
-23 0 132 4 18
-38 0 182 4 19
-36 0 141 4 20
-37 0 136 4 21
-33 0 171 4 22
-26 0 212 4 23
-19 0 133 4 24
-29 0 154 4 25
-31 0 167 4 26
-27 0 181 4 27
-4 0 228 4 28
-29 0 177 4 29
-8 0 125 4 30
-2 0 241 4 31
-23 0 167 4 32
-5 0 241 4 33
-9 0 139 4 34
-21 0 181 4 35
-13 0 209 4 36
-9 0 133 4 37
-8 0 155 4 38
4 0 235 4 39
-15 0 164 4 40
-5 0 202 4 41
-6 0 212 4 42
12 0 253 4 43
-1 0 133 4 44
-3 0 158 4 45
0 0 160 4 46
-10 0 166 4 47
23 0 246 4 48
5 0 203 4 49
22 0 233 4 50
6 0 159 4 51
6 0 154 4 52
27 0 156 4 53
31 0 151 4 54
38 0 194 4 55
33 0 204 4 56
34 0 212 4 57
36 0 159 4 58
37 0 151 4 59
36 0 197 4 60
39 0 140 4 61
40 0 209 4 62
42 0 134 4 63
43 0 188 4 64
43 0 196 4 65
44 0 204 4 66
46 0 138 4 67
45 0 146 4 68
44 0 155 4 69
46 0 210 4 70
50 0 195 4 71
53 0 189 4 72
49 0 217 4 73
53 0 122 4 74
50 0 142 4 75
54 0 144 4 76
55 0 200 4 77
49 0 127 4 78
51 0 202 4 79
53 0 141 4 80
73 0 245 4 81
57 0 118 4 82
59 0 137 4 83
58 0 116 4 84
59 0 191 4 85
59 0 203 4 86
77 0 236 4 87
59 0 130 4 88
67 0 189 4 89
62 0 145 4 90
87 0 230 4 91
80 0 237 4 92
64 0 122 4 93
72 0 188 4 94
69 0 199 4 95
62 0 167 4 96
89 0 214 4 97
66 0 137 4 98
70 0 209 4 99
66 0 150 4 100
91 0 225 4 101
70 0 134 4 102
71 0 144 4 103
82 0 192 4 104
105 0 228 4 105
75 0 210 4 106
74 0 137 4 107
80 0 183 4 108
73 0 135 4 109
78 0 204 4 110
79 0 129 4 111
102 0 217 4 112
85 0 185 4 113
81 0 143 4 114
81 0 145 4 115
89 0 181 4 116
84 0 135 4 117
92 0 188 4 118
111 0 213 4 119
120 0 231 4 120
92 0 212 4 121
86 0 216 4 122
90 0 119 4 123
89 0 136 4 124
96 0 174 4 125
91 0 226 4 126
93 0 216 4 127
94 0 123 4 128
107 0 198 4 129
104 0 205 4 130
99 0 210 4 131
103 0 183 4 132
96 0 132 4 133
106 0 171 4 134
109 0 180 4 135
111 0 166 4 136
118 0 179 4 137
137 0 151 4 138
130 0 192 4 139
135 0 209 4 140
161 0 200 4 141
131 0 165 4 142
131 0 182 4 143
131 0 173 4 144
138 0 144 4 145
152 0 224 4 146
139 0 163 4 147
140 0 183 4 148
136 0 184 4 149
138 0 156 4 150
155 0 192 4 151
148 0 204 4 152
143 0 145 4 153
143 0 180 4 154
155 0 217 4 155
145 0 153 4 156
144 0 194 4 157
147 0 171 4 158
162 0 224 4 159
149 0 161 4 160
151 0 167 4 161
149 0 182 4 162
150 0 193 4 163
152 0 144 4 164
170 0 232 4 165
171 0 219 4 166
157 0 159 4 167
167 0 176 4 168
169 0 197 4 169
159 0 148 4 170
168 0 177 4 171
170 0 170 4 172
163 0 184 4 173
171 0 173 4 174
171 0 181 4 175
169 0 190 4 176
173 0 166 4 177
175 0 192 4 178
176 0 217 4 179
173 0 205 4 180
182 0 174 4 181
186 0 189 4 182
180 0 139 4 183
182 0 226 4 184
179 0 144 4 185
187 0 152 4 186
189 0 136 4 187
182 0 162 4 188
187 0 177 4 189
184 0 193 4 190
182 0 200 4 191
182 0 208 4 192
191 0 186 4 193
190 0 230 4 194
191 0 222 4 195
189 0 154 4 196
191 0 176 4 197
194 0 189 4 198
192 0 202 4 199
194 0 217 4 200
193 0 138 4 201
190 0 147 4 202
196 0 168 4 203
197 0 172 4 204
204 0 159 4 205
205 0 171 4 206
211 0 164 4 207
210 0 171 4 208
223 0 193 4 209
231 0 193 4 210
230 0 180 4 211
235 0 188 4 212
238 0 171 4 213
241 0 181 4 214
241 0 208 4 215
244 0 157 4 216
249 0 188 4 217
246 0 195 4 218
245 0 148 4 219
248 0 223 4 220
249 0 172 4 221
250 0 143 4 222
249 0 165 4 223
253 0 209 4 224
252 0 186 4 225
252 0 196 4 226
256 0 157 4 227
256 0 177 4 228
256 0 148 4 229
263 0 183 4 230
264 0 135 4 231
262 0 143 4 232
265 0 176 4 233
267 0 157 4 234
267 0 162 4 235
271 0 177 4 236
272 0 140 4 237
274 0 150 4 238
276 0 187 4 239
277 0 164 4 240
279 0 195 4 241
281 0 161 4 242
282 0 179 4 243
287 0 133 4 244
293 0 118 4 245
285 0 204 4 246
287 0 173 4 247
287 0 191 4 248
296 0 136 4 249
300 0 116 4 250
290 0 162 4 251
290 0 214 4 252
292 0 202 4 253
305 0 124 4 254
301 0 210 4 255
299 0 224 4 256
309 0 201 4 257
309 0 213 4 258
311 0 222 4 259
317 0 189 4 260
322 0 197 4 261
325 0 182 4 262
327 0 202 4 263
327 0 237 4 264
339 0 155 4 265
335 0 201 4 266
342 0 213 4 267
340 0 195 4 268
344 0 215 4 269
345 0 146 4 270
347 0 205 4 271
348 0 195 4 272
350 0 135 4 273
350 0 127 4 274
350 0 136 4 275
351 0 152 4 276
350 0 164 4 277
355 0 207 4 278
357 0 131 4 279
354 0 203 4 280
355 0 139 4 281
359 0 133 4 282
358 0 136 4 283
360 0 196 4 284
362 0 201 4 285
362 0 130 4 286
363 0 170 4 287
369 0 149 4 288
368 0 152 4 289
369 0 173 4 290
370 0 135 4 291
369 0 127 4 292
371 0 125 4 293
369 0 193 4 294
375 0 122 4 295
374 0 144 4 296
372 0 202 4 297
376 0 203 4 298
376 0 143 4 299
378 0 134 4 300
376 0 122 4 301
379 0 124 4 302
377 0 195 4 303
380 0 148 4 304
380 0 212 4 305
379 0 204 4 306
384 0 150 4 307
388 0 203 4 308
391 0 215 4 309
392 0 151 4 310
388 0 193 4 311
391 0 153 4 312
394 0 209 4 313
396 0 195 4 314
402 0 161 4 315
409 0 171 4 316
413 0 214 4 317
417 0 208 4 318
417 0 147 4 319
421 0 217 4 320
418 0 147 4 321
429 0 140 4 322
427 0 152 4 323
424 0 206 4 324
406 0 243 4 325
423 0 156 4 326
430 0 164 4 327
425 0 124 4 328
430 0 173 4 329
425 0 112 4 330
432 0 146 4 331
422 0 231 4 332
432 0 133 4 333
432 0 154 4 334
444 0 188 4 335
437 0 128 4 336
436 0 209 4 337
429 0 131 4 338
436 0 127 4 339
431 0 226 4 340
440 0 149 4 341
425 0 244 4 342
452 0 158 4 343
447 0 161 4 344
453 0 186 4 345
458 0 163 4 346
459 0 199 4 347
459 0 143 4 348
459 0 187 4 349
449 0 127 4 350
459 0 179 4 351
450 0 218 4 352
455 0 145 4 353
463 0 173 4 354
455 0 125 4 355
465 0 193 4 356
440 0 246 4 357
469 0 183 4 358
456 0 118 4 359
