360
-7 0 271 4 0
-36 0 245 4 1
-30 0 240 4 2
-47 0 171 4 3
-46 0 214 4 4
-50 0 166 4 5
-38 0 160 4 6
-41 0 175 4 7
-51 0 163 4 8
-47 0 138 4 9
-49 0 147 4 10
-44 0 150 4 11
-20 0 234 4 12
-43 0 129 4 13
-43 0 176 4 14
-41 0 161 4 15
-41 0 169 4 16
-35 0 152 4 17
-3 0 109 4 18
-34 0 178 4 19
-31 0 136 4 20
-34 0 134 4 21
-26 0 162 4 22
-12 0 229 4 23
-3 0 113 4 24
-23 0 147 4 25
-28 0 162 4 26
-24 0 175 4 27
24 0 263 4 28
-28 0 175 4 29
13 0 97 4 30
26 0 276 4 31
-20 0 162 4 32
15 0 268 4 33
7 0 117 4 34
-18 0 177 4 35
-2 0 222 4 36
3 0 117 4 37
6 0 132 4 38
29 0 264 4 39
-11 0 157 4 40
8 0 215 4 41
4 0 222 4 42
42 0 288 4 43
14 0 111 4 44
9 0 137 4 45
14 0 133 4 46
-8 0 163 4 47
56 0 283 4 48
18 0 215 4 49
52 0 265 4 50
18 0 134 4 51
17 0 133 4 52
33 0 137 4 53
40 0 122 4 54
49 0 208 4 55
38 0 210 4 56
39 0 217 4 57
41 0 139 4 58
42 0 131 4 59
40 0 203 4 60
44 0 121 4 61
45 0 216 4 62
47 0 114 4 63
50 0 197 4 64
48 0 203 4 65
51 0 212 4 66
53 0 111 4 67
52 0 121 4 68
50 0 132 4 69
52 0 218 4 70
58 0 205 4 71
62 0 201 4 72
54 0 225 4 73
60 0 94 4 74
55 0 121 4 75
62 0 112 4 76
64 0 212 4 77
52 0 118 4 78
56 0 209 4 79
57 0 125 4 80
99 0 278 4 81
62 0 93 4 82
65 0 112 4 83
62 0 97 4 84
64 0 199 4 85
64 0 209 4 86
101 0 268 4 87
64 0 112 4 88
80 0 204 4 89
65 0 129 4 90
116 0 269 4 91
103 0 265 4 92
68 0 104 4 93
85 0 202 4 94
79 0 211 4 95
62 0 163 4 96
118 0 248 4 97
69 0 119 4 98
77 0 219 4 99
68 0 135 4 100
120 0 260 4 101
73 0 118 4 102
74 0 119 4 103
96 0 207 4 104
142 0 270 4 105
81 0 218 4 106
78 0 111 4 107
91 0 194 4 108
76 0 116 4 109
83 0 209 4 110
82 0 103 4 111
128 0 245 4 112
92 0 193 4 113
82 0 126 4 114
83 0 124 4 115
96 0 189 4 116
85 0 123 4 117
100 0 196 4 118
137 0 240 4 119
156 0 269 4 120
100 0 221 4 121
86 0 216 4 122
91 0 95 4 123
90 0 118 4 124
104 0 182 4 125
92 0 227 4 126
94 0 217 4 127
95 0 101 4 128
120 0 211 4 129
115 0 216 4 130
104 0 215 4 131
112 0 192 4 132
96 0 113 4 133
113 0 179 4 134
116 0 187 4 135
115 0 169 4 136
126 0 189 4 137
147 0 151 4 138
133 0 195 4 139
143 0 219 4 140
195 0 248 4 141
132 0 166 4 142
132 0 185 4 143
132 0 175 4 144
144 0 142 4 145
170 0 246 4 146
142 0 166 4 147
145 0 190 4 148
136 0 185 4 149
140 0 158 4 150
172 0 217 4 151
158 0 216 4 152
147 0 145 4 153
146 0 182 4 154
169 0 235 4 155
146 0 153 4 156
144 0 194 4 157
149 0 174 4 158
181 0 246 4 159
152 0 163 4 160
156 0 171 4 161
152 0 187 4 162
155 0 200 4 163
156 0 144 4 164
191 0 258 4 165
190 0 245 4 166
160 0 159 4 167
181 0 184 4 168
185 0 217 4 169
164 0 147 4 170
177 0 182 4 171
180 0 177 4 172
165 0 186 4 173
174 0 175 4 174
176 0 184 4 175
170 0 192 4 176
176 0 167 4 177
178 0 194 4 178
181 0 225 4 179
173 0 205 4 180
190 0 179 4 181
197 0 197 4 182
183 0 140 4 183
189 0 235 4 184
180 0 144 4 185
196 0 151 4 186
199 0 138 4 187
183 0 163 4 188
195 0 180 4 189
189 0 196 4 190
183 0 202 4 191
183 0 210 4 192
202 0 192 4 193
197 0 238 4 194
196 0 228 4 195
189 0 155 4 196
194 0 178 4 197
199 0 192 4 198
196 0 206 4 199
201 0 225 4 200
197 0 139 4 201
191 0 147 4 202
203 0 175 4 203
201 0 175 4 204
208 0 159 4 205
208 0 175 4 206
212 0 166 4 207
212 0 174 4 208
224 0 194 4 209
233 0 196 4 210
230 0 180 4 211
236 0 191 4 212
239 0 174 4 213
241 0 184 4 214
241 0 210 4 215
243 0 158 4 216
255 0 193 4 217
248 0 198 4 218
243 0 148 4 219
249 0 229 4 220
249 0 172 4 221
249 0 143 4 222
248 0 165 4 223
256 0 211 4 224
254 0 188 4 225
252 0 197 4 226
257 0 156 4 227
257 0 178 4 228
256 0 148 4 229
264 0 188 4 230
264 0 135 4 231
261 0 143 4 232
266 0 180 4 233
269 0 160 4 234
267 0 162 4 235
272 0 178 4 236
271 0 142 4 237
274 0 151 4 238
277 0 188 4 239
278 0 167 4 240
279 0 196 4 241
281 0 162 4 242
283 0 180 4 243
293 0 121 4 244
303 0 97 4 245
284 0 204 4 246
287 0 176 4 247
288 0 191 4 248
302 0 122 4 249
310 0 90 4 250
290 0 165 4 251
288 0 214 4 252
292 0 204 4 253
314 0 102 4 254
301 0 211 4 255
298 0 230 4 256
308 0 202 4 257
308 0 215 4 258
310 0 225 4 259
311 0 191 4 260
319 0 202 4 261
317 0 180 4 262
322 0 212 4 263
319 0 262 4 264
339 0 145 4 265
329 0 213 4 266
339 0 221 4 267
335 0 209 4 268
343 0 218 4 269
341 0 128 4 270
346 0 213 4 271
346 0 201 4 272
349 0 124 4 273
348 0 100 4 274
348 0 112 4 275
349 0 132 4 276
348 0 148 4 277
354 0 210 4 278
355 0 115 4 279
351 0 214 4 280
351 0 99 4 281
357 0 111 4 282
356 0 100 4 283
357 0 206 4 284
361 0 206 4 285
359 0 99 4 286
362 0 158 4 287
368 0 140 4 288
366 0 135 4 289
369 0 171 4 290
369 0 126 4 291
366 0 103 4 292
369 0 113 4 293
366 0 202 4 294
372 0 105 4 295
370 0 112 4 296
366 0 214 4 297
374 0 207 4 298
373 0 116 4 299
377 0 117 4 300
371 0 86 4 301
377 0 105 4 302
372 0 205 4 303
377 0 116 4 304
377 0 217 4 305
373 0 214 4 306
384 0 144 4 307
385 0 207 4 308
390 0 217 4 309
390 0 141 4 310
383 0 202 4 311
387 0 127 4 312
392 0 211 4 313
391 0 205 4 314
397 0 144 4 315
407 0 157 4 316
403 0 222 4 317
408 0 214 4 318
406 0 119 4 319
416 0 225 4 320
406 0 113 4 321
426 0 132 4 322
419 0 132 4 323
413 0 215 4 324
376 0 280 4 325
411 0 123 4 326
424 0 148 4 327
411 0 94 4 328
422 0 150 4 329
411 0 79 4 330
422 0 123 4 331
402 0 259 4 332
420 0 105 4 333
420 0 125 4 334
444 0 187 4 335
429 0 109 4 336
427 0 221 4 337
410 0 89 4 338
424 0 98 4 339
410 0 253 4 340
428 0 120 4 341
395 0 281 4 342
451 0 154 4 343
437 0 139 4 344
449 0 180 4 345
457 0 160 4 346
458 0 199 4 347
458 0 141 4 348
457 0 185 4 349
437 0 103 4 350
457 0 174 4 351
439 0 232 4 352
448 0 131 4 353
463 0 172 4 354
445 0 107 4 355
465 0 192 4 356
412 0 280 4 357
468 0 181 4 358
440 0 89 4 359
