360
-18 0 258 4 0
-42 0 237 4 1
-35 0 233 4 2
-50 0 174 4 3
-48 0 211 4 4
-51 0 167 4 5
-41 0 164 4 6
-43 0 177 4 7
-51 0 164 4 8
-47 0 139 4 9
-49 0 147 4 10
-45 0 151 4 11
-24 0 228 4 12
-43 0 130 4 13
-44 0 177 4 14
-42 0 162 4 15
-42 0 170 4 16
-36 0 154 4 17
-10 0 116 4 18
-35 0 179 4 19
-33 0 137 4 20
-35 0 135 4 21
-28 0 165 4 22
-17 0 223 4 23
-8 0 119 4 24
-25 0 149 4 25
-29 0 163 4 26
-25 0 177 4 27
15 0 252 4 28
-28 0 176 4 29
6 0 106 4 30
17 0 265 4 31
-21 0 164 4 32
9 0 259 4 33
2 0 124 4 34
-19 0 179 4 35
-5 0 218 4 36
-1 0 122 4 37
2 0 139 4 38
21 0 255 4 39
-12 0 159 4 40
4 0 211 4 41
1 0 219 4 42
33 0 277 4 43
9 0 118 4 44
5 0 143 4 45
10 0 142 4 46
-9 0 164 4 47
45 0 271 4 48
14 0 211 4 49
42 0 254 4 50
15 0 142 4 51
14 0 139 4 52
31 0 143 4 53
37 0 131 4 54
45 0 204 4 55
36 0 208 4 56
37 0 216 4 57
40 0 145 4 58
40 0 137 4 59
39 0 201 4 60
43 0 127 4 61
43 0 214 4 62
45 0 120 4 63
48 0 194 4 64
46 0 201 4 65
49 0 209 4 66
51 0 119 4 67
50 0 129 4 68
48 0 139 4 69
50 0 215 4 70
55 0 202 4 71
59 0 198 4 72
52 0 223 4 73
58 0 103 4 74
54 0 128 4 75
60 0 123 4 76
61 0 209 4 77
51 0 121 4 78
54 0 207 4 79
56 0 130 4 80
91 0 268 4 81
61 0 101 4 82
63 0 120 4 83
61 0 103 4 84
63 0 196 4 85
63 0 207 4 86
93 0 258 4 87
62 0 118 4 88
76 0 199 4 89
64 0 134 4 90
107 0 257 4 91
96 0 256 4 92
67 0 110 4 93
81 0 198 4 94
75 0 207 4 95
62 0 164 4 96
109 0 237 4 97
68 0 125 4 98
75 0 216 4 99
67 0 140 4 100
110 0 249 4 101
72 0 123 4 102
73 0 127 4 103
91 0 202 4 104
130 0 257 4 105
79 0 216 4 106
77 0 119 4 107
87 0 191 4 108
75 0 122 4 109
81 0 208 4 110
81 0 111 4 111
120 0 236 4 112
90 0 190 4 113
82 0 132 4 114
83 0 131 4 115
94 0 186 4 116
85 0 127 4 117
98 0 193 4 118
129 0 231 4 119
145 0 257 4 120
98 0 218 4 121
86 0 216 4 122
91 0 102 4 123
90 0 124 4 124
101 0 180 4 125
92 0 227 4 126
94 0 217 4 127
95 0 108 4 128
116 0 207 4 129
112 0 212 4 130
102 0 214 4 131
109 0 189 4 132
96 0 119 4 133
111 0 177 4 134
114 0 185 4 135
114 0 168 4 136
124 0 185 4 137
144 0 151 4 138
132 0 194 4 139
141 0 216 4 140
184 0 232 4 141
132 0 166 4 142
132 0 184 4 143
132 0 175 4 144
142 0 143 4 145
165 0 239 4 146
141 0 165 4 147
143 0 188 4 148
136 0 185 4 149
139 0 157 4 150
167 0 209 4 151
155 0 212 4 152
146 0 145 4 153
145 0 181 4 154
165 0 229 4 155
146 0 153 4 156
144 0 194 4 157
148 0 173 4 158
175 0 239 4 159
151 0 162 4 160
154 0 170 4 161
151 0 185 4 162
153 0 197 4 163
155 0 144 4 164
184 0 250 4 165
184 0 237 4 166
159 0 159 4 167
176 0 181 4 168
180 0 211 4 169
163 0 147 4 170
174 0 180 4 171
177 0 175 4 172
164 0 185 4 173
173 0 175 4 174
174 0 183 4 175
170 0 191 4 176
175 0 167 4 177
177 0 194 4 178
180 0 223 4 179
173 0 205 4 180
187 0 177 4 181
193 0 194 4 182
182 0 140 4 183
187 0 232 4 184
180 0 144 4 185
193 0 152 4 186
195 0 137 4 187
183 0 163 4 188
193 0 179 4 189
187 0 195 4 190
183 0 202 4 191
183 0 209 4 192
199 0 190 4 193
194 0 236 4 194
194 0 226 4 195
189 0 155 4 196
193 0 177 4 197
198 0 191 4 198
195 0 205 4 199
199 0 222 4 200
196 0 139 4 201
191 0 147 4 202
201 0 173 4 203
200 0 174 4 204
207 0 159 4 205
207 0 174 4 206
212 0 165 4 207
211 0 173 4 208
224 0 194 4 209
232 0 195 4 210
230 0 180 4 211
235 0 190 4 212
239 0 173 4 213
241 0 183 4 214
241 0 209 4 215
243 0 158 4 216
253 0 192 4 217
248 0 197 4 218
244 0 148 4 219
249 0 227 4 220
249 0 172 4 221
249 0 143 4 222
248 0 165 4 223
255 0 211 4 224
253 0 187 4 225
252 0 196 4 226
257 0 156 4 227
257 0 177 4 228
256 0 148 4 229
264 0 186 4 230
264 0 135 4 231
262 0 143 4 232
266 0 179 4 233
268 0 159 4 234
267 0 162 4 235
272 0 178 4 236
271 0 141 4 237
274 0 151 4 238
277 0 188 4 239
277 0 166 4 240
279 0 196 4 241
281 0 162 4 242
283 0 180 4 243
291 0 125 4 244
299 0 104 4 245
284 0 204 4 246
287 0 175 4 247
288 0 191 4 248
300 0 126 4 249
306 0 98 4 250
290 0 164 4 251
289 0 214 4 252
292 0 203 4 253
311 0 109 4 254
301 0 211 4 255
298 0 228 4 256
309 0 202 4 257
309 0 214 4 258
310 0 224 4 259
313 0 190 4 260
320 0 201 4 261
319 0 181 4 262
323 0 209 4 263
322 0 254 4 264
339 0 148 4 265
331 0 209 4 266
340 0 219 4 267
337 0 205 4 268
344 0 217 4 269
342 0 134 4 270
346 0 210 4 271
347 0 199 4 272
350 0 128 4 273
348 0 108 4 274
349 0 120 4 275
350 0 138 4 276
349 0 153 4 277
354 0 209 4 278
356 0 120 4 279
352 0 210 4 280
352 0 112 4 281
358 0 118 4 282
356 0 112 4 283
358 0 203 4 284
361 0 204 4 285
360 0 109 4 286
363 0 161 4 287
368 0 143 4 288
366 0 140 4 289
369 0 171 4 290
369 0 129 4 291
367 0 111 4 292
370 0 116 4 293
367 0 199 4 294
373 0 111 4 295
371 0 122 4 296
368 0 210 4 297
375 0 206 4 298
374 0 125 4 299
377 0 122 4 300
372 0 97 4 301
378 0 111 4 302
373 0 202 4 303
378 0 126 4 304
378 0 215 4 305
375 0 210 4 306
384 0 146 4 307
386 0 206 4 308
390 0 217 4 309
391 0 144 4 310
384 0 199 4 311
388 0 135 4 312
392 0 211 4 313
392 0 202 4 314
399 0 150 4 315
407 0 161 4 316
406 0 220 4 317
411 0 212 4 318
409 0 128 4 319
417 0 222 4 320
410 0 124 4 321
427 0 134 4 322
421 0 138 4 323
417 0 212 4 324
385 0 268 4 325
415 0 134 4 326
426 0 153 4 327
416 0 104 4 328
425 0 157 4 329
416 0 89 4 330
425 0 130 4 331
408 0 250 4 332
424 0 114 4 333
424 0 134 4 334
444 0 188 4 335
431 0 115 4 336
430 0 218 4 337
416 0 102 4 338
428 0 107 4 339
417 0 245 4 340
432 0 129 4 341
404 0 270 4 342
451 0 155 4 343
440 0 146 4 344
450 0 181 4 345
458 0 161 4 346
458 0 199 4 347
459 0 142 4 348
458 0 186 4 349
441 0 111 4 350
457 0 175 4 351
443 0 228 4 352
450 0 135 4 353
463 0 172 4 354
448 0 113 4 355
465 0 192 4 356
421 0 269 4 357
468 0 182 4 358
445 0 98 4 359
