360
41 0 329 4 0
-11 0 279 4 1
-6 0 270 4 2
-36 0 157 4 3
-37 0 226 4 4
-46 0 161 4 5
-26 0 144 4 6
-32 0 163 4 7
-50 0 161 4 8
-44 0 136 4 9
-48 0 144 4 10
-38 0 144 4 11
1 0 261 4 12
-40 0 124 4 13
-41 0 172 4 14
-37 0 156 4 15
-38 0 166 4 16
-28 0 144 4 17
24 0 76 4 18
-29 0 170 4 19
-24 0 128 4 20
-30 0 130 4 21
-17 0 150 4 22
6 0 252 4 23
20 0 84 4 24
-15 0 137 4 25
-22 0 154 4 26
-18 0 165 4 27
63 0 311 4 28
-26 0 173 4 29
43 0 59 4 30
65 0 325 4 31
-14 0 156 4 32
44 0 305 4 33
28 0 86 4 34
-14 0 171 4 35
13 0 241 4 36
20 0 94 4 37
25 0 99 4 38
64 0 305 4 39
-6 0 148 4 40
25 0 232 4 41
18 0 236 4 42
84 0 337 4 43
35 0 80 4 44
25 0 107 4 45
35 0 95 4 46
-6 0 159 4 47
102 0 334 4 48
36 0 232 4 49
94 0 309 4 50
35 0 100 4 51
32 0 103 4 52
41 0 111 4 53
52 0 82 4 54
64 0 227 4 55
44 0 219 4 56
45 0 225 4 57
49 0 110 4 58
49 0 102 4 59
45 0 211 4 60
51 0 94 4 61
51 0 225 4 62
53 0 87 4 63
60 0 209 4 64
54 0 212 4 65
60 0 223 4 66
64 0 73 4 67
61 0 87 4 68
58 0 101 4 69
61 0 229 4 70
69 0 220 4 71
75 0 218 4 72
61 0 236 4 73
70 0 55 4 74
62 0 93 4 75
74 0 68 4 76
77 0 229 4 77
55 0 106 4 78
62 0 218 4 79
62 0 102 4 80
135 0 324 4 81
70 0 58 4 82
73 0 77 4 83
68 0 71 4 84
72 0 209 4 85
72 0 218 4 86
135 0 313 4 87
70 0 87 4 88
97 0 226 4 89
69 0 106 4 90
157 0 322 4 91
134 0 304 4 92
74 0 79 4 93
103 0 222 4 94
92 0 228 4 95
63 0 158 4 96
159 0 296 4 97
73 0 95 4 98
87 0 232 4 99
70 0 114 4 100
159 0 309 4 101
77 0 97 4 102
80 0 84 4 103
116 0 227 4 104
195 0 329 4 105
89 0 229 4 106
83 0 75 4 107
106 0 209 4 108
80 0 89 4 109
89 0 217 4 110
87 0 67 4 111
166 0 284 4 112
102 0 203 4 113
85 0 103 4 114
86 0 95 4 115
106 0 200 4 116
87 0 105 4 117
111 0 207 4 118
175 0 277 4 119
207 0 321 4 120
111 0 233 4 121
87 0 217 4 122
94 0 62 4 123
92 0 94 4 124
115 0 194 4 125
93 0 229 4 126
94 0 217 4 127
95 0 71 4 128
139 0 230 4 129
130 0 231 4 130
111 0 223 4 131
124 0 205 4 132
96 0 87 4 133
123 0 189 4 134
126 0 198 4 135
121 0 174 4 136
138 0 204 4 137
161 0 152 4 138
137 0 199 4 139
154 0 233 4 140
241 0 314 4 141
135 0 169 4 142
135 0 189 4 143
134 0 178 4 144
152 0 140 4 145
196 0 277 4 146
147 0 170 4 147
151 0 199 4 148
136 0 185 4 149
142 0 160 4 150
196 0 252 4 151
172 0 232 4 152
152 0 145 4 153
150 0 188 4 154
190 0 259 4 155
149 0 153 4 156
144 0 195 4 157
151 0 177 4 158
206 0 277 4 159
156 0 165 4 160
163 0 176 4 161
157 0 193 4 162
161 0 209 4 163
162 0 144 4 164
220 0 293 4 165
216 0 281 4 166
164 0 160 4 167
199 0 197 4 168
207 0 246 4 169
171 0 147 4 170
190 0 191 4 171
195 0 185 4 172
167 0 190 4 173
180 0 178 4 174
182 0 189 4 175
173 0 196 4 176
180 0 170 4 177
184 0 197 4 178
189 0 236 4 179
174 0 206 4 180
201 0 184 4 181
213 0 207 4 182
189 0 142 4 183
198 0 247 4 184
180 0 144 4 185
208 0 150 4 186
212 0 140 4 187
186 0 163 4 188
206 0 185 4 189
195 0 202 4 190
186 0 205 4 191
186 0 214 4 192
217 0 200 4 193
206 0 249 4 194
202 0 237 4 195
190 0 155 4 196
198 0 180 4 197
207 0 196 4 198
202 0 211 4 199
210 0 235 4 200
202 0 141 4 201
192 0 148 4 202
214 0 184 4 203
206 0 180 4 204
213 0 160 4 205
212 0 180 4 206
215 0 168 4 207
214 0 178 4 208
225 0 197 4 209
235 0 202 4 210
230 0 180 4 211
237 0 195 4 212
242 0 178 4 213
242 0 188 4 214
240 0 214 4 215
243 0 158 4 216
263 0 201 4 217
251 0 203 4 218
241 0 148 4 219
251 0 237 4 220
249 0 172 4 221
249 0 143 4 222
247 0 165 4 223
260 0 214 4 224
256 0 190 4 225
253 0 198 4 226
259 0 156 4 227
257 0 179 4 228
255 0 147 4 229
267 0 194 4 230
265 0 135 4 231
260 0 143 4 232
269 0 186 4 233
271 0 166 4 234
267 0 162 4 235
272 0 179 4 236
271 0 144 4 237
274 0 153 4 238
279 0 190 4 239
279 0 171 4 240
279 0 196 4 241
281 0 162 4 242
284 0 180 4 243
301 0 104 4 244
316 0 67 4 245
284 0 204 4 246
288 0 181 4 247
288 0 191 4 248
311 0 101 4 249
323 0 54 4 250
289 0 169 4 251
286 0 215 4 252
291 0 206 4 253
326 0 71 4 254
301 0 213 4 255
295 0 238 4 256
307 0 205 4 257
307 0 219 4 258
308 0 228 4 259
302 0 195 4 260
316 0 209 4 261
306 0 179 4 262
314 0 226 4 263
308 0 296 4 264
338 0 131 4 265
320 0 229 4 266
335 0 233 4 267
328 0 228 4 268
342 0 222 4 269
336 0 104 4 270
343 0 223 4 271
344 0 210 4 272
348 0 109 4 273
345 0 62 4 274
346 0 80 4 275
347 0 104 4 276
346 0 127 4 277
353 0 214 4 278
353 0 92 4 279
345 0 230 4 280
346 0 45 4 281
355 0 80 4 282
353 0 50 4 283
352 0 220 4 284
360 0 212 4 285
356 0 56 4 286
361 0 141 4 287
366 0 128 4 288
363 0 111 4 289
368 0 168 4 290
368 0 114 4 291
362 0 70 4 292
367 0 96 4 293
362 0 214 4 294
369 0 82 4 295
364 0 67 4 296
358 0 230 4 297
372 0 212 4 298
368 0 79 4 299
374 0 93 4 300
364 0 36 4 301
375 0 78 4 302
364 0 220 4 303
373 0 71 4 304
373 0 224 4 305
365 0 227 4 306
383 0 135 4 307
382 0 212 4 308
388 0 220 4 309
388 0 127 4 310
375 0 214 4 311
382 0 92 4 312
389 0 214 4 313
383 0 219 4 314
391 0 121 4 315
404 0 137 4 316
389 0 233 4 317
396 0 223 4 318
391 0 80 4 319
408 0 235 4 320
389 0 66 4 321
420 0 120 4 322
408 0 103 4 323
398 0 227 4 324
334 0 333 4 325
394 0 77 4 326
415 0 125 4 327
393 0 52 4 328
411 0 119 4 329
391 0 32 4 330
407 0 91 4 331
373 0 298 4 332
404 0 66 4 333
402 0 84 4 334
444 0 186 4 335
417 0 82 4 336
415 0 238 4 337
383 0 30 4 338
407 0 57 4 339
382 0 291 4 340
410 0 80 4 341
353 0 333 4 342
448 0 149 4 343
424 0 107 4 344
444 0 170 4 345
456 0 155 4 346
458 0 199 4 347
457 0 139 4 348
455 0 183 4 349
419 0 68 4 350
454 0 167 4 351
423 0 253 4 352
437 0 112 4 353
463 0 169 4 354
431 0 83 4 355
465 0 191 4 356
373 0 327 4 357
468 0 180 4 358
417 0 48 4 359
