360
2 0 282 4 0
-31 0 251 4 1
-25 0 246 4 2
-45 0 168 4 3
-44 0 216 4 4
-49 0 165 4 5
-36 0 158 4 6
-40 0 173 4 7
-51 0 163 4 8
-46 0 138 4 9
-49 0 146 4 10
-43 0 149 4 11
-16 0 239 4 12
-42 0 128 4 13
-43 0 175 4 14
-40 0 160 4 15
-41 0 169 4 16
-34 0 151 4 17
2 0 103 4 18
-33 0 176 4 19
-30 0 134 4 20
-34 0 133 4 21
-25 0 160 4 22
-9 0 233 4 23
2 0 107 4 24
-22 0 145 4 25
-27 0 160 4 26
-23 0 173 4 27
31 0 271 4 28
-27 0 175 4 29
19 0 90 4 30
33 0 285 4 31
-19 0 161 4 32
21 0 275 4 33
11 0 111 4 34
-17 0 176 4 35
1 0 225 4 36
6 0 112 4 37
9 0 126 4 38
35 0 272 4 39
-10 0 156 4 40
11 0 218 4 41
6 0 224 4 42
50 0 297 4 43
18 0 105 4 44
12 0 131 4 45
18 0 126 4 46
-8 0 162 4 47
64 0 292 4 48
21 0 218 4 49
60 0 273 4 50
21 0 128 4 51
20 0 127 4 52
34 0 132 4 53
42 0 115 4 54
51 0 212 4 55
39 0 212 4 56
40 0 219 4 57
43 0 133 4 58
43 0 125 4 59
41 0 204 4 60
45 0 116 4 61
46 0 217 4 62
48 0 109 4 63
52 0 199 4 64
49 0 204 4 65
52 0 214 4 66
55 0 104 4 67
53 0 115 4 68
51 0 126 4 69
54 0 220 4 70
60 0 208 4 71
64 0 204 4 72
55 0 227 4 73
62 0 87 4 74
56 0 116 4 75
64 0 104 4 76
66 0 215 4 77
52 0 116 4 78
57 0 210 4 79
58 0 121 4 80
106 0 287 4 81
64 0 87 4 82
66 0 105 4 83
63 0 92 4 84
66 0 200 4 85
66 0 211 4 86
107 0 276 4 87
65 0 107 4 88
83 0 208 4 89
66 0 125 4 90
124 0 278 4 91
109 0 272 4 92
69 0 99 4 93
88 0 206 4 94
81 0 214 4 95
62 0 162 4 96
126 0 257 4 97
69 0 115 4 98
79 0 221 4 99
68 0 131 4 100
127 0 269 4 101
73 0 114 4 102
75 0 113 4 103
100 0 211 4 104
152 0 281 4 105
82 0 220 4 106
79 0 104 4 107
93 0 197 4 108
77 0 111 4 109
84 0 211 4 110
83 0 96 4 111
135 0 252 4 112
94 0 194 4 113
83 0 122 4 114
84 0 119 4 115
98 0 191 4 116
86 0 120 4 117
102 0 198 4 118
144 0 247 4 119
165 0 278 4 120
102 0 223 4 121
86 0 216 4 122
92 0 89 4 123
91 0 114 4 124
106 0 184 4 125
92 0 228 4 126
94 0 217 4 127
95 0 96 4 128
123 0 214 4 129
118 0 218 4 130
105 0 217 4 131
114 0 194 4 132
96 0 108 4 133
115 0 180 4 134
118 0 189 4 135
116 0 170 4 136
128 0 191 4 137
150 0 151 4 138
134 0 196 4 139
145 0 221 4 140
203 0 260 4 141
133 0 167 4 142
133 0 185 4 143
133 0 176 4 144
145 0 142 4 145
175 0 252 4 146
143 0 166 4 147
146 0 191 4 148
136 0 185 4 149
140 0 158 4 150
177 0 223 4 151
160 0 218 4 152
148 0 145 4 153
147 0 183 4 154
173 0 239 4 155
147 0 153 4 156
144 0 194 4 157
149 0 174 4 158
186 0 252 4 159
153 0 163 4 160
157 0 172 4 161
153 0 188 4 162
156 0 201 4 163
157 0 144 4 164
196 0 264 4 165
195 0 252 4 166
160 0 159 4 167
184 0 186 4 168
189 0 223 4 169
165 0 147 4 170
179 0 184 4 171
183 0 178 4 172
165 0 187 4 173
175 0 176 4 174
177 0 185 4 175
171 0 193 4 176
177 0 168 4 177
179 0 195 4 178
183 0 227 4 179
173 0 205 4 180
192 0 180 4 181
200 0 198 4 182
184 0 141 4 183
190 0 237 4 184
180 0 144 4 185
198 0 151 4 186
201 0 138 4 187
184 0 163 4 188
197 0 180 4 189
190 0 197 4 190
184 0 203 4 191
184 0 211 4 192
205 0 193 4 193
198 0 240 4 194
197 0 230 4 195
189 0 155 4 196
194 0 178 4 197
201 0 193 4 198
197 0 207 4 199
202 0 226 4 200
198 0 140 4 201
191 0 147 4 202
205 0 177 4 203
202 0 176 4 204
209 0 159 4 205
208 0 176 4 206
213 0 166 4 207
212 0 174 4 208
224 0 195 4 209
233 0 197 4 210
230 0 180 4 211
236 0 192 4 212
240 0 175 4 213
241 0 185 4 214
241 0 211 4 215
243 0 158 4 216
256 0 195 4 217
249 0 199 4 218
243 0 148 4 219
250 0 230 4 220
249 0 172 4 221
249 0 143 4 222
248 0 165 4 223
256 0 212 4 224
254 0 188 4 225
252 0 197 4 226
258 0 156 4 227
257 0 178 4 228
256 0 148 4 229
265 0 189 4 230
264 0 135 4 231
261 0 143 4 232
267 0 181 4 233
269 0 161 4 234
267 0 162 4 235
272 0 178 4 236
271 0 142 4 237
274 0 152 4 238
278 0 189 4 239
278 0 168 4 240
279 0 196 4 241
281 0 162 4 242
283 0 180 4 243
294 0 118 4 244
305 0 91 4 245
284 0 204 4 246
287 0 177 4 247
288 0 191 4 248
304 0 118 4 249
312 0 83 4 250
290 0 165 4 251
288 0 214 4 252
292 0 204 4 253
316 0 96 4 254
301 0 212 4 255
297 0 231 4 256
308 0 203 4 257
308 0 216 4 258
309 0 225 4 259
309 0 192 4 260
319 0 203 4 261
315 0 180 4 262
320 0 214 4 263
317 0 268 4 264
339 0 142 4 265
327 0 216 4 266
338 0 223 4 267
334 0 213 4 268
343 0 218 4 269
340 0 124 4 270
345 0 214 4 271
346 0 203 4 272
349 0 122 4 273
347 0 93 4 274
348 0 106 4 275
349 0 127 4 276
348 0 144 4 277
354 0 211 4 278
355 0 110 4 279
350 0 217 4 280
350 0 90 4 281
357 0 105 4 282
355 0 91 4 283
356 0 209 4 284
361 0 207 4 285
359 0 91 4 286
362 0 155 4 287
367 0 138 4 288
365 0 130 4 289
369 0 170 4 290
369 0 124 4 291
365 0 97 4 292
369 0 110 4 293
365 0 204 4 294
372 0 101 4 295
369 0 104 4 296
365 0 217 4 297
374 0 208 4 298
372 0 109 4 299
376 0 112 4 300
370 0 77 4 301
377 0 100 4 302
370 0 208 4 303
377 0 108 4 304
376 0 218 4 305
372 0 216 4 306
384 0 142 4 307
385 0 208 4 308
389 0 218 4 309
390 0 138 4 310
381 0 204 4 311
386 0 121 4 312
391 0 212 4 313
389 0 208 4 314
396 0 140 4 315
406 0 153 4 316
400 0 224 4 317
406 0 216 4 318
403 0 112 4 319
414 0 226 4 320
403 0 104 4 321
425 0 130 4 322
417 0 126 4 323
411 0 217 4 324
368 0 290 4 325
408 0 115 4 326
422 0 143 4 327
408 0 86 4 328
420 0 144 4 329
407 0 70 4 330
419 0 117 4 331
396 0 266 4 332
417 0 98 4 333
417 0 117 4 334
444 0 187 4 335
427 0 104 4 336
425 0 224 4 337
405 0 78 4 338
421 0 90 4 339
405 0 260 4 340
425 0 113 4 341
387 0 291 4 342
450 0 153 4 343
435 0 133 4 344
448 0 178 4 345
457 0 159 4 346
458 0 199 4 347
458 0 141 4 348
457 0 185 4 349
434 0 96 4 350
456 0 173 4 351
436 0 236 4 352
446 0 127 4 353
463 0 171 4 354
443 0 103 4 355
465 0 192 4 356
405 0 288 4 357
468 0 181 4 358
435 0 81 4 359
