360
35 0 322 4 0
-14 0 275 4 1
-9 0 266 4 2
-37 0 159 4 3
-38 0 224 4 4
-46 0 161 4 5
-27 0 146 4 6
-33 0 165 4 7
-50 0 161 4 8
-44 0 136 4 9
-48 0 145 4 10
-39 0 145 4 11
-2 0 258 4 12
-40 0 125 4 13
-41 0 173 4 14
-38 0 157 4 15
-38 0 166 4 16
-29 0 145 4 17
21 0 81 4 18
-29 0 171 4 19
-25 0 129 4 20
-31 0 131 4 21
-18 0 151 4 22
4 0 249 4 23
17 0 88 4 24
-16 0 138 4 25
-23 0 155 4 26
-19 0 167 4 27
58 0 305 4 28
-26 0 173 4 29
39 0 64 4 30
60 0 318 4 31
-15 0 156 4 32
40 0 300 4 33
25 0 89 4 34
-15 0 171 4 35
11 0 238 4 36
18 0 97 4 37
23 0 104 4 38
59 0 300 4 39
-7 0 149 4 40
23 0 230 4 41
16 0 234 4 42
78 0 331 4 43
32 0 83 4 44
23 0 111 4 45
32 0 100 4 46
-6 0 159 4 47
96 0 328 4 48
34 0 230 4 49
89 0 304 4 50
33 0 104 4 51
30 0 107 4 52
40 0 115 4 53
51 0 87 4 54
62 0 225 4 55
44 0 218 4 56
44 0 224 4 57
48 0 114 4 58
48 0 106 4 59
45 0 210 4 60
50 0 98 4 61
51 0 224 4 62
53 0 91 4 63
58 0 208 4 64
54 0 211 4 65
59 0 222 4 66
63 0 78 4 67
60 0 91 4 68
57 0 105 4 69
60 0 228 4 70
68 0 218 4 71
73 0 216 4 72
60 0 234 4 73
69 0 60 4 74
61 0 96 4 75
72 0 73 4 76
75 0 227 4 77
55 0 108 4 78
61 0 217 4 79
62 0 105 4 80
130 0 319 4 81
69 0 63 4 82
72 0 81 4 83
67 0 75 4 84
71 0 208 4 85
71 0 217 4 86
130 0 307 4 87
69 0 90 4 88
95 0 223 4 89
69 0 109 4 90
152 0 315 4 91
130 0 299 4 92
73 0 82 4 93
101 0 220 4 94
90 0 226 4 95
63 0 158 4 96
154 0 290 4 97
72 0 98 4 98
86 0 231 4 99
70 0 117 4 100
154 0 303 4 101
76 0 100 4 102
79 0 89 4 103
113 0 225 4 104
188 0 322 4 105
88 0 227 4 106
83 0 79 4 107
104 0 207 4 108
79 0 92 4 109
89 0 216 4 110
86 0 72 4 111
161 0 279 4 112
101 0 202 4 113
84 0 106 4 114
86 0 99 4 115
105 0 199 4 116
87 0 108 4 117
110 0 206 4 118
170 0 272 4 119
200 0 315 4 120
110 0 232 4 121
87 0 217 4 122
93 0 66 4 123
92 0 97 4 124
113 0 192 4 125
93 0 229 4 126
94 0 217 4 127
95 0 75 4 128
136 0 227 4 129
128 0 229 4 130
110 0 222 4 131
123 0 203 4 132
96 0 90 4 133
122 0 188 4 134
124 0 197 4 135
120 0 173 4 136
136 0 202 4 137
159 0 152 4 138
136 0 199 4 139
153 0 231 4 140
235 0 305 4 141
134 0 168 4 142
134 0 188 4 143
134 0 178 4 144
151 0 140 4 145
193 0 273 4 146
146 0 169 4 147
150 0 198 4 148
136 0 185 4 149
142 0 160 4 150
193 0 247 4 151
170 0 230 4 152
151 0 145 4 153
149 0 187 4 154
187 0 256 4 155
148 0 153 4 156
144 0 195 4 157
151 0 177 4 158
203 0 274 4 159
156 0 165 4 160
162 0 176 4 161
156 0 192 4 162
160 0 208 4 163
161 0 144 4 164
216 0 289 4 165
213 0 276 4 166
163 0 160 4 167
197 0 195 4 168
204 0 242 4 169
170 0 147 4 170
188 0 190 4 171
193 0 184 4 172
167 0 189 4 173
179 0 178 4 174
181 0 188 4 175
172 0 195 4 176
180 0 169 4 177
183 0 197 4 178
188 0 234 4 179
174 0 206 4 180
200 0 183 4 181
211 0 206 4 182
188 0 142 4 183
197 0 246 4 184
180 0 144 4 185
206 0 150 4 186
210 0 140 4 187
185 0 163 4 188
205 0 184 4 189
194 0 201 4 190
185 0 205 4 191
185 0 213 4 192
215 0 199 4 193
205 0 247 4 194
201 0 236 4 195
190 0 155 4 196
197 0 180 4 197
206 0 196 4 198
201 0 211 4 199
209 0 234 4 200
202 0 141 4 201
192 0 148 4 202
213 0 183 4 203
205 0 180 4 204
212 0 160 4 205
211 0 180 4 206
214 0 168 4 207
214 0 177 4 208
225 0 196 4 209
235 0 201 4 210
230 0 180 4 211
237 0 195 4 212
241 0 177 4 213
242 0 188 4 214
240 0 213 4 215
243 0 158 4 216
262 0 200 4 217
251 0 202 4 218
241 0 148 4 219
251 0 236 4 220
249 0 172 4 221
249 0 143 4 222
247 0 165 4 223
259 0 214 4 224
256 0 190 4 225
253 0 198 4 226
259 0 156 4 227
257 0 179 4 228
255 0 147 4 229
266 0 193 4 230
265 0 135 4 231
260 0 143 4 232
268 0 186 4 233
271 0 165 4 234
267 0 162 4 235
272 0 179 4 236
271 0 144 4 237
274 0 153 4 238
279 0 190 4 239
279 0 171 4 240
279 0 196 4 241
281 0 162 4 242
284 0 180 4 243
300 0 106 4 244
314 0 71 4 245
284 0 204 4 246
288 0 180 4 247
288 0 191 4 248
310 0 104 4 249
321 0 59 4 250
289 0 168 4 251
286 0 215 4 252
291 0 206 4 253
324 0 74 4 254
301 0 213 4 255
296 0 237 4 256
307 0 204 4 257
307 0 218 4 258
308 0 228 4 259
303 0 194 4 260
316 0 208 4 261
307 0 179 4 262
315 0 224 4 263
309 0 292 4 264
338 0 133 4 265
321 0 227 4 266
336 0 231 4 267
329 0 226 4 268
342 0 221 4 269
337 0 107 4 270
344 0 222 4 271
344 0 209 4 272
348 0 111 4 273
345 0 67 4 274
346 0 84 4 275
347 0 108 4 276
346 0 130 4 277
353 0 214 4 278
353 0 95 4 279
346 0 228 4 280
346 0 52 4 281
355 0 84 4 282
353 0 57 4 283
353 0 218 4 284
360 0 212 4 285
356 0 62 4 286
361 0 143 4 287
366 0 129 4 288
363 0 114 4 289
368 0 168 4 290
368 0 116 4 291
363 0 74 4 292
367 0 98 4 293
362 0 213 4 294
369 0 85 4 295
365 0 73 4 296
359 0 228 4 297
372 0 211 4 298
369 0 84 4 299
375 0 96 4 300
365 0 42 4 301
375 0 81 4 302
365 0 218 4 303
374 0 77 4 304
373 0 223 4 305
366 0 225 4 306
383 0 136 4 307
382 0 212 4 308
388 0 220 4 309
388 0 129 4 310
376 0 213 4 311
383 0 96 4 312
389 0 214 4 313
384 0 217 4 314
392 0 124 4 315
404 0 139 4 316
391 0 232 4 317
397 0 222 4 318
393 0 85 4 319
409 0 234 4 320
391 0 72 4 321
421 0 122 4 322
409 0 106 4 323
400 0 225 4 324
340 0 326 4 325
396 0 83 4 326
416 0 128 4 327
395 0 57 4 328
412 0 123 4 329
394 0 38 4 330
409 0 95 4 331
377 0 293 4 332
406 0 71 4 333
405 0 89 4 334
444 0 186 4 335
419 0 85 4 336
416 0 236 4 337
387 0 37 4 338
409 0 62 4 339
385 0 286 4 340
413 0 85 4 341
359 0 327 4 342
449 0 150 4 343
425 0 111 4 344
445 0 171 4 345
456 0 156 4 346
458 0 199 4 347
457 0 139 4 348
455 0 183 4 349
422 0 72 4 350
454 0 168 4 351
425 0 250 4 352
438 0 114 4 353
463 0 170 4 354
433 0 86 4 355
465 0 191 4 356
378 0 321 4 357
468 0 180 4 358
420 0 53 4 359
