360
18 0 301 4 0
-23 0 263 4 1
-17 0 256 4 2
-41 0 163 4 3
-41 0 220 4 4
-48 0 163 4 5
-31 0 152 4 6
-37 0 169 4 7
-50 0 162 4 8
-45 0 137 4 9
-48 0 145 4 10
-41 0 147 4 11
-9 0 248 4 12
-41 0 127 4 13
-42 0 174 4 14
-39 0 159 4 15
-40 0 168 4 16
-31 0 148 4 17
11 0 92 4 18
-31 0 173 4 19
-27 0 131 4 20
-32 0 132 4 21
-22 0 156 4 22
-3 0 241 4 23
9 0 98 4 24
-19 0 142 4 25
-25 0 157 4 26
-21 0 170 4 27
44 0 288 4 28
-27 0 174 4 29
29 0 77 4 30
46 0 301 4 31
-17 0 159 4 32
30 0 287 4 33
18 0 100 4 34
-16 0 174 4 35
6 0 232 4 36
12 0 105 4 37
16 0 115 4 38
47 0 285 4 39
-9 0 153 4 40
17 0 224 4 41
11 0 229 4 42
64 0 314 4 43
25 0 94 4 44
17 0 121 4 45
25 0 114 4 46
-7 0 161 4 47
80 0 310 4 48
28 0 224 4 49
74 0 288 4 50
27 0 116 4 51
25 0 117 4 52
37 0 124 4 53
46 0 101 4 54
56 0 218 4 55
41 0 215 4 56
42 0 222 4 57
45 0 124 4 58
46 0 116 4 59
43 0 207 4 60
48 0 107 4 61
48 0 220 4 62
50 0 100 4 63
55 0 204 4 64
51 0 207 4 65
55 0 218 4 66
59 0 91 4 67
56 0 103 4 68
54 0 116 4 69
57 0 224 4 70
64 0 213 4 71
69 0 210 4 72
58 0 230 4 73
65 0 74 4 74
59 0 106 4 75
68 0 89 4 76
71 0 221 4 77
53 0 112 4 78
59 0 213 4 79
60 0 113 4 80
118 0 302 4 81
67 0 75 4 82
69 0 93 4 83
65 0 84 4 84
68 0 204 4 85
68 0 214 4 86
118 0 291 4 87
67 0 99 4 88
89 0 215 4 89
67 0 117 4 90
137 0 296 4 91
119 0 285 4 92
71 0 91 4 93
95 0 213 4 94
85 0 220 4 95
63 0 160 4 96
139 0 273 4 97
71 0 107 4 98
82 0 226 4 99
69 0 124 4 100
140 0 285 4 101
75 0 107 4 102
77 0 101 4 103
106 0 217 4 104
169 0 301 4 105
85 0 223 4 106
81 0 92 4 107
98 0 202 4 108
78 0 102 4 109
86 0 214 4 110
85 0 84 4 111
148 0 265 4 112
97 0 198 4 113
84 0 114 4 114
85 0 109 4 115
101 0 195 4 116
86 0 114 4 117
106 0 202 4 118
157 0 259 4 119
182 0 296 4 120
106 0 228 4 121
87 0 217 4 122
93 0 78 4 123
91 0 106 4 124
109 0 188 4 125
93 0 228 4 126
94 0 217 4 127
95 0 86 4 128
130 0 221 4 129
123 0 224 4 130
108 0 219 4 131
119 0 199 4 132
96 0 100 4 133
118 0 184 4 134
121 0 193 4 135
118 0 172 4 136
132 0 196 4 137
155 0 152 4 138
135 0 197 4 139
149 0 226 4 140
219 0 282 4 141
134 0 168 4 142
134 0 187 4 143
133 0 177 4 144
148 0 141 4 145
184 0 262 4 146
145 0 168 4 147
148 0 194 4 148
136 0 185 4 149
141 0 159 4 150
185 0 235 4 151
165 0 224 4 152
149 0 145 4 153
148 0 185 4 154
180 0 247 4 155
148 0 153 4 156
144 0 195 4 157
150 0 175 4 158
194 0 263 4 159
154 0 164 4 160
160 0 174 4 161
155 0 190 4 162
158 0 205 4 163
159 0 144 4 164
206 0 276 4 165
203 0 264 4 166
162 0 160 4 167
190 0 191 4 168
196 0 232 4 169
168 0 147 4 170
184 0 187 4 171
188 0 180 4 172
166 0 188 4 173
177 0 177 4 174
179 0 187 4 175
172 0 194 4 176
178 0 169 4 177
181 0 196 4 178
185 0 230 4 179
174 0 206 4 180
196 0 181 4 181
205 0 202 4 182
186 0 141 4 183
193 0 241 4 184
180 0 144 4 185
202 0 151 4 186
205 0 139 4 187
185 0 163 4 188
201 0 182 4 189
192 0 199 4 190
185 0 204 4 191
185 0 212 4 192
210 0 196 4 193
202 0 243 4 194
199 0 233 4 195
190 0 155 4 196
196 0 179 4 197
204 0 194 4 198
199 0 209 4 199
205 0 230 4 200
200 0 140 4 201
192 0 148 4 202
209 0 180 4 203
203 0 178 4 204
210 0 160 4 205
210 0 178 4 206
214 0 167 4 207
213 0 176 4 208
225 0 196 4 209
234 0 199 4 210
230 0 180 4 211
236 0 193 4 212
241 0 176 4 213
242 0 186 4 214
240 0 212 4 215
243 0 158 4 216
259 0 198 4 217
250 0 201 4 218
242 0 148 4 219
250 0 233 4 220
249 0 172 4 221
249 0 143 4 222
247 0 165 4 223
258 0 213 4 224
255 0 189 4 225
253 0 197 4 226
258 0 156 4 227
257 0 178 4 228
255 0 147 4 229
266 0 191 4 230
265 0 135 4 231
261 0 143 4 232
268 0 183 4 233
270 0 163 4 234
267 0 162 4 235
272 0 179 4 236
271 0 143 4 237
274 0 152 4 238
278 0 189 4 239
278 0 169 4 240
279 0 196 4 241
281 0 162 4 242
284 0 180 4 243
297 0 112 4 244
309 0 81 4 245
284 0 204 4 246
288 0 179 4 247
288 0 191 4 248
307 0 111 4 249
316 0 71 4 250
289 0 167 4 251
287 0 215 4 252
291 0 205 4 253
320 0 85 4 254
301 0 212 4 255
296 0 234 4 256
308 0 204 4 257
308 0 217 4 258
309 0 226 4 259
306 0 193 4 260
318 0 206 4 261
311 0 180 4 262
317 0 219 4 263
313 0 280 4 264
338 0 137 4 265
324 0 221 4 266
337 0 227 4 267
331 0 219 4 268
343 0 220 4 269
339 0 116 4 270
344 0 218 4 271
345 0 206 4 272
349 0 117 4 273
346 0 80 4 274
347 0 95 4 275
348 0 118 4 276
347 0 137 4 277
353 0 212 4 278
354 0 103 4 279
348 0 222 4 280
348 0 71 4 281
356 0 95 4 282
354 0 74 4 283
354 0 214 4 284
360 0 209 4 285
358 0 77 4 286
362 0 149 4 287
367 0 134 4 288
364 0 122 4 289
368 0 169 4 290
368 0 120 4 291
364 0 86 4 292
368 0 104 4 293
364 0 209 4 294
371 0 93 4 295
367 0 89 4 296
362 0 222 4 297
373 0 209 4 298
370 0 97 4 299
375 0 104 4 300
367 0 60 4 301
376 0 91 4 302
368 0 213 4 303
375 0 93 4 304
375 0 221 4 305
369 0 220 4 306
383 0 139 4 307
384 0 210 4 308
389 0 219 4 309
389 0 133 4 310
379 0 209 4 311
385 0 109 4 312
390 0 213 4 313
386 0 213 4 314
394 0 132 4 315
405 0 146 4 316
395 0 228 4 317
401 0 219 4 318
398 0 99 4 319
411 0 230 4 320
397 0 88 4 321
423 0 126 4 322
413 0 117 4 323
406 0 221 4 324
354 0 307 4 325
402 0 99 4 326
419 0 136 4 327
402 0 72 4 328
416 0 134 4 329
401 0 54 4 330
414 0 107 4 331
387 0 279 4 332
412 0 85 4 333
411 0 104 4 334
444 0 187 4 335
423 0 95 4 336
421 0 230 4 337
396 0 58 4 338
415 0 77 4 339
395 0 273 4 340
419 0 99 4 341
373 0 308 4 342
449 0 152 4 343
430 0 122 4 344
447 0 175 4 345
457 0 157 4 346
458 0 199 4 347
458 0 140 4 348
456 0 184 4 349
428 0 85 4 350
455 0 170 4 351
431 0 243 4 352
442 0 121 4 353
463 0 170 4 354
438 0 95 4 355
465 0 191 4 356
392 0 304 4 357
468 0 180 4 358
428 0 68 4 359
