360
25 0 310 4 0
-19 0 268 4 1
-14 0 260 4 2
-40 0 161 4 3
-40 0 222 4 4
-47 0 162 4 5
-30 0 150 4 6
-35 0 167 4 7
-50 0 162 4 8
-45 0 137 4 9
-48 0 145 4 10
-40 0 146 4 11
-6 0 252 4 12
-41 0 126 4 13
-41 0 173 4 14
-38 0 158 4 15
-39 0 167 4 16
-31 0 147 4 17
15 0 87 4 18
-30 0 172 4 19
-26 0 130 4 20
-32 0 131 4 21
-20 0 154 4 22
0 0 244 4 23
13 0 94 4 24
-18 0 140 4 25
-24 0 156 4 26
-20 0 169 4 27
50 0 295 4 28
-26 0 174 4 29
33 0 72 4 30
52 0 308 4 31
-16 0 158 4 32
35 0 293 4 33
21 0 96 4 34
-15 0 173 4 35
8 0 234 4 36
14 0 101 4 37
19 0 110 4 38
52 0 291 4 39
-8 0 151 4 40
20 0 227 4 41
13 0 231 4 42
70 0 321 4 43
28 0 90 4 44
20 0 117 4 45
28 0 108 4 46
-6 0 160 4 47
87 0 317 4 48
30 0 226 4 49
80 0 294 4 50
30 0 111 4 51
27 0 113 4 52
38 0 120 4 53
48 0 95 4 54
59 0 221 4 55
42 0 216 4 56
43 0 223 4 57
46 0 120 4 58
47 0 112 4 59
44 0 208 4 60
48 0 103 4 61
49 0 222 4 62
51 0 96 4 63
56 0 205 4 64
52 0 209 4 65
57 0 219 4 66
60 0 85 4 67
58 0 98 4 68
55 0 111 4 69
58 0 225 4 70
65 0 215 4 71
71 0 213 4 72
59 0 232 4 73
67 0 68 4 74
59 0 102 4 75
70 0 83 4 76
73 0 224 4 77
54 0 110 4 78
60 0 215 4 79
61 0 110 4 80
123 0 309 4 81
68 0 70 4 82
70 0 88 4 83
66 0 80 4 84
69 0 205 4 85
69 0 215 4 86
123 0 298 4 87
68 0 95 4 88
92 0 218 4 89
68 0 114 4 90
144 0 304 4 91
124 0 291 4 92
72 0 87 4 93
97 0 215 4 94
87 0 222 4 95
63 0 159 4 96
146 0 280 4 97
71 0 103 4 98
84 0 228 4 99
70 0 121 4 100
146 0 293 4 101
75 0 104 4 102
78 0 96 4 103
109 0 220 4 104
177 0 310 4 105
86 0 225 4 106
82 0 87 4 107
101 0 204 4 108
79 0 98 4 109
87 0 215 4 110
86 0 79 4 111
153 0 271 4 112
99 0 199 4 113
84 0 111 4 114
85 0 105 4 115
103 0 196 4 116
87 0 111 4 117
108 0 203 4 118
162 0 265 4 119
190 0 304 4 120
108 0 229 4 121
87 0 217 4 122
93 0 73 4 123
92 0 102 4 124
111 0 190 4 125
93 0 229 4 126
94 0 217 4 127
95 0 81 4 128
132 0 223 4 129
125 0 226 4 130
109 0 220 4 131
120 0 201 4 132
96 0 96 4 133
120 0 186 4 134
122 0 195 4 135
119 0 173 4 136
134 0 199 4 137
157 0 152 4 138
136 0 198 4 139
151 0 228 4 140
225 0 292 4 141
134 0 168 4 142
134 0 187 4 143
134 0 177 4 144
149 0 140 4 145
187 0 266 4 146
146 0 168 4 147
149 0 196 4 148
136 0 185 4 149
141 0 160 4 150
188 0 240 4 151
167 0 226 4 152
150 0 145 4 153
149 0 186 4 154
183 0 251 4 155
148 0 153 4 156
144 0 195 4 157
151 0 176 4 158
198 0 267 4 159
155 0 165 4 160
161 0 175 4 161
156 0 191 4 162
159 0 206 4 163
160 0 144 4 164
210 0 281 4 165
207 0 269 4 166
162 0 160 4 167
193 0 193 4 168
200 0 236 4 169
168 0 147 4 170
186 0 188 4 171
190 0 182 4 172
167 0 189 4 173
178 0 177 4 174
180 0 188 4 175
172 0 195 4 176
179 0 169 4 177
182 0 196 4 178
186 0 232 4 179
174 0 206 4 180
197 0 182 4 181
208 0 203 4 182
187 0 142 4 183
195 0 243 4 184
180 0 144 4 185
204 0 151 4 186
207 0 140 4 187
185 0 163 4 188
203 0 183 4 189
193 0 200 4 190
185 0 204 4 191
185 0 213 4 192
212 0 197 4 193
203 0 245 4 194
200 0 234 4 195
190 0 155 4 196
196 0 179 4 197
205 0 195 4 198
200 0 210 4 199
207 0 231 4 200
201 0 141 4 201
192 0 148 4 202
210 0 181 4 203
204 0 179 4 204
211 0 160 4 205
210 0 179 4 206
214 0 167 4 207
213 0 176 4 208
225 0 196 4 209
235 0 200 4 210
230 0 180 4 211
236 0 194 4 212
241 0 177 4 213
242 0 187 4 214
240 0 213 4 215
243 0 158 4 216
260 0 199 4 217
250 0 202 4 218
242 0 148 4 219
251 0 234 4 220
249 0 172 4 221
249 0 143 4 222
247 0 165 4 223
258 0 213 4 224
255 0 190 4 225
253 0 197 4 226
259 0 156 4 227
257 0 178 4 228
255 0 147 4 229
266 0 192 4 230
265 0 135 4 231
261 0 143 4 232
268 0 184 4 233
270 0 164 4 234
267 0 162 4 235
272 0 179 4 236
271 0 143 4 237
274 0 153 4 238
279 0 190 4 239
278 0 170 4 240
279 0 196 4 241
281 0 162 4 242
284 0 180 4 243
298 0 110 4 244
311 0 77 4 245
284 0 204 4 246
288 0 180 4 247
288 0 191 4 248
308 0 108 4 249
318 0 66 4 250
289 0 167 4 251
286 0 215 4 252
291 0 205 4 253
322 0 81 4 254
301 0 213 4 255
296 0 235 4 256
308 0 204 4 257
308 0 218 4 258
308 0 227 4 259
305 0 194 4 260
317 0 206 4 261
309 0 179 4 262
316 0 221 4 263
312 0 285 4 264
338 0 135 4 265
323 0 224 4 266
336 0 229 4 267
330 0 222 4 268
343 0 220 4 269
338 0 112 4 270
344 0 219 4 271
344 0 207 4 272
349 0 114 4 273
346 0 74 4 274
346 0 91 4 275
348 0 113 4 276
346 0 134 4 277
353 0 213 4 278
354 0 99 4 279
347 0 225 4 280
347 0 63 4 281
356 0 91 4 282
354 0 67 4 283
353 0 216 4 284
360 0 210 4 285
357 0 71 4 286
362 0 146 4 287
366 0 132 4 288
364 0 119 4 289
368 0 169 4 290
368 0 118 4 291
363 0 81 4 292
368 0 101 4 293
363 0 210 4 294
370 0 90 4 295
366 0 82 4 296
361 0 225 4 297
372 0 210 4 298
369 0 91 4 299
375 0 101 4 300
367 0 52 4 301
375 0 87 4 302
367 0 215 4 303
375 0 86 4 304
374 0 222 4 305
368 0 222 4 306
383 0 138 4 307
383 0 211 4 308
388 0 219 4 309
389 0 131 4 310
378 0 210 4 311
384 0 104 4 312
390 0 213 4 313
385 0 215 4 314
393 0 129 4 315
405 0 144 4 316
393 0 230 4 317
400 0 220 4 318
396 0 93 4 319
410 0 231 4 320
395 0 81 4 321
422 0 124 4 322
411 0 112 4 323
403 0 223 4 324
348 0 315 4 325
400 0 92 4 326
418 0 132 4 327
399 0 66 4 328
415 0 129 4 329
398 0 48 4 330
412 0 102 4 331
382 0 285 4 332
409 0 79 4 333
408 0 98 4 334
444 0 187 4 335
421 0 91 4 336
419 0 233 4 337
392 0 50 4 338
413 0 71 4 339
391 0 279 4 340
416 0 93 4 341
367 0 316 4 342
449 0 151 4 343
428 0 118 4 344
446 0 173 4 345
457 0 156 4 346
458 0 199 4 347
458 0 139 4 348
456 0 183 4 349
425 0 80 4 350
455 0 170 4 351
428 0 246 4 352
441 0 118 4 353
463 0 170 4 354
436 0 91 4 355
465 0 191 4 356
386 0 311 4 357
468 0 180 4 358
425 0 62 4 359
