360
52 0 342 4 0
-5 0 287 4 1
0 0 277 4 2
-33 0 154 4 3
-35 0 228 4 4
-45 0 159 4 5
-23 0 141 4 6
-30 0 161 4 7
-50 0 161 4 8
-43 0 136 4 9
-47 0 144 4 10
-37 0 143 4 11
5 0 267 4 12
-39 0 123 4 13
-40 0 171 4 14
-36 0 155 4 15
-37 0 165 4 16
-27 0 143 4 17
30 0 69 4 18
-27 0 168 4 19
-22 0 126 4 20
-30 0 129 4 21
-15 0 147 4 22
11 0 257 4 23
25 0 78 4 24
-13 0 135 4 25
-21 0 152 4 26
-17 0 163 4 27
72 0 321 4 28
-25 0 173 4 29
50 0 50 4 30
73 0 335 4 31
-13 0 154 4 32
50 0 313 4 33
32 0 79 4 34
-13 0 169 4 35
17 0 245 4 36
24 0 89 4 37
29 0 92 4 38
71 0 314 4 39
-5 0 146 4 40
29 0 236 4 41
21 0 239 4 42
93 0 348 4 43
40 0 73 4 44
29 0 101 4 45
39 0 87 4 46
-5 0 158 4 47
112 0 346 4 48
40 0 236 4 49
104 0 319 4 50
39 0 92 4 51
36 0 97 4 52
42 0 106 4 53
55 0 73 4 54
67 0 231 4 55
46 0 221 4 56
46 0 227 4 57
51 0 104 4 58
51 0 96 4 59
47 0 213 4 60
52 0 88 4 61
53 0 227 4 62
55 0 82 4 63
62 0 212 4 64
56 0 214 4 65
62 0 226 4 66
66 0 64 4 67
63 0 79 4 68
59 0 94 4 69
63 0 232 4 70
72 0 223 4 71
78 0 222 4 72
63 0 238 4 73
72 0 46 4 74
63 0 86 4 75
76 0 58 4 76
80 0 233 4 77
56 0 104 4 78
63 0 220 4 79
64 0 97 4 80
143 0 335 4 81
72 0 51 4 82
75 0 69 4 83
69 0 66 4 84
74 0 211 4 85
74 0 220 4 86
142 0 323 4 87
71 0 82 4 88
101 0 230 4 89
70 0 101 4 90
166 0 334 4 91
141 0 313 4 92
75 0 74 4 93
107 0 226 4 94
95 0 232 4 95
63 0 156 4 96
168 0 307 4 97
73 0 89 4 98
89 0 235 4 99
71 0 109 4 100
168 0 320 4 101
77 0 93 4 102
81 0 77 4 103
120 0 232 4 104
206 0 343 4 105
91 0 231 4 106
85 0 66 4 107
109 0 213 4 108
81 0 83 4 109
91 0 219 4 110
88 0 59 4 111
174 0 293 4 112
104 0 205 4 113
85 0 98 4 114
87 0 89 4 115
108 0 203 4 116
88 0 102 4 117
114 0 210 4 118
183 0 285 4 119
218 0 333 4 120
114 0 236 4 121
87 0 217 4 122
94 0 55 4 123
93 0 88 4 124
117 0 196 4 125
94 0 230 4 126
94 0 217 4 127
95 0 64 4 128
143 0 234 4 129
134 0 234 4 130
113 0 225 4 131
127 0 208 4 132
96 0 81 4 133
125 0 192 4 134
128 0 201 4 135
122 0 175 4 136
140 0 207 4 137
164 0 152 4 138
138 0 200 4 139
157 0 236 4 140
251 0 328 4 141
135 0 169 4 142
135 0 189 4 143
135 0 179 4 144
154 0 139 4 145
201 0 284 4 146
148 0 170 4 147
152 0 201 4 148
136 0 185 4 149
142 0 161 4 150
202 0 259 4 151
175 0 235 4 152
153 0 145 4 153
151 0 189 4 154
194 0 265 4 155
149 0 153 4 156
144 0 195 4 157
152 0 178 4 158
212 0 284 4 159
157 0 166 4 160
165 0 178 4 161
158 0 194 4 162
162 0 211 4 163
163 0 144 4 164
225 0 301 4 165
221 0 289 4 166
164 0 160 4 167
204 0 200 4 168
212 0 252 4 169
172 0 147 4 170
193 0 193 4 171
198 0 187 4 172
168 0 191 4 173
181 0 179 4 174
183 0 190 4 175
173 0 197 4 176
181 0 170 4 177
185 0 198 4 178
191 0 238 4 179
174 0 206 4 180
204 0 185 4 181
216 0 209 4 182
190 0 143 4 183
200 0 250 4 184
180 0 144 4 185
210 0 150 4 186
215 0 141 4 187
186 0 163 4 188
209 0 186 4 189
196 0 203 4 190
186 0 206 4 191
186 0 215 4 192
220 0 202 4 193
208 0 251 4 194
203 0 239 4 195
190 0 155 4 196
198 0 180 4 197
209 0 197 4 198
203 0 213 4 199
212 0 237 4 200
204 0 142 4 201
193 0 148 4 202
216 0 186 4 203
207 0 181 4 204
214 0 160 4 205
212 0 181 4 206
215 0 168 4 207
214 0 178 4 208
226 0 197 4 209
236 0 203 4 210
230 0 180 4 211
237 0 196 4 212
242 0 179 4 213
242 0 189 4 214
240 0 215 4 215
243 0 158 4 216
264 0 203 4 217
252 0 204 4 218
241 0 148 4 219
252 0 239 4 220
249 0 172 4 221
249 0 143 4 222
246 0 165 4 223
260 0 215 4 224
256 0 191 4 225
253 0 198 4 226
260 0 156 4 227
257 0 179 4 228
255 0 147 4 229
267 0 195 4 230
265 0 135 4 231
260 0 143 4 232
269 0 188 4 233
271 0 167 4 234
267 0 162 4 235
272 0 180 4 236
271 0 144 4 237
274 0 154 4 238
280 0 191 4 239
279 0 172 4 240
279 0 196 4 241
281 0 162 4 242
285 0 180 4 243
302 0 100 4 244
319 0 60 4 245
284 0 204 4 246
288 0 182 4 247
288 0 191 4 248
313 0 97 4 249
326 0 46 4 250
289 0 169 4 251
285 0 215 4 252
291 0 206 4 253
328 0 64 4 254
301 0 214 4 255
295 0 239 4 256
307 0 205 4 257
307 0 220 4 258
307 0 229 4 259
300 0 196 4 260
315 0 210 4 261
303 0 178 4 262
312 0 229 4 263
305 0 304 4 264
338 0 128 4 265
318 0 233 4 266
334 0 235 4 267
326 0 232 4 268
342 0 222 4 269
335 0 99 4 270
343 0 225 4 271
343 0 212 4 272
348 0 106 4 273
344 0 53 4 274
345 0 72 4 275
347 0 98 4 276
345 0 123 4 277
352 0 215 4 278
353 0 87 4 279
344 0 233 4 280
344 0 33 4 281
355 0 73 4 282
352 0 39 4 283
351 0 223 4 284
359 0 214 4 285
355 0 47 4 286
361 0 137 4 287
365 0 125 4 288
362 0 106 4 289
368 0 167 4 290
367 0 112 4 291
361 0 63 4 292
367 0 92 4 293
361 0 217 4 294
368 0 77 4 295
363 0 57 4 296
356 0 234 4 297
371 0 213 4 298
367 0 71 4 299
374 0 88 4 300
363 0 25 4 301
374 0 72 4 302
362 0 223 4 303
373 0 62 4 304
372 0 226 4 305
364 0 230 4 306
383 0 133 4 307
381 0 214 4 308
387 0 221 4 309
388 0 124 4 310
373 0 217 4 311
381 0 84 4 312
388 0 215 4 313
381 0 222 4 314
390 0 116 4 315
403 0 133 4 316
386 0 236 4 317
393 0 225 4 318
387 0 72 4 319
406 0 237 4 320
385 0 55 4 321
419 0 118 4 322
405 0 96 4 323
395 0 229 4 324
325 0 344 4 325
390 0 67 4 326
413 0 120 4 327
388 0 42 4 328
408 0 112 4 329
387 0 22 4 330
404 0 84 4 331
367 0 306 4 332
400 0 58 4 333
399 0 75 4 334
444 0 186 4 335
415 0 76 4 336
412 0 242 4 337
377 0 17 4 338
403 0 48 4 339
375 0 300 4 340
407 0 71 4 341
344 0 345 4 342
448 0 148 4 343
421 0 100 4 344
443 0 168 4 345
456 0 154 4 346
458 0 199 4 347
457 0 138 4 348
455 0 182 4 349
416 0 60 4 350
453 0 166 4 351
420 0 257 4 352
435 0 108 4 353
463 0 169 4 354
428 0 77 4 355
465 0 190 4 356
364 0 337 4 357
468 0 180 4 358
412 0 39 4 359
