360
30 0 316 4 0
-17 0 271 4 1
-11 0 263 4 2
-39 0 160 4 3
-39 0 223 4 4
-47 0 162 4 5
-29 0 148 4 6
-34 0 166 4 7
-50 0 162 4 8
-44 0 137 4 9
-48 0 145 4 10
-40 0 145 4 11
-4 0 255 4 12
-40 0 125 4 13
-41 0 173 4 14
-38 0 157 4 15
-39 0 167 4 16
-30 0 146 4 17
17 0 84 4 18
-30 0 171 4 19
-26 0 129 4 20
-31 0 131 4 21
-19 0 153 4 22
2 0 247 4 23
15 0 91 4 24
-17 0 139 4 25
-24 0 155 4 26
-20 0 168 4 27
54 0 299 4 28
-26 0 174 4 29
36 0 68 4 30
56 0 313 4 31
-16 0 157 4 32
37 0 296 4 33
23 0 93 4 34
-15 0 172 4 35
10 0 236 4 36
16 0 99 4 37
21 0 107 4 38
55 0 295 4 39
-7 0 150 4 40
21 0 228 4 41
15 0 233 4 42
74 0 326 4 43
30 0 87 4 44
21 0 114 4 45
30 0 104 4 46
-6 0 160 4 47
91 0 322 4 48
32 0 228 4 49
84 0 299 4 50
31 0 108 4 51
29 0 110 4 52
39 0 118 4 53
49 0 92 4 54
60 0 223 4 55
43 0 217 4 56
43 0 224 4 57
47 0 117 4 58
47 0 109 4 59
44 0 209 4 60
49 0 101 4 61
50 0 223 4 62
52 0 94 4 63
57 0 206 4 64
53 0 210 4 65
58 0 220 4 66
61 0 82 4 67
59 0 95 4 68
56 0 108 4 69
59 0 226 4 70
66 0 216 4 71
72 0 214 4 72
59 0 233 4 73
68 0 64 4 74
60 0 99 4 75
71 0 78 4 76
74 0 225 4 77
54 0 109 4 78
60 0 216 4 79
61 0 108 4 80
126 0 313 4 81
69 0 67 4 82
71 0 85 4 83
67 0 78 4 84
70 0 206 4 85
70 0 216 4 86
127 0 302 4 87
68 0 93 4 88
93 0 220 4 89
68 0 112 4 90
147 0 309 4 91
127 0 295 4 92
73 0 85 4 93
99 0 217 4 94
89 0 224 4 95
63 0 159 4 96
149 0 285 4 97
72 0 101 4 98
85 0 229 4 99
70 0 119 4 100
150 0 297 4 101
76 0 102 4 102
78 0 93 4 103
111 0 222 4 104
182 0 315 4 105
87 0 226 4 106
82 0 83 4 107
102 0 206 4 108
79 0 95 4 109
88 0 216 4 110
86 0 76 4 111
157 0 275 4 112
100 0 200 4 113
84 0 108 4 114
86 0 102 4 115
104 0 197 4 116
87 0 110 4 117
109 0 204 4 118
166 0 268 4 119
195 0 309 4 120
109 0 230 4 121
87 0 217 4 122
93 0 70 4 123
92 0 100 4 124
112 0 191 4 125
93 0 229 4 126
94 0 217 4 127
95 0 78 4 128
134 0 225 4 129
127 0 227 4 130
109 0 221 4 131
121 0 202 4 132
96 0 93 4 133
121 0 187 4 134
123 0 196 4 135
120 0 173 4 136
135 0 200 4 137
158 0 152 4 138
136 0 198 4 139
152 0 230 4 140
229 0 298 4 141
134 0 168 4 142
134 0 188 4 143
134 0 178 4 144
150 0 140 4 145
190 0 269 4 146
146 0 169 4 147
149 0 197 4 148
136 0 185 4 149
141 0 160 4 150
191 0 243 4 151
169 0 228 4 152
151 0 145 4 153
149 0 186 4 154
185 0 253 4 155
148 0 153 4 156
144 0 195 4 157
151 0 176 4 158
200 0 270 4 159
155 0 165 4 160
161 0 175 4 161
156 0 191 4 162
159 0 207 4 163
161 0 144 4 164
213 0 285 4 165
210 0 272 4 166
163 0 160 4 167
195 0 194 4 168
202 0 239 4 169
169 0 147 4 170
187 0 189 4 171
191 0 183 4 172
167 0 189 4 173
178 0 178 4 174
180 0 188 4 175
172 0 195 4 176
179 0 169 4 177
182 0 197 4 178
187 0 233 4 179
174 0 206 4 180
198 0 182 4 181
209 0 204 4 182
187 0 142 4 183
196 0 244 4 184
180 0 144 4 185
205 0 151 4 186
209 0 140 4 187
185 0 163 4 188
204 0 183 4 189
193 0 200 4 190
185 0 205 4 191
185 0 213 4 192
214 0 198 4 193
204 0 246 4 194
200 0 235 4 195
190 0 155 4 196
197 0 179 4 197
206 0 195 4 198
201 0 210 4 199
208 0 232 4 200
201 0 141 4 201
192 0 148 4 202
211 0 182 4 203
205 0 179 4 204
212 0 160 4 205
211 0 179 4 206
214 0 167 4 207
213 0 177 4 208
225 0 196 4 209
235 0 200 4 210
230 0 180 4 211
236 0 194 4 212
241 0 177 4 213
242 0 187 4 214
240 0 213 4 215
243 0 158 4 216
261 0 200 4 217
251 0 202 4 218
242 0 148 4 219
251 0 235 4 220
249 0 172 4 221
249 0 143 4 222
247 0 165 4 223
259 0 214 4 224
255 0 190 4 225
253 0 197 4 226
259 0 156 4 227
257 0 178 4 228
255 0 147 4 229
266 0 192 4 230
265 0 135 4 231
261 0 143 4 232
268 0 185 4 233
270 0 164 4 234
267 0 162 4 235
272 0 179 4 236
271 0 143 4 237
274 0 153 4 238
279 0 190 4 239
278 0 170 4 240
279 0 196 4 241
281 0 162 4 242
284 0 180 4 243
299 0 108 4 244
313 0 74 4 245
284 0 204 4 246
288 0 180 4 247
288 0 191 4 248
309 0 106 4 249
320 0 63 4 250
289 0 168 4 251
286 0 215 4 252
291 0 205 4 253
323 0 78 4 254
301 0 213 4 255
296 0 236 4 256
308 0 204 4 257
308 0 218 4 258
308 0 227 4 259
304 0 194 4 260
317 0 207 4 261
308 0 179 4 262
315 0 223 4 263
311 0 288 4 264
338 0 134 4 265
322 0 225 4 266
336 0 230 4 267
330 0 224 4 268
343 0 221 4 269
337 0 110 4 270
344 0 220 4 271
344 0 208 4 272
349 0 113 4 273
345 0 71 4 274
346 0 87 4 275
348 0 111 4 276
346 0 132 4 277
353 0 213 4 278
354 0 97 4 279
347 0 226 4 280
347 0 58 4 281
356 0 88 4 282
353 0 62 4 283
353 0 217 4 284
360 0 211 4 285
357 0 66 4 286
362 0 145 4 287
366 0 131 4 288
363 0 117 4 289
368 0 168 4 290
368 0 117 4 291
363 0 78 4 292
368 0 100 4 293
363 0 211 4 294
370 0 87 4 295
365 0 78 4 296
360 0 226 4 297
372 0 211 4 298
369 0 88 4 299
375 0 99 4 300
366 0 48 4 301
375 0 84 4 302
366 0 216 4 303
374 0 82 4 304
374 0 222 4 305
367 0 224 4 306
383 0 137 4 307
383 0 211 4 308
388 0 220 4 309
389 0 130 4 310
377 0 211 4 311
383 0 100 4 312
389 0 214 4 313
384 0 216 4 314
393 0 126 4 315
404 0 142 4 316
392 0 231 4 317
399 0 221 4 318
394 0 90 4 319
409 0 232 4 320
393 0 77 4 321
422 0 123 4 322
410 0 110 4 323
402 0 224 4 324
344 0 320 4 325
398 0 88 4 326
417 0 130 4 327
397 0 62 4 328
414 0 126 4 329
396 0 43 4 330
411 0 99 4 331
380 0 289 4 332
408 0 75 4 333
407 0 94 4 334
444 0 187 4 335
420 0 88 4 336
418 0 234 4 337
390 0 44 4 338
411 0 67 4 339
388 0 282 4 340
415 0 90 4 341
363 0 321 4 342
449 0 150 4 343
427 0 115 4 344
445 0 172 4 345
457 0 156 4 346
458 0 199 4 347
458 0 139 4 348
456 0 183 4 349
424 0 76 4 350
454 0 169 4 351
427 0 248 4 352
440 0 116 4 353
463 0 170 4 354
434 0 89 4 355
465 0 191 4 356
382 0 315 4 357
468 0 180 4 358
423 0 58 4 359
