360
26 0 311 4 0
-18 0 269 4 1
-13 0 261 4 2
-39 0 161 4 3
-40 0 222 4 4
-47 0 162 4 5
-29 0 149 4 6
-35 0 167 4 7
-50 0 162 4 8
-45 0 137 4 9
-48 0 145 4 10
-40 0 146 4 11
-6 0 253 4 12
-41 0 126 4 13
-41 0 173 4 14
-38 0 158 4 15
-39 0 167 4 16
-30 0 147 4 17
16 0 86 4 18
-30 0 172 4 19
-26 0 130 4 20
-32 0 131 4 21
-20 0 154 4 22
1 0 245 4 23
13 0 93 4 24
-17 0 140 4 25
-24 0 156 4 26
-20 0 168 4 27
51 0 296 4 28
-26 0 174 4 29
34 0 71 4 30
53 0 309 4 31
-16 0 158 4 32
35 0 294 4 33
21 0 95 4 34
-15 0 173 4 35
9 0 235 4 36
15 0 101 4 37
19 0 109 4 38
53 0 292 4 39
-8 0 151 4 40
20 0 227 4 41
14 0 232 4 42
71 0 322 4 43
29 0 89 4 44
20 0 116 4 45
28 0 107 4 46
-6 0 160 4 47
88 0 318 4 48
31 0 227 4 49
81 0 296 4 50
30 0 110 4 51
28 0 112 4 52
38 0 119 4 53
48 0 94 4 54
59 0 221 4 55
42 0 216 4 56
43 0 223 4 57
47 0 119 4 58
47 0 111 4 59
44 0 209 4 60
49 0 102 4 61
49 0 222 4 62
51 0 96 4 63
57 0 206 4 64
52 0 209 4 65
57 0 220 4 66
61 0 84 4 67
58 0 97 4 68
55 0 110 4 69
58 0 226 4 70
66 0 215 4 71
71 0 213 4 72
59 0 232 4 73
67 0 67 4 74
60 0 101 4 75
70 0 81 4 76
73 0 224 4 77
54 0 110 4 78
60 0 215 4 79
61 0 109 4 80
124 0 310 4 81
68 0 69 4 82
71 0 87 4 83
66 0 79 4 84
70 0 206 4 85
70 0 215 4 86
124 0 299 4 87
68 0 95 4 88
92 0 219 4 89
68 0 113 4 90
145 0 305 4 91
125 0 292 4 92
72 0 87 4 93
98 0 216 4 94
88 0 223 4 95
63 0 159 4 96
147 0 281 4 97
71 0 102 4 98
84 0 228 4 99
70 0 120 4 100
147 0 294 4 101
75 0 104 4 102
78 0 95 4 103
110 0 221 4 104
178 0 311 4 105
87 0 225 4 106
82 0 86 4 107
101 0 205 4 108
79 0 97 4 109
87 0 215 4 110
86 0 78 4 111
154 0 272 4 112
99 0 200 4 113
84 0 110 4 114
85 0 104 4 115
103 0 197 4 116
87 0 111 4 117
108 0 204 4 118
163 0 266 4 119
191 0 305 4 120
108 0 230 4 121
87 0 217 4 122
93 0 72 4 123
92 0 101 4 124
111 0 190 4 125
93 0 229 4 126
94 0 217 4 127
95 0 80 4 128
133 0 224 4 129
126 0 226 4 130
109 0 221 4 131
121 0 201 4 132
96 0 95 4 133
120 0 186 4 134
123 0 195 4 135
119 0 173 4 136
134 0 199 4 137
157 0 152 4 138
136 0 198 4 139
151 0 229 4 140
226 0 293 4 141
134 0 168 4 142
134 0 187 4 143
134 0 177 4 144
150 0 140 4 145
188 0 267 4 146
146 0 168 4 147
149 0 196 4 148
136 0 185 4 149
141 0 160 4 150
189 0 241 4 151
168 0 227 4 152
150 0 145 4 153
149 0 186 4 154
183 0 252 4 155
148 0 153 4 156
144 0 195 4 157
151 0 176 4 158
199 0 268 4 159
155 0 165 4 160
161 0 175 4 161
156 0 191 4 162
159 0 206 4 163
160 0 144 4 164
211 0 282 4 165
208 0 270 4 166
162 0 160 4 167
194 0 193 4 168
200 0 237 4 169
169 0 147 4 170
186 0 188 4 171
190 0 182 4 172
167 0 189 4 173
178 0 177 4 174
180 0 188 4 175
172 0 195 4 176
179 0 169 4 177
182 0 196 4 178
187 0 232 4 179
174 0 206 4 180
198 0 182 4 181
208 0 204 4 182
187 0 142 4 183
195 0 243 4 184
180 0 144 4 185
204 0 151 4 186
208 0 140 4 187
185 0 163 4 188
203 0 183 4 189
193 0 200 4 190
185 0 204 4 191
185 0 213 4 192
213 0 198 4 193
203 0 245 4 194
200 0 234 4 195
190 0 155 4 196
196 0 179 4 197
205 0 195 4 198
200 0 210 4 199
207 0 232 4 200
201 0 141 4 201
192 0 148 4 202
211 0 181 4 203
204 0 179 4 204
211 0 160 4 205
210 0 179 4 206
214 0 167 4 207
213 0 176 4 208
225 0 196 4 209
235 0 200 4 210
230 0 180 4 211
236 0 194 4 212
241 0 177 4 213
242 0 187 4 214
240 0 213 4 215
243 0 158 4 216
260 0 199 4 217
250 0 202 4 218
242 0 148 4 219
251 0 235 4 220
249 0 172 4 221
249 0 143 4 222
247 0 165 4 223
258 0 213 4 224
255 0 190 4 225
253 0 197 4 226
259 0 156 4 227
257 0 178 4 228
255 0 147 4 229
266 0 192 4 230
265 0 135 4 231
261 0 143 4 232
268 0 184 4 233
270 0 164 4 234
267 0 162 4 235
272 0 179 4 236
271 0 143 4 237
274 0 153 4 238
279 0 190 4 239
278 0 170 4 240
279 0 196 4 241
281 0 162 4 242
284 0 180 4 243
298 0 109 4 244
312 0 76 4 245
284 0 204 4 246
288 0 180 4 247
288 0 191 4 248
308 0 108 4 249
319 0 65 4 250
289 0 167 4 251
286 0 215 4 252
291 0 205 4 253
322 0 80 4 254
301 0 213 4 255
296 0 235 4 256
308 0 204 4 257
308 0 218 4 258
308 0 227 4 259
305 0 194 4 260
317 0 207 4 261
309 0 179 4 262
316 0 222 4 263
311 0 286 4 264
338 0 135 4 265
323 0 224 4 266
336 0 229 4 267
330 0 222 4 268
343 0 220 4 269
338 0 112 4 270
344 0 220 4 271
344 0 207 4 272
349 0 114 4 273
346 0 73 4 274
346 0 90 4 275
348 0 113 4 276
346 0 134 4 277
353 0 213 4 278
354 0 99 4 279
347 0 225 4 280
347 0 62 4 281
356 0 90 4 282
354 0 66 4 283
353 0 216 4 284
360 0 210 4 285
357 0 69 4 286
362 0 146 4 287
366 0 132 4 288
364 0 118 4 289
368 0 169 4 290
368 0 118 4 291
363 0 80 4 292
368 0 101 4 293
363 0 211 4 294
370 0 89 4 295
366 0 81 4 296
360 0 225 4 297
372 0 210 4 298
369 0 90 4 299
375 0 100 4 300
366 0 51 4 301
375 0 86 4 302
366 0 215 4 303
375 0 85 4 304
374 0 222 4 305
368 0 223 4 306
383 0 138 4 307
383 0 211 4 308
388 0 219 4 309
389 0 131 4 310
377 0 211 4 311
384 0 103 4 312
390 0 213 4 313
385 0 215 4 314
393 0 128 4 315
405 0 143 4 316
393 0 230 4 317
399 0 220 4 318
395 0 92 4 319
410 0 232 4 320
394 0 80 4 321
422 0 124 4 322
411 0 112 4 323
403 0 223 4 324
347 0 316 4 325
399 0 91 4 326
418 0 132 4 327
398 0 65 4 328
414 0 128 4 329
397 0 47 4 330
412 0 101 4 331
382 0 286 4 332
409 0 78 4 333
408 0 97 4 334
444 0 187 4 335
421 0 90 4 336
419 0 233 4 337
391 0 48 4 338
412 0 70 4 339
390 0 280 4 340
416 0 92 4 341
366 0 317 4 342
449 0 151 4 343
428 0 117 4 344
446 0 173 4 345
457 0 156 4 346
458 0 199 4 347
458 0 139 4 348
456 0 183 4 349
425 0 79 4 350
455 0 169 4 351
428 0 246 4 352
440 0 118 4 353
463 0 170 4 354
435 0 90 4 355
465 0 191 4 356
385 0 312 4 357
468 0 180 4 358
424 0 61 4 359
