360
23 0 307 4 0
-20 0 266 4 1
-15 0 259 4 2
-40 0 162 4 3
-40 0 221 4 4
-47 0 163 4 5
-30 0 151 4 6
-36 0 168 4 7
-50 0 162 4 8
-45 0 137 4 9
-48 0 145 4 10
-40 0 146 4 11
-7 0 251 4 12
-41 0 126 4 13
-42 0 174 4 14
-39 0 158 4 15
-39 0 167 4 16
-31 0 147 4 17
14 0 89 4 18
-31 0 173 4 19
-27 0 131 4 20
-32 0 132 4 21
-21 0 155 4 22
-1 0 243 4 23
12 0 95 4 24
-18 0 141 4 25
-24 0 157 4 26
-20 0 169 4 27
48 0 292 4 28
-26 0 174 4 29
32 0 74 4 30
50 0 306 4 31
-16 0 158 4 32
33 0 291 4 33
20 0 97 4 34
-16 0 173 4 35
8 0 234 4 36
13 0 102 4 37
18 0 112 4 38
50 0 289 4 39
-8 0 152 4 40
19 0 226 4 41
13 0 231 4 42
68 0 319 4 43
27 0 91 4 44
19 0 119 4 45
27 0 110 4 46
-7 0 160 4 47
84 0 315 4 48
29 0 225 4 49
78 0 292 4 50
29 0 113 4 51
27 0 115 4 52
38 0 121 4 53
47 0 97 4 54
58 0 220 4 55
42 0 216 4 56
43 0 222 4 57
46 0 121 4 58
46 0 113 4 59
43 0 208 4 60
48 0 104 4 61
49 0 221 4 62
51 0 98 4 63
56 0 205 4 64
52 0 208 4 65
56 0 219 4 66
60 0 87 4 67
57 0 100 4 68
55 0 113 4 69
58 0 225 4 70
65 0 214 4 71
70 0 212 4 72
58 0 232 4 73
66 0 70 4 74
59 0 103 4 75
69 0 85 4 76
72 0 223 4 77
54 0 111 4 78
60 0 214 4 79
60 0 111 4 80
121 0 307 4 81
67 0 72 4 82
70 0 90 4 83
66 0 81 4 84
69 0 205 4 85
69 0 215 4 86
122 0 296 4 87
68 0 97 4 88
91 0 217 4 89
68 0 115 4 90
142 0 302 4 91
122 0 289 4 92
72 0 89 4 93
96 0 215 4 94
87 0 221 4 95
63 0 160 4 96
144 0 278 4 97
71 0 104 4 98
83 0 227 4 99
69 0 122 4 100
144 0 290 4 101
75 0 105 4 102
78 0 98 4 103
108 0 219 4 104
175 0 307 4 105
86 0 225 4 106
81 0 88 4 107
100 0 204 4 108
78 0 99 4 109
87 0 214 4 110
85 0 81 4 111
151 0 269 4 112
98 0 199 4 113
84 0 112 4 114
85 0 106 4 115
102 0 196 4 116
87 0 112 4 117
107 0 203 4 118
160 0 263 4 119
187 0 301 4 120
107 0 229 4 121
87 0 217 4 122
93 0 75 4 123
92 0 103 4 124
111 0 189 4 125
93 0 229 4 126
94 0 217 4 127
95 0 83 4 128
132 0 223 4 129
125 0 225 4 130
108 0 220 4 131
120 0 200 4 132
96 0 97 4 133
119 0 185 4 134
122 0 194 4 135
119 0 172 4 136
133 0 198 4 137
156 0 152 4 138
135 0 198 4 139
150 0 228 4 140
223 0 288 4 141
134 0 168 4 142
134 0 187 4 143
134 0 177 4 144
149 0 141 4 145
186 0 265 4 146
145 0 168 4 147
149 0 195 4 148
136 0 185 4 149
141 0 159 4 150
187 0 238 4 151
167 0 225 4 152
150 0 145 4 153
148 0 186 4 154
182 0 250 4 155
148 0 153 4 156
144 0 195 4 157
150 0 176 4 158
197 0 266 4 159
155 0 164 4 160
160 0 174 4 161
155 0 191 4 162
159 0 206 4 163
160 0 144 4 164
209 0 280 4 165
206 0 267 4 166
162 0 160 4 167
192 0 192 4 168
199 0 235 4 169
168 0 147 4 170
185 0 188 4 171
189 0 181 4 172
166 0 188 4 173
178 0 177 4 174
180 0 187 4 175
172 0 194 4 176
179 0 169 4 177
182 0 196 4 178
186 0 232 4 179
174 0 206 4 180
197 0 182 4 181
207 0 203 4 182
187 0 142 4 183
194 0 242 4 184
180 0 144 4 185
203 0 151 4 186
207 0 139 4 187
185 0 163 4 188
202 0 183 4 189
193 0 200 4 190
185 0 204 4 191
185 0 212 4 192
212 0 197 4 193
203 0 245 4 194
200 0 234 4 195
190 0 155 4 196
196 0 179 4 197
204 0 195 4 198
200 0 209 4 199
206 0 231 4 200
200 0 141 4 201
192 0 148 4 202
210 0 180 4 203
204 0 179 4 204
211 0 160 4 205
210 0 178 4 206
214 0 167 4 207
213 0 176 4 208
225 0 196 4 209
234 0 200 4 210
230 0 180 4 211
236 0 194 4 212
241 0 176 4 213
242 0 187 4 214
240 0 212 4 215
243 0 158 4 216
260 0 198 4 217
250 0 201 4 218
242 0 148 4 219
251 0 234 4 220
249 0 172 4 221
249 0 143 4 222
247 0 165 4 223
258 0 213 4 224
255 0 189 4 225
253 0 197 4 226
259 0 156 4 227
257 0 178 4 228
255 0 147 4 229
266 0 192 4 230
265 0 135 4 231
261 0 143 4 232
268 0 184 4 233
270 0 164 4 234
267 0 162 4 235
272 0 179 4 236
271 0 143 4 237
274 0 153 4 238
279 0 190 4 239
278 0 170 4 240
279 0 196 4 241
281 0 162 4 242
284 0 180 4 243
298 0 111 4 244
311 0 78 4 245
284 0 204 4 246
288 0 180 4 247
288 0 191 4 248
308 0 109 4 249
318 0 68 4 250
289 0 167 4 251
287 0 215 4 252
291 0 205 4 253
321 0 82 4 254
301 0 213 4 255
296 0 235 4 256
308 0 204 4 257
308 0 217 4 258
308 0 227 4 259
305 0 193 4 260
317 0 206 4 261
310 0 180 4 262
317 0 221 4 263
312 0 283 4 264
338 0 136 4 265
323 0 223 4 266
337 0 228 4 267
331 0 221 4 268
343 0 220 4 269
338 0 113 4 270
344 0 219 4 271
345 0 207 4 272
349 0 115 4 273
346 0 76 4 274
347 0 92 4 275
348 0 115 4 276
347 0 135 4 277
353 0 213 4 278
354 0 100 4 279
347 0 224 4 280
348 0 66 4 281
356 0 92 4 282
354 0 69 4 283
354 0 215 4 284
360 0 210 4 285
357 0 73 4 286
362 0 147 4 287
366 0 133 4 288
364 0 120 4 289
368 0 169 4 290
368 0 119 4 291
364 0 83 4 292
368 0 102 4 293
363 0 210 4 294
370 0 91 4 295
366 0 84 4 296
361 0 224 4 297
373 0 210 4 298
370 0 93 4 299
375 0 102 4 300
367 0 55 4 301
376 0 88 4 302
367 0 214 4 303
375 0 88 4 304
374 0 221 4 305
368 0 222 4 306
383 0 138 4 307
383 0 210 4 308
388 0 219 4 309
389 0 132 4 310
378 0 210 4 311
384 0 105 4 312
390 0 213 4 313
386 0 214 4 314
393 0 130 4 315
405 0 144 4 316
394 0 229 4 317
400 0 220 4 318
396 0 95 4 319
411 0 231 4 320
396 0 84 4 321
422 0 125 4 322
412 0 114 4 323
404 0 222 4 324
350 0 313 4 325
401 0 95 4 326
418 0 133 4 327
400 0 68 4 328
415 0 131 4 329
399 0 50 4 330
413 0 103 4 331
384 0 283 4 332
410 0 81 4 333
409 0 100 4 334
444 0 187 4 335
422 0 92 4 336
420 0 232 4 337
393 0 52 4 338
414 0 73 4 339
393 0 277 4 340
417 0 95 4 341
369 0 313 4 342
449 0 151 4 343
429 0 119 4 344
446 0 174 4 345
457 0 157 4 346
458 0 199 4 347
458 0 140 4 348
456 0 184 4 349
426 0 81 4 350
455 0 170 4 351
429 0 245 4 352
441 0 119 4 353
463 0 170 4 354
436 0 92 4 355
465 0 191 4 356
388 0 309 4 357
468 0 180 4 358
426 0 64 4 359
