428
34 10 303 1 0
35 10 258 1 1
36 10 247 1 2
36 10 340 1 3
38 10 214 1 4
38 10 329 1 5
39 10 271 1 6
43 10 308 1 7
50 10 344 1 8
44 10 225 1 9
63 10 231 1 10
59 10 278 1 11
62 10 337 1 12
67 10 238 1 13
66 10 201 1 14
51 10 224 1 15
66 10 313 1 16
64 10 322 1 17
73 10 349 1 18
74 10 242 1 19
79 10 319 1 20
76 10 324 1 21
82 10 312 1 22
77 10 221 1 23
83 10 272 1 24
89 13 231 1 25
81 10 254 1 26
90 10 318 1 27
85 10 238 1 28
97 13 250 1 29
89 10 352 1 30
103 13 247 1 31
90 10 236 1 32
104 13 261 1 33
106 13 257 1 34
96 10 270 1 35
102 10 333 1 36
110 13 280 1 37
110 13 305 1 38
111 13 326 1 39
112 13 255 1 40
112 13 330 1 41
113 13 232 1 42
116 13 233 1 43
119 10 352 1 44
123 10 341 1 45
126 10 214 1 46
133 10 323 1 47
137 13 237 1 48
137 13 284 1 49
131 10 274 1 50
139 13 285 1 51
140 13 316 1 52
145 13 230 1 53
145 13 297 1 54
148 13 261 1 55
149 13 252 1 56
147 10 306 1 57
151 10 317 1 58
152 10 349 1 59
154 13 298 1 60
162 13 317 1 61
158 13 275 1 62
164 13 321 1 63
163 13 278 1 64
161 13 237 1 65
161 13 274 1 66
166 13 230 1 67
172 13 253 1 68
172 13 318 1 69
173 13 267 1 70
174 13 267 1 71
178 13 285 1 72
179 13 247 1 73
180 10 300 1 74
191 10 237 1 75
188 10 298 1 76
185 13 249 1 77
195 13 288 1 78
194 10 331 1 79
204 10 276 1 80
196 13 266 1 81
199 13 250 1 82
198 13 262 1 83
198 10 343 1 84
200 13 294 1 85
215 10 263 1 86
206 10 318 1 87
215 13 330 1 88
206 13 249 1 89
210 13 249 1 90
212 13 273 1 91
208 13 298 1 92
220 13 276 1 93
228 10 273 1 94
218 13 296 1 95
224 13 310 1 96
216 13 284 1 97
220 13 232 1 98
225 13 239 1 99
242 13 292 1 100
233 10 336 1 101
225 13 246 1 102
238 10 284 1 103
233 13 283 1 104
233 13 264 1 105
247 10 296 1 106
233 13 250 1 107
238 13 262 1 108
250 10 295 1 109
251 13 317 1 110
254 10 337 1 111
276 10 281 1 112
260 10 267 1 113
259 10 281 1 114
263 13 244 1 115
259 13 237 1 116
271 10 281 1 117
270 13 302 1 118
264 10 343 1 119
267 13 318 1 120
269 10 352 1 121
280 13 246 1 122
274 13 288 1 123
275 10 315 1 124
282 10 322 1 125
288 10 325 1 126
279 13 231 1 127
285 13 283 1 128
277 13 276 1 129
287 13 248 1 130
301 10 321 1 131
286 13 276 1 132
298 10 321 1 133
278 13 263 1 134
287 10 302 1 135
305 10 290 1 136
293 13 249 1 137
289 13 264 1 138
311 10 290 1 139
306 10 320 1 140
324 10 269 1 141
327 10 275 1 142
317 10 267 1 143
302 10 351 1 144
298 13 277 1 145
328 10 260 1 146
316 10 316 1 147
297 13 271 1 148
335 10 266 1 149
315 10 349 1 150
340 10 273 1 151
308 13 281 1 152
338 10 199 1 153
340 10 236 1 154
343 10 221 1 155
347 10 222 1 156
347 10 250 1 157
354 10 269 1 158
349 10 197 1 159
337 10 351 1 160
347 10 237 1 161
334 10 341 1 162
341 10 316 1 163
355 10 256 1 164
355 10 239 1 165
355 10 207 1 166
356 10 215 1 167
346 10 300 1 168
348 10 320 1 169
348 10 331 1 170
360 10 197 1 171
365 10 260 1 172
355 10 353 1 173
352 10 345 1 174
368 10 197 1 175
371 10 237 1 176
367 10 228 1 177
355 10 307 1 178
366 10 312 1 179
368 10 331 1 180
366 10 354 1 181
373 10 224 1 182
377 10 212 1 183
366 10 306 1 184
376 10 315 1 185
395 10 251 1 186
389 10 201 1 187
385 10 353 1 188
370 10 302 1 189
385 10 205 1 190
384 10 304 1 191
386 10 337 1 192
386 10 297 1 193
400 10 224 1 194
389 10 225 1 195
389 10 328 1 196
388 10 287 1 197
395 10 340 1 198
401 10 354 1 199
386 10 272 1 200
407 10 221 1 201
408 10 209 1 202
395 10 293 1 203
396 10 303 1 204
398 10 327 1 205
390 10 276 1 206
412 10 332 1 207
413 10 239 1 208
415 10 264 1 209
415 10 306 1 210
402 10 301 1 211
416 10 340 1 212
410 10 327 1 213
36 -10 231 1 214
36 -10 275 1 215
37 -10 284 1 216
37 -10 348 1 217
38 -10 325 1 218
39 -10 234 1 219
42 -10 258 1 220
46 -10 196 1 221
43 -10 328 1 222
44 -10 313 1 223
47 -10 349 1 224
45 -10 291 1 225
46 -10 226 1 226
54 -10 204 1 227
63 -10 294 1 228
57 -10 291 1 229
56 -10 311 1 230
51 -10 234 1 231
73 -10 332 1 232
63 -10 205 1 233
63 -10 354 1 234
75 -10 270 1 235
62 -10 322 1 236
74 -10 284 1 237
75 -10 204 1 238
78 -10 215 1 239
79 -10 260 1 240
76 -10 228 1 241
74 -10 300 1 242
77 -10 332 1 243
80 -10 275 1 244
90 -10 339 1 245
84 -10 216 1 246
91 -10 204 1 247
87 -10 253 1 248
91 -10 290 1 249
93 -10 220 1 250
99 -10 339 1 251
93 -10 260 1 252
103 -10 205 1 253
100 -10 219 1 254
97 -10 307 1 255
99 -10 300 1 256
109 -10 349 1 257
106 -10 236 1 258
109 -10 314 1 259
104 -10 251 1 260
112 -10 212 1 261
114 -10 216 1 262
112 -10 244 1 263
117 -10 330 1 264
120 -10 323 1 265
125 -10 311 1 266
124 -10 226 1 267
121 -10 228 1 268
122 -10 251 1 269
133 -10 238 1 270
133 -10 197 1 271
133 -10 347 1 272
140 -10 325 1 273
141 -10 250 1 274
143 -10 227 1 275
146 -10 346 1 276
143 -10 309 1 277
149 -10 206 1 278
148 -10 232 1 279
152 -10 227 1 280
157 -10 250 1 281
155 -10 199 1 282
157 -10 334 1 283
161 -10 274 1 284
161 -10 330 1 285
162 -10 206 1 286
164 -10 338 1 287
169 -10 232 1 288
169 -10 199 1 289
174 -10 241 1 290
170 -10 352 1 291
175 -10 264 1 292
174 -10 316 1 293
181 -10 232 1 294
180 -10 322 1 295
190 -10 315 1 296
187 -10 227 1 297
187 -10 343 1 298
197 -10 242 1 299
201 -10 239 1 300
198 -10 220 1 301
195 -10 198 1 302
198 -10 324 1 303
205 -10 244 1 304
201 -10 345 1 305
207 -10 353 1 306
212 -10 220 1 307
222 -10 274 1 308
212 -10 321 1 309
223 -10 260 1 310
216 -10 342 1 311
223 -10 224 1 312
220 -10 320 1 313
224 -10 197 1 314
231 -10 218 1 315
235 -10 267 1 316
223 -10 351 1 317
227 -10 223 1 318
228 -10 321 1 319
251 -10 245 1 320
234 -10 353 1 321
245 -10 250 1 322
243 -10 204 1 323
247 -10 213 1 324
250 -10 224 1 325
243 -10 332 1 326
244 -10 352 1 327
250 -10 277 1 328
256 -10 248 1 329
256 -10 302 1 330
259 -10 287 1 331
260 -10 259 1 332
267 -10 304 1 333
255 -10 351 1 334
273 -10 202 1 335
271 -10 227 1 336
266 -10 257 1 337
287 -10 226 1 338
269 -10 288 1 339
275 -10 231 1 340
268 -10 322 1 341
283 -10 229 1 342
286 -10 197 1 343
289 -10 204 1 344
276 -10 263 1 345
279 -10 295 1 346
295 -10 310 1 347
281 -10 347 1 348
290 -10 231 1 349
296 -10 264 1 350
290 -10 313 1 351
306 -10 208 1 352
310 -10 214 1 353
321 -10 251 1 354
292 -10 354 1 355
322 -10 277 1 356
318 -10 222 1 357
311 -10 259 1 358
311 -10 284 1 359
327 -10 246 1 360
313 -10 244 1 361
316 -10 324 1 362
335 -10 276 1 363
320 -10 311 1 364
312 -10 344 1 365
333 -10 213 1 366
333 -10 240 1 367
337 -10 253 1 368
333 -10 199 1 369
343 -10 242 1 370
327 -10 255 1 371
344 -10 274 1 372
350 -10 281 1 373
342 -10 239 1 374
342 -10 256 1 375
338 -10 213 1 376
345 -10 268 1 377
342 -10 226 1 378
341 -10 335 1 379
333 -10 331 1 380
351 -10 207 1 381
355 -10 228 1 382
356 -10 259 1 383
351 -10 339 1 384
358 -10 224 1 385
371 -10 246 1 386
364 -10 230 1 387
365 -10 244 1 388
355 -10 325 1 389
354 -10 294 1 390
370 -10 234 1 391
362 -10 300 1 392
364 -10 333 1 393
369 -10 209 1 394
372 -10 210 1 395
376 -10 255 1 396
372 -10 335 1 397
370 -10 353 1 398
386 -10 216 1 399
367 -10 328 1 400
365 -10 288 1 401
373 -10 331 1 402
383 -10 249 1 403
383 -10 198 1 404
378 -10 317 1 405
381 -10 352 1 406
398 -10 313 1 407
386 -10 309 1 408
401 -10 208 1 409
383 -10 282 1 410
386 -10 324 1 411
392 -10 338 1 412
404 -10 196 1 413
388 -10 316 1 414
406 -10 232 1 415
406 -10 312 1 416
400 -10 229 1 417
411 -10 317 1 418
404 -10 345 1 419
397 -10 269 1 420
417 -10 286 1 421
418 -10 256 1 422
418 -10 268 1 423
418 -10 320 1 424
419 -10 239 1 425
419 -10 350 1 426
420 -10 226 1 427
