428
41 11 315 1 0
42 11 274 1 1
43 11 264 1 2
43 11 351 1 3
45 11 232 1 4
45 11 341 1 5
46 11 287 1 6
51 11 324 1 7
56 11 354 1 8
52 11 245 1 9
67 11 247 1 10
64 11 292 1 11
67 11 347 1 12
72 11 256 1 13
71 11 223 1 14
60 11 249 1 15
71 11 326 1 16
70 11 337 1 17
77 11 359 1 18
79 11 261 1 19
83 11 330 1 20
81 11 335 1 21
86 11 322 1 22
81 11 242 1 23
86 11 286 1 24
92 13 244 1 25
86 11 275 1 26
93 11 329 1 27
90 11 259 1 28
99 13 265 1 29
93 11 363 1 30
104 13 256 1 31
94 11 260 1 32
106 13 270 1 33
108 13 274 1 34
101 11 295 1 35
106 11 346 1 36
112 13 296 1 37
112 13 319 1 38
113 13 340 1 39
114 13 269 1 40
115 13 345 1 41
115 13 244 1 42
118 13 247 1 43
121 11 363 1 44
124 11 351 1 45
128 11 237 1 46
134 11 338 1 47
137 13 249 1 48
137 13 300 1 49
132 11 299 1 50
139 13 304 1 51
139 13 335 1 52
145 13 243 1 53
145 13 307 1 54
147 13 272 1 55
148 13 269 1 56
146 11 319 1 57
150 11 331 1 58
151 11 360 1 59
154 13 308 1 60
160 13 330 1 61
157 13 288 1 62
162 13 335 1 63
161 13 291 1 64
160 13 252 1 65
160 13 281 1 66
165 13 243 1 67
170 13 268 1 68
170 13 334 1 69
171 13 280 1 70
172 13 283 1 71
176 13 298 1 72
177 13 258 1 73
178 11 312 1 74
187 11 257 1 75
186 11 311 1 76
184 13 259 1 77
191 13 305 1 78
190 11 347 1 79
199 11 302 1 80
193 13 283 1 81
195 13 266 1 82
195 13 277 1 83
195 11 353 1 84
198 13 304 1 85
209 11 288 1 86
203 11 331 1 87
210 13 344 1 88
203 13 259 1 89
206 13 265 1 90
208 13 287 1 91
206 13 308 1 92
216 13 296 1 93
220 11 296 1 94
215 13 305 1 95
220 13 323 1 96
214 13 292 1 97
218 13 246 1 98
221 13 254 1 99
234 13 313 1 100
228 11 350 1 101
223 13 256 1 102
232 11 301 1 103
229 13 293 1 104
229 13 274 1 105
240 11 312 1 106
230 13 260 1 107
235 13 271 1 108
244 11 310 1 109
246 13 330 1 110
249 11 350 1 111
266 11 304 1 112
254 11 281 1 113
253 11 294 1 114
256 13 260 1 115
254 13 251 1 116
264 11 296 1 117
263 13 317 1 118
259 11 353 1 119
262 13 331 1 120
264 11 363 1 121
273 13 261 1 122
269 13 299 1 123
270 11 326 1 124
275 11 335 1 125
279 11 339 1 126
274 13 245 1 127
278 13 298 1 128
272 13 285 1 129
281 13 262 1 130
291 11 339 1 131
281 13 289 1 132
289 11 336 1 133
275 13 270 1 134
282 11 312 1 135
296 11 307 1 136
287 13 262 1 137
284 13 275 1 138
301 11 310 1 139
298 11 336 1 140
312 11 291 1 141
314 11 297 1 142
307 11 285 1 143
296 11 362 1 144
294 13 285 1 145
317 11 282 1 146
307 11 332 1 147
294 13 278 1 148
322 11 289 1 149
308 11 360 1 150
327 11 297 1 151
303 13 289 1 152
326 11 221 1 153
327 11 258 1 154
332 11 241 1 155
335 11 244 1 156
335 11 271 1 157
341 11 292 1 158
337 11 218 1 159
329 11 362 1 160
336 11 256 1 161
327 11 350 1 162
332 11 329 1 163
343 11 279 1 164
342 11 261 1 165
344 11 229 1 166
345 11 237 1 167
337 11 314 1 168
339 11 332 1 169
339 11 343 1 170
348 11 218 1 171
352 11 282 1 172
345 11 364 1 173
344 11 356 1 174
356 11 218 1 175
359 11 259 1 176
356 11 249 1 177
347 11 318 1 178
356 11 324 1 179
358 11 343 1 180
357 11 365 1 181
362 11 244 1 182
366 11 232 1 183
358 11 315 1 184
366 11 327 1 185
381 11 271 1 186
377 11 223 1 187
374 11 364 1 188
363 11 310 1 189
374 11 224 1 190
374 11 317 1 191
375 11 349 1 192
376 11 310 1 193
387 11 244 1 194
379 11 242 1 195
379 11 340 1 196
379 11 299 1 197
384 11 352 1 198
388 11 365 1 199
379 11 282 1 200
394 11 239 1 201
395 11 229 1 202
387 11 304 1 203
387 11 314 1 204
389 11 337 1 205
383 11 285 1 206
400 11 343 1 207
401 11 254 1 208
403 11 278 1 209
403 11 318 1 210
394 11 311 1 211
405 11 351 1 212
401 11 337 1 213
43 -11 248 1 214
43 -11 290 1 215
44 -11 299 1 216
44 -11 358 1 217
45 -11 337 1 218
46 -11 253 1 219
49 -11 277 1 220
53 -11 218 1 221
51 -11 342 1 222
52 -11 328 1 223
54 -11 359 1 224
53 -11 309 1 225
54 -11 248 1 226
60 -11 227 1 227
67 -11 304 1 228
63 -11 306 1 229
63 -11 327 1 230
60 -11 259 1 231
76 -11 340 1 232
69 -11 227 1 233
69 -11 365 1 234
79 -11 284 1 235
69 -11 338 1 236
78 -11 299 1 237
80 -11 226 1 238
83 -11 237 1 239
84 -11 278 1 240
81 -11 251 1 241
80 -11 316 1 242
82 -11 346 1 243
85 -11 295 1 244
92 -11 348 1 245
89 -11 240 1 246
95 -11 226 1 247
92 -11 277 1 248
95 -11 310 1 249
97 -11 242 1 250
102 -11 348 1 251
97 -11 284 1 252
106 -11 227 1 253
103 -11 243 1 254
101 -11 327 1 255
103 -11 320 1 256
111 -11 360 1 257
110 -11 259 1 258
111 -11 327 1 259
108 -11 277 1 260
114 -11 236 1 261
116 -11 236 1 262
115 -11 268 1 263
119 -11 344 1 264
122 -11 337 1 265
126 -11 324 1 266
125 -11 246 1 267
123 -11 254 1 268
124 -11 275 1 269
134 -11 258 1 270
134 -11 218 1 271
134 -11 358 1 272
140 -11 333 1 273
141 -11 272 1 274
143 -11 252 1 275
145 -11 356 1 276
144 -11 323 1 277
149 -11 228 1 278
148 -11 252 1 279
151 -11 246 1 280
155 -11 272 1 281
154 -11 221 1 282
155 -11 349 1 283
159 -11 299 1 284
159 -11 344 1 285
160 -11 228 1 286
163 -11 347 1 287
167 -11 251 1 288
168 -11 221 1 289
171 -11 268 1 290
168 -11 363 1 291
173 -11 288 1 292
172 -11 329 1 293
178 -11 258 1 294
178 -11 330 1 295
187 -11 329 1 296
185 -11 246 1 297
185 -11 353 1 298
193 -11 263 1 299
196 -11 266 1 300
194 -11 244 1 301
192 -11 220 1 302
195 -11 337 1 303
201 -11 266 1 304
198 -11 355 1 305
203 -11 364 1 306
208 -11 245 1 307
215 -11 297 1 308
208 -11 334 1 309
218 -11 282 1 310
212 -11 352 1 311
218 -11 249 1 312
216 -11 333 1 313
220 -11 218 1 314
225 -11 242 1 315
227 -11 290 1 316
220 -11 362 1 317
222 -11 242 1 318
224 -11 334 1 319
241 -11 272 1 320
229 -11 365 1 321
238 -11 271 1 322
236 -11 226 1 323
239 -11 236 1 324
242 -11 249 1 325
238 -11 344 1 326
239 -11 363 1 327
244 -11 292 1 328
249 -11 268 1 329
249 -11 318 1 330
252 -11 304 1 331
253 -11 275 1 332
259 -11 323 1 333
251 -11 362 1 334
265 -11 224 1 335
264 -11 244 1 336
261 -11 271 1 337
276 -11 252 1 338
263 -11 303 1 339
268 -11 249 1 340
264 -11 333 1 341
275 -11 247 1 342
277 -11 219 1 343
280 -11 227 1 344
270 -11 276 1 345
273 -11 309 1 346
285 -11 328 1 347
275 -11 358 1 348
282 -11 249 1 349
287 -11 284 1 350
283 -11 326 1 351
296 -11 231 1 352
299 -11 238 1 353
307 -11 277 1 354
286 -11 365 1 355
309 -11 300 1 356
307 -11 247 1 357
302 -11 277 1 358
302 -11 301 1 359
314 -11 269 1 360
305 -11 261 1 361
308 -11 341 1 362
322 -11 298 1 363
312 -11 328 1 364
306 -11 354 1 365
322 -11 233 1 366
322 -11 260 1 367
325 -11 275 1 368
323 -11 221 1 369
330 -11 264 1 370
319 -11 270 1 371
332 -11 296 1 372
336 -11 305 1 373
331 -11 260 1 374
331 -11 277 1 375
328 -11 231 1 376
334 -11 291 1 377
332 -11 244 1 378
332 -11 347 1 379
326 -11 340 1 380
340 -11 227 1 381
343 -11 250 1 382
344 -11 280 1 383
341 -11 351 1 384
347 -11 244 1 385
358 -11 269 1 386
353 -11 251 1 387
354 -11 265 1 388
346 -11 336 1 389
346 -11 307 1 390
357 -11 256 1 391
352 -11 313 1 392
354 -11 345 1 393
358 -11 228 1 394
361 -11 231 1 395
364 -11 274 1 396
361 -11 349 1 397
360 -11 365 1 398
372 -11 240 1 399
358 -11 338 1 400
357 -11 299 1 401
364 -11 344 1 402
371 -11 268 1 403
371 -11 220 1 404
368 -11 328 1 405
371 -11 363 1 406
384 -11 330 1 407
376 -11 321 1 408
387 -11 230 1 409
374 -11 293 1 410
377 -11 336 1 411
381 -11 350 1 412
390 -11 218 1 413
380 -11 327 1 414
393 -11 251 1 415
393 -11 326 1 416
389 -11 245 1 417
399 -11 330 1 418
393 -11 356 1 419
390 -11 279 1 420
406 -11 300 1 421
406 -11 270 1 422
406 -11 281 1 423
407 -11 331 1 424
408 -11 253 1 425
408 -11 361 1 426
409 -11 241 1 427
