428
54 13 339 1 0
55 13 306 1 1
56 13 296 1 2
56 13 373 1 3
59 13 267 1 4
59 13 363 1 5
61 13 320 1 6
66 13 355 1 7
68 13 374 1 8
67 13 286 1 9
75 13 277 1 10
75 13 319 1 11
76 13 365 1 12
80 13 290 1 13
81 13 266 1 14
77 13 298 1 15
81 13 352 1 16
82 13 368 1 17
86 13 381 1 18
88 13 298 1 19
90 13 352 1 20
89 13 359 1 21
92 13 343 1 22
91 13 283 1 23
92 13 314 1 24
96 14 268 1 25
95 13 317 1 26
99 13 352 1 27
98 13 299 1 28
103 14 295 1 29
101 13 385 1 30
106 14 275 1 31
103 13 307 1 32
108 14 289 1 33
113 14 306 1 34
110 13 344 1 35
112 13 374 1 36
116 14 326 1 37
116 14 345 1 38
117 14 365 1 39
118 14 297 1 40
119 14 375 1 41
120 14 269 1 42
123 14 275 1 43
125 13 385 1 44
127 13 370 1 45
130 13 284 1 46
135 13 368 1 47
137 14 273 1 48
137 14 332 1 49
135 13 348 1 50
139 14 341 1 51
139 14 371 1 52
145 14 269 1 53
145 14 325 1 54
146 14 293 1 55
146 14 301 1 56
146 13 345 1 57
148 13 359 1 58
149 13 382 1 59
153 14 327 1 60
156 14 356 1 61
156 14 311 1 62
158 14 365 1 63
158 14 317 1 64
158 14 281 1 65
158 14 296 1 66
161 14 269 1 67
165 14 297 1 68
166 14 365 1 69
167 14 306 1 70
168 14 312 1 71
173 14 323 1 72
174 14 280 1 73
174 13 336 1 74
181 13 297 1 75
182 13 334 1 76
182 14 278 1 77
184 14 337 1 78
184 13 378 1 79
187 13 353 1 80
186 14 315 1 81
189 14 297 1 82
189 14 306 1 83
191 13 372 1 84
194 14 323 1 85
198 13 336 1 86
196 13 356 1 87
200 14 372 1 88
199 14 279 1 89
200 14 296 1 90
202 14 315 1 91
202 14 327 1 92
205 14 334 1 93
206 13 341 1 94
209 14 322 1 95
211 14 347 1 96
210 14 307 1 97
211 14 273 1 98
215 14 283 1 99
220 14 354 1 100
219 13 375 1 101
218 14 277 1 102
220 13 333 1 103
221 14 313 1 104
222 14 296 1 105
226 13 345 1 106
224 14 280 1 107
229 14 289 1 108
233 13 338 1 109
235 14 355 1 110
238 13 375 1 111
246 13 349 1 112
243 13 309 1 113
243 13 321 1 114
244 14 290 1 115
245 14 276 1 116
251 13 327 1 117
250 14 345 1 118
249 13 373 1 119
251 14 356 1 120
252 13 385 1 121
259 14 291 1 122
258 14 323 1 123
260 13 347 1 124
262 13 361 1 125
263 13 369 1 126
263 14 273 1 127
266 14 328 1 128
264 14 303 1 129
268 14 290 1 130
271 13 375 1 131
270 14 315 1 132
273 13 366 1 133
269 14 283 1 134
272 13 331 1 135
278 13 340 1 136
276 14 287 1 137
275 14 296 1 138
280 13 349 1 139
281 13 367 1 140
288 13 334 1 141
289 13 342 1 142
288 13 320 1 143
284 13 383 1 144
286 14 300 1 145
293 13 325 1 146
291 13 362 1 147
289 14 291 1 148
298 13 334 1 149
293 13 382 1 150
301 13 345 1 151
295 14 304 1 152
303 13 264 1 153
304 13 301 1 154
311 13 280 1 155
312 13 287 1 156
312 13 313 1 157
315 13 337 1 158
314 13 261 1 159
312 13 384 1 160
315 13 295 1 161
312 13 370 1 162
314 13 354 1 163
318 13 324 1 164
319 13 305 1 165
320 13 270 1 166
321 13 279 1 167
320 13 341 1 168
321 13 357 1 169
321 13 365 1 170
325 13 261 1 171
327 13 323 1 172
327 13 386 1 173
328 13 376 1 174
333 13 261 1 175
334 13 302 1 176
334 13 290 1 177
331 13 340 1 178
336 13 348 1 179
339 13 366 1 180
338 13 388 1 181
341 13 284 1 182
344 13 273 1 183
342 13 335 1 184
347 13 350 1 185
354 13 309 1 186
353 13 266 1 187
352 13 386 1 188
349 13 328 1 189
353 13 262 1 190
353 13 343 1 191
354 13 373 1 192
355 13 336 1 193
360 13 285 1 194
359 13 274 1 195
360 13 363 1 196
360 13 322 1 197
363 13 375 1 198
365 13 388 1 199
364 13 301 1 200
369 13 276 1 201
370 13 268 1 202
369 13 326 1 203
370 13 336 1 204
370 13 358 1 205
370 13 301 1 206
377 13 366 1 207
378 13 284 1 208
380 13 306 1 209
380 13 343 1 210
379 13 330 1 211
382 13 373 1 212
381 13 356 1 213
56 -13 283 1 214
56 -13 318 1 215
58 -13 326 1 216
58 -13 380 1 217
59 -13 361 1 218
61 -13 291 1 219
64 -13 315 1 220
66 -13 260 1 221
66 -13 370 1 222
67 -13 358 1 223
68 -13 381 1 224
69 -13 344 1 225
70 -13 292 1 226
73 -13 271 1 227
75 -13 324 1 228
75 -13 335 1 229
77 -13 359 1 230
77 -13 308 1 231
83 -13 358 1 232
81 -13 272 1 233
82 -13 388 1 234
85 -13 310 1 235
82 -13 370 1 236
87 -13 329 1 237
89 -13 270 1 238
91 -13 280 1 239
92 -13 312 1 240
92 -13 296 1 241
91 -13 349 1 242
92 -13 373 1 243
95 -13 334 1 244
97 -13 367 1 245
97 -13 287 1 246
103 -13 270 1 247
103 -13 324 1 248
104 -13 349 1 249
105 -13 285 1 250
106 -13 367 1 251
107 -13 332 1 252
111 -13 272 1 253
110 -13 291 1 254
110 -13 366 1 255
112 -13 359 1 256
115 -13 382 1 257
116 -13 306 1 258
116 -13 351 1 259
116 -13 327 1 260
118 -13 282 1 261
120 -13 276 1 262
120 -13 316 1 263
123 -13 373 1 264
125 -13 364 1 265
128 -13 350 1 266
128 -13 285 1 267
128 -13 304 1 268
129 -13 322 1 269
135 -13 299 1 270
136 -13 261 1 271
136 -13 379 1 272
141 -13 348 1 273
142 -13 316 1 274
144 -13 302 1 275
145 -13 377 1 276
145 -13 350 1 277
149 -13 273 1 278
148 -13 290 1 279
150 -13 284 1 280
152 -13 315 1 281
152 -13 263 1 282
153 -13 380 1 283
154 -13 347 1 284
155 -13 373 1 285
158 -13 273 1 286
161 -13 366 1 287
163 -13 290 1 288
164 -13 263 1 289
166 -13 322 1 290
165 -13 385 1 291
168 -13 335 1 292
169 -13 355 1 293
172 -13 310 1 294
175 -13 345 1 295
181 -13 358 1 296
181 -13 284 1 297
181 -13 373 1 298
185 -13 304 1 299
186 -13 319 1 300
186 -13 292 1 301
186 -13 263 1 302
189 -13 365 1 303
192 -13 308 1 304
192 -13 375 1 305
195 -13 386 1 306
198 -13 293 1 307
201 -13 343 1 308
199 -13 360 1 309
205 -13 327 1 310
203 -13 371 1 311
206 -13 298 1 312
207 -13 358 1 313
211 -13 261 1 314
213 -13 289 1 315
213 -13 335 1 316
211 -13 383 1 317
213 -13 278 1 318
216 -13 357 1 319
222 -13 326 1 320
220 -13 387 1 321
223 -13 312 1 322
224 -13 270 1 323
224 -13 283 1 324
225 -13 298 1 325
228 -13 367 1 326
229 -13 385 1 327
233 -13 322 1 328
235 -13 308 1 329
235 -13 351 1 330
238 -13 337 1 331
240 -13 305 1 332
242 -13 360 1 333
241 -13 384 1 334
248 -13 268 1 335
251 -13 279 1 336
250 -13 299 1 337
255 -13 301 1 338
250 -13 331 1 339
253 -13 286 1 340
254 -13 355 1 341
260 -13 283 1 342
261 -13 262 1 343
262 -13 271 1 344
260 -13 301 1 345
262 -13 337 1 346
266 -13 364 1 347
263 -13 379 1 348
267 -13 284 1 349
269 -13 323 1 350
270 -13 351 1 351
277 -13 276 1 352
278 -13 285 1 353
280 -13 326 1 354
274 -13 388 1 355
284 -13 345 1 356
285 -13 296 1 357
283 -13 312 1 358
284 -13 334 1 359
290 -13 314 1 360
288 -13 293 1 361
290 -13 375 1 362
298 -13 343 1 363
294 -13 360 1 364
293 -13 374 1 365
299 -13 274 1 366
300 -13 300 1 367
301 -13 319 1 368
301 -13 263 1 369
306 -13 309 1 370
303 -13 298 1 371
307 -13 341 1 372
309 -13 352 1 373
308 -13 302 1 374
308 -13 318 1 375
309 -13 268 1 376
310 -13 334 1 377
312 -13 279 1 378
313 -13 369 1 379
313 -13 357 1 380
318 -13 265 1 381
320 -13 294 1 382
321 -13 321 1 383
322 -13 374 1 384
326 -13 284 1 385
332 -13 314 1 386
331 -13 291 1 387
331 -13 306 1 388
329 -13 357 1 389
329 -13 331 1 390
334 -13 299 1 391
333 -13 339 1 392
335 -13 368 1 393
338 -13 266 1 394
339 -13 272 1 395
340 -13 313 1 396
340 -13 374 1 397
340 -13 387 1 398
344 -13 287 1 399
341 -13 360 1 400
342 -13 321 1 401
344 -13 367 1 402
348 -13 304 1 403
348 -13 263 1 404
349 -13 352 1 405
351 -13 385 1 406
357 -13 362 1 407
356 -13 345 1 408
361 -13 272 1 409
357 -13 314 1 410
357 -13 359 1 411
359 -13 373 1 412
365 -13 260 1 413
362 -13 349 1 414
367 -13 288 1 415
368 -13 355 1 416
368 -13 277 1 417
375 -13 354 1 418
373 -13 376 1 419
375 -13 297 1 420
383 -13 328 1 421
384 -13 299 1 422
384 -13 307 1 423
385 -13 354 1 424
386 -13 281 1 425
386 -13 382 1 426
387 -13 271 1 427
