428
50 13 331 1 0
51 13 296 1 1
52 13 286 1 2
52 13 366 1 3
54 13 255 1 4
54 13 356 1 5
56 13 309 1 6
61 13 345 1 7
64 13 368 1 8
62 13 273 1 9
72 13 267 1 10
71 13 310 1 11
73 13 359 1 12
78 13 279 1 13
78 13 252 1 14
72 13 281 1 15
77 13 344 1 16
78 13 358 1 17
83 13 374 1 18
85 13 286 1 19
88 13 344 1 20
87 13 351 1 21
90 13 336 1 22
88 13 270 1 23
90 13 305 1 24
95 14 260 1 25
92 13 303 1 26
97 13 344 1 27
96 13 286 1 28
101 14 285 1 29
98 13 378 1 30
106 14 269 1 31
100 13 292 1 32
107 14 283 1 33
111 14 296 1 34
107 13 328 1 35
110 13 365 1 36
114 14 316 1 37
114 14 336 1 38
116 14 357 1 39
117 14 288 1 40
118 14 365 1 41
119 14 261 1 42
122 14 265 1 43
123 13 378 1 44
126 13 364 1 45
129 13 268 1 46
134 13 358 1 47
137 14 265 1 48
137 14 321 1 49
134 13 332 1 50
139 14 329 1 51
139 14 359 1 52
145 14 261 1 53
145 14 319 1 54
146 14 286 1 55
147 14 291 1 56
146 13 337 1 57
149 13 350 1 58
150 13 374 1 59
153 14 321 1 60
158 14 348 1 61
157 14 304 1 62
159 14 355 1 63
159 14 309 1 64
159 14 271 1 65
159 14 291 1 66
162 14 261 1 67
167 14 287 1 68
168 14 355 1 69
168 14 297 1 70
169 14 303 1 71
174 14 315 1 72
175 14 273 1 73
176 13 328 1 74
183 13 284 1 75
183 13 327 1 76
182 14 272 1 77
186 14 327 1 78
186 13 368 1 79
191 13 336 1 80
188 14 305 1 81
191 14 287 1 82
191 14 296 1 83
192 13 366 1 84
195 14 317 1 85
202 13 320 1 86
198 13 348 1 87
203 14 363 1 88
200 14 272 1 89
202 14 286 1 90
204 14 306 1 91
203 14 320 1 92
208 14 321 1 93
211 13 326 1 94
211 14 316 1 95
214 14 339 1 96
211 14 302 1 97
214 14 264 1 98
217 14 273 1 99
224 14 341 1 100
221 13 367 1 101
220 14 270 1 102
224 13 323 1 103
224 14 306 1 104
224 14 289 1 105
230 13 334 1 106
226 14 274 1 107
231 14 283 1 108
237 13 329 1 109
238 14 347 1 110
242 13 367 1 111
253 13 334 1 112
246 13 300 1 113
246 13 312 1 114
248 14 280 1 115
248 14 268 1 116
255 13 317 1 117
255 14 336 1 118
253 13 367 1 119
255 14 348 1 120
256 13 378 1 121
264 14 281 1 122
262 14 315 1 123
263 13 340 1 124
266 13 353 1 125
268 13 359 1 126
266 14 264 1 127
270 14 318 1 128
267 14 297 1 129
272 14 281 1 130
277 13 363 1 131
273 14 307 1 132
278 13 356 1 133
271 14 279 1 134
275 13 325 1 135
284 13 329 1 136
280 14 278 1 137
278 14 289 1 138
287 13 336 1 139
287 13 357 1 140
296 13 320 1 141
297 13 328 1 142
294 13 308 1 143
288 13 376 1 144
289 14 295 1 145
301 13 310 1 146
296 13 352 1 147
291 14 287 1 148
306 13 319 1 149
298 13 374 1 150
310 13 329 1 151
298 14 299 1 152
311 13 250 1 153
312 13 287 1 154
318 13 267 1 155
319 13 273 1 156
320 13 299 1 157
323 13 322 1 158
322 13 247 1 159
317 13 377 1 160
322 13 282 1 161
317 13 363 1 162
320 13 345 1 163
326 13 309 1 164
327 13 291 1 165
328 13 256 1 166
329 13 265 1 167
325 13 332 1 168
327 13 349 1 169
327 13 358 1 170
333 13 247 1 171
335 13 309 1 172
333 13 379 1 173
333 13 369 1 174
340 13 247 1 175
342 13 288 1 176
341 13 277 1 177
336 13 333 1 178
343 13 340 1 179
345 13 358 1 180
344 13 381 1 181
348 13 271 1 182
351 13 259 1 183
347 13 328 1 184
354 13 343 1 185
363 13 297 1 186
361 13 252 1 187
359 13 379 1 188
354 13 322 1 189
360 13 250 1 190
360 13 334 1 191
361 13 365 1 192
362 13 327 1 193
369 13 271 1 194
365 13 263 1 195
366 13 355 1 196
366 13 314 1 197
370 13 367 1 198
372 13 381 1 199
369 13 294 1 200
377 13 264 1 201
378 13 255 1 202
375 13 318 1 203
375 13 328 1 204
376 13 351 1 205
374 13 296 1 206
384 13 358 1 207
385 13 274 1 208
388 13 297 1 209
388 13 335 1 210
384 13 324 1 211
390 13 366 1 212
388 13 350 1 213
52 -13 271 1 214
52 -13 309 1 215
53 -13 317 1 216
53 -13 373 1 217
54 -13 353 1 218
56 -13 278 1 219
59 -13 302 1 220
62 -13 246 1 221
61 -13 361 1 222
62 -13 348 1 223
63 -13 374 1 224
64 -13 333 1 225
65 -13 277 1 226
69 -13 256 1 227
72 -13 318 1 228
71 -13 325 1 229
73 -13 349 1 230
72 -13 292 1 231
80 -13 352 1 232
77 -13 257 1 233
78 -13 381 1 234
83 -13 301 1 235
78 -13 360 1 236
84 -13 319 1 237
86 -13 255 1 238
89 -13 266 1 239
89 -13 301 1 240
88 -13 281 1 241
87 -13 338 1 242
89 -13 364 1 243
91 -13 321 1 244
96 -13 361 1 245
94 -13 272 1 246
100 -13 255 1 247
99 -13 309 1 248
101 -13 336 1 249
102 -13 270 1 250
105 -13 361 1 251
104 -13 316 1 252
109 -13 257 1 253
108 -13 275 1 254
107 -13 353 1 255
109 -13 346 1 256
113 -13 374 1 257
114 -13 290 1 258
115 -13 343 1 259
113 -13 310 1 260
117 -13 267 1 261
118 -13 263 1 262
118 -13 300 1 263
122 -13 364 1 264
124 -13 355 1 265
127 -13 342 1 266
127 -13 272 1 267
126 -13 288 1 268
127 -13 306 1 269
135 -13 285 1 270
135 -13 247 1 271
135 -13 372 1 272
141 -13 343 1 273
142 -13 302 1 274
144 -13 286 1 275
145 -13 370 1 276
145 -13 341 1 277
149 -13 258 1 278
148 -13 278 1 279
150 -13 272 1 280
153 -13 301 1 281
153 -13 249 1 282
154 -13 370 1 283
156 -13 331 1 284
156 -13 364 1 285
159 -13 258 1 286
162 -13 360 1 287
165 -13 277 1 288
165 -13 249 1 289
168 -13 304 1 290
166 -13 378 1 291
169 -13 319 1 292
170 -13 347 1 293
174 -13 293 1 294
176 -13 340 1 295
183 -13 349 1 296
182 -13 272 1 297
182 -13 367 1 298
188 -13 291 1 299
189 -13 301 1 300
189 -13 276 1 301
188 -13 248 1 302
191 -13 356 1 303
195 -13 294 1 304
194 -13 368 1 305
198 -13 379 1 306
201 -13 277 1 307
206 -13 328 1 308
202 -13 351 1 309
210 -13 312 1 310
206 -13 365 1 311
210 -13 281 1 312
210 -13 350 1 313
214 -13 247 1 314
217 -13 274 1 315
218 -13 320 1 316
214 -13 376 1 317
216 -13 266 1 318
219 -13 350 1 319
228 -13 308 1 320
223 -13 380 1 321
228 -13 298 1 322
228 -13 255 1 323
229 -13 268 1 324
231 -13 281 1 325
232 -13 359 1 326
232 -13 378 1 327
237 -13 312 1 328
240 -13 295 1 329
239 -13 340 1 330
243 -13 326 1 331
245 -13 295 1 332
248 -13 348 1 333
244 -13 377 1 334
254 -13 254 1 335
255 -13 268 1 336
253 -13 290 1 337
262 -13 285 1 338
254 -13 322 1 339
258 -13 274 1 340
257 -13 348 1 341
265 -13 271 1 342
266 -13 248 1 343
268 -13 256 1 344
263 -13 293 1 345
266 -13 328 1 346
272 -13 352 1 347
267 -13 372 1 348
272 -13 273 1 349
275 -13 310 1 350
274 -13 343 1 351
283 -13 261 1 352
285 -13 269 1 353
289 -13 310 1 354
278 -13 381 1 355
292 -13 330 1 356
292 -13 280 1 357
289 -13 301 1 358
290 -13 323 1 359
298 -13 299 1 360
294 -13 283 1 361
296 -13 364 1 362
306 -13 329 1 363
300 -13 350 1 364
297 -13 368 1 365
306 -13 260 1 366
307 -13 287 1 367
309 -13 305 1 368
308 -13 249 1 369
314 -13 294 1 370
308 -13 289 1 371
315 -13 327 1 372
318 -13 337 1 373
316 -13 288 1 374
316 -13 305 1 375
315 -13 256 1 376
318 -13 320 1 377
318 -13 267 1 378
319 -13 362 1 379
318 -13 351 1 380
326 -13 253 1 381
327 -13 280 1 382
329 -13 308 1 383
328 -13 367 1 384
333 -13 271 1 385
340 -13 299 1 386
338 -13 278 1 387
339 -13 293 1 388
334 -13 350 1 389
335 -13 323 1 390
342 -13 285 1 391
339 -13 331 1 392
342 -13 360 1 393
345 -13 253 1 394
346 -13 259 1 395
348 -13 300 1 396
347 -13 366 1 397
347 -13 380 1 398
354 -13 272 1 399
346 -13 353 1 400
347 -13 314 1 401
351 -13 360 1 402
355 -13 292 1 403
356 -13 248 1 404
355 -13 344 1 405
358 -13 378 1 406
366 -13 351 1 407
362 -13 337 1 408
370 -13 258 1 409
362 -13 307 1 410
364 -13 351 1 411
367 -13 365 1 412
373 -13 246 1 413
368 -13 342 1 414
376 -13 276 1 415
377 -13 346 1 416
375 -13 266 1 417
383 -13 346 1 418
380 -13 369 1 419
380 -13 291 1 420
390 -13 319 1 421
391 -13 290 1 422
391 -13 299 1 423
392 -13 347 1 424
393 -13 272 1 425
393 -13 375 1 426
394 -13 261 1 427
