428
59 14 348 1 0
60 14 318 1 1
61 14 308 1 2
61 14 381 1 3
64 14 280 1 4
64 14 371 1 5
66 14 332 1 6
72 14 366 1 7
72 14 382 1 8
73 14 301 1 9
78 14 288 1 10
78 14 329 1 11
80 14 372 1 12
84 14 303 1 13
85 14 282 1 14
84 14 316 1 15
84 14 362 1 16
86 14 379 1 17
90 14 388 1 18
92 14 312 1 19
93 14 359 1 20
93 14 367 1 21
94 14 350 1 22
95 14 298 1 23
95 14 325 1 24
98 14 277 1 25
99 14 332 1 26
101 14 360 1 27
102 14 314 1 28
104 14 307 1 29
104 14 393 1 30
107 14 282 1 31
107 14 325 1 32
109 14 296 1 33
114 14 318 1 34
114 14 363 1 35
114 14 384 1 36
117 14 337 1 37
117 14 355 1 38
119 14 375 1 39
120 14 307 1 40
121 14 386 1 41
122 14 278 1 42
125 14 285 1 43
126 14 393 1 44
127 14 378 1 45
131 14 301 1 46
135 14 379 1 47
137 14 281 1 48
137 14 343 1 49
136 14 367 1 50
139 14 355 1 51
139 14 385 1 52
145 14 279 1 53
145 14 332 1 54
146 14 300 1 55
146 14 313 1 56
146 14 355 1 57
148 14 370 1 58
149 14 389 1 59
153 14 335 1 60
155 14 366 1 61
156 14 320 1 62
156 14 376 1 63
157 14 327 1 64
158 14 292 1 65
158 14 301 1 66
160 14 279 1 67
164 14 308 1 68
165 14 376 1 69
166 14 315 1 70
166 14 324 1 71
172 14 333 1 72
173 14 288 1 73
173 14 344 1 74
179 14 312 1 75
180 14 343 1 76
181 14 286 1 77
181 14 349 1 78
181 14 389 1 79
183 14 371 1 80
183 14 327 1 81
186 14 308 1 82
186 14 317 1 83
189 14 380 1 84
192 14 331 1 85
194 14 354 1 86
193 14 365 1 87
196 14 382 1 88
197 14 287 1 89
197 14 307 1 90
200 14 325 1 91
200 14 334 1 92
201 14 348 1 93
201 14 358 1 94
207 14 329 1 95
207 14 356 1 96
208 14 313 1 97
209 14 283 1 98
212 14 294 1 99
214 14 369 1 100
215 14 385 1 101
216 14 284 1 102
217 14 345 1 103
219 14 321 1 104
220 14 303 1 105
221 14 357 1 106
222 14 288 1 107
226 14 296 1 108
229 14 349 1 109
231 14 364 1 110
235 14 384 1 111
239 14 366 1 112
239 14 320 1 113
239 14 331 1 114
240 14 301 1 115
241 14 286 1 116
246 14 338 1 117
246 14 356 1 118
246 14 381 1 119
248 14 365 1 120
248 14 393 1 121
254 14 302 1 122
255 14 331 1 123
256 14 354 1 124
257 14 371 1 125
257 14 380 1 126
259 14 283 1 127
261 14 340 1 128
261 14 310 1 129
263 14 301 1 130
263 14 389 1 131
266 14 325 1 132
267 14 377 1 133
267 14 288 1 134
268 14 339 1 135
271 14 352 1 136
272 14 296 1 137
271 14 303 1 138
273 14 364 1 139
275 14 378 1 140
280 14 349 1 141
280 14 359 1 142
280 14 333 1 143
280 14 391 1 144
283 14 305 1 145
285 14 340 1 146
285 14 373 1 147
287 14 296 1 148
289 14 350 1 149
288 14 389 1 150
292 14 363 1 151
292 14 310 1 152
295 14 280 1 153
295 14 317 1 154
303 14 295 1 155
303 14 302 1 156
304 14 328 1 157
305 14 354 1 158
306 14 276 1 159
305 14 392 1 160
307 14 310 1 161
306 14 377 1 162
307 14 363 1 163
309 14 341 1 164
310 14 321 1 165
312 14 285 1 166
313 14 294 1 167
313 14 351 1 168
314 14 366 1 169
314 14 373 1 170
317 14 276 1 171
318 14 338 1 172
320 14 394 1 173
322 14 383 1 174
324 14 276 1 175
325 14 318 1 176
326 14 305 1 177
325 14 348 1 178
329 14 357 1 179
331 14 374 1 180
331 14 396 1 181
333 14 299 1 182
336 14 288 1 183
336 14 342 1 184
340 14 359 1 185
343 14 324 1 186
344 14 282 1 187
344 14 394 1 188
344 14 334 1 189
346 14 276 1 190
346 14 352 1 191
347 14 382 1 192
348 14 345 1 193
350 14 300 1 194
351 14 285 1 195
352 14 371 1 196
353 14 330 1 197
355 14 383 1 198
356 14 396 1 199
358 14 308 1 200
360 14 290 1 201
361 14 283 1 202
362 14 333 1 203
363 14 343 1 204
363 14 365 1 205
365 14 307 1 206
368 14 374 1 207
369 14 296 1 208
372 14 317 1 209
372 14 352 1 210
373 14 338 1 211
374 14 381 1 212
374 14 364 1 213
61 -14 295 1 214
61 -14 329 1 215
63 -14 337 1 216
63 -14 387 1 217
64 -14 370 1 218
66 -14 305 1 219
70 -14 329 1 220
71 -14 275 1 221
72 -14 380 1 222
73 -14 369 1 223
73 -14 388 1 224
75 -14 357 1 225
76 -14 308 1 226
77 -14 287 1 227
78 -14 332 1 228
79 -14 346 1 229
82 -14 371 1 230
84 -14 326 1 231
85 -14 364 1 232
85 -14 288 1 233
86 -14 396 1 234
88 -14 320 1 235
87 -14 382 1 236
91 -14 340 1 237
93 -14 286 1 238
95 -14 296 1 239
95 -14 325 1 240
95 -14 312 1 241
95 -14 361 1 242
96 -14 383 1 243
98 -14 349 1 244
99 -14 374 1 245
101 -14 305 1 246
106 -14 286 1 247
106 -14 342 1 248
107 -14 364 1 249
108 -14 300 1 250
108 -14 374 1 251
111 -14 350 1 252
113 -14 288 1 253
113 -14 309 1 254
113 -14 381 1 255
116 -14 374 1 256
116 -14 389 1 257
118 -14 323 1 258
118 -14 360 1 259
119 -14 346 1 260
120 -14 299 1 261
121 -14 291 1 262
122 -14 334 1 263
125 -14 384 1 264
126 -14 375 1 265
128 -14 360 1 266
129 -14 300 1 267
129 -14 323 1 268
130 -14 339 1 269
135 -14 314 1 270
136 -14 276 1 271
136 -14 386 1 272
141 -14 354 1 273
142 -14 332 1 274
144 -14 321 1 275
145 -14 384 1 276
145 -14 360 1 277
149 -14 289 1 278
148 -14 305 1 279
150 -14 298 1 280
151 -14 331 1 281
152 -14 279 1 282
152 -14 391 1 283
153 -14 365 1 284
154 -14 384 1 285
157 -14 289 1 286
161 -14 373 1 287
162 -14 304 1 288
163 -14 279 1 289
164 -14 341 1 290
164 -14 393 1 291
166 -14 352 1 292
168 -14 365 1 293
170 -14 328 1 294
174 -14 350 1 295
178 -14 369 1 296
179 -14 298 1 297
179 -14 381 1 298
182 -14 319 1 299
182 -14 338 1 300
183 -14 310 1 301
184 -14 278 1 302
186 -14 375 1 303
189 -14 323 1 304
189 -14 383 1 305
192 -14 394 1 306
194 -14 311 1 307
196 -14 360 1 308
196 -14 369 1 309
201 -14 343 1 310
200 -14 379 1 311
202 -14 316 1 312
203 -14 367 1 313
207 -14 276 1 314
208 -14 307 1 315
208 -14 351 1 316
207 -14 391 1 317
209 -14 292 1 318
212 -14 366 1 319
215 -14 346 1 320
217 -14 395 1 321
219 -14 326 1 322
220 -14 286 1 323
220 -14 300 1 324
220 -14 316 1 325
225 -14 375 1 326
225 -14 393 1 327
229 -14 333 1 328
230 -14 323 1 329
230 -14 363 1 330
233 -14 349 1 331
236 -14 316 1 332
236 -14 374 1 333
237 -14 392 1 334
242 -14 284 1 335
246 -14 292 1 336
246 -14 309 1 337
247 -14 320 1 338
246 -14 342 1 339
247 -14 299 1 340
250 -14 363 1 341
254 -14 297 1 342
255 -14 277 1 343
255 -14 287 1 344
256 -14 310 1 345
258 -14 348 1 346
258 -14 377 1 347
259 -14 386 1 348
261 -14 297 1 349
262 -14 338 1 350
265 -14 360 1 351
269 -14 293 1 352
270 -14 302 1 353
270 -14 345 1 354
270 -14 396 1 355
275 -14 362 1 356
277 -14 314 1 357
276 -14 325 1 358
277 -14 346 1 359
281 -14 331 1 360
282 -14 305 1 361
283 -14 387 1 362
289 -14 360 1 363
288 -14 372 1 364
289 -14 382 1 365
291 -14 289 1 366
292 -14 315 1 367
292 -14 335 1 368
294 -14 279 1 369
297 -14 325 1 370
297 -14 309 1 371
298 -14 358 1 372
298 -14 370 1 373
300 -14 317 1 374
300 -14 333 1 375
301 -14 282 1 376
302 -14 350 1 377
304 -14 292 1 378
306 -14 377 1 379
309 -14 363 1 380
311 -14 280 1 381
311 -14 310 1 382
313 -14 336 1 383
314 -14 383 1 384
318 -14 299 1 385
322 -14 331 1 386
323 -14 306 1 387
323 -14 321 1 388
322 -14 365 1 389
323 -14 340 1 390
325 -14 314 1 391
325 -14 349 1 392
328 -14 376 1 393
331 -14 280 1 394
331 -14 287 1 395
331 -14 327 1 396
333 -14 384 1 397
332 -14 395 1 398
334 -14 305 1 399
334 -14 367 1 400
337 -14 329 1 401
337 -14 376 1 402
339 -14 317 1 403
340 -14 278 1 404
341 -14 360 1 405
344 -14 393 1 406
347 -14 373 1 407
348 -14 354 1 408
351 -14 287 1 409
350 -14 322 1 410
350 -14 367 1 411
352 -14 381 1 412
355 -14 275 1 413
355 -14 357 1 414
358 -14 302 1 415
359 -14 366 1 416
361 -14 288 1 417
366 -14 363 1 418
366 -14 383 1 419
369 -14 304 1 420
375 -14 339 1 421
376 -14 310 1 422
376 -14 317 1 423
377 -14 362 1 424
378 -14 291 1 425
378 -14 390 1 426
379 -14 282 1 427
