428
54 13 338 1 0
55 13 305 1 1
55 13 295 1 2
55 13 372 1 3
58 13 265 1 4
58 13 362 1 5
60 13 318 1 6
66 13 353 1 7
67 13 373 1 8
66 13 284 1 9
74 13 276 1 10
74 13 317 1 11
76 13 364 1 12
80 13 289 1 13
80 13 264 1 14
76 13 295 1 15
80 13 351 1 16
81 13 367 1 17
86 13 380 1 18
88 13 296 1 19
90 13 350 1 20
89 13 357 1 21
91 13 342 1 22
91 13 281 1 23
92 13 313 1 24
96 14 267 1 25
95 13 315 1 26
98 13 351 1 27
98 13 297 1 28
102 14 294 1 29
101 13 384 1 30
106 14 274 1 31
103 13 305 1 32
108 14 288 1 33
112 14 305 1 34
110 13 342 1 35
111 13 372 1 36
115 14 325 1 37
115 14 344 1 38
117 14 364 1 39
118 14 295 1 40
119 14 373 1 41
120 14 268 1 42
123 14 273 1 43
125 13 384 1 44
126 13 369 1 45
130 13 281 1 46
135 13 366 1 47
137 14 271 1 48
137 14 330 1 49
135 13 346 1 50
139 14 339 1 51
139 14 370 1 52
145 14 268 1 53
145 14 324 1 54
146 14 292 1 55
147 14 300 1 56
146 13 344 1 57
149 13 358 1 58
149 13 380 1 59
153 14 326 1 60
156 14 355 1 61
156 14 310 1 62
158 14 363 1 63
158 14 316 1 64
159 14 279 1 65
158 14 295 1 66
161 14 268 1 67
166 14 295 1 68
166 14 363 1 69
167 14 304 1 70
168 14 311 1 71
173 14 322 1 72
174 14 279 1 73
175 13 334 1 74
182 13 295 1 75
182 13 333 1 76
182 14 277 1 77
184 14 336 1 78
184 13 376 1 79
188 13 350 1 80
186 14 314 1 81
189 14 295 1 82
189 14 304 1 83
191 13 371 1 84
194 14 322 1 85
198 13 333 1 86
196 13 355 1 87
201 14 370 1 88
199 14 278 1 89
200 14 294 1 90
203 14 313 1 91
202 14 326 1 92
205 14 332 1 93
207 13 339 1 94
210 14 321 1 95
211 14 346 1 96
210 14 307 1 97
212 14 271 1 98
215 14 281 1 99
220 14 352 1 100
220 13 374 1 101
218 14 276 1 102
221 13 332 1 103
222 14 312 1 104
222 14 295 1 105
227 13 343 1 106
225 14 279 1 107
229 14 288 1 108
233 13 337 1 109
235 14 354 1 110
239 13 374 1 111
247 13 347 1 112
243 13 308 1 113
243 13 320 1 114
245 14 289 1 115
245 14 275 1 116
251 13 326 1 117
251 14 344 1 118
250 13 372 1 119
252 14 355 1 120
253 13 384 1 121
260 14 289 1 122
259 14 321 1 123
261 13 346 1 124
262 13 360 1 125
264 13 367 1 126
263 14 271 1 127
266 14 327 1 128
265 14 302 1 129
268 14 289 1 130
272 13 374 1 131
270 14 314 1 132
274 13 364 1 133
270 14 283 1 134
273 13 330 1 135
279 13 338 1 136
276 14 285 1 137
275 14 295 1 138
281 13 347 1 139
282 13 365 1 140
290 13 331 1 141
290 13 340 1 142
289 13 318 1 143
285 13 382 1 144
287 14 299 1 145
295 13 322 1 146
292 13 361 1 147
289 14 291 1 148
299 13 331 1 149
294 13 380 1 150
303 13 343 1 151
296 14 304 1 152
304 13 262 1 153
305 13 299 1 154
312 13 278 1 155
313 13 284 1 156
313 13 311 1 157
316 13 335 1 158
315 13 259 1 159
312 13 383 1 160
316 13 293 1 161
312 13 369 1 162
315 13 352 1 163
319 13 322 1 164
320 13 303 1 165
322 13 268 1 166
323 13 277 1 167
321 13 339 1 168
322 13 356 1 169
322 13 364 1 170
326 13 259 1 171
328 13 321 1 172
328 13 385 1 173
329 13 375 1 174
334 13 259 1 175
335 13 300 1 176
335 13 288 1 177
332 13 339 1 178
337 13 347 1 179
340 13 365 1 180
339 13 387 1 181
342 13 282 1 182
345 13 271 1 183
343 13 334 1 184
348 13 349 1 185
355 13 307 1 186
354 13 264 1 187
353 13 385 1 188
350 13 327 1 189
354 13 260 1 190
354 13 341 1 191
355 13 372 1 192
356 13 334 1 193
361 13 283 1 194
360 13 272 1 195
361 13 362 1 196
361 13 321 1 197
364 13 374 1 198
366 13 387 1 199
364 13 300 1 200
370 13 274 1 201
371 13 266 1 202
370 13 324 1 203
370 13 334 1 204
371 13 357 1 205
370 13 300 1 206
378 13 365 1 207
379 13 283 1 208
381 13 305 1 209
381 13 342 1 210
379 13 329 1 211
383 13 372 1 212
382 13 355 1 213
55 -13 281 1 214
55 -13 317 1 215
57 -13 325 1 216
57 -13 378 1 217
58 -13 360 1 218
60 -13 289 1 219
64 -13 313 1 220
66 -13 258 1 221
66 -13 368 1 222
66 -13 356 1 223
67 -13 380 1 224
68 -13 342 1 225
69 -13 290 1 226
72 -13 269 1 227
74 -13 323 1 228
74 -13 333 1 229
76 -13 358 1 230
76 -13 305 1 231
82 -13 357 1 232
80 -13 269 1 233
81 -13 387 1 234
85 -13 309 1 235
82 -13 369 1 236
87 -13 327 1 237
89 -13 268 1 238
91 -13 278 1 239
91 -13 311 1 240
91 -13 293 1 241
91 -13 347 1 242
91 -13 371 1 243
94 -13 332 1 244
97 -13 366 1 245
97 -13 285 1 246
102 -13 268 1 247
102 -13 322 1 248
103 -13 347 1 249
104 -13 282 1 250
106 -13 366 1 251
107 -13 330 1 252
111 -13 269 1 253
110 -13 289 1 254
109 -13 364 1 255
112 -13 357 1 256
114 -13 380 1 257
115 -13 303 1 258
116 -13 350 1 259
115 -13 324 1 260
118 -13 280 1 261
120 -13 274 1 262
120 -13 314 1 263
123 -13 372 1 264
125 -13 363 1 265
128 -13 349 1 266
128 -13 283 1 267
127 -13 301 1 268
128 -13 319 1 269
135 -13 297 1 270
136 -13 259 1 271
136 -13 378 1 272
141 -13 348 1 273
142 -13 314 1 274
144 -13 300 1 275
145 -13 376 1 276
145 -13 348 1 277
149 -13 270 1 278
148 -13 288 1 279
150 -13 282 1 280
152 -13 313 1 281
152 -13 261 1 282
153 -13 379 1 283
155 -13 344 1 284
155 -13 372 1 285
158 -13 270 1 286
161 -13 365 1 287
164 -13 288 1 288
164 -13 261 1 289
166 -13 319 1 290
165 -13 384 1 291
168 -13 332 1 292
169 -13 354 1 293
173 -13 307 1 294
175 -13 344 1 295
181 -13 357 1 296
181 -13 282 1 297
181 -13 372 1 298
185 -13 302 1 299
187 -13 316 1 300
186 -13 290 1 301
186 -13 260 1 302
189 -13 363 1 303
193 -13 306 1 304
192 -13 374 1 305
196 -13 385 1 306
198 -13 290 1 307
202 -13 341 1 308
200 -13 358 1 309
206 -13 324 1 310
204 -13 370 1 311
207 -13 295 1 312
207 -13 357 1 313
211 -13 259 1 314
213 -13 287 1 315
214 -13 332 1 316
211 -13 382 1 317
214 -13 276 1 318
216 -13 356 1 319
223 -13 323 1 320
220 -13 386 1 321
224 -13 309 1 322
224 -13 268 1 323
225 -13 280 1 324
226 -13 295 1 325
229 -13 366 1 326
230 -13 384 1 327
233 -13 320 1 328
236 -13 306 1 329
236 -13 349 1 330
239 -13 335 1 331
241 -13 304 1 332
243 -13 358 1 333
241 -13 383 1 334
249 -13 266 1 335
251 -13 277 1 336
250 -13 297 1 337
256 -13 299 1 338
251 -13 330 1 339
253 -13 284 1 340
254 -13 354 1 341
260 -13 282 1 342
262 -13 259 1 343
263 -13 269 1 344
260 -13 300 1 345
262 -13 336 1 346
267 -13 362 1 347
264 -13 378 1 348
267 -13 282 1 349
270 -13 321 1 350
271 -13 350 1 351
278 -13 274 1 352
279 -13 282 1 353
282 -13 324 1 354
275 -13 387 1 355
285 -13 343 1 356
286 -13 293 1 357
284 -13 310 1 358
285 -13 332 1 359
291 -13 312 1 360
289 -13 292 1 361
291 -13 373 1 362
299 -13 341 1 363
295 -13 359 1 364
294 -13 373 1 365
300 -13 272 1 366
301 -13 298 1 367
302 -13 317 1 368
302 -13 261 1 369
307 -13 306 1 370
304 -13 297 1 371
308 -13 339 1 372
310 -13 350 1 373
309 -13 300 1 374
309 -13 316 1 375
310 -13 266 1 376
312 -13 332 1 377
313 -13 277 1 378
314 -13 368 1 379
314 -13 356 1 380
320 -13 263 1 381
321 -13 292 1 382
322 -13 319 1 383
323 -13 373 1 384
327 -13 282 1 385
333 -13 312 1 386
332 -13 289 1 387
332 -13 304 1 388
329 -13 356 1 389
330 -13 330 1 390
335 -13 296 1 391
334 -13 338 1 392
336 -13 367 1 393
339 -13 264 1 394
340 -13 270 1 395
341 -13 311 1 396
341 -13 373 1 397
341 -13 386 1 398
346 -13 285 1 399
341 -13 359 1 400
343 -13 320 1 401
345 -13 366 1 402
349 -13 302 1 403
349 -13 260 1 404
350 -13 350 1 405
352 -13 384 1 406
359 -13 360 1 407
357 -13 344 1 408
362 -13 270 1 409
357 -13 313 1 410
358 -13 358 1 411
361 -13 372 1 412
366 -13 258 1 413
363 -13 348 1 414
369 -13 286 1 415
370 -13 354 1 416
369 -13 275 1 417
376 -13 353 1 418
374 -13 375 1 419
375 -13 296 1 420
384 -13 327 1 421
385 -13 298 1 422
385 -13 306 1 423
386 -13 353 1 424
387 -13 279 1 425
387 -13 381 1 426
388 -13 269 1 427
