428
39 10 311 1 0
40 10 269 1 1
40 10 258 1 2
40 10 348 1 3
43 10 226 1 4
43 10 337 1 5
44 10 282 1 6
48 10 319 1 7
54 10 351 1 8
49 10 239 1 9
66 10 242 1 10
63 10 287 1 11
65 10 344 1 12
70 10 250 1 13
69 10 216 1 14
57 10 241 1 15
69 10 322 1 16
68 10 332 1 17
76 10 356 1 18
77 10 255 1 19
81 10 327 1 20
79 10 332 1 21
85 10 319 1 22
80 10 235 1 23
85 10 282 1 24
91 13 240 1 25
84 10 268 1 26
92 10 326 1 27
88 10 252 1 28
98 13 260 1 29
92 10 360 1 30
104 13 253 1 31
93 10 252 1 32
105 13 267 1 33
108 13 268 1 34
99 10 287 1 35
105 10 342 1 36
111 13 291 1 37
111 13 314 1 38
112 13 335 1 39
113 13 265 1 40
114 13 340 1 41
115 13 240 1 42
117 13 242 1 43
120 10 360 1 44
124 10 348 1 45
127 10 230 1 46
133 10 333 1 47
137 13 245 1 48
137 13 295 1 49
132 10 291 1 50
139 13 298 1 51
140 13 329 1 52
145 13 239 1 53
145 13 304 1 54
147 13 269 1 55
149 13 263 1 56
147 10 315 1 57
151 10 327 1 58
152 10 357 1 59
154 13 305 1 60
161 13 326 1 61
158 13 284 1 62
163 13 331 1 63
162 13 287 1 64
161 13 247 1 65
160 13 279 1 66
165 13 239 1 67
170 13 263 1 68
171 13 329 1 69
171 13 276 1 70
173 13 278 1 71
177 13 294 1 72
178 13 254 1 73
179 10 308 1 74
188 10 251 1 75
187 10 307 1 76
184 13 256 1 77
192 13 299 1 78
192 10 342 1 79
200 10 294 1 80
194 13 278 1 81
196 13 261 1 82
196 13 272 1 83
196 10 349 1 84
199 13 300 1 85
211 10 280 1 86
204 10 327 1 87
211 13 340 1 88
204 13 256 1 89
208 13 260 1 90
209 13 283 1 91
207 13 304 1 92
218 13 289 1 93
223 10 288 1 94
216 13 302 1 95
221 13 319 1 96
215 13 290 1 97
219 13 241 1 98
223 13 249 1 99
237 13 307 1 100
230 10 345 1 101
223 13 253 1 102
234 10 296 1 103
230 13 290 1 104
231 13 271 1 105
242 10 307 1 106
231 13 257 1 107
236 13 268 1 108
246 10 305 1 109
247 13 326 1 110
251 10 346 1 111
269 10 297 1 112
256 10 277 1 113
255 10 290 1 114
258 13 255 1 115
256 13 246 1 116
266 10 291 1 117
265 13 312 1 118
261 10 350 1 119
263 13 327 1 120
265 10 360 1 121
275 13 256 1 122
270 13 296 1 123
272 10 322 1 124
277 10 331 1 125
282 10 335 1 126
276 13 241 1 127
281 13 293 1 128
274 13 282 1 129
283 13 258 1 130
294 10 333 1 131
283 13 285 1 132
292 10 331 1 133
276 13 268 1 134
283 10 308 1 135
299 10 302 1 136
289 13 258 1 137
286 13 271 1 138
304 10 304 1 139
300 10 331 1 140
316 10 284 1 141
318 10 290 1 142
310 10 279 1 143
298 10 358 1 144
295 13 283 1 145
320 10 275 1 146
310 10 327 1 147
295 13 276 1 148
326 10 281 1 149
310 10 357 1 150
331 10 289 1 151
305 13 286 1 152
330 10 214 1 153
331 10 251 1 154
336 10 235 1 155
339 10 237 1 156
339 10 264 1 157
345 10 284 1 158
341 10 211 1 159
331 10 359 1 160
340 10 250 1 161
329 10 347 1 162
335 10 325 1 163
347 10 272 1 164
346 10 254 1 165
347 10 222 1 166
348 10 230 1 167
340 10 310 1 168
342 10 328 1 169
342 10 339 1 170
352 10 211 1 171
356 10 275 1 172
348 10 360 1 173
347 10 352 1 174
360 10 211 1 175
363 10 252 1 176
359 10 243 1 177
349 10 314 1 178
359 10 320 1 179
361 10 339 1 180
360 10 362 1 181
366 10 238 1 182
369 10 226 1 183
360 10 312 1 184
369 10 323 1 185
386 10 264 1 186
381 10 216 1 187
377 10 360 1 188
365 10 308 1 189
378 10 218 1 190
377 10 313 1 191
379 10 345 1 192
379 10 306 1 193
391 10 238 1 194
382 10 236 1 195
382 10 336 1 196
382 10 295 1 197
388 10 348 1 198
392 10 362 1 199
381 10 278 1 200
398 10 233 1 201
399 10 222 1 202
389 10 301 1 203
390 10 311 1 204
392 10 334 1 205
385 10 282 1 206
404 10 340 1 207
405 10 249 1 208
407 10 274 1 209
407 10 314 1 210
396 10 308 1 211
408 10 348 1 212
404 10 334 1 213
40 -10 243 1 214
40 -10 285 1 215
42 -10 294 1 216
42 -10 355 1 217
43 -10 333 1 218
44 -10 247 1 219
47 -10 271 1 220
51 -10 211 1 221
48 -10 338 1 222
49 -10 324 1 223
52 -10 356 1 224
51 -10 303 1 225
51 -10 241 1 226
58 -10 220 1 227
66 -10 301 1 228
61 -10 301 1 229
61 -10 322 1 230
57 -10 251 1 231
75 -10 338 1 232
67 -10 220 1 233
67 -10 362 1 234
77 -10 279 1 235
67 -10 333 1 236
77 -10 295 1 237
78 -10 219 1 238
81 -10 230 1 239
82 -10 272 1 240
80 -10 243 1 241
78 -10 311 1 242
80 -10 341 1 243
83 -10 288 1 244
91 -10 345 1 245
87 -10 233 1 246
94 -10 219 1 247
91 -10 269 1 248
94 -10 304 1 249
96 -10 235 1 250
101 -10 345 1 251
96 -10 277 1 252
105 -10 220 1 253
102 -10 236 1 254
100 -10 321 1 255
102 -10 313 1 256
110 -10 357 1 257
109 -10 252 1 258
110 -10 323 1 259
107 -10 269 1 260
113 -10 228 1 261
115 -10 230 1 262
114 -10 261 1 263
118 -10 340 1 264
121 -10 332 1 265
126 -10 320 1 266
125 -10 240 1 267
123 -10 246 1 268
124 -10 267 1 269
134 -10 252 1 270
134 -10 211 1 271
134 -10 355 1 272
140 -10 330 1 273
141 -10 265 1 274
143 -10 244 1 275
146 -10 353 1 276
144 -10 319 1 277
149 -10 221 1 278
148 -10 245 1 279
151 -10 240 1 280
156 -10 265 1 281
154 -10 214 1 282
156 -10 344 1 283
159 -10 291 1 284
159 -10 340 1 285
161 -10 221 1 286
163 -10 344 1 287
168 -10 245 1 288
168 -10 214 1 289
172 -10 260 1 290
169 -10 360 1 291
173 -10 280 1 292
173 -10 325 1 293
179 -10 250 1 294
179 -10 328 1 295
188 -10 325 1 296
186 -10 240 1 297
186 -10 350 1 298
194 -10 257 1 299
197 -10 257 1 300
195 -10 236 1 301
193 -10 213 1 302
196 -10 333 1 303
202 -10 259 1 304
199 -10 352 1 305
204 -10 360 1 306
209 -10 237 1 307
218 -10 290 1 308
209 -10 330 1 309
220 -10 275 1 310
213 -10 349 1 311
220 -10 241 1 312
218 -10 329 1 313
221 -10 211 1 314
227 -10 234 1 315
230 -10 283 1 316
220 -10 358 1 317
224 -10 236 1 318
225 -10 330 1 319
244 -10 263 1 320
231 -10 361 1 321
240 -10 264 1 322
238 -10 219 1 323
242 -10 229 1 324
245 -10 241 1 325
240 -10 340 1 326
240 -10 360 1 327
246 -10 287 1 328
251 -10 262 1 329
251 -10 313 1 330
254 -10 299 1 331
255 -10 270 1 332
261 -10 317 1 333
252 -10 359 1 334
267 -10 217 1 335
266 -10 239 1 336
263 -10 267 1 337
280 -10 244 1 338
265 -10 298 1 339
270 -10 243 1 340
265 -10 330 1 341
278 -10 241 1 342
280 -10 212 1 343
283 -10 220 1 344
272 -10 272 1 345
275 -10 304 1 346
289 -10 322 1 347
277 -10 355 1 348
285 -10 243 1 349
290 -10 278 1 350
286 -10 322 1 351
299 -10 224 1 352
302 -10 230 1 353
312 -10 269 1 354
288 -10 362 1 355
313 -10 292 1 356
311 -10 239 1 357
305 -10 271 1 358
305 -10 295 1 359
318 -10 262 1 360
307 -10 255 1 361
310 -10 336 1 362
326 -10 291 1 363
314 -10 323 1 364
308 -10 351 1 365
325 -10 227 1 366
325 -10 254 1 367
329 -10 268 1 368
326 -10 214 1 369
334 -10 257 1 370
321 -10 265 1 371
336 -10 289 1 372
341 -10 297 1 373
334 -10 254 1 374
334 -10 270 1 375
332 -10 225 1 376
337 -10 284 1 377
335 -10 238 1 378
335 -10 343 1 379
328 -10 337 1 380
343 -10 220 1 381
347 -10 243 1 382
348 -10 273 1 383
345 -10 347 1 384
351 -10 238 1 385
362 -10 262 1 386
356 -10 244 1 387
357 -10 259 1 388
349 -10 332 1 389
348 -10 303 1 390
361 -10 249 1 391
355 -10 309 1 392
358 -10 341 1 393
362 -10 222 1 394
364 -10 225 1 395
368 -10 268 1 396
364 -10 344 1 397
363 -10 361 1 398
377 -10 233 1 399
361 -10 335 1 400
360 -10 295 1 401
367 -10 340 1 402
375 -10 262 1 403
375 -10 213 1 404
371 -10 325 1 405
374 -10 360 1 406
389 -10 324 1 407
379 -10 317 1 408
392 -10 223 1 409
377 -10 289 1 410
380 -10 332 1 411
384 -10 346 1 412
395 -10 211 1 413
382 -10 324 1 414
397 -10 245 1 415
397 -10 322 1 416
392 -10 240 1 417
403 -10 326 1 418
397 -10 352 1 419
392 -10 276 1 420
409 -10 296 1 421
410 -10 266 1 422
410 -10 277 1 423
411 -10 328 1 424
411 -10 249 1 425
411 -10 357 1 426
412 -10 236 1 427
