428
35 10 305 1 0
36 10 260 1 1
37 10 249 1 2
37 10 341 1 3
39 10 216 1 4
39 10 331 1 5
40 10 273 1 6
44 10 311 1 7
51 10 345 1 8
45 10 228 1 9
64 10 233 1 10
60 10 280 1 11
63 10 339 1 12
68 10 241 1 13
67 10 204 1 14
52 10 227 1 15
66 10 314 1 16
65 10 324 1 17
73 10 350 1 18
75 10 245 1 19
79 10 321 1 20
77 10 325 1 21
83 10 313 1 22
77 10 224 1 23
83 10 274 1 24
90 13 233 1 25
82 10 257 1 26
90 10 319 1 27
86 10 241 1 28
97 13 252 1 29
90 10 354 1 30
103 13 248 1 31
90 10 239 1 32
104 13 262 1 33
107 13 259 1 34
97 10 274 1 35
103 10 335 1 36
110 13 283 1 37
110 13 307 1 38
111 13 328 1 39
112 13 257 1 40
113 13 332 1 41
113 13 234 1 42
116 13 235 1 43
119 10 354 1 44
123 10 343 1 45
127 10 217 1 46
133 10 325 1 47
137 13 239 1 48
137 13 286 1 49
131 10 277 1 50
139 13 287 1 51
140 13 319 1 52
145 13 232 1 53
145 13 299 1 54
148 13 263 1 55
149 13 254 1 56
147 10 308 1 57
151 10 319 1 58
152 10 351 1 59
154 13 300 1 60
162 13 318 1 61
158 13 277 1 62
164 13 323 1 63
163 13 280 1 64
161 13 239 1 65
161 13 275 1 66
166 13 232 1 67
171 13 255 1 68
172 13 320 1 69
172 13 269 1 70
174 13 269 1 71
178 13 287 1 72
179 13 248 1 73
180 10 302 1 74
190 10 240 1 75
188 10 300 1 76
185 13 251 1 77
194 13 290 1 78
193 10 333 1 79
204 10 280 1 80
196 13 269 1 81
198 13 253 1 82
198 13 264 1 83
197 10 344 1 84
200 13 295 1 85
214 10 266 1 86
206 10 320 1 87
214 13 332 1 88
205 13 250 1 89
209 13 251 1 90
211 13 275 1 91
208 13 299 1 92
220 13 279 1 93
227 10 276 1 94
218 13 297 1 95
223 13 312 1 96
216 13 286 1 97
220 13 234 1 98
225 13 241 1 99
241 13 295 1 100
232 10 338 1 101
225 13 247 1 102
238 10 287 1 103
232 13 284 1 104
233 13 265 1 105
246 10 298 1 106
233 13 251 1 107
238 13 263 1 108
249 10 297 1 109
250 13 319 1 110
254 10 339 1 111
275 10 284 1 112
259 10 269 1 113
258 10 283 1 114
262 13 246 1 115
258 13 239 1 116
270 10 283 1 117
269 13 304 1 118
264 10 345 1 119
266 13 320 1 120
269 10 354 1 121
279 13 248 1 122
273 13 289 1 123
274 10 316 1 124
281 10 324 1 125
286 10 327 1 126
279 13 233 1 127
284 13 285 1 128
276 13 277 1 129
286 13 250 1 130
299 10 323 1 131
286 13 278 1 132
296 10 323 1 133
278 13 264 1 134
286 10 303 1 135
304 10 293 1 136
292 13 251 1 137
288 13 265 1 138
310 10 293 1 139
305 10 323 1 140
322 10 273 1 141
325 10 278 1 142
316 10 269 1 143
301 10 352 1 144
297 13 278 1 145
327 10 263 1 146
314 10 319 1 147
297 13 272 1 148
333 10 269 1 149
314 10 351 1 150
338 10 276 1 151
307 13 282 1 152
336 10 203 1 153
338 10 240 1 154
342 10 224 1 155
345 10 226 1 156
345 10 253 1 157
352 10 272 1 158
347 10 200 1 159
336 10 353 1 160
345 10 239 1 161
333 10 342 1 162
340 10 318 1 163
353 10 259 1 164
353 10 242 1 165
354 10 210 1 166
355 10 218 1 167
345 10 302 1 168
347 10 322 1 169
347 10 333 1 170
358 10 200 1 171
363 10 263 1 172
354 10 354 1 173
351 10 347 1 174
367 10 200 1 175
369 10 240 1 176
365 10 231 1 177
353 10 308 1 178
365 10 314 1 179
366 10 333 1 180
365 10 356 1 181
372 10 227 1 182
375 10 215 1 183
365 10 307 1 184
374 10 316 1 185
393 10 254 1 186
387 10 204 1 187
383 10 354 1 188
369 10 303 1 189
384 10 208 1 190
383 10 306 1 191
385 10 338 1 192
385 10 299 1 193
398 10 227 1 194
388 10 228 1 195
387 10 330 1 196
387 10 289 1 197
394 10 342 1 198
399 10 356 1 199
385 10 273 1 200
405 10 223 1 201
406 10 211 1 202
394 10 295 1 203
394 10 305 1 204
397 10 328 1 205
389 10 278 1 206
411 10 333 1 207
411 10 241 1 208
413 10 266 1 209
413 10 308 1 210
401 10 302 1 211
415 10 342 1 212
409 10 329 1 213
37 -10 233 1 214
37 -10 277 1 215
38 -10 286 1 216
38 -10 349 1 217
39 -10 327 1 218
40 -10 237 1 219
43 -10 260 1 220
47 -10 199 1 221
44 -10 330 1 222
45 -10 315 1 223
48 -10 350 1 224
46 -10 294 1 225
47 -10 229 1 226
55 -10 207 1 227
64 -10 296 1 228
58 -10 293 1 229
57 -10 313 1 230
52 -10 238 1 231
73 -10 333 1 232
64 -10 208 1 233
64 -10 356 1 234
76 -10 272 1 235
63 -10 324 1 236
74 -10 286 1 237
76 -10 207 1 238
79 -10 219 1 239
80 -10 263 1 240
77 -10 231 1 241
75 -10 302 1 242
78 -10 334 1 243
80 -10 277 1 244
90 -10 340 1 245
85 -10 220 1 246
92 -10 207 1 247
88 -10 256 1 248
91 -10 293 1 249
94 -10 223 1 250
100 -10 340 1 251
93 -10 263 1 252
104 -10 208 1 253
100 -10 222 1 254
97 -10 310 1 255
99 -10 302 1 256
109 -10 351 1 257
107 -10 239 1 258
109 -10 316 1 259
104 -10 255 1 260
112 -10 216 1 261
114 -10 219 1 262
112 -10 247 1 263
117 -10 332 1 264
121 -10 325 1 265
125 -10 313 1 266
124 -10 229 1 267
122 -10 232 1 268
123 -10 255 1 269
133 -10 241 1 270
134 -10 200 1 271
133 -10 349 1 272
140 -10 326 1 273
141 -10 253 1 274
143 -10 231 1 275
146 -10 347 1 276
143 -10 311 1 277
149 -10 209 1 278
148 -10 235 1 279
152 -10 230 1 280
156 -10 253 1 281
154 -10 202 1 282
157 -10 336 1 283
160 -10 277 1 284
160 -10 332 1 285
161 -10 209 1 286
164 -10 339 1 287
169 -10 235 1 288
169 -10 202 1 289
173 -10 245 1 290
169 -10 354 1 291
175 -10 267 1 292
173 -10 318 1 293
181 -10 236 1 294
180 -10 323 1 295
190 -10 317 1 296
187 -10 230 1 297
187 -10 345 1 298
196 -10 245 1 299
200 -10 243 1 300
197 -10 223 1 301
194 -10 201 1 302
198 -10 326 1 303
204 -10 247 1 304
201 -10 346 1 305
206 -10 354 1 306
212 -10 224 1 307
221 -10 277 1 308
212 -10 323 1 309
222 -10 263 1 310
215 -10 343 1 311
223 -10 227 1 312
220 -10 322 1 313
223 -10 200 1 314
230 -10 221 1 315
234 -10 270 1 316
223 -10 352 1 317
226 -10 226 1 318
228 -10 323 1 319
249 -10 248 1 320
233 -10 355 1 321
244 -10 253 1 322
242 -10 207 1 323
246 -10 216 1 324
249 -10 227 1 325
243 -10 334 1 326
243 -10 354 1 327
249 -10 279 1 328
255 -10 251 1 329
255 -10 304 1 330
258 -10 289 1 331
259 -10 262 1 332
266 -10 307 1 333
255 -10 353 1 334
272 -10 205 1 335
270 -10 229 1 336
266 -10 259 1 337
285 -10 230 1 338
268 -10 290 1 339
274 -10 233 1 340
268 -10 324 1 341
282 -10 231 1 342
284 -10 201 1 343
288 -10 207 1 344
275 -10 265 1 345
278 -10 297 1 346
294 -10 312 1 347
280 -10 349 1 348
289 -10 234 1 349
295 -10 267 1 350
289 -10 315 1 351
305 -10 211 1 352
308 -10 218 1 353
319 -10 255 1 354
291 -10 356 1 355
320 -10 280 1 356
317 -10 226 1 357
310 -10 262 1 358
310 -10 286 1 359
325 -10 249 1 360
312 -10 246 1 361
315 -10 327 1 362
333 -10 279 1 363
319 -10 314 1 364
311 -10 345 1 365
331 -10 216 1 366
331 -10 243 1 367
336 -10 256 1 368
332 -10 202 1 369
341 -10 245 1 370
325 -10 257 1 371
342 -10 277 1 372
348 -10 284 1 373
341 -10 242 1 374
341 -10 259 1 375
337 -10 215 1 376
344 -10 272 1 377
340 -10 228 1 378
340 -10 337 1 379
332 -10 332 1 380
349 -10 210 1 381
353 -10 231 1 382
354 -10 262 1 383
350 -10 340 1 384
357 -10 227 1 385
369 -10 249 1 386
362 -10 233 1 387
364 -10 247 1 388
353 -10 326 1 389
353 -10 296 1 390
368 -10 238 1 391
361 -10 302 1 392
363 -10 335 1 393
367 -10 212 1 394
370 -10 213 1 395
375 -10 258 1 396
370 -10 337 1 397
369 -10 355 1 398
384 -10 220 1 399
365 -10 329 1 400
364 -10 289 1 401
372 -10 333 1 402
382 -10 252 1 403
381 -10 201 1 404
376 -10 318 1 405
380 -10 354 1 406
396 -10 316 1 407
384 -10 311 1 408
399 -10 211 1 409
381 -10 284 1 410
385 -10 326 1 411
390 -10 340 1 412
402 -10 199 1 413
387 -10 318 1 414
404 -10 235 1 415
404 -10 314 1 416
398 -10 232 1 417
409 -10 319 1 418
402 -10 347 1 419
396 -10 271 1 420
415 -10 288 1 421
416 -10 258 1 422
416 -10 270 1 423
417 -10 322 1 424
417 -10 241 1 425
417 -10 352 1 426
418 -10 228 1 427
