428
56 14 343 1 0
57 14 311 1 1
58 14 301 1 2
58 14 376 1 3
61 14 272 1 4
61 14 366 1 5
63 14 325 1 6
68 14 359 1 7
70 14 377 1 8
69 14 292 1 9
76 14 281 1 10
76 14 323 1 11
77 14 367 1 12
82 14 295 1 13
82 14 272 1 14
80 14 304 1 15
82 14 356 1 16
84 14 372 1 17
88 14 384 1 18
89 14 303 1 19
91 14 354 1 20
91 14 362 1 21
92 14 346 1 22
92 14 289 1 23
93 14 318 1 24
97 14 271 1 25
96 14 323 1 26
100 14 355 1 27
100 14 304 1 28
103 14 300 1 29
102 14 388 1 30
107 14 277 1 31
104 14 314 1 32
109 14 291 1 33
113 14 311 1 34
111 14 351 1 35
112 14 377 1 36
116 14 330 1 37
116 14 349 1 38
118 14 369 1 39
119 14 300 1 40
120 14 379 1 41
121 14 272 1 42
124 14 278 1 43
125 14 388 1 44
127 14 373 1 45
131 14 290 1 46
135 14 372 1 47
137 14 276 1 48
137 14 336 1 49
136 14 355 1 50
139 14 346 1 51
139 14 376 1 52
145 14 273 1 53
145 14 327 1 54
146 14 296 1 55
146 14 306 1 56
146 14 349 1 57
148 14 363 1 58
149 14 384 1 59
153 14 330 1 60
156 14 360 1 61
156 14 315 1 62
157 14 369 1 63
158 14 321 1 64
158 14 285 1 65
158 14 298 1 66
161 14 273 1 67
165 14 301 1 68
166 14 369 1 69
167 14 309 1 70
167 14 317 1 71
173 14 327 1 72
174 14 283 1 73
174 14 339 1 74
181 14 302 1 75
181 14 338 1 76
181 14 281 1 77
183 14 342 1 78
183 14 382 1 79
185 14 360 1 80
185 14 320 1 81
188 14 301 1 82
188 14 310 1 83
190 14 375 1 84
193 14 326 1 85
196 14 343 1 86
195 14 359 1 87
199 14 375 1 88
198 14 282 1 89
199 14 300 1 90
202 14 318 1 91
201 14 329 1 92
203 14 339 1 93
204 14 347 1 94
208 14 325 1 95
210 14 350 1 96
209 14 309 1 97
211 14 277 1 98
214 14 287 1 99
218 14 360 1 100
218 14 379 1 101
217 14 280 1 102
219 14 338 1 103
220 14 316 1 104
221 14 299 1 105
224 14 350 1 106
223 14 283 1 107
228 14 292 1 108
231 14 342 1 109
233 14 358 1 110
237 14 378 1 111
243 14 356 1 112
241 14 313 1 113
241 14 325 1 114
243 14 294 1 115
244 14 280 1 116
249 14 331 1 117
249 14 349 1 118
248 14 376 1 119
250 14 359 1 120
250 14 388 1 121
257 14 295 1 122
257 14 326 1 123
259 14 350 1 124
260 14 365 1 125
261 14 373 1 126
261 14 276 1 127
264 14 332 1 128
263 14 305 1 129
266 14 294 1 130
268 14 380 1 131
268 14 319 1 132
271 14 370 1 133
268 14 285 1 134
271 14 334 1 135
275 14 345 1 136
274 14 290 1 137
274 14 299 1 138
277 14 355 1 139
279 14 371 1 140
285 14 339 1 141
286 14 349 1 142
285 14 325 1 143
282 14 386 1 144
285 14 302 1 145
290 14 330 1 146
289 14 366 1 147
288 14 293 1 148
295 14 340 1 149
291 14 384 1 150
298 14 352 1 151
294 14 306 1 152
300 14 270 1 153
300 14 307 1 154
308 14 286 1 155
308 14 292 1 156
309 14 319 1 157
311 14 343 1 158
311 14 267 1 159
309 14 387 1 160
312 14 301 1 161
309 14 372 1 162
311 14 357 1 163
315 14 331 1 164
315 14 311 1 165
317 14 276 1 166
318 14 285 1 167
317 14 345 1 168
319 14 360 1 169
318 14 368 1 170
322 14 267 1 171
324 14 329 1 172
325 14 389 1 173
326 14 379 1 174
329 14 267 1 175
331 14 308 1 176
331 14 296 1 177
329 14 343 1 178
333 14 352 1 179
336 14 369 1 180
336 14 391 1 181
338 14 289 1 182
341 14 278 1 183
340 14 337 1 184
345 14 354 1 185
350 14 315 1 186
349 14 272 1 187
349 14 389 1 188
347 14 330 1 189
350 14 267 1 190
350 14 346 1 191
351 14 377 1 192
352 14 339 1 193
356 14 290 1 194
356 14 278 1 195
357 14 366 1 196
358 14 325 1 197
360 14 378 1 198
361 14 391 1 199
361 14 303 1 200
366 14 281 1 201
367 14 273 1 202
366 14 328 1 203
367 14 338 1 204
368 14 361 1 205
368 14 303 1 206
373 14 369 1 207
374 14 289 1 208
377 14 310 1 209
377 14 346 1 210
377 14 333 1 211
379 14 376 1 212
379 14 359 1 213
58 -14 287 1 214
58 -14 322 1 215
60 -14 330 1 216
60 -14 382 1 217
61 -14 365 1 218
63 -14 296 1 219
67 -14 320 1 220
68 -14 266 1 221
68 -14 373 1 222
69 -14 362 1 223
70 -14 384 1 224
71 -14 349 1 225
72 -14 298 1 226
74 -14 277 1 227
76 -14 327 1 228
77 -14 339 1 229
79 -14 364 1 230
80 -14 314 1 231
83 -14 360 1 232
83 -14 278 1 233
83 -14 391 1 234
86 -14 314 1 235
84 -14 375 1 236
89 -14 333 1 237
90 -14 276 1 238
93 -14 286 1 239
93 -14 317 1 240
93 -14 302 1 241
93 -14 354 1 242
93 -14 377 1 243
96 -14 339 1 244
98 -14 369 1 245
99 -14 294 1 246
104 -14 276 1 247
104 -14 331 1 248
105 -14 355 1 249
106 -14 290 1 250
107 -14 369 1 251
108 -14 339 1 252
112 -14 278 1 253
111 -14 298 1 254
111 -14 372 1 255
114 -14 364 1 256
115 -14 384 1 257
116 -14 312 1 258
117 -14 354 1 259
117 -14 334 1 260
119 -14 288 1 261
120 -14 281 1 262
121 -14 323 1 263
124 -14 377 1 264
125 -14 368 1 265
128 -14 354 1 266
129 -14 291 1 267
128 -14 311 1 268
129 -14 328 1 269
135 -14 304 1 270
136 -14 267 1 271
136 -14 382 1 272
141 -14 350 1 273
142 -14 322 1 274
144 -14 309 1 275
145 -14 380 1 276
145 -14 354 1 277
149 -14 279 1 278
148 -14 296 1 279
150 -14 289 1 280
152 -14 321 1 281
152 -14 269 1 282
152 -14 384 1 283
154 -14 354 1 284
155 -14 377 1 285
157 -14 279 1 286
161 -14 368 1 287
163 -14 295 1 288
164 -14 269 1 289
165 -14 329 1 290
165 -14 388 1 291
167 -14 341 1 292
169 -14 359 1 293
171 -14 317 1 294
175 -14 347 1 295
180 -14 362 1 296
180 -14 289 1 297
180 -14 376 1 298
184 -14 310 1 299
185 -14 326 1 300
185 -14 299 1 301
185 -14 268 1 302
188 -14 368 1 303
191 -14 314 1 304
191 -14 378 1 305
194 -14 389 1 306
197 -14 300 1 307
199 -14 349 1 308
198 -14 363 1 309
204 -14 333 1 310
202 -14 374 1 311
205 -14 304 1 312
206 -14 361 1 313
210 -14 267 1 314
211 -14 296 1 315
211 -14 341 1 316
209 -14 386 1 317
212 -14 283 1 318
215 -14 361 1 319
220 -14 334 1 320
220 -14 390 1 321
221 -14 317 1 322
222 -14 276 1 323
222 -14 289 1 324
223 -14 304 1 325
227 -14 370 1 326
228 -14 388 1 327
231 -14 326 1 328
233 -14 313 1 329
233 -14 356 1 330
236 -14 342 1 331
239 -14 309 1 332
240 -14 365 1 333
240 -14 387 1 334
246 -14 274 1 335
249 -14 284 1 336
248 -14 302 1 337
252 -14 308 1 338
249 -14 335 1 339
250 -14 291 1 340
253 -14 358 1 341
258 -14 288 1 342
259 -14 267 1 343
259 -14 277 1 344
258 -14 304 1 345
260 -14 341 1 346
263 -14 369 1 347
261 -14 382 1 348
265 -14 289 1 349
266 -14 329 1 350
268 -14 354 1 351
274 -14 283 1 352
275 -14 291 1 353
276 -14 333 1 354
272 -14 391 1 355
281 -14 351 1 356
282 -14 302 1 357
281 -14 317 1 358
281 -14 339 1 359
287 -14 321 1 360
286 -14 298 1 361
287 -14 379 1 362
295 -14 350 1 363
292 -14 365 1 364
292 -14 377 1 365
296 -14 279 1 366
297 -14 305 1 367
297 -14 325 1 368
298 -14 269 1 369
303 -14 315 1 370
301 -14 302 1 371
304 -14 348 1 372
305 -14 359 1 373
305 -14 308 1 374
305 -14 324 1 375
306 -14 273 1 376
307 -14 340 1 377
309 -14 284 1 378
311 -14 372 1 379
312 -14 359 1 380
316 -14 271 1 381
316 -14 300 1 382
318 -14 327 1 383
319 -14 378 1 384
323 -14 289 1 385
328 -14 321 1 386
328 -14 296 1 387
328 -14 312 1 388
326 -14 360 1 389
327 -14 334 1 390
330 -14 304 1 391
330 -14 343 1 392
333 -14 371 1 393
335 -14 271 1 394
336 -14 278 1 395
336 -14 318 1 396
337 -14 378 1 397
337 -14 390 1 398
341 -14 294 1 399
338 -14 363 1 400
340 -14 324 1 401
342 -14 371 1 402
344 -14 309 1 403
345 -14 268 1 404
346 -14 355 1 405
348 -14 388 1 406
353 -14 366 1 407
353 -14 349 1 408
357 -14 278 1 409
354 -14 317 1 410
355 -14 362 1 411
357 -14 376 1 412
361 -14 266 1 413
359 -14 352 1 414
364 -14 293 1 415
365 -14 359 1 416
365 -14 281 1 417
371 -14 357 1 418
370 -14 379 1 419
372 -14 299 1 420
380 -14 332 1 421
381 -14 303 1 422
381 -14 311 1 423
382 -14 357 1 424
383 -14 284 1 425
383 -14 385 1 426
384 -14 275 1 427
