428
54 13 338 1 0
55 13 305 1 1
56 13 295 1 2
56 13 372 1 3
58 13 266 1 4
58 13 362 1 5
60 13 319 1 6
66 13 354 1 7
68 13 373 1 8
67 13 285 1 9
75 13 276 1 10
74 13 318 1 11
76 13 364 1 12
80 13 289 1 13
81 13 265 1 14
77 13 296 1 15
80 13 351 1 16
82 13 367 1 17
86 13 380 1 18
88 13 297 1 19
90 13 351 1 20
89 13 358 1 21
91 13 342 1 22
91 13 282 1 23
92 13 313 1 24
96 14 267 1 25
95 13 315 1 26
99 13 351 1 27
98 13 297 1 28
103 14 294 1 29
101 13 384 1 30
106 14 274 1 31
103 13 306 1 32
108 14 288 1 33
112 14 305 1 34
110 13 343 1 35
111 13 373 1 36
116 14 325 1 37
116 14 344 1 38
117 14 365 1 39
118 14 296 1 40
119 14 374 1 41
120 14 268 1 42
123 14 274 1 43
125 13 384 1 44
126 13 370 1 45
130 13 282 1 46
135 13 367 1 47
137 14 272 1 48
137 14 331 1 49
135 13 347 1 50
139 14 340 1 51
139 14 370 1 52
145 14 268 1 53
145 14 324 1 54
146 14 292 1 55
146 14 300 1 56
146 13 344 1 57
148 13 358 1 58
149 13 381 1 59
153 14 327 1 60
156 14 355 1 61
156 14 311 1 62
158 14 364 1 63
158 14 316 1 64
158 14 280 1 65
158 14 295 1 66
161 14 268 1 67
166 14 296 1 68
166 14 364 1 69
167 14 305 1 70
168 14 311 1 71
173 14 323 1 72
174 14 279 1 73
174 13 335 1 74
182 13 296 1 75
182 13 334 1 76
182 14 278 1 77
184 14 336 1 78
184 13 377 1 79
187 13 351 1 80
186 14 314 1 81
189 14 296 1 82
189 14 305 1 83
191 13 372 1 84
194 14 323 1 85
198 13 334 1 86
196 13 355 1 87
200 14 371 1 88
199 14 278 1 89
200 14 295 1 90
203 14 314 1 91
202 14 326 1 92
205 14 332 1 93
207 13 340 1 94
209 14 322 1 95
211 14 346 1 96
210 14 307 1 97
212 14 272 1 98
215 14 282 1 99
220 14 353 1 100
219 13 375 1 101
218 14 276 1 102
221 13 332 1 103
221 14 312 1 104
222 14 295 1 105
226 13 344 1 106
224 14 279 1 107
229 14 289 1 108
233 13 337 1 109
235 14 354 1 110
239 13 374 1 111
247 13 348 1 112
243 13 308 1 113
243 13 320 1 114
245 14 289 1 115
245 14 276 1 116
251 13 326 1 117
251 14 344 1 118
250 13 373 1 119
252 14 355 1 120
252 13 384 1 121
259 14 290 1 122
259 14 322 1 123
260 13 346 1 124
262 13 360 1 125
264 13 368 1 126
263 14 272 1 127
266 14 327 1 128
265 14 302 1 129
268 14 289 1 130
271 13 374 1 131
270 14 314 1 132
274 13 365 1 133
269 14 283 1 134
272 13 331 1 135
278 13 339 1 136
276 14 286 1 137
275 14 295 1 138
281 13 348 1 139
282 13 366 1 140
289 13 332 1 141
290 13 341 1 142
288 13 319 1 143
284 13 383 1 144
286 14 299 1 145
294 13 323 1 146
292 13 361 1 147
289 14 291 1 148
299 13 332 1 149
294 13 381 1 150
302 13 343 1 151
296 14 304 1 152
304 13 263 1 153
304 13 300 1 154
311 13 279 1 155
312 13 285 1 156
313 13 311 1 157
316 13 336 1 158
315 13 259 1 159
312 13 384 1 160
315 13 294 1 161
312 13 369 1 162
314 13 353 1 163
319 13 323 1 164
319 13 304 1 165
321 13 269 1 166
322 13 277 1 167
320 13 340 1 168
322 13 356 1 169
322 13 364 1 170
326 13 259 1 171
328 13 322 1 172
328 13 385 1 173
329 13 375 1 174
333 13 259 1 175
335 13 301 1 176
335 13 289 1 177
331 13 339 1 178
337 13 347 1 179
339 13 365 1 180
339 13 387 1 181
341 13 282 1 182
344 13 271 1 183
342 13 334 1 184
348 13 350 1 185
354 13 308 1 186
354 13 265 1 187
353 13 385 1 188
350 13 327 1 189
354 13 261 1 190
354 13 342 1 191
355 13 372 1 192
356 13 335 1 193
361 13 283 1 194
360 13 272 1 195
360 13 362 1 196
361 13 321 1 197
363 13 374 1 198
365 13 387 1 199
364 13 300 1 200
370 13 275 1 201
371 13 267 1 202
369 13 325 1 203
370 13 335 1 204
371 13 357 1 205
370 13 300 1 206
377 13 365 1 207
378 13 283 1 208
381 13 305 1 209
381 13 342 1 210
379 13 330 1 211
383 13 373 1 212
382 13 356 1 213
56 -13 281 1 214
56 -13 317 1 215
58 -13 326 1 216
58 -13 379 1 217
58 -13 360 1 218
60 -13 290 1 219
64 -13 313 1 220
66 -13 258 1 221
66 -13 369 1 222
67 -13 357 1 223
68 -13 380 1 224
69 -13 343 1 225
69 -13 290 1 226
72 -13 269 1 227
75 -13 324 1 228
75 -13 334 1 229
77 -13 358 1 230
77 -13 306 1 231
82 -13 357 1 232
81 -13 270 1 233
81 -13 387 1 234
85 -13 309 1 235
82 -13 369 1 236
87 -13 328 1 237
89 -13 268 1 238
91 -13 279 1 239
91 -13 311 1 240
91 -13 294 1 241
91 -13 348 1 242
92 -13 372 1 243
94 -13 333 1 244
97 -13 366 1 245
97 -13 286 1 246
103 -13 268 1 247
102 -13 323 1 248
103 -13 348 1 249
105 -13 283 1 250
106 -13 366 1 251
107 -13 331 1 252
111 -13 270 1 253
110 -13 290 1 254
109 -13 365 1 255
112 -13 358 1 256
114 -13 381 1 257
115 -13 304 1 258
116 -13 350 1 259
116 -13 325 1 260
118 -13 280 1 261
120 -13 275 1 262
120 -13 315 1 263
123 -13 372 1 264
125 -13 364 1 265
128 -13 349 1 266
128 -13 284 1 267
127 -13 302 1 268
128 -13 320 1 269
135 -13 297 1 270
136 -13 259 1 271
136 -13 378 1 272
141 -13 348 1 273
142 -13 315 1 274
144 -13 301 1 275
145 -13 376 1 276
145 -13 349 1 277
149 -13 271 1 278
148 -13 289 1 279
150 -13 283 1 280
152 -13 314 1 281
152 -13 262 1 282
153 -13 379 1 283
155 -13 345 1 284
155 -13 372 1 285
158 -13 271 1 286
161 -13 365 1 287
163 -13 288 1 288
164 -13 262 1 289
166 -13 320 1 290
165 -13 384 1 291
168 -13 333 1 292
169 -13 354 1 293
173 -13 308 1 294
175 -13 344 1 295
181 -13 357 1 296
181 -13 283 1 297
181 -13 373 1 298
185 -13 303 1 299
186 -13 317 1 300
186 -13 290 1 301
186 -13 261 1 302
189 -13 364 1 303
193 -13 306 1 304
192 -13 374 1 305
195 -13 385 1 306
198 -13 291 1 307
202 -13 341 1 308
200 -13 359 1 309
206 -13 325 1 310
204 -13 371 1 311
207 -13 296 1 312
207 -13 357 1 313
211 -13 259 1 314
213 -13 288 1 315
214 -13 333 1 316
211 -13 383 1 317
213 -13 277 1 318
216 -13 357 1 319
222 -13 324 1 320
220 -13 386 1 321
224 -13 310 1 322
224 -13 268 1 323
225 -13 281 1 324
226 -13 296 1 325
229 -13 366 1 326
229 -13 384 1 327
233 -13 321 1 328
236 -13 306 1 329
235 -13 350 1 330
239 -13 336 1 331
241 -13 304 1 332
243 -13 359 1 333
241 -13 384 1 334
249 -13 267 1 335
251 -13 278 1 336
250 -13 298 1 337
255 -13 300 1 338
251 -13 330 1 339
253 -13 284 1 340
254 -13 354 1 341
260 -13 282 1 342
262 -13 260 1 343
263 -13 269 1 344
260 -13 300 1 345
262 -13 336 1 346
266 -13 363 1 347
263 -13 378 1 348
267 -13 283 1 349
269 -13 322 1 350
270 -13 350 1 351
277 -13 275 1 352
278 -13 283 1 353
281 -13 325 1 354
274 -13 387 1 355
285 -13 344 1 356
286 -13 294 1 357
284 -13 311 1 358
285 -13 333 1 359
291 -13 313 1 360
289 -13 292 1 361
290 -13 374 1 362
299 -13 342 1 363
295 -13 359 1 364
294 -13 373 1 365
300 -13 272 1 366
301 -13 298 1 367
302 -13 317 1 368
302 -13 262 1 369
307 -13 307 1 370
303 -13 297 1 371
308 -13 340 1 372
309 -13 351 1 373
309 -13 301 1 374
309 -13 317 1 375
309 -13 267 1 376
311 -13 333 1 377
312 -13 278 1 378
314 -13 368 1 379
314 -13 356 1 380
319 -13 264 1 381
320 -13 292 1 382
322 -13 320 1 383
322 -13 374 1 384
326 -13 282 1 385
333 -13 313 1 386
331 -13 289 1 387
332 -13 305 1 388
329 -13 357 1 389
330 -13 330 1 390
334 -13 297 1 391
333 -13 338 1 392
336 -13 367 1 393
339 -13 265 1 394
340 -13 271 1 395
341 -13 311 1 396
341 -13 374 1 397
341 -13 386 1 398
345 -13 286 1 399
341 -13 359 1 400
343 -13 320 1 401
345 -13 367 1 402
348 -13 302 1 403
349 -13 261 1 404
349 -13 351 1 405
352 -13 384 1 406
358 -13 360 1 407
356 -13 344 1 408
362 -13 270 1 409
357 -13 314 1 410
358 -13 358 1 411
360 -13 372 1 412
365 -13 258 1 413
362 -13 348 1 414
368 -13 287 1 415
369 -13 354 1 416
369 -13 276 1 417
376 -13 353 1 418
374 -13 375 1 419
375 -13 296 1 420
384 -13 327 1 421
385 -13 298 1 422
385 -13 306 1 423
386 -13 353 1 424
387 -13 280 1 425
387 -13 382 1 426
387 -13 270 1 427
