428
57 14 345 1 0
58 14 314 1 1
59 14 304 1 2
59 14 379 1 3
62 14 275 1 4
62 14 368 1 5
64 14 328 1 6
70 14 362 1 7
71 14 379 1 8
71 14 296 1 9
77 14 285 1 10
77 14 325 1 11
78 14 369 1 12
83 14 299 1 13
83 14 277 1 14
82 14 309 1 15
83 14 359 1 16
85 14 376 1 17
88 14 386 1 18
90 14 307 1 19
92 14 357 1 20
92 14 364 1 21
93 14 348 1 22
93 14 293 1 23
94 14 321 1 24
97 14 274 1 25
97 14 327 1 26
100 14 357 1 27
101 14 308 1 28
104 14 303 1 29
103 14 391 1 30
107 14 279 1 31
105 14 319 1 32
109 14 293 1 33
114 14 314 1 34
112 14 356 1 35
113 14 380 1 36
117 14 334 1 37
117 14 352 1 38
119 14 372 1 39
119 14 303 1 40
120 14 382 1 41
121 14 275 1 42
124 14 281 1 43
126 14 391 1 44
127 14 375 1 45
131 14 295 1 46
135 14 375 1 47
137 14 278 1 48
137 14 339 1 49
136 14 360 1 50
139 14 350 1 51
139 14 380 1 52
145 14 276 1 53
145 14 329 1 54
146 14 298 1 55
146 14 309 1 56
146 14 352 1 57
148 14 366 1 58
149 14 387 1 59
153 14 332 1 60
155 14 363 1 61
156 14 317 1 62
157 14 372 1 63
157 14 324 1 64
158 14 288 1 65
158 14 299 1 66
160 14 276 1 67
164 14 304 1 68
165 14 372 1 69
166 14 312 1 70
166 14 320 1 71
172 14 330 1 72
173 14 285 1 73
173 14 341 1 74
180 14 307 1 75
180 14 340 1 76
181 14 283 1 77
182 14 345 1 78
182 14 385 1 79
184 14 365 1 80
184 14 323 1 81
187 14 304 1 82
187 14 313 1 83
190 14 377 1 84
192 14 328 1 85
195 14 348 1 86
194 14 362 1 87
198 14 378 1 88
198 14 284 1 89
198 14 303 1 90
201 14 321 1 91
200 14 331 1 92
202 14 343 1 93
203 14 352 1 94
208 14 326 1 95
209 14 353 1 96
208 14 311 1 97
210 14 279 1 98
213 14 290 1 99
216 14 364 1 100
217 14 382 1 101
217 14 282 1 102
218 14 341 1 103
220 14 318 1 104
220 14 301 1 105
223 14 353 1 106
223 14 285 1 107
227 14 293 1 108
230 14 345 1 109
232 14 361 1 110
236 14 381 1 111
241 14 360 1 112
240 14 316 1 113
240 14 327 1 114
241 14 298 1 115
243 14 283 1 116
248 14 335 1 117
247 14 352 1 118
247 14 378 1 119
249 14 362 1 120
249 14 391 1 121
256 14 298 1 122
256 14 328 1 123
258 14 352 1 124
259 14 368 1 125
259 14 376 1 126
260 14 279 1 127
262 14 336 1 128
262 14 307 1 129
264 14 297 1 130
266 14 384 1 131
267 14 322 1 132
269 14 373 1 133
268 14 286 1 134
270 14 336 1 135
274 14 348 1 136
273 14 293 1 137
273 14 301 1 138
275 14 359 1 139
277 14 374 1 140
283 14 344 1 141
283 14 353 1 142
283 14 328 1 143
281 14 389 1 144
284 14 303 1 145
288 14 335 1 146
287 14 370 1 147
288 14 295 1 148
292 14 344 1 149
290 14 387 1 150
295 14 357 1 151
293 14 308 1 152
298 14 275 1 153
298 14 312 1 154
305 14 290 1 155
306 14 297 1 156
307 14 323 1 157
308 14 348 1 158
309 14 271 1 159
307 14 390 1 160
309 14 305 1 161
308 14 374 1 162
310 14 360 1 163
312 14 335 1 164
313 14 316 1 165
315 14 280 1 166
316 14 289 1 167
315 14 347 1 168
317 14 363 1 169
317 14 370 1 170
320 14 271 1 171
321 14 333 1 172
323 14 391 1 173
324 14 381 1 174
327 14 271 1 175
328 14 313 1 176
328 14 300 1 177
327 14 345 1 178
331 14 354 1 179
334 14 371 1 180
334 14 393 1 181
335 14 293 1 182
338 14 282 1 183
338 14 339 1 184
343 14 356 1 185
347 14 319 1 186
347 14 277 1 187
346 14 391 1 188
346 14 332 1 189
348 14 271 1 190
348 14 349 1 191
349 14 379 1 192
350 14 342 1 193
354 14 294 1 194
354 14 281 1 195
355 14 368 1 196
356 14 327 1 197
357 14 380 1 198
359 14 393 1 199
360 14 305 1 200
363 14 285 1 201
364 14 278 1 202
365 14 331 1 203
365 14 341 1 204
366 14 363 1 205
367 14 305 1 206
371 14 371 1 207
372 14 292 1 208
375 14 313 1 209
375 14 349 1 210
375 14 335 1 211
377 14 379 1 212
377 14 361 1 213
59 -14 291 1 214
59 -14 325 1 215
61 -14 333 1 216
61 -14 385 1 217
62 -14 367 1 218
64 -14 300 1 219
68 -14 324 1 220
69 -14 270 1 221
70 -14 376 1 222
71 -14 365 1 223
71 -14 386 1 224
73 -14 353 1 225
74 -14 303 1 226
76 -14 281 1 227
77 -14 329 1 228
78 -14 342 1 229
80 -14 367 1 230
82 -14 319 1 231
84 -14 362 1 232
84 -14 282 1 233
85 -14 393 1 234
87 -14 317 1 235
85 -14 378 1 236
89 -14 336 1 237
91 -14 281 1 238
94 -14 291 1 239
94 -14 321 1 240
94 -14 306 1 241
94 -14 357 1 242
94 -14 379 1 243
97 -14 344 1 244
98 -14 371 1 245
99 -14 299 1 246
105 -14 281 1 247
105 -14 336 1 248
106 -14 359 1 249
107 -14 295 1 250
107 -14 371 1 251
109 -14 344 1 252
112 -14 282 1 253
112 -14 303 1 254
112 -14 376 1 255
114 -14 369 1 256
116 -14 387 1 257
117 -14 317 1 258
117 -14 357 1 259
118 -14 339 1 260
119 -14 293 1 261
121 -14 286 1 262
121 -14 328 1 263
124 -14 380 1 264
126 -14 371 1 265
128 -14 357 1 266
129 -14 295 1 267
129 -14 316 1 268
130 -14 333 1 269
135 -14 308 1 270
136 -14 271 1 271
136 -14 384 1 272
141 -14 352 1 273
142 -14 327 1 274
144 -14 314 1 275
145 -14 382 1 276
145 -14 356 1 277
149 -14 283 1 278
148 -14 300 1 279
150 -14 293 1 280
151 -14 326 1 281
152 -14 274 1 282
152 -14 388 1 283
153 -14 359 1 284
154 -14 380 1 285
157 -14 283 1 286
161 -14 370 1 287
162 -14 299 1 288
163 -14 274 1 289
165 -14 334 1 290
164 -14 391 1 291
167 -14 346 1 292
168 -14 362 1 293
171 -14 322 1 294
174 -14 348 1 295
179 -14 365 1 296
180 -14 293 1 297
179 -14 378 1 298
183 -14 314 1 299
184 -14 332 1 300
184 -14 304 1 301
185 -14 273 1 302
187 -14 371 1 303
190 -14 318 1 304
190 -14 380 1 305
193 -14 391 1 306
196 -14 305 1 307
198 -14 354 1 308
197 -14 366 1 309
202 -14 337 1 310
201 -14 376 1 311
203 -14 309 1 312
205 -14 364 1 313
209 -14 271 1 314
209 -14 301 1 315
210 -14 345 1 316
209 -14 389 1 317
211 -14 287 1 318
214 -14 363 1 319
218 -14 339 1 320
219 -14 392 1 321
220 -14 321 1 322
220 -14 281 1 323
221 -14 294 1 324
221 -14 309 1 325
226 -14 372 1 326
227 -14 391 1 327
230 -14 329 1 328
232 -14 317 1 329
232 -14 359 1 330
235 -14 345 1 331
237 -14 313 1 332
238 -14 369 1 333
239 -14 390 1 334
244 -14 279 1 335
248 -14 288 1 336
247 -14 305 1 337
249 -14 313 1 338
247 -14 338 1 339
249 -14 294 1 340
252 -14 361 1 341
256 -14 292 1 342
257 -14 272 1 343
258 -14 281 1 344
257 -14 307 1 345
259 -14 344 1 346
261 -14 372 1 347
260 -14 384 1 348
263 -14 293 1 349
265 -14 333 1 350
267 -14 357 1 351
272 -14 287 1 352
272 -14 296 1 353
274 -14 338 1 354
271 -14 393 1 355
278 -14 356 1 356
280 -14 307 1 357
279 -14 321 1 358
280 -14 342 1 359
284 -14 325 1 360
284 -14 301 1 361
286 -14 383 1 362
292 -14 354 1 363
290 -14 368 1 364
290 -14 379 1 365
294 -14 283 1 366
294 -14 309 1 367
295 -14 330 1 368
296 -14 274 1 369
300 -14 319 1 370
299 -14 305 1 371
301 -14 352 1 372
302 -14 364 1 373
303 -14 312 1 374
303 -14 328 1 375
304 -14 277 1 376
305 -14 345 1 377
307 -14 287 1 378
309 -14 374 1 379
310 -14 361 1 380
313 -14 275 1 381
314 -14 305 1 382
316 -14 331 1 383
317 -14 380 1 384
320 -14 293 1 385
325 -14 325 1 386
325 -14 300 1 387
326 -14 316 1 388
324 -14 363 1 389
325 -14 337 1 390
328 -14 309 1 391
328 -14 346 1 392
331 -14 373 1 393
333 -14 275 1 394
333 -14 282 1 395
334 -14 322 1 396
335 -14 381 1 397
335 -14 392 1 398
338 -14 299 1 399
336 -14 365 1 400
339 -14 326 1 401
340 -14 373 1 402
342 -14 312 1 403
343 -14 273 1 404
344 -14 357 1 405
346 -14 391 1 406
351 -14 369 1 407
351 -14 351 1 408
355 -14 282 1 409
352 -14 320 1 410
353 -14 364 1 411
354 -14 378 1 412
358 -14 270 1 413
358 -14 355 1 414
361 -14 297 1 415
362 -14 362 1 416
363 -14 284 1 417
369 -14 360 1 418
368 -14 381 1 419
371 -14 301 1 420
378 -14 335 1 421
379 -14 306 1 422
379 -14 314 1 423
380 -14 359 1 424
380 -14 287 1 425
380 -14 388 1 426
381 -14 278 1 427
