428
48 12 329 1 0
49 12 292 1 1
50 12 282 1 2
50 12 363 1 3
53 12 251 1 4
53 12 353 1 5
54 12 306 1 6
59 12 341 1 7
63 12 365 1 8
60 12 268 1 9
71 12 264 1 10
70 12 307 1 11
72 12 357 1 12
76 12 275 1 13
76 12 247 1 14
70 12 276 1 15
76 12 340 1 16
77 12 354 1 17
82 12 371 1 18
84 12 282 1 19
87 12 342 1 20
85 12 348 1 21
89 12 334 1 22
87 12 265 1 23
90 12 302 1 24
94 14 257 1 25
91 12 298 1 26
96 12 342 1 27
95 12 281 1 28
101 14 282 1 29
98 12 375 1 30
105 14 266 1 31
99 12 286 1 32
107 14 280 1 33
111 14 292 1 34
106 12 322 1 35
109 12 362 1 36
114 14 313 1 37
114 14 333 1 38
116 14 354 1 39
116 14 284 1 40
117 14 361 1 41
118 14 258 1 42
121 14 262 1 43
123 12 375 1 44
126 12 362 1 45
129 12 263 1 46
134 12 354 1 47
137 14 262 1 48
137 14 317 1 49
134 12 326 1 50
139 14 324 1 51
139 14 355 1 52
145 14 258 1 53
145 14 317 1 54
147 14 283 1 55
147 14 287 1 56
146 12 334 1 57
149 12 347 1 58
150 12 372 1 59
153 14 319 1 60
158 14 344 1 61
157 14 301 1 62
160 14 352 1 63
160 14 306 1 64
159 14 268 1 65
159 14 289 1 66
163 14 258 1 67
167 14 284 1 68
168 14 351 1 69
169 14 294 1 70
169 14 299 1 71
175 14 312 1 72
176 14 270 1 73
176 12 325 1 74
184 12 279 1 75
183 12 324 1 76
182 14 270 1 77
187 14 323 1 78
187 12 364 1 79
192 12 330 1 80
189 14 301 1 81
192 14 283 1 82
191 14 293 1 83
193 12 364 1 84
195 14 315 1 85
203 12 314 1 86
199 12 345 1 87
204 14 359 1 88
201 14 270 1 89
203 14 282 1 90
205 14 302 1 91
203 14 318 1 92
210 14 317 1 93
213 12 321 1 94
212 14 314 1 95
215 14 336 1 96
211 14 301 1 97
214 14 261 1 98
218 14 270 1 99
226 14 336 1 100
223 12 364 1 101
220 14 268 1 102
226 12 319 1 103
225 14 304 1 104
225 14 286 1 105
232 12 331 1 106
227 14 271 1 107
231 14 281 1 108
238 12 326 1 109
239 14 344 1 110
243 12 364 1 111
255 12 329 1 112
248 12 297 1 113
247 12 309 1 114
250 14 277 1 115
249 14 265 1 116
257 12 313 1 117
256 14 333 1 118
254 12 364 1 119
256 14 345 1 120
257 12 375 1 121
265 14 277 1 122
263 14 312 1 123
265 12 337 1 124
268 12 350 1 125
270 12 356 1 126
268 14 260 1 127
271 14 315 1 128
268 14 295 1 129
273 14 278 1 130
280 12 359 1 131
275 14 304 1 132
280 12 352 1 133
272 14 277 1 134
276 12 323 1 135
286 12 325 1 136
281 14 276 1 137
279 14 286 1 138
289 12 332 1 139
288 12 353 1 140
299 12 315 1 141
300 12 322 1 142
296 12 304 1 143
289 12 374 1 144
290 14 293 1 145
304 12 306 1 146
298 12 349 1 147
291 14 285 1 148
309 12 314 1 149
300 12 372 1 150
313 12 324 1 151
299 14 297 1 152
313 12 245 1 153
314 12 282 1 154
320 12 263 1 155
322 12 268 1 156
322 12 294 1 157
326 12 317 1 158
324 12 242 1 159
319 12 375 1 160
324 12 278 1 161
318 12 361 1 162
322 12 343 1 163
329 12 304 1 164
329 12 286 1 165
331 12 252 1 166
332 12 260 1 167
328 12 329 1 168
329 12 346 1 169
329 12 355 1 170
335 12 242 1 171
338 12 305 1 172
335 12 376 1 173
335 12 367 1 174
343 12 242 1 175
345 12 283 1 176
344 12 272 1 177
338 12 330 1 178
345 12 338 1 179
347 12 355 1 180
346 12 378 1 181
350 12 266 1 182
353 12 255 1 183
349 12 326 1 184
356 12 340 1 185
366 12 292 1 186
364 12 247 1 187
362 12 376 1 188
355 12 320 1 189
363 12 245 1 190
362 12 331 1 191
364 12 362 1 192
364 12 324 1 193
372 12 267 1 194
368 12 259 1 195
368 12 352 1 196
369 12 312 1 197
372 12 365 1 198
375 12 378 1 199
370 12 292 1 200
380 12 260 1 201
381 12 250 1 202
377 12 316 1 203
377 12 326 1 204
379 12 349 1 205
376 12 294 1 206
387 12 356 1 207
388 12 271 1 208
391 12 294 1 209
391 12 332 1 210
385 12 322 1 211
392 12 364 1 212
390 12 348 1 213
50 -12 267 1 214
50 -12 306 1 215
52 -12 314 1 216
52 -12 370 1 217
53 -12 351 1 218
54 -12 274 1 219
58 -12 298 1 220
60 -12 241 1 221
59 -12 357 1 222
60 -12 345 1 223
62 -12 371 1 224
62 -12 328 1 225
63 -12 272 1 226
67 -12 251 1 227
71 -12 315 1 228
70 -12 322 1 229
71 -12 345 1 230
70 -12 286 1 231
80 -12 350 1 232
76 -12 252 1 233
76 -12 378 1 234
82 -12 298 1 235
76 -12 356 1 236
83 -12 316 1 237
85 -12 250 1 238
87 -12 261 1 239
88 -12 297 1 240
87 -12 276 1 241
86 -12 335 1 242
87 -12 361 1 243
90 -12 317 1 244
95 -12 358 1 245
93 -12 266 1 246
99 -12 250 1 247
98 -12 303 1 248
100 -12 332 1 249
101 -12 266 1 250
104 -12 358 1 251
103 -12 311 1 252
109 -12 252 1 253
107 -12 270 1 254
106 -12 349 1 255
108 -12 342 1 256
113 -12 372 1 257
113 -12 285 1 258
114 -12 340 1 259
112 -12 305 1 260
116 -12 261 1 261
118 -12 258 1 262
118 -12 295 1 263
121 -12 360 1 264
124 -12 352 1 265
127 -12 339 1 266
127 -12 268 1 267
126 -12 282 1 268
127 -12 301 1 269
134 -12 281 1 270
135 -12 242 1 271
135 -12 369 1 272
141 -12 341 1 273
142 -12 297 1 274
144 -12 280 1 275
145 -12 368 1 276
144 -12 338 1 277
149 -12 253 1 278
148 -12 273 1 279
151 -12 267 1 280
153 -12 296 1 281
153 -12 244 1 282
154 -12 366 1 283
156 -12 325 1 284
157 -12 360 1 285
159 -12 253 1 286
162 -12 358 1 287
165 -12 273 1 288
166 -12 244 1 289
168 -12 298 1 290
166 -12 375 1 291
170 -12 314 1 292
170 -12 344 1 293
175 -12 287 1 294
177 -12 338 1 295
183 -12 345 1 296
183 -12 267 1 297
182 -12 364 1 298
188 -12 286 1 299
190 -12 295 1 300
189 -12 271 1 301
189 -12 244 1 302
191 -12 353 1 303
196 -12 289 1 304
194 -12 366 1 305
199 -12 376 1 306
202 -12 272 1 307
207 -12 322 1 308
203 -12 348 1 309
211 -12 307 1 310
207 -12 363 1 311
212 -12 276 1 312
211 -12 347 1 313
215 -12 242 1 314
218 -12 268 1 315
220 -12 315 1 316
215 -12 374 1 317
218 -12 262 1 318
220 -12 347 1 319
230 -12 302 1 320
224 -12 377 1 321
230 -12 293 1 322
229 -12 250 1 323
231 -12 262 1 324
233 -12 276 1 325
233 -12 356 1 326
233 -12 375 1 327
238 -12 308 1 328
241 -12 290 1 329
241 -12 337 1 330
244 -12 322 1 331
246 -12 292 1 332
250 -12 344 1 333
245 -12 375 1 334
256 -12 249 1 335
257 -12 264 1 336
255 -12 286 1 337
264 -12 279 1 338
256 -12 319 1 339
259 -12 269 1 340
258 -12 345 1 341
267 -12 267 1 342
268 -12 243 1 343
270 -12 251 1 344
264 -12 290 1 345
267 -12 325 1 346
274 -12 348 1 347
268 -12 369 1 348
274 -12 268 1 349
277 -12 306 1 350
276 -12 340 1 351
285 -12 256 1 352
287 -12 264 1 353
292 -12 304 1 354
279 -12 378 1 355
295 -12 325 1 356
295 -12 274 1 357
292 -12 296 1 358
292 -12 319 1 359
301 -12 294 1 360
295 -12 279 1 361
298 -12 360 1 362
309 -12 323 1 363
302 -12 346 1 364
299 -12 365 1 365
309 -12 256 1 366
310 -12 282 1 367
312 -12 299 1 368
311 -12 244 1 369
317 -12 289 1 370
310 -12 286 1 371
318 -12 321 1 372
321 -12 331 1 373
318 -12 283 1 374
318 -12 300 1 375
317 -12 252 1 376
321 -12 315 1 377
321 -12 263 1 378
322 -12 359 1 379
319 -12 349 1 380
328 -12 248 1 381
330 -12 274 1 382
332 -12 303 1 383
330 -12 364 1 384
335 -12 266 1 385
343 -12 294 1 386
340 -12 273 1 387
341 -12 288 1 388
336 -12 348 1 389
337 -12 320 1 390
344 -12 280 1 391
341 -12 328 1 392
344 -12 357 1 393
347 -12 249 1 394
349 -12 254 1 395
351 -12 296 1 396
350 -12 363 1 397
349 -12 377 1 398
357 -12 266 1 399
348 -12 350 1 400
349 -12 311 1 401
353 -12 357 1 402
358 -12 288 1 403
358 -12 244 1 404
357 -12 341 1 405
360 -12 375 1 406
369 -12 347 1 407
365 -12 335 1 408
373 -12 253 1 409
364 -12 305 1 410
366 -12 348 1 411
369 -12 363 1 412
376 -12 241 1 413
370 -12 339 1 414
379 -12 272 1 415
379 -12 342 1 416
378 -12 263 1 417
385 -12 343 1 418
382 -12 367 1 419
381 -12 289 1 420
393 -12 316 1 421
394 -12 286 1 422
394 -12 296 1 423
395 -12 344 1 424
396 -12 268 1 425
396 -12 373 1 426
396 -12 257 1 427
