428
47 12 326 1 0
48 12 289 1 1
49 12 279 1 2
49 12 361 1 3
51 12 248 1 4
51 12 351 1 5
53 12 302 1 6
58 12 338 1 7
62 12 363 1 8
59 12 264 1 9
71 12 261 1 10
69 12 304 1 11
71 12 355 1 12
76 12 272 1 13
75 12 243 1 14
68 12 271 1 15
75 12 338 1 16
76 12 351 1 17
81 12 369 1 18
83 12 278 1 19
86 12 340 1 20
85 12 346 1 21
88 12 332 1 22
86 12 261 1 23
89 12 299 1 24
94 14 255 1 25
90 12 294 1 26
96 12 340 1 27
94 12 277 1 28
100 14 279 1 29
97 12 373 1 30
105 14 265 1 31
98 12 282 1 32
107 14 279 1 33
110 14 288 1 34
105 12 318 1 35
108 12 359 1 36
113 14 310 1 37
113 14 331 1 38
115 14 351 1 39
116 14 282 1 40
117 14 359 1 41
118 14 256 1 42
120 14 260 1 43
123 12 373 1 44
125 12 360 1 45
129 12 258 1 46
134 12 351 1 47
137 14 260 1 48
137 14 314 1 49
133 12 321 1 50
139 14 321 1 51
139 14 351 1 52
145 14 255 1 53
145 14 315 1 54
147 14 281 1 55
148 14 283 1 56
146 12 331 1 57
150 12 344 1 58
150 12 370 1 59
154 14 317 1 60
158 14 342 1 61
157 14 298 1 62
160 14 349 1 63
160 14 303 1 64
160 14 265 1 65
159 14 288 1 66
163 14 255 1 67
168 14 281 1 68
168 14 348 1 69
169 14 292 1 70
170 14 296 1 71
175 14 310 1 72
176 14 268 1 73
177 12 323 1 74
185 12 275 1 75
184 12 321 1 76
183 14 268 1 77
188 14 319 1 78
187 12 361 1 79
193 12 325 1 80
190 14 298 1 81
192 14 280 1 82
192 14 290 1 83
193 12 362 1 84
196 14 313 1 85
204 12 310 1 86
200 12 342 1 87
205 14 357 1 88
201 14 268 1 89
203 14 279 1 90
206 14 300 1 91
204 14 316 1 92
211 14 313 1 93
214 12 316 1 94
213 14 313 1 95
216 14 334 1 96
212 14 299 1 97
215 14 258 1 98
219 14 267 1 99
227 14 332 1 100
224 12 361 1 101
220 14 266 1 102
227 12 316 1 103
225 14 302 1 104
226 14 284 1 105
233 12 327 1 106
228 14 269 1 107
232 14 279 1 108
239 12 323 1 109
241 14 341 1 110
244 12 361 1 111
257 12 325 1 112
249 12 294 1 113
248 12 307 1 114
251 14 274 1 115
250 14 262 1 116
258 12 310 1 117
257 14 330 1 118
255 12 362 1 119
257 14 342 1 120
258 12 373 1 121
267 14 275 1 122
264 14 310 1 123
266 12 335 1 124
269 12 347 1 125
272 12 353 1 126
269 14 258 1 127
273 14 312 1 128
269 14 293 1 129
275 14 275 1 130
282 12 356 1 131
276 14 301 1 132
282 12 349 1 133
273 14 276 1 134
277 12 321 1 135
288 12 322 1 136
282 14 273 1 137
280 14 284 1 138
291 12 328 1 139
290 12 350 1 140
301 12 310 1 141
303 12 318 1 142
298 12 301 1 143
291 12 372 1 144
290 14 292 1 145
306 12 301 1 146
300 12 346 1 147
292 14 284 1 148
311 12 309 1 149
301 12 370 1 150
315 12 319 1 151
300 14 296 1 152
316 12 241 1 153
317 12 278 1 154
322 12 259 1 155
324 12 263 1 156
325 12 290 1 157
329 12 312 1 158
327 12 238 1 159
321 12 372 1 160
326 12 274 1 161
320 12 359 1 162
324 12 340 1 163
331 12 300 1 164
332 12 281 1 165
333 12 247 1 166
334 12 256 1 167
329 12 326 1 168
331 12 344 1 169
331 12 353 1 170
338 12 238 1 171
341 12 300 1 172
337 12 374 1 173
337 12 365 1 174
345 12 238 1 175
347 12 279 1 176
346 12 268 1 177
339 12 328 1 178
347 12 335 1 179
349 12 353 1 180
348 12 376 1 181
352 12 262 1 182
356 12 251 1 183
351 12 324 1 184
358 12 338 1 185
369 12 288 1 186
366 12 243 1 187
364 12 374 1 188
357 12 318 1 189
365 12 241 1 190
364 12 329 1 191
366 12 360 1 192
366 12 322 1 193
374 12 263 1 194
370 12 256 1 195
370 12 350 1 196
370 12 309 1 197
374 12 362 1 198
378 12 376 1 199
372 12 290 1 200
383 12 256 1 201
384 12 247 1 202
378 12 314 1 203
379 12 324 1 204
380 12 347 1 205
377 12 292 1 206
389 12 354 1 207
390 12 268 1 208
393 12 291 1 209
393 12 330 1 210
387 12 320 1 211
394 12 361 1 212
392 12 346 1 213
49 -12 264 1 214
49 -12 303 1 215
50 -12 311 1 216
50 -12 368 1 217
51 -12 348 1 218
53 -12 270 1 219
56 -12 294 1 220
59 -12 237 1 221
58 -12 355 1 222
59 -12 342 1 223
60 -12 369 1 224
60 -12 325 1 225
61 -12 268 1 226
66 -12 247 1 227
71 -12 313 1 228
68 -12 319 1 229
70 -12 342 1 230
68 -12 281 1 231
79 -12 348 1 232
74 -12 248 1 233
75 -12 376 1 234
82 -12 296 1 235
75 -12 353 1 236
82 -12 313 1 237
84 -12 246 1 238
87 -12 257 1 239
87 -12 294 1 240
86 -12 271 1 241
85 -12 331 1 242
86 -12 358 1 243
89 -12 313 1 244
94 -12 357 1 245
93 -12 262 1 246
99 -12 246 1 247
97 -12 298 1 248
99 -12 328 1 249
101 -12 261 1 250
104 -12 357 1 251
102 -12 306 1 252
108 -12 248 1 253
106 -12 265 1 254
105 -12 345 1 255
107 -12 338 1 256
112 -12 370 1 257
112 -12 280 1 258
113 -12 338 1 259
111 -12 300 1 260
116 -12 257 1 261
118 -12 254 1 262
117 -12 290 1 263
121 -12 357 1 264
123 -12 349 1 265
127 -12 336 1 266
127 -12 264 1 267
125 -12 277 1 268
126 -12 296 1 269
134 -12 277 1 270
135 -12 238 1 271
135 -12 367 1 272
141 -12 340 1 273
142 -12 292 1 274
143 -12 275 1 275
145 -12 366 1 276
144 -12 335 1 277
149 -12 248 1 278
148 -12 269 1 279
151 -12 263 1 280
154 -12 292 1 281
153 -12 240 1 282
154 -12 363 1 283
157 -12 321 1 284
157 -12 357 1 285
159 -12 248 1 286
162 -12 356 1 287
166 -12 269 1 288
166 -12 240 1 289
169 -12 293 1 290
167 -12 373 1 291
170 -12 309 1 292
171 -12 341 1 293
176 -12 282 1 294
177 -12 337 1 295
184 -12 343 1 296
183 -12 263 1 297
183 -12 362 1 298
189 -12 282 1 299
191 -12 290 1 300
190 -12 266 1 301
189 -12 239 1 302
192 -12 350 1 303
197 -12 285 1 304
195 -12 364 1 305
199 -12 374 1 306
203 -12 267 1 307
209 -12 318 1 308
204 -12 346 1 309
212 -12 303 1 310
208 -12 361 1 311
213 -12 271 1 312
212 -12 344 1 313
216 -12 238 1 314
220 -12 263 1 315
221 -12 310 1 316
216 -12 372 1 317
219 -12 258 1 318
220 -12 344 1 319
232 -12 297 1 320
225 -12 375 1 321
231 -12 289 1 322
231 -12 246 1 323
232 -12 258 1 324
234 -12 271 1 325
234 -12 354 1 326
234 -12 373 1 327
239 -12 305 1 328
243 -12 286 1 329
242 -12 333 1 330
246 -12 319 1 331
247 -12 289 1 332
251 -12 340 1 333
246 -12 372 1 334
257 -12 244 1 335
258 -12 260 1 336
256 -12 284 1 337
266 -12 274 1 338
257 -12 316 1 339
261 -12 266 1 340
259 -12 343 1 341
268 -12 264 1 342
270 -12 238 1 343
272 -12 247 1 344
265 -12 287 1 345
268 -12 322 1 346
276 -12 344 1 347
269 -12 367 1 348
275 -12 265 1 349
279 -12 302 1 350
277 -12 337 1 351
287 -12 252 1 352
289 -12 259 1 353
295 -12 299 1 354
280 -12 376 1 355
298 -12 320 1 356
297 -12 269 1 357
293 -12 293 1 358
294 -12 316 1 359
303 -12 290 1 360
297 -12 275 1 361
299 -12 357 1 362
311 -12 319 1 363
304 -12 343 1 364
300 -12 363 1 365
311 -12 252 1 366
312 -12 278 1 367
314 -12 295 1 368
313 -12 240 1 369
319 -12 285 1 370
311 -12 283 1 371
320 -12 317 1 372
324 -12 326 1 373
320 -12 279 1 374
320 -12 296 1 375
319 -12 248 1 376
323 -12 310 1 377
323 -12 260 1 378
323 -12 357 1 379
320 -12 347 1 380
330 -12 244 1 381
332 -12 270 1 382
334 -12 299 1 383
332 -12 362 1 384
337 -12 262 1 385
346 -12 290 1 386
343 -12 269 1 387
343 -12 284 1 388
338 -12 346 1 389
338 -12 318 1 390
347 -12 275 1 391
343 -12 325 1 392
346 -12 355 1 393
349 -12 245 1 394
351 -12 250 1 395
353 -12 292 1 396
352 -12 360 1 397
351 -12 375 1 398
359 -12 262 1 399
350 -12 348 1 400
351 -12 309 1 401
355 -12 354 1 402
360 -12 284 1 403
361 -12 239 1 404
359 -12 339 1 405
362 -12 373 1 406
372 -12 344 1 407
367 -12 332 1 408
375 -12 249 1 409
366 -12 303 1 410
368 -12 346 1 411
371 -12 360 1 412
379 -12 237 1 413
371 -12 337 1 414
381 -12 268 1 415
382 -12 339 1 416
380 -12 260 1 417
388 -12 341 1 418
384 -12 365 1 419
383 -12 287 1 420
395 -12 313 1 421
396 -12 283 1 422
396 -12 293 1 423
397 -12 342 1 424
398 -12 266 1 425
398 -12 371 1 426
399 -12 254 1 427
