428
35 10 304 1 0
35 10 259 1 1
36 10 248 1 2
36 10 341 1 3
38 10 215 1 4
38 10 330 1 5
40 10 272 1 6
44 10 309 1 7
51 10 345 1 8
44 10 226 1 9
63 10 232 1 10
60 10 279 1 11
63 10 338 1 12
67 10 240 1 13
66 10 202 1 14
52 10 225 1 15
66 10 313 1 16
65 10 323 1 17
73 10 349 1 18
75 10 243 1 19
79 10 320 1 20
76 10 325 1 21
83 10 312 1 22
77 10 223 1 23
83 10 273 1 24
90 13 232 1 25
81 10 255 1 26
90 10 319 1 27
86 10 240 1 28
97 13 251 1 29
90 10 353 1 30
103 13 247 1 31
90 10 238 1 32
104 13 261 1 33
106 13 258 1 34
96 10 272 1 35
103 10 334 1 36
110 13 281 1 37
110 13 306 1 38
111 13 327 1 39
112 13 256 1 40
113 13 331 1 41
113 13 233 1 42
116 13 234 1 43
119 10 353 1 44
123 10 342 1 45
126 10 215 1 46
133 10 324 1 47
137 13 238 1 48
137 13 285 1 49
131 10 276 1 50
139 13 286 1 51
140 13 318 1 52
145 13 231 1 53
145 13 298 1 54
148 13 262 1 55
149 13 253 1 56
147 10 307 1 57
151 10 318 1 58
152 10 350 1 59
154 13 299 1 60
162 13 317 1 61
158 13 276 1 62
164 13 322 1 63
163 13 279 1 64
161 13 238 1 65
161 13 275 1 66
166 13 231 1 67
172 13 254 1 68
172 13 319 1 69
173 13 268 1 70
174 13 268 1 71
178 13 286 1 72
179 13 247 1 73
180 10 301 1 74
190 10 238 1 75
188 10 299 1 76
185 13 250 1 77
195 13 289 1 78
194 10 332 1 79
204 10 278 1 80
196 13 268 1 81
198 13 251 1 82
198 13 263 1 83
197 10 343 1 84
200 13 294 1 85
215 10 265 1 86
206 10 319 1 87
214 13 331 1 88
205 13 249 1 89
210 13 250 1 90
211 13 274 1 91
208 13 299 1 92
220 13 278 1 93
227 10 274 1 94
218 13 296 1 95
223 13 311 1 96
216 13 285 1 97
220 13 233 1 98
225 13 240 1 99
241 13 294 1 100
233 10 337 1 101
225 13 247 1 102
238 10 286 1 103
233 13 283 1 104
233 13 264 1 105
246 10 297 1 106
233 13 251 1 107
238 13 263 1 108
250 10 296 1 109
251 13 318 1 110
254 10 338 1 111
276 10 283 1 112
259 10 268 1 113
258 10 282 1 114
262 13 245 1 115
258 13 238 1 116
271 10 282 1 117
269 13 303 1 118
264 10 344 1 119
267 13 319 1 120
269 10 353 1 121
279 13 247 1 122
273 13 289 1 123
275 10 316 1 124
281 10 323 1 125
287 10 326 1 126
279 13 232 1 127
285 13 284 1 128
276 13 276 1 129
287 13 249 1 130
300 10 322 1 131
286 13 277 1 132
297 10 322 1 133
278 13 263 1 134
286 10 302 1 135
304 10 292 1 136
293 13 250 1 137
288 13 265 1 138
311 10 292 1 139
305 10 321 1 140
323 10 271 1 141
326 10 276 1 142
316 10 268 1 143
302 10 351 1 144
298 13 278 1 145
327 10 262 1 146
315 10 317 1 147
297 13 272 1 148
334 10 267 1 149
314 10 350 1 150
339 10 274 1 151
307 13 282 1 152
337 10 201 1 153
339 10 238 1 154
343 10 222 1 155
346 10 224 1 156
346 10 251 1 157
353 10 270 1 158
348 10 198 1 159
337 10 352 1 160
346 10 238 1 161
334 10 341 1 162
340 10 317 1 163
354 10 258 1 164
354 10 241 1 165
354 10 209 1 166
355 10 217 1 167
346 10 301 1 168
348 10 321 1 169
348 10 332 1 170
359 10 198 1 171
364 10 262 1 172
354 10 353 1 173
352 10 346 1 174
367 10 198 1 175
370 10 239 1 176
366 10 230 1 177
354 10 307 1 178
366 10 313 1 179
367 10 332 1 180
365 10 355 1 181
373 10 225 1 182
376 10 213 1 183
365 10 306 1 184
375 10 316 1 185
394 10 252 1 186
388 10 202 1 187
384 10 353 1 188
370 10 302 1 189
384 10 207 1 190
384 10 305 1 191
385 10 338 1 192
385 10 298 1 193
399 10 225 1 194
388 10 227 1 195
388 10 329 1 196
388 10 288 1 197
395 10 341 1 198
400 10 355 1 199
386 10 273 1 200
406 10 222 1 201
407 10 210 1 202
395 10 294 1 203
395 10 304 1 204
398 10 327 1 205
390 10 277 1 206
411 10 333 1 207
412 10 240 1 208
414 10 265 1 209
414 10 307 1 210
401 10 302 1 211
415 10 341 1 212
410 10 328 1 213
36 -10 232 1 214
36 -10 276 1 215
38 -10 285 1 216
38 -10 348 1 217
38 -10 326 1 218
40 -10 235 1 219
42 -10 259 1 220
47 -10 198 1 221
44 -10 329 1 222
44 -10 314 1 223
48 -10 349 1 224
46 -10 292 1 225
46 -10 227 1 226
54 -10 206 1 227
63 -10 295 1 228
57 -10 292 1 229
57 -10 312 1 230
52 -10 236 1 231
73 -10 332 1 232
63 -10 206 1 233
64 -10 355 1 234
75 -10 271 1 235
62 -10 323 1 236
74 -10 285 1 237
75 -10 205 1 238
78 -10 217 1 239
80 -10 262 1 240
77 -10 229 1 241
74 -10 301 1 242
77 -10 333 1 243
80 -10 276 1 244
90 -10 339 1 245
84 -10 218 1 246
91 -10 205 1 247
88 -10 254 1 248
91 -10 291 1 249
93 -10 222 1 250
100 -10 339 1 251
93 -10 262 1 252
103 -10 206 1 253
100 -10 221 1 254
97 -10 309 1 255
99 -10 301 1 256
109 -10 350 1 257
107 -10 237 1 258
109 -10 315 1 259
104 -10 253 1 260
112 -10 214 1 261
114 -10 217 1 262
112 -10 246 1 263
117 -10 331 1 264
120 -10 324 1 265
125 -10 312 1 266
124 -10 227 1 267
121 -10 230 1 268
122 -10 253 1 269
133 -10 239 1 270
133 -10 198 1 271
133 -10 348 1 272
140 -10 326 1 273
141 -10 252 1 274
143 -10 229 1 275
146 -10 347 1 276
143 -10 310 1 277
149 -10 207 1 278
148 -10 233 1 279
152 -10 229 1 280
157 -10 252 1 281
155 -10 200 1 282
157 -10 335 1 283
161 -10 276 1 284
161 -10 331 1 285
162 -10 207 1 286
164 -10 339 1 287
169 -10 233 1 288
169 -10 200 1 289
174 -10 243 1 290
170 -10 353 1 291
175 -10 266 1 292
174 -10 317 1 293
181 -10 234 1 294
180 -10 323 1 295
190 -10 316 1 296
187 -10 229 1 297
187 -10 344 1 298
196 -10 244 1 299
200 -10 241 1 300
197 -10 221 1 301
194 -10 200 1 302
198 -10 325 1 303
205 -10 246 1 304
201 -10 345 1 305
207 -10 353 1 306
212 -10 222 1 307
221 -10 275 1 308
212 -10 322 1 309
223 -10 261 1 310
216 -10 343 1 311
223 -10 225 1 312
220 -10 321 1 313
223 -10 198 1 314
231 -10 219 1 315
234 -10 269 1 316
223 -10 351 1 317
227 -10 224 1 318
228 -10 322 1 319
250 -10 247 1 320
234 -10 354 1 321
244 -10 252 1 322
242 -10 205 1 323
246 -10 215 1 324
250 -10 225 1 325
243 -10 333 1 326
243 -10 353 1 327
250 -10 278 1 328
256 -10 249 1 329
255 -10 303 1 330
259 -10 288 1 331
259 -10 260 1 332
267 -10 305 1 333
255 -10 352 1 334
273 -10 204 1 335
270 -10 228 1 336
266 -10 258 1 337
286 -10 228 1 338
269 -10 289 1 339
275 -10 232 1 340
268 -10 323 1 341
282 -10 230 1 342
285 -10 199 1 343
289 -10 206 1 344
275 -10 264 1 345
279 -10 296 1 346
295 -10 311 1 347
280 -10 348 1 348
289 -10 232 1 349
295 -10 265 1 350
290 -10 314 1 351
305 -10 210 1 352
309 -10 216 1 353
320 -10 253 1 354
291 -10 355 1 355
321 -10 278 1 356
317 -10 224 1 357
311 -10 260 1 358
311 -10 285 1 359
326 -10 248 1 360
312 -10 245 1 361
316 -10 326 1 362
334 -10 277 1 363
320 -10 313 1 364
311 -10 345 1 365
332 -10 214 1 366
332 -10 241 1 367
336 -10 254 1 368
333 -10 200 1 369
342 -10 243 1 370
326 -10 256 1 371
343 -10 275 1 372
349 -10 282 1 373
341 -10 241 1 374
341 -10 258 1 375
338 -10 214 1 376
344 -10 270 1 377
341 -10 227 1 378
341 -10 336 1 379
332 -10 332 1 380
350 -10 208 1 381
354 -10 229 1 382
355 -10 260 1 383
351 -10 340 1 384
358 -10 225 1 385
370 -10 248 1 386
363 -10 232 1 387
364 -10 246 1 388
354 -10 325 1 389
354 -10 295 1 390
369 -10 236 1 391
361 -10 301 1 392
363 -10 334 1 393
368 -10 210 1 394
371 -10 212 1 395
375 -10 256 1 396
371 -10 336 1 397
370 -10 354 1 398
385 -10 218 1 399
366 -10 328 1 400
364 -10 288 1 401
373 -10 332 1 402
382 -10 251 1 403
382 -10 200 1 404
377 -10 318 1 405
381 -10 353 1 406
397 -10 315 1 407
385 -10 310 1 408
400 -10 210 1 409
382 -10 283 1 410
386 -10 325 1 411
391 -10 339 1 412
403 -10 198 1 413
388 -10 317 1 414
405 -10 234 1 415
405 -10 313 1 416
399 -10 231 1 417
410 -10 318 1 418
403 -10 346 1 419
397 -10 270 1 420
416 -10 287 1 421
417 -10 257 1 422
417 -10 269 1 423
418 -10 321 1 424
418 -10 240 1 425
418 -10 351 1 426
419 -10 227 1 427
