428
51 13 332 1 0
51 13 297 1 1
52 13 287 1 2
52 13 367 1 3
55 13 257 1 4
55 13 357 1 5
57 13 311 1 6
62 13 346 1 7
65 13 368 1 8
63 13 275 1 9
73 13 268 1 10
72 13 311 1 11
74 13 360 1 12
78 13 281 1 13
78 13 254 1 14
72 13 284 1 15
78 13 345 1 16
79 13 359 1 17
84 13 375 1 18
86 13 287 1 19
88 13 345 1 20
87 13 352 1 21
90 13 337 1 22
88 13 271 1 23
91 13 306 1 24
95 14 261 1 25
92 13 305 1 26
97 13 345 1 27
96 13 287 1 28
102 14 287 1 29
99 13 379 1 30
106 14 269 1 31
101 13 294 1 32
107 14 283 1 33
111 14 297 1 34
107 13 330 1 35
110 13 366 1 36
115 14 318 1 37
115 14 338 1 38
116 14 358 1 39
117 14 289 1 40
118 14 366 1 41
119 14 262 1 42
122 14 267 1 43
124 13 379 1 44
126 13 365 1 45
130 13 270 1 46
134 13 359 1 47
137 14 266 1 48
137 14 323 1 49
134 13 334 1 50
139 14 330 1 51
139 14 361 1 52
145 14 262 1 53
145 14 320 1 54
146 14 287 1 55
147 14 292 1 56
146 13 338 1 57
149 13 351 1 58
150 13 375 1 59
153 14 322 1 60
157 14 349 1 61
156 14 305 1 62
159 14 356 1 63
159 14 310 1 64
159 14 273 1 65
159 14 292 1 66
162 14 262 1 67
167 14 289 1 68
167 14 356 1 69
168 14 298 1 70
169 14 304 1 71
174 14 316 1 72
175 14 274 1 73
175 13 329 1 74
183 13 286 1 75
183 13 328 1 76
182 14 273 1 77
186 14 328 1 78
186 13 369 1 79
190 13 338 1 80
188 14 306 1 81
190 14 288 1 82
190 14 298 1 83
192 13 367 1 84
195 14 318 1 85
201 13 322 1 86
198 13 349 1 87
203 14 364 1 88
200 14 273 1 89
202 14 287 1 90
204 14 307 1 91
203 14 321 1 92
208 14 323 1 93
211 13 328 1 94
211 14 317 1 95
213 14 340 1 96
211 14 303 1 97
213 14 265 1 98
217 14 275 1 99
223 14 343 1 100
221 13 368 1 101
220 14 271 1 102
224 13 324 1 103
223 14 307 1 104
224 14 290 1 105
230 13 336 1 106
226 14 274 1 107
230 14 284 1 108
236 13 330 1 109
238 14 348 1 110
241 13 368 1 111
252 13 336 1 112
246 13 301 1 113
246 13 313 1 114
248 14 281 1 115
247 14 269 1 116
255 13 318 1 117
254 14 337 1 118
252 13 368 1 119
254 14 349 1 120
255 13 379 1 121
263 14 282 1 122
261 14 316 1 123
263 13 341 1 124
265 13 354 1 125
268 13 360 1 126
266 14 265 1 127
269 14 320 1 128
267 14 298 1 129
271 14 282 1 130
276 13 365 1 131
273 14 308 1 132
278 13 357 1 133
271 14 279 1 134
275 13 326 1 135
283 13 331 1 136
279 14 280 1 137
277 14 290 1 138
286 13 338 1 139
286 13 358 1 140
295 13 321 1 141
296 13 330 1 142
293 13 310 1 143
287 13 377 1 144
288 14 295 1 145
300 13 312 1 146
296 13 354 1 147
290 14 288 1 148
305 13 321 1 149
297 13 375 1 150
309 13 331 1 151
298 14 300 1 152
310 13 252 1 153
310 13 289 1 154
317 13 269 1 155
318 13 274 1 156
319 13 301 1 157
322 13 324 1 158
321 13 249 1 159
316 13 378 1 160
321 13 284 1 161
316 13 364 1 162
319 13 347 1 163
325 13 311 1 164
325 13 293 1 165
327 13 258 1 166
328 13 267 1 167
325 13 333 1 168
326 13 350 1 169
326 13 359 1 170
332 13 249 1 171
334 13 311 1 172
332 13 380 1 173
333 13 370 1 174
339 13 249 1 175
341 13 290 1 176
340 13 279 1 177
335 13 334 1 178
342 13 341 1 179
344 13 359 1 180
343 13 382 1 181
347 13 272 1 182
350 13 261 1 183
346 13 329 1 184
353 13 344 1 185
361 13 298 1 186
360 13 254 1 187
358 13 380 1 188
353 13 323 1 189
359 13 251 1 190
359 13 335 1 191
360 13 366 1 192
361 13 328 1 193
368 13 273 1 194
365 13 264 1 195
365 13 356 1 196
366 13 315 1 197
369 13 368 1 198
371 13 382 1 199
368 13 295 1 200
376 13 266 1 201
377 13 257 1 202
374 13 319 1 203
374 13 329 1 204
376 13 352 1 205
374 13 296 1 206
383 13 359 1 207
384 13 276 1 208
387 13 298 1 209
387 13 336 1 210
383 13 325 1 211
389 13 367 1 212
387 13 351 1 213
52 -13 273 1 214
52 -13 310 1 215
54 -13 319 1 216
54 -13 374 1 217
55 -13 354 1 218
57 -13 280 1 219
60 -13 304 1 220
62 -13 248 1 221
62 -13 362 1 222
63 -13 349 1 223
64 -13 375 1 224
65 -13 334 1 225
65 -13 279 1 226
69 -13 258 1 227
73 -13 319 1 228
72 -13 327 1 229
73 -13 350 1 230
72 -13 294 1 231
81 -13 353 1 232
77 -13 259 1 233
78 -13 382 1 234
83 -13 303 1 235
78 -13 361 1 236
85 -13 320 1 237
86 -13 257 1 238
89 -13 268 1 239
89 -13 303 1 240
89 -13 283 1 241
88 -13 340 1 242
89 -13 365 1 243
92 -13 323 1 244
96 -13 361 1 245
95 -13 274 1 246
101 -13 257 1 247
100 -13 311 1 248
101 -13 338 1 249
103 -13 272 1 250
105 -13 361 1 251
104 -13 318 1 252
110 -13 259 1 253
108 -13 277 1 254
107 -13 355 1 255
110 -13 348 1 256
113 -13 375 1 257
114 -13 292 1 258
115 -13 344 1 259
114 -13 313 1 260
117 -13 269 1 261
119 -13 265 1 262
119 -13 302 1 263
122 -13 365 1 264
124 -13 357 1 265
127 -13 343 1 266
127 -13 274 1 267
126 -13 290 1 268
127 -13 308 1 269
135 -13 287 1 270
135 -13 249 1 271
135 -13 373 1 272
141 -13 344 1 273
142 -13 304 1 274
144 -13 288 1 275
145 -13 371 1 276
145 -13 342 1 277
149 -13 260 1 278
148 -13 279 1 279
150 -13 273 1 280
153 -13 303 1 281
153 -13 251 1 282
153 -13 371 1 283
156 -13 333 1 284
156 -13 365 1 285
158 -13 260 1 286
162 -13 361 1 287
164 -13 279 1 288
165 -13 251 1 289
167 -13 306 1 290
166 -13 379 1 291
169 -13 321 1 292
170 -13 348 1 293
174 -13 295 1 294
176 -13 340 1 295
182 -13 350 1 296
182 -13 273 1 297
182 -13 368 1 298
187 -13 293 1 299
189 -13 304 1 300
188 -13 278 1 301
188 -13 250 1 302
190 -13 357 1 303
195 -13 296 1 304
193 -13 369 1 305
197 -13 380 1 306
201 -13 279 1 307
205 -13 330 1 308
202 -13 352 1 309
209 -13 314 1 310
206 -13 366 1 311
210 -13 284 1 312
209 -13 351 1 313
213 -13 249 1 314
216 -13 276 1 315
218 -13 322 1 316
213 -13 377 1 317
216 -13 268 1 318
218 -13 351 1 319
227 -13 311 1 320
223 -13 381 1 321
227 -13 300 1 322
227 -13 257 1 323
229 -13 270 1 324
230 -13 284 1 325
231 -13 360 1 326
232 -13 379 1 327
236 -13 313 1 328
239 -13 296 1 329
239 -13 342 1 330
242 -13 328 1 331
244 -13 297 1 332
247 -13 349 1 333
244 -13 378 1 334
253 -13 256 1 335
254 -13 269 1 336
253 -13 291 1 337
261 -13 287 1 338
254 -13 323 1 339
257 -13 275 1 340
257 -13 349 1 341
264 -13 273 1 342
266 -13 249 1 343
267 -13 258 1 344
263 -13 294 1 345
265 -13 329 1 346
271 -13 354 1 347
266 -13 373 1 348
271 -13 274 1 349
274 -13 312 1 350
274 -13 344 1 351
282 -13 263 1 352
284 -13 271 1 353
288 -13 312 1 354
277 -13 382 1 355
291 -13 332 1 356
291 -13 282 1 357
289 -13 302 1 358
289 -13 324 1 359
297 -13 301 1 360
293 -13 284 1 361
295 -13 365 1 362
305 -13 331 1 363
299 -13 351 1 364
297 -13 368 1 365
305 -13 262 1 366
306 -13 288 1 367
308 -13 306 1 368
307 -13 251 1 369
313 -13 296 1 370
307 -13 290 1 371
314 -13 329 1 372
316 -13 339 1 373
315 -13 290 1 374
315 -13 306 1 375
314 -13 258 1 376
317 -13 322 1 377
317 -13 269 1 378
319 -13 363 1 379
317 -13 352 1 380
325 -13 254 1 381
326 -13 281 1 382
328 -13 309 1 383
327 -13 368 1 384
332 -13 272 1 385
339 -13 301 1 386
337 -13 279 1 387
338 -13 295 1 388
333 -13 351 1 389
334 -13 324 1 390
340 -13 286 1 391
338 -13 332 1 392
341 -13 361 1 393
344 -13 255 1 394
345 -13 261 1 395
347 -13 302 1 396
346 -13 367 1 397
346 -13 381 1 398
352 -13 274 1 399
345 -13 354 1 400
347 -13 315 1 401
350 -13 361 1 402
354 -13 293 1 403
355 -13 250 1 404
354 -13 345 1 405
357 -13 379 1 406
365 -13 352 1 407
361 -13 338 1 408
368 -13 260 1 409
361 -13 308 1 410
363 -13 352 1 411
366 -13 366 1 412
372 -13 248 1 413
367 -13 343 1 414
375 -13 278 1 415
375 -13 347 1 416
374 -13 268 1 417
382 -13 347 1 418
379 -13 370 1 419
379 -13 292 1 420
389 -13 320 1 421
390 -13 291 1 422
390 -13 300 1 423
391 -13 348 1 424
392 -13 273 1 425
392 -13 376 1 426
393 -13 262 1 427
