428
56 14 343 1 0
57 14 312 1 1
58 14 302 1 2
58 14 377 1 3
61 14 273 1 4
61 14 367 1 5
63 14 326 1 6
69 14 360 1 7
70 14 377 1 8
70 14 293 1 9
76 14 282 1 10
76 14 323 1 11
78 14 368 1 12
82 14 296 1 13
82 14 273 1 14
80 14 306 1 15
82 14 357 1 16
84 14 373 1 17
88 14 384 1 18
90 14 304 1 19
91 14 355 1 20
91 14 362 1 21
93 14 346 1 22
93 14 290 1 23
94 14 319 1 24
97 14 272 1 25
97 14 324 1 26
100 14 356 1 27
100 14 305 1 28
103 14 300 1 29
102 14 389 1 30
107 14 278 1 31
105 14 315 1 32
109 14 292 1 33
113 14 312 1 34
112 14 353 1 35
113 14 378 1 36
116 14 331 1 37
116 14 349 1 38
118 14 370 1 39
119 14 301 1 40
120 14 380 1 41
121 14 273 1 42
124 14 279 1 43
125 14 389 1 44
127 14 374 1 45
131 14 291 1 46
135 14 372 1 47
137 14 276 1 48
137 14 337 1 49
136 14 357 1 50
139 14 347 1 51
139 14 377 1 52
145 14 274 1 53
145 14 328 1 54
146 14 296 1 55
146 14 307 1 56
146 14 350 1 57
148 14 364 1 58
149 14 385 1 59
153 14 331 1 60
156 14 361 1 61
156 14 315 1 62
157 14 370 1 63
157 14 322 1 64
158 14 286 1 65
158 14 298 1 66
161 14 274 1 67
165 14 302 1 68
166 14 370 1 69
167 14 310 1 70
167 14 317 1 71
172 14 328 1 72
173 14 284 1 73
174 14 339 1 74
180 14 303 1 75
181 14 338 1 76
181 14 282 1 77
183 14 343 1 78
183 14 383 1 79
185 14 361 1 80
185 14 321 1 81
187 14 302 1 82
187 14 311 1 83
190 14 376 1 84
193 14 327 1 85
196 14 344 1 86
195 14 360 1 87
198 14 376 1 88
198 14 282 1 89
199 14 301 1 90
201 14 319 1 91
201 14 330 1 92
203 14 340 1 93
204 14 349 1 94
208 14 325 1 95
209 14 351 1 96
209 14 310 1 97
210 14 277 1 98
214 14 288 1 99
217 14 361 1 100
218 14 380 1 101
217 14 280 1 102
219 14 339 1 103
220 14 316 1 104
221 14 299 1 105
224 14 351 1 106
223 14 283 1 107
227 14 292 1 108
231 14 343 1 109
233 14 359 1 110
237 14 379 1 111
243 14 357 1 112
241 14 314 1 113
241 14 325 1 114
242 14 295 1 115
243 14 281 1 116
249 14 332 1 117
248 14 350 1 118
248 14 376 1 119
250 14 360 1 120
250 14 389 1 121
257 14 296 1 122
257 14 326 1 123
259 14 350 1 124
260 14 366 1 125
260 14 374 1 126
261 14 277 1 127
263 14 333 1 128
263 14 306 1 129
265 14 295 1 130
268 14 381 1 131
268 14 320 1 132
270 14 370 1 133
268 14 285 1 134
270 14 335 1 135
275 14 346 1 136
274 14 291 1 137
273 14 299 1 138
277 14 356 1 139
278 14 372 1 140
285 14 341 1 141
285 14 350 1 142
284 14 326 1 143
282 14 387 1 144
285 14 302 1 145
290 14 332 1 146
288 14 367 1 147
288 14 293 1 148
294 14 341 1 149
291 14 385 1 150
297 14 353 1 151
294 14 307 1 152
299 14 271 1 153
300 14 308 1 154
307 14 287 1 155
308 14 294 1 156
308 14 320 1 157
310 14 345 1 158
310 14 268 1 159
309 14 388 1 160
311 14 302 1 161
309 14 373 1 162
311 14 358 1 163
314 14 332 1 164
315 14 312 1 165
317 14 277 1 166
318 14 286 1 167
317 14 345 1 168
318 14 361 1 169
318 14 369 1 170
321 14 268 1 171
323 14 330 1 172
324 14 390 1 173
325 14 379 1 174
329 14 268 1 175
330 14 309 1 176
330 14 297 1 177
328 14 344 1 178
333 14 352 1 179
335 14 370 1 180
335 14 392 1 181
337 14 290 1 182
340 14 279 1 183
339 14 338 1 184
344 14 354 1 185
349 14 316 1 186
349 14 273 1 187
348 14 390 1 188
347 14 330 1 189
350 14 268 1 190
350 14 347 1 191
351 14 377 1 192
352 14 340 1 193
356 14 291 1 194
356 14 279 1 195
356 14 367 1 196
357 14 326 1 197
359 14 379 1 198
361 14 392 1 199
361 14 304 1 200
365 14 282 1 201
366 14 275 1 202
366 14 329 1 203
367 14 339 1 204
367 14 361 1 205
368 14 304 1 206
373 14 370 1 207
374 14 289 1 208
376 14 311 1 209
376 14 347 1 210
376 14 334 1 211
378 14 377 1 212
378 14 360 1 213
58 -14 288 1 214
58 -14 323 1 215
60 -14 331 1 216
60 -14 383 1 217
61 -14 365 1 218
63 -14 297 1 219
67 -14 321 1 220
68 -14 267 1 221
69 -14 374 1 222
70 -14 363 1 223
70 -14 384 1 224
72 -14 350 1 225
73 -14 299 1 226
75 -14 278 1 227
76 -14 327 1 228
77 -14 340 1 229
79 -14 365 1 230
80 -14 316 1 231
84 -14 360 1 232
83 -14 279 1 233
84 -14 392 1 234
86 -14 314 1 235
84 -14 376 1 236
89 -14 334 1 237
91 -14 277 1 238
93 -14 287 1 239
93 -14 318 1 240
93 -14 303 1 241
93 -14 355 1 242
93 -14 377 1 243
96 -14 341 1 244
98 -14 370 1 245
99 -14 295 1 246
104 -14 277 1 247
104 -14 332 1 248
105 -14 356 1 249
106 -14 292 1 250
107 -14 370 1 251
109 -14 340 1 252
112 -14 279 1 253
111 -14 299 1 254
111 -14 373 1 255
114 -14 366 1 256
115 -14 385 1 257
117 -14 313 1 258
117 -14 355 1 259
117 -14 335 1 260
119 -14 290 1 261
120 -14 282 1 262
121 -14 324 1 263
124 -14 378 1 264
126 -14 369 1 265
128 -14 355 1 266
129 -14 292 1 267
128 -14 312 1 268
129 -14 329 1 269
135 -14 305 1 270
136 -14 268 1 271
136 -14 382 1 272
141 -14 351 1 273
142 -14 323 1 274
144 -14 310 1 275
145 -14 380 1 276
145 -14 354 1 277
149 -14 280 1 278
148 -14 297 1 279
150 -14 290 1 280
151 -14 322 1 281
152 -14 271 1 282
152 -14 385 1 283
154 -14 355 1 284
155 -14 378 1 285
157 -14 280 1 286
161 -14 369 1 287
163 -14 296 1 288
164 -14 271 1 289
165 -14 330 1 290
164 -14 389 1 291
167 -14 342 1 292
168 -14 360 1 293
171 -14 318 1 294
175 -14 347 1 295
179 -14 363 1 296
180 -14 290 1 297
180 -14 376 1 298
184 -14 311 1 299
184 -14 328 1 300
185 -14 300 1 301
185 -14 270 1 302
187 -14 369 1 303
191 -14 315 1 304
190 -14 378 1 305
194 -14 390 1 306
196 -14 301 1 307
199 -14 351 1 308
198 -14 364 1 309
203 -14 334 1 310
202 -14 375 1 311
204 -14 306 1 312
205 -14 362 1 313
209 -14 268 1 314
210 -14 297 1 315
211 -14 342 1 316
209 -14 387 1 317
212 -14 284 1 318
214 -14 361 1 319
219 -14 335 1 320
219 -14 391 1 321
221 -14 318 1 322
221 -14 277 1 323
222 -14 290 1 324
223 -14 306 1 325
227 -14 371 1 326
227 -14 389 1 327
231 -14 326 1 328
233 -14 314 1 329
233 -14 357 1 330
236 -14 342 1 331
238 -14 310 1 332
240 -14 366 1 333
239 -14 388 1 334
246 -14 275 1 335
249 -14 285 1 336
248 -14 303 1 337
251 -14 309 1 338
248 -14 336 1 339
250 -14 292 1 340
252 -14 359 1 341
257 -14 289 1 342
258 -14 269 1 343
259 -14 278 1 344
258 -14 305 1 345
260 -14 342 1 346
262 -14 370 1 347
261 -14 382 1 348
264 -14 290 1 349
266 -14 330 1 350
268 -14 355 1 351
273 -14 284 1 352
274 -14 292 1 353
276 -14 334 1 354
272 -14 392 1 355
280 -14 353 1 356
281 -14 304 1 357
280 -14 318 1 358
281 -14 339 1 359
286 -14 322 1 360
285 -14 299 1 361
287 -14 380 1 362
294 -14 351 1 363
292 -14 366 1 364
291 -14 377 1 365
295 -14 280 1 366
296 -14 306 1 367
297 -14 326 1 368
298 -14 271 1 369
302 -14 316 1 370
300 -14 303 1 371
303 -14 349 1 372
304 -14 360 1 373
304 -14 309 1 374
304 -14 325 1 375
305 -14 274 1 376
307 -14 341 1 377
309 -14 285 1 378
310 -14 373 1 379
311 -14 359 1 380
315 -14 272 1 381
316 -14 301 1 382
317 -14 328 1 383
318 -14 378 1 384
322 -14 290 1 385
327 -14 322 1 386
327 -14 297 1 387
327 -14 313 1 388
326 -14 361 1 389
327 -14 335 1 390
330 -14 306 1 391
329 -14 344 1 392
332 -14 372 1 393
335 -14 272 1 394
335 -14 279 1 395
336 -14 319 1 396
337 -14 379 1 397
337 -14 391 1 398
340 -14 295 1 399
338 -14 363 1 400
340 -14 325 1 401
341 -14 371 1 402
344 -14 310 1 403
344 -14 270 1 404
345 -14 355 1 405
348 -14 389 1 406
353 -14 367 1 407
353 -14 349 1 408
357 -14 279 1 409
354 -14 318 1 410
354 -14 363 1 411
356 -14 377 1 412
360 -14 267 1 413
359 -14 353 1 414
363 -14 294 1 415
364 -14 360 1 416
365 -14 282 1 417
371 -14 358 1 418
370 -14 379 1 419
372 -14 300 1 420
379 -14 333 1 421
380 -14 304 1 422
380 -14 312 1 423
381 -14 358 1 424
382 -14 285 1 425
382 -14 386 1 426
383 -14 275 1 427
