428
48 12 328 1 0
49 12 291 1 1
50 12 281 1 2
50 12 363 1 3
52 12 250 1 4
52 12 353 1 5
54 12 305 1 6
59 12 340 1 7
62 12 365 1 8
60 12 267 1 9
71 12 263 1 10
70 12 306 1 11
72 12 356 1 12
76 12 274 1 13
76 12 246 1 14
69 12 275 1 15
76 12 340 1 16
76 12 354 1 17
82 12 371 1 18
84 12 281 1 19
87 12 341 1 20
85 12 348 1 21
89 12 333 1 22
86 12 264 1 23
89 12 301 1 24
94 14 257 1 25
91 12 297 1 26
96 12 341 1 27
94 12 280 1 28
101 14 281 1 29
97 12 375 1 30
105 14 266 1 31
99 12 285 1 32
107 14 280 1 33
111 14 291 1 34
106 12 321 1 35
109 12 361 1 36
114 14 312 1 37
114 14 333 1 38
115 14 353 1 39
116 14 284 1 40
117 14 361 1 41
118 14 257 1 42
121 14 262 1 43
123 12 375 1 44
126 12 361 1 45
129 12 262 1 46
134 12 354 1 47
137 14 262 1 48
137 14 317 1 49
134 12 325 1 50
139 14 323 1 51
139 14 354 1 52
145 14 257 1 53
145 14 316 1 54
147 14 283 1 55
147 14 286 1 56
146 12 333 1 57
149 12 346 1 58
150 12 371 1 59
153 14 318 1 60
158 14 344 1 61
157 14 300 1 62
160 14 351 1 63
160 14 305 1 64
159 14 267 1 65
159 14 289 1 66
163 14 257 1 67
167 14 283 1 68
168 14 350 1 69
169 14 294 1 70
170 14 298 1 71
175 14 311 1 72
176 14 270 1 73
176 12 325 1 74
184 12 278 1 75
184 12 323 1 76
183 14 269 1 77
187 14 322 1 78
187 12 363 1 79
192 12 329 1 80
189 14 300 1 81
192 14 282 1 82
192 14 292 1 83
193 12 363 1 84
196 14 314 1 85
203 12 313 1 86
199 12 344 1 87
205 14 359 1 88
201 14 270 1 89
203 14 281 1 90
205 14 302 1 91
204 14 318 1 92
210 14 316 1 93
213 12 320 1 94
212 14 314 1 95
215 14 336 1 96
212 14 300 1 97
214 14 260 1 98
218 14 269 1 99
226 14 335 1 100
223 12 363 1 101
220 14 267 1 102
226 12 318 1 103
225 14 304 1 104
225 14 286 1 105
232 12 330 1 106
227 14 271 1 107
232 14 281 1 108
238 12 325 1 109
240 14 343 1 110
243 12 363 1 111
255 12 328 1 112
248 12 296 1 113
248 12 309 1 114
250 14 276 1 115
249 14 264 1 116
257 12 313 1 117
256 14 332 1 118
254 12 364 1 119
256 14 344 1 120
257 12 375 1 121
266 14 277 1 122
263 14 312 1 123
265 12 337 1 124
268 12 349 1 125
271 12 355 1 126
268 14 260 1 127
272 14 314 1 128
268 14 294 1 129
274 14 277 1 130
280 12 358 1 131
275 14 303 1 132
281 12 352 1 133
272 14 277 1 134
277 12 322 1 135
286 12 325 1 136
281 14 275 1 137
279 14 286 1 138
290 12 331 1 139
289 12 352 1 140
299 12 314 1 141
301 12 321 1 142
297 12 303 1 143
290 12 373 1 144
290 14 293 1 145
304 12 304 1 146
299 12 348 1 147
291 14 285 1 148
309 12 312 1 149
300 12 371 1 150
313 12 323 1 151
299 14 297 1 152
314 12 244 1 153
315 12 281 1 154
321 12 262 1 155
323 12 267 1 156
323 12 293 1 157
327 12 316 1 158
325 12 241 1 159
320 12 374 1 160
325 12 277 1 161
319 12 361 1 162
322 12 342 1 163
330 12 303 1 164
330 12 285 1 165
331 12 251 1 166
332 12 259 1 167
328 12 328 1 168
330 12 345 1 169
329 12 355 1 170
336 12 241 1 171
339 12 304 1 172
336 12 376 1 173
336 12 366 1 174
344 12 241 1 175
346 12 282 1 176
344 12 271 1 177
338 12 330 1 178
345 12 337 1 179
348 12 355 1 180
347 12 377 1 181
351 12 265 1 182
354 12 254 1 183
349 12 326 1 184
356 12 339 1 185
367 12 291 1 186
364 12 246 1 187
362 12 376 1 188
356 12 320 1 189
363 12 244 1 190
363 12 331 1 191
364 12 362 1 192
365 12 324 1 193
372 12 266 1 194
368 12 259 1 195
369 12 352 1 196
369 12 311 1 197
373 12 364 1 198
376 12 377 1 199
371 12 292 1 200
381 12 259 1 201
382 12 250 1 202
377 12 315 1 203
378 12 325 1 204
379 12 348 1 205
376 12 293 1 206
388 12 355 1 207
389 12 270 1 208
391 12 293 1 209
391 12 331 1 210
386 12 321 1 211
393 12 363 1 212
391 12 347 1 213
50 -12 266 1 214
50 -12 305 1 215
51 -12 313 1 216
51 -12 370 1 217
52 -12 350 1 218
54 -12 273 1 219
57 -12 297 1 220
60 -12 240 1 221
59 -12 357 1 222
60 -12 344 1 223
61 -12 371 1 224
62 -12 328 1 225
62 -12 271 1 226
67 -12 250 1 227
71 -12 315 1 228
69 -12 321 1 229
71 -12 344 1 230
69 -12 285 1 231
80 -12 350 1 232
75 -12 251 1 233
76 -12 377 1 234
82 -12 298 1 235
76 -12 355 1 236
83 -12 315 1 237
85 -12 249 1 238
87 -12 260 1 239
88 -12 296 1 240
87 -12 274 1 241
86 -12 334 1 242
87 -12 360 1 243
90 -12 316 1 244
95 -12 358 1 245
93 -12 265 1 246
99 -12 249 1 247
98 -12 302 1 248
100 -12 331 1 249
101 -12 264 1 250
104 -12 358 1 251
102 -12 310 1 252
109 -12 251 1 253
107 -12 269 1 254
106 -12 348 1 255
108 -12 341 1 256
113 -12 371 1 257
113 -12 284 1 258
114 -12 340 1 259
112 -12 303 1 260
116 -12 260 1 261
118 -12 257 1 262
118 -12 294 1 263
121 -12 360 1 264
124 -12 351 1 265
127 -12 338 1 266
127 -12 267 1 267
126 -12 280 1 268
127 -12 300 1 269
134 -12 280 1 270
135 -12 241 1 271
135 -12 369 1 272
141 -12 341 1 273
142 -12 296 1 274
144 -12 279 1 275
145 -12 367 1 276
144 -12 337 1 277
149 -12 252 1 278
148 -12 272 1 279
151 -12 266 1 280
153 -12 295 1 281
153 -12 243 1 282
154 -12 366 1 283
156 -12 324 1 284
157 -12 360 1 285
159 -12 252 1 286
162 -12 357 1 287
165 -12 272 1 288
166 -12 243 1 289
168 -12 297 1 290
166 -12 375 1 291
170 -12 313 1 292
170 -12 343 1 293
175 -12 286 1 294
177 -12 338 1 295
184 -12 345 1 296
183 -12 266 1 297
183 -12 364 1 298
189 -12 285 1 299
191 -12 294 1 300
190 -12 270 1 301
189 -12 242 1 302
192 -12 352 1 303
196 -12 288 1 304
195 -12 366 1 305
199 -12 376 1 306
202 -12 270 1 307
208 -12 321 1 308
203 -12 348 1 309
211 -12 306 1 310
207 -12 362 1 311
212 -12 275 1 312
211 -12 346 1 313
215 -12 241 1 314
219 -12 267 1 315
220 -12 314 1 316
215 -12 373 1 317
218 -12 261 1 318
220 -12 346 1 319
231 -12 301 1 320
224 -12 377 1 321
230 -12 292 1 322
230 -12 249 1 323
231 -12 261 1 324
233 -12 275 1 325
233 -12 356 1 326
234 -12 375 1 327
238 -12 308 1 328
242 -12 289 1 329
241 -12 336 1 330
245 -12 321 1 331
246 -12 291 1 332
250 -12 343 1 333
245 -12 374 1 334
256 -12 248 1 335
257 -12 263 1 336
255 -12 286 1 337
265 -12 278 1 338
256 -12 318 1 339
260 -12 269 1 340
259 -12 345 1 341
267 -12 266 1 342
269 -12 242 1 343
270 -12 250 1 344
265 -12 289 1 345
267 -12 324 1 346
275 -12 347 1 347
268 -12 369 1 348
274 -12 268 1 349
277 -12 305 1 350
276 -12 339 1 351
286 -12 255 1 352
288 -12 263 1 353
293 -12 303 1 354
279 -12 377 1 355
296 -12 324 1 356
295 -12 273 1 357
292 -12 296 1 358
292 -12 318 1 359
301 -12 293 1 360
296 -12 278 1 361
298 -12 359 1 362
309 -12 322 1 363
302 -12 345 1 364
299 -12 365 1 365
310 -12 255 1 366
310 -12 281 1 367
312 -12 298 1 368
311 -12 243 1 369
317 -12 288 1 370
310 -12 285 1 371
319 -12 320 1 372
322 -12 330 1 373
319 -12 282 1 374
319 -12 299 1 375
318 -12 251 1 376
321 -12 314 1 377
321 -12 262 1 378
322 -12 359 1 379
319 -12 349 1 380
329 -12 247 1 381
331 -12 273 1 382
332 -12 302 1 383
331 -12 363 1 384
336 -12 265 1 385
344 -12 293 1 386
341 -12 272 1 387
342 -12 287 1 388
337 -12 347 1 389
337 -12 320 1 390
345 -12 279 1 391
342 -12 327 1 392
344 -12 357 1 393
348 -12 248 1 394
349 -12 253 1 395
351 -12 295 1 396
350 -12 362 1 397
349 -12 377 1 398
357 -12 265 1 399
349 -12 350 1 400
349 -12 311 1 401
354 -12 356 1 402
359 -12 287 1 403
359 -12 242 1 404
358 -12 341 1 405
360 -12 375 1 406
370 -12 347 1 407
365 -12 334 1 408
373 -12 252 1 409
365 -12 304 1 410
367 -12 348 1 411
370 -12 362 1 412
377 -12 240 1 413
370 -12 339 1 414
379 -12 271 1 415
380 -12 342 1 416
378 -12 262 1 417
386 -12 343 1 418
383 -12 366 1 419
382 -12 288 1 420
394 -12 315 1 421
394 -12 285 1 422
394 -12 295 1 423
395 -12 343 1 424
396 -12 268 1 425
396 -12 372 1 426
397 -12 257 1 427
