428
-10 1 222 1 0
-10 1 150 1 1
-10 1 139 1 2
-10 1 266 1 3
-10 1 96 1 4
-10 1 255 1 5
-9 1 162 1 6
-9 1 204 1 7
10 1 277 1 8
-8 1 88 1 9
37 1 129 1 10
25 1 187 1 11
31 1 276 1 12
38 1 124 1 13
33 1 56 1 14
-7 1 60 1 15
32 1 224 1 16
25 1 218 1 17
42 1 278 1 18
43 1 118 1 19
54 1 248 1 20
47 1 246 1 21
62 1 242 1 22
44 1 84 1 23
61 1 179 1 24
74 10 151 1 25
49 1 114 1 26
71 1 242 1 27
57 1 105 1 28
83 10 150 1 29
64 1 278 1 30
95 10 184 1 31
59 1 78 1 32
95 10 198 1 33
92 10 149 1 34
64 1 106 1 35
82 1 241 1 36
96 10 179 1 37
96 10 216 1 38
97 10 240 1 39
97 10 164 1 40
97 10 231 1 41
97 10 150 1 42
99 10 141 1 43
106 1 278 1 44
116 1 276 1 45
118 1 59 1 46
128 1 223 1 47
138 10 160 1 48
138 10 178 1 49
121 1 109 1 50
140 10 160 1 51
142 10 194 1 52
147 10 143 1 53
145 10 236 1 54
152 10 191 1 55
156 10 144 1 56
149 1 219 1 57
158 1 223 1 58
159 1 278 1 59
158 10 233 1 60
175 10 228 1 61
163 10 195 1 62
179 10 222 1 63
174 10 191 1 64
168 10 141 1 65
167 10 226 1 66
178 10 144 1 67
186 10 156 1 68
185 10 213 1 69
185 10 182 1 70
188 10 168 1 71
189 10 199 1 72
190 10 173 1 73
194 1 222 1 74
211 1 105 1 75
202 1 218 1 76
192 10 184 1 77
219 10 180 1 78
217 1 227 1 79
242 1 108 1 80
220 10 159 1 81
220 10 148 1 82
220 10 166 1 83
213 1 277 1 84
214 10 228 1 85
252 1 102 1 86
229 1 235 1 87
247 10 238 1 88
220 10 181 1 89
232 10 145 1 90
231 10 181 1 91
221 10 234 1 92
258 10 150 1 93
277 1 121 1 94
237 10 236 1 95
255 10 229 1 96
229 10 233 1 97
241 10 142 1 98
250 10 143 1 99
294 10 156 1 100
266 1 250 1 101
244 10 178 1 102
279 1 177 1 103
259 10 215 1 104
258 10 193 1 105
293 1 186 1 106
253 10 183 1 107
260 10 202 1 108
288 1 200 1 109
288 10 234 1 110
290 1 254 1 111
344 1 131 1 112
298 1 174 1 113
295 1 191 1 114
304 10 142 1 115
290 10 152 1 116
316 1 178 1 117
312 10 207 1 118
298 1 277 1 119
302 10 235 1 120
308 1 278 1 121
327 10 148 1 122
308 10 210 1 123
308 1 244 1 124
326 1 235 1 125
342 1 226 1 126
317 10 140 1 127
328 10 181 1 128
304 10 214 1 129
331 10 155 1 130
367 1 198 1 131
324 10 189 1 132
352 1 221 1 133
298 10 218 1 134
320 1 236 1 135
365 1 180 1 136
331 10 165 1 137
320 10 193 1 138
381 1 160 1 139
361 1 217 1 140
402 1 128 1 141
411 1 125 1 142
383 1 149 1 143
342 1 278 1 144
324 10 228 1 145
406 1 118 1 146
370 1 214 1 147
315 10 227 1 148
417 1 116 1 149
363 1 278 1 150
425 1 113 1 151
335 10 229 1 152
414 1 56 1 153
420 1 93 1 154
416 1 90 1 155
426 1 81 1 156
423 1 110 1 157
442 1 117 1 158
426 1 56 1 159
395 1 278 1 160
419 1 107 1 161
385 1 276 1 162
401 1 231 1 163
438 1 106 1 164
435 1 94 1 165
433 1 69 1 166
434 1 75 1 167
405 1 210 1 168
410 1 237 1 169
409 1 256 1 170
437 1 56 1 171
449 1 122 1 172
416 1 278 1 173
407 1 277 1 174
448 1 56 1 175
454 1 93 1 176
441 1 92 1 177
407 1 232 1 178
434 1 232 1 179
433 1 254 1 180
428 1 279 1 181
446 1 91 1 182
450 1 77 1 183
419 1 241 1 184
439 1 235 1 185
489 1 122 1 186
470 1 56 1 187
459 1 278 1 188
418 1 245 1 189
456 1 80 1 190
454 1 219 1 191
457 1 256 1 192
455 1 213 1 193
490 1 89 1 194
456 1 119 1 195
454 1 251 1 196
451 1 211 1 197
468 1 264 1 198
480 1 279 1 199
437 1 208 1 200
491 1 98 1 201
491 1 77 1 202
455 1 222 1 203
453 1 232 1 204
461 1 257 1 205
435 1 222 1 206
492 1 256 1 207
492 1 138 1 208
492 1 171 1 209
492 1 224 1 210
453 1 235 1 211
492 1 267 1 212
475 1 262 1 213
-10 -1 117 1 214
-10 -1 180 1 215
-10 -1 191 1 216
-10 -1 276 1 217
-10 -1 245 1 218
-9 -1 109 1 219
-9 -1 131 1 220
1 -1 56 1 221
-9 -1 236 1 222
-8 -1 215 1 223
1 -1 278 1 224
-8 -1 175 1 225
-8 -1 79 1 226
12 -1 57 1 227
37 -1 228 1 228
17 -1 193 1 229
10 -1 203 1 230
-7 -1 71 1 231
52 -1 275 1 232
23 -1 57 1 233
22 -1 279 1 234
52 -1 181 1 235
17 -1 213 1 236
44 -1 185 1 237
44 -1 57 1 238
49 -1 72 1 239
52 -1 146 1 240
42 -1 78 1 241
36 -1 190 1 242
44 -1 241 1 243
46 -1 144 1 244
73 -1 276 1 245
54 -1 59 1 246
65 -1 57 1 247
53 -1 94 1 248
62 -1 159 1 249
67 -1 78 1 250
84 -1 276 1 251
60 -1 101 1 252
86 -1 57 1 253
76 -1 60 1 254
68 -1 177 1 255
69 -1 169 1 256
95 -1 278 1 257
86 -1 81 1 258
92 -1 233 1 259
77 -1 83 1 260
96 -1 58 1 261
101 -1 84 1 262
94 -1 85 1 263
102 -1 233 1 264
110 -1 229 1 265
119 -1 223 1 266
114 -1 95 1 267
107 -1 61 1 268
108 -1 96 1 269
129 -1 104 1 270
128 -1 56 1 271
127 -1 277 1 272
138 -1 273 1 273
138 -1 105 1 274
139 -1 61 1 275
148 -1 277 1 276
139 -1 219 1 277
150 -1 57 1 278
146 -1 103 1 279
156 -1 102 1 280
167 -1 106 1 281
160 -1 56 1 282
166 -1 230 1 283
175 -1 113 1 284
173 -1 233 1 285
170 -1 57 1 286
170 -1 276 1 287
183 -1 105 1 288
181 -1 56 1 289
191 -1 63 1 290
180 -1 278 1 291
191 -1 108 1 292
184 -1 229 1 293
202 -1 62 1 294
191 -1 273 1 295
212 -1 219 1 296
202 -1 102 1 297
202 -1 277 1 298
221 -1 106 1 299
232 -1 63 1 300
222 -1 60 1 301
213 -1 56 1 302
220 -1 232 1 303
232 -1 104 1 304
222 -1 277 1 305
232 -1 278 1 306
243 -1 60 1 307
269 -1 120 1 308
240 -1 236 1 309
266 -1 112 1 310
243 -1 276 1 311
264 -1 60 1 312
251 -1 236 1 313
255 -1 56 1 314
275 -1 59 1 315
285 -1 118 1 316
254 -1 278 1 317
260 -1 101 1 318
259 -1 241 1 319
315 -1 64 1 320
265 -1 278 1 321
293 -1 115 1 322
286 -1 57 1 323
296 -1 58 1 324
306 -1 60 1 325
277 -1 255 1 326
276 -1 278 1 327
288 -1 178 1 328
304 -1 115 1 329
302 -1 192 1 330
307 -1 177 1 331
302 -1 158 1 332
323 -1 180 1 333
287 -1 278 1 334
329 -1 57 1 335
315 -1 111 1 336
304 -1 166 1 337
359 -1 61 1 338
311 -1 193 1 339
326 -1 110 1 340
301 -1 248 1 341
335 -1 107 1 342
340 -1 56 1 343
350 -1 57 1 344
312 -1 180 1 345
317 -1 200 1 346
362 -1 190 1 347
320 -1 277 1 348
342 -1 114 1 349
356 -1 133 1 350
336 -1 229 1 351
372 -1 58 1 352
382 -1 59 1 353
412 -1 86 1 354
331 -1 279 1 355
406 -1 125 1 356
392 -1 60 1 357
374 -1 142 1 358
372 -1 173 1 359
408 -1 95 1 360
368 -1 136 1 361
376 -1 212 1 362
416 -1 126 1 363
377 -1 203 1 364
353 -1 277 1 365
409 -1 78 1 366
407 -1 107 1 367
418 -1 107 1 368
404 -1 56 1 369
424 -1 94 1 370
379 -1 161 1 371
427 -1 124 1 372
444 -1 122 1 373
418 -1 100 1 374
418 -1 119 1 375
405 -1 90 1 376
423 -1 123 1 377
408 -1 108 1 378
404 -1 260 1 379
375 -1 275 1 380
422 -1 78 1 381
434 -1 82 1 382
433 -1 121 1 383
418 -1 259 1 384
431 -1 91 1 385
458 -1 95 1 386
437 -1 97 1 387
441 -1 108 1 388
412 -1 252 1 389
410 -1 212 1 390
450 -1 93 1 391
428 -1 213 1 392
428 -1 256 1 393
437 -1 83 1 394
446 -1 74 1 395
457 -1 128 1 396
442 -1 249 1 397
438 -1 278 1 398
479 -1 59 1 399
424 -1 257 1 400
415 -1 213 1 401
438 -1 251 1 402
463 -1 129 1 403
460 -1 56 1 404
443 -1 239 1 405
449 -1 278 1 406
489 -1 206 1 407
452 -1 229 1 408
490 -1 68 1 409
440 -1 210 1 410
451 -1 247 1 411
463 -1 262 1 412
490 -1 57 1 413
448 -1 242 1 414
490 -1 109 1 415
491 -1 215 1 416
470 -1 125 1 417
491 -1 235 1 418
472 -1 277 1 419
448 -1 208 1 420
493 -1 192 1 421
493 -1 160 1 422
493 -1 180 1 423
493 -1 245 1 424
493 -1 148 1 425
493 -1 278 1 426
493 -1 127 1 427
