428
20 7 278 1 0
21 7 224 1 1
21 7 213 1 2
21 7 317 1 3
23 7 178 1 4
23 7 306 1 5
24 7 236 1 6
27 7 276 1 7
38 7 323 1 8
27 7 182 1 9
55 7 199 1 10
48 7 250 1 11
52 7 318 1 12
58 7 203 1 13
56 7 156 1 14
33 7 173 1 15
55 7 285 1 16
52 7 290 1 17
63 7 327 1 18
64 7 203 1 19
71 7 297 1 20
67 7 300 1 21
76 7 290 1 22
66 7 179 1 23
76 7 243 1 24
84 12 206 1 25
71 7 210 1 26
84 7 294 1 27
76 7 197 1 28
92 12 219 1 29
81 7 329 1 30
100 12 227 1 31
80 7 187 1 32
101 12 241 1 33
102 12 223 1 34
86 7 219 1 35
96 7 304 1 36
105 12 249 1 37
105 12 278 1 38
106 12 300 1 39
107 12 227 1 40
107 12 299 1 41
108 12 206 1 42
110 12 204 1 43
115 7 329 1 44
121 7 321 1 45
124 7 166 1 46
131 7 292 1 47
137 12 213 1 48
137 12 251 1 49
127 7 222 1 50
139 12 246 1 51
140 12 278 1 52
146 12 203 1 53
145 12 278 1 54
149 12 240 1 55
151 12 218 1 56
147 7 279 1 57
153 7 288 1 58
154 7 327 1 59
155 12 278 1 60
166 12 289 1 61
159 12 251 1 62
169 12 290 1 63
166 12 251 1 64
163 12 207 1 65
163 12 259 1 66
170 12 203 1 67
176 12 223 1 68
176 12 285 1 69
176 12 241 1 70
178 12 236 1 71
181 12 258 1 72
182 12 224 1 73
184 7 276 1 74
197 7 196 1 75
192 7 274 1 76
187 12 229 1 77
202 12 254 1 78
201 7 299 1 79
216 7 224 1 80
203 12 233 1 81
205 12 218 1 82
205 12 232 1 83
202 7 322 1 84
204 12 273 1 85
226 7 213 1 86
213 7 293 1 87
224 12 302 1 88
210 12 228 1 89
217 12 216 1 90
218 12 245 1 91
212 12 278 1 92
232 12 237 1 93
243 7 225 1 94
224 12 277 1 95
234 12 285 1 96
220 12 269 1 97
227 12 204 1 98
233 12 209 1 99
258 12 250 1 100
244 7 310 1 101
231 12 225 1 102
251 7 251 1 103
241 12 262 1 104
241 12 242 1 105
261 7 262 1 106
240 12 229 1 107
245 12 244 1 108
262 7 266 1 109
263 12 292 1 110
266 7 312 1 111
298 7 234 1 112
272 7 238 1 113
270 7 253 1 114
276 12 212 1 115
269 12 211 1 116
285 7 249 1 117
283 12 273 1 118
275 7 323 1 119
278 12 293 1 120
282 7 329 1 121
295 12 215 1 122
285 12 264 1 123
286 7 293 1 124
296 7 295 1 125
305 7 294 1 126
291 12 203 1 127
299 12 251 1 128
285 12 257 1 129
301 12 219 1 130
322 7 283 1 131
298 12 249 1 132
315 7 290 1 133
285 12 249 1 134
297 7 281 1 135
324 7 256 1 136
305 12 223 1 137
299 12 242 1 138
333 7 250 1 139
323 7 288 1 140
348 7 225 1 141
353 7 228 1 142
338 7 230 1 143
315 7 328 1 144
306 12 262 1 145
353 7 216 1 146
333 7 285 1 147
303 12 258 1 148
361 7 219 1 149
330 7 327 1 150
367 7 223 1 151
316 12 265 1 152
362 7 155 1 153
365 7 192 1 154
366 7 180 1 155
372 7 179 1 156
371 7 206 1 157
382 7 221 1 158
373 7 153 1 159
355 7 329 1 160
370 7 196 1 161
350 7 321 1 162
360 7 290 1 163
381 7 209 1 164
380 7 194 1 165
380 7 165 1 166
381 7 172 1 167
365 7 272 1 168
368 7 294 1 169
367 7 308 1 170
384 7 153 1 171
391 7 217 1 172
374 7 330 1 173
369 7 324 1 174
393 7 153 1 175
397 7 192 1 176
390 7 186 1 177
371 7 284 1 178
388 7 287 1 179
388 7 307 1 180
385 7 331 1 181
396 7 182 1 182
400 7 170 1 183
383 7 286 1 184
396 7 290 1 185
425 7 210 1 186
414 7 156 1 187
408 7 330 1 188
385 7 284 1 189
407 7 167 1 190
406 7 278 1 191
408 7 312 1 192
408 7 271 1 193
428 7 181 1 194
410 7 192 1 195
409 7 304 1 196
408 7 264 1 197
418 7 317 1 198
425 7 331 1 199
402 7 252 1 200
433 7 182 1 201
434 7 168 1 202
414 7 271 1 203
414 7 281 1 204
418 7 305 1 205
404 7 260 1 206
437 7 308 1 207
438 7 207 1 208
439 7 235 1 209
439 7 280 1 210
418 7 281 1 211
440 7 317 1 212
431 7 307 1 213
21 -7 195 1 214
21 -7 246 1 215
22 -7 255 1 216
22 -7 325 1 217
23 -7 300 1 218
24 -7 195 1 219
26 -7 218 1 220
32 -7 153 1 221
27 -7 299 1 222
27 -7 283 1 223
33 -7 327 1 224
28 -7 255 1 225
29 -7 180 1 226
41 -7 159 1 227
55 -7 274 1 228
44 -7 261 1 229
42 -7 278 1 230
33 -7 183 1 231
66 -7 314 1 232
50 -7 159 1 233
50 -7 331 1 234
68 -7 243 1 235
48 -7 288 1 236
64 -7 254 1 237
65 -7 158 1 238
69 -7 171 1 239
71 -7 225 1 240
65 -7 181 1 241
62 -7 266 1 242
66 -7 304 1 243
69 -7 234 1 244
85 -7 319 1 245
75 -7 168 1 246
83 -7 158 1 247
76 -7 203 1 248
82 -7 249 1 249
85 -7 176 1 250
95 -7 319 1 251
82 -7 210 1 252
98 -7 159 1 253
92 -7 170 1 254
88 -7 267 1 255
89 -7 259 1 256
104 -7 327 1 257
100 -7 187 1 258
103 -7 289 1 259
95 -7 199 1 260
107 -7 165 1 261
110 -7 175 1 262
106 -7 194 1 263
112 -7 300 1 264
117 -7 294 1 265
123 -7 284 1 266
121 -7 185 1 267
117 -7 177 1 268
118 -7 203 1 269
132 -7 196 1 270
132 -7 153 1 271
131 -7 326 1 272
139 -7 309 1 273
140 -7 205 1 274
141 -7 176 1 275
147 -7 325 1 276
142 -7 281 1 277
149 -7 160 1 278
147 -7 192 1 279
153 -7 188 1 280
160 -7 205 1 281
156 -7 155 1 282
159 -7 302 1 283
165 -7 224 1 284
164 -7 300 1 285
164 -7 160 1 286
166 -7 319 1 287
173 -7 192 1 288
173 -7 155 1 289
179 -7 186 1 290
173 -7 329 1 291
180 -7 215 1 292
177 -7 289 1 293
188 -7 180 1 294
184 -7 307 1 295
197 -7 285 1 296
192 -7 188 1 297
192 -7 323 1 298
204 -7 200 1 299
211 -7 184 1 300
206 -7 170 1 301
200 -7 154 1 302
205 -7 295 1 303
213 -7 201 1 304
208 -7 324 1 305
215 -7 330 1 306
221 -7 171 1 307
237 -7 226 1 308
220 -7 295 1 309
237 -7 214 1 310
224 -7 322 1 311
236 -7 173 1 312
230 -7 294 1 313
233 -7 153 1 314
245 -7 169 1 315
251 -7 221 1 316
233 -7 328 1 317
238 -7 185 1 318
238 -7 297 1 319
271 -7 188 1 320
244 -7 330 1 321
260 -7 208 1 322
256 -7 158 1 323
262 -7 165 1 324
268 -7 173 1 325
254 -7 308 1 326
254 -7 329 1 327
262 -7 246 1 328
271 -7 206 1 329
270 -7 268 1 330
274 -7 253 1 331
273 -7 228 1 332
285 -7 265 1 333
265 -7 329 1 334
290 -7 157 1 335
285 -7 191 1 336
278 -7 229 1 337
309 -7 175 1 338
282 -7 259 1 339
291 -7 193 1 340
279 -7 299 1 341
299 -7 191 1 342
303 -7 154 1 343
308 -7 159 1 344
287 -7 238 1 345
291 -7 265 1 346
316 -7 273 1 347
293 -7 326 1 348
306 -7 195 1 349
315 -7 223 1 350
305 -7 287 1 351
327 -7 162 1 352
332 -7 166 1 353
350 -7 200 1 354
304 -7 331 1 355
348 -7 229 1 356
341 -7 172 1 357
331 -7 223 1 358
330 -7 249 1 359
352 -7 199 1 360
330 -7 210 1 361
335 -7 290 1 362
360 -7 229 1 363
338 -7 278 1 364
325 -7 323 1 365
357 -7 171 1 366
356 -7 198 1 367
363 -7 207 1 368
355 -7 155 1 369
368 -7 196 1 370
343 -7 226 1 371
370 -7 227 1 372
380 -7 231 1 373
366 -7 196 1 374
366 -7 213 1 375
359 -7 175 1 376
370 -7 223 1 377
363 -7 189 1 378
361 -7 312 1 379
346 -7 314 1 380
373 -7 167 1 381
380 -7 182 1 382
380 -7 216 1 383
372 -7 314 1 384
381 -7 182 1 385
398 -7 199 1 386
387 -7 189 1 387
389 -7 202 1 388
373 -7 302 1 389
372 -7 269 1 390
395 -7 190 1 391
383 -7 273 1 392
384 -7 309 1 393
390 -7 170 1 394
395 -7 168 1 395
402 -7 215 1 396
394 -7 309 1 397
391 -7 330 1 398
415 -7 168 1 399
385 -7 306 1 400
381 -7 265 1 401
394 -7 307 1 402
408 -7 212 1 403
407 -7 154 1 404
398 -7 293 1 405
402 -7 329 1 406
427 -7 280 1 407
407 -7 284 1 408
429 -7 165 1 409
401 -7 260 1 410
407 -7 300 1 411
414 -7 315 1 412
431 -7 154 1 413
407 -7 293 1 414
432 -7 194 1 415
433 -7 282 1 416
422 -7 197 1 417
436 -7 291 1 418
425 -7 324 1 419
413 -7 250 1 420
441 -7 257 1 421
441 -7 225 1 422
441 -7 240 1 423
442 -7 297 1 424
442 -7 210 1 425
442 -7 328 1 426
443 -7 195 1 427
