428
30 9 296 1 0
31 9 248 1 1
32 9 237 1 2
32 9 333 1 3
34 9 203 1 4
34 9 323 1 5
35 9 261 1 6
39 9 299 1 7
47 9 338 1 8
39 9 213 1 9
61 9 222 1 10
56 9 270 1 11
59 9 332 1 12
65 9 228 1 13
63 9 188 1 14
46 9 209 1 15
63 9 305 1 16
61 9 313 1 17
70 9 342 1 18
71 9 231 1 19
77 9 313 1 20
74 9 317 1 21
81 9 305 1 22
74 9 209 1 23
81 9 264 1 24
88 13 224 1 25
78 9 241 1 26
88 9 311 1 27
83 9 226 1 28
95 13 241 1 29
87 9 345 1 30
102 13 241 1 31
87 9 222 1 32
103 13 255 1 33
105 13 247 1 34
93 9 255 1 35
101 9 324 1 36
108 13 271 1 37
108 13 297 1 38
110 13 319 1 39
110 13 247 1 40
111 13 321 1 41
112 13 224 1 42
114 13 225 1 43
118 9 345 1 44
123 9 335 1 45
126 9 200 1 46
132 9 314 1 47
137 13 230 1 48
137 13 274 1 49
130 9 259 1 50
139 13 273 1 51
140 13 305 1 52
146 13 222 1 53
145 13 292 1 54
148 13 255 1 55
150 13 242 1 56
147 9 298 1 57
152 9 309 1 58
153 9 343 1 59
155 13 292 1 60
163 13 309 1 61
159 13 268 1 62
166 13 312 1 63
164 13 270 1 64
162 13 229 1 65
162 13 270 1 66
167 13 222 1 67
173 13 244 1 68
173 13 308 1 69
174 13 260 1 70
175 13 258 1 71
179 13 277 1 72
180 13 240 1 73
182 9 293 1 74
192 9 225 1 75
189 9 291 1 76
185 13 243 1 77
197 13 278 1 78
196 9 322 1 79
208 9 261 1 80
198 13 257 1 81
201 13 241 1 82
200 13 254 1 83
199 9 337 1 84
201 13 288 1 85
218 9 249 1 86
208 9 311 1 87
218 13 322 1 88
207 13 243 1 89
212 13 239 1 90
213 13 265 1 91
209 13 292 1 92
224 13 265 1 93
232 9 259 1 94
220 13 290 1 95
227 13 303 1 96
217 13 280 1 97
222 13 224 1 98
227 13 231 1 99
246 13 280 1 100
236 9 329 1 101
227 13 240 1 102
242 9 275 1 103
235 13 277 1 104
235 13 257 1 105
251 9 286 1 106
235 13 244 1 107
240 13 257 1 108
253 9 287 1 109
254 13 310 1 110
258 9 330 1 111
282 9 268 1 112
263 9 259 1 113
262 9 273 1 114
266 13 235 1 115
262 13 230 1 116
275 9 272 1 117
273 13 294 1 118
267 9 337 1 119
270 13 311 1 120
273 9 345 1 121
284 13 237 1 122
277 13 281 1 123
278 9 309 1 124
286 9 314 1 125
292 9 316 1 126
283 13 223 1 127
289 13 274 1 128
279 13 270 1 129
291 13 240 1 130
307 9 310 1 131
290 13 268 1 132
302 9 312 1 133
280 13 259 1 134
290 9 296 1 135
310 9 281 1 136
296 13 241 1 137
292 13 258 1 138
318 9 279 1 139
311 9 311 1 140
331 9 257 1 141
334 9 261 1 142
323 9 256 1 143
306 9 344 1 144
300 13 273 1 145
335 9 247 1 146
320 9 307 1 147
299 13 267 1 148
342 9 253 1 149
319 9 343 1 150
347 9 258 1 151
310 13 277 1 152
344 9 187 1 153
347 9 224 1 154
350 9 209 1 155
354 9 210 1 156
353 9 237 1 157
362 9 255 1 158
356 9 184 1 159
342 9 345 1 160
353 9 225 1 161
339 9 335 1 162
346 9 308 1 163
363 9 243 1 164
362 9 226 1 165
362 9 195 1 166
363 9 203 1 167
351 9 292 1 168
354 9 312 1 169
354 9 325 1 170
367 9 184 1 171
372 9 248 1 172
360 9 346 1 173
357 9 339 1 174
375 9 184 1 175
379 9 224 1 176
374 9 216 1 177
359 9 300 1 178
372 9 305 1 179
374 9 324 1 180
371 9 347 1 181
380 9 212 1 182
383 9 200 1 183
371 9 300 1 184
381 9 308 1 185
404 9 239 1 186
396 9 188 1 187
392 9 346 1 188
374 9 297 1 189
391 9 194 1 190
391 9 297 1 191
392 9 330 1 192
392 9 290 1 193
408 9 212 1 194
395 9 216 1 195
395 9 321 1 196
394 9 281 1 197
402 9 334 1 198
408 9 347 1 199
391 9 266 1 200
414 9 210 1 201
415 9 197 1 202
401 9 287 1 203
401 9 297 1 204
404 9 320 1 205
394 9 272 1 206
419 9 325 1 207
420 9 230 1 208
422 9 256 1 209
422 9 299 1 210
406 9 295 1 211
423 9 334 1 212
416 9 321 1 213
32 -9 221 1 214
32 -9 267 1 215
33 -9 276 1 216
33 -9 341 1 217
34 -9 318 1 218
35 -9 223 1 219
37 -9 246 1 220
42 -9 184 1 221
39 -9 320 1 222
39 -9 305 1 223
43 -9 342 1 224
40 -9 281 1 225
41 -9 213 1 226
50 -9 191 1 227
61 -9 288 1 228
53 -9 282 1 229
52 -9 302 1 230
46 -9 220 1 231
71 -9 327 1 232
59 -9 192 1 233
60 -9 347 1 234
73 -9 262 1 235
58 -9 312 1 236
71 -9 276 1 237
72 -9 190 1 238
76 -9 203 1 239
77 -9 250 1 240
73 -9 215 1 241
71 -9 290 1 242
74 -9 324 1 243
77 -9 263 1 244
88 -9 333 1 245
81 -9 202 1 246
89 -9 190 1 247
84 -9 239 1 248
88 -9 278 1 249
91 -9 207 1 250
98 -9 333 1 251
90 -9 246 1 252
102 -9 192 1 253
97 -9 205 1 254
94 -9 296 1 255
96 -9 288 1 256
107 -9 343 1 257
105 -9 222 1 258
107 -9 307 1 259
101 -9 236 1 260
110 -9 199 1 261
113 -9 204 1 262
110 -9 230 1 263
115 -9 321 1 264
119 -9 314 1 265
124 -9 303 1 266
123 -9 214 1 267
120 -9 214 1 268
121 -9 237 1 269
133 -9 226 1 270
133 -9 184 1 271
133 -9 341 1 272
140 -9 321 1 273
141 -9 237 1 274
142 -9 212 1 275
146 -9 340 1 276
143 -9 301 1 277
149 -9 192 1 278
147 -9 220 1 279
152 -9 216 1 280
158 -9 237 1 281
155 -9 186 1 282
158 -9 325 1 283
162 -9 260 1 284
162 -9 321 1 285
162 -9 192 1 286
164 -9 332 1 287
171 -9 221 1 288
170 -9 186 1 289
175 -9 225 1 290
171 -9 345 1 291
176 -9 250 1 292
175 -9 308 1 293
183 -9 217 1 294
181 -9 318 1 295
192 -9 306 1 296
189 -9 216 1 297
188 -9 337 1 298
199 -9 230 1 299
203 -9 223 1 300
200 -9 205 1 301
196 -9 185 1 302
200 -9 315 1 303
207 -9 232 1 304
203 -9 339 1 305
209 -9 346 1 306
215 -9 206 1 307
226 -9 260 1 308
215 -9 314 1 309
227 -9 247 1 310
219 -9 336 1 311
227 -9 209 1 312
223 -9 313 1 313
227 -9 184 1 314
235 -9 204 1 315
239 -9 254 1 316
226 -9 344 1 317
230 -9 212 1 318
231 -9 314 1 319
256 -9 228 1 320
237 -9 347 1 321
249 -9 238 1 322
247 -9 190 1 323
251 -9 199 1 324
255 -9 209 1 325
246 -9 325 1 326
246 -9 345 1 327
253 -9 268 1 328
260 -9 236 1 329
260 -9 292 1 330
263 -9 277 1 331
263 -9 250 1 332
272 -9 293 1 333
258 -9 345 1 334
278 -9 189 1 335
275 -9 217 1 336
270 -9 249 1 337
293 -9 212 1 338
273 -9 280 1 339
280 -9 220 1 340
271 -9 315 1 341
287 -9 218 1 342
290 -9 185 1 343
295 -9 191 1 344
279 -9 256 1 345
282 -9 286 1 346
301 -9 299 1 347
284 -9 341 1 348
294 -9 221 1 349
301 -9 252 1 350
294 -9 306 1 351
312 -9 195 1 352
316 -9 200 1 353
329 -9 237 1 354
295 -9 347 1 355
329 -9 263 1 356
325 -9 208 1 357
317 -9 249 1 358
317 -9 274 1 359
334 -9 232 1 360
318 -9 234 1 361
322 -9 315 1 362
342 -9 262 1 363
325 -9 302 1 364
315 -9 338 1 365
340 -9 201 1 366
340 -9 228 1 367
344 -9 240 1 368
340 -9 186 1 369
350 -9 229 1 370
331 -9 247 1 371
352 -9 260 1 372
359 -9 267 1 373
349 -9 227 1 374
349 -9 244 1 375
344 -9 202 1 376
352 -9 256 1 377
348 -9 215 1 378
347 -9 329 1 379
336 -9 326 1 380
357 -9 195 1 381
362 -9 215 1 382
363 -9 246 1 383
357 -9 332 1 384
365 -9 212 1 385
379 -9 232 1 386
370 -9 218 1 387
372 -9 232 1 388
360 -9 318 1 389
359 -9 287 1 390
377 -9 222 1 391
368 -9 292 1 392
370 -9 326 1 393
375 -9 198 1 394
379 -9 198 1 395
383 -9 244 1 396
378 -9 328 1 397
376 -9 347 1 398
394 -9 202 1 399
372 -9 321 1 400
369 -9 281 1 401
379 -9 324 1 402
390 -9 238 1 403
390 -9 185 1 404
384 -9 310 1 405
387 -9 345 1 406
406 -9 304 1 407
392 -9 302 1 408
409 -9 196 1 409
388 -9 276 1 410
392 -9 317 1 411
398 -9 332 1 412
411 -9 184 1 413
394 -9 309 1 414
413 -9 221 1 415
414 -9 303 1 416
406 -9 220 1 417
418 -9 310 1 418
410 -9 339 1 419
402 -9 264 1 420
424 -9 278 1 421
424 -9 247 1 422
424 -9 260 1 423
425 -9 313 1 424
426 -9 231 1 425
426 -9 344 1 426
426 -9 217 1 427
