428
0 3 240 1 0
0 3 173 1 1
0 3 163 1 2
0 3 282 1 3
1 3 121 1 4
1 3 271 1 5
1 3 184 1 6
3 3 227 1 7
19 3 291 1 8
3 3 118 1 9
43 3 151 1 10
32 3 207 1 11
38 3 289 1 12
44 3 149 1 13
40 3 88 1 14
5 3 96 1 15
39 3 243 1 16
33 3 241 1 17
49 3 293 1 18
50 3 145 1 19
59 3 263 1 20
53 3 263 1 21
66 3 257 1 22
51 3 114 1 23
66 3 198 1 24
77 11 168 1 25
56 3 145 1 26
75 3 258 1 27
63 3 134 1 28
86 11 172 1 29
69 3 294 1 30
97 11 197 1 31
66 3 113 1 32
97 11 211 1 33
95 11 172 1 34
71 3 141 1 35
86 3 261 1 36
99 11 200 1 37
99 11 236 1 38
100 11 259 1 39
100 11 183 1 40
100 11 252 1 41
100 11 168 1 42
103 11 161 1 43
109 3 294 1 44
118 3 290 1 45
120 3 92 1 46
129 3 244 1 47
138 11 177 1 48
138 11 200 1 49
123 3 145 1 50
140 11 186 1 51
142 11 220 1 52
147 11 162 1 53
145 11 249 1 54
151 11 206 1 55
155 11 167 1 56
149 3 238 1 57
157 3 244 1 58
157 3 293 1 59
157 11 247 1 60
172 11 247 1 61
162 11 213 1 62
176 11 244 1 63
172 11 210 1 64
167 11 162 1 65
166 11 236 1 66
176 11 163 1 67
183 11 177 1 68
182 11 235 1 69
182 11 200 1 70
185 11 189 1 71
187 11 217 1 72
188 11 188 1 73
191 3 239 1 74
207 3 134 1 75
199 3 236 1 76
190 11 198 1 77
214 11 202 1 78
212 3 249 1 79
234 3 144 1 80
215 11 181 1 81
216 11 170 1 82
215 11 186 1 83
210 3 291 1 84
211 11 242 1 85
244 3 137 1 86
224 3 253 1 87
239 11 258 1 88
218 11 196 1 89
227 11 167 1 90
227 11 201 1 91
219 11 248 1 92
250 11 177 1 93
266 3 154 1 94
233 11 249 1 95
248 11 246 1 96
226 11 244 1 97
236 11 161 1 98
245 11 164 1 99
282 11 184 1 100
259 3 269 1 101
240 11 192 1 102
270 3 199 1 103
253 11 230 1 104
253 11 208 1 105
283 3 210 1 106
249 11 197 1 107
255 11 215 1 108
280 3 220 1 109
280 11 252 1 110
282 3 272 1 111
329 3 163 1 112
289 3 193 1 113
287 3 211 1 114
295 11 164 1 115
283 11 171 1 116
306 3 200 1 117
303 11 227 1 118
291 3 291 1 119
295 11 253 1 120
300 3 294 1 121
317 11 169 1 122
301 11 227 1 123
301 3 260 1 124
316 3 254 1 125
330 3 248 1 126
309 11 160 1 127
319 11 203 1 128
298 11 228 1 129
322 11 176 1 130
353 3 225 1 131
316 11 208 1 132
340 3 242 1 133
294 11 228 1 134
312 3 250 1 135
352 3 204 1 136
323 11 183 1 137
313 11 209 1 138
366 3 188 1 139
349 3 239 1 140
385 3 159 1 141
393 3 157 1 142
368 3 174 1 143
333 3 294 1 144
318 11 239 1 145
389 3 149 1 146
358 3 236 1 147
311 11 237 1 148
399 3 149 1 149
353 3 293 1 150
407 3 147 1 151
329 11 241 1 152
398 3 87 1 153
402 3 124 1 154
400 3 119 1 155
409 3 112 1 156
407 3 141 1 157
423 3 150 1 158
409 3 86 1 159
382 3 294 1 160
404 3 135 1 161
374 3 290 1 162
388 3 250 1 163
420 3 138 1 164
417 3 125 1 165
416 3 99 1 166
417 3 105 1 167
392 3 229 1 168
396 3 255 1 169
396 3 273 1 170
420 3 86 1 171
431 3 152 1 172
403 3 294 1 173
395 3 292 1 174
431 3 86 1 175
436 3 125 1 176
425 3 121 1 177
396 3 248 1 178
419 3 249 1 179
419 3 271 1 180
414 3 295 1 181
430 3 120 1 182
434 3 107 1 183
408 3 255 1 184
425 3 253 1 185
469 3 150 1 186
452 3 88 1 187
443 3 294 1 188
407 3 257 1 189
440 3 107 1 190
439 3 237 1 191
441 3 273 1 192
440 3 231 1 193
470 3 119 1 194
442 3 142 1 195
440 3 268 1 196
438 3 227 1 197
452 3 280 1 198
463 3 295 1 199
426 3 222 1 200
473 3 125 1 201
473 3 106 1 202
442 3 237 1 203
441 3 247 1 204
448 3 272 1 205
425 3 234 1 206
474 3 272 1 207
475 3 160 1 208
475 3 190 1 209
475 3 241 1 210
442 3 250 1 211
476 3 283 1 212
461 3 276 1 213
0 -3 142 1 214
0 -3 201 1 215
0 -3 211 1 216
0 -3 292 1 217
1 -3 262 1 218
1 -3 136 1 219
2 -3 159 1 220
11 -3 86 1 221
3 -3 256 1 222
3 -3 236 1 223
11 -3 293 1 224
3 -3 199 1 225
4 -3 111 1 226
21 -3 89 1 227
43 -3 242 1 228
26 -3 214 1 229
20 -3 227 1 230
5 -3 107 1 231
56 -3 287 1 232
31 -3 89 1 233
31 -3 295 1 234
57 -3 201 1 235
27 -3 237 1 236
50 -3 207 1 237
50 -3 89 1 238
55 -3 103 1 239
58 -3 171 1 240
49 -3 111 1 241
44 -3 214 1 242
51 -3 261 1 243
53 -3 172 1 244
77 -3 289 1 245
61 -3 93 1 246
71 -3 89 1 247
60 -3 129 1 248
69 -3 187 1 249
73 -3 109 1 250
87 -3 289 1 251
67 -3 135 1 252
89 -3 89 1 253
81 -3 94 1 254
75 -3 205 1 255
75 -3 196 1 256
98 -3 293 1 257
90 -3 114 1 258
96 -3 250 1 259
83 -3 120 1 260
100 -3 92 1 261
104 -3 113 1 262
98 -3 119 1 263
105 -3 254 1 264
112 -3 249 1 265
120 -3 242 1 266
117 -3 124 1 267
110 -3 98 1 268
111 -3 130 1 269
130 -3 133 1 270
129 -3 86 1 271
128 -3 292 1 272
138 -3 285 1 273
139 -3 136 1 274
140 -3 97 1 275
148 -3 292 1 276
140 -3 238 1 277
149 -3 89 1 278
146 -3 131 1 279
155 -3 129 1 280
165 -3 138 1 281
159 -3 87 1 282
164 -3 253 1 283
172 -3 148 1 284
170 -3 254 1 285
168 -3 89 1 286
169 -3 289 1 287
180 -3 132 1 288
179 -3 87 1 289
187 -3 102 1 290
178 -3 294 1 291
188 -3 142 1 292
182 -3 248 1 293
197 -3 99 1 294
189 -3 284 1 295
207 -3 240 1 296
199 -3 129 1 297
199 -3 291 1 298
217 -3 135 1 299
225 -3 101 1 300
218 -3 94 1 301
209 -3 87 1 302
215 -3 252 1 303
226 -3 135 1 304
218 -3 292 1 305
227 -3 294 1 306
236 -3 95 1 307
259 -3 154 1 308
233 -3 254 1 309
256 -3 144 1 310
237 -3 291 1 311
255 -3 96 1 312
244 -3 254 1 313
248 -3 86 1 314
265 -3 94 1 315
274 -3 151 1 316
247 -3 294 1 317
253 -3 127 1 318
252 -3 259 1 319
301 -3 103 1 320
258 -3 295 1 321
283 -3 145 1 322
277 -3 89 1 323
285 -3 92 1 324
294 -3 96 1 325
270 -3 272 1 326
269 -3 294 1 327
280 -3 198 1 328
293 -3 144 1 329
292 -3 216 1 330
296 -3 200 1 331
293 -3 180 1 332
311 -3 206 1 333
280 -3 294 1 334
317 -3 88 1 335
305 -3 136 1 336
296 -3 185 1 337
343 -3 97 1 338
302 -3 213 1 339
315 -3 137 1 340
294 -3 264 1 341
323 -3 134 1 342
328 -3 87 1 343
337 -3 89 1 344
304 -3 198 1 345
309 -3 220 1 346
347 -3 216 1 347
311 -3 292 1 348
330 -3 140 1 349
343 -3 162 1 350
326 -3 247 1 351
357 -3 90 1 352
366 -3 93 1 353
393 -3 122 1 354
322 -3 295 1 355
388 -3 158 1 356
376 -3 95 1 357
361 -3 168 1 358
359 -3 196 1 359
391 -3 128 1 360
356 -3 159 1 361
363 -3 237 1 362
399 -3 158 1 363
365 -3 226 1 364
344 -3 291 1 365
392 -3 108 1 366
391 -3 136 1 367
401 -3 139 1 368
389 -3 87 1 369
407 -3 126 1 370
368 -3 180 1 371
409 -3 156 1 372
424 -3 157 1 373
402 -3 130 1 374
402 -3 149 1 375
390 -3 117 1 376
406 -3 155 1 377
394 -3 133 1 378
391 -3 277 1 379
366 -3 287 1 380
407 -3 106 1 381
417 -3 114 1 382
416 -3 151 1 383
403 -3 277 1 384
415 -3 120 1 385
439 -3 128 1 386
421 -3 126 1 387
425 -3 137 1 388
400 -3 268 1 389
398 -3 230 1 390
432 -3 124 1 391
413 -3 232 1 392
414 -3 273 1 393
422 -3 111 1 394
430 -3 103 1 395
440 -3 155 1 396
427 -3 268 1 397
423 -3 295 1 398
459 -3 93 1 399
412 -3 272 1 400
404 -3 229 1 401
424 -3 269 1 402
445 -3 155 1 403
443 -3 87 1 404
429 -3 256 1 405
434 -3 294 1 406
470 -3 229 1 407
438 -3 246 1 408
470 -3 98 1 409
428 -3 225 1 410
437 -3 264 1 411
448 -3 278 1 412
471 -3 87 1 413
435 -3 258 1 414
472 -3 136 1 415
472 -3 236 1 416
455 -3 148 1 417
474 -3 253 1 418
457 -3 292 1 419
437 -3 221 1 420
476 -3 213 1 421
476 -3 180 1 422
476 -3 199 1 423
477 -3 261 1 424
477 -3 168 1 425
477 -3 293 1 426
477 -3 148 1 427
