428
34 10 302 1 0
35 10 256 1 1
35 10 246 1 2
35 10 339 1 3
37 10 212 1 4
37 10 329 1 5
39 10 269 1 6
43 10 307 1 7
50 10 343 1 8
43 10 223 1 9
63 10 230 1 10
59 10 277 1 11
62 10 337 1 12
67 10 237 1 13
66 10 199 1 14
51 10 222 1 15
65 10 312 1 16
64 10 321 1 17
72 10 348 1 18
74 10 241 1 19
79 10 319 1 20
76 10 323 1 21
82 10 311 1 22
76 10 220 1 23
83 10 271 1 24
89 13 231 1 25
81 10 252 1 26
90 10 317 1 27
85 10 237 1 28
97 13 249 1 29
89 10 351 1 30
103 13 246 1 31
89 10 234 1 32
104 13 260 1 33
106 13 256 1 34
96 10 268 1 35
102 10 332 1 36
110 13 279 1 37
110 13 304 1 38
111 13 326 1 39
112 13 254 1 40
112 13 329 1 41
113 13 231 1 42
116 13 232 1 43
119 10 351 1 44
123 10 341 1 45
126 10 212 1 46
133 10 322 1 47
137 13 237 1 48
137 13 283 1 49
131 10 272 1 50
139 13 283 1 51
140 13 315 1 52
145 13 229 1 53
145 13 297 1 54
148 13 261 1 55
149 13 251 1 56
147 10 305 1 57
151 10 316 1 58
152 10 349 1 59
154 13 298 1 60
162 13 316 1 61
158 13 275 1 62
164 13 320 1 63
163 13 277 1 64
161 13 236 1 65
161 13 274 1 66
166 13 229 1 67
172 13 252 1 68
172 13 317 1 69
173 13 266 1 70
174 13 266 1 71
178 13 284 1 72
179 13 246 1 73
180 10 300 1 74
191 10 236 1 75
188 10 298 1 76
185 13 249 1 77
195 13 287 1 78
194 10 330 1 79
205 10 275 1 80
196 13 265 1 81
199 13 249 1 82
198 13 261 1 83
198 10 342 1 84
200 13 293 1 85
215 10 261 1 86
206 10 318 1 87
215 13 329 1 88
206 13 248 1 89
210 13 248 1 90
212 13 272 1 91
208 13 297 1 92
221 13 275 1 93
228 10 271 1 94
218 13 295 1 95
224 13 310 1 96
216 13 284 1 97
220 13 231 1 98
225 13 238 1 99
242 13 291 1 100
233 10 336 1 101
225 13 245 1 102
239 10 283 1 103
233 13 282 1 104
233 13 263 1 105
247 10 295 1 106
233 13 249 1 107
238 13 262 1 108
250 10 294 1 109
251 13 317 1 110
255 10 337 1 111
277 10 280 1 112
260 10 266 1 113
259 10 280 1 114
263 13 243 1 115
259 13 237 1 116
271 10 280 1 117
270 13 301 1 118
265 10 343 1 119
267 13 318 1 120
270 10 351 1 121
280 13 245 1 122
274 13 287 1 123
275 10 314 1 124
282 10 321 1 125
288 10 324 1 126
280 13 230 1 127
285 13 282 1 128
277 13 275 1 129
288 13 247 1 130
301 10 319 1 131
287 13 275 1 132
298 10 320 1 133
278 13 263 1 134
287 10 301 1 135
305 10 289 1 136
293 13 248 1 137
289 13 263 1 138
312 10 289 1 139
306 10 319 1 140
324 10 268 1 141
328 10 273 1 142
318 10 265 1 143
303 10 350 1 144
298 13 277 1 145
329 10 259 1 146
316 10 315 1 147
297 13 271 1 148
336 10 264 1 149
315 10 349 1 150
341 10 271 1 151
308 13 281 1 152
339 10 198 1 153
340 10 235 1 154
344 10 220 1 155
348 10 221 1 156
347 10 248 1 157
355 10 267 1 158
350 10 195 1 159
338 10 351 1 160
348 10 235 1 161
335 10 340 1 162
341 10 315 1 163
356 10 255 1 164
355 10 238 1 165
356 10 206 1 166
357 10 214 1 167
347 10 299 1 168
349 10 319 1 169
349 10 331 1 170
361 10 195 1 171
366 10 259 1 172
355 10 352 1 173
353 10 345 1 174
369 10 195 1 175
372 10 236 1 176
368 10 227 1 177
355 10 306 1 178
367 10 311 1 179
368 10 330 1 180
367 10 353 1 181
374 10 222 1 182
377 10 210 1 183
366 10 305 1 184
376 10 314 1 185
396 10 250 1 186
390 10 199 1 187
386 10 352 1 188
371 10 301 1 189
386 10 204 1 190
385 10 303 1 191
387 10 336 1 192
387 10 297 1 193
401 10 222 1 194
390 10 224 1 195
389 10 327 1 196
389 10 287 1 197
396 10 340 1 198
401 10 353 1 199
387 10 271 1 200
408 10 219 1 201
408 10 207 1 202
396 10 293 1 203
396 10 303 1 204
399 10 326 1 205
390 10 276 1 206
413 10 331 1 207
414 10 238 1 208
416 10 263 1 209
416 10 305 1 210
402 10 300 1 211
417 10 339 1 212
411 10 327 1 213
35 -10 230 1 214
35 -10 274 1 215
37 -10 283 1 216
37 -10 347 1 217
37 -10 324 1 218
39 -10 233 1 219
41 -10 256 1 220
46 -10 195 1 221
43 -10 327 1 222
43 -10 312 1 223
47 -10 348 1 224
45 -10 290 1 225
45 -10 224 1 226
53 -10 203 1 227
63 -10 294 1 228
57 -10 290 1 229
56 -10 310 1 230
51 -10 232 1 231
73 -10 331 1 232
62 -10 203 1 233
63 -10 353 1 234
75 -10 269 1 235
62 -10 321 1 236
74 -10 283 1 237
75 -10 202 1 238
78 -10 214 1 239
79 -10 259 1 240
76 -10 226 1 241
74 -10 299 1 242
77 -10 331 1 243
79 -10 273 1 244
90 -10 338 1 245
84 -10 215 1 246
91 -10 202 1 247
87 -10 251 1 248
91 -10 289 1 249
93 -10 219 1 250
99 -10 338 1 251
92 -10 258 1 252
103 -10 203 1 253
99 -10 217 1 254
97 -10 306 1 255
99 -10 298 1 256
108 -10 349 1 257
106 -10 234 1 258
109 -10 314 1 259
104 -10 249 1 260
111 -10 211 1 261
114 -10 215 1 262
112 -10 242 1 263
117 -10 329 1 264
120 -10 322 1 265
125 -10 310 1 266
124 -10 225 1 267
121 -10 227 1 268
122 -10 250 1 269
133 -10 237 1 270
133 -10 195 1 271
133 -10 347 1 272
140 -10 325 1 273
141 -10 249 1 274
142 -10 225 1 275
146 -10 345 1 276
143 -10 308 1 277
149 -10 204 1 278
147 -10 231 1 279
152 -10 226 1 280
157 -10 249 1 281
155 -10 197 1 282
157 -10 333 1 283
161 -10 272 1 284
161 -10 329 1 285
162 -10 204 1 286
164 -10 337 1 287
169 -10 231 1 288
169 -10 197 1 289
174 -10 239 1 290
170 -10 351 1 291
175 -10 262 1 292
174 -10 315 1 293
182 -10 231 1 294
180 -10 322 1 295
190 -10 314 1 296
187 -10 226 1 297
187 -10 343 1 298
197 -10 241 1 299
201 -10 237 1 300
198 -10 218 1 301
195 -10 197 1 302
198 -10 323 1 303
205 -10 243 1 304
201 -10 344 1 305
207 -10 352 1 306
213 -10 219 1 307
222 -10 272 1 308
212 -10 320 1 309
224 -10 258 1 310
216 -10 341 1 311
224 -10 222 1 312
220 -10 319 1 313
224 -10 195 1 314
232 -10 216 1 315
235 -10 266 1 316
224 -10 350 1 317
227 -10 222 1 318
229 -10 321 1 319
251 -10 243 1 320
234 -10 353 1 321
245 -10 249 1 322
243 -10 202 1 323
247 -10 211 1 324
251 -10 222 1 325
244 -10 331 1 326
244 -10 351 1 327
250 -10 276 1 328
257 -10 246 1 329
256 -10 301 1 330
260 -10 286 1 331
260 -10 258 1 332
268 -10 303 1 333
256 -10 351 1 334
274 -10 201 1 335
271 -10 226 1 336
267 -10 256 1 337
288 -10 225 1 338
269 -10 287 1 339
276 -10 230 1 340
269 -10 321 1 341
283 -10 227 1 342
286 -10 196 1 343
290 -10 203 1 344
276 -10 263 1 345
279 -10 294 1 346
296 -10 309 1 347
281 -10 347 1 348
290 -10 230 1 349
296 -10 263 1 350
291 -10 312 1 351
307 -10 207 1 352
311 -10 213 1 353
322 -10 250 1 354
292 -10 353 1 355
323 -10 275 1 356
319 -10 221 1 357
312 -10 258 1 358
312 -10 283 1 359
327 -10 244 1 360
313 -10 243 1 361
317 -10 323 1 362
335 -10 274 1 363
321 -10 310 1 364
312 -10 343 1 365
334 -10 211 1 366
334 -10 238 1 367
338 -10 251 1 368
334 -10 197 1 369
343 -10 240 1 370
327 -10 254 1 371
345 -10 272 1 372
351 -10 279 1 373
343 -10 238 1 374
343 -10 255 1 375
339 -10 211 1 376
346 -10 267 1 377
342 -10 224 1 378
342 -10 335 1 379
333 -10 331 1 380
351 -10 206 1 381
356 -10 226 1 382
357 -10 257 1 383
352 -10 338 1 384
359 -10 222 1 385
372 -10 244 1 386
364 -10 229 1 387
366 -10 243 1 388
355 -10 324 1 389
355 -10 293 1 390
370 -10 233 1 391
363 -10 299 1 392
365 -10 332 1 393
369 -10 208 1 394
373 -10 209 1 395
377 -10 254 1 396
372 -10 335 1 397
371 -10 353 1 398
387 -10 215 1 399
367 -10 327 1 400
365 -10 287 1 401
374 -10 331 1 402
384 -10 248 1 403
384 -10 197 1 404
378 -10 316 1 405
382 -10 351 1 406
399 -10 312 1 407
386 -10 308 1 408
402 -10 207 1 409
383 -10 281 1 410
387 -10 323 1 411
392 -10 338 1 412
404 -10 195 1 413
389 -10 315 1 414
406 -10 231 1 415
407 -10 311 1 416
400 -10 228 1 417
412 -10 316 1 418
404 -10 345 1 419
398 -10 269 1 420
418 -10 285 1 421
418 -10 255 1 422
418 -10 267 1 423
419 -10 319 1 424
420 -10 238 1 425
420 -10 349 1 426
420 -10 225 1 427
