428
18 7 274 1 0
19 7 219 1 1
19 7 208 1 2
19 7 313 1 3
21 7 172 1 4
21 7 303 1 5
22 7 231 1 6
25 7 271 1 7
36 7 320 1 8
25 7 176 1 9
54 7 194 1 10
47 7 245 1 11
51 7 315 1 12
57 7 197 1 13
54 7 150 1 14
30 7 166 1 15
53 7 281 1 16
50 7 285 1 17
62 7 323 1 18
63 7 197 1 19
70 7 294 1 20
66 7 296 1 21
75 7 287 1 22
65 7 172 1 23
75 7 238 1 24
84 12 202 1 25
69 7 203 1 26
83 7 290 1 27
75 7 190 1 28
92 12 214 1 29
80 7 325 1 30
100 12 224 1 31
79 7 180 1 32
101 12 238 1 33
101 12 218 1 34
84 7 211 1 35
95 7 300 1 36
105 12 244 1 37
105 12 273 1 38
106 12 295 1 39
106 12 222 1 40
107 12 294 1 41
107 12 202 1 42
110 12 200 1 43
114 7 325 1 44
121 7 318 1 45
123 7 159 1 46
131 7 287 1 47
138 12 209 1 48
138 12 245 1 49
127 7 214 1 50
140 12 240 1 51
141 12 272 1 52
146 12 198 1 53
145 12 275 1 54
149 12 236 1 55
152 12 213 1 56
148 7 275 1 57
154 7 284 1 58
154 7 324 1 59
156 12 275 1 60
167 12 285 1 61
160 12 247 1 62
170 12 285 1 63
167 12 247 1 64
164 12 202 1 65
163 12 257 1 66
171 12 199 1 67
177 12 218 1 68
177 12 280 1 69
177 12 236 1 70
179 12 231 1 71
182 12 254 1 72
183 12 220 1 73
185 7 272 1 74
198 7 189 1 75
193 7 270 1 76
187 12 226 1 77
204 12 249 1 78
202 7 294 1 79
218 7 215 1 80
205 12 227 1 81
207 12 213 1 82
206 12 227 1 83
203 7 319 1 84
205 12 270 1 85
228 7 205 1 86
215 7 289 1 87
226 12 297 1 88
211 12 224 1 89
218 12 211 1 90
219 12 240 1 91
213 12 275 1 92
234 12 230 1 93
245 7 218 1 94
224 12 274 1 95
235 12 281 1 96
220 12 266 1 97
228 12 199 1 98
234 12 204 1 99
260 12 243 1 100
245 7 305 1 101
232 12 221 1 102
253 7 245 1 103
242 12 258 1 104
242 12 238 1 105
263 7 256 1 106
240 12 226 1 107
246 12 241 1 108
264 7 261 1 109
264 12 288 1 110
267 7 308 1 111
301 7 227 1 112
273 7 233 1 113
272 7 249 1 114
277 12 207 1 115
270 12 206 1 116
287 7 244 1 117
285 12 268 1 118
277 7 319 1 119
280 12 289 1 120
283 7 325 1 121
297 12 210 1 122
286 12 260 1 123
287 7 290 1 124
298 7 291 1 125
307 7 289 1 126
293 12 198 1 127
301 12 246 1 128
286 12 254 1 129
303 12 215 1 130
325 7 277 1 131
300 12 245 1 132
317 7 285 1 133
285 12 247 1 134
299 7 278 1 135
326 7 251 1 136
307 12 218 1 137
300 12 239 1 138
336 7 243 1 139
326 7 283 1 140
352 7 218 1 141
357 7 220 1 142
341 7 224 1 143
316 7 325 1 144
307 12 260 1 145
356 7 209 1 146
335 7 280 1 147
303 12 255 1 148
364 7 212 1 149
332 7 324 1 150
371 7 215 1 151
317 12 263 1 152
365 7 149 1 153
368 7 185 1 154
369 7 175 1 155
375 7 172 1 156
374 7 199 1 157
386 7 214 1 158
376 7 147 1 159
358 7 325 1 160
373 7 190 1 161
353 7 317 1 162
362 7 285 1 163
385 7 202 1 164
383 7 187 1 165
383 7 158 1 166
384 7 165 1 167
367 7 268 1 168
370 7 290 1 169
370 7 304 1 170
388 7 147 1 171
395 7 210 1 172
377 7 326 1 173
372 7 321 1 174
397 7 147 1 175
401 7 185 1 176
394 7 180 1 177
374 7 280 1 178
391 7 283 1 179
391 7 303 1 180
388 7 327 1 181
399 7 177 1 182
403 7 164 1 183
385 7 282 1 184
399 7 286 1 185
429 7 204 1 186
418 7 150 1 187
412 7 326 1 188
387 7 281 1 189
410 7 161 1 190
409 7 273 1 191
411 7 308 1 192
411 7 267 1 193
432 7 176 1 194
413 7 187 1 195
412 7 300 1 196
411 7 260 1 197
421 7 313 1 198
429 7 327 1 199
404 7 249 1 200
437 7 177 1 201
437 7 162 1 202
417 7 268 1 203
416 7 278 1 204
421 7 302 1 205
406 7 257 1 206
441 7 305 1 207
441 7 202 1 208
443 7 230 1 209
443 7 276 1 210
420 7 277 1 211
444 7 314 1 212
434 7 304 1 213
19 -7 190 1 214
19 -7 241 1 215
20 -7 251 1 216
20 -7 322 1 217
21 -7 296 1 218
22 -7 189 1 219
24 -7 212 1 220
30 -7 146 1 221
25 -7 295 1 222
25 -7 278 1 223
30 -7 323 1 224
26 -7 249 1 225
26 -7 174 1 226
39 -7 152 1 227
54 -7 270 1 228
43 -7 256 1 229
40 -7 272 1 230
30 -7 176 1 231
65 -7 311 1 232
49 -7 152 1 233
48 -7 327 1 234
67 -7 238 1 235
46 -7 283 1 236
63 -7 249 1 237
64 -7 151 1 238
68 -7 165 1 239
70 -7 219 1 240
64 -7 175 1 241
60 -7 260 1 242
65 -7 299 1 243
67 -7 227 1 244
84 -7 316 1 245
73 -7 160 1 246
82 -7 151 1 247
75 -7 195 1 248
81 -7 243 1 249
84 -7 170 1 250
94 -7 316 1 251
81 -7 202 1 252
97 -7 152 1 253
91 -7 162 1 254
87 -7 260 1 255
88 -7 252 1 256
104 -7 324 1 257
99 -7 180 1 258
103 -7 285 1 259
94 -7 190 1 260
106 -7 158 1 261
109 -7 169 1 262
106 -7 186 1 263
111 -7 295 1 264
116 -7 289 1 265
123 -7 279 1 266
121 -7 180 1 267
116 -7 169 1 268
117 -7 195 1 269
132 -7 190 1 270
132 -7 147 1 271
131 -7 322 1 272
139 -7 307 1 273
140 -7 198 1 274
141 -7 168 1 275
147 -7 321 1 276
142 -7 277 1 277
149 -7 153 1 278
147 -7 185 1 279
153 -7 182 1 280
160 -7 198 1 281
156 -7 148 1 282
160 -7 297 1 283
166 -7 216 1 284
165 -7 295 1 285
165 -7 153 1 286
166 -7 316 1 287
174 -7 186 1 288
174 -7 148 1 289
180 -7 178 1 290
173 -7 325 1 291
181 -7 208 1 292
177 -7 285 1 293
189 -7 172 1 294
184 -7 305 1 295
198 -7 280 1 296
193 -7 182 1 297
192 -7 319 1 298
206 -7 193 1 299
212 -7 177 1 300
207 -7 163 1 301
201 -7 148 1 302
206 -7 291 1 303
215 -7 194 1 304
209 -7 320 1 305
216 -7 326 1 306
223 -7 163 1 307
239 -7 218 1 308
221 -7 290 1 309
239 -7 206 1 310
225 -7 318 1 311
238 -7 166 1 312
231 -7 290 1 313
235 -7 147 1 314
247 -7 161 1 315
253 -7 213 1 316
234 -7 325 1 317
239 -7 180 1 318
239 -7 293 1 319
274 -7 180 1 320
245 -7 326 1 321
262 -7 202 1 322
258 -7 151 1 323
264 -7 158 1 324
270 -7 166 1 325
256 -7 304 1 326
255 -7 325 1 327
264 -7 241 1 328
273 -7 200 1 329
272 -7 262 1 330
276 -7 247 1 331
275 -7 223 1 332
287 -7 259 1 333
267 -7 325 1 334
293 -7 151 1 335
287 -7 185 1 336
280 -7 224 1 337
313 -7 168 1 338
284 -7 254 1 339
293 -7 187 1 340
280 -7 295 1 341
301 -7 185 1 342
305 -7 147 1 343
311 -7 152 1 344
289 -7 234 1 345
293 -7 260 1 346
319 -7 267 1 347
295 -7 322 1 348
308 -7 189 1 349
317 -7 217 1 350
307 -7 283 1 351
330 -7 155 1 352
336 -7 159 1 353
354 -7 192 1 354
306 -7 327 1 355
352 -7 222 1 356
345 -7 165 1 357
334 -7 217 1 358
333 -7 244 1 359
356 -7 191 1 360
333 -7 205 1 361
338 -7 284 1 362
364 -7 221 1 363
341 -7 272 1 364
327 -7 320 1 365
360 -7 165 1 366
360 -7 192 1 367
366 -7 200 1 368
359 -7 148 1 369
372 -7 188 1 370
346 -7 221 1 371
374 -7 219 1 372
384 -7 223 1 373
370 -7 189 1 374
370 -7 206 1 375
362 -7 169 1 376
373 -7 216 1 377
366 -7 183 1 378
364 -7 308 1 379
348 -7 311 1 380
376 -7 161 1 381
383 -7 176 1 382
384 -7 209 1 383
375 -7 310 1 384
384 -7 177 1 385
402 -7 191 1 386
390 -7 182 1 387
393 -7 195 1 388
375 -7 299 1 389
374 -7 265 1 390
398 -7 183 1 391
386 -7 269 1 392
387 -7 305 1 393
393 -7 164 1 394
399 -7 162 1 395
405 -7 209 1 396
397 -7 304 1 397
395 -7 326 1 398
419 -7 160 1 399
387 -7 302 1 400
383 -7 261 1 401
397 -7 303 1 402
412 -7 206 1 403
410 -7 148 1 404
401 -7 289 1 405
406 -7 325 1 406
431 -7 275 1 407
410 -7 280 1 408
433 -7 158 1 409
403 -7 256 1 410
410 -7 296 1 411
417 -7 311 1 412
435 -7 147 1 413
410 -7 289 1 414
436 -7 188 1 415
437 -7 277 1 416
425 -7 191 1 417
440 -7 288 1 418
428 -7 321 1 419
415 -7 247 1 420
444 -7 252 1 421
445 -7 221 1 422
445 -7 236 1 423
445 -7 293 1 424
446 -7 206 1 425
446 -7 324 1 426
446 -7 190 1 427
