428
-2 3 237 1 0
-2 3 170 1 1
-2 3 159 1 2
-2 3 279 1 3
-1 3 117 1 4
-1 3 268 1 5
-1 3 180 1 6
1 3 223 1 7
18 3 289 1 8
1 3 113 1 9
42 3 148 1 10
31 3 203 1 11
37 3 287 1 12
43 3 145 1 13
39 3 83 1 14
3 3 90 1 15
38 3 240 1 16
32 3 237 1 17
48 3 290 1 18
49 3 140 1 19
58 3 261 1 20
52 3 260 1 21
66 3 255 1 22
50 3 109 1 23
65 3 195 1 24
77 11 166 1 25
55 3 140 1 26
74 3 255 1 27
62 3 129 1 28
86 11 168 1 29
68 3 291 1 30
97 11 195 1 31
64 3 107 1 32
97 11 209 1 33
95 11 168 1 34
70 3 135 1 35
86 3 257 1 36
99 11 197 1 37
99 11 232 1 38
99 11 255 1 39
99 11 180 1 40
100 11 248 1 41
100 11 165 1 42
102 11 158 1 43
108 3 291 1 44
117 3 288 1 45
119 3 87 1 46
129 3 241 1 47
138 11 174 1 48
138 11 196 1 49
122 3 139 1 50
140 11 182 1 51
142 11 216 1 52
147 11 159 1 53
145 11 247 1 54
151 11 204 1 55
155 11 163 1 56
149 3 235 1 57
157 3 240 1 58
157 3 291 1 59
157 11 245 1 60
172 11 244 1 61
162 11 210 1 62
177 11 240 1 63
172 11 207 1 64
167 11 159 1 65
166 11 234 1 66
176 11 160 1 67
183 11 174 1 68
182 11 232 1 69
183 11 197 1 70
186 11 185 1 71
187 11 214 1 72
188 11 186 1 73
191 3 236 1 74
207 3 129 1 75
200 3 233 1 76
191 11 196 1 77
215 11 198 1 78
213 3 245 1 79
235 3 138 1 80
215 11 178 1 81
217 11 166 1 82
216 11 183 1 83
210 3 288 1 84
212 11 239 1 85
245 3 131 1 86
224 3 250 1 87
241 11 255 1 88
218 11 193 1 89
228 11 164 1 90
227 11 198 1 91
220 11 246 1 92
251 11 173 1 93
268 3 148 1 94
234 11 247 1 95
249 11 244 1 96
227 11 243 1 97
237 11 158 1 98
246 11 161 1 99
284 11 180 1 100
260 3 265 1 101
240 11 190 1 102
272 3 195 1 103
254 11 227 1 104
254 11 205 1 105
284 3 206 1 106
250 11 195 1 107
256 11 213 1 108
281 3 217 1 109
281 11 249 1 110
284 3 269 1 111
332 3 158 1 112
291 3 190 1 113
288 3 208 1 114
296 11 161 1 115
284 11 167 1 116
308 3 196 1 117
305 11 224 1 118
292 3 289 1 119
296 11 250 1 120
301 3 291 1 121
318 11 165 1 122
302 11 224 1 123
302 3 257 1 124
318 3 251 1 125
332 3 244 1 126
310 11 157 1 127
321 11 199 1 128
299 11 225 1 129
323 11 172 1 130
355 3 220 1 131
317 11 205 1 132
342 3 239 1 133
295 11 226 1 134
314 3 247 1 135
354 3 200 1 136
324 11 180 1 137
314 11 206 1 138
368 3 183 1 139
351 3 235 1 140
388 3 153 1 141
396 3 152 1 142
371 3 170 1 143
335 3 291 1 144
319 11 237 1 145
392 3 144 1 146
360 3 233 1 147
312 11 235 1 148
402 3 144 1 149
354 3 291 1 150
410 3 142 1 151
330 11 239 1 152
401 3 82 1 153
405 3 119 1 154
403 3 114 1 155
412 3 106 1 156
409 3 136 1 157
426 3 144 1 158
412 3 81 1 159
384 3 291 1 160
406 3 131 1 161
376 3 288 1 162
390 3 247 1 163
423 3 133 1 164
420 3 120 1 165
419 3 94 1 166
420 3 100 1 167
394 3 226 1 168
399 3 252 1 169
398 3 270 1 170
423 3 81 1 171
434 3 147 1 172
405 3 292 1 173
397 3 289 1 174
433 3 81 1 175
439 3 119 1 176
428 3 116 1 177
398 3 246 1 178
422 3 246 1 179
421 3 268 1 180
417 3 292 1 181
433 3 115 1 182
437 3 102 1 183
410 3 253 1 184
428 3 250 1 185
472 3 145 1 186
455 3 83 1 187
446 3 292 1 188
409 3 255 1 189
443 3 103 1 190
441 3 234 1 191
444 3 270 1 192
443 3 228 1 193
473 3 114 1 194
444 3 139 1 195
442 3 265 1 196
440 3 225 1 197
455 3 278 1 198
466 3 292 1 199
428 3 220 1 200
476 3 120 1 201
476 3 101 1 202
444 3 235 1 203
443 3 245 1 204
450 3 270 1 205
427 3 232 1 206
477 3 270 1 207
478 3 157 1 208
478 3 187 1 209
478 3 238 1 210
443 3 247 1 211
479 3 280 1 212
463 3 274 1 213
-2 -3 138 1 214
-2 -3 197 1 215
-1 -3 208 1 216
-1 -3 289 1 217
-1 -3 259 1 218
-1 -3 131 1 219
0 -3 154 1 220
9 -3 81 1 221
1 -3 252 1 222
1 -3 232 1 223
9 -3 290 1 224
1 -3 195 1 225
2 -3 106 1 226
19 -3 84 1 227
42 -3 240 1 228
24 -3 211 1 229
19 -3 223 1 230
3 -3 101 1 231
55 -3 285 1 232
30 -3 84 1 233
29 -3 292 1 234
56 -3 197 1 235
25 -3 233 1 236
49 -3 203 1 237
49 -3 83 1 238
54 -3 98 1 239
57 -3 167 1 240
48 -3 106 1 241
43 -3 210 1 242
50 -3 257 1 243
52 -3 167 1 244
76 -3 287 1 245
60 -3 88 1 246
70 -3 83 1 247
59 -3 123 1 248
68 -3 182 1 249
72 -3 104 1 250
87 -3 287 1 251
66 -3 129 1 252
89 -3 84 1 253
80 -3 88 1 254
74 -3 200 1 255
74 -3 191 1 256
97 -3 291 1 257
90 -3 109 1 258
95 -3 248 1 259
82 -3 114 1 260
99 -3 86 1 261
104 -3 108 1 262
97 -3 113 1 263
104 -3 250 1 264
112 -3 246 1 265
120 -3 239 1 266
116 -3 119 1 267
110 -3 91 1 268
111 -3 124 1 269
130 -3 128 1 270
129 -3 81 1 271
128 -3 290 1 272
138 -3 283 1 273
139 -3 131 1 274
140 -3 91 1 275
148 -3 290 1 276
140 -3 235 1 277
149 -3 84 1 278
146 -3 126 1 279
155 -3 125 1 280
165 -3 132 1 281
159 -3 82 1 282
164 -3 249 1 283
172 -3 142 1 284
171 -3 250 1 285
169 -3 84 1 286
169 -3 287 1 287
180 -3 128 1 288
179 -3 82 1 289
188 -3 96 1 290
178 -3 291 1 291
188 -3 136 1 292
182 -3 245 1 293
198 -3 93 1 294
189 -3 282 1 295
208 -3 236 1 296
200 -3 125 1 297
199 -3 289 1 298
217 -3 130 1 299
226 -3 95 1 300
219 -3 89 1 301
210 -3 82 1 302
216 -3 248 1 303
227 -3 130 1 304
219 -3 289 1 305
227 -3 292 1 306
238 -3 89 1 307
261 -3 148 1 308
234 -3 251 1 309
258 -3 139 1 310
238 -3 288 1 311
257 -3 90 1 312
245 -3 251 1 313
249 -3 81 1 314
267 -3 88 1 315
276 -3 145 1 316
248 -3 291 1 317
254 -3 123 1 318
254 -3 256 1 319
304 -3 97 1 320
259 -3 292 1 321
285 -3 140 1 322
278 -3 83 1 323
287 -3 86 1 324
296 -3 90 1 325
271 -3 269 1 326
270 -3 291 1 327
281 -3 195 1 328
295 -3 139 1 329
293 -3 212 1 330
298 -3 196 1 331
295 -3 177 1 332
313 -3 202 1 333
282 -3 291 1 334
319 -3 83 1 335
307 -3 132 1 336
297 -3 182 1 337
346 -3 91 1 338
303 -3 210 1 339
317 -3 132 1 340
295 -3 261 1 341
325 -3 129 1 342
330 -3 81 1 343
339 -3 84 1 344
305 -3 195 1 345
310 -3 217 1 346
350 -3 212 1 347
313 -3 290 1 348
332 -3 136 1 349
345 -3 157 1 350
328 -3 244 1 351
360 -3 85 1 352
369 -3 87 1 353
396 -3 116 1 354
324 -3 292 1 355
391 -3 152 1 356
379 -3 90 1 357
363 -3 164 1 358
361 -3 192 1 359
393 -3 122 1 360
358 -3 155 1 361
365 -3 232 1 362
401 -3 153 1 363
367 -3 222 1 364
346 -3 289 1 365
395 -3 103 1 366
394 -3 131 1 367
404 -3 133 1 368
392 -3 82 1 369
409 -3 121 1 370
370 -3 178 1 371
412 -3 151 1 372
427 -3 151 1 373
405 -3 125 1 374
405 -3 144 1 375
393 -3 112 1 376
409 -3 150 1 377
396 -3 129 1 378
393 -3 274 1 379
368 -3 285 1 380
409 -3 101 1 381
420 -3 108 1 382
419 -3 146 1 383
406 -3 274 1 384
418 -3 115 1 385
442 -3 122 1 386
424 -3 121 1 387
428 -3 132 1 388
402 -3 265 1 389
400 -3 227 1 390
435 -3 118 1 391
416 -3 229 1 392
416 -3 270 1 393
425 -3 106 1 394
433 -3 98 1 395
443 -3 151 1 396
429 -3 264 1 397
426 -3 292 1 398
462 -3 88 1 399
414 -3 269 1 400
406 -3 227 1 401
426 -3 266 1 402
448 -3 151 1 403
446 -3 82 1 404
431 -3 253 1 405
437 -3 291 1 406
473 -3 226 1 407
440 -3 243 1 408
474 -3 93 1 409
430 -3 223 1 410
439 -3 261 1 411
450 -3 276 1 412
475 -3 82 1 413
437 -3 255 1 414
475 -3 132 1 415
475 -3 233 1 416
457 -3 144 1 417
477 -3 250 1 418
459 -3 289 1 419
439 -3 219 1 420
479 -3 209 1 421
479 -3 177 1 422
479 -3 196 1 423
479 -3 258 1 424
480 -3 164 1 425
480 -3 291 1 426
480 -3 145 1 427
