428
23 7 282 1 0
23 7 229 1 1
24 7 218 1 2
24 7 320 1 3
25 7 182 1 4
25 7 310 1 5
26 7 242 1 6
29 7 281 1 7
40 7 326 1 8
30 7 188 1 9
56 7 204 1 10
50 7 254 1 11
54 7 321 1 12
59 7 208 1 13
57 7 163 1 14
36 7 180 1 15
57 7 289 1 16
54 7 294 1 17
65 7 330 1 18
66 7 209 1 19
72 7 300 1 20
68 7 303 1 21
77 7 293 1 22
68 7 185 1 23
77 7 247 1 24
85 12 210 1 25
73 7 217 1 26
85 7 298 1 27
78 7 203 1 28
93 12 223 1 29
83 7 333 1 30
101 12 230 1 31
81 7 194 1 32
102 12 244 1 33
103 12 228 1 34
88 7 226 1 35
97 7 308 1 36
106 12 253 1 37
106 12 282 1 38
107 12 304 1 39
108 12 231 1 40
108 12 304 1 41
109 12 210 1 42
111 12 208 1 43
116 7 333 1 44
121 7 324 1 45
124 7 173 1 46
132 7 296 1 47
137 12 217 1 48
137 12 256 1 49
128 7 230 1 50
139 12 251 1 51
140 12 284 1 52
146 12 207 1 53
145 12 281 1 54
149 12 243 1 55
151 12 223 1 56
147 7 283 1 57
153 7 292 1 58
154 7 330 1 59
155 12 281 1 60
165 12 293 1 61
159 12 254 1 62
168 12 295 1 63
166 12 255 1 64
163 12 212 1 65
163 12 261 1 66
169 12 207 1 67
175 12 227 1 68
175 12 290 1 69
176 12 245 1 70
178 12 241 1 71
181 12 262 1 72
182 12 227 1 73
184 7 280 1 74
196 7 202 1 75
192 7 277 1 76
187 12 232 1 77
201 12 259 1 78
200 7 303 1 79
215 7 232 1 80
202 12 238 1 81
204 12 223 1 82
204 12 237 1 83
202 7 325 1 84
204 12 276 1 85
224 7 220 1 86
212 7 296 1 87
222 12 306 1 88
210 12 231 1 89
216 12 221 1 90
217 12 249 1 91
212 12 281 1 92
230 12 243 1 93
241 7 232 1 94
223 12 280 1 95
232 12 289 1 96
220 12 271 1 97
225 12 208 1 98
232 12 214 1 99
256 12 256 1 100
242 7 314 1 101
230 12 228 1 102
249 7 256 1 103
240 12 265 1 104
240 12 245 1 105
259 7 267 1 106
239 12 232 1 107
244 12 246 1 108
260 7 270 1 109
261 12 295 1 110
264 7 315 1 111
294 7 241 1 112
270 7 242 1 113
268 7 257 1 114
274 12 217 1 115
267 12 215 1 116
283 7 253 1 117
281 12 277 1 118
273 7 326 1 119
276 12 296 1 120
280 7 333 1 121
292 12 220 1 122
283 12 267 1 123
284 7 296 1 124
293 7 299 1 125
302 7 299 1 126
289 12 207 1 127
296 12 256 1 128
284 12 259 1 129
299 12 223 1 130
318 7 288 1 131
296 12 253 1 132
312 7 294 1 133
284 12 251 1 134
295 7 284 1 135
321 7 261 1 136
303 12 227 1 137
297 12 245 1 138
330 7 256 1 139
320 7 293 1 140
344 7 232 1 141
349 7 235 1 142
334 7 235 1 143
313 7 331 1 144
305 12 264 1 145
349 7 222 1 146
330 7 289 1 147
302 12 260 1 148
357 7 226 1 149
328 7 330 1 150
362 7 230 1 151
315 12 267 1 152
358 7 162 1 153
361 7 198 1 154
363 7 186 1 155
368 7 185 1 156
367 7 213 1 157
377 7 228 1 158
369 7 160 1 159
353 7 332 1 160
366 7 202 1 161
348 7 324 1 162
357 7 294 1 163
377 7 216 1 164
376 7 200 1 165
376 7 172 1 166
377 7 179 1 167
362 7 276 1 168
365 7 298 1 169
364 7 312 1 170
380 7 160 1 171
387 7 224 1 172
371 7 333 1 173
367 7 327 1 174
389 7 160 1 175
393 7 199 1 176
386 7 192 1 177
368 7 287 1 178
384 7 291 1 179
385 7 311 1 180
382 7 334 1 181
393 7 188 1 182
396 7 177 1 183
380 7 289 1 184
392 7 294 1 185
420 7 217 1 186
410 7 163 1 187
405 7 333 1 188
383 7 287 1 189
404 7 173 1 190
403 7 282 1 191
405 7 315 1 192
404 7 275 1 193
424 7 188 1 194
407 7 197 1 195
406 7 308 1 196
405 7 267 1 197
415 7 320 1 198
422 7 334 1 199
400 7 255 1 200
429 7 188 1 201
430 7 175 1 202
411 7 274 1 203
411 7 284 1 204
415 7 308 1 205
402 7 262 1 206
433 7 312 1 207
434 7 212 1 208
435 7 239 1 209
435 7 284 1 210
415 7 284 1 211
436 7 321 1 212
427 7 310 1 213
24 -7 201 1 214
24 -7 250 1 215
25 -7 260 1 216
25 -7 329 1 217
25 -7 304 1 218
26 -7 201 1 219
28 -7 224 1 220
34 -7 160 1 221
29 -7 304 1 222
30 -7 287 1 223
35 -7 330 1 224
31 -7 260 1 225
32 -7 187 1 226
43 -7 166 1 227
56 -7 277 1 228
46 -7 265 1 229
44 -7 283 1 230
36 -7 191 1 231
67 -7 317 1 232
52 -7 167 1 233
52 -7 334 1 234
69 -7 247 1 235
50 -7 293 1 236
66 -7 258 1 237
67 -7 166 1 238
70 -7 178 1 239
72 -7 230 1 240
67 -7 188 1 241
64 -7 271 1 242
68 -7 308 1 243
71 -7 240 1 244
85 -7 322 1 245
76 -7 176 1 246
84 -7 166 1 247
78 -7 211 1 248
83 -7 255 1 249
86 -7 182 1 250
95 -7 322 1 251
84 -7 218 1 252
99 -7 167 1 253
93 -7 178 1 254
89 -7 273 1 255
91 -7 265 1 256
105 -7 330 1 257
101 -7 194 1 258
104 -7 293 1 259
97 -7 207 1 260
108 -7 172 1 261
111 -7 181 1 262
107 -7 202 1 263
113 -7 304 1 264
117 -7 298 1 265
123 -7 288 1 266
121 -7 191 1 267
118 -7 184 1 268
119 -7 210 1 269
132 -7 202 1 270
132 -7 160 1 271
132 -7 329 1 272
139 -7 311 1 273
140 -7 211 1 274
142 -7 183 1 275
146 -7 328 1 276
142 -7 285 1 277
149 -7 167 1 278
147 -7 198 1 279
153 -7 194 1 280
159 -7 212 1 281
156 -7 162 1 282
159 -7 306 1 283
164 -7 231 1 284
164 -7 304 1 285
164 -7 167 1 286
166 -7 321 1 287
173 -7 198 1 288
172 -7 162 1 289
178 -7 194 1 290
172 -7 333 1 291
179 -7 223 1 292
176 -7 293 1 293
187 -7 187 1 294
183 -7 309 1 295
196 -7 290 1 296
191 -7 194 1 297
191 -7 326 1 298
203 -7 206 1 299
209 -7 192 1 300
204 -7 178 1 301
200 -7 161 1 302
204 -7 299 1 303
212 -7 207 1 304
207 -7 327 1 305
214 -7 333 1 306
220 -7 179 1 307
234 -7 233 1 308
220 -7 299 1 309
234 -7 221 1 310
222 -7 325 1 311
234 -7 180 1 312
228 -7 298 1 313
232 -7 160 1 314
243 -7 177 1 315
248 -7 228 1 316
231 -7 331 1 317
236 -7 190 1 318
237 -7 300 1 319
268 -7 197 1 320
242 -7 334 1 321
258 -7 214 1 322
254 -7 166 1 323
260 -7 173 1 324
265 -7 180 1 325
252 -7 312 1 326
252 -7 333 1 327
260 -7 250 1 328
269 -7 212 1 329
268 -7 273 1 330
272 -7 258 1 331
271 -7 232 1 332
282 -7 271 1 333
264 -7 332 1 334
288 -7 164 1 335
282 -7 196 1 336
276 -7 233 1 337
306 -7 182 1 338
280 -7 263 1 339
289 -7 199 1 340
277 -7 303 1 341
297 -7 196 1 342
300 -7 161 1 343
305 -7 166 1 344
285 -7 241 1 345
289 -7 270 1 346
313 -7 278 1 347
291 -7 329 1 348
304 -7 200 1 349
312 -7 229 1 350
302 -7 291 1 351
323 -7 169 1 352
329 -7 174 1 353
345 -7 207 1 354
302 -7 334 1 355
344 -7 236 1 356
338 -7 180 1 357
328 -7 228 1 358
327 -7 254 1 359
348 -7 206 1 360
327 -7 215 1 361
332 -7 295 1 362
356 -7 236 1 363
335 -7 283 1 364
323 -7 326 1 365
353 -7 178 1 366
352 -7 204 1 367
359 -7 214 1 368
352 -7 162 1 369
364 -7 203 1 370
340 -7 230 1 371
366 -7 234 1 372
375 -7 239 1 373
362 -7 202 1 374
362 -7 220 1 375
356 -7 180 1 376
366 -7 230 1 377
359 -7 194 1 378
358 -7 316 1 379
344 -7 316 1 380
370 -7 174 1 381
376 -7 189 1 382
376 -7 222 1 383
369 -7 318 1 384
378 -7 188 1 385
394 -7 206 1 386
383 -7 195 1 387
385 -7 208 1 388
370 -7 305 1 389
369 -7 272 1 390
391 -7 197 1 391
379 -7 277 1 392
381 -7 313 1 393
387 -7 177 1 394
391 -7 175 1 395
398 -7 221 1 396
390 -7 313 1 397
388 -7 334 1 398
411 -7 176 1 399
382 -7 309 1 400
378 -7 268 1 401
390 -7 310 1 402
404 -7 217 1 403
403 -7 161 1 404
395 -7 296 1 405
399 -7 333 1 406
422 -7 285 1 407
403 -7 288 1 408
424 -7 172 1 409
398 -7 263 1 410
403 -7 304 1 411
411 -7 318 1 412
426 -7 160 1 413
404 -7 297 1 414
428 -7 200 1 415
428 -7 286 1 416
418 -7 202 1 417
432 -7 295 1 418
421 -7 327 1 419
411 -7 253 1 420
437 -7 261 1 421
437 -7 230 1 422
437 -7 244 1 423
438 -7 300 1 424
438 -7 215 1 425
438 -7 331 1 426
439 -7 199 1 427
