428
27 8 289 1 0
27 8 239 1 1
28 8 229 1 2
28 8 327 1 3
30 8 193 1 4
30 8 317 1 5
31 8 252 1 6
34 8 291 1 7
43 8 333 1 8
35 8 201 1 9
59 8 214 1 10
53 8 262 1 11
57 8 327 1 12
62 8 219 1 13
60 8 177 1 14
41 8 196 1 15
60 8 298 1 16
58 8 304 1 17
67 8 337 1 18
69 8 221 1 19
75 8 307 1 20
71 8 311 1 21
79 8 300 1 22
71 8 198 1 23
79 8 256 1 24
87 12 218 1 25
75 8 230 1 26
87 8 305 1 27
81 8 216 1 28
94 12 233 1 29
85 8 340 1 30
102 12 236 1 31
84 8 209 1 32
103 12 250 1 33
104 12 239 1 34
90 8 242 1 35
99 8 317 1 36
107 12 263 1 37
107 12 290 1 38
109 12 312 1 39
109 12 240 1 40
110 12 313 1 41
110 12 218 1 42
113 12 217 1 43
117 8 340 1 44
122 8 330 1 45
125 8 187 1 46
132 8 306 1 47
137 12 224 1 48
137 12 266 1 49
129 8 246 1 50
139 12 263 1 51
140 12 295 1 52
146 12 215 1 53
145 12 287 1 54
148 12 249 1 55
151 12 234 1 56
147 8 291 1 57
153 8 301 1 58
153 8 337 1 59
155 12 287 1 60
164 12 302 1 61
159 12 262 1 62
167 12 304 1 63
165 12 263 1 64
163 12 221 1 65
162 12 266 1 66
168 12 215 1 67
174 12 236 1 68
174 12 300 1 69
175 12 253 1 70
176 12 250 1 71
180 12 270 1 72
181 12 234 1 73
183 8 287 1 74
194 8 214 1 75
190 8 285 1 76
186 12 238 1 77
199 12 270 1 78
198 8 313 1 79
211 8 248 1 80
200 12 248 1 81
202 12 233 1 82
202 12 246 1 83
200 8 331 1 84
202 12 282 1 85
221 8 236 1 86
210 8 304 1 87
220 12 315 1 88
208 12 237 1 89
214 12 231 1 90
215 12 258 1 91
210 12 287 1 92
227 12 255 1 93
236 8 247 1 94
221 12 285 1 95
229 12 297 1 96
218 12 276 1 97
224 12 216 1 98
229 12 223 1 99
251 12 269 1 100
239 8 322 1 101
228 12 234 1 102
245 8 266 1 103
237 12 271 1 104
237 12 252 1 105
254 8 277 1 106
237 12 239 1 107
242 12 252 1 108
257 8 279 1 109
257 12 303 1 110
260 8 323 1 111
288 8 256 1 112
266 8 251 1 113
265 8 266 1 114
270 12 227 1 115
264 12 223 1 116
279 8 263 1 117
277 12 286 1 118
270 8 332 1 119
273 12 304 1 120
276 8 340 1 121
288 12 229 1 122
280 12 275 1 123
281 8 303 1 124
289 8 307 1 125
297 8 308 1 126
286 12 216 1 127
292 12 265 1 128
281 12 265 1 129
295 12 232 1 130
312 8 300 1 131
293 12 261 1 132
307 8 304 1 133
282 12 255 1 134
292 8 290 1 135
315 8 272 1 136
300 12 235 1 137
294 12 252 1 138
323 8 268 1 139
315 8 303 1 140
337 8 245 1 141
341 8 249 1 142
328 8 246 1 143
309 8 338 1 144
302 12 269 1 145
341 8 236 1 146
325 8 299 1 147
300 12 264 1 148
349 8 240 1 149
323 8 337 1 150
354 8 245 1 151
312 12 272 1 152
351 8 176 1 153
353 8 212 1 154
356 8 199 1 155
360 8 198 1 156
360 8 226 1 157
369 8 243 1 158
362 8 174 1 159
347 8 339 1 160
359 8 215 1 161
343 8 330 1 162
351 8 302 1 163
369 8 231 1 164
368 8 214 1 165
368 8 184 1 166
369 8 191 1 167
356 8 285 1 168
359 8 306 1 169
358 8 319 1 170
373 8 174 1 171
379 8 237 1 172
365 8 340 1 173
362 8 334 1 174
382 8 174 1 175
385 8 213 1 176
379 8 205 1 177
364 8 294 1 178
378 8 298 1 179
379 8 318 1 180
376 8 341 1 181
386 8 201 1 182
389 8 189 1 183
375 8 295 1 184
386 8 301 1 185
411 8 229 1 186
403 8 177 1 187
398 8 340 1 188
378 8 292 1 189
397 8 184 1 190
396 8 290 1 191
398 8 323 1 192
398 8 283 1 193
415 8 201 1 194
400 8 207 1 195
400 8 315 1 196
399 8 274 1 197
408 8 327 1 198
414 8 341 1 199
395 8 261 1 200
421 8 200 1 201
422 8 186 1 202
406 8 281 1 203
405 8 291 1 204
409 8 315 1 205
398 8 267 1 206
426 8 319 1 207
426 8 222 1 208
428 8 248 1 209
428 8 292 1 210
410 8 290 1 211
429 8 328 1 212
421 8 316 1 213
28 -8 212 1 214
28 -8 259 1 215
29 -8 269 1 216
29 -8 336 1 217
30 -8 311 1 218
31 -8 213 1 219
33 -8 236 1 220
39 -8 173 1 221
34 -8 313 1 222
35 -8 297 1 223
39 -8 337 1 224
36 -8 271 1 225
37 -8 201 1 226
47 -8 180 1 227
59 -8 283 1 228
50 -8 274 1 229
49 -8 293 1 230
41 -8 206 1 231
69 -8 322 1 232
56 -8 180 1 233
56 -8 341 1 234
71 -8 255 1 235
54 -8 303 1 236
69 -8 268 1 237
70 -8 180 1 238
73 -8 191 1 239
75 -8 241 1 240
70 -8 202 1 241
67 -8 281 1 242
71 -8 316 1 243
74 -8 252 1 244
87 -8 328 1 245
79 -8 190 1 246
87 -8 180 1 247
81 -8 226 1 248
86 -8 268 1 249
89 -8 196 1 250
97 -8 328 1 251
87 -8 233 1 252
100 -8 180 1 253
95 -8 192 1 254
92 -8 285 1 255
94 -8 277 1 256
106 -8 337 1 257
103 -8 209 1 258
106 -8 301 1 259
99 -8 223 1 260
109 -8 186 1 261
112 -8 193 1 262
109 -8 217 1 263
114 -8 313 1 264
118 -8 307 1 265
124 -8 296 1 266
122 -8 204 1 267
119 -8 200 1 268
120 -8 225 1 269
133 -8 215 1 270
133 -8 174 1 271
132 -8 335 1 272
140 -8 316 1 273
140 -8 225 1 274
142 -8 199 1 275
146 -8 334 1 276
143 -8 294 1 277
149 -8 180 1 278
147 -8 210 1 279
152 -8 206 1 280
158 -8 226 1 281
155 -8 175 1 282
158 -8 316 1 283
163 -8 247 1 284
163 -8 313 1 285
163 -8 180 1 286
165 -8 327 1 287
172 -8 210 1 288
171 -8 175 1 289
177 -8 211 1 290
171 -8 340 1 291
178 -8 237 1 292
175 -8 301 1 293
185 -8 203 1 294
182 -8 314 1 295
194 -8 299 1 296
190 -8 206 1 297
190 -8 332 1 298
201 -8 219 1 299
206 -8 209 1 300
202 -8 192 1 301
198 -8 175 1 302
202 -8 308 1 303
210 -8 221 1 304
205 -8 333 1 305
211 -8 340 1 306
218 -8 193 1 307
230 -8 247 1 308
217 -8 307 1 309
231 -8 235 1 310
220 -8 331 1 311
230 -8 196 1 312
225 -8 306 1 313
229 -8 174 1 314
239 -8 191 1 315
243 -8 242 1 316
229 -8 338 1 317
233 -8 202 1 318
234 -8 308 1 319
262 -8 214 1 320
239 -8 341 1 321
253 -8 227 1 322
250 -8 180 1 323
255 -8 187 1 324
260 -8 196 1 325
249 -8 319 1 326
249 -8 340 1 327
257 -8 260 1 328
264 -8 225 1 329
263 -8 283 1 330
267 -8 268 1 331
267 -8 242 1 332
277 -8 283 1 333
261 -8 339 1 334
283 -8 178 1 335
278 -8 207 1 336
273 -8 242 1 337
299 -8 198 1 338
276 -8 272 1 339
284 -8 210 1 340
274 -8 310 1 341
292 -8 208 1 342
295 -8 174 1 343
300 -8 180 1 344
282 -8 249 1 345
286 -8 279 1 346
307 -8 290 1 347
287 -8 335 1 348
299 -8 211 1 349
306 -8 242 1 350
298 -8 299 1 351
317 -8 183 1 352
322 -8 188 1 353
337 -8 223 1 354
298 -8 341 1 355
336 -8 251 1 356
331 -8 195 1 357
322 -8 239 1 358
321 -8 265 1 359
340 -8 220 1 360
322 -8 226 1 361
327 -8 305 1 362
348 -8 250 1 363
330 -8 293 1 364
319 -8 333 1 365
346 -8 190 1 366
345 -8 217 1 367
351 -8 228 1 368
345 -8 175 1 369
356 -8 217 1 370
336 -8 239 1 371
358 -8 248 1 372
366 -8 254 1 373
355 -8 215 1 374
355 -8 233 1 375
350 -8 192 1 376
358 -8 244 1 377
353 -8 205 1 378
352 -8 323 1 379
340 -8 322 1 380
363 -8 185 1 381
368 -8 203 1 382
369 -8 235 1 383
363 -8 325 1 384
371 -8 201 1 385
386 -8 220 1 386
376 -8 208 1 387
378 -8 221 1 388
364 -8 312 1 389
364 -8 280 1 390
383 -8 210 1 391
373 -8 285 1 392
375 -8 320 1 393
380 -8 188 1 394
384 -8 187 1 395
390 -8 233 1 396
384 -8 321 1 397
382 -8 341 1 398
402 -8 190 1 399
376 -8 316 1 400
373 -8 275 1 401
384 -8 318 1 402
397 -8 229 1 403
396 -8 175 1 404
389 -8 304 1 405
393 -8 340 1 406
414 -8 295 1 407
397 -8 295 1 408
416 -8 184 1 409
392 -8 270 1 410
397 -8 311 1 411
404 -8 325 1 412
418 -8 174 1 413
399 -8 304 1 414
420 -8 211 1 415
420 -8 295 1 416
412 -8 212 1 417
425 -8 303 1 418
415 -8 334 1 419
406 -8 259 1 420
430 -8 270 1 421
430 -8 239 1 422
430 -8 253 1 423
431 -8 307 1 424
431 -8 223 1 425
431 -8 338 1 426
432 -8 209 1 427
