428
17 6 272 1 0
18 6 216 1 1
18 6 205 1 2
18 6 312 1 3
20 6 169 1 4
20 6 301 1 5
21 6 229 1 6
23 6 269 1 7
35 6 318 1 8
24 6 173 1 9
53 6 192 1 10
46 6 243 1 11
50 6 314 1 12
56 6 194 1 13
53 6 146 1 14
29 6 162 1 15
53 6 279 1 16
49 6 282 1 17
61 6 321 1 18
62 6 194 1 19
69 6 292 1 20
65 6 294 1 21
75 6 285 1 22
64 6 169 1 23
74 6 236 1 24
83 12 200 1 25
69 6 200 1 26
83 6 289 1 27
74 6 187 1 28
92 12 211 1 29
80 6 324 1 30
100 12 223 1 31
78 6 176 1 32
101 12 237 1 33
101 12 215 1 34
84 6 207 1 35
95 6 297 1 36
105 12 241 1 37
105 12 271 1 38
105 12 293 1 39
106 12 220 1 40
106 12 292 1 41
107 12 200 1 42
109 12 197 1 43
114 6 324 1 44
121 6 316 1 45
123 6 155 1 46
131 6 284 1 47
138 12 207 1 48
138 12 243 1 49
127 6 210 1 50
140 12 237 1 51
141 12 269 1 52
146 12 196 1 53
145 12 274 1 54
149 12 235 1 55
152 12 210 1 56
148 6 273 1 57
154 6 281 1 58
155 6 322 1 59
156 12 273 1 60
167 12 283 1 61
160 12 245 1 62
170 12 283 1 63
167 12 245 1 64
164 12 200 1 65
163 12 256 1 66
171 12 197 1 67
177 12 216 1 68
177 12 278 1 69
177 12 234 1 70
180 12 229 1 71
182 12 252 1 72
183 12 218 1 73
185 6 270 1 74
198 6 186 1 75
194 6 268 1 76
188 12 224 1 77
204 12 246 1 78
203 6 291 1 79
219 6 211 1 80
205 12 225 1 81
207 12 211 1 82
207 12 225 1 83
203 6 317 1 84
206 12 268 1 85
229 6 201 1 86
215 6 287 1 87
226 12 295 1 88
212 12 223 1 89
219 12 209 1 90
219 12 238 1 91
214 12 273 1 92
235 12 227 1 93
247 6 214 1 94
225 12 273 1 95
236 12 279 1 96
221 12 265 1 97
228 12 197 1 98
235 12 202 1 99
262 12 240 1 100
246 6 303 1 101
232 12 220 1 102
254 6 243 1 103
243 12 257 1 104
243 12 236 1 105
264 6 254 1 106
241 12 224 1 107
247 12 239 1 108
265 6 259 1 109
265 12 286 1 110
268 6 306 1 111
302 6 223 1 112
274 6 231 1 113
273 6 247 1 114
278 12 205 1 115
271 12 204 1 116
288 6 241 1 117
286 12 266 1 118
277 6 318 1 119
281 12 287 1 120
284 6 324 1 121
298 12 208 1 122
287 12 258 1 123
288 6 288 1 124
299 6 289 1 125
308 6 287 1 126
294 12 196 1 127
302 12 244 1 128
287 12 252 1 129
304 12 212 1 130
326 6 274 1 131
301 12 243 1 132
318 6 282 1 133
286 12 246 1 134
299 6 276 1 135
328 6 248 1 136
308 12 216 1 137
301 12 237 1 138
338 6 240 1 139
327 6 281 1 140
354 6 215 1 141
359 6 217 1 142
342 6 221 1 143
317 6 323 1 144
308 12 258 1 145
358 6 205 1 146
336 6 277 1 147
304 12 254 1 148
366 6 208 1 149
333 6 322 1 150
373 6 211 1 151
318 12 261 1 152
367 6 145 1 153
370 6 181 1 154
371 6 172 1 155
377 6 169 1 156
376 6 196 1 157
388 6 210 1 158
378 6 143 1 159
359 6 323 1 160
375 6 187 1 161
354 6 316 1 162
364 6 283 1 163
387 6 198 1 164
385 6 183 1 165
385 6 155 1 166
386 6 162 1 167
369 6 266 1 168
372 6 288 1 169
371 6 303 1 170
389 6 143 1 171
397 6 207 1 172
378 6 324 1 173
373 6 319 1 174
399 6 143 1 175
403 6 182 1 176
395 6 177 1 177
375 6 278 1 178
392 6 281 1 179
393 6 301 1 180
390 6 325 1 181
401 6 173 1 182
405 6 161 1 183
386 6 281 1 184
400 6 284 1 185
431 6 201 1 186
420 6 146 1 187
413 6 324 1 188
388 6 280 1 189
412 6 158 1 190
411 6 271 1 191
413 6 306 1 192
412 6 265 1 193
434 6 173 1 194
415 6 184 1 195
414 6 298 1 196
412 6 258 1 197
423 6 311 1 198
431 6 325 1 199
406 6 247 1 200
439 6 174 1 201
439 6 159 1 202
418 6 266 1 203
418 6 276 1 204
422 6 300 1 205
407 6 256 1 206
443 6 303 1 207
443 6 200 1 208
445 6 228 1 209
445 6 274 1 210
421 6 276 1 211
445 6 312 1 212
435 6 302 1 213
18 -6 187 1 214
18 -6 239 1 215
19 -6 249 1 216
19 -6 320 1 217
20 -6 294 1 218
21 -6 186 1 219
22 -6 209 1 220
29 -6 143 1 221
23 -6 293 1 222
24 -6 276 1 223
29 -6 321 1 224
25 -6 246 1 225
25 -6 170 1 226
38 -6 148 1 227
53 -6 269 1 228
42 -6 254 1 229
39 -6 270 1 230
29 -6 172 1 231
65 -6 310 1 232
48 -6 149 1 233
47 -6 325 1 234
66 -6 236 1 235
45 -6 280 1 236
62 -6 246 1 237
63 -6 148 1 238
67 -6 161 1 239
69 -6 216 1 240
63 -6 171 1 241
59 -6 258 1 242
64 -6 297 1 243
67 -6 224 1 244
83 -6 315 1 245
73 -6 157 1 246
81 -6 148 1 247
74 -6 192 1 248
80 -6 240 1 249
83 -6 166 1 250
94 -6 315 1 251
80 -6 199 1 252
96 -6 149 1 253
90 -6 159 1 254
86 -6 257 1 255
87 -6 249 1 256
103 -6 322 1 257
99 -6 177 1 258
102 -6 283 1 259
94 -6 186 1 260
106 -6 154 1 261
109 -6 166 1 262
105 -6 183 1 263
111 -6 293 1 264
116 -6 287 1 265
123 -6 277 1 266
120 -6 177 1 267
116 -6 165 1 268
117 -6 191 1 269
132 -6 186 1 270
131 -6 143 1 271
131 -6 321 1 272
139 -6 305 1 273
140 -6 194 1 274
141 -6 164 1 275
147 -6 320 1 276
142 -6 275 1 277
149 -6 149 1 278
147 -6 182 1 279
153 -6 180 1 280
161 -6 195 1 281
157 -6 145 1 282
160 -6 294 1 283
166 -6 212 1 284
165 -6 293 1 285
165 -6 149 1 286
166 -6 314 1 287
174 -6 183 1 288
174 -6 145 1 289
180 -6 174 1 290
174 -6 324 1 291
181 -6 204 1 292
178 -6 283 1 293
189 -6 168 1 294
184 -6 303 1 295
199 -6 278 1 296
193 -6 180 1 297
193 -6 318 1 298
206 -6 190 1 299
213 -6 172 1 300
207 -6 159 1 301
202 -6 144 1 302
207 -6 288 1 303
215 -6 190 1 304
210 -6 319 1 305
217 -6 324 1 306
224 -6 159 1 307
240 -6 214 1 308
222 -6 288 1 309
240 -6 203 1 310
226 -6 317 1 311
239 -6 162 1 312
232 -6 288 1 313
236 -6 143 1 314
248 -6 158 1 315
254 -6 210 1 316
235 -6 323 1 317
240 -6 177 1 318
240 -6 291 1 319
275 -6 176 1 320
246 -6 325 1 321
263 -6 198 1 322
260 -6 148 1 323
266 -6 154 1 324
272 -6 162 1 325
256 -6 302 1 326
256 -6 324 1 327
265 -6 238 1 328
274 -6 196 1 329
273 -6 260 1 330
277 -6 245 1 331
276 -6 220 1 332
288 -6 256 1 333
268 -6 323 1 334
294 -6 147 1 335
288 -6 182 1 336
281 -6 222 1 337
315 -6 164 1 338
285 -6 252 1 339
295 -6 184 1 340
281 -6 294 1 341
303 -6 182 1 342
307 -6 144 1 343
313 -6 148 1 344
290 -6 232 1 345
294 -6 258 1 346
321 -6 264 1 347
296 -6 321 1 348
310 -6 186 1 349
319 -6 214 1 350
308 -6 281 1 351
331 -6 151 1 352
337 -6 155 1 353
356 -6 188 1 354
307 -6 325 1 355
354 -6 218 1 356
347 -6 161 1 357
335 -6 214 1 358
334 -6 241 1 359
358 -6 188 1 360
334 -6 202 1 361
339 -6 281 1 362
366 -6 218 1 363
342 -6 270 1 364
328 -6 318 1 365
362 -6 162 1 366
361 -6 188 1 367
368 -6 196 1 368
361 -6 145 1 369
374 -6 185 1 370
347 -6 219 1 371
376 -6 216 1 372
386 -6 220 1 373
371 -6 185 1 374
371 -6 203 1 375
364 -6 166 1 376
375 -6 213 1 377
367 -6 180 1 378
365 -6 307 1 379
349 -6 309 1 380
378 -6 158 1 381
385 -6 172 1 382
386 -6 206 1 383
377 -6 308 1 384
386 -6 173 1 385
404 -6 188 1 386
392 -6 180 1 387
394 -6 192 1 388
377 -6 297 1 389
375 -6 263 1 390
400 -6 180 1 391
387 -6 267 1 392
389 -6 303 1 393
395 -6 161 1 394
400 -6 159 1 395
407 -6 206 1 396
399 -6 302 1 397
396 -6 325 1 398
422 -6 157 1 399
389 -6 300 1 400
384 -6 259 1 401
398 -6 301 1 402
414 -6 203 1 403
412 -6 144 1 404
403 -6 287 1 405
407 -6 324 1 406
433 -6 272 1 407
411 -6 278 1 408
435 -6 155 1 409
405 -6 254 1 410
411 -6 294 1 411
419 -6 309 1 412
437 -6 143 1 413
411 -6 288 1 414
438 -6 185 1 415
439 -6 275 1 416
427 -6 189 1 417
442 -6 286 1 418
430 -6 319 1 419
417 -6 246 1 420
446 -6 250 1 421
446 -6 219 1 422
446 -6 234 1 423
447 -6 291 1 424
447 -6 204 1 425
447 -6 322 1 426
448 -6 187 1 427
