428
19 7 276 1 0
20 7 221 1 1
20 7 211 1 2
20 7 315 1 3
22 7 175 1 4
22 7 304 1 5
23 7 234 1 6
26 7 273 1 7
37 7 321 1 8
26 7 180 1 9
54 7 197 1 10
48 7 247 1 11
52 7 317 1 12
57 7 200 1 13
55 7 153 1 14
32 7 170 1 15
54 7 283 1 16
51 7 287 1 17
62 7 325 1 18
64 7 200 1 19
70 7 295 1 20
66 7 298 1 21
76 7 288 1 22
66 7 176 1 23
75 7 240 1 24
84 12 204 1 25
70 7 207 1 26
84 7 292 1 27
76 7 193 1 28
92 12 216 1 29
81 7 327 1 30
100 12 226 1 31
79 7 183 1 32
101 12 240 1 33
102 12 220 1 34
85 7 215 1 35
96 7 302 1 36
105 12 246 1 37
105 12 275 1 38
106 12 297 1 39
107 12 224 1 40
107 12 297 1 41
108 12 204 1 42
110 12 202 1 43
115 7 327 1 44
121 7 319 1 45
123 7 162 1 46
131 7 289 1 47
138 12 211 1 48
138 12 248 1 49
127 7 218 1 50
140 12 243 1 51
141 12 275 1 52
146 12 200 1 53
145 12 277 1 54
149 12 238 1 55
152 12 215 1 56
148 7 277 1 57
154 7 286 1 58
154 7 325 1 59
156 12 276 1 60
166 12 287 1 61
160 12 249 1 62
169 12 288 1 63
167 12 249 1 64
164 12 205 1 65
163 12 258 1 66
170 12 201 1 67
176 12 220 1 68
176 12 282 1 69
177 12 238 1 70
179 12 234 1 71
182 12 256 1 72
183 12 222 1 73
185 7 274 1 74
197 7 192 1 75
193 7 272 1 76
187 12 227 1 77
203 12 251 1 78
202 7 296 1 79
217 7 219 1 80
204 12 230 1 81
206 12 216 1 82
206 12 230 1 83
203 7 320 1 84
205 12 271 1 85
227 7 209 1 86
214 7 291 1 87
225 12 299 1 88
211 12 226 1 89
218 12 213 1 90
218 12 242 1 91
213 12 276 1 92
233 12 233 1 93
244 7 221 1 94
224 12 276 1 95
234 12 283 1 96
220 12 267 1 97
227 12 201 1 98
234 12 207 1 99
259 12 246 1 100
244 7 307 1 101
231 12 223 1 102
252 7 248 1 103
242 12 260 1 104
242 12 240 1 105
262 7 259 1 106
240 12 227 1 107
246 12 242 1 108
263 7 263 1 109
263 12 290 1 110
266 7 310 1 111
299 7 230 1 112
272 7 235 1 113
271 7 251 1 114
276 12 210 1 115
269 12 208 1 116
286 7 246 1 117
284 12 270 1 118
276 7 321 1 119
279 12 291 1 120
283 7 327 1 121
296 12 213 1 122
285 12 262 1 123
286 7 291 1 124
297 7 293 1 125
306 7 292 1 126
292 12 200 1 127
300 12 249 1 128
286 12 255 1 129
302 12 217 1 130
323 7 280 1 131
299 12 247 1 132
316 7 287 1 133
285 12 248 1 134
298 7 279 1 135
325 7 253 1 136
306 12 220 1 137
299 12 240 1 138
335 7 246 1 139
324 7 286 1 140
350 7 222 1 141
355 7 224 1 142
339 7 227 1 143
316 7 326 1 144
307 12 261 1 145
354 7 212 1 146
334 7 282 1 147
303 12 256 1 148
362 7 215 1 149
331 7 325 1 150
369 7 219 1 151
317 12 264 1 152
363 7 152 1 153
366 7 188 1 154
368 7 178 1 155
373 7 176 1 156
372 7 203 1 157
384 7 217 1 158
375 7 150 1 159
357 7 327 1 160
371 7 193 1 161
351 7 319 1 162
361 7 287 1 163
383 7 205 1 164
381 7 190 1 165
381 7 162 1 166
382 7 169 1 167
366 7 270 1 168
369 7 292 1 169
368 7 306 1 170
386 7 150 1 171
393 7 214 1 172
375 7 328 1 173
371 7 322 1 174
395 7 150 1 175
399 7 189 1 176
392 7 182 1 177
372 7 282 1 178
389 7 285 1 179
390 7 305 1 180
387 7 329 1 181
398 7 180 1 182
401 7 167 1 183
384 7 284 1 184
397 7 288 1 185
427 7 207 1 186
416 7 153 1 187
410 7 328 1 188
386 7 283 1 189
409 7 164 1 190
408 7 275 1 191
410 7 310 1 192
409 7 269 1 193
430 7 179 1 194
412 7 189 1 195
411 7 302 1 196
410 7 262 1 197
420 7 315 1 198
427 7 329 1 199
403 7 250 1 200
435 7 180 1 201
435 7 165 1 202
415 7 269 1 203
415 7 279 1 204
420 7 303 1 205
405 7 258 1 206
439 7 306 1 207
439 7 205 1 208
441 7 232 1 209
441 7 278 1 210
419 7 279 1 211
442 7 316 1 212
432 7 305 1 213
20 -7 193 1 214
20 -7 243 1 215
21 -7 253 1 216
21 -7 324 1 217
22 -7 298 1 218
23 -7 192 1 219
25 -7 215 1 220
31 -7 150 1 221
26 -7 297 1 222
26 -7 280 1 223
31 -7 325 1 224
27 -7 252 1 225
28 -7 177 1 226
40 -7 155 1 227
54 -7 272 1 228
44 -7 258 1 229
41 -7 275 1 230
32 -7 180 1 231
66 -7 313 1 232
49 -7 156 1 233
49 -7 329 1 234
67 -7 240 1 235
47 -7 285 1 236
64 -7 251 1 237
64 -7 155 1 238
68 -7 168 1 239
70 -7 222 1 240
65 -7 178 1 241
61 -7 263 1 242
66 -7 301 1 243
68 -7 230 1 244
84 -7 318 1 245
74 -7 164 1 246
82 -7 155 1 247
76 -7 199 1 248
81 -7 246 1 249
84 -7 173 1 250
94 -7 318 1 251
82 -7 206 1 252
97 -7 156 1 253
92 -7 166 1 254
87 -7 263 1 255
89 -7 255 1 256
104 -7 325 1 257
100 -7 183 1 258
103 -7 287 1 259
95 -7 194 1 260
107 -7 161 1 261
110 -7 172 1 262
106 -7 190 1 263
112 -7 297 1 264
117 -7 291 1 265
123 -7 281 1 266
121 -7 182 1 267
117 -7 173 1 268
118 -7 199 1 269
132 -7 193 1 270
132 -7 150 1 271
131 -7 324 1 272
139 -7 308 1 273
140 -7 201 1 274
141 -7 172 1 275
147 -7 323 1 276
142 -7 279 1 277
149 -7 156 1 278
147 -7 188 1 279
153 -7 185 1 280
160 -7 202 1 281
156 -7 152 1 282
160 -7 299 1 283
165 -7 220 1 284
165 -7 297 1 285
165 -7 156 1 286
166 -7 317 1 287
174 -7 189 1 288
173 -7 152 1 289
180 -7 181 1 290
173 -7 327 1 291
180 -7 211 1 292
177 -7 287 1 293
188 -7 176 1 294
184 -7 306 1 295
198 -7 283 1 296
192 -7 185 1 297
192 -7 321 1 298
205 -7 196 1 299
211 -7 180 1 300
206 -7 167 1 301
201 -7 151 1 302
206 -7 293 1 303
214 -7 197 1 304
209 -7 322 1 305
216 -7 328 1 306
222 -7 167 1 307
238 -7 222 1 308
221 -7 292 1 309
238 -7 210 1 310
224 -7 320 1 311
237 -7 170 1 312
230 -7 292 1 313
234 -7 150 1 314
246 -7 165 1 315
252 -7 217 1 316
234 -7 326 1 317
238 -7 182 1 318
239 -7 295 1 319
272 -7 184 1 320
244 -7 328 1 321
261 -7 205 1 322
257 -7 155 1 323
263 -7 162 1 324
269 -7 170 1 325
255 -7 306 1 326
254 -7 327 1 327
263 -7 243 1 328
272 -7 203 1 329
271 -7 265 1 330
275 -7 250 1 331
274 -7 225 1 332
286 -7 262 1 333
266 -7 327 1 334
292 -7 154 1 335
286 -7 188 1 336
279 -7 226 1 337
311 -7 172 1 338
283 -7 256 1 339
292 -7 190 1 340
279 -7 297 1 341
300 -7 188 1 342
304 -7 151 1 343
310 -7 155 1 344
288 -7 236 1 345
292 -7 263 1 346
318 -7 270 1 347
294 -7 324 1 348
307 -7 192 1 349
316 -7 220 1 350
306 -7 285 1 351
328 -7 158 1 352
334 -7 163 1 353
352 -7 196 1 354
305 -7 329 1 355
350 -7 225 1 356
343 -7 169 1 357
333 -7 220 1 358
331 -7 246 1 359
354 -7 195 1 360
331 -7 207 1 361
336 -7 287 1 362
362 -7 225 1 363
339 -7 275 1 364
326 -7 321 1 365
358 -7 168 1 366
358 -7 195 1 367
364 -7 203 1 368
357 -7 152 1 369
370 -7 192 1 370
344 -7 223 1 371
372 -7 223 1 372
382 -7 227 1 373
368 -7 192 1 374
368 -7 210 1 375
361 -7 172 1 376
371 -7 220 1 377
364 -7 186 1 378
363 -7 310 1 379
347 -7 312 1 380
375 -7 164 1 381
381 -7 179 1 382
382 -7 212 1 383
374 -7 312 1 384
383 -7 180 1 385
400 -7 195 1 386
388 -7 185 1 387
391 -7 198 1 388
374 -7 300 1 389
373 -7 267 1 390
396 -7 187 1 391
384 -7 271 1 392
386 -7 307 1 393
392 -7 167 1 394
397 -7 165 1 395
403 -7 212 1 396
395 -7 306 1 397
393 -7 328 1 398
417 -7 164 1 399
386 -7 304 1 400
382 -7 263 1 401
395 -7 305 1 402
410 -7 209 1 403
408 -7 151 1 404
400 -7 291 1 405
404 -7 327 1 406
429 -7 277 1 407
408 -7 282 1 408
431 -7 162 1 409
402 -7 258 1 410
408 -7 298 1 411
416 -7 313 1 412
433 -7 150 1 413
408 -7 291 1 414
434 -7 191 1 415
435 -7 279 1 416
423 -7 194 1 417
438 -7 289 1 418
426 -7 322 1 419
414 -7 249 1 420
442 -7 255 1 421
443 -7 223 1 422
443 -7 238 1 423
443 -7 295 1 424
444 -7 208 1 425
444 -7 326 1 426
444 -7 192 1 427
