428
-16 0 211 1 0
-16 0 135 1 1
-16 0 124 1 2
-16 0 255 1 3
-16 0 79 1 4
-16 0 244 1 5
-16 0 146 1 6
-16 0 190 1 7
5 0 267 1 8
-16 0 69 1 9
33 0 115 1 10
20 0 175 1 11
27 0 267 1 12
34 0 108 1 13
28 0 36 1 14
-15 0 37 1 15
27 0 212 1 16
19 0 204 1 17
38 0 268 1 18
39 0 100 1 19
50 0 238 1 20
43 0 235 1 21
59 0 232 1 22
40 0 64 1 23
58 0 165 1 24
72 10 139 1 25
45 0 94 1 26
68 0 231 1 27
53 0 86 1 28
81 10 136 1 29
60 0 268 1 30
94 10 176 1 31
55 0 56 1 32
94 10 189 1 33
90 10 133 1 34
60 0 82 1 35
79 0 228 1 36
94 10 165 1 37
94 10 204 1 38
95 10 228 1 39
95 10 151 1 40
95 10 217 1 41
95 10 138 1 42
97 10 128 1 43
104 0 268 1 44
115 0 267 1 45
116 0 37 1 46
128 0 209 1 47
138 10 149 1 48
138 10 163 1 49
119 0 85 1 50
140 10 142 1 51
142 10 177 1 52
147 10 131 1 53
145 10 227 1 54
152 10 181 1 55
157 10 128 1 56
149 0 207 1 57
159 0 210 1 58
159 0 268 1 59
158 10 224 1 60
177 10 216 1 61
163 10 184 1 62
181 10 208 1 63
176 10 180 1 64
169 10 127 1 65
168 10 219 1 66
180 10 132 1 67
188 10 142 1 68
187 10 198 1 69
187 10 171 1 70
190 10 154 1 71
191 10 187 1 72
192 10 163 1 73
196 0 211 1 74
214 0 86 1 75
204 0 207 1 76
193 10 176 1 77
222 10 164 1 78
220 0 212 1 79
248 0 84 1 80
222 10 143 1 81
223 10 133 1 82
222 10 152 1 83
215 0 267 1 84
216 10 218 1 85
258 0 79 1 86
232 0 223 1 87
251 10 225 1 88
222 10 172 1 89
235 10 130 1 90
234 10 169 1 91
223 10 225 1 92
263 10 132 1 93
284 0 99 1 94
240 10 228 1 95
259 10 217 1 96
231 10 226 1 97
244 10 129 1 98
254 10 129 1 99
301 10 136 1 100
271 0 238 1 101
246 10 168 1 102
285 0 161 1 103
263 10 205 1 104
262 10 183 1 105
299 0 171 1 106
256 10 174 1 107
263 10 194 1 108
294 0 186 1 109
293 10 222 1 110
295 0 242 1 111
354 0 109 1 112
303 0 160 1 113
300 0 180 1 114
310 10 128 1 115
294 10 140 1 116
322 0 164 1 117
318 10 193 1 118
303 0 267 1 119
307 10 223 1 120
314 0 268 1 121
333 10 134 1 122
313 10 199 1 123
313 0 235 1 124
332 0 223 1 125
350 0 212 1 126
322 10 127 1 127
334 10 168 1 128
308 10 206 1 129
337 10 142 1 130
377 0 181 1 131
329 10 178 1 132
360 0 207 1 133
301 10 212 1 134
324 0 226 1 135
373 0 165 1 136
337 10 153 1 137
324 10 184 1 138
391 0 142 1 139
369 0 202 1 140
413 0 108 1 141
423 0 103 1 142
392 0 132 1 143
348 0 268 1 144
328 10 221 1 145
417 0 98 1 146
378 0 200 1 147
317 10 221 1 148
429 0 95 1 149
370 0 268 1 150
437 0 90 1 151
339 10 222 1 152
425 0 36 1 153
431 0 73 1 154
426 0 72 1 155
437 0 61 1 156
434 0 90 1 157
454 0 95 1 158
436 0 36 1 159
403 0 268 1 160
429 0 89 1 161
392 0 267 1 162
409 0 220 1 163
450 0 84 1 164
446 0 73 1 165
444 0 49 1 166
445 0 55 1 167
413 0 197 1 168
418 0 225 1 169
417 0 246 1 170
448 0 36 1 171
461 0 102 1 172
425 0 268 1 173
414 0 267 1 174
459 0 36 1 175
466 0 73 1 176
451 0 72 1 177
415 0 222 1 178
444 0 220 1 179
442 0 243 1 180
436 0 268 1 181
456 0 72 1 182
460 0 58 1 183
427 0 232 1 184
448 0 224 1 185
502 0 104 1 186
481 0 36 1 187
469 0 268 1 188
424 0 237 1 189
465 0 62 1 190
464 0 207 1 191
466 0 244 1 192
465 0 201 1 193
502 0 70 1 194
466 0 104 1 195
463 0 240 1 196
460 0 200 1 197
478 0 253 1 198
492 0 268 1 199
444 0 199 1 200
503 0 81 1 201
503 0 59 1 202
463 0 212 1 203
461 0 222 1 204
470 0 247 1 205
441 0 214 1 206
503 0 245 1 207
503 0 124 1 208
503 0 157 1 209
503 0 212 1 210
460 0 226 1 211
503 0 256 1 212
484 0 253 1 213
-16 0 101 1 214
-16 0 168 1 215
-16 0 179 1 216
-16 0 266 1 217
-16 0 233 1 218
-16 0 91 1 219
-16 0 114 1 220
-5 0 36 1 221
-16 0 223 1 222
-16 0 201 1 223
-6 0 268 1 224
-16 0 158 1 225
-16 0 59 1 226
6 0 36 1 227
33 0 218 1 228
11 0 180 1 229
4 0 188 1 230
-15 0 48 1 231
49 0 267 1 232
17 0 36 1 233
16 0 268 1 234
49 0 170 1 235
11 0 198 1 236
40 0 173 1 237
39 0 36 1 238
45 0 52 1 239
48 0 130 1 240
37 0 57 1 241
30 0 175 1 242
39 0 228 1 243
41 0 125 1 244
71 0 267 1 245
50 0 37 1 246
61 0 36 1 247
48 0 72 1 248
59 0 141 1 249
63 0 58 1 250
82 0 267 1 251
56 0 78 1 252
83 0 36 1 253
72 0 37 1 254
65 0 159 1 255
65 0 150 1 256
93 0 268 1 257
83 0 59 1 258
90 0 221 1 259
73 0 60 1 260
94 0 37 1 261
99 0 65 1 262
92 0 62 1 263
100 0 219 1 264
108 0 216 1 265
118 0 211 1 266
113 0 77 1 267
106 0 37 1 268
106 0 74 1 269
129 0 85 1 270
127 0 36 1 271
126 0 267 1 272
137 0 266 1 273
138 0 84 1 274
139 0 37 1 275
148 0 267 1 276
139 0 206 1 277
150 0 36 1 278
146 0 85 1 279
156 0 84 1 280
169 0 86 1 281
161 0 36 1 282
167 0 216 1 283
177 0 90 1 284
175 0 219 1 285
172 0 36 1 286
171 0 267 1 287
185 0 87 1 288
183 0 36 1 289
194 0 38 1 290
182 0 268 1 291
193 0 86 1 292
186 0 217 1 293
205 0 38 1 294
193 0 266 1 295
215 0 205 1 296
204 0 84 1 297
204 0 267 1 298
225 0 86 1 299
237 0 38 1 300
226 0 37 1 301
216 0 36 1 302
222 0 219 1 303
236 0 85 1 304
225 0 267 1 305
236 0 268 1 306
248 0 37 1 307
276 0 98 1 308
243 0 224 1 309
272 0 91 1 310
247 0 267 1 311
270 0 37 1 312
255 0 224 1 313
259 0 36 1 314
281 0 37 1 315
292 0 97 1 316
258 0 268 1 317
265 0 83 1 318
263 0 230 1 319
325 0 38 1 320
269 0 268 1 321
300 0 96 1 322
292 0 36 1 323
303 0 37 1 324
314 0 37 1 325
282 0 244 1 326
281 0 268 1 327
294 0 164 1 328
310 0 96 1 329
308 0 177 1 330
313 0 161 1 331
308 0 144 1 332
331 0 162 1 333
292 0 268 1 334
336 0 36 1 335
321 0 95 1 336
309 0 153 1 337
369 0 37 1 338
317 0 180 1 339
333 0 93 1 340
305 0 238 1 341
342 0 90 1 342
348 0 36 1 343
359 0 36 1 344
317 0 169 1 345
323 0 186 1 346
371 0 174 1 347
325 0 267 1 348
349 0 98 1 349
364 0 115 1 350
342 0 217 1 351
381 0 36 1 352
392 0 37 1 353
425 0 62 1 354
337 0 268 1 355
418 0 103 1 356
403 0 37 1 357
383 0 126 1 358
380 0 157 1 359
420 0 73 1 360
376 0 120 1 361
384 0 196 1 362
428 0 104 1 363
385 0 187 1 364
359 0 267 1 365
419 0 59 1 366
417 0 88 1 367
430 0 86 1 368
414 0 36 1 369
436 0 73 1 370
387 0 147 1 371
439 0 102 1 372
457 0 100 1 373
429 0 80 1 374
429 0 99 1 375
414 0 72 1 376
434 0 103 1 377
418 0 91 1 378
413 0 250 1 379
381 0 267 1 380
432 0 60 1 381
445 0 61 1 382
444 0 101 1 383
427 0 248 1 384
441 0 72 1 385
470 0 73 1 386
447 0 78 1 387
452 0 88 1 388
420 0 242 1 389
418 0 200 1 390
461 0 73 1 391
437 0 201 1 392
437 0 245 1 393
447 0 65 1 394
456 0 54 1 395
469 0 110 1 396
452 0 237 1 397
447 0 268 1 398
492 0 37 1 399
432 0 247 1 400
422 0 203 1 401
447 0 240 1 402
474 0 112 1 403
470 0 36 1 404
452 0 228 1 405
459 0 268 1 406
502 0 191 1 407
462 0 217 1 408
502 0 48 1 409
448 0 200 1 410
460 0 236 1 411
473 0 251 1 412
502 0 37 1 413
456 0 232 1 414
502 0 92 1 415
503 0 202 1 416
480 0 110 1 417
503 0 223 1 418
481 0 267 1 419
455 0 199 1 420
503 0 180 1 421
503 0 146 1 422
503 0 168 1 423
503 0 234 1 424
503 0 135 1 425
503 0 268 1 426
503 0 113 1 427
