428
-13 1 217 1 0
-13 1 144 1 1
-12 1 133 1 2
-12 1 262 1 3
-12 1 89 1 4
-12 1 250 1 5
-12 1 155 1 6
-12 1 198 1 7
8 1 273 1 8
-11 1 81 1 9
36 1 123 1 10
23 1 182 1 11
29 1 272 1 12
36 1 117 1 13
31 1 48 1 14
-10 1 51 1 15
30 1 219 1 16
23 1 212 1 17
40 1 274 1 18
41 1 111 1 19
52 1 244 1 20
45 1 242 1 21
61 1 238 1 22
42 1 76 1 23
60 1 173 1 24
73 10 146 1 25
47 1 106 1 26
70 1 237 1 27
55 1 97 1 28
83 10 144 1 29
62 1 274 1 30
95 10 180 1 31
57 1 69 1 32
95 10 194 1 33
92 10 142 1 34
62 1 96 1 35
81 1 236 1 36
96 10 173 1 37
96 10 211 1 38
96 10 235 1 39
96 10 159 1 40
96 10 225 1 41
96 10 145 1 42
98 10 136 1 43
105 1 274 1 44
116 1 273 1 45
117 1 50 1 46
128 1 217 1 47
138 10 156 1 48
138 10 172 1 49
120 1 99 1 50
140 10 153 1 51
142 10 186 1 52
147 10 138 1 53
145 10 232 1 54
152 10 187 1 55
156 10 137 1 56
149 1 214 1 57
158 1 218 1 58
159 1 274 1 59
158 10 230 1 60
176 10 223 1 61
163 10 191 1 62
180 10 217 1 63
175 10 186 1 64
168 10 136 1 65
168 10 223 1 66
179 10 139 1 67
186 10 151 1 68
186 10 207 1 69
186 10 178 1 70
189 10 162 1 71
190 10 194 1 72
191 10 169 1 73
194 1 218 1 74
212 1 97 1 75
203 1 214 1 76
192 10 181 1 77
220 10 173 1 78
218 1 221 1 79
244 1 98 1 80
220 10 152 1 81
221 10 142 1 82
220 10 161 1 83
214 1 273 1 84
215 10 224 1 85
255 1 93 1 86
230 1 230 1 87
248 10 233 1 88
221 10 178 1 89
233 10 139 1 90
232 10 177 1 91
222 10 230 1 92
260 10 142 1 93
280 1 112 1 94
238 10 233 1 95
257 10 224 1 96
230 10 230 1 97
242 10 137 1 98
252 10 138 1 99
297 10 148 1 100
268 1 245 1 101
245 10 174 1 102
281 1 170 1 103
260 10 211 1 104
260 10 189 1 105
295 1 180 1 106
254 10 180 1 107
261 10 199 1 108
291 1 194 1 109
290 10 229 1 110
292 1 249 1 111
348 1 122 1 112
300 1 168 1 113
297 1 186 1 114
306 10 136 1 115
292 10 147 1 116
319 1 172 1 117
315 10 201 1 118
300 1 273 1 119
304 10 230 1 120
311 1 274 1 121
329 10 142 1 122
310 10 206 1 123
310 1 240 1 124
329 1 230 1 125
345 1 221 1 126
319 10 135 1 127
331 10 176 1 128
305 10 211 1 129
334 10 150 1 130
371 1 191 1 131
326 10 184 1 132
355 1 215 1 133
299 10 215 1 134
321 1 232 1 135
368 1 175 1 136
334 10 161 1 137
322 10 189 1 138
385 1 153 1 139
364 1 211 1 140
406 1 120 1 141
416 1 116 1 142
386 1 142 1 143
344 1 274 1 144
325 10 225 1 145
410 1 110 1 146
373 1 208 1 147
316 10 224 1 148
422 1 108 1 149
366 1 274 1 150
430 1 103 1 151
336 10 226 1 152
419 1 48 1 153
424 1 85 1 154
420 1 83 1 155
430 1 73 1 156
428 1 102 1 157
447 1 108 1 158
430 1 47 1 159
398 1 274 1 160
423 1 100 1 161
388 1 272 1 162
404 1 227 1 163
443 1 97 1 164
439 1 85 1 165
437 1 61 1 166
438 1 66 1 167
408 1 205 1 168
413 1 232 1 169
412 1 252 1 170
441 1 47 1 171
454 1 114 1 172
420 1 274 1 173
410 1 273 1 174
452 1 47 1 175
459 1 85 1 176
445 1 84 1 177
410 1 228 1 178
438 1 227 1 179
436 1 249 1 180
431 1 274 1 181
450 1 83 1 182
454 1 69 1 183
422 1 237 1 184
443 1 231 1 185
494 1 114 1 186
475 1 48 1 187
463 1 274 1 188
420 1 241 1 189
460 1 73 1 190
458 1 214 1 191
461 1 251 1 192
459 1 208 1 193
495 1 81 1 194
460 1 113 1 195
457 1 246 1 196
455 1 206 1 197
472 1 259 1 198
485 1 274 1 199
440 1 204 1 200
496 1 91 1 201
496 1 70 1 202
458 1 218 1 203
457 1 228 1 204
465 1 253 1 205
438 1 219 1 206
496 1 252 1 207
496 1 133 1 208
497 1 165 1 209
497 1 219 1 210
456 1 232 1 211
497 1 263 1 212
479 1 259 1 213
-12 -1 111 1 214
-12 -1 176 1 215
-12 -1 186 1 216
-12 -1 272 1 217
-12 -1 240 1 218
-12 -1 101 1 219
-12 -1 124 1 220
-1 -1 47 1 221
-12 -1 231 1 222
-11 -1 209 1 223
-2 -1 274 1 224
-11 -1 168 1 225
-11 -1 71 1 226
10 -1 48 1 227
36 -1 224 1 228
15 -1 188 1 229
8 -1 197 1 230
-10 -1 62 1 231
50 -1 271 1 232
21 -1 49 1 233
20 -1 274 1 234
51 -1 177 1 235
14 -1 207 1 236
42 -1 180 1 237
42 -1 48 1 238
47 -1 64 1 239
51 -1 139 1 240
40 -1 70 1 241
33 -1 184 1 242
42 -1 236 1 243
44 -1 136 1 244
72 -1 272 1 245
53 -1 50 1 246
63 -1 48 1 247
51 -1 85 1 248
61 -1 152 1 249
66 -1 70 1 250
83 -1 272 1 251
58 -1 91 1 252
85 -1 49 1 253
74 -1 50 1 254
67 -1 170 1 255
67 -1 161 1 256
94 -1 274 1 257
85 -1 72 1 258
91 -1 228 1 259
76 -1 74 1 260
96 -1 49 1 261
100 -1 76 1 262
93 -1 75 1 263
101 -1 227 1 264
109 -1 224 1 265
118 -1 218 1 266
114 -1 88 1 267
107 -1 52 1 268
108 -1 87 1 269
129 -1 96 1 270
128 -1 47 1 271
127 -1 273 1 272
138 -1 270 1 273
138 -1 96 1 274
139 -1 51 1 275
148 -1 273 1 276
139 -1 214 1 277
150 -1 49 1 278
146 -1 96 1 279
156 -1 95 1 280
168 -1 98 1 281
160 -1 48 1 282
166 -1 224 1 283
175 -1 104 1 284
174 -1 227 1 285
171 -1 49 1 286
170 -1 272 1 287
183 -1 97 1 288
182 -1 48 1 289
192 -1 53 1 290
181 -1 274 1 291
192 -1 99 1 292
185 -1 224 1 293
203 -1 52 1 294
192 -1 270 1 295
213 -1 213 1 296
203 -1 95 1 297
203 -1 273 1 298
223 -1 98 1 299
234 -1 53 1 300
224 -1 50 1 301
214 -1 48 1 302
220 -1 227 1 303
233 -1 96 1 304
223 -1 273 1 305
234 -1 274 1 306
245 -1 51 1 307
272 -1 111 1 308
241 -1 231 1 309
268 -1 104 1 310
245 -1 273 1 311
266 -1 51 1 312
253 -1 231 1 313
257 -1 47 1 314
277 -1 50 1 315
288 -1 110 1 316
256 -1 274 1 317
262 -1 94 1 318
261 -1 237 1 319
319 -1 54 1 320
267 -1 274 1 321
296 -1 108 1 322
289 -1 48 1 323
299 -1 50 1 324
309 -1 51 1 325
279 -1 250 1 326
278 -1 274 1 327
291 -1 172 1 328
306 -1 107 1 329
304 -1 186 1 330
309 -1 171 1 331
305 -1 152 1 332
326 -1 173 1 333
289 -1 274 1 334
332 -1 48 1 335
318 -1 105 1 336
306 -1 161 1 337
363 -1 51 1 338
313 -1 187 1 339
329 -1 103 1 340
303 -1 244 1 341
338 -1 100 1 342
343 -1 48 1 343
354 -1 48 1 344
314 -1 176 1 345
320 -1 194 1 346
365 -1 183 1 347
322 -1 273 1 348
345 -1 108 1 349
359 -1 126 1 350
338 -1 224 1 351
375 -1 49 1 352
386 -1 50 1 353
417 -1 76 1 354
333 -1 274 1 355
411 -1 116 1 356
397 -1 51 1 357
378 -1 136 1 358
375 -1 167 1 359
413 -1 86 1 360
371 -1 129 1 361
379 -1 206 1 362
421 -1 117 1 363
381 -1 196 1 364
355 -1 273 1 365
413 -1 70 1 366
411 -1 99 1 367
423 -1 98 1 368
408 -1 48 1 369
429 -1 86 1 370
382 -1 155 1 371
432 -1 115 1 372
449 -1 113 1 373
423 -1 92 1 374
423 -1 111 1 375
408 -1 83 1 376
427 -1 115 1 377
412 -1 101 1 378
408 -1 256 1 379
378 -1 271 1 380
426 -1 71 1 381
438 -1 73 1 382
438 -1 113 1 383
421 -1 255 1 384
435 -1 83 1 385
463 -1 86 1 386
441 -1 89 1 387
446 -1 100 1 388
416 -1 248 1 389
413 -1 207 1 390
454 -1 85 1 391
431 -1 208 1 392
432 -1 251 1 393
441 -1 76 1 394
450 -1 66 1 395
462 -1 120 1 396
446 -1 244 1 397
442 -1 274 1 398
484 -1 50 1 399
428 -1 253 1 400
418 -1 209 1 401
442 -1 247 1 402
467 -1 122 1 403
464 -1 48 1 404
446 -1 235 1 405
453 -1 274 1 406
494 -1 200 1 407
456 -1 224 1 408
495 -1 60 1 409
444 -1 206 1 410
455 -1 242 1 411
467 -1 257 1 412
495 -1 48 1 413
451 -1 238 1 414
495 -1 102 1 415
495 -1 210 1 416
474 -1 119 1 417
496 -1 230 1 418
475 -1 273 1 419
451 -1 204 1 420
497 -1 187 1 421
497 -1 154 1 422
497 -1 176 1 423
497 -1 240 1 424
497 -1 142 1 425
497 -1 274 1 426
497 -1 121 1 427
