428
-18 0 207 1 0
-18 0 130 1 1
-18 0 118 1 2
-18 0 252 1 3
-18 0 73 1 4
-18 0 241 1 5
-18 0 141 1 6
-18 0 185 1 7
3 0 264 1 8
-18 0 63 1 9
32 0 110 1 10
18 0 171 1 11
25 0 264 1 12
32 0 102 1 13
26 0 29 1 14
-18 0 29 1 15
25 0 208 1 16
17 0 199 1 17
36 0 264 1 18
37 0 95 1 19
49 0 234 1 20
41 0 231 1 21
58 0 229 1 22
38 0 58 1 23
57 0 161 1 24
71 10 135 1 25
43 0 88 1 26
67 0 227 1 27
51 0 80 1 28
81 10 131 1 29
59 0 264 1 30
94 10 173 1 31
53 0 48 1 32
94 10 186 1 33
90 10 128 1 34
58 0 74 1 35
78 0 224 1 36
94 10 160 1 37
94 10 200 1 38
94 10 224 1 39
94 10 147 1 40
94 10 212 1 41
94 10 134 1 42
96 10 124 1 43
104 0 264 1 44
115 0 264 1 45
116 0 29 1 46
128 0 204 1 47
138 10 145 1 48
138 10 158 1 49
119 0 77 1 50
140 10 137 1 51
142 10 171 1 52
147 10 127 1 53
145 10 224 1 54
152 10 179 1 55
157 10 123 1 56
149 0 203 1 57
159 0 206 1 58
160 0 264 1 59
158 10 221 1 60
177 10 212 1 61
163 10 180 1 62
182 10 204 1 63
176 10 176 1 64
169 10 123 1 65
168 10 217 1 66
180 10 128 1 67
188 10 138 1 68
187 10 193 1 69
187 10 167 1 70
191 10 149 1 71
191 10 183 1 72
192 10 159 1 73
196 0 207 1 74
215 0 80 1 75
205 0 203 1 76
193 10 173 1 77
223 10 159 1 78
220 0 207 1 79
250 0 76 1 80
223 10 138 1 81
224 10 128 1 82
223 10 148 1 83
216 0 264 1 84
217 10 215 1 85
260 0 71 1 86
233 0 220 1 87
253 10 221 1 88
223 10 169 1 89
236 10 125 1 90
235 10 165 1 91
224 10 222 1 92
265 10 126 1 93
286 0 92 1 94
241 10 225 1 95
261 10 213 1 96
232 10 224 1 97
245 10 125 1 98
255 10 125 1 99
303 10 130 1 100
273 0 234 1 101
247 10 165 1 102
287 0 156 1 103
264 10 202 1 104
263 10 180 1 105
301 0 166 1 106
257 10 171 1 107
264 10 191 1 108
296 0 182 1 109
295 10 219 1 110
297 0 239 1 111
357 0 102 1 112
305 0 156 1 113
302 0 176 1 114
312 10 123 1 115
296 10 136 1 116
324 0 159 1 117
320 10 189 1 118
305 0 264 1 119
309 10 220 1 120
316 0 264 1 121
335 10 129 1 122
315 10 195 1 123
315 0 231 1 124
334 0 219 1 125
352 0 208 1 126
324 10 123 1 127
336 10 163 1 128
309 10 203 1 129
339 10 138 1 130
380 0 176 1 131
331 10 174 1 132
362 0 202 1 133
302 10 210 1 134
326 0 223 1 135
376 0 160 1 136
339 10 150 1 137
326 10 180 1 138
394 0 136 1 139
371 0 197 1 140
417 0 101 1 141
426 0 96 1 142
395 0 126 1 143
350 0 264 1 144
329 10 219 1 145
421 0 91 1 146
380 0 195 1 147
318 10 219 1 148
433 0 88 1 149
372 0 264 1 150
441 0 82 1 151
340 10 220 1 152
429 0 29 1 153
435 0 66 1 154
430 0 66 1 155
441 0 54 1 156
438 0 84 1 157
458 0 88 1 158
440 0 29 1 159
406 0 264 1 160
433 0 83 1 161
394 0 264 1 162
412 0 216 1 163
454 0 77 1 164
450 0 66 1 165
448 0 43 1 166
449 0 48 1 167
416 0 193 1 168
421 0 221 1 169
420 0 242 1 170
451 0 29 1 171
464 0 96 1 172
428 0 264 1 173
417 0 264 1 174
463 0 29 1 175
470 0 66 1 176
455 0 66 1 177
417 0 218 1 178
447 0 216 1 179
445 0 239 1 180
439 0 264 1 181
460 0 66 1 182
464 0 52 1 183
429 0 229 1 184
451 0 220 1 185
506 0 97 1 186
485 0 29 1 187
473 0 264 1 188
426 0 234 1 189
469 0 57 1 190
467 0 203 1 191
470 0 240 1 192
468 0 197 1 193
506 0 64 1 194
469 0 99 1 195
466 0 236 1 196
463 0 196 1 197
482 0 249 1 198
495 0 264 1 199
446 0 196 1 200
506 0 75 1 201
507 0 52 1 202
466 0 208 1 203
464 0 218 1 204
473 0 244 1 205
443 0 212 1 206
507 0 242 1 207
507 0 119 1 208
507 0 153 1 209
507 0 208 1 210
462 0 223 1 211
507 0 253 1 212
487 0 250 1 213
-18 0 96 1 214
-18 0 163 1 215
-18 0 174 1 216
-18 0 263 1 217
-18 0 229 1 218
-18 0 85 1 219
-18 0 108 1 220
-7 0 29 1 221
-18 0 218 1 222
-18 0 196 1 223
-8 0 264 1 224
-18 0 152 1 225
-18 0 52 1 226
4 0 29 1 227
32 0 215 1 228
9 0 176 1 229
2 0 183 1 230
-18 0 41 1 231
48 0 264 1 232
15 0 29 1 233
14 0 264 1 234
48 0 166 1 235
9 0 193 1 236
38 0 168 1 237
38 0 29 1 238
43 0 45 1 239
47 0 124 1 240
35 0 50 1 241
28 0 170 1 242
37 0 224 1 243
39 0 119 1 244
70 0 264 1 245
49 0 29 1 246
60 0 29 1 247
46 0 64 1 248
57 0 135 1 249
62 0 51 1 250
81 0 264 1 251
54 0 70 1 252
82 0 29 1 253
71 0 29 1 254
63 0 153 1 255
63 0 144 1 256
92 0 264 1 257
82 0 51 1 258
89 0 217 1 259
72 0 52 1 260
94 0 29 1 261
99 0 59 1 262
91 0 54 1 263
99 0 215 1 264
108 0 212 1 265
118 0 207 1 266
113 0 71 1 267
105 0 30 1 268
106 0 66 1 269
129 0 79 1 270
127 0 29 1 271
126 0 264 1 272
137 0 264 1 273
138 0 77 1 274
138 0 30 1 275
149 0 264 1 276
139 0 202 1 277
150 0 29 1 278
146 0 79 1 279
156 0 79 1 280
169 0 79 1 281
161 0 29 1 282
167 0 211 1 283
177 0 82 1 284
175 0 215 1 285
172 0 29 1 286
171 0 264 1 287
185 0 81 1 288
183 0 29 1 289
194 0 30 1 290
182 0 264 1 291
194 0 78 1 292
186 0 213 1 293
206 0 30 1 294
193 0 264 1 295
216 0 201 1 296
205 0 79 1 297
205 0 264 1 298
226 0 80 1 299
238 0 30 1 300
227 0 29 1 301
217 0 29 1 302
223 0 215 1 303
237 0 78 1 304
226 0 264 1 305
237 0 264 1 306
249 0 29 1 307
278 0 91 1 308
245 0 220 1 309
273 0 84 1 310
248 0 264 1 311
272 0 29 1 312
257 0 221 1 313
261 0 29 1 314
283 0 29 1 315
294 0 90 1 316
260 0 264 1 317
267 0 77 1 318
265 0 226 1 319
328 0 30 1 320
271 0 264 1 321
302 0 90 1 322
294 0 29 1 323
305 0 29 1 324
317 0 29 1 325
284 0 240 1 326
282 0 264 1 327
296 0 159 1 328
312 0 90 1 329
310 0 172 1 330
315 0 156 1 331
310 0 139 1 332
333 0 157 1 333
293 0 264 1 334
339 0 29 1 335
323 0 89 1 336
311 0 149 1 337
373 0 30 1 338
319 0 176 1 339
335 0 87 1 340
307 0 234 1 341
344 0 84 1 342
350 0 29 1 343
362 0 29 1 344
319 0 165 1 345
325 0 182 1 346
374 0 168 1 347
327 0 264 1 348
351 0 92 1 349
367 0 109 1 350
344 0 214 1 351
384 0 29 1 352
395 0 29 1 353
429 0 55 1 354
338 0 264 1 355
421 0 96 1 356
406 0 29 1 357
386 0 120 1 358
383 0 152 1 359
424 0 66 1 360
378 0 115 1 361
387 0 191 1 362
432 0 97 1 363
388 0 182 1 364
361 0 264 1 365
423 0 53 1 366
421 0 82 1 367
434 0 79 1 368
418 0 29 1 369
440 0 66 1 370
389 0 143 1 371
443 0 95 1 372
461 0 92 1 373
433 0 74 1 374
433 0 93 1 375
417 0 66 1 376
438 0 96 1 377
421 0 85 1 378
416 0 246 1 379
383 0 264 1 380
436 0 54 1 381
449 0 54 1 382
448 0 95 1 383
430 0 244 1 384
445 0 66 1 385
474 0 66 1 386
451 0 72 1 387
456 0 82 1 388
423 0 238 1 389
420 0 196 1 390
465 0 66 1 391
440 0 197 1 392
440 0 241 1 393
450 0 60 1 394
460 0 48 1 395
473 0 104 1 396
455 0 233 1 397
450 0 264 1 398
496 0 29 1 399
435 0 243 1 400
424 0 199 1 401
450 0 236 1 402
478 0 106 1 403
474 0 29 1 404
455 0 224 1 405
462 0 264 1 406
506 0 186 1 407
465 0 213 1 408
506 0 41 1 409
451 0 196 1 410
463 0 232 1 411
477 0 247 1 412
506 0 30 1 413
459 0 228 1 414
506 0 86 1 415
506 0 197 1 416
483 0 105 1 417
507 0 219 1 418
484 0 264 1 419
457 0 196 1 420
507 0 176 1 421
507 0 142 1 422
507 0 164 1 423
507 0 230 1 424
507 0 130 1 425
507 0 264 1 426
507 0 108 1 427
