428
-19 0 205 1 0
-19 0 127 1 1
-19 0 116 1 2
-19 0 250 1 3
-19 0 71 1 4
-19 0 239 1 5
-19 0 139 1 6
-19 0 183 1 7
2 0 263 1 8
-19 0 60 1 9
32 0 108 1 10
18 0 169 1 11
25 0 263 1 12
32 0 100 1 13
26 0 26 1 14
-19 0 26 1 15
25 0 206 1 16
17 0 197 1 17
36 0 263 1 18
37 0 92 1 19
49 0 233 1 20
41 0 230 1 21
58 0 228 1 22
38 0 55 1 23
57 0 159 1 24
71 10 134 1 25
43 0 85 1 26
67 0 226 1 27
51 0 77 1 28
81 10 129 1 29
58 0 263 1 30
94 10 172 1 31
53 0 45 1 32
94 10 185 1 33
90 10 126 1 34
58 0 71 1 35
78 0 222 1 36
94 10 158 1 37
94 10 198 1 38
94 10 222 1 39
94 10 145 1 40
94 10 210 1 41
94 10 133 1 42
96 10 122 1 43
103 0 263 1 44
115 0 263 1 45
116 0 26 1 46
128 0 202 1 47
138 10 144 1 48
138 10 156 1 49
119 0 74 1 50
140 10 134 1 51
142 10 169 1 52
147 10 125 1 53
145 10 223 1 54
152 10 178 1 55
157 10 121 1 56
149 0 201 1 57
159 0 204 1 58
160 0 263 1 59
158 10 220 1 60
177 10 210 1 61
163 10 180 1 62
182 10 202 1 63
176 10 174 1 64
169 10 121 1 65
168 10 216 1 66
180 10 126 1 67
188 10 136 1 68
187 10 191 1 69
187 10 165 1 70
191 10 147 1 71
191 10 181 1 72
192 10 158 1 73
196 0 206 1 74
215 0 77 1 75
205 0 202 1 76
193 10 172 1 77
223 10 157 1 78
220 0 205 1 79
250 0 72 1 80
223 10 136 1 81
224 10 126 1 82
223 10 146 1 83
216 0 263 1 84
217 10 214 1 85
260 0 68 1 86
233 0 218 1 87
253 10 219 1 88
223 10 168 1 89
236 10 123 1 90
235 10 163 1 91
224 10 221 1 92
265 10 123 1 93
287 0 89 1 94
241 10 224 1 95
261 10 212 1 96
232 10 223 1 97
245 10 123 1 98
255 10 123 1 99
304 10 127 1 100
273 0 232 1 101
247 10 164 1 102
287 0 154 1 103
264 10 201 1 104
263 10 179 1 105
302 0 164 1 106
257 10 170 1 107
264 10 190 1 108
296 0 180 1 109
295 10 217 1 110
297 0 237 1 111
358 0 99 1 112
305 0 154 1 113
302 0 174 1 114
312 10 121 1 115
296 10 134 1 116
325 0 157 1 117
321 10 187 1 118
305 0 263 1 119
309 10 218 1 120
317 0 263 1 121
336 10 127 1 122
315 10 194 1 123
315 0 230 1 124
335 0 217 1 125
353 0 206 1 126
324 10 121 1 127
337 10 161 1 128
309 10 202 1 129
340 10 136 1 130
381 0 174 1 131
331 10 172 1 132
363 0 200 1 133
302 10 209 1 134
326 0 222 1 135
377 0 158 1 136
339 10 148 1 137
326 10 180 1 138
395 0 133 1 139
372 0 195 1 140
418 0 98 1 141
428 0 93 1 142
396 0 124 1 143
350 0 263 1 144
329 10 218 1 145
422 0 88 1 146
381 0 193 1 147
318 10 218 1 148
434 0 85 1 149
373 0 263 1 150
443 0 79 1 151
340 10 219 1 152
430 0 26 1 153
436 0 63 1 154
431 0 63 1 155
442 0 51 1 156
439 0 81 1 157
460 0 85 1 158
442 0 26 1 159
407 0 263 1 160
434 0 80 1 161
395 0 263 1 162
413 0 214 1 163
455 0 74 1 164
451 0 63 1 165
449 0 40 1 166
450 0 45 1 167
417 0 191 1 168
422 0 220 1 169
421 0 241 1 170
453 0 26 1 171
466 0 93 1 172
429 0 263 1 173
418 0 263 1 174
464 0 26 1 175
471 0 63 1 176
456 0 63 1 177
418 0 217 1 178
448 0 215 1 179
446 0 238 1 180
441 0 263 1 181
461 0 63 1 182
465 0 49 1 183
430 0 228 1 184
452 0 219 1 185
508 0 95 1 186
487 0 26 1 187
474 0 263 1 188
427 0 233 1 189
470 0 54 1 190
468 0 201 1 191
471 0 239 1 192
469 0 195 1 193
508 0 61 1 194
470 0 97 1 195
467 0 235 1 196
464 0 195 1 197
483 0 248 1 198
497 0 263 1 199
447 0 195 1 200
508 0 72 1 201
508 0 50 1 202
467 0 207 1 203
465 0 217 1 204
474 0 243 1 205
444 0 211 1 206
508 0 240 1 207
508 0 117 1 208
508 0 151 1 209
508 0 206 1 210
463 0 222 1 211
508 0 252 1 212
488 0 249 1 213
-19 0 94 1 214
-19 0 161 1 215
-19 0 173 1 216
-19 0 262 1 217
-19 0 228 1 218
-19 0 82 1 219
-19 0 105 1 220
-8 0 26 1 221
-19 0 217 1 222
-19 0 194 1 223
-9 0 263 1 224
-19 0 150 1 225
-19 0 49 1 226
3 0 26 1 227
32 0 214 1 228
9 0 174 1 229
1 0 181 1 230
-19 0 37 1 231
47 0 263 1 232
15 0 26 1 233
13 0 263 1 234
48 0 164 1 235
8 0 191 1 236
38 0 166 1 237
37 0 26 1 238
43 0 42 1 239
47 0 122 1 240
35 0 47 1 241
28 0 168 1 242
37 0 222 1 243
39 0 116 1 244
70 0 263 1 245
48 0 26 1 246
60 0 26 1 247
46 0 61 1 248
57 0 132 1 249
62 0 48 1 250
81 0 263 1 251
54 0 67 1 252
82 0 26 1 253
71 0 26 1 254
63 0 150 1 255
63 0 141 1 256
92 0 263 1 257
82 0 48 1 258
89 0 216 1 259
72 0 48 1 260
93 0 26 1 261
99 0 56 1 262
91 0 51 1 263
99 0 213 1 264
108 0 210 1 265
118 0 205 1 266
113 0 68 1 267
105 0 26 1 268
106 0 63 1 269
129 0 76 1 270
127 0 26 1 271
126 0 263 1 272
137 0 263 1 273
138 0 74 1 274
138 0 26 1 275
149 0 263 1 276
139 0 200 1 277
150 0 26 1 278
146 0 76 1 279
156 0 76 1 280
169 0 76 1 281
161 0 26 1 282
167 0 209 1 283
177 0 79 1 284
175 0 213 1 285
172 0 26 1 286
171 0 263 1 287
185 0 78 1 288
183 0 26 1 289
195 0 26 1 290
182 0 263 1 291
194 0 75 1 292
186 0 211 1 293
206 0 26 1 294
194 0 263 1 295
216 0 199 1 296
205 0 76 1 297
205 0 263 1 298
226 0 77 1 299
239 0 26 1 300
228 0 26 1 301
217 0 26 1 302
223 0 213 1 303
237 0 75 1 304
226 0 263 1 305
238 0 263 1 306
250 0 26 1 307
279 0 88 1 308
245 0 218 1 309
274 0 81 1 310
249 0 263 1 311
273 0 26 1 312
257 0 219 1 313
261 0 26 1 314
284 0 26 1 315
295 0 87 1 316
260 0 263 1 317
267 0 75 1 318
265 0 225 1 319
329 0 26 1 320
271 0 263 1 321
303 0 87 1 322
295 0 26 1 323
306 0 26 1 324
318 0 26 1 325
284 0 239 1 326
283 0 263 1 327
296 0 157 1 328
313 0 87 1 329
311 0 170 1 330
316 0 154 1 331
311 0 137 1 332
334 0 154 1 333
294 0 263 1 334
340 0 26 1 335
324 0 87 1 336
311 0 147 1 337
374 0 26 1 338
319 0 174 1 339
336 0 85 1 340
307 0 233 1 341
345 0 82 1 342
351 0 26 1 343
363 0 26 1 344
319 0 164 1 345
325 0 180 1 346
375 0 166 1 347
328 0 263 1 348
352 0 90 1 349
368 0 106 1 350
345 0 212 1 351
385 0 26 1 352
397 0 26 1 353
431 0 51 1 354
339 0 263 1 355
423 0 93 1 356
408 0 26 1 357
387 0 118 1 358
384 0 150 1 359
425 0 63 1 360
379 0 113 1 361
388 0 189 1 362
433 0 94 1 363
389 0 180 1 364
362 0 263 1 365
424 0 50 1 366
422 0 79 1 367
435 0 76 1 368
419 0 26 1 369
441 0 63 1 370
390 0 141 1 371
444 0 92 1 372
463 0 89 1 373
434 0 71 1 374
434 0 90 1 375
418 0 64 1 376
439 0 93 1 377
422 0 83 1 378
417 0 245 1 379
384 0 263 1 380
437 0 51 1 381
450 0 51 1 382
449 0 92 1 383
431 0 243 1 384
446 0 63 1 385
476 0 63 1 386
452 0 69 1 387
457 0 79 1 388
424 0 237 1 389
421 0 195 1 390
466 0 63 1 391
441 0 195 1 392
441 0 240 1 393
451 0 57 1 394
461 0 45 1 395
474 0 101 1 396
456 0 231 1 397
452 0 263 1 398
498 0 26 1 399
436 0 242 1 400
425 0 198 1 401
451 0 235 1 402
479 0 104 1 403
475 0 26 1 404
456 0 223 1 405
463 0 263 1 406
508 0 184 1 407
466 0 212 1 408
508 0 39 1 409
452 0 195 1 410
464 0 231 1 411
478 0 246 1 412
508 0 27 1 413
460 0 227 1 414
508 0 84 1 415
508 0 195 1 416
484 0 103 1 417
508 0 218 1 418
486 0 263 1 419
458 0 195 1 420
508 0 174 1 421
508 0 140 1 422
508 0 162 1 423
508 0 229 1 424
508 0 129 1 425
508 0 263 1 426
508 0 106 1 427
