428
-20 0 205 1 0
-20 0 127 1 1
-20 0 116 1 2
-20 0 250 1 3
-20 0 71 1 4
-20 0 239 1 5
-20 0 138 1 6
-20 0 182 1 7
2 0 263 1 8
-20 0 59 1 9
31 0 107 1 10
17 0 168 1 11
24 0 263 1 12
31 0 99 1 13
26 0 25 1 14
-20 0 25 1 15
24 0 206 1 16
16 0 197 1 17
36 0 263 1 18
36 0 91 1 19
48 0 233 1 20
40 0 230 1 21
57 0 228 1 22
37 0 54 1 23
56 0 158 1 24
70 10 133 1 25
42 0 84 1 26
66 0 226 1 27
50 0 76 1 28
80 10 128 1 29
58 0 263 1 30
93 10 171 1 31
52 0 44 1 32
93 10 185 1 33
89 10 125 1 34
57 0 70 1 35
77 0 222 1 36
93 10 157 1 37
93 10 198 1 38
93 10 222 1 39
93 10 144 1 40
93 10 210 1 41
93 10 132 1 42
95 10 121 1 43
103 0 263 1 44
115 0 263 1 45
116 0 25 1 46
127 0 202 1 47
138 10 143 1 48
138 10 155 1 49
118 0 73 1 50
140 10 133 1 51
142 10 168 1 52
147 10 124 1 53
145 10 223 1 54
152 10 177 1 55
157 10 120 1 56
149 0 201 1 57
159 0 204 1 58
160 0 263 1 59
158 10 220 1 60
177 10 210 1 61
163 10 179 1 62
182 10 202 1 63
176 10 173 1 64
169 10 120 1 65
168 10 216 1 66
180 10 125 1 67
188 10 135 1 68
187 10 191 1 69
187 10 164 1 70
191 10 146 1 71
191 10 181 1 72
192 10 157 1 73
196 0 206 1 74
215 0 76 1 75
205 0 202 1 76
193 10 171 1 77
224 10 156 1 78
221 0 205 1 79
251 0 71 1 80
224 10 135 1 81
225 10 125 1 82
224 10 145 1 83
216 0 263 1 84
217 10 214 1 85
261 0 67 1 86
234 0 218 1 87
254 10 219 1 88
224 10 167 1 89
237 10 122 1 90
236 10 162 1 91
225 10 221 1 92
266 10 122 1 93
288 0 88 1 94
242 10 224 1 95
262 10 212 1 96
233 10 223 1 97
246 10 122 1 98
256 10 122 1 99
305 10 126 1 100
274 0 232 1 101
248 10 163 1 102
331 14 153 4 103
265 10 201 1 104
264 10 178 1 105
319 5 163 4 106
258 10 169 1 107
265 10 190 1 108
324 8 180 4 109
296 10 217 1 110
298 0 237 1 111
359 0 98 1 112
316 3 153 4 113
319 5 173 4 114
313 10 120 1 115
297 10 133 1 116
300 -8 156 4 117
322 10 187 1 118
305 0 263 1 119
310 10 218 1 120
317 0 263 1 121
337 10 126 1 122
316 10 194 1 123
316 0 230 1 124
336 0 217 1 125
354 0 206 1 126
325 10 120 1 127
338 10 160 1 128
310 10 202 1 129
341 10 135 1 130
382 0 173 1 131
332 10 171 1 132
364 0 200 1 133
303 10 209 1 134
327 0 222 1 135
378 0 157 1 136
340 10 147 1 137
327 10 179 1 138
396 0 132 1 139
373 0 195 1 140
419 0 97 1 141
429 0 92 1 142
397 0 123 1 143
351 0 263 1 144
330 10 218 1 145
423 0 87 1 146
382 0 193 1 147
319 10 218 1 148
435 0 84 1 149
373 0 263 1 150
444 0 78 1 151
341 10 219 1 152
431 0 25 1 153
437 0 62 1 154
432 0 62 1 155
443 0 50 1 156
440 0 80 1 157
461 0 84 1 158
442 0 25 1 159
407 0 263 1 160
435 0 79 1 161
396 0 263 1 162
414 0 214 1 163
456 0 73 1 164
452 0 62 1 165
450 0 39 1 166
451 0 44 1 167
418 0 191 1 168
423 0 220 1 169
422 0 241 1 170
453 0 25 1 171
467 0 92 1 172
430 0 263 1 173
418 0 263 1 174
465 0 25 1 175
472 0 62 1 176
457 0 62 1 177
419 0 217 1 178
449 0 215 1 179
447 0 238 1 180
441 0 263 1 181
462 0 62 1 182
466 0 48 1 183
431 0 228 1 184
453 0 219 1 185
509 0 94 1 186
487 0 25 1 187
475 0 263 1 188
428 0 233 1 189
471 0 53 1 190
469 0 201 1 191
472 0 239 1 192
470 0 195 1 193
509 0 60 1 194
471 0 96 1 195
468 0 235 1 196
465 0 195 1 197
484 0 248 1 198
497 0 263 1 199
448 0 195 1 200
509 0 72 1 201
509 0 49 1 202
468 0 207 1 203
466 0 217 1 204
475 0 243 1 205
445 0 211 1 206
509 0 240 1 207
509 0 117 1 208
509 0 151 1 209
509 0 206 1 210
464 0 222 1 211
509 0 251 1 212
489 0 249 1 213
-20 0 93 1 214
-20 0 161 1 215
-20 0 172 1 216
-20 0 261 1 217
-20 0 228 1 218
-20 0 82 1 219
-20 0 104 1 220
-8 0 25 1 221
-20 0 216 1 222
-20 0 194 1 223
-9 0 263 1 224
-20 0 150 1 225
-20 0 48 1 226
3 0 25 1 227
31 0 214 1 228
8 0 173 1 229
0 0 181 1 230
-20 0 37 1 231
47 0 263 1 232
14 0 25 1 233
13 0 263 1 234
47 0 163 1 235
7 0 191 1 236
37 0 165 1 237
37 0 25 1 238
42 0 41 1 239
46 0 121 1 240
34 0 46 1 241
27 0 167 1 242
36 0 222 1 243
38 0 115 1 244
70 0 263 1 245
48 0 25 1 246
59 0 25 1 247
45 0 60 1 248
56 0 131 1 249
61 0 47 1 250
81 0 263 1 251
53 0 66 1 252
82 0 25 1 253
71 0 25 1 254
62 0 149 1 255
62 0 140 1 256
92 0 263 1 257
81 0 47 1 258
88 0 216 1 259
71 0 47 1 260
93 0 25 1 261
98 0 55 1 262
90 0 50 1 263
98 0 213 1 264
107 0 210 1 265
117 0 205 1 266
112 0 67 1 267
105 0 25 1 268
105 0 62 1 269
128 0 75 1 270
127 0 25 1 271
126 0 263 1 272
137 0 263 1 273
137 0 73 1 274
138 0 25 1 275
149 0 263 1 276
138 0 200 1 277
150 0 25 1 278
145 0 75 1 279
156 0 75 1 280
169 0 75 1 281
161 0 25 1 282
167 0 209 1 283
177 0 78 1 284
175 0 213 1 285
172 0 25 1 286
171 0 263 1 287
185 0 77 1 288
184 0 25 1 289
195 0 25 1 290
182 0 263 1 291
194 0 74 1 292
186 0 211 1 293
206 0 25 1 294
194 0 263 1 295
216 0 199 1 296
205 0 75 1 297
205 0 263 1 298
227 0 76 1 299
239 0 25 1 300
228 0 25 1 301
217 0 25 1 302
224 0 213 1 303
238 0 74 1 304
227 0 263 1 305
238 0 263 1 306
250 0 25 1 307
280 0 87 1 308
246 0 218 1 309
275 0 80 1 310
249 0 263 1 311
273 0 25 1 312
258 0 219 1 313
261 0 25 1 314
284 0 25 1 315
296 0 86 1 316
260 0 263 1 317
268 0 74 1 318
266 0 225 1 319
329 0 25 1 320
272 0 263 1 321
304 0 86 1 322
295 0 25 1 323
307 0 25 1 324
318 0 25 1 325
285 0 239 1 326
283 0 263 1 327
324 8 156 4 328
314 0 86 1 329
312 0 169 4 330
307 -2 153 4 331
312 0 136 4 332
293 -13 153 4 333
294 0 263 1 334
340 0 25 1 335
325 0 86 1 336
312 0 146 4 337
374 0 25 1 338
305 -4 173 4 339
337 0 84 1 340
308 0 233 1 341
346 0 81 1 342
352 0 25 1 343
363 0 25 1 344
305 -4 163 4 345
300 -8 180 4 346
376 0 165 1 347
328 0 263 1 348
353 0 89 1 349
369 0 105 1 350
346 0 212 1 351
386 0 25 1 352
397 0 25 1 353
432 0 50 1 354
339 0 263 1 355
424 0 92 1 356
408 0 25 1 357
388 0 117 1 358
385 0 149 1 359
426 0 62 1 360
380 0 112 1 361
389 0 189 1 362
434 0 93 1 363
390 0 180 1 364
362 0 263 1 365
425 0 49 1 366
423 0 78 1 367
436 0 75 1 368
419 0 25 1 369
442 0 62 1 370
391 0 140 1 371
445 0 91 1 372
464 0 88 1 373
435 0 70 1 374
435 0 89 1 375
419 0 63 1 376
440 0 92 1 377
423 0 82 1 378
418 0 245 1 379
384 0 263 1 380
438 0 50 1 381
451 0 50 1 382
450 0 91 1 383
432 0 243 1 384
447 0 62 1 385
477 0 62 1 386
453 0 68 1 387
458 0 78 1 388
425 0 237 1 389
422 0 195 1 390
467 0 62 1 391
442 0 195 1 392
442 0 240 1 393
452 0 56 1 394
462 0 44 1 395
475 0 100 1 396
457 0 231 1 397
452 0 263 1 398
498 0 25 1 399
437 0 242 1 400
426 0 198 1 401
452 0 235 1 402
480 0 103 1 403
476 0 25 1 404
457 0 223 1 405
463 0 263 1 406
509 0 184 1 407
467 0 212 1 408
509 0 38 1 409
453 0 195 1 410
465 0 231 1 411
479 0 246 1 412
509 0 27 1 413
461 0 227 1 414
509 0 83 1 415
509 0 195 1 416
485 0 102 1 417
509 0 217 1 418
486 0 263 1 419
459 0 195 1 420
509 0 173 1 421
509 0 139 1 422
509 0 162 1 423
509 0 229 1 424
509 0 128 1 425
509 0 263 1 426
509 0 106 1 427
