428
49 7 145 1 0
63 7 137 1 1
68 7 136 1 2
71 7 145 1 3
91 7 148 1 4
92 7 160 1 5
75 7 174 1 6
74 7 185 1 7
71 7 195 1 8
72 7 206 1 9
58 7 217 1 10
76 7 131 1 11
127 7 149 1 12
126 7 159 1 13
133 7 139 1 14
129 7 170 1 15
138 7 225 1 16
136 7 133 1 17
141 7 177 1 18
149 7 128 1 19
147 7 219 1 20
148 7 179 1 21
129 7 211 1 22
159 7 127 1 23
163 7 174 1 24
131 7 204 1 25
169 7 131 1 26
147 7 198 1 27
169 7 167 1 28
163 7 188 1 29
170 7 141 1 30
172 7 152 1 31
172 7 181 1 32
175 7 161 1 33
177 7 173 1 34
165 7 207 1 35
201 7 142 1 36
200 7 151 1 37
221 7 157 1 38
220 7 165 1 39
198 7 135 1 40
213 7 224 1 41
223 7 225 1 42
230 7 163 1 43
213 7 129 1 44
232 7 226 1 45
219 7 131 1 46
241 7 161 1 47
245 7 210 1 48
249 7 130 1 49
247 7 171 1 50
255 7 205 1 51
251 7 180 1 52
260 7 190 1 53
261 7 198 1 54
264 7 120 1 55
292 7 210 1 56
295 7 137 1 57
301 7 208 1 58
301 7 130 1 59
307 7 202 1 60
307 7 216 1 61
309 7 128 1 62
315 7 194 1 63
315 7 217 1 64
318 7 185 1 65
321 7 125 1 66
323 7 180 1 67
323 7 213 1 68
328 7 174 1 69
330 7 133 1 70
334 7 165 1 71
332 7 152 1 72
332 7 141 1 73
332 7 214 1 74
-2 0 181 1 75
7 0 191 1 76
8 0 174 1 77
9 0 195 1 78
13 0 171 1 79
11 0 203 1 80
26 0 169 1 81
22 0 116 1 82
25 0 118 1 83
25 0 212 1 84
26 0 63 1 85
27 0 107 1 86
29 0 221 1 87
24 0 80 1 88
35 0 167 1 89
31 0 126 1 90
36 0 230 1 91
35 0 57 1 92
31 0 103 1 93
32 0 84 1 94
36 0 132 1 95
41 0 167 1 96
47 0 233 1 97
36 0 100 1 98
38 0 69 1 99
44 0 83 1 100
50 0 135 1 101
51 0 162 1 102
51 0 81 1 103
52 0 229 1 104
52 0 64 1 105
53 0 146 1 106
50 0 155 1 107
63 0 227 1 108
63 0 61 1 109
55 0 217 1 110
61 0 77 1 111
68 0 212 1 112
78 0 66 1 113
77 0 80 1 114
73 0 209 1 115
85 0 84 1 116
86 0 206 1 117
102 0 79 1 118
95 0 203 1 119
109 0 84 1 120
124 0 201 1 121
119 0 85 1 122
131 0 81 1 123
115 0 196 1 124
137 0 85 1 125
141 0 199 1 126
152 0 82 1 127
128 0 199 1 128
154 0 208 1 129
160 0 85 1 130
160 0 212 1 131
162 0 95 1 132
163 0 98 1 133
145 0 204 1 134
187 0 81 1 135
176 0 201 1 136
195 0 85 1 137
200 0 200 1 138
205 0 86 1 139
213 0 196 1 140
214 0 201 1 141
175 0 206 1 142
216 0 86 1 143
221 0 221 1 144
231 0 81 1 145
236 0 210 1 146
241 0 82 1 147
250 0 210 1 148
251 0 79 1 149
257 0 227 1 150
258 0 84 1 151
271 0 232 1 152
269 0 89 1 153
276 0 91 1 154
282 0 237 1 155
283 0 95 1 156
292 0 93 1 157
294 0 235 1 158
300 0 93 1 159
306 0 233 1 160
310 0 93 1 161
310 0 230 1 162
321 0 93 1 163
323 0 220 1 164
332 0 217 1 165
333 0 92 1 166
338 0 96 1 167
341 0 209 1 168
343 0 104 1 169
344 0 203 1 170
350 0 109 1 171
357 0 198 1 172
361 0 112 1 173
358 0 193 1 174
370 0 168 1 175
365 0 162 1 176
368 0 123 1 177
372 0 174 1 178
366 0 191 1 179
375 0 154 1 180
375 0 129 1 181
372 0 187 1 182
390 0 179 1 183
391 0 147 1 184
395 0 136 1 185
382 0 135 1 186
408 0 209 1 187
411 0 188 1 188
406 0 241 1 189
396 0 83 1 190
418 0 99 1 191
415 0 213 1 192
420 0 194 1 193
414 0 238 1 194
401 0 98 1 195
399 0 104 1 196
400 0 108 1 197
415 0 216 1 198
420 0 98 1 199
409 0 63 1 200
422 0 235 1 201
405 0 81 1 202
425 0 196 1 203
402 0 224 1 204
420 0 110 1 205
403 0 219 1 206
414 0 66 1 207
421 0 72 1 208
405 0 234 1 209
425 0 112 1 210
411 0 92 1 211
426 0 96 1 212
427 0 98 1 213
424 0 110 1 214
427 0 85 1 215
413 0 83 1 216
428 0 239 1 217
412 0 74 1 218
430 0 99 1 219
433 0 107 1 220
416 0 85 1 221
437 0 191 1 222
437 0 238 1 223
424 0 66 1 224
434 0 102 1 225
437 0 111 1 226
437 0 203 1 227
433 0 75 1 228
443 0 236 1 229
445 0 192 1 230
444 0 211 1 231
417 0 69 1 232
447 0 97 1 233
424 0 69 1 234
433 0 66 1 235
444 0 71 1 236
441 0 88 1 237
421 0 224 1 238
443 0 91 1 239
445 0 189 1 240
449 0 216 1 241
447 0 94 1 242
452 0 72 1 243
454 0 219 1 244
441 0 220 1 245
449 0 101 1 246
452 0 190 1 247
453 0 105 1 248
454 0 218 1 249
454 0 62 1 250
453 0 85 1 251
457 0 103 1 252
455 0 212 1 253
458 0 189 1 254
456 0 224 1 255
456 0 70 1 256
463 0 215 1 257
458 0 84 1 258
462 0 106 1 259
465 0 211 1 260
466 0 205 1 261
466 0 234 1 262
467 0 199 1 263
468 0 193 1 264
461 0 78 1 265
468 0 101 1 266
466 0 75 1 267
456 0 229 1 268
468 0 114 1 269
469 0 240 1 270
466 0 88 1 271
470 0 242 1 272
473 0 115 1 273
481 0 247 1 274
484 0 105 1 275
485 0 244 1 276
310 0 139 1 277
332 0 155 1 278
326 0 180 1 279
293 0 180 1 280
287 0 160 1 281
307 0 149 1 282
323 0 158 1 283
317 0 173 1 284
300 0 174 1 285
297 0 158 1 286
310 0 170 1 287
319 0 165 1 288
316 0 154 1 289
304 0 155 1 290
301 0 166 1 291
-31 0 45 1 292
-22 0 58 1 293
-7 0 48 1 294
7 0 45 1 295
15 0 48 1 296
26 0 48 1 297
34 0 54 1 298
48 0 48 1 299
52 0 56 1 300
59 0 64 1 301
75 0 53 1 302
82 0 55 1 303
91 0 56 1 304
111 0 45 1 305
117 0 48 1 306
128 0 48 1 307
142 0 45 1 308
155 0 48 1 309
165 0 51 1 310
176 0 48 1 311
183 0 52 1 312
192 0 54 1 313
207 0 48 1 314
208 0 56 1 315
225 0 48 1 316
224 0 57 1 317
251 0 45 1 318
261 0 48 1 319
272 0 48 1 320
289 0 45 1 321
299 0 48 1 322
319 0 45 1 323
330 0 54 1 324
342 0 45 1 325
348 0 53 1 326
363 0 48 1 327
374 0 45 1 328
379 0 53 1 329
391 0 48 1 330
394 0 55 1 331
406 0 52 1 332
419 0 48 1 333
421 0 55 1 334
428 0 57 1 335
465 0 54 1 336
472 0 62 1 337
490 0 45 1 338
492 0 60 1 339
499 0 57 1 340
502 0 68 1 341
504 0 71 1 342
502 0 87 1 343
502 0 98 1 344
506 0 101 1 345
502 0 117 1 346
502 0 128 1 347
506 0 132 1 348
502 0 148 1 349
502 0 159 1 350
506 0 164 1 351
502 0 178 1 352
506 0 186 1 353
502 0 197 1 354
502 0 207 1 355
506 0 218 1 356
502 0 227 1 357
502 0 238 1 358
506 0 250 1 359
493 0 258 1 360
468 0 255 1 361
470 0 258 1 362
446 0 255 1 363
447 0 258 1 364
427 0 255 1 365
416 0 255 1 366
415 0 258 1 367
397 0 255 1 368
386 0 255 1 369
383 0 258 1 370
366 0 255 1 371
360 0 258 1 372
345 0 258 1 373
326 0 255 1 374
315 0 255 1 375
314 0 258 1 376
293 0 255 1 377
282 0 255 1 378
282 0 258 1 379
267 0 258 1 380
244 0 255 1 381
244 0 258 1 382
225 0 255 1 383
215 0 255 1 384
213 0 258 1 385
195 0 255 1 386
185 0 255 1 387
182 0 258 1 388
163 0 255 1 389
152 0 255 1 390
150 0 258 1 391
132 0 255 1 392
121 0 255 1 393
118 0 258 1 394
102 0 255 1 395
95 0 258 1 396
80 0 258 1 397
64 0 255 1 398
53 0 255 1 399
49 0 258 1 400
34 0 255 1 401
23 0 255 1 402
17 0 258 1 403
1 0 255 1 404
-10 0 255 1 405
-23 0 253 1 406
-29 0 257 1 407
-22 0 249 1 408
-21 0 237 1 409
-27 0 227 1 410
-27 0 216 1 411
-31 0 204 1 412
-20 0 194 1 413
-20 0 182 1 414
-27 0 178 1 415
-27 0 167 1 416
-27 0 156 1 417
-27 0 145 1 418
-31 0 140 1 419
-27 0 126 1 420
-22 0 107 1 421
-27 0 106 1 422
-27 0 95 1 423
-27 0 85 1 424
-24 0 70 1 425
-27 0 65 1 426
-31 0 60 1 427
