428
70 9 134 1 0
80 9 129 1 1
89 9 126 1 2
93 9 133 1 3
93 9 145 1 4
93 9 158 1 5
93 9 172 1 6
93 9 185 1 7
93 9 197 1 8
93 9 209 1 9
92 9 221 1 10
95 9 122 1 11
138 9 144 1 12
138 9 156 1 13
140 9 134 1 14
142 9 169 1 15
145 9 223 1 16
147 9 125 1 17
152 9 177 1 18
157 9 121 1 19
158 9 219 1 20
163 9 179 1 21
167 9 215 1 22
169 9 121 1 23
176 9 174 1 24
176 9 209 1 25
180 9 126 1 26
181 9 201 1 27
187 9 165 1 28
187 9 190 1 29
188 9 136 1 30
191 9 147 1 31
191 9 181 1 32
192 9 158 1 33
193 9 172 1 34
216 9 213 1 35
223 9 136 1 36
223 9 146 1 37
223 9 157 1 38
223 9 167 1 39
224 9 126 1 40
224 9 221 1 41
232 9 223 1 42
235 9 163 1 43
236 9 123 1 44
241 9 224 1 45
245 9 123 1 46
247 9 163 1 47
253 9 218 1 48
255 9 123 1 49
257 9 170 1 50
261 9 211 1 51
263 9 179 1 52
264 9 190 1 53
264 9 200 1 54
265 9 122 1 55
295 9 216 1 56
296 9 134 1 57
302 9 208 1 58
304 9 127 1 59
309 9 202 1 60
309 9 217 1 61
312 9 121 1 62
315 9 194 1 63
318 9 217 1 64
321 9 186 1 65
324 9 121 1 66
326 9 180 1 67
329 9 217 1 68
331 9 172 1 69
336 9 127 1 70
337 9 161 1 71
339 9 148 1 72
340 9 136 1 73
340 9 218 1 74
0 0 181 1 75
7 0 191 1 76
8 0 174 1 77
16 0 196 1 78
17 0 169 1 79
24 0 205 1 80
27 0 168 1 81
31 0 100 1 82
31 0 108 1 83
31 0 213 1 84
34 0 47 1 85
36 0 92 1 86
36 0 221 1 87
37 0 55 1 88
37 0 166 1 89
38 0 116 1 90
40 0 230 1 91
42 0 42 1 92
42 0 85 1 93
45 0 61 1 94
46 0 122 1 95
47 0 164 1 96
48 0 233 1 97
50 0 77 1 98
52 0 45 1 99
53 0 67 1 100
56 0 132 1 101
56 0 159 1 102
57 0 71 1 103
57 0 228 1 104
61 0 48 1 105
62 0 141 1 106
62 0 150 1 107
66 0 226 1 108
71 0 48 1 109
77 0 221 1 110
81 0 48 1 111
88 0 215 1 112
90 0 51 1 113
98 0 56 1 114
98 0 212 1 115
105 0 63 1 116
107 0 209 1 117
112 0 68 1 118
117 0 204 1 119
118 0 74 1 120
127 0 201 1 121
128 0 76 1 122
137 0 74 1 123
138 0 199 1 124
145 0 76 1 125
149 0 200 1 126
156 0 76 1 127
159 0 203 1 128
167 0 208 1 129
169 0 76 1 130
175 0 212 1 131
177 0 79 1 132
185 0 78 1 133
185 0 210 1 134
194 0 75 1 135
196 0 205 1 136
205 0 76 1 137
205 0 201 1 138
215 0 77 1 139
216 0 198 1 140
220 0 204 1 141
222 0 212 1 142
226 0 77 1 143
233 0 218 1 144
237 0 75 1 145
245 0 217 1 146
250 0 72 1 147
257 0 218 1 148
260 0 68 1 149
265 0 225 1 150
267 0 75 1 151
273 0 232 1 152
274 0 81 1 153
279 0 88 1 154
284 0 238 1 155
287 0 89 1 156
295 0 87 1 157
297 0 236 1 158
303 0 87 1 159
307 0 233 1 160
313 0 87 1 161
315 0 230 1 162
324 0 87 1 163
326 0 221 1 164
335 0 217 1 165
336 0 85 1 166
345 0 82 1 167
345 0 211 1 168
352 0 90 1 169
353 0 205 1 170
358 0 99 1 171
363 0 199 1 172
368 0 106 1 173
372 0 194 1 174
375 0 166 1 175
377 0 158 1 176
379 0 113 1 177
381 0 174 1 178
381 0 192 1 179
384 0 150 1 180
387 0 118 1 181
388 0 188 1 182
390 0 180 1 183
391 0 141 1 184
395 0 133 1 185
396 0 124 1 186
413 0 213 1 187
417 0 190 1 188
417 0 244 1 189
418 0 64 1 190
418 0 98 1 191
418 0 216 1 192
421 0 194 1 193
421 0 240 1 194
422 0 79 1 195
422 0 83 1 196
422 0 88 1 197
422 0 219 1 198
423 0 93 1 199
424 0 50 1 200
424 0 236 1 201
425 0 63 1 202
425 0 197 1 203
427 0 232 1 204
428 0 93 1 205
430 0 227 1 206
431 0 51 1 207
431 0 63 1 208
431 0 242 1 209
433 0 94 1 210
434 0 71 1 211
434 0 80 1 212
434 0 85 1 213
434 0 90 1 214
435 0 76 1 215
436 0 63 1 216
436 0 241 1 217
437 0 51 1 218
439 0 81 1 219
439 0 93 1 220
441 0 63 1 221
441 0 194 1 222
441 0 239 1 223
442 0 51 1 224
443 0 79 1 225
444 0 92 1 226
444 0 210 1 227
446 0 63 1 228
446 0 237 1 229
447 0 194 1 230
448 0 214 1 231
448 0 40 1 232
449 0 92 1 233
450 0 45 1 234
450 0 51 1 235
451 0 57 1 236
451 0 63 1 237
451 0 234 1 238
452 0 69 1 239
452 0 194 1 240
452 0 218 1 241
455 0 74 1 242
456 0 63 1 243
456 0 222 1 244
456 0 230 1 245
457 0 79 1 246
458 0 194 1 247
460 0 85 1 248
460 0 226 1 249
461 0 45 1 250
461 0 63 1 251
463 0 89 1 252
463 0 221 1 253
464 0 194 1 254
464 0 230 1 255
465 0 49 1 256
465 0 216 1 257
466 0 63 1 258
466 0 93 1 259
466 0 211 1 260
467 0 206 1 261
467 0 234 1 262
468 0 200 1 263
469 0 194 1 264
470 0 54 1 265
470 0 97 1 266
471 0 63 1 267
471 0 238 1 268
474 0 101 1 269
474 0 242 1 270
476 0 63 1 271
478 0 245 1 272
479 0 104 1 273
483 0 247 1 274
484 0 103 1 275
488 0 248 1 276
311 0 137 1 277
334 0 154 1 278
326 0 180 1 279
296 0 180 1 280
287 0 154 1 281
311 0 147 1 282
325 0 157 1 283
319 0 173 1 284
302 0 174 1 285
297 0 157 1 286
311 0 170 1 287
319 0 164 1 288
316 0 154 1 289
305 0 154 1 290
302 0 164 1 291
-20 0 26 1 292
-9 0 26 1 293
3 0 26 1 294
14 0 26 1 295
25 0 26 1 296
37 0 26 1 297
48 0 26 1 298
59 0 26 1 299
70 0 26 1 300
81 0 27 1 301
93 0 26 1 302
104 0 26 1 303
115 0 26 1 304
127 0 26 1 305
138 0 26 1 306
149 0 26 1 307
160 0 26 1 308
172 0 26 1 309
183 0 26 1 310
194 0 26 1 311
205 0 26 1 312
217 0 26 1 313
227 0 26 1 314
238 0 26 1 315
249 0 26 1 316
260 0 26 1 317
272 0 26 1 318
283 0 26 1 319
295 0 26 1 320
306 0 26 1 321
317 0 26 1 322
329 0 26 1 323
340 0 26 1 324
351 0 26 1 325
363 0 26 1 326
374 0 26 1 327
385 0 26 1 328
396 0 26 1 329
408 0 26 1 330
419 0 26 1 331
430 0 26 1 332
441 0 26 1 333
452 0 26 1 334
463 0 26 1 335
475 0 26 1 336
487 0 27 1 337
498 0 26 1 338
508 0 28 1 339
508 0 39 1 340
508 0 50 1 341
508 0 61 1 342
508 0 72 1 343
508 0 83 1 344
508 0 95 1 345
508 0 106 1 346
508 0 117 1 347
508 0 128 1 348
508 0 140 1 349
508 0 151 1 350
508 0 162 1 351
508 0 173 1 352
508 0 184 1 353
508 0 195 1 354
508 0 206 1 355
508 0 217 1 356
508 0 229 1 357
508 0 240 1 358
508 0 251 1 359
508 0 262 1 360
496 0 262 1 361
485 0 262 1 362
474 0 262 1 363
463 0 262 1 364
451 0 262 1 365
440 0 262 1 366
429 0 262 1 367
418 0 262 1 368
406 0 262 1 369
395 0 262 1 370
384 0 262 1 371
373 0 262 1 372
361 0 262 1 373
350 0 262 1 374
339 0 262 1 375
328 0 262 1 376
316 0 262 1 377
305 0 262 1 378
294 0 262 1 379
282 0 262 1 380
271 0 262 1 381
260 0 262 1 382
248 0 262 1 383
237 0 262 1 384
226 0 262 1 385
216 0 262 1 386
204 0 262 1 387
193 0 262 1 388
182 0 262 1 389
171 0 262 1 390
160 0 262 1 391
148 0 262 1 392
137 0 262 1 393
126 0 262 1 394
114 0 262 1 395
103 0 262 1 396
92 0 262 1 397
80 0 262 1 398
69 0 262 1 399
58 0 262 1 400
47 0 262 1 401
35 0 262 1 402
24 0 262 1 403
13 0 262 1 404
2 0 262 1 405
-10 0 262 1 406
-20 0 261 1 407
-20 0 250 1 408
-20 0 239 1 409
-20 0 228 1 410
-20 0 216 1 411
-20 0 205 1 412
-20 0 194 1 413
-20 0 182 1 414
-20 0 172 1 415
-20 0 161 1 416
-20 0 150 1 417
-20 0 138 1 418
-20 0 127 1 419
-20 0 116 1 420
-20 0 105 1 421
-20 0 94 1 422
-20 0 82 1 423
-20 0 71 1 424
-20 0 60 1 425
-20 0 49 1 426
-20 0 37 1 427
