428
68 9 135 1 0
78 9 130 1 1
87 9 127 1 2
91 9 134 1 3
93 9 145 1 4
93 9 158 1 5
91 9 172 1 6
91 9 185 1 7
91 9 197 1 8
91 9 209 1 9
89 9 221 1 10
93 9 123 1 11
137 9 144 1 12
137 9 156 1 13
140 9 134 1 14
141 9 169 1 15
144 9 223 1 16
146 9 126 1 17
151 9 177 1 18
156 9 121 1 19
157 9 219 1 20
161 9 179 1 21
163 9 215 1 22
168 9 121 1 23
175 9 174 1 24
172 9 209 1 25
179 9 126 1 26
178 9 201 1 27
185 9 165 1 28
184 9 190 1 29
186 9 136 1 30
189 9 147 1 31
189 9 181 1 32
190 9 158 1 33
191 9 172 1 34
211 9 213 1 35
221 9 136 1 36
220 9 146 1 37
223 9 157 1 38
223 9 167 1 39
221 9 127 1 40
223 9 221 1 41
231 9 223 1 42
235 9 163 1 43
233 9 123 1 44
240 9 224 1 45
242 9 124 1 46
247 9 163 1 47
252 9 217 1 48
255 9 123 1 49
256 9 170 1 50
261 9 211 1 51
262 9 179 1 52
264 9 190 1 53
264 9 200 1 54
265 9 122 1 55
295 9 216 1 56
296 9 134 1 57
302 9 208 1 58
304 9 127 1 59
309 9 202 1 60
309 9 217 1 61
312 9 121 1 62
315 9 194 1 63
318 9 217 1 64
321 9 186 1 65
324 9 121 1 66
326 9 180 1 67
329 9 217 1 68
331 9 172 1 69
336 9 127 1 70
337 9 161 1 71
339 9 148 1 72
339 9 136 1 73
339 9 218 1 74
0 0 181 1 75
7 0 191 1 76
8 0 174 1 77
16 0 196 1 78
17 0 169 1 79
23 0 205 1 80
27 0 168 1 81
30 0 102 1 82
31 0 109 1 83
31 0 213 1 84
33 0 49 1 85
35 0 93 1 86
36 0 221 1 87
36 0 58 1 88
37 0 166 1 89
38 0 117 1 90
40 0 230 1 91
42 0 43 1 92
41 0 87 1 93
44 0 64 1 94
45 0 123 1 95
47 0 164 1 96
48 0 233 1 97
49 0 80 1 98
51 0 48 1 99
52 0 69 1 100
56 0 132 1 101
56 0 159 1 102
57 0 72 1 103
57 0 228 1 104
60 0 50 1 105
61 0 141 1 106
61 0 150 1 107
66 0 226 1 108
70 0 49 1 109
75 0 221 1 110
79 0 51 1 111
86 0 215 1 112
89 0 53 1 113
96 0 59 1 114
95 0 212 1 115
103 0 65 1 116
105 0 209 1 117
111 0 69 1 118
115 0 204 1 119
117 0 75 1 120
127 0 201 1 121
127 0 77 1 122
137 0 74 1 123
136 0 199 1 124
144 0 77 1 125
148 0 200 1 126
156 0 76 1 127
155 0 203 1 128
166 0 208 1 129
168 0 77 1 130
174 0 212 1 131
175 0 81 1 132
183 0 80 1 133
181 0 210 1 134
193 0 75 1 135
194 0 205 1 136
204 0 77 1 137
205 0 201 1 138
214 0 78 1 139
216 0 198 1 140
220 0 204 1 141
218 0 212 1 142
225 0 78 1 143
232 0 218 1 144
237 0 75 1 145
244 0 217 1 146
249 0 73 1 147
257 0 217 1 148
259 0 69 1 149
264 0 225 1 150
266 0 76 1 151
273 0 232 1 152
274 0 82 1 153
279 0 88 1 154
284 0 238 1 155
287 0 89 1 156
295 0 87 1 157
297 0 236 1 158
303 0 87 1 159
307 0 233 1 160
313 0 87 1 161
315 0 230 1 162
324 0 87 1 163
326 0 221 1 164
335 0 217 1 165
336 0 85 1 166
345 0 83 1 167
345 0 211 1 168
351 0 91 1 169
352 0 205 1 170
357 0 100 1 171
363 0 199 1 172
368 0 106 1 173
371 0 194 1 174
375 0 166 1 175
376 0 158 1 176
378 0 114 1 177
380 0 174 1 178
380 0 192 1 179
383 0 150 1 180
386 0 119 1 181
386 0 188 1 182
390 0 180 1 183
391 0 141 1 184
395 0 133 1 185
395 0 125 1 186
413 0 213 1 187
417 0 190 1 188
416 0 244 1 189
416 0 66 1 190
418 0 98 1 191
418 0 216 1 192
421 0 194 1 193
421 0 240 1 194
420 0 81 1 195
419 0 85 1 196
420 0 90 1 197
422 0 219 1 198
423 0 93 1 199
423 0 51 1 200
424 0 236 1 201
423 0 65 1 202
425 0 197 1 203
424 0 231 1 204
427 0 95 1 205
427 0 226 1 206
429 0 53 1 207
430 0 64 1 208
428 0 241 1 209
432 0 96 1 210
431 0 73 1 211
433 0 82 1 212
434 0 86 1 213
433 0 92 1 214
434 0 77 1 215
433 0 65 1 216
435 0 241 1 217
434 0 53 1 218
438 0 83 1 219
439 0 94 1 220
438 0 65 1 221
441 0 194 1 222
441 0 239 1 223
440 0 53 1 224
442 0 82 1 225
443 0 94 1 226
444 0 210 1 227
445 0 64 1 228
446 0 237 1 229
447 0 194 1 230
448 0 214 1 231
445 0 43 1 232
449 0 92 1 233
447 0 48 1 234
448 0 53 1 235
451 0 58 1 236
450 0 66 1 237
448 0 233 1 238
451 0 71 1 239
452 0 194 1 240
452 0 218 1 241
454 0 76 1 242
456 0 64 1 243
456 0 222 1 244
454 0 229 1 245
456 0 81 1 246
458 0 194 1 247
460 0 87 1 248
460 0 225 1 249
461 0 47 1 250
460 0 65 1 251
463 0 90 1 252
462 0 220 1 253
464 0 194 1 254
463 0 230 1 255
464 0 51 1 256
465 0 216 1 257
465 0 65 1 258
466 0 94 1 259
466 0 211 1 260
467 0 206 1 261
467 0 234 1 262
468 0 200 1 263
469 0 194 1 264
469 0 57 1 265
470 0 97 1 266
471 0 64 1 267
470 0 237 1 268
474 0 102 1 269
474 0 242 1 270
475 0 66 1 271
477 0 245 1 272
479 0 105 1 273
483 0 247 1 274
484 0 103 1 275
488 0 248 1 276
311 0 137 1 277
334 0 154 1 278
326 0 180 1 279
296 0 180 1 280
287 0 154 1 281
311 0 147 1 282
325 0 157 1 283
319 0 173 1 284
302 0 174 1 285
297 0 157 1 286
311 0 170 1 287
319 0 164 1 288
316 0 154 1 289
305 0 154 1 290
302 0 164 1 291
-21 0 28 1 292
-10 0 30 1 293
2 0 28 1 294
13 0 28 1 295
24 0 28 1 296
35 0 28 1 297
46 0 29 1 298
58 0 28 1 299
68 0 29 1 300
79 0 30 1 301
91 0 29 1 302
102 0 29 1 303
113 0 29 1 304
125 0 28 1 305
136 0 28 1 306
147 0 28 1 307
159 0 28 1 308
170 0 28 1 309
181 0 29 1 310
192 0 28 1 311
203 0 29 1 312
214 0 29 1 313
225 0 28 1 314
235 0 29 1 315
247 0 28 1 316
257 0 30 1 317
270 0 28 1 318
281 0 28 1 319
292 0 28 1 320
304 0 28 1 321
315 0 28 1 322
328 0 28 1 323
339 0 29 1 324
351 0 28 1 325
361 0 29 1 326
373 0 28 1 327
384 0 28 1 328
395 0 29 1 329
406 0 28 1 330
416 0 29 1 331
428 0 29 1 332
439 0 28 1 333
449 0 29 1 334
460 0 30 1 335
474 0 29 1 336
485 0 30 1 337
497 0 28 1 338
506 0 31 1 339
507 0 40 1 340
508 0 52 1 341
508 0 62 1 342
508 0 74 1 343
508 0 85 1 344
508 0 95 1 345
508 0 107 1 346
508 0 118 1 347
508 0 129 1 348
508 0 141 1 349
508 0 152 1 350
508 0 162 1 351
508 0 174 1 352
508 0 184 1 353
508 0 195 1 354
508 0 206 1 355
508 0 217 1 356
508 0 228 1 357
508 0 240 1 358
508 0 251 1 359
507 0 262 1 360
494 0 262 1 361
484 0 262 1 362
471 0 262 1 363
461 0 262 1 364
449 0 262 1 365
438 0 262 1 366
428 0 262 1 367
415 0 262 1 368
404 0 262 1 369
394 0 262 1 370
382 0 262 1 371
371 0 262 1 372
360 0 262 1 373
347 0 262 1 374
336 0 262 1 375
326 0 262 1 376
314 0 262 1 377
302 0 262 1 378
293 0 262 1 379
281 0 262 1 380
268 0 262 1 381
258 0 262 1 382
246 0 262 1 383
235 0 262 1 384
225 0 262 1 385
214 0 262 1 386
202 0 262 1 387
192 0 262 1 388
180 0 262 1 389
169 0 262 1 390
159 0 262 1 391
146 0 262 1 392
135 0 262 1 393
125 0 262 1 394
113 0 262 1 395
102 0 262 1 396
91 0 262 1 397
79 0 262 1 398
67 0 262 1 399
57 0 262 1 400
45 0 262 1 401
34 0 262 1 402
24 0 262 1 403
12 0 262 1 404
0 0 262 1 405
-11 0 261 1 406
-21 0 261 1 407
-20 0 250 1 408
-20 0 239 1 409
-20 0 227 1 410
-20 0 216 1 411
-21 0 205 1 412
-20 0 194 1 413
-20 0 182 1 414
-20 0 173 1 415
-20 0 162 1 416
-20 0 150 1 417
-20 0 139 1 418
-21 0 129 1 419
-20 0 117 1 420
-20 0 105 1 421
-20 0 95 1 422
-20 0 84 1 423
-20 0 72 1 424
-20 0 61 1 425
-20 0 50 1 426
-21 0 40 1 427
