428
52 7 144 1 0
65 7 136 1 1
71 7 135 1 2
74 7 143 1 3
91 7 148 1 4
92 7 159 1 5
77 7 174 1 6
76 7 185 1 7
73 7 195 1 8
74 7 207 1 9
61 7 218 1 10
78 7 130 1 11
128 7 148 1 12
127 7 159 1 13
134 7 138 1 14
131 7 170 1 15
138 7 225 1 16
137 7 132 1 17
142 7 177 1 18
150 7 127 1 19
148 7 219 1 20
149 7 179 1 21
133 7 211 1 22
160 7 126 1 23
164 7 174 1 24
136 7 205 1 25
170 7 130 1 26
151 7 198 1 27
171 7 167 1 28
166 7 188 1 29
172 7 140 1 30
174 7 151 1 31
174 7 181 1 32
177 7 160 1 33
178 7 172 1 34
171 7 207 1 35
204 7 141 1 36
203 7 150 1 37
221 7 157 1 38
220 7 166 1 39
200 7 134 1 40
214 7 223 1 41
224 7 225 1 42
231 7 163 1 43
215 7 129 1 44
233 7 226 1 45
221 7 130 1 46
242 7 161 1 47
246 7 211 1 48
249 7 129 1 49
248 7 170 1 50
256 7 206 1 51
252 7 179 1 52
260 7 190 1 53
262 7 199 1 54
265 7 120 1 55
292 7 211 1 56
295 7 137 1 57
301 7 208 1 58
302 7 130 1 59
307 7 202 1 60
307 7 216 1 61
310 7 127 1 62
315 7 194 1 63
315 7 217 1 64
318 7 186 1 65
322 7 124 1 66
323 7 180 1 67
324 7 214 1 68
328 7 173 1 69
331 7 132 1 70
334 7 164 1 71
333 7 151 1 72
333 7 140 1 73
333 7 214 1 74
-2 0 181 1 75
7 0 191 1 76
8 0 174 1 77
10 0 196 1 78
13 0 170 1 79
13 0 204 1 80
26 0 168 1 81
23 0 114 1 82
26 0 117 1 83
26 0 213 1 84
27 0 62 1 85
28 0 105 1 86
30 0 221 1 87
25 0 78 1 88
35 0 167 1 89
32 0 125 1 90
37 0 230 1 91
36 0 55 1 92
32 0 101 1 93
33 0 82 1 94
37 0 131 1 95
42 0 166 1 96
48 0 233 1 97
37 0 98 1 98
40 0 67 1 99
45 0 81 1 100
51 0 135 1 101
51 0 161 1 102
52 0 80 1 103
52 0 229 1 104
53 0 62 1 105
54 0 145 1 106
51 0 155 1 107
64 0 227 1 108
64 0 60 1 109
58 0 218 1 110
63 0 74 1 111
70 0 213 1 112
80 0 65 1 113
79 0 78 1 114
76 0 210 1 115
87 0 82 1 116
88 0 207 1 117
103 0 78 1 118
97 0 203 1 119
110 0 83 1 120
124 0 201 1 121
120 0 84 1 122
132 0 80 1 123
118 0 197 1 124
138 0 84 1 125
142 0 199 1 126
152 0 81 1 127
131 0 200 1 128
155 0 208 1 129
161 0 84 1 130
162 0 212 1 131
163 0 93 1 132
166 0 96 1 133
149 0 205 1 134
188 0 81 1 135
178 0 201 1 136
196 0 84 1 137
201 0 200 1 138
206 0 85 1 139
213 0 196 1 140
215 0 202 1 141
180 0 207 1 142
217 0 85 1 143
222 0 221 1 144
232 0 81 1 145
237 0 211 1 146
242 0 81 1 147
251 0 211 1 148
252 0 78 1 149
258 0 226 1 150
259 0 83 1 151
271 0 232 1 152
269 0 88 1 153
276 0 91 1 154
282 0 237 1 155
284 0 94 1 156
292 0 93 1 157
294 0 236 1 158
301 0 93 1 159
307 0 233 1 160
311 0 93 1 161
311 0 230 1 162
322 0 93 1 163
324 0 221 1 164
332 0 217 1 165
333 0 91 1 166
339 0 94 1 167
342 0 210 1 168
344 0 102 1 169
345 0 203 1 170
351 0 108 1 171
358 0 198 1 172
362 0 111 1 173
360 0 193 1 174
371 0 167 1 175
366 0 162 1 176
369 0 122 1 177
373 0 174 1 178
368 0 191 1 179
376 0 154 1 180
377 0 128 1 181
374 0 188 1 182
390 0 179 1 183
391 0 146 1 184
395 0 136 1 185
384 0 133 1 186
409 0 210 1 187
412 0 188 1 188
408 0 242 1 189
399 0 81 1 190
418 0 98 1 191
416 0 214 1 192
420 0 194 1 193
415 0 239 1 194
403 0 96 1 195
401 0 102 1 196
403 0 106 1 197
416 0 217 1 198
421 0 97 1 199
411 0 61 1 200
422 0 236 1 201
407 0 79 1 202
425 0 196 1 203
405 0 225 1 204
421 0 108 1 205
406 0 220 1 206
416 0 65 1 207
422 0 71 1 208
407 0 235 1 209
426 0 110 1 210
413 0 90 1 211
427 0 94 1 212
428 0 97 1 213
425 0 108 1 214
428 0 84 1 215
415 0 81 1 216
429 0 239 1 217
415 0 71 1 218
431 0 97 1 219
434 0 106 1 220
419 0 82 1 221
438 0 191 1 222
437 0 238 1 223
426 0 65 1 224
435 0 100 1 225
437 0 109 1 226
438 0 204 1 227
434 0 74 1 228
444 0 236 1 229
445 0 193 1 230
445 0 211 1 231
420 0 66 1 232
448 0 96 1 233
426 0 66 1 234
435 0 65 1 235
445 0 69 1 236
442 0 85 1 237
424 0 225 1 238
444 0 89 1 239
446 0 190 1 240
450 0 216 1 241
448 0 92 1 242
453 0 71 1 243
454 0 220 1 244
442 0 221 1 245
450 0 98 1 246
453 0 191 1 247
454 0 102 1 248
455 0 219 1 249
455 0 60 1 250
454 0 83 1 251
458 0 102 1 252
456 0 213 1 253
459 0 190 1 254
457 0 225 1 255
457 0 68 1 256
463 0 215 1 257
459 0 81 1 258
462 0 105 1 259
465 0 211 1 260
466 0 206 1 261
467 0 234 1 262
467 0 200 1 263
468 0 194 1 264
462 0 75 1 265
468 0 100 1 266
467 0 74 1 267
458 0 230 1 268
469 0 113 1 269
470 0 240 1 270
467 0 85 1 271
471 0 243 1 272
474 0 114 1 273
481 0 247 1 274
484 0 105 1 275
485 0 245 1 276
310 0 139 1 277
332 0 155 1 278
326 0 180 1 279
294 0 180 1 280
287 0 159 1 281
308 0 148 1 282
323 0 158 1 283
317 0 173 1 284
300 0 174 1 285
297 0 158 1 286
310 0 170 1 287
319 0 165 1 288
316 0 154 1 289
304 0 155 1 290
302 0 165 1 291
-30 0 43 1 292
-21 0 54 1 293
-6 0 45 1 294
8 0 43 1 295
16 0 45 1 296
27 0 45 1 297
35 0 51 1 298
49 0 45 1 299
54 0 53 1 300
61 0 60 1 301
77 0 50 1 302
85 0 52 1 303
93 0 53 1 304
112 0 43 1 305
119 0 45 1 306
130 0 45 1 307
144 0 43 1 308
156 0 45 1 309
167 0 49 1 310
178 0 45 1 311
185 0 50 1 312
194 0 51 1 313
209 0 45 1 314
212 0 53 1 315
228 0 45 1 316
228 0 54 1 317
254 0 43 1 318
263 0 45 1 319
274 0 45 1 320
291 0 43 1 321
301 0 45 1 322
320 0 43 1 323
331 0 51 1 324
343 0 43 1 325
349 0 50 1 326
365 0 45 1 327
375 0 43 1 328
381 0 50 1 329
393 0 45 1 330
397 0 52 1 331
409 0 49 1 332
421 0 45 1 333
424 0 52 1 334
432 0 54 1 335
466 0 51 1 336
474 0 58 1 337
491 0 43 1 338
494 0 57 1 339
500 0 55 1 340
503 0 66 1 341
505 0 70 1 342
503 0 86 1 343
503 0 97 1 344
506 0 100 1 345
503 0 116 1 346
503 0 127 1 347
506 0 132 1 348
503 0 147 1 349
503 0 158 1 350
506 0 164 1 351
503 0 178 1 352
506 0 186 1 353
503 0 196 1 354
503 0 207 1 355
506 0 218 1 356
503 0 227 1 357
503 0 238 1 358
506 0 250 1 359
495 0 258 1 360
471 0 256 1 361
472 0 258 1 362
449 0 256 1 363
448 0 258 1 364
430 0 256 1 365
419 0 256 1 366
417 0 258 1 367
399 0 256 1 368
388 0 256 1 369
385 0 258 1 370
368 0 256 1 371
361 0 258 1 372
347 0 258 1 373
329 0 256 1 374
318 0 256 1 375
315 0 258 1 376
296 0 256 1 377
285 0 256 1 378
283 0 258 1 379
269 0 258 1 380
247 0 256 1 381
246 0 258 1 382
227 0 256 1 383
217 0 256 1 384
215 0 258 1 385
198 0 256 1 386
187 0 256 1 387
183 0 258 1 388
165 0 256 1 389
154 0 256 1 390
151 0 258 1 391
134 0 256 1 392
123 0 256 1 393
119 0 258 1 394
103 0 256 1 395
96 0 258 1 396
81 0 258 1 397
66 0 256 1 398
55 0 256 1 399
50 0 258 1 400
35 0 256 1 401
24 0 256 1 402
18 0 258 1 403
2 0 256 1 404
-9 0 256 1 405
-22 0 254 1 406
-28 0 258 1 407
-22 0 249 1 408
-21 0 237 1 409
-26 0 227 1 410
-26 0 216 1 411
-30 0 204 1 412
-20 0 194 1 413
-20 0 182 1 414
-26 0 177 1 415
-26 0 166 1 416
-26 0 155 1 417
-26 0 144 1 418
-30 0 138 1 419
-26 0 125 1 420
-21 0 107 1 421
-26 0 105 1 422
-26 0 94 1 423
-26 0 83 1 424
-24 0 69 1 425
-26 0 63 1 426
-30 0 57 1 427
