428
65 9 137 1 0
76 9 131 1 1
84 9 128 1 2
87 9 136 1 3
93 9 145 1 4
93 9 158 1 5
88 9 172 1 6
88 9 185 1 7
87 9 197 1 8
88 9 209 1 9
84 9 220 1 10
90 9 124 1 11
135 9 145 1 12
135 9 157 1 13
138 9 135 1 14
139 9 169 1 15
143 9 223 1 16
144 9 127 1 17
149 9 177 1 18
155 9 122 1 19
155 9 219 1 20
159 9 179 1 21
158 9 214 1 22
167 9 122 1 23
173 9 174 1 24
165 9 208 1 25
177 9 127 1 26
173 9 200 1 27
183 9 165 1 28
181 9 190 1 29
183 9 137 1 30
186 9 148 1 31
186 9 181 1 32
188 9 158 1 33
189 9 172 1 34
203 9 212 1 35
218 9 137 1 36
218 9 147 1 37
223 9 157 1 38
222 9 167 1 39
218 9 128 1 40
221 9 221 1 41
230 9 223 1 42
234 9 163 1 43
230 9 124 1 44
239 9 224 1 45
238 9 125 1 46
246 9 163 1 47
251 9 216 1 48
254 9 125 1 49
255 9 170 1 50
260 9 210 1 51
260 9 179 1 52
263 9 190 1 53
264 9 200 1 54
265 9 122 1 55
294 9 215 1 56
296 9 134 1 57
302 9 208 1 58
304 9 127 1 59
309 9 202 1 60
309 9 217 1 61
312 9 123 1 62
315 9 194 1 63
318 9 217 1 64
320 9 186 1 65
324 9 122 1 66
325 9 180 1 67
328 9 216 1 68
331 9 172 1 69
335 9 128 1 70
336 9 162 1 71
337 9 149 1 72
338 9 137 1 73
338 9 217 1 74
0 0 181 1 75
7 0 191 1 76
8 0 174 1 77
15 0 196 1 78
16 0 169 1 79
21 0 205 1 80
27 0 168 1 81
29 0 104 1 82
30 0 110 1 83
30 0 213 1 84
32 0 51 1 85
34 0 96 1 86
34 0 221 1 87
34 0 62 1 88
37 0 166 1 89
36 0 118 1 90
39 0 230 1 91
40 0 46 1 92
39 0 90 1 93
42 0 67 1 94
44 0 124 1 95
46 0 164 1 96
48 0 233 1 97
46 0 83 1 98
49 0 51 1 99
51 0 71 1 100
55 0 132 1 101
55 0 159 1 102
56 0 73 1 103
56 0 228 1 104
59 0 52 1 105
60 0 142 1 106
59 0 151 1 107
66 0 226 1 108
69 0 51 1 109
71 0 220 1 110
76 0 56 1 111
83 0 215 1 112
87 0 55 1 113
93 0 62 1 114
92 0 212 1 115
100 0 68 1 116
102 0 209 1 117
110 0 71 1 118
111 0 204 1 119
116 0 76 1 120
127 0 201 1 121
126 0 78 1 122
136 0 75 1 123
132 0 199 1 124
143 0 78 1 125
147 0 200 1 126
155 0 77 1 127
151 0 202 1 128
164 0 208 1 129
167 0 78 1 130
171 0 212 1 131
173 0 83 1 132
179 0 83 1 133
175 0 209 1 134
192 0 76 1 135
191 0 204 1 136
203 0 78 1 137
204 0 201 1 138
213 0 79 1 139
215 0 198 1 140
220 0 204 1 141
211 0 211 1 142
223 0 79 1 143
230 0 219 1 144
236 0 76 1 145
243 0 215 1 146
248 0 74 1 147
255 0 216 1 148
258 0 71 1 149
263 0 225 1 150
265 0 77 1 151
273 0 232 1 152
273 0 83 1 153
278 0 88 1 154
284 0 238 1 155
286 0 90 1 156
295 0 88 1 157
297 0 236 1 158
303 0 88 1 159
307 0 233 1 160
313 0 88 1 161
314 0 230 1 162
324 0 88 1 163
326 0 221 1 164
335 0 217 1 165
335 0 87 1 166
344 0 85 1 167
344 0 211 1 168
350 0 93 1 169
351 0 205 1 170
356 0 101 1 171
362 0 199 1 172
367 0 107 1 173
369 0 194 1 174
374 0 166 1 175
374 0 159 1 176
376 0 115 1 177
379 0 174 1 178
377 0 192 1 179
382 0 151 1 180
384 0 121 1 181
384 0 188 1 182
390 0 180 1 183
391 0 142 1 184
395 0 134 1 185
393 0 127 1 186
412 0 212 1 187
416 0 190 1 188
414 0 244 1 189
412 0 69 1 190
418 0 98 1 191
418 0 216 1 192
421 0 194 1 193
420 0 240 1 194
417 0 84 1 195
416 0 88 1 196
416 0 93 1 197
420 0 219 1 198
423 0 94 1 199
420 0 53 1 200
424 0 236 1 201
420 0 68 1 202
425 0 197 1 203
421 0 230 1 204
426 0 97 1 205
423 0 225 1 206
427 0 55 1 207
429 0 65 1 208
424 0 240 1 209
431 0 99 1 210
428 0 76 1 211
432 0 84 1 212
433 0 88 1 213
432 0 95 1 214
433 0 78 1 215
430 0 68 1 216
434 0 241 1 217
431 0 57 1 218
437 0 85 1 219
438 0 97 1 220
435 0 69 1 221
440 0 193 1 222
440 0 239 1 223
438 0 55 1 224
441 0 85 1 225
442 0 97 1 226
443 0 208 1 227
443 0 66 1 228
446 0 237 1 229
447 0 194 1 230
447 0 213 1 231
441 0 48 1 232
449 0 93 1 233
443 0 51 1 234
446 0 55 1 235
449 0 60 1 236
449 0 69 1 237
443 0 232 1 238
450 0 75 1 239
450 0 193 1 240
452 0 218 1 241
453 0 79 1 242
455 0 65 1 243
456 0 222 1 244
452 0 228 1 245
455 0 85 1 246
457 0 193 1 247
458 0 90 1 248
459 0 224 1 249
459 0 49 1 250
459 0 69 1 251
462 0 93 1 252
461 0 219 1 253
463 0 193 1 254
462 0 229 1 255
463 0 54 1 256
465 0 216 1 257
464 0 68 1 258
465 0 96 1 259
466 0 211 1 260
467 0 206 1 261
467 0 234 1 262
468 0 200 1 263
469 0 194 1 264
468 0 60 1 265
470 0 98 1 266
470 0 66 1 267
467 0 236 1 268
473 0 104 1 269
473 0 242 1 270
474 0 69 1 271
476 0 245 1 272
478 0 107 1 273
483 0 247 1 274
484 0 103 1 275
487 0 247 1 276
311 0 137 1 277
334 0 154 1 278
326 0 180 1 279
296 0 180 1 280
287 0 155 1 281
310 0 147 1 282
325 0 157 1 283
319 0 173 1 284
302 0 174 1 285
297 0 157 1 286
311 0 170 1 287
319 0 164 1 288
316 0 154 1 289
305 0 154 1 290
302 0 164 1 291
-23 0 31 1 292
-12 0 34 1 293
0 0 32 1 294
12 0 31 1 295
23 0 32 1 296
34 0 32 1 297
44 0 33 1 298
56 0 32 1 299
66 0 34 1 300
76 0 36 1 301
88 0 33 1 302
99 0 34 1 303
109 0 34 1 304
123 0 31 1 305
132 0 32 1 306
144 0 32 1 307
156 0 31 1 308
167 0 32 1 309
179 0 33 1 310
190 0 32 1 311
200 0 33 1 312
210 0 33 1 313
222 0 32 1 314
230 0 34 1 315
243 0 32 1 316
251 0 34 1 317
267 0 31 1 318
278 0 32 1 319
289 0 32 1 320
302 0 31 1 321
313 0 32 1 322
326 0 31 1 323
338 0 33 1 324
349 0 31 1 325
359 0 33 1 326
371 0 32 1 327
382 0 31 1 328
392 0 33 1 329
404 0 32 1 330
412 0 34 1 331
424 0 33 1 332
436 0 32 1 333
444 0 34 1 334
455 0 34 1 335
473 0 33 1 336
483 0 36 1 337
496 0 31 1 338
504 0 36 1 339
506 0 43 1 340
507 0 54 1 341
507 0 63 1 342
507 0 76 1 343
507 0 87 1 344
508 0 96 1 345
507 0 109 1 346
507 0 120 1 347
508 0 129 1 348
507 0 142 1 349
507 0 153 1 350
508 0 163 1 351
507 0 175 1 352
508 0 184 1 353
507 0 195 1 354
507 0 206 1 355
508 0 218 1 356
507 0 228 1 357
507 0 239 1 358
508 0 251 1 359
504 0 261 1 360
489 0 260 1 361
482 0 261 1 362
467 0 260 1 363
459 0 261 1 364
445 0 260 1 365
434 0 260 1 366
426 0 261 1 367
412 0 260 1 368
401 0 260 1 369
392 0 261 1 370
380 0 260 1 371
370 0 261 1 372
357 0 261 1 373
344 0 260 1 374
333 0 260 1 375
324 0 261 1 376
310 0 260 1 377
299 0 260 1 378
291 0 261 1 379
279 0 261 1 380
264 0 260 1 381
256 0 261 1 382
242 0 260 1 383
231 0 260 1 384
223 0 261 1 385
211 0 260 1 386
199 0 260 1 387
190 0 261 1 388
177 0 260 1 389
166 0 260 1 390
157 0 261 1 391
144 0 260 1 392
133 0 260 1 393
124 0 261 1 394
111 0 260 1 395
101 0 261 1 396
89 0 261 1 397
76 0 260 1 398
65 0 260 1 399
56 0 261 1 400
43 0 260 1 401
32 0 260 1 402
22 0 261 1 403
10 0 260 1 404
-1 0 260 1 405
-13 0 260 1 406
-22 0 260 1 407
-20 0 250 1 408
-20 0 238 1 409
-21 0 227 1 410
-21 0 216 1 411
-23 0 205 1 412
-20 0 194 1 413
-20 0 182 1 414
-21 0 174 1 415
-21 0 163 1 416
-21 0 151 1 417
-21 0 140 1 418
-23 0 130 1 419
-21 0 118 1 420
-20 0 105 1 421
-21 0 97 1 422
-21 0 86 1 423
-21 0 74 1 424
-21 0 62 1 425
-21 0 53 1 426
-23 0 43 1 427
