428
58 8 141 1 0
70 8 133 1 1
77 8 132 1 2
80 8 140 1 3
92 8 147 1 4
93 8 159 1 5
82 8 173 1 6
82 8 185 1 7
80 8 196 1 8
80 8 208 1 9
72 8 219 1 10
84 8 127 1 11
131 8 147 1 12
131 8 158 1 13
136 8 137 1 14
135 8 170 1 15
141 8 224 1 16
141 8 129 1 17
146 8 177 1 18
152 8 125 1 19
152 8 219 1 20
154 8 179 1 21
145 8 213 1 22
163 8 124 1 23
168 8 174 1 24
150 8 206 1 25
174 8 129 1 26
161 8 199 1 27
176 8 166 1 28
173 8 189 1 29
177 8 139 1 30
180 8 150 1 31
180 8 181 1 32
182 8 159 1 33
183 8 172 1 34
186 8 209 1 35
211 8 139 1 36
210 8 149 1 37
222 8 157 1 38
221 8 166 1 39
209 8 131 1 40
218 8 222 1 41
227 8 224 1 42
232 8 163 1 43
222 8 127 1 44
236 8 225 1 45
229 8 128 1 46
244 8 162 1 47
248 8 214 1 48
251 8 127 1 49
251 8 170 1 50
258 8 208 1 51
256 8 179 1 52
262 8 190 1 53
263 8 199 1 54
265 8 121 1 55
293 8 213 1 56
296 8 136 1 57
302 8 208 1 58
303 8 129 1 59
308 8 202 1 60
308 8 216 1 61
311 8 125 1 62
315 8 194 1 63
316 8 217 1 64
319 8 186 1 65
323 8 123 1 66
324 8 180 1 67
326 8 215 1 68
329 8 173 1 69
333 8 130 1 70
335 8 163 1 71
335 8 150 1 72
335 8 139 1 73
336 8 216 1 74
-1 0 181 1 75
7 0 191 1 76
8 0 174 1 77
12 0 196 1 78
15 0 170 1 79
17 0 204 1 80
26 0 168 1 81
26 0 109 1 82
28 0 114 1 83
28 0 213 1 84
30 0 57 1 85
31 0 101 1 86
32 0 221 1 87
29 0 70 1 88
36 0 166 1 89
34 0 122 1 90
38 0 230 1 91
38 0 51 1 92
36 0 96 1 93
37 0 75 1 94
40 0 128 1 95
44 0 165 1 96
48 0 233 1 97
42 0 91 1 98
44 0 60 1 99
48 0 76 1 100
53 0 134 1 101
53 0 160 1 102
54 0 77 1 103
54 0 228 1 104
56 0 58 1 105
57 0 144 1 106
55 0 153 1 107
65 0 227 1 108
66 0 56 1 109
64 0 219 1 110
69 0 65 1 111
76 0 214 1 112
83 0 60 1 113
85 0 70 1 114
83 0 211 1 115
93 0 76 1 116
95 0 208 1 117
106 0 75 1 118
104 0 203 1 119
113 0 80 1 120
125 0 201 1 121
123 0 81 1 122
134 0 78 1 123
125 0 198 1 124
140 0 81 1 125
144 0 199 1 126
154 0 79 1 127
140 0 201 1 128
159 0 208 1 129
164 0 81 1 130
166 0 212 1 131
168 0 88 1 132
172 0 90 1 133
161 0 207 1 134
190 0 79 1 135
184 0 203 1 136
199 0 81 1 137
202 0 200 1 138
209 0 82 1 139
214 0 197 1 140
217 0 203 1 141
194 0 209 1 142
220 0 82 1 143
226 0 220 1 144
234 0 79 1 145
240 0 213 1 146
245 0 78 1 147
253 0 214 1 148
255 0 75 1 149
261 0 226 1 150
262 0 80 1 151
272 0 232 1 152
271 0 86 1 153
277 0 90 1 154
283 0 238 1 155
285 0 92 1 156
293 0 91 1 157
295 0 236 1 158
302 0 91 1 159
307 0 233 1 160
312 0 91 1 161
312 0 230 1 162
323 0 91 1 163
325 0 221 1 164
333 0 217 1 165
334 0 89 1 166
341 0 90 1 167
343 0 210 1 168
347 0 98 1 169
348 0 204 1 170
353 0 105 1 171
360 0 199 1 172
364 0 109 1 173
364 0 194 1 174
372 0 167 1 175
370 0 160 1 176
372 0 119 1 177
376 0 174 1 178
372 0 192 1 179
379 0 152 1 180
380 0 124 1 181
379 0 188 1 182
390 0 180 1 183
391 0 144 1 184
395 0 135 1 185
388 0 130 1 186
410 0 211 1 187
414 0 189 1 188
411 0 243 1 189
405 0 75 1 190
418 0 98 1 191
417 0 215 1 192
421 0 194 1 193
417 0 239 1 194
409 0 90 1 195
408 0 96 1 196
409 0 100 1 197
418 0 218 1 198
422 0 96 1 199
415 0 57 1 200
423 0 236 1 201
413 0 74 1 202
425 0 196 1 203
412 0 227 1 204
423 0 103 1 205
414 0 222 1 206
421 0 60 1 207
425 0 68 1 208
415 0 237 1 209
428 0 105 1 210
420 0 84 1 211
429 0 90 1 212
430 0 93 1 213
428 0 102 1 214
430 0 81 1 215
422 0 75 1 216
431 0 240 1 217
422 0 64 1 218
434 0 92 1 219
436 0 101 1 220
426 0 76 1 221
439 0 192 1 222
439 0 238 1 223
432 0 60 1 224
438 0 93 1 225
440 0 103 1 226
440 0 206 1 227
438 0 70 1 228
445 0 237 1 229
446 0 193 1 230
446 0 212 1 231
430 0 57 1 232
448 0 95 1 233
434 0 59 1 234
440 0 60 1 235
447 0 65 1 236
445 0 78 1 237
433 0 228 1 238
447 0 82 1 239
448 0 191 1 240
451 0 217 1 241
450 0 86 1 242
454 0 68 1 243
455 0 221 1 244
447 0 224 1 245
452 0 92 1 246
455 0 192 1 247
456 0 97 1 248
457 0 221 1 249
457 0 55 1 250
456 0 76 1 251
460 0 98 1 252
458 0 216 1 253
461 0 191 1 254
459 0 227 1 255
460 0 62 1 256
464 0 215 1 257
461 0 75 1 258
464 0 101 1 259
466 0 211 1 260
467 0 206 1 261
467 0 234 1 262
468 0 200 1 263
468 0 194 1 264
465 0 68 1 265
469 0 99 1 266
468 0 70 1 267
462 0 233 1 268
471 0 109 1 269
471 0 241 1 270
470 0 78 1 271
473 0 244 1 272
476 0 110 1 273
482 0 247 1 274
484 0 104 1 275
486 0 246 1 276
310 0 138 1 277
333 0 155 1 278
326 0 180 1 279
295 0 180 1 280
287 0 157 1 281
309 0 148 1 282
324 0 157 1 283
318 0 173 1 284
301 0 174 1 285
297 0 157 1 286
310 0 170 1 287
319 0 164 1 288
316 0 154 1 289
305 0 155 1 290
302 0 165 1 291
-26 0 37 1 292
-17 0 45 1 293
-3 0 39 1 294
10 0 37 1 295
19 0 39 1 296
30 0 39 1 297
39 0 43 1 298
52 0 39 1 299
60 0 44 1 300
68 0 48 1 301
82 0 42 1 302
91 0 43 1 303
101 0 44 1 304
117 0 37 1 305
125 0 39 1 306
136 0 39 1 307
150 0 37 1 308
162 0 39 1 309
172 0 41 1 310
184 0 39 1 311
192 0 42 1 312
202 0 43 1 313
215 0 39 1 314
220 0 44 1 315
235 0 39 1 316
239 0 45 1 317
260 0 37 1 318
270 0 39 1 319
281 0 39 1 320
296 0 37 1 321
306 0 39 1 322
323 0 37 1 323
334 0 43 1 324
346 0 37 1 325
354 0 42 1 326
368 0 39 1 327
379 0 37 1 328
386 0 42 1 329
398 0 39 1 330
404 0 43 1 331
416 0 42 1 332
428 0 39 1 333
434 0 44 1 334
443 0 45 1 335
469 0 43 1 336
478 0 48 1 337
493 0 37 1 338
499 0 47 1 339
503 0 49 1 340
505 0 60 1 341
506 0 67 1 342
505 0 81 1 343
505 0 92 1 344
507 0 98 1 345
505 0 113 1 346
505 0 124 1 347
507 0 131 1 348
505 0 144 1 349
505 0 156 1 350
507 0 163 1 351
505 0 176 1 352
507 0 185 1 353
505 0 196 1 354
505 0 207 1 355
507 0 218 1 356
505 0 228 1 357
505 0 239 1 358
507 0 250 1 359
499 0 260 1 360
480 0 258 1 361
476 0 260 1 362
458 0 258 1 363
453 0 260 1 364
437 0 258 1 365
426 0 258 1 366
421 0 260 1 367
405 0 258 1 368
394 0 258 1 369
388 0 260 1 370
374 0 258 1 371
365 0 260 1 372
352 0 260 1 373
336 0 258 1 374
325 0 258 1 375
319 0 260 1 376
302 0 258 1 377
291 0 258 1 378
287 0 260 1 379
273 0 260 1 380
255 0 258 1 381
250 0 260 1 382
234 0 258 1 383
223 0 258 1 384
219 0 260 1 385
204 0 258 1 386
193 0 258 1 387
186 0 260 1 388
170 0 258 1 389
159 0 258 1 390
154 0 260 1 391
139 0 258 1 392
128 0 258 1 393
121 0 260 1 394
107 0 258 1 395
98 0 260 1 396
85 0 260 1 397
71 0 258 1 398
60 0 258 1 399
52 0 260 1 400
39 0 258 1 401
28 0 258 1 402
20 0 260 1 403
6 0 258 1 404
-5 0 258 1 405
-18 0 257 1 406
-25 0 259 1 407
-21 0 249 1 408
-20 0 238 1 409
-24 0 227 1 410
-24 0 216 1 411
-26 0 204 1 412
-20 0 194 1 413
-20 0 182 1 414
-24 0 176 1 415
-24 0 165 1 416
-24 0 154 1 417
-24 0 142 1 418
-26 0 135 1 419
-24 0 122 1 420
-21 0 106 1 421
-24 0 101 1 422
-24 0 90 1 423
-24 0 79 1 424
-22 0 66 1 425
-24 0 58 1 426
-26 0 51 1 427
