428
48 7 146 1 0
62 7 137 1 1
67 7 137 1 2
69 7 146 1 3
91 7 148 1 4
92 7 160 1 5
73 7 174 1 6
72 7 185 1 7
69 7 195 1 8
70 7 206 1 9
55 7 217 1 10
75 7 132 1 11
126 7 149 1 12
125 7 160 1 13
132 7 139 1 14
128 7 170 1 15
137 7 225 1 16
135 7 133 1 17
140 7 177 1 18
148 7 128 1 19
146 7 219 1 20
146 7 179 1 21
126 7 211 1 22
158 7 128 1 23
161 7 174 1 24
127 7 204 1 25
168 7 131 1 26
144 7 197 1 27
168 7 167 1 28
161 7 188 1 29
168 7 141 1 30
171 7 152 1 31
170 7 181 1 32
174 7 161 1 33
175 7 173 1 34
161 7 206 1 35
199 7 142 1 36
198 7 151 1 37
221 7 157 1 38
220 7 165 1 39
195 7 135 1 40
211 7 224 1 41
222 7 225 1 42
230 7 163 1 43
211 7 130 1 44
231 7 226 1 45
216 7 132 1 46
241 7 161 1 47
244 7 210 1 48
248 7 130 1 49
246 7 171 1 50
255 7 205 1 51
249 7 180 1 52
259 7 190 1 53
261 7 198 1 54
264 7 120 1 55
291 7 209 1 56
295 7 137 1 57
301 7 208 1 58
301 7 130 1 59
307 7 202 1 60
306 7 216 1 61
309 7 128 1 62
315 7 194 1 63
315 7 217 1 64
317 7 185 1 65
321 7 125 1 66
322 7 180 1 67
322 7 213 1 68
328 7 174 1 69
330 7 134 1 70
333 7 165 1 71
332 7 152 1 72
331 7 142 1 73
332 7 213 1 74
-2 0 181 1 75
7 0 191 1 76
8 0 174 1 77
9 0 195 1 78
13 0 171 1 79
10 0 203 1 80
26 0 169 1 81
21 0 117 1 82
25 0 119 1 83
25 0 212 1 84
26 0 65 1 85
27 0 108 1 86
28 0 221 1 87
23 0 83 1 88
35 0 167 1 89
30 0 127 1 90
36 0 230 1 91
34 0 58 1 92
30 0 105 1 93
31 0 86 1 94
35 0 133 1 95
41 0 167 1 96
47 0 233 1 97
34 0 102 1 98
37 0 72 1 99
43 0 84 1 100
50 0 135 1 101
50 0 162 1 102
51 0 82 1 103
51 0 229 1 104
51 0 66 1 105
52 0 147 1 106
49 0 156 1 107
63 0 227 1 108
62 0 62 1 109
53 0 217 1 110
59 0 80 1 111
66 0 212 1 112
77 0 68 1 113
75 0 82 1 114
71 0 209 1 115
83 0 86 1 116
84 0 206 1 117
101 0 80 1 118
93 0 203 1 119
109 0 85 1 120
124 0 201 1 121
119 0 86 1 122
131 0 81 1 123
113 0 196 1 124
136 0 86 1 125
140 0 199 1 126
152 0 83 1 127
125 0 199 1 128
153 0 208 1 129
159 0 86 1 130
159 0 212 1 131
160 0 96 1 132
161 0 100 1 133
141 0 204 1 134
186 0 82 1 135
174 0 201 1 136
194 0 86 1 137
200 0 200 1 138
204 0 87 1 139
212 0 196 1 140
214 0 201 1 141
170 0 205 1 142
215 0 87 1 143
220 0 222 1 144
231 0 82 1 145
236 0 209 1 146
240 0 83 1 147
250 0 210 1 148
250 0 80 1 149
257 0 227 1 150
258 0 85 1 151
271 0 232 1 152
268 0 90 1 153
275 0 91 1 154
281 0 237 1 155
283 0 95 1 156
292 0 94 1 157
294 0 235 1 158
300 0 94 1 159
306 0 233 1 160
310 0 94 1 161
309 0 230 1 162
321 0 94 1 163
323 0 220 1 164
332 0 217 1 165
332 0 92 1 166
338 0 97 1 167
341 0 209 1 168
342 0 105 1 169
344 0 202 1 170
349 0 110 1 171
356 0 198 1 172
361 0 113 1 173
357 0 193 1 174
370 0 168 1 175
364 0 163 1 176
367 0 124 1 177
371 0 174 1 178
365 0 191 1 179
375 0 154 1 180
374 0 130 1 181
371 0 187 1 182
390 0 179 1 183
391 0 147 1 184
395 0 137 1 185
381 0 136 1 186
408 0 209 1 187
411 0 188 1 188
405 0 241 1 189
394 0 85 1 190
418 0 99 1 191
415 0 213 1 192
420 0 194 1 193
414 0 238 1 194
399 0 99 1 195
397 0 106 1 196
398 0 110 1 197
415 0 216 1 198
420 0 98 1 199
408 0 64 1 200
421 0 235 1 201
403 0 83 1 202
425 0 196 1 203
400 0 223 1 204
419 0 111 1 205
401 0 218 1 206
412 0 68 1 207
420 0 73 1 208
402 0 233 1 209
424 0 114 1 210
409 0 94 1 211
425 0 98 1 212
427 0 100 1 213
423 0 112 1 214
426 0 86 1 215
411 0 85 1 216
427 0 239 1 217
410 0 76 1 218
430 0 100 1 219
433 0 109 1 220
414 0 87 1 221
437 0 190 1 222
437 0 238 1 223
423 0 68 1 224
433 0 104 1 225
436 0 112 1 226
437 0 202 1 227
431 0 77 1 228
443 0 236 1 229
445 0 192 1 230
444 0 210 1 231
414 0 72 1 232
447 0 98 1 233
421 0 71 1 234
431 0 68 1 235
443 0 72 1 236
440 0 90 1 237
418 0 223 1 238
442 0 93 1 239
445 0 189 1 240
449 0 216 1 241
446 0 96 1 242
452 0 73 1 243
454 0 219 1 244
439 0 219 1 245
448 0 103 1 246
451 0 190 1 247
452 0 106 1 248
453 0 217 1 249
453 0 64 1 250
452 0 87 1 251
457 0 105 1 252
454 0 211 1 253
458 0 189 1 254
455 0 224 1 255
455 0 72 1 256
463 0 215 1 257
457 0 85 1 258
461 0 107 1 259
465 0 211 1 260
466 0 205 1 261
466 0 234 1 262
467 0 199 1 263
468 0 193 1 264
460 0 80 1 265
468 0 101 1 266
466 0 77 1 267
455 0 228 1 268
468 0 116 1 269
469 0 240 1 270
465 0 90 1 271
469 0 242 1 272
473 0 116 1 273
481 0 247 1 274
484 0 106 1 275
484 0 244 1 276
310 0 139 1 277
332 0 155 1 278
326 0 180 1 279
293 0 180 1 280
287 0 160 1 281
307 0 149 1 282
323 0 158 1 283
317 0 173 1 284
299 0 174 1 285
297 0 158 1 286
310 0 170 1 287
319 0 165 1 288
316 0 154 1 289
304 0 155 1 290
301 0 166 1 291
-32 0 46 1 292
-23 0 60 1 293
-8 0 50 1 294
7 0 46 1 295
14 0 50 1 296
25 0 50 1 297
32 0 57 1 298
46 0 50 1 299
51 0 59 1 300
57 0 67 1 301
73 0 56 1 302
81 0 58 1 303
88 0 59 1 304
109 0 46 1 305
115 0 50 1 306
126 0 50 1 307
141 0 46 1 308
153 0 50 1 309
164 0 54 1 310
175 0 50 1 311
181 0 55 1 312
189 0 56 1 313
205 0 50 1 314
206 0 59 1 315
223 0 50 1 316
221 0 60 1 317
249 0 46 1 318
259 0 50 1 319
269 0 50 1 320
288 0 46 1 321
297 0 50 1 322
318 0 46 1 323
329 0 56 1 324
341 0 46 1 325
346 0 55 1 326
362 0 50 1 327
373 0 46 1 328
377 0 55 1 329
390 0 50 1 330
392 0 58 1 331
404 0 54 1 332
417 0 50 1 333
418 0 58 1 334
425 0 60 1 335
464 0 57 1 336
471 0 66 1 337
489 0 46 1 338
491 0 63 1 339
498 0 59 1 340
501 0 69 1 341
504 0 72 1 342
501 0 89 1 343
501 0 99 1 344
506 0 101 1 345
501 0 119 1 346
501 0 129 1 347
506 0 133 1 348
501 0 149 1 349
501 0 159 1 350
506 0 164 1 351
501 0 179 1 352
506 0 186 1 353
501 0 197 1 354
501 0 208 1 355
506 0 218 1 356
501 0 227 1 357
501 0 238 1 358
506 0 249 1 359
492 0 258 1 360
466 0 254 1 361
469 0 258 1 362
444 0 254 1 363
445 0 258 1 364
425 0 254 1 365
414 0 254 1 366
414 0 258 1 367
395 0 254 1 368
384 0 254 1 369
382 0 258 1 370
365 0 254 1 371
359 0 258 1 372
344 0 258 1 373
324 0 254 1 374
313 0 254 1 375
312 0 258 1 376
291 0 254 1 377
280 0 254 1 378
281 0 258 1 379
266 0 258 1 380
242 0 254 1 381
242 0 258 1 382
223 0 254 1 383
213 0 254 1 384
212 0 258 1 385
194 0 254 1 386
183 0 254 1 387
181 0 258 1 388
161 0 254 1 389
150 0 254 1 390
149 0 258 1 391
131 0 254 1 392
120 0 254 1 393
118 0 258 1 394
101 0 254 1 395
94 0 258 1 396
79 0 258 1 397
63 0 254 1 398
52 0 254 1 399
48 0 258 1 400
33 0 254 1 401
22 0 254 1 402
16 0 258 1 403
0 0 254 1 404
-11 0 254 1 405
-24 0 253 1 406
-30 0 257 1 407
-23 0 249 1 408
-21 0 237 1 409
-27 0 227 1 410
-27 0 216 1 411
-32 0 204 1 412
-20 0 194 1 413
-20 0 182 1 414
-27 0 179 1 415
-27 0 168 1 416
-27 0 157 1 417
-27 0 146 1 418
-32 0 141 1 419
-27 0 127 1 420
-22 0 107 1 421
-27 0 108 1 422
-27 0 97 1 423
-27 0 86 1 424
-25 0 71 1 425
-27 0 66 1 426
-32 0 62 1 427
