428
41 6 150 1 0
57 6 140 1 1
60 6 140 1 2
63 6 149 1 3
90 6 149 1 4
91 6 160 1 5
68 6 175 1 6
66 6 185 1 7
62 6 194 1 8
63 6 205 1 9
44 6 215 1 10
69 6 135 1 11
122 6 151 1 12
121 6 161 1 13
130 6 141 1 14
124 6 171 1 15
135 6 226 1 16
132 6 136 1 17
137 6 177 1 18
145 6 130 1 19
143 6 219 1 20
141 6 179 1 21
114 6 209 1 22
155 6 130 1 23
157 6 174 1 24
113 6 202 1 25
165 6 133 1 26
133 6 196 1 27
162 6 168 1 28
154 6 187 1 29
163 6 143 1 30
165 6 154 1 31
164 6 181 1 32
169 6 162 1 33
170 6 173 1 34
145 6 204 1 35
192 6 144 1 36
191 6 153 1 37
220 6 157 1 38
218 6 165 1 39
187 6 138 1 40
207 6 225 1 41
220 6 226 1 42
228 6 164 1 43
203 6 132 1 44
228 6 227 1 45
208 6 134 1 46
239 6 160 1 47
241 6 207 1 48
246 6 133 1 49
242 6 171 1 50
253 6 203 1 51
245 6 180 1 52
258 6 190 1 53
260 6 198 1 54
264 6 119 1 55
290 6 207 1 56
295 6 138 1 57
300 6 207 1 58
300 6 131 1 59
306 6 202 1 60
306 6 215 1 61
308 6 131 1 62
314 6 195 1 63
314 6 216 1 64
316 6 185 1 65
320 6 127 1 66
321 6 180 1 67
320 6 211 1 68
327 6 174 1 69
328 6 136 1 70
332 6 167 1 71
329 6 153 1 72
328 6 143 1 73
329 6 212 1 74
-3 0 181 1 75
7 0 191 1 76
8 0 174 1 77
7 0 195 1 78
11 0 171 1 79
6 0 203 1 80
25 0 169 1 81
18 0 123 1 82
23 0 122 1 83
23 0 212 1 84
23 0 70 1 85
24 0 113 1 86
26 0 220 1 87
19 0 91 1 88
34 0 167 1 89
28 0 130 1 90
35 0 231 1 91
32 0 63 1 92
27 0 110 1 93
27 0 93 1 94
32 0 136 1 95
39 0 168 1 96
47 0 233 1 97
30 0 109 1 98
33 0 79 1 99
40 0 90 1 100
48 0 136 1 101
48 0 163 1 102
49 0 86 1 103
49 0 229 1 104
48 0 71 1 105
49 0 148 1 106
45 0 158 1 107
62 0 228 1 108
59 0 67 1 109
47 0 215 1 110
53 0 89 1 111
60 0 211 1 112
73 0 73 1 113
68 0 90 1 114
63 0 208 1 115
77 0 93 1 116
78 0 205 1 117
98 0 84 1 118
86 0 202 1 119
106 0 88 1 120
123 0 201 1 121
116 0 89 1 122
129 0 83 1 123
106 0 195 1 124
134 0 89 1 125
137 0 198 1 126
150 0 85 1 127
116 0 197 1 128
149 0 207 1 129
156 0 89 1 130
154 0 212 1 131
156 0 101 1 132
155 0 107 1 133
128 0 202 1 134
184 0 84 1 135
167 0 199 1 136
190 0 89 1 137
198 0 199 1 138
200 0 90 1 139
211 0 195 1 140
212 0 200 1 141
155 0 203 1 142
212 0 90 1 143
217 0 223 1 144
229 0 84 1 145
233 0 207 1 146
237 0 86 1 147
247 0 207 1 148
247 0 84 1 149
254 0 227 1 150
255 0 88 1 151
270 0 232 1 152
266 0 92 1 153
274 0 92 1 154
281 0 236 1 155
282 0 97 1 156
291 0 96 1 157
293 0 235 1 158
299 0 96 1 159
306 0 233 1 160
309 0 96 1 161
308 0 231 1 162
320 0 96 1 163
322 0 220 1 164
331 0 217 1 165
331 0 95 1 166
336 0 102 1 167
339 0 209 1 168
339 0 110 1 169
341 0 202 1 170
346 0 113 1 171
354 0 198 1 172
359 0 115 1 173
352 0 193 1 174
368 0 168 1 175
360 0 164 1 176
363 0 127 1 177
368 0 175 1 178
360 0 190 1 179
372 0 156 1 180
371 0 133 1 181
366 0 187 1 182
391 0 179 1 183
391 0 149 1 184
395 0 138 1 185
377 0 139 1 186
406 0 208 1 187
409 0 187 1 188
402 0 240 1 189
388 0 91 1 190
417 0 99 1 191
414 0 212 1 192
420 0 194 1 193
412 0 238 1 194
392 0 105 1 195
389 0 113 1 196
391 0 116 1 197
412 0 215 1 198
419 0 100 1 199
403 0 68 1 200
421 0 235 1 201
397 0 88 1 202
424 0 195 1 203
392 0 220 1 204
416 0 117 1 205
393 0 215 1 206
407 0 73 1 207
417 0 76 1 208
394 0 230 1 209
421 0 119 1 210
401 0 101 1 211
422 0 103 1 212
425 0 104 1 213
420 0 118 1 214
423 0 89 1 215
403 0 92 1 216
425 0 238 1 217
402 0 83 1 218
427 0 106 1 219
431 0 113 1 220
406 0 94 1 221
435 0 189 1 222
435 0 237 1 223
417 0 73 1 224
430 0 111 1 225
434 0 118 1 226
435 0 200 1 227
427 0 81 1 228
442 0 236 1 229
444 0 192 1 230
442 0 209 1 231
403 0 81 1 232
447 0 99 1 233
413 0 78 1 234
426 0 73 1 235
441 0 77 1 236
437 0 98 1 237
409 0 220 1 238
439 0 100 1 239
442 0 187 1 240
448 0 215 1 241
443 0 102 1 242
451 0 76 1 243
453 0 218 1 244
434 0 216 1 245
446 0 109 1 246
449 0 188 1 247
450 0 112 1 248
451 0 215 1 249
451 0 69 1 250
450 0 94 1 251
455 0 109 1 252
451 0 208 1 253
456 0 187 1 254
453 0 222 1 255
452 0 79 1 256
462 0 214 1 257
454 0 92 1 258
460 0 111 1 259
465 0 210 1 260
466 0 205 1 261
466 0 234 1 262
466 0 199 1 263
467 0 193 1 264
457 0 87 1 265
467 0 103 1 266
464 0 81 1 267
450 0 225 1 268
466 0 120 1 269
467 0 239 1 270
462 0 98 1 271
466 0 241 1 272
471 0 119 1 273
480 0 246 1 274
483 0 106 1 275
483 0 243 1 276
309 0 140 1 277
331 0 156 1 278
326 0 180 1 279
292 0 181 1 280
286 0 162 1 281
305 0 149 1 282
322 0 158 1 283
316 0 173 1 284
299 0 174 1 285
297 0 158 1 286
309 0 170 1 287
319 0 166 1 288
316 0 154 1 289
304 0 156 1 290
301 0 166 1 291
-35 0 52 1 292
-28 0 70 1 293
-11 0 57 1 294
5 0 52 1 295
10 0 57 1 296
21 0 57 1 297
28 0 66 1 298
43 0 57 1 299
45 0 69 1 300
50 0 79 1 301
67 0 64 1 302
74 0 67 1 303
81 0 69 1 304
104 0 52 1 305
108 0 57 1 306
119 0 57 1 307
135 0 52 1 308
148 0 57 1 309
158 0 62 1 310
169 0 57 1 311
174 0 63 1 312
181 0 65 1 313
198 0 57 1 314
196 0 68 1 315
216 0 57 1 316
211 0 70 1 317
243 0 52 1 318
251 0 57 1 319
262 0 57 1 320
282 0 52 1 321
291 0 57 1 322
315 0 52 1 323
326 0 65 1 324
338 0 52 1 325
342 0 64 1 326
359 0 57 1 327
369 0 52 1 328
372 0 63 1 329
385 0 57 1 330
384 0 67 1 331
397 0 63 1 332
410 0 57 1 333
408 0 67 1 334
414 0 70 1 335
461 0 66 1 336
467 0 77 1 337
487 0 52 1 338
486 0 74 1 339
495 0 65 1 340
499 0 75 1 341
502 0 75 1 342
499 0 93 1 343
499 0 104 1 344
505 0 103 1 345
499 0 122 1 346
499 0 133 1 347
505 0 134 1 348
499 0 151 1 349
499 0 162 1 350
505 0 165 1 351
499 0 180 1 352
505 0 187 1 353
499 0 197 1 354
499 0 208 1 355
505 0 218 1 356
499 0 226 1 357
499 0 237 1 358
505 0 249 1 359
487 0 256 1 360
457 0 252 1 361
464 0 256 1 362
435 0 252 1 363
440 0 256 1 364
417 0 252 1 365
406 0 252 1 366
409 0 256 1 367
388 0 252 1 368
377 0 252 1 369
378 0 256 1 370
359 0 252 1 371
355 0 256 1 372
339 0 256 1 373
316 0 252 1 374
305 0 252 1 375
308 0 256 1 376
284 0 252 1 377
273 0 252 1 378
277 0 256 1 379
261 0 256 1 380
233 0 252 1 381
237 0 256 1 382
216 0 252 1 383
205 0 252 1 384
208 0 256 1 385
187 0 252 1 386
176 0 252 1 387
177 0 256 1 388
155 0 252 1 389
144 0 252 1 390
146 0 256 1 391
126 0 252 1 392
115 0 252 1 393
115 0 256 1 394
97 0 252 1 395
92 0 256 1 396
75 0 256 1 397
57 0 252 1 398
47 0 252 1 399
45 0 256 1 400
28 0 252 1 401
18 0 252 1 402
14 0 256 1 403
-4 0 252 1 404
-15 0 252 1 405
-29 0 250 1 406
-32 0 255 1 407
-23 0 248 1 408
-22 0 237 1 409
-29 0 226 1 410
-29 0 216 1 411
-35 0 204 1 412
-20 0 194 1 413
-20 0 182 1 414
-29 0 180 1 415
-29 0 170 1 416
-29 0 159 1 417
-29 0 148 1 418
-35 0 145 1 419
-29 0 130 1 420
-22 0 108 1 421
-29 0 112 1 422
-29 0 101 1 423
-29 0 90 1 424
-26 0 74 1 425
-29 0 71 1 426
-35 0 69 1 427
