428
59 8 140 1 0
71 8 133 1 1
78 8 131 1 2
81 8 139 1 3
92 8 146 1 4
93 8 159 1 5
83 8 173 1 6
83 8 185 1 7
81 8 196 1 8
81 8 208 1 9
74 8 219 1 10
85 8 127 1 11
132 8 146 1 12
132 8 158 1 13
136 8 136 1 14
135 8 169 1 15
141 8 224 1 16
141 8 129 1 17
146 8 177 1 18
153 8 124 1 19
152 8 219 1 20
155 8 179 1 21
147 8 213 1 22
164 8 124 1 23
169 8 174 1 24
152 8 207 1 25
174 8 128 1 26
163 8 199 1 27
177 8 166 1 28
174 8 189 1 29
178 8 138 1 30
181 8 149 1 31
181 8 181 1 32
183 8 159 1 33
184 8 172 1 34
188 8 210 1 35
212 8 139 1 36
211 8 148 1 37
222 8 157 1 38
221 8 166 1 39
210 8 131 1 40
218 8 222 1 41
227 8 224 1 42
233 8 163 1 43
223 8 126 1 44
236 8 225 1 45
230 8 127 1 46
244 8 162 1 47
249 8 214 1 48
252 8 127 1 49
251 8 170 1 50
258 8 208 1 51
256 8 179 1 52
262 8 190 1 53
263 8 199 1 54
265 8 121 1 55
293 8 213 1 56
296 8 135 1 57
302 8 208 1 58
303 8 128 1 59
308 8 202 1 60
308 8 217 1 61
311 8 125 1 62
315 8 194 1 63
317 8 217 1 64
319 8 186 1 65
323 8 123 1 66
324 8 180 1 67
326 8 215 1 68
330 8 173 1 69
333 8 130 1 70
335 8 163 1 71
335 8 150 1 72
336 8 139 1 73
336 8 216 1 74
-1 0 181 1 75
7 0 191 1 76
8 0 174 1 77
13 0 196 1 78
15 0 170 1 79
17 0 204 1 80
27 0 168 1 81
26 0 109 1 82
28 0 113 1 83
28 0 213 1 84
30 0 56 1 85
31 0 100 1 86
32 0 221 1 87
30 0 69 1 88
36 0 166 1 89
34 0 121 1 90
38 0 230 1 91
38 0 50 1 92
36 0 95 1 93
38 0 74 1 94
41 0 127 1 95
44 0 165 1 96
48 0 233 1 97
42 0 90 1 98
45 0 58 1 99
48 0 76 1 100
53 0 133 1 101
53 0 160 1 102
54 0 77 1 103
54 0 228 1 104
56 0 57 1 105
57 0 144 1 106
56 0 153 1 107
65 0 226 1 108
67 0 55 1 109
65 0 219 1 110
70 0 64 1 111
77 0 214 1 112
84 0 59 1 113
86 0 69 1 114
84 0 211 1 115
94 0 74 1 116
96 0 208 1 117
107 0 74 1 118
105 0 204 1 119
113 0 79 1 120
126 0 201 1 121
123 0 81 1 122
134 0 77 1 123
126 0 198 1 124
141 0 81 1 125
145 0 200 1 126
154 0 79 1 127
142 0 201 1 128
160 0 208 1 129
164 0 81 1 130
167 0 212 1 131
169 0 88 1 132
173 0 89 1 133
163 0 207 1 134
190 0 78 1 135
185 0 203 1 136
199 0 81 1 137
203 0 201 1 138
209 0 82 1 139
214 0 197 1 140
218 0 203 1 141
197 0 209 1 142
220 0 82 1 143
226 0 220 1 144
234 0 78 1 145
240 0 213 1 146
245 0 77 1 147
253 0 214 1 148
255 0 74 1 149
261 0 226 1 150
262 0 80 1 151
272 0 232 1 152
271 0 85 1 153
277 0 89 1 154
283 0 238 1 155
285 0 92 1 156
294 0 90 1 157
296 0 236 1 158
302 0 90 1 159
307 0 233 1 160
312 0 90 1 161
312 0 230 1 162
323 0 90 1 163
325 0 221 1 164
334 0 217 1 165
334 0 89 1 166
342 0 90 1 167
343 0 210 1 168
347 0 98 1 169
348 0 204 1 170
354 0 104 1 171
360 0 199 1 172
365 0 109 1 173
364 0 194 1 174
373 0 167 1 175
371 0 160 1 176
373 0 118 1 177
376 0 174 1 178
373 0 192 1 179
379 0 152 1 180
381 0 124 1 181
379 0 188 1 182
390 0 180 1 183
391 0 144 1 184
395 0 135 1 185
389 0 130 1 186
411 0 211 1 187
414 0 189 1 188
411 0 243 1 189
406 0 75 1 190
418 0 98 1 191
417 0 215 1 192
421 0 194 1 193
418 0 239 1 194
410 0 89 1 195
409 0 94 1 196
410 0 99 1 197
418 0 218 1 198
422 0 95 1 199
416 0 57 1 200
423 0 236 1 201
414 0 73 1 202
425 0 197 1 203
413 0 228 1 204
424 0 102 1 205
415 0 223 1 206
422 0 59 1 207
426 0 68 1 208
417 0 238 1 209
429 0 104 1 210
421 0 82 1 211
430 0 89 1 212
431 0 92 1 213
429 0 101 1 214
431 0 81 1 215
423 0 74 1 216
432 0 240 1 217
424 0 63 1 218
434 0 91 1 219
436 0 101 1 220
427 0 75 1 221
439 0 192 1 222
439 0 239 1 223
432 0 59 1 224
438 0 92 1 225
440 0 102 1 226
441 0 206 1 227
439 0 70 1 228
445 0 237 1 229
446 0 193 1 230
446 0 212 1 231
431 0 56 1 232
448 0 95 1 233
436 0 58 1 234
441 0 59 1 235
447 0 65 1 236
446 0 76 1 237
435 0 229 1 238
447 0 81 1 239
448 0 192 1 240
451 0 217 1 241
451 0 85 1 242
454 0 68 1 243
455 0 221 1 244
448 0 225 1 245
453 0 91 1 246
455 0 192 1 247
456 0 96 1 248
457 0 222 1 249
457 0 54 1 250
457 0 75 1 251
460 0 97 1 252
459 0 216 1 253
461 0 192 1 254
460 0 227 1 255
460 0 61 1 256
464 0 216 1 257
462 0 74 1 258
464 0 100 1 259
466 0 211 1 260
467 0 206 1 261
467 0 234 1 262
468 0 200 1 263
469 0 194 1 264
465 0 67 1 265
469 0 99 1 266
469 0 70 1 267
463 0 233 1 268
471 0 108 1 269
472 0 241 1 270
471 0 77 1 271
474 0 244 1 272
476 0 110 1 273
482 0 247 1 274
484 0 104 1 275
486 0 246 1 276
311 0 138 1 277
333 0 154 1 278
326 0 180 1 279
295 0 180 1 280
287 0 157 1 281
309 0 148 1 282
324 0 157 1 283
318 0 173 1 284
301 0 174 1 285
297 0 157 1 286
311 0 170 1 287
319 0 164 1 288
316 0 154 1 289
305 0 154 1 290
302 0 165 1 291
-26 0 36 1 292
-16 0 43 1 293
-3 0 38 1 294
10 0 36 1 295
20 0 38 1 296
31 0 38 1 297
40 0 41 1 298
53 0 38 1 299
60 0 43 1 300
69 0 47 1 301
83 0 41 1 302
92 0 42 1 303
102 0 43 1 304
118 0 36 1 305
126 0 38 1 306
137 0 38 1 307
151 0 36 1 308
162 0 38 1 309
173 0 40 1 310
185 0 38 1 311
193 0 40 1 312
203 0 41 1 313
216 0 38 1 314
221 0 43 1 315
236 0 38 1 316
241 0 43 1 317
261 0 36 1 318
271 0 38 1 319
282 0 38 1 320
297 0 36 1 321
307 0 38 1 322
323 0 36 1 323
335 0 41 1 324
346 0 36 1 325
354 0 41 1 326
368 0 38 1 327
379 0 36 1 328
387 0 41 1 329
399 0 38 1 330
405 0 42 1 331
417 0 40 1 332
429 0 38 1 333
435 0 42 1 334
444 0 43 1 335
470 0 41 1 336
479 0 46 1 337
494 0 36 1 338
499 0 45 1 339
503 0 49 1 340
505 0 60 1 341
506 0 66 1 342
505 0 80 1 343
505 0 91 1 344
507 0 98 1 345
505 0 112 1 346
505 0 123 1 347
507 0 130 1 348
505 0 144 1 349
505 0 155 1 350
507 0 163 1 351
505 0 176 1 352
507 0 185 1 353
505 0 196 1 354
505 0 207 1 355
507 0 218 1 356
505 0 228 1 357
505 0 239 1 358
507 0 250 1 359
500 0 260 1 360
481 0 258 1 361
477 0 260 1 362
459 0 258 1 363
454 0 260 1 364
438 0 258 1 365
427 0 258 1 366
421 0 260 1 367
406 0 258 1 368
395 0 258 1 369
389 0 260 1 370
374 0 258 1 371
366 0 260 1 372
353 0 260 1 373
337 0 258 1 374
326 0 258 1 375
320 0 260 1 376
304 0 258 1 377
292 0 258 1 378
287 0 260 1 379
274 0 260 1 380
256 0 258 1 381
251 0 260 1 382
236 0 258 1 383
224 0 258 1 384
220 0 260 1 385
205 0 258 1 386
194 0 258 1 387
187 0 260 1 388
171 0 258 1 389
160 0 258 1 390
154 0 260 1 391
140 0 258 1 392
128 0 258 1 393
122 0 260 1 394
108 0 258 1 395
99 0 260 1 396
85 0 260 1 397
72 0 258 1 398
60 0 258 1 399
53 0 260 1 400
40 0 258 1 401
29 0 258 1 402
20 0 260 1 403
6 0 258 1 404
-5 0 258 1 405
-17 0 257 1 406
-25 0 259 1 407
-21 0 249 1 408
-20 0 238 1 409
-23 0 227 1 410
-23 0 216 1 411
-26 0 204 1 412
-20 0 194 1 413
-20 0 182 1 414
-23 0 175 1 415
-23 0 164 1 416
-23 0 153 1 417
-23 0 142 1 418
-26 0 134 1 419
-23 0 121 1 420
-21 0 106 1 421
-23 0 101 1 422
-23 0 89 1 423
-23 0 78 1 424
-22 0 65 1 425
-23 0 57 1 426
-26 0 49 1 427
