428
6 2 170 1 0
28 2 153 1 1
25 2 158 1 2
26 2 170 1 3
86 2 155 1 4
89 2 164 1 5
37 2 178 1 6
34 2 185 1 7
23 2 190 1 8
27 2 199 1 9
-16 2 208 1 10
36 2 151 1 11
103 2 160 1 12
100 2 167 1 13
117 2 149 1 14
102 2 174 1 15
121 2 230 1 16
113 2 149 1 17
117 2 177 1 18
130 2 142 1 19
124 2 219 1 20
114 2 179 1 21
49 2 202 1 22
138 2 141 1 23
134 2 174 1 24
36 2 193 1 25
146 2 142 1 26
74 2 190 1 27
131 2 172 1 28
114 2 183 1 29
132 2 152 1 30
132 2 163 1 31
132 2 181 1 32
140 2 168 1 33
142 2 175 1 34
57 2 193 1 35
154 2 155 1 36
151 2 161 1 37
217 2 157 1 38
210 2 161 1 39
140 2 153 1 40
186 2 230 1 41
203 2 230 1 42
220 2 165 1 43
162 2 143 1 44
213 2 231 1 45
162 2 148 1 46
228 2 156 1 47
226 2 194 1 48
235 2 145 1 49
224 2 173 1 50
242 2 193 1 51
224 2 181 1 52
250 2 190 1 53
254 2 194 1 54
262 2 115 1 55
284 2 196 1 56
293 2 144 1 57
298 2 206 1 58
295 2 137 1 59
302 2 202 1 60
301 2 212 1 61
302 2 143 1 62
313 2 196 1 63
308 2 215 1 64
310 2 183 1 65
315 2 134 1 66
315 2 181 1 67
309 2 204 1 68
321 2 178 1 69
317 2 147 1 70
326 2 174 1 71
317 2 160 1 72
313 2 153 1 73
316 2 204 1 74
-7 0 181 1 75
7 0 191 1 76
7 0 174 1 77
-5 0 193 1 78
3 0 175 1 79
-16 0 199 1 80
22 0 171 1 81
1 0 150 1 82
12 0 139 1 83
13 0 210 1 84
10 0 99 1 85
8 0 138 1 86
14 0 219 1 87
-4 0 134 1 88
30 0 169 1 89
15 0 147 1 90
28 0 232 1 91
19 0 88 1 92
8 0 141 1 93
4 0 133 1 94
15 0 153 1 95
29 0 174 1 96
45 0 233 1 97
5 0 149 1 98
9 0 121 1 99
23 0 117 1 100
38 0 142 1 101
39 0 168 1 102
38 0 104 1 103
40 0 231 1 104
31 0 99 1 105
33 0 158 1 106
24 0 167 1 107
57 0 231 1 108
45 0 89 1 109
10 0 208 1 110
18 0 138 1 111
25 0 205 1 112
53 0 99 1 113
32 0 131 1 114
20 0 203 1 115
42 0 129 1 116
42 0 200 1 117
81 0 103 1 118
48 0 199 1 119
90 0 105 1 120
117 0 200 1 121
100 0 105 1 122
119 0 95 1 123
68 0 190 1 124
120 0 105 1 125
122 0 195 1 126
142 0 96 1 127
63 0 190 1 128
126 0 206 1 129
141 0 105 1 130
128 0 212 1 131
129 0 128 1 132
118 0 141 1 133
59 0 192 1 134
171 0 95 1 135
133 0 192 1 136
172 0 105 1 137
189 0 196 1 138
182 0 105 1 139
205 0 192 1 140
200 0 194 1 141
72 0 192 1 142
192 0 105 1 143
196 0 229 1 144
220 0 95 1 145
218 0 194 1 146
220 0 104 1 147
235 0 194 1 148
230 0 103 1 149
241 0 231 1 150
240 0 105 1 151
266 0 232 1 152
257 0 106 1 153
267 0 98 1 154
276 0 234 1 155
275 0 108 1 156
285 0 107 1 157
287 0 233 1 158
294 0 107 1 159
304 0 233 1 160
304 0 107 1 161
298 0 232 1 162
314 0 107 1 163
316 0 218 1 164
325 0 217 1 165
325 0 107 1 166
324 0 126 1 167
332 0 205 1 168
323 0 134 1 169
326 0 197 1 170
331 0 130 1 171
343 0 196 1 172
347 0 126 1 173
328 0 191 1 174
360 0 172 1 175
339 0 172 1 176
343 0 144 1 177
352 0 176 1 178
334 0 188 1 179
357 0 163 1 180
350 0 152 1 181
339 0 185 1 182
392 0 177 1 183
392 0 160 1 184
395 0 144 1 185
353 0 158 1 186
398 0 201 1 187
398 0 183 1 188
383 0 235 1 189
351 0 124 1 190
416 0 101 1 191
409 0 207 1 192
418 0 194 1 193
400 0 234 1 194
356 0 137 1 195
349 0 149 1 196
354 0 150 1 197
400 0 209 1 198
414 0 109 1 199
378 0 90 1 200
416 0 233 1 201
363 0 119 1 202
423 0 192 1 203
350 0 206 1 204
401 0 145 1 205
347 0 200 1 206
377 0 99 1 207
399 0 93 1 208
349 0 216 1 209
407 0 150 1 210
361 0 137 1 211
408 0 131 1 212
413 0 127 1 213
403 0 153 1 214
409 0 105 1 215
363 0 126 1 216
411 0 235 1 217
360 0 121 1 218
412 0 136 1 219
420 0 138 1 220
364 0 131 1 221
428 0 183 1 222
428 0 234 1 223
387 0 99 1 224
413 0 151 1 225
420 0 151 1 226
423 0 187 1 227
404 0 102 1 228
436 0 234 1 229
440 0 188 1 230
435 0 203 1 231
348 0 131 1 232
443 0 109 1 233
368 0 118 1 234
397 0 99 1 235
428 0 101 1 236
419 0 140 1 237
358 0 203 1 238
423 0 138 1 239
430 0 179 1 240
443 0 212 1 241
428 0 137 1 242
444 0 93 1 243
449 0 212 1 244
408 0 199 1 245
432 0 146 1 246
438 0 181 1 247
437 0 146 1 248
440 0 201 1 249
438 0 98 1 250
436 0 132 1 251
445 0 134 1 252
437 0 193 1 253
445 0 180 1 254
439 0 212 1 255
437 0 115 1 256
458 0 211 1 257
440 0 127 1 258
452 0 134 1 259
463 0 209 1 260
464 0 203 1 261
464 0 233 1 262
464 0 197 1 263
464 0 191 1 264
442 0 128 1 265
464 0 110 1 266
456 0 102 1 267
425 0 208 1 268
455 0 143 1 269
458 0 235 1 270
445 0 140 1 271
451 0 235 1 272
460 0 138 1 273
476 0 245 1 274
482 0 111 1 275
477 0 236 1 276
306 0 144 1 277
327 0 159 1 278
327 0 180 1 279
286 0 182 1 280
285 0 172 1 281
298 0 153 1 282
319 0 160 1 283
313 0 172 1 284
294 0 175 1 285
297 0 160 1 286
306 0 171 1 287
318 0 168 1 288
316 0 155 1 289
302 0 159 1 290
299 0 170 1 291
-54 0 85 1 292
-51 0 124 1 293
-28 0 94 1 294
-7 0 85 1 295
-8 0 94 1 296
2 0 94 1 297
3 0 113 1 298
23 0 94 1 299
14 0 120 1 300
12 0 142 1 301
36 0 111 1 302
37 0 116 1 303
39 0 120 1 304
77 0 85 1 305
72 0 94 1 306
82 0 94 1 307
104 0 85 1 308
118 0 94 1 309
127 0 105 1 310
139 0 94 1 311
136 0 108 1 312
138 0 112 1 313
162 0 94 1 314
143 0 120 1 315
174 0 94 1 316
149 0 123 1 317
208 0 85 1 318
213 0 94 1 319
222 0 94 1 320
254 0 85 1 321
258 0 94 1 322
298 0 85 1 323
308 0 113 1 324
323 0 85 1 325
316 0 110 1 326
341 0 94 1 327
350 0 85 1 328
342 0 109 1 329
356 0 94 1 330
342 0 117 1 331
356 0 107 1 332
372 0 94 1 333
353 0 117 1 334
354 0 124 1 335
443 0 113 1 336
442 0 138 1 337
473 0 85 1 338
459 0 130 1 339
480 0 97 1 340
488 0 106 1 341
495 0 92 1 342
488 0 119 1 343
488 0 129 1 344
501 0 114 1 345
488 0 142 1 346
488 0 152 1 347
501 0 141 1 348
488 0 165 1 349
488 0 175 1 350
501 0 168 1 351
488 0 187 1 352
501 0 192 1 353
488 0 200 1 354
488 0 210 1 355
501 0 219 1 356
488 0 223 1 357
488 0 233 1 358
501 0 246 1 359
461 0 249 1 360
409 0 239 1 361
437 0 249 1 362
388 0 239 1 363
412 0 249 1 364
375 0 239 1 365
365 0 239 1 366
385 0 249 1 367
352 0 239 1 368
342 0 239 1 369
358 0 249 1 370
329 0 239 1 371
333 0 249 1 372
311 0 249 1 373
275 0 239 1 374
265 0 239 1 375
284 0 249 1 376
244 0 239 1 377
234 0 239 1 378
257 0 249 1 379
235 0 249 1 380
189 0 239 1 381
211 0 249 1 382
176 0 239 1 383
165 0 239 1 384
184 0 249 1 385
153 0 239 1 386
142 0 239 1 387
157 0 249 1 388
122 0 239 1 389
112 0 239 1 390
129 0 249 1 391
99 0 239 1 392
88 0 239 1 393
102 0 249 1 394
76 0 239 1 395
78 0 249 1 396
55 0 249 1 397
29 0 239 1 398
19 0 239 1 399
28 0 249 1 400
6 0 239 1 401
-4 0 239 1 402
1 0 249 1 403
-25 0 239 1 404
-35 0 239 1 405
-51 0 235 1 406
-48 0 248 1 407
-28 0 246 1 408
-24 0 234 1 409
-41 0 225 1 410
-41 0 215 1 411
-54 0 202 1 412
-20 0 195 1 413
-20 0 182 1 414
-41 0 189 1 415
-41 0 180 1 416
-41 0 170 1 417
-41 0 159 1 418
-54 0 166 1 419
-41 0 147 1 420
-26 0 111 1 421
-41 0 134 1 422
-41 0 124 1 423
-41 0 113 1 424
-34 0 92 1 425
-41 0 99 1 426
-54 0 107 1 427
