428
31 5 156 1 0
48 5 144 1 1
50 5 146 1 2
52 5 156 1 3
89 5 151 1 4
91 5 161 1 5
58 5 176 1 6
57 5 185 1 7
50 5 193 1 8
52 5 203 1 9
26 5 213 1 10
59 5 140 1 11
116 5 154 1 12
115 5 163 1 13
126 5 143 1 14
118 5 172 1 15
131 5 227 1 16
126 5 140 1 17
131 5 177 1 18
141 5 134 1 19
137 5 219 1 20
133 5 179 1 21
95 5 207 1 22
150 5 133 1 23
150 5 174 1 24
90 5 199 1 25
159 5 136 1 26
115 5 194 1 27
153 5 169 1 28
142 5 186 1 29
153 5 146 1 30
155 5 157 1 31
155 5 181 1 32
160 5 164 1 33
162 5 173 1 34
119 5 201 1 35
181 5 147 1 36
179 5 155 1 37
220 5 157 1 38
216 5 164 1 39
173 5 143 1 40
201 5 226 1 41
215 5 227 1 42
226 5 164 1 43
191 5 135 1 44
223 5 228 1 45
194 5 138 1 46
236 5 159 1 47
237 5 203 1 48
243 5 136 1 49
237 5 171 1 50
250 5 200 1 51
239 5 180 1 52
255 5 190 1 53
258 5 197 1 54
264 5 118 1 55
288 5 204 1 56
294 5 140 1 57
300 5 207 1 58
299 5 133 1 59
305 5 202 1 60
304 5 214 1 61
306 5 134 1 62
314 5 195 1 63
312 5 216 1 64
314 5 185 1 65
319 5 129 1 66
319 5 180 1 67
317 5 209 1 68
325 5 175 1 69
325 5 139 1 70
330 5 169 1 71
326 5 155 1 72
324 5 146 1 73
325 5 209 1 74
-4 0 181 1 75
7 0 191 1 76
8 0 174 1 77
3 0 195 1 78
9 0 172 1 79
0 0 202 1 80
24 0 169 1 81
13 0 131 1 82
20 0 127 1 83
20 0 212 1 84
19 0 79 1 85
19 0 120 1 86
23 0 220 1 87
12 0 103 1 88
33 0 168 1 89
24 0 135 1 90
33 0 231 1 91
28 0 70 1 92
21 0 120 1 93
20 0 105 1 94
27 0 141 1 95
36 0 170 1 96
47 0 233 1 97
23 0 121 1 98
26 0 91 1 99
35 0 98 1 100
45 0 138 1 101
45 0 164 1 102
46 0 91 1 103
46 0 230 1 104
43 0 79 1 105
44 0 151 1 106
39 0 161 1 107
61 0 229 1 108
55 0 73 1 109
36 0 213 1 110
43 0 103 1 111
50 0 209 1 112
67 0 81 1 113
58 0 102 1 114
50 0 207 1 115
67 0 103 1 116
67 0 204 1 117
93 0 90 1 118
75 0 201 1 119
101 0 93 1 120
121 0 201 1 121
111 0 94 1 122
126 0 87 1 123
95 0 194 1 124
130 0 94 1 125
133 0 197 1 126
148 0 88 1 127
100 0 195 1 128
142 0 207 1 129
152 0 94 1 130
146 0 212 1 131
148 0 109 1 132
144 0 117 1 133
108 0 199 1 134
180 0 87 1 135
157 0 197 1 136
185 0 94 1 137
195 0 198 1 138
195 0 94 1 139
209 0 194 1 140
208 0 198 1 141
130 0 200 1 142
206 0 94 1 143
211 0 225 1 144
226 0 87 1 145
228 0 203 1 146
232 0 92 1 147
244 0 203 1 148
242 0 90 1 149
250 0 228 1 150
250 0 93 1 151
269 0 232 1 152
263 0 96 1 153
272 0 94 1 154
279 0 236 1 155
280 0 100 1 156
289 0 99 1 157
291 0 235 1 158
298 0 99 1 159
306 0 233 1 160
308 0 99 1 161
305 0 231 1 162
318 0 99 1 163
320 0 220 1 164
329 0 217 1 165
329 0 98 1 166
332 0 109 1 167
337 0 208 1 168
334 0 117 1 169
336 0 200 1 170
342 0 118 1 171
351 0 197 1 172
355 0 118 1 173
345 0 192 1 174
366 0 169 1 175
354 0 167 1 176
357 0 132 1 177
363 0 175 1 178
352 0 190 1 179
367 0 158 1 180
364 0 139 1 181
358 0 187 1 182
391 0 178 1 183
391 0 152 1 184
395 0 140 1 185
370 0 145 1 186
404 0 206 1 187
406 0 186 1 188
396 0 239 1 189
377 0 101 1 190
417 0 99 1 191
413 0 211 1 192
419 0 194 1 193
408 0 237 1 194
381 0 114 1 195
377 0 123 1 196
380 0 126 1 197
409 0 213 1 198
418 0 103 1 199
396 0 74 1 200
419 0 235 1 201
387 0 98 1 202
424 0 194 1 203
380 0 216 1 204
412 0 125 1 205
379 0 211 1 206
398 0 81 1 207
412 0 81 1 208
381 0 226 1 209
417 0 129 1 210
389 0 111 1 211
418 0 111 1 212
421 0 111 1 213
415 0 128 1 214
419 0 94 1 215
391 0 102 1 216
421 0 237 1 217
390 0 94 1 218
422 0 115 1 219
428 0 120 1 220
394 0 105 1 221
433 0 187 1 222
433 0 236 1 223
408 0 81 1 224
425 0 123 1 225
430 0 128 1 226
431 0 196 1 227
420 0 87 1 228
440 0 235 1 229
443 0 191 1 230
440 0 207 1 231
387 0 96 1 232
446 0 102 1 233
400 0 90 1 234
417 0 81 1 235
437 0 84 1 236
431 0 110 1 237
394 0 215 1 238
434 0 111 1 239
439 0 184 1 240
447 0 214 1 241
439 0 112 1 242
449 0 81 1 243
452 0 216 1 244
426 0 211 1 245
442 0 120 1 246
446 0 186 1 247
446 0 122 1 248
448 0 211 1 249
447 0 78 1 250
446 0 105 1 251
452 0 117 1 252
447 0 204 1 253
453 0 185 1 254
449 0 219 1 255
448 0 90 1 256
461 0 213 1 257
450 0 102 1 258
457 0 118 1 259
464 0 210 1 260
465 0 205 1 261
466 0 234 1 262
466 0 199 1 263
466 0 193 1 264
453 0 100 1 265
466 0 105 1 266
462 0 87 1 267
443 0 220 1 268
463 0 127 1 269
464 0 238 1 270
457 0 110 1 271
462 0 239 1 272
468 0 125 1 273
479 0 246 1 274
483 0 108 1 275
481 0 241 1 276
308 0 141 1 277
330 0 157 1 278
326 0 180 1 279
290 0 181 1 280
286 0 165 1 281
303 0 150 1 282
321 0 159 1 283
315 0 173 1 284
297 0 174 1 285
297 0 159 1 286
308 0 170 1 287
319 0 166 1 288
316 0 154 1 289
303 0 157 1 290
301 0 167 1 291
-41 0 62 1 292
-35 0 86 1 293
-16 0 68 1 294
1 0 62 1 295
5 0 68 1 296
16 0 68 1 297
21 0 80 1 298
37 0 68 1 299
36 0 84 1 300
39 0 97 1 301
58 0 78 1 302
63 0 81 1 303
68 0 84 1 304
96 0 62 1 305
97 0 68 1 306
108 0 68 1 307
126 0 62 1 308
139 0 68 1 309
149 0 74 1 310
160 0 68 1 311
163 0 76 1 312
169 0 79 1 313
187 0 68 1 314
180 0 84 1 315
204 0 68 1 316
192 0 85 1 317
232 0 62 1 318
240 0 68 1 319
250 0 68 1 320
274 0 62 1 321
281 0 68 1 322
310 0 62 1 323
320 0 79 1 324
334 0 62 1 325
334 0 77 1 326
354 0 68 1 327
363 0 62 1 328
363 0 77 1 329
376 0 68 1 330
371 0 82 1 331
385 0 76 1 332
399 0 68 1 333
391 0 82 1 334
396 0 86 1 335
456 0 80 1 336
459 0 95 1 337
483 0 62 1 338
478 0 90 1 339
491 0 74 1 340
496 0 84 1 341
500 0 80 1 342
496 0 101 1 343
496 0 112 1 344
504 0 106 1 345
496 0 128 1 346
496 0 139 1 347
504 0 136 1 348
496 0 155 1 349
496 0 166 1 350
504 0 166 1 351
496 0 181 1 352
504 0 189 1 353
496 0 198 1 354
496 0 209 1 355
504 0 218 1 356
496 0 225 1 357
496 0 236 1 358
504 0 248 1 359
479 0 254 1 360
443 0 248 1 361
456 0 254 1 362
421 0 248 1 363
432 0 254 1 364
405 0 248 1 365
394 0 248 1 366
402 0 254 1 367
378 0 248 1 368
367 0 248 1 369
372 0 254 1 370
350 0 248 1 371
349 0 254 1 372
331 0 254 1 373
304 0 248 1 374
293 0 248 1 375
301 0 254 1 376
272 0 248 1 377
261 0 248 1 378
271 0 254 1 379
253 0 254 1 380
220 0 248 1 381
229 0 254 1 382
204 0 248 1 383
194 0 248 1 384
201 0 254 1 385
177 0 248 1 386
166 0 248 1 387
171 0 254 1 388
145 0 248 1 389
134 0 248 1 390
141 0 254 1 391
118 0 248 1 392
107 0 248 1 393
111 0 254 1 394
91 0 248 1 395
88 0 254 1 396
70 0 254 1 397
49 0 248 1 398
38 0 248 1 399
40 0 254 1 400
22 0 248 1 401
11 0 248 1 402
10 0 254 1 403
-10 0 248 1 404
-21 0 248 1 405
-35 0 245 1 406
-37 0 253 1 407
-25 0 247 1 408
-22 0 236 1 409
-33 0 226 1 410
-33 0 215 1 411
-41 0 203 1 412
-20 0 195 1 413
-20 0 182 1 414
-33 0 182 1 415
-33 0 173 1 416
-33 0 162 1 417
-33 0 151 1 418
-41 0 151 1 419
-33 0 135 1 420
-23 0 109 1 421
-33 0 118 1 422
-33 0 108 1 423
-33 0 97 1 424
-28 0 80 1 425
-33 0 79 1 426
-41 0 80 1 427
