428
-3 1 175 1 0
21 1 157 1 1
16 1 163 1 2
16 1 175 1 3
86 1 157 1 4
88 1 165 1 5
29 1 179 1 6
25 1 185 1 7
14 1 189 1 8
17 1 198 1 9
-32 1 206 1 10
28 1 155 1 11
98 1 162 1 12
95 1 169 1 13
114 1 151 1 14
96 1 175 1 15
118 1 231 1 16
108 1 153 1 17
113 1 177 1 18
126 1 145 1 19
119 1 219 1 20
108 1 179 1 21
32 1 200 1 22
134 1 144 1 23
128 1 174 1 24
16 1 191 1 25
141 1 144 1 26
58 1 188 1 27
124 1 173 1 28
103 1 182 1 29
124 1 154 1 30
124 1 165 1 31
123 1 181 1 32
133 1 169 1 33
135 1 175 1 34
35 1 190 1 35
144 1 158 1 36
140 1 163 1 37
217 1 157 1 38
209 1 160 1 39
128 1 157 1 40
180 1 231 1 41
199 1 231 1 42
219 1 165 1 43
151 1 146 1 44
209 1 231 1 45
150 1 152 1 46
225 1 155 1 47
222 1 190 1 48
232 1 148 1 49
220 1 173 1 50
239 1 190 1 51
219 1 181 1 52
248 1 190 1 53
253 1 193 1 54
262 1 115 1 55
282 1 193 1 56
292 1 146 1 57
297 1 206 1 58
294 1 139 1 59
301 1 202 1 60
300 1 211 1 61
301 1 146 1 62
313 1 196 1 63
306 1 215 1 64
308 1 183 1 65
314 1 136 1 66
313 1 181 1 67
306 1 202 1 68
319 1 179 1 69
314 1 150 1 70
324 1 176 1 71
314 1 162 1 72
309 1 155 1 73
312 1 202 1 74
-7 0 181 1 75
7 0 191 1 76
7 0 174 1 77
-8 0 193 1 78
2 0 176 1 79
-22 0 198 1 80
21 0 171 1 81
-3 0 157 1 82
9 0 144 1 83
10 0 210 1 84
6 0 106 1 85
5 0 145 1 86
11 0 219 1 87
-10 0 145 1 88
29 0 170 1 89
12 0 152 1 90
26 0 232 1 91
16 0 95 1 92
3 0 149 1 93
-2 0 143 1 94
11 0 157 1 95
26 0 175 1 96
45 0 233 1 97
-1 0 159 1 98
3 0 132 1 99
19 0 124 1 100
35 0 144 1 101
36 0 169 1 102
35 0 109 1 103
37 0 232 1 104
27 0 106 1 105
29 0 160 1 106
19 0 170 1 107
56 0 232 1 108
41 0 95 1 109
0 0 206 1 110
10 0 151 1 111
17 0 204 1 112
48 0 106 1 113
23 0 142 1 114
9 0 202 1 115
34 0 138 1 116
33 0 199 1 117
77 0 108 1 118
38 0 198 1 119
87 0 109 1 120
115 0 200 1 121
97 0 109 1 122
116 0 98 1 123
58 0 189 1 124
116 0 109 1 125
118 0 194 1 126
141 0 99 1 127
49 0 188 1 128
120 0 206 1 129
137 0 109 1 130
121 0 212 1 131
122 0 135 1 132
108 0 150 1 133
41 0 189 1 134
167 0 98 1 135
124 0 190 1 136
167 0 109 1 137
187 0 195 1 138
177 0 109 1 139
203 0 191 1 140
197 0 193 1 141
50 0 189 1 142
188 0 109 1 143
190 0 231 1 144
217 0 98 1 145
215 0 191 1 146
217 0 109 1 147
232 0 190 1 148
226 0 108 1 149
237 0 232 1 150
236 0 109 1 151
265 0 232 1 152
254 0 110 1 153
266 0 100 1 154
275 0 233 1 155
273 0 111 1 156
283 0 110 1 157
285 0 233 1 158
293 0 110 1 159
304 0 233 1 160
303 0 110 1 161
296 0 232 1 162
313 0 110 1 163
315 0 218 1 164
323 0 217 1 165
323 0 110 1 166
321 0 132 1 167
330 0 204 1 168
319 0 140 1 169
322 0 196 1 170
327 0 134 1 171
340 0 195 1 172
344 0 129 1 173
322 0 190 1 174
358 0 173 1 175
334 0 174 1 176
338 0 149 1 177
348 0 176 1 178
327 0 187 1 179
353 0 165 1 180
345 0 157 1 181
332 0 185 1 182
392 0 176 1 183
392 0 163 1 184
395 0 146 1 185
347 0 163 1 186
396 0 199 1 187
395 0 182 1 188
378 0 234 1 189
341 0 133 1 190
416 0 101 1 191
408 0 206 1 192
417 0 194 1 193
397 0 233 1 194
346 0 145 1 195
339 0 158 1 196
344 0 159 1 197
397 0 208 1 198
413 0 111 1 199
371 0 96 1 200
415 0 233 1 201
354 0 127 1 202
423 0 191 1 203
339 0 202 1 204
397 0 153 1 205
335 0 196 1 206
369 0 106 1 207
395 0 97 1 208
337 0 212 1 209
403 0 158 1 210
351 0 146 1 211
404 0 138 1 212
410 0 133 1 213
398 0 161 1 214
405 0 109 1 215
353 0 135 1 216
407 0 234 1 217
350 0 131 1 218
408 0 144 1 219
417 0 144 1 220
353 0 141 1 221
426 0 181 1 222
426 0 233 1 223
379 0 106 1 224
409 0 161 1 225
417 0 159 1 226
420 0 184 1 227
398 0 108 1 228
435 0 233 1 229
439 0 187 1 230
433 0 201 1 231
334 0 143 1 232
442 0 111 1 233
356 0 129 1 234
389 0 106 1 235
425 0 107 1 236
414 0 150 1 237
345 0 198 1 238
419 0 148 1 239
427 0 177 1 240
442 0 211 1 241
424 0 145 1 242
442 0 97 1 243
448 0 211 1 244
401 0 194 1 245
428 0 156 1 246
435 0 180 1 247
434 0 155 1 248
437 0 197 1 249
435 0 106 1 250
432 0 142 1 251
442 0 141 1 252
433 0 189 1 253
442 0 178 1 254
435 0 209 1 255
433 0 125 1 256
457 0 210 1 257
436 0 136 1 258
450 0 140 1 259
462 0 209 1 260
463 0 203 1 261
464 0 233 1 262
463 0 197 1 263
463 0 191 1 264
438 0 139 1 265
463 0 112 1 266
454 0 108 1 267
418 0 204 1 268
452 0 149 1 269
456 0 234 1 270
441 0 151 1 271
447 0 234 1 272
457 0 143 1 273
474 0 245 1 274
482 0 112 1 275
475 0 234 1 276
305 0 145 1 277
326 0 160 1 278
327 0 180 1 279
285 0 182 1 280
285 0 175 1 281
296 0 154 1 282
318 0 161 1 283
312 0 172 1 284
293 0 175 1 285
297 0 161 1 286
305 0 171 1 287
318 0 169 1 288
316 0 155 1 289
301 0 160 1 290
299 0 171 1 291
-59 0 93 1 292
-57 0 138 1 293
-33 0 104 1 294
-10 0 93 1 295
-13 0 104 1 296
-3 0 104 1 297
-3 0 126 1 298
18 0 104 1 299
6 0 134 1 300
2 0 159 1 301
28 0 123 1 302
27 0 129 1 303
28 0 134 1 304
70 0 93 1 305
62 0 104 1 306
72 0 104 1 307
96 0 93 1 308
110 0 104 1 309
120 0 116 1 310
131 0 104 1 311
126 0 120 1 312
127 0 124 1 313
152 0 104 1 314
129 0 133 1 315
164 0 104 1 316
133 0 137 1 317
198 0 93 1 318
203 0 104 1 319
213 0 104 1 320
246 0 93 1 321
250 0 104 1 322
293 0 93 1 323
303 0 125 1 324
318 0 93 1 325
309 0 121 1 326
336 0 104 1 327
345 0 93 1 328
334 0 121 1 329
349 0 104 1 330
331 0 129 1 331
345 0 119 1 332
362 0 104 1 333
339 0 130 1 334
338 0 137 1 335
438 0 126 1 336
436 0 154 1 337
469 0 93 1 338
452 0 145 1 339
476 0 105 1 340
485 0 114 1 341
493 0 97 1 342
485 0 126 1 343
485 0 136 1 344
500 0 116 1 345
485 0 147 1 346
485 0 157 1 347
500 0 143 1 348
485 0 169 1 349
485 0 179 1 350
500 0 169 1 351
485 0 189 1 352
500 0 193 1 353
485 0 201 1 354
485 0 211 1 355
500 0 219 1 356
485 0 222 1 357
485 0 232 1 358
500 0 245 1 359
455 0 247 1 360
396 0 236 1 361
430 0 247 1 362
376 0 236 1 363
405 0 247 1 364
365 0 236 1 365
354 0 236 1 366
379 0 247 1 367
343 0 236 1 368
333 0 236 1 369
352 0 247 1 370
321 0 236 1 371
327 0 247 1 372
304 0 247 1 373
264 0 236 1 374
254 0 236 1 375
278 0 247 1 376
234 0 236 1 377
224 0 236 1 378
251 0 247 1 379
228 0 247 1 380
177 0 236 1 381
204 0 247 1 382
165 0 236 1 383
155 0 236 1 384
178 0 247 1 385
144 0 236 1 386
133 0 236 1 387
151 0 247 1 388
113 0 236 1 389
103 0 236 1 390
125 0 247 1 391
92 0 236 1 392
82 0 236 1 393
99 0 247 1 394
70 0 236 1 395
74 0 247 1 396
50 0 247 1 397
22 0 236 1 398
12 0 236 1 399
24 0 247 1 400
0 0 236 1 401
-10 0 236 1 402
-2 0 247 1 403
-30 0 236 1 404
-40 0 236 1 405
-57 0 231 1 406
-52 0 246 1 407
-29 0 245 1 408
-25 0 233 1 409
-44 0 225 1 410
-44 0 215 1 411
-59 0 202 1 412
-20 0 195 1 413
-20 0 182 1 414
-44 0 192 1 415
-44 0 182 1 416
-44 0 173 1 417
-44 0 162 1 418
-59 0 172 1 419
-44 0 151 1 420
-27 0 112 1 421
-44 0 140 1 422
-44 0 130 1 423
-44 0 119 1 424
-36 0 97 1 425
-44 0 106 1 426
-59 0 117 1 427
