428
-1 1 174 1 0
23 1 156 1 1
18 1 162 1 2
18 1 174 1 3
86 1 157 1 4
88 1 164 1 5
31 1 179 1 6
27 1 185 1 7
16 1 189 1 8
19 1 198 1 9
-28 1 207 1 10
30 1 154 1 11
99 1 162 1 12
96 1 168 1 13
115 1 151 1 14
98 1 175 1 15
119 1 231 1 16
110 1 152 1 17
114 1 177 1 18
127 1 145 1 19
121 1 219 1 20
109 1 179 1 21
36 1 200 1 22
135 1 143 1 23
129 1 174 1 24
20 1 191 1 25
143 1 144 1 26
62 1 189 1 27
125 1 173 1 28
106 1 182 1 29
126 1 154 1 30
126 1 165 1 31
125 1 181 1 32
135 1 169 1 33
137 1 175 1 34
40 1 190 1 35
146 1 157 1 36
143 1 163 1 37
217 1 157 1 38
209 1 161 1 39
131 1 157 1 40
181 1 231 1 41
200 1 231 1 42
219 1 165 1 43
154 1 146 1 44
210 1 231 1 45
152 1 151 1 46
226 1 155 1 47
223 1 191 1 48
232 1 148 1 49
220 1 173 1 50
240 1 191 1 51
220 1 181 1 52
248 1 190 1 53
253 1 194 1 54
262 1 115 1 55
283 1 194 1 56
292 1 146 1 57
297 1 206 1 58
294 1 139 1 59
301 1 202 1 60
300 1 211 1 61
301 1 146 1 62
313 1 196 1 63
306 1 215 1 64
309 1 183 1 65
314 1 135 1 66
314 1 181 1 67
307 1 203 1 68
319 1 178 1 69
315 1 149 1 70
325 1 175 1 71
314 1 161 1 72
310 1 154 1 73
313 1 202 1 74
-7 0 181 1 75
7 0 191 1 76
7 0 174 1 77
-8 0 193 1 78
2 0 175 1 79
-20 0 199 1 80
21 0 171 1 81
-2 0 156 1 82
10 0 143 1 83
11 0 210 1 84
7 0 104 1 85
5 0 143 1 86
11 0 219 1 87
-8 0 142 1 88
29 0 170 1 89
13 0 151 1 90
27 0 232 1 91
16 0 93 1 92
5 0 147 1 93
0 0 141 1 94
12 0 156 1 95
27 0 175 1 96
45 0 233 1 97
0 0 157 1 98
4 0 129 1 99
20 0 123 1 100
36 0 144 1 101
37 0 169 1 102
36 0 108 1 103
38 0 232 1 104
28 0 104 1 105
30 0 159 1 106
20 0 169 1 107
56 0 232 1 108
42 0 94 1 109
2 0 207 1 110
12 0 148 1 111
19 0 204 1 112
49 0 105 1 113
25 0 139 1 114
11 0 202 1 115
36 0 136 1 116
35 0 199 1 117
78 0 107 1 118
41 0 198 1 119
87 0 108 1 120
115 0 200 1 121
97 0 108 1 122
117 0 98 1 123
60 0 189 1 124
117 0 108 1 125
119 0 194 1 126
141 0 98 1 127
53 0 189 1 128
122 0 206 1 129
138 0 108 1 130
123 0 212 1 131
124 0 134 1 132
110 0 148 1 133
45 0 190 1 134
168 0 98 1 135
126 0 190 1 136
168 0 108 1 137
187 0 195 1 138
178 0 108 1 139
204 0 191 1 140
197 0 193 1 141
55 0 190 1 142
189 0 108 1 143
191 0 230 1 144
218 0 98 1 145
215 0 192 1 146
218 0 108 1 147
232 0 191 1 148
227 0 107 1 149
238 0 231 1 150
236 0 108 1 151
265 0 232 1 152
255 0 109 1 153
266 0 100 1 154
275 0 233 1 155
274 0 110 1 156
283 0 110 1 157
285 0 233 1 158
293 0 110 1 159
304 0 233 1 160
303 0 110 1 161
297 0 232 1 162
313 0 110 1 163
315 0 218 1 164
323 0 217 1 165
324 0 110 1 166
321 0 131 1 167
331 0 205 1 168
320 0 139 1 169
322 0 196 1 170
328 0 133 1 171
341 0 195 1 172
344 0 128 1 173
323 0 190 1 174
358 0 172 1 175
335 0 174 1 176
339 0 148 1 177
349 0 176 1 178
329 0 187 1 179
353 0 165 1 180
346 0 156 1 181
333 0 185 1 182
392 0 176 1 183
392 0 162 1 184
395 0 145 1 185
348 0 161 1 186
396 0 200 1 187
396 0 182 1 188
380 0 234 1 189
343 0 131 1 190
416 0 101 1 191
408 0 206 1 192
417 0 194 1 193
397 0 234 1 194
348 0 143 1 195
341 0 156 1 196
347 0 157 1 197
397 0 208 1 198
413 0 111 1 199
373 0 94 1 200
415 0 233 1 201
356 0 125 1 202
423 0 191 1 203
341 0 203 1 204
398 0 151 1 205
338 0 197 1 206
371 0 105 1 207
396 0 96 1 208
340 0 213 1 209
404 0 156 1 210
353 0 144 1 211
405 0 136 1 212
410 0 132 1 213
399 0 159 1 214
406 0 108 1 215
355 0 133 1 216
408 0 234 1 217
352 0 129 1 218
408 0 143 1 219
418 0 143 1 220
355 0 138 1 221
427 0 182 1 222
426 0 233 1 223
381 0 105 1 224
410 0 159 1 225
418 0 157 1 226
420 0 185 1 227
399 0 106 1 228
435 0 233 1 229
439 0 188 1 230
434 0 202 1 231
337 0 140 1 232
443 0 110 1 233
359 0 126 1 234
391 0 105 1 235
426 0 106 1 236
415 0 148 1 237
348 0 199 1 238
420 0 145 1 239
427 0 177 1 240
442 0 211 1 241
425 0 143 1 242
443 0 96 1 243
448 0 211 1 244
402 0 195 1 245
429 0 154 1 246
436 0 180 1 247
435 0 153 1 248
438 0 198 1 249
436 0 104 1 250
433 0 139 1 251
443 0 139 1 252
434 0 190 1 253
443 0 178 1 254
436 0 210 1 255
434 0 123 1 256
457 0 210 1 257
437 0 134 1 258
450 0 138 1 259
462 0 209 1 260
463 0 203 1 261
464 0 233 1 262
463 0 197 1 263
463 0 191 1 264
439 0 136 1 265
463 0 111 1 266
454 0 106 1 267
420 0 205 1 268
453 0 148 1 269
456 0 234 1 270
442 0 149 1 271
448 0 234 1 272
458 0 142 1 273
475 0 245 1 274
482 0 112 1 275
476 0 235 1 276
305 0 145 1 277
326 0 160 1 278
327 0 180 1 279
285 0 182 1 280
285 0 174 1 281
297 0 153 1 282
318 0 161 1 283
312 0 172 1 284
293 0 175 1 285
297 0 161 1 286
305 0 171 1 287
318 0 169 1 288
316 0 155 1 289
301 0 160 1 290
299 0 170 1 291
-57 0 91 1 292
-56 0 135 1 293
-32 0 101 1 294
-9 0 91 1 295
-12 0 101 1 296
-1 0 101 1 297
-2 0 123 1 298
19 0 101 1 299
8 0 131 1 300
4 0 155 1 301
30 0 120 1 302
29 0 126 1 303
30 0 131 1 304
72 0 91 1 305
64 0 101 1 306
74 0 101 1 307
98 0 91 1 308
112 0 101 1 309
121 0 113 1 310
132 0 101 1 311
128 0 117 1 312
129 0 121 1 313
154 0 101 1 314
133 0 130 1 315
166 0 101 1 316
137 0 133 1 317
201 0 91 1 318
205 0 101 1 319
215 0 101 1 320
248 0 91 1 321
252 0 101 1 322
295 0 91 1 323
304 0 122 1 324
319 0 91 1 325
311 0 119 1 326
337 0 101 1 327
346 0 91 1 328
336 0 118 1 329
351 0 101 1 330
333 0 126 1 331
348 0 116 1 332
364 0 101 1 333
342 0 127 1 334
342 0 134 1 335
439 0 123 1 336
437 0 151 1 337
470 0 91 1 338
453 0 141 1 339
477 0 103 1 340
486 0 112 1 341
493 0 96 1 342
486 0 124 1 343
486 0 134 1 344
500 0 116 1 345
486 0 146 1 346
486 0 156 1 347
500 0 142 1 348
486 0 168 1 349
486 0 178 1 350
500 0 169 1 351
486 0 189 1 352
500 0 193 1 353
486 0 201 1 354
486 0 211 1 355
500 0 219 1 356
486 0 222 1 357
486 0 233 1 358
500 0 245 1 359
456 0 247 1 360
399 0 237 1 361
431 0 247 1 362
379 0 237 1 363
407 0 247 1 364
367 0 237 1 365
357 0 237 1 366
380 0 247 1 367
345 0 237 1 368
335 0 237 1 369
354 0 247 1 370
323 0 237 1 371
329 0 247 1 372
305 0 247 1 373
267 0 237 1 374
257 0 237 1 375
279 0 247 1 376
236 0 237 1 377
226 0 237 1 378
253 0 247 1 379
229 0 247 1 380
179 0 237 1 381
205 0 247 1 382
168 0 237 1 383
157 0 237 1 384
179 0 247 1 385
146 0 237 1 386
136 0 237 1 387
153 0 247 1 388
115 0 237 1 389
105 0 237 1 390
126 0 247 1 391
93 0 237 1 392
83 0 237 1 393
100 0 247 1 394
71 0 237 1 395
75 0 247 1 396
51 0 247 1 397
24 0 237 1 398
13 0 237 1 399
25 0 247 1 400
2 0 237 1 401
-8 0 237 1 402
-1 0 247 1 403
-29 0 237 1 404
-39 0 237 1 405
-56 0 232 1 406
-51 0 247 1 407
-29 0 245 1 408
-25 0 233 1 409
-44 0 225 1 410
-44 0 215 1 411
-57 0 202 1 412
-20 0 195 1 413
-20 0 182 1 414
-44 0 191 1 415
-44 0 181 1 416
-44 0 172 1 417
-44 0 162 1 418
-57 0 170 1 419
-44 0 150 1 420
-26 0 112 1 421
-44 0 138 1 422
-44 0 128 1 423
-44 0 118 1 424
-36 0 96 1 425
-44 0 105 1 426
-57 0 114 1 427
