428
11 2 167 1 0
32 2 151 1 1
30 2 156 1 2
31 2 167 1 3
87 2 155 1 4
89 2 163 1 5
41 2 178 1 6
38 2 185 1 7
29 2 190 1 8
32 2 200 1 9
-8 2 209 1 10
41 2 149 1 11
105 2 159 1 12
103 2 166 1 13
119 2 148 1 14
105 2 174 1 15
123 2 230 1 16
116 2 147 1 17
120 2 177 1 18
132 2 141 1 19
127 2 219 1 20
118 2 179 1 21
58 2 203 1 22
141 2 139 1 23
137 2 174 1 24
47 2 194 1 25
149 2 141 1 26
82 2 191 1 27
136 2 172 1 28
119 2 183 1 29
136 2 151 1 30
137 2 162 1 31
136 2 181 1 32
144 2 167 1 33
146 2 174 1 34
70 2 194 1 35
159 2 153 1 36
156 2 160 1 37
218 2 157 1 38
212 2 162 1 39
146 2 151 1 40
189 2 229 1 41
205 2 230 1 42
221 2 165 1 43
168 2 142 1 44
215 2 230 1 45
168 2 146 1 46
230 2 156 1 47
228 2 196 1 48
236 2 143 1 49
227 2 172 1 50
244 2 194 1 51
227 2 180 1 52
251 2 190 1 53
255 2 195 1 54
263 2 116 1 55
285 2 198 1 56
293 2 144 1 57
298 2 206 1 58
296 2 137 1 59
302 2 202 1 60
302 2 212 1 61
303 2 141 1 62
313 2 196 1 63
308 2 215 1 64
311 2 184 1 65
316 2 133 1 66
316 2 181 1 67
311 2 205 1 68
321 2 177 1 69
319 2 145 1 70
327 2 173 1 71
319 2 159 1 72
315 2 151 1 73
318 2 205 1 74
-6 0 181 1 75
7 0 191 1 76
7 0 174 1 77
-4 0 194 1 78
5 0 174 1 79
-13 0 200 1 80
22 0 170 1 81
3 0 146 1 82
14 0 137 1 83
14 0 211 1 84
12 0 95 1 85
11 0 135 1 86
16 0 219 1 87
-1 0 128 1 88
30 0 169 1 89
17 0 145 1 90
29 0 232 1 91
21 0 85 1 92
11 0 137 1 93
7 0 127 1 94
18 0 150 1 95
30 0 173 1 96
46 0 233 1 97
9 0 143 1 98
12 0 115 1 99
25 0 113 1 100
39 0 142 1 101
40 0 167 1 102
40 0 101 1 103
41 0 231 1 104
33 0 95 1 105
35 0 156 1 106
27 0 166 1 107
58 0 231 1 108
47 0 86 1 109
15 0 209 1 110
23 0 131 1 111
30 0 206 1 112
56 0 96 1 113
37 0 125 1 114
26 0 204 1 115
47 0 124 1 116
47 0 201 1 117
84 0 101 1 118
54 0 199 1 119
93 0 102 1 120
117 0 200 1 121
103 0 103 1 122
120 0 94 1 123
73 0 191 1 124
122 0 103 1 125
124 0 195 1 126
144 0 94 1 127
70 0 191 1 128
129 0 206 1 129
143 0 103 1 130
132 0 212 1 131
133 0 124 1 132
123 0 136 1 133
69 0 193 1 134
172 0 94 1 135
138 0 193 1 136
175 0 103 1 137
190 0 196 1 138
185 0 103 1 139
206 0 192 1 140
201 0 195 1 141
84 0 194 1 142
195 0 103 1 143
199 0 228 1 144
220 0 94 1 145
220 0 196 1 146
222 0 102 1 147
237 0 196 1 148
232 0 101 1 149
243 0 230 1 150
242 0 103 1 151
266 0 232 1 152
258 0 104 1 153
268 0 98 1 154
277 0 234 1 155
276 0 106 1 156
285 0 106 1 157
287 0 234 1 158
295 0 106 1 159
305 0 233 1 160
305 0 106 1 161
300 0 232 1 162
315 0 106 1 163
317 0 219 1 164
325 0 217 1 165
326 0 105 1 166
325 0 122 1 167
333 0 206 1 168
325 0 130 1 169
328 0 198 1 170
333 0 127 1 171
345 0 196 1 172
348 0 124 1 173
332 0 191 1 174
361 0 171 1 175
342 0 171 1 176
346 0 142 1 177
354 0 176 1 178
338 0 188 1 179
359 0 162 1 180
353 0 150 1 181
343 0 186 1 182
392 0 177 1 183
392 0 158 1 184
395 0 143 1 185
356 0 155 1 186
399 0 202 1 187
400 0 183 1 188
386 0 236 1 189
356 0 120 1 190
416 0 100 1 191
410 0 208 1 192
418 0 194 1 193
401 0 235 1 194
361 0 132 1 195
355 0 144 1 196
359 0 145 1 197
402 0 210 1 198
415 0 108 1 199
382 0 87 1 200
417 0 234 1 201
368 0 115 1 202
423 0 192 1 203
356 0 208 1 204
403 0 141 1 205
354 0 202 1 206
381 0 96 1 207
402 0 91 1 208
355 0 218 1 209
409 0 146 1 210
367 0 132 1 211
410 0 127 1 212
414 0 124 1 213
405 0 148 1 214
411 0 103 1 215
369 0 121 1 216
413 0 235 1 217
366 0 116 1 218
414 0 132 1 219
422 0 134 1 220
370 0 126 1 221
429 0 184 1 222
429 0 234 1 223
392 0 96 1 224
415 0 145 1 225
422 0 146 1 226
424 0 189 1 227
407 0 99 1 228
437 0 234 1 229
440 0 189 1 230
436 0 204 1 231
356 0 124 1 232
444 0 107 1 233
374 0 113 1 234
401 0 96 1 235
430 0 97 1 236
421 0 134 1 237
365 0 205 1 238
425 0 132 1 239
432 0 180 1 240
444 0 212 1 241
430 0 132 1 242
445 0 91 1 243
449 0 213 1 244
411 0 201 1 245
434 0 141 1 246
440 0 182 1 247
439 0 141 1 248
442 0 203 1 249
440 0 94 1 250
438 0 126 1 251
446 0 131 1 252
439 0 195 1 253
447 0 180 1 254
441 0 213 1 255
439 0 110 1 256
458 0 211 1 257
442 0 122 1 258
453 0 131 1 259
463 0 209 1 260
464 0 204 1 261
465 0 233 1 262
464 0 198 1 263
464 0 192 1 264
444 0 122 1 265
464 0 109 1 266
457 0 99 1 267
428 0 210 1 268
457 0 140 1 269
459 0 235 1 270
448 0 134 1 271
453 0 236 1 272
462 0 136 1 273
476 0 245 1 274
482 0 110 1 275
478 0 237 1 276
306 0 144 1 277
327 0 159 1 278
327 0 180 1 279
287 0 182 1 280
285 0 171 1 281
299 0 152 1 282
319 0 160 1 283
313 0 172 1 284
295 0 175 1 285
297 0 160 1 286
306 0 171 1 287
318 0 168 1 288
316 0 155 1 289
302 0 159 1 290
300 0 169 1 291
-51 0 80 1 292
-48 0 116 1 293
-26 0 89 1 294
-5 0 80 1 295
-5 0 89 1 296
5 0 89 1 297
7 0 107 1 298
26 0 89 1 299
18 0 113 1 300
17 0 133 1 301
40 0 105 1 302
42 0 109 1 303
44 0 113 1 304
81 0 80 1 305
77 0 89 1 306
87 0 89 1 307
109 0 80 1 308
122 0 89 1 309
132 0 99 1 310
143 0 89 1 311
141 0 102 1 312
144 0 105 1 313
167 0 89 1 314
151 0 112 1 315
180 0 89 1 316
158 0 115 1 317
213 0 80 1 318
219 0 89 1 319
228 0 89 1 320
258 0 80 1 321
263 0 89 1 322
300 0 80 1 323
310 0 106 1 324
325 0 80 1 325
320 0 103 1 326
344 0 89 1 327
352 0 80 1 328
346 0 102 1 329
360 0 89 1 330
348 0 110 1 331
362 0 101 1 332
377 0 89 1 333
361 0 110 1 334
363 0 116 1 335
445 0 107 1 336
446 0 130 1 337
475 0 80 1 338
463 0 122 1 339
482 0 92 1 340
490 0 102 1 341
496 0 90 1 342
490 0 115 1 343
490 0 126 1 344
501 0 112 1 345
490 0 139 1 346
490 0 150 1 347
501 0 140 1 348
490 0 163 1 349
490 0 174 1 350
501 0 168 1 351
490 0 186 1 352
501 0 191 1 353
490 0 200 1 354
490 0 210 1 355
501 0 219 1 356
490 0 224 1 357
490 0 234 1 358
501 0 246 1 359
465 0 250 1 360
416 0 241 1 361
441 0 250 1 362
395 0 241 1 363
416 0 250 1 364
381 0 241 1 365
371 0 241 1 366
388 0 250 1 367
357 0 241 1 368
347 0 241 1 369
361 0 250 1 370
333 0 241 1 371
336 0 250 1 372
315 0 250 1 373
281 0 241 1 374
270 0 241 1 375
287 0 250 1 376
250 0 241 1 377
239 0 241 1 378
260 0 250 1 379
238 0 250 1 380
195 0 241 1 381
215 0 250 1 382
181 0 241 1 383
171 0 241 1 384
187 0 250 1 385
158 0 241 1 386
147 0 241 1 387
159 0 250 1 388
126 0 241 1 389
116 0 241 1 390
132 0 250 1 391
103 0 241 1 392
92 0 241 1 393
104 0 250 1 394
79 0 241 1 395
80 0 250 1 396
58 0 250 1 397
33 0 241 1 398
23 0 241 1 399
31 0 250 1 400
9 0 241 1 401
-1 0 241 1 402
3 0 250 1 403
-22 0 241 1 404
-32 0 241 1 405
-48 0 237 1 406
-46 0 249 1 407
-28 0 246 1 408
-24 0 234 1 409
-40 0 225 1 410
-40 0 215 1 411
-51 0 202 1 412
-20 0 195 1 413
-20 0 182 1 414
-40 0 188 1 415
-40 0 179 1 416
-40 0 168 1 417
-40 0 158 1 418
-51 0 163 1 419
-40 0 144 1 420
-25 0 111 1 421
-40 0 131 1 422
-40 0 120 1 423
-40 0 110 1 424
-33 0 90 1 425
-40 0 95 1 426
-51 0 101 1 427
