428
33 5 154 1 0
51 5 143 1 1
52 5 144 1 2
55 5 154 1 3
89 5 151 1 4
91 5 161 1 5
61 5 176 1 6
59 5 185 1 7
53 5 193 1 8
55 5 204 1 9
31 5 214 1 10
62 5 138 1 11
118 5 153 1 12
117 5 162 1 13
127 5 142 1 14
119 5 172 1 15
132 5 227 1 16
128 5 139 1 17
132 5 177 1 18
142 5 133 1 19
139 5 219 1 20
135 5 179 1 21
100 5 207 1 22
152 5 132 1 23
152 5 174 1 24
96 5 200 1 25
161 5 135 1 26
120 5 195 1 27
155 5 169 1 28
145 5 186 1 29
156 5 145 1 30
158 5 156 1 31
157 5 181 1 32
163 5 163 1 33
164 5 173 1 34
126 5 201 1 35
184 5 147 1 36
182 5 154 1 37
220 5 157 1 38
216 5 164 1 39
176 5 142 1 40
203 5 226 1 41
216 5 227 1 42
227 5 164 1 43
194 5 135 1 44
225 5 228 1 45
198 5 137 1 46
236 5 159 1 47
238 5 204 1 48
243 5 135 1 49
238 5 171 1 50
250 5 201 1 51
241 5 180 1 52
256 5 190 1 53
259 5 197 1 54
264 5 118 1 55
289 5 205 1 56
294 5 140 1 57
300 5 207 1 58
299 5 133 1 59
305 5 202 1 60
305 5 214 1 61
307 5 133 1 62
314 5 195 1 63
312 5 216 1 64
315 5 185 1 65
319 5 128 1 66
320 5 180 1 67
318 5 210 1 68
325 5 175 1 69
325 5 138 1 70
331 5 168 1 71
327 5 155 1 72
325 5 145 1 73
326 5 210 1 74
-4 0 181 1 75
7 0 191 1 76
8 0 174 1 77
4 0 195 1 78
9 0 172 1 79
1 0 202 1 80
24 0 169 1 81
14 0 128 1 82
20 0 126 1 83
21 0 212 1 84
20 0 76 1 85
20 0 118 1 86
24 0 220 1 87
14 0 100 1 88
33 0 168 1 89
25 0 134 1 90
33 0 231 1 91
29 0 68 1 92
23 0 117 1 93
22 0 102 1 94
29 0 139 1 95
37 0 169 1 96
47 0 233 1 97
25 0 118 1 98
28 0 88 1 99
36 0 95 1 100
46 0 138 1 101
46 0 164 1 102
46 0 90 1 103
47 0 230 1 104
44 0 77 1 105
46 0 150 1 106
41 0 160 1 107
61 0 229 1 108
56 0 72 1 109
39 0 214 1 110
45 0 99 1 111
52 0 210 1 112
69 0 79 1 113
61 0 99 1 114
53 0 207 1 115
69 0 100 1 116
70 0 204 1 117
95 0 88 1 118
78 0 201 1 119
102 0 91 1 120
121 0 201 1 121
112 0 92 1 122
127 0 86 1 123
98 0 194 1 124
131 0 92 1 125
134 0 197 1 126
148 0 87 1 127
104 0 196 1 128
144 0 207 1 129
153 0 92 1 130
148 0 212 1 131
150 0 107 1 132
147 0 114 1 133
113 0 200 1 134
181 0 87 1 135
160 0 197 1 136
186 0 92 1 137
196 0 198 1 138
196 0 93 1 139
210 0 194 1 140
209 0 199 1 141
137 0 201 1 142
207 0 93 1 143
212 0 224 1 144
227 0 87 1 145
229 0 204 1 146
233 0 90 1 147
245 0 204 1 148
243 0 88 1 149
251 0 228 1 150
251 0 92 1 151
269 0 232 1 152
264 0 95 1 153
272 0 94 1 154
280 0 236 1 155
280 0 100 1 156
289 0 99 1 157
291 0 235 1 158
298 0 99 1 159
306 0 233 1 160
308 0 99 1 161
306 0 231 1 162
319 0 99 1 163
321 0 220 1 164
329 0 217 1 165
330 0 97 1 166
333 0 107 1 167
338 0 208 1 168
336 0 115 1 169
337 0 201 1 170
343 0 116 1 171
352 0 197 1 172
356 0 117 1 173
347 0 192 1 174
367 0 169 1 175
356 0 166 1 176
359 0 131 1 177
365 0 175 1 178
354 0 190 1 179
368 0 158 1 180
366 0 138 1 181
360 0 187 1 182
391 0 178 1 183
391 0 152 1 184
395 0 139 1 185
372 0 143 1 186
405 0 206 1 187
406 0 186 1 188
398 0 239 1 189
380 0 98 1 190
417 0 99 1 191
413 0 211 1 192
419 0 194 1 193
409 0 237 1 194
384 0 112 1 195
381 0 120 1 196
383 0 123 1 197
410 0 214 1 198
418 0 102 1 199
398 0 73 1 200
420 0 235 1 201
390 0 95 1 202
424 0 194 1 203
383 0 217 1 204
413 0 123 1 205
383 0 212 1 206
400 0 79 1 207
413 0 80 1 208
384 0 227 1 209
418 0 126 1 210
393 0 108 1 211
419 0 109 1 212
422 0 109 1 213
416 0 126 1 214
420 0 92 1 215
395 0 99 1 216
422 0 237 1 217
393 0 91 1 218
423 0 113 1 219
428 0 118 1 220
397 0 102 1 221
434 0 188 1 222
433 0 236 1 223
411 0 79 1 224
426 0 120 1 225
431 0 125 1 226
432 0 197 1 227
422 0 85 1 228
441 0 235 1 229
443 0 191 1 230
441 0 208 1 231
392 0 92 1 232
446 0 101 1 233
403 0 87 1 234
420 0 79 1 235
438 0 82 1 236
433 0 107 1 237
398 0 216 1 238
436 0 108 1 239
440 0 185 1 240
447 0 214 1 241
440 0 110 1 242
449 0 80 1 243
452 0 217 1 244
428 0 212 1 245
443 0 117 1 246
447 0 187 1 247
447 0 120 1 248
449 0 212 1 249
448 0 75 1 250
447 0 102 1 251
453 0 115 1 252
448 0 205 1 253
453 0 186 1 254
450 0 220 1 255
449 0 87 1 256
461 0 213 1 257
451 0 99 1 258
458 0 116 1 259
464 0 210 1 260
465 0 205 1 261
466 0 234 1 262
466 0 199 1 263
466 0 193 1 264
454 0 96 1 265
466 0 104 1 266
463 0 85 1 267
445 0 221 1 268
463 0 125 1 269
465 0 238 1 270
459 0 107 1 271
463 0 240 1 272
468 0 124 1 273
479 0 246 1 274
483 0 107 1 275
482 0 241 1 276
308 0 141 1 277
330 0 157 1 278
326 0 180 1 279
291 0 181 1 280
286 0 164 1 281
304 0 150 1 282
321 0 159 1 283
315 0 173 1 284
298 0 174 1 285
297 0 159 1 286
308 0 170 1 287
319 0 166 1 288
316 0 154 1 289
303 0 157 1 290
301 0 167 1 291
-39 0 59 1 292
-33 0 82 1 293
-15 0 65 1 294
2 0 59 1 295
6 0 65 1 296
17 0 65 1 297
22 0 76 1 298
39 0 65 1 299
38 0 80 1 300
42 0 92 1 301
60 0 75 1 302
66 0 77 1 303
72 0 80 1 304
98 0 59 1 305
100 0 65 1 306
111 0 65 1 307
128 0 59 1 308
141 0 65 1 309
151 0 71 1 310
163 0 65 1 311
166 0 73 1 312
172 0 75 1 313
190 0 65 1 314
184 0 79 1 315
207 0 65 1 316
197 0 81 1 317
235 0 59 1 318
243 0 65 1 319
253 0 65 1 320
276 0 59 1 321
284 0 65 1 322
311 0 59 1 323
322 0 75 1 324
335 0 59 1 325
336 0 74 1 326
355 0 65 1 327
365 0 59 1 328
365 0 73 1 329
378 0 65 1 330
375 0 78 1 331
388 0 72 1 332
402 0 65 1 333
396 0 78 1 334
401 0 82 1 335
457 0 76 1 336
461 0 90 1 337
484 0 59 1 338
480 0 86 1 339
492 0 72 1 340
497 0 82 1 341
501 0 79 1 342
497 0 99 1 343
497 0 110 1 344
504 0 105 1 345
497 0 126 1 346
497 0 137 1 347
504 0 135 1 348
497 0 154 1 349
497 0 165 1 350
504 0 165 1 351
497 0 181 1 352
504 0 188 1 353
497 0 198 1 354
497 0 209 1 355
504 0 218 1 356
497 0 225 1 357
497 0 236 1 358
504 0 248 1 359
482 0 254 1 360
447 0 249 1 361
458 0 254 1 362
425 0 249 1 363
434 0 254 1 364
408 0 249 1 365
397 0 249 1 366
404 0 254 1 367
380 0 249 1 368
370 0 249 1 369
374 0 254 1 370
353 0 249 1 371
350 0 254 1 372
333 0 254 1 373
307 0 249 1 374
297 0 249 1 375
303 0 254 1 376
275 0 249 1 377
264 0 249 1 378
273 0 254 1 379
255 0 254 1 380
223 0 249 1 381
231 0 254 1 382
207 0 249 1 383
197 0 249 1 384
202 0 254 1 385
180 0 249 1 386
169 0 249 1 387
172 0 254 1 388
148 0 249 1 389
137 0 249 1 390
142 0 254 1 391
120 0 249 1 392
109 0 249 1 393
112 0 254 1 394
92 0 249 1 395
89 0 254 1 396
71 0 254 1 397
51 0 249 1 398
41 0 249 1 399
41 0 254 1 400
24 0 249 1 401
13 0 249 1 402
11 0 254 1 403
-9 0 249 1 404
-19 0 249 1 405
-33 0 247 1 406
-36 0 254 1 407
-25 0 248 1 408
-22 0 236 1 409
-32 0 226 1 410
-32 0 215 1 411
-39 0 203 1 412
-20 0 195 1 413
-20 0 182 1 414
-32 0 182 1 415
-32 0 172 1 416
-32 0 161 1 417
-32 0 150 1 418
-39 0 149 1 419
-32 0 133 1 420
-23 0 108 1 421
-32 0 117 1 422
-32 0 106 1 423
-32 0 95 1 424
-28 0 78 1 425
-32 0 77 1 426
-39 0 77 1 427
