428
18 3 163 1 0
39 3 149 1 1
37 3 152 1 2
39 3 163 1 3
88 3 153 1 4
90 3 163 1 5
48 3 177 1 6
45 3 185 1 7
37 3 191 1 8
40 3 201 1 9
5 3 211 1 10
48 3 145 1 11
110 3 157 1 12
108 3 165 1 13
122 3 146 1 14
110 3 173 1 15
126 3 229 1 16
120 3 145 1 17
124 3 177 1 18
136 3 138 1 19
131 3 219 1 20
124 3 179 1 21
72 3 204 1 22
144 3 137 1 23
142 3 174 1 24
63 3 196 1 25
153 3 139 1 26
95 3 192 1 27
142 3 171 1 28
128 3 184 1 29
143 3 149 1 30
144 3 160 1 31
143 3 181 1 32
151 3 166 1 33
152 3 174 1 34
88 3 197 1 35
167 3 151 1 36
165 3 158 1 37
219 3 157 1 38
213 3 162 1 39
157 3 148 1 40
194 3 228 1 41
209 3 229 1 42
223 3 164 1 43
177 3 139 1 44
219 3 229 1 45
178 3 143 1 46
232 3 157 1 47
232 3 198 1 48
239 3 141 1 49
231 3 172 1 50
246 3 196 1 51
232 3 180 1 52
253 3 190 1 53
256 3 195 1 54
263 3 117 1 55
286 3 200 1 56
293 3 142 1 57
299 3 207 1 58
297 3 135 1 59
303 3 202 1 60
303 3 213 1 61
304 3 139 1 62
314 3 195 1 63
310 3 216 1 64
312 3 184 1 65
317 3 131 1 66
317 3 180 1 67
313 3 207 1 68
323 3 177 1 69
321 3 143 1 70
328 3 171 1 71
321 3 158 1 72
319 3 149 1 73
320 3 207 1 74
-5 0 181 1 75
7 0 191 1 76
7 0 174 1 77
-1 0 194 1 78
6 0 174 1 79
-8 0 200 1 80
23 0 170 1 81
7 0 140 1 82
16 0 133 1 83
16 0 211 1 84
14 0 88 1 85
14 0 129 1 86
18 0 220 1 87
4 0 118 1 88
31 0 169 1 89
20 0 141 1 90
30 0 231 1 91
24 0 79 1 92
15 0 130 1 93
12 0 119 1 94
21 0 147 1 95
32 0 172 1 96
46 0 233 1 97
14 0 135 1 98
17 0 106 1 99
29 0 107 1 100
41 0 140 1 101
42 0 166 1 102
42 0 97 1 103
43 0 231 1 104
37 0 89 1 105
39 0 154 1 106
32 0 164 1 107
59 0 230 1 108
50 0 81 1 109
23 0 211 1 110
31 0 120 1 111
38 0 207 1 112
60 0 90 1 113
45 0 116 1 114
35 0 205 1 115
55 0 116 1 116
55 0 202 1 117
87 0 96 1 118
62 0 200 1 119
96 0 99 1 120
119 0 200 1 121
106 0 99 1 122
122 0 91 1 123
81 0 192 1 124
125 0 99 1 125
128 0 196 1 126
145 0 92 1 127
82 0 193 1 128
134 0 207 1 129
146 0 99 1 130
137 0 212 1 131
139 0 119 1 132
131 0 129 1 133
84 0 195 1 134
175 0 91 1 135
145 0 194 1 136
179 0 99 1 137
192 0 197 1 138
189 0 100 1 139
207 0 193 1 140
204 0 196 1 141
102 0 196 1 142
199 0 100 1 143
203 0 227 1 144
222 0 91 1 145
223 0 199 1 146
226 0 98 1 147
239 0 198 1 148
236 0 96 1 149
245 0 230 1 150
245 0 99 1 151
267 0 232 1 152
260 0 101 1 153
270 0 96 1 154
278 0 235 1 155
277 0 104 1 156
287 0 103 1 157
289 0 234 1 158
296 0 103 1 159
305 0 233 1 160
306 0 103 1 161
302 0 231 1 162
316 0 103 1 163
318 0 219 1 164
327 0 217 1 165
327 0 103 1 166
328 0 117 1 167
335 0 206 1 168
329 0 125 1 169
331 0 199 1 170
337 0 124 1 171
347 0 196 1 172
351 0 122 1 173
337 0 191 1 174
363 0 171 1 175
347 0 169 1 176
350 0 138 1 177
358 0 175 1 178
343 0 189 1 179
362 0 161 1 180
357 0 146 1 181
348 0 186 1 182
391 0 177 1 183
392 0 156 1 184
395 0 142 1 185
361 0 151 1 186
401 0 203 1 187
402 0 184 1 188
390 0 237 1 189
364 0 112 1 190
416 0 100 1 191
411 0 209 1 192
418 0 194 1 193
404 0 235 1 194
369 0 126 1 195
364 0 136 1 196
367 0 138 1 197
404 0 211 1 198
416 0 106 1 199
387 0 82 1 200
418 0 234 1 201
375 0 108 1 202
424 0 193 1 203
365 0 211 1 204
407 0 135 1 205
363 0 206 1 206
388 0 90 1 207
405 0 87 1 208
365 0 221 1 209
412 0 139 1 210
376 0 124 1 211
413 0 121 1 212
417 0 119 1 213
409 0 140 1 214
414 0 99 1 215
378 0 114 1 216
416 0 236 1 217
375 0 108 1 218
417 0 126 1 219
424 0 129 1 220
379 0 118 1 221
431 0 185 1 222
430 0 235 1 223
398 0 90 1 224
419 0 137 1 225
425 0 139 1 226
427 0 192 1 227
412 0 94 1 228
438 0 234 1 229
441 0 189 1 230
438 0 205 1 231
368 0 113 1 232
444 0 105 1 233
384 0 104 1 234
407 0 90 1 235
433 0 92 1 236
425 0 125 1 237
376 0 209 1 238
429 0 124 1 239
434 0 181 1 240
445 0 213 1 241
434 0 124 1 242
446 0 87 1 243
450 0 214 1 244
417 0 205 1 245
437 0 133 1 246
442 0 184 1 247
442 0 134 1 248
444 0 206 1 249
443 0 88 1 250
441 0 118 1 251
448 0 125 1 252
442 0 198 1 253
449 0 182 1 254
444 0 215 1 255
442 0 102 1 256
459 0 212 1 257
445 0 115 1 258
455 0 126 1 259
463 0 210 1 260
464 0 204 1 261
465 0 233 1 262
465 0 198 1 263
465 0 192 1 264
447 0 114 1 265
465 0 107 1 266
459 0 94 1 267
434 0 214 1 268
459 0 135 1 269
461 0 236 1 270
451 0 125 1 271
457 0 237 1 272
464 0 132 1 273
477 0 246 1 274
483 0 109 1 275
479 0 238 1 276
307 0 143 1 277
328 0 158 1 278
327 0 180 1 279
288 0 181 1 280
286 0 169 1 281
301 0 152 1 282
320 0 160 1 283
314 0 172 1 284
296 0 175 1 285
297 0 160 1 286
307 0 171 1 287
318 0 167 1 288
316 0 155 1 289
302 0 158 1 290
300 0 169 1 291
-47 0 73 1 292
-43 0 105 1 293
-22 0 81 1 294
-3 0 73 1 295
-1 0 81 1 296
9 0 81 1 297
12 0 96 1 298
30 0 81 1 299
25 0 102 1 300
25 0 120 1 301
47 0 94 1 302
50 0 98 1 303
54 0 102 1 304
87 0 73 1 305
85 0 81 1 306
95 0 81 1 307
115 0 73 1 308
129 0 81 1 309
138 0 89 1 310
149 0 81 1 311
149 0 92 1 312
154 0 95 1 313
175 0 81 1 314
162 0 101 1 315
189 0 81 1 316
171 0 104 1 317
220 0 73 1 318
226 0 81 1 319
237 0 81 1 320
264 0 73 1 321
270 0 81 1 322
304 0 73 1 323
314 0 96 1 324
328 0 73 1 325
325 0 93 1 326
347 0 81 1 327
357 0 73 1 328
353 0 93 1 329
366 0 81 1 330
357 0 99 1 331
370 0 91 1 332
385 0 81 1 333
373 0 99 1 334
376 0 104 1 335
449 0 96 1 336
451 0 116 1 337
478 0 73 1 338
468 0 110 1 339
485 0 85 1 340
492 0 95 1 341
498 0 86 1 342
492 0 110 1 343
492 0 120 1 344
502 0 110 1 345
492 0 135 1 346
492 0 145 1 347
502 0 138 1 348
492 0 160 1 349
492 0 171 1 350
502 0 167 1 351
492 0 184 1 352
502 0 190 1 353
492 0 199 1 354
492 0 209 1 355
502 0 219 1 356
492 0 224 1 357
492 0 235 1 358
502 0 247 1 359
471 0 251 1 360
426 0 244 1 361
446 0 251 1 362
405 0 244 1 363
422 0 251 1 364
390 0 244 1 365
380 0 244 1 366
394 0 251 1 367
365 0 244 1 368
355 0 244 1 369
365 0 251 1 370
340 0 244 1 371
341 0 251 1 372
321 0 251 1 373
290 0 244 1 374
279 0 244 1 375
292 0 251 1 376
258 0 244 1 377
248 0 244 1 378
264 0 251 1 379
244 0 251 1 380
205 0 244 1 381
220 0 251 1 382
190 0 244 1 383
180 0 244 1 384
192 0 251 1 385
165 0 244 1 386
155 0 244 1 387
164 0 251 1 388
134 0 244 1 389
123 0 244 1 390
135 0 251 1 391
108 0 244 1 392
98 0 244 1 393
107 0 251 1 394
83 0 244 1 395
83 0 251 1 396
63 0 251 1 397
39 0 244 1 398
29 0 244 1 399
34 0 251 1 400
14 0 244 1 401
4 0 244 1 402
6 0 251 1 403
-17 0 244 1 404
-28 0 244 1 405
-43 0 240 1 406
-42 0 251 1 407
-27 0 247 1 408
-23 0 235 1 409
-37 0 226 1 410
-37 0 215 1 411
-47 0 203 1 412
-20 0 195 1 413
-20 0 182 1 414
-37 0 186 1 415
-37 0 176 1 416
-37 0 166 1 417
-37 0 155 1 418
-47 0 158 1 419
-37 0 141 1 420
-25 0 110 1 421
-37 0 126 1 422
-37 0 115 1 423
-37 0 105 1 424
-31 0 86 1 425
-37 0 89 1 426
-47 0 93 1 427
