428
11 2 167 1 0
33 2 151 1 1
30 2 155 1 2
31 2 167 1 3
87 2 154 1 4
89 2 163 1 5
41 2 178 1 6
39 2 185 1 7
29 2 190 1 8
32 2 200 1 9
-7 2 209 1 10
41 2 149 1 11
106 2 158 1 12
104 2 166 1 13
119 2 148 1 14
105 2 173 1 15
123 2 230 1 16
116 2 147 1 17
120 2 177 1 18
133 2 140 1 19
127 2 219 1 20
119 2 179 1 21
59 2 203 1 22
141 2 139 1 23
137 2 174 1 24
48 2 195 1 25
149 2 140 1 26
83 2 191 1 27
136 2 172 1 28
120 2 183 1 29
136 2 150 1 30
137 2 161 1 31
137 2 181 1 32
145 2 167 1 33
146 2 174 1 34
71 2 194 1 35
160 2 153 1 36
157 2 160 1 37
218 2 157 1 38
212 2 162 1 39
147 2 151 1 40
189 2 229 1 41
206 2 230 1 42
221 2 165 1 43
168 2 142 1 44
215 2 230 1 45
169 2 146 1 46
230 2 156 1 47
229 2 196 1 48
236 2 143 1 49
227 2 172 1 50
244 2 194 1 51
227 2 180 1 52
251 2 190 1 53
255 2 195 1 54
263 2 116 1 55
285 2 198 1 56
293 2 143 1 57
298 2 206 1 58
296 2 136 1 59
302 2 202 1 60
302 2 213 1 61
303 2 141 1 62
313 2 196 1 63
309 2 215 1 64
311 2 184 1 65
316 2 133 1 66
316 2 181 1 67
311 2 205 1 68
322 2 177 1 69
319 2 145 1 70
327 2 173 1 71
319 2 159 1 72
316 2 151 1 73
318 2 205 1 74
-6 0 181 1 75
7 0 191 1 76
7 0 174 1 77
-3 0 194 1 78
5 0 174 1 79
-13 0 200 1 80
23 0 170 1 81
4 0 146 1 82
14 0 137 1 83
14 0 211 1 84
12 0 94 1 85
11 0 134 1 86
16 0 219 1 87
0 0 127 1 88
30 0 169 1 89
17 0 145 1 90
29 0 232 1 91
21 0 84 1 92
11 0 137 1 93
8 0 127 1 94
18 0 150 1 95
30 0 173 1 96
46 0 233 1 97
9 0 143 1 98
13 0 114 1 99
26 0 113 1 100
39 0 141 1 101
40 0 167 1 102
40 0 101 1 103
41 0 231 1 104
34 0 95 1 105
35 0 156 1 106
28 0 166 1 107
58 0 230 1 108
47 0 86 1 109
15 0 209 1 110
24 0 130 1 111
31 0 206 1 112
56 0 95 1 113
38 0 125 1 114
27 0 204 1 115
48 0 123 1 116
48 0 201 1 117
84 0 100 1 118
54 0 200 1 119
93 0 102 1 120
118 0 200 1 121
103 0 103 1 122
120 0 93 1 123
74 0 191 1 124
122 0 103 1 125
125 0 196 1 126
144 0 94 1 127
71 0 191 1 128
130 0 206 1 129
143 0 103 1 130
132 0 212 1 131
133 0 124 1 132
123 0 136 1 133
70 0 193 1 134
173 0 94 1 135
138 0 193 1 136
175 0 103 1 137
191 0 197 1 138
185 0 103 1 139
206 0 192 1 140
202 0 195 1 141
85 0 194 1 142
195 0 103 1 143
199 0 228 1 144
220 0 94 1 145
220 0 196 1 146
223 0 101 1 147
237 0 196 1 148
233 0 100 1 149
243 0 230 1 150
242 0 102 1 151
266 0 232 1 152
258 0 104 1 153
268 0 97 1 154
277 0 234 1 155
276 0 106 1 156
286 0 106 1 157
288 0 234 1 158
295 0 106 1 159
305 0 233 1 160
305 0 106 1 161
300 0 232 1 162
315 0 106 1 163
317 0 219 1 164
326 0 217 1 165
326 0 105 1 166
326 0 122 1 167
333 0 206 1 168
325 0 130 1 169
328 0 198 1 170
334 0 127 1 171
345 0 196 1 172
349 0 124 1 173
332 0 191 1 174
361 0 171 1 175
343 0 171 1 176
346 0 142 1 177
354 0 176 1 178
338 0 188 1 179
359 0 162 1 180
353 0 150 1 181
343 0 186 1 182
392 0 177 1 183
392 0 158 1 184
395 0 143 1 185
357 0 155 1 186
399 0 202 1 187
400 0 183 1 188
386 0 236 1 189
357 0 119 1 190
416 0 100 1 191
410 0 208 1 192
418 0 194 1 193
402 0 235 1 194
361 0 132 1 195
356 0 143 1 196
360 0 145 1 197
402 0 210 1 198
415 0 107 1 199
382 0 87 1 200
417 0 234 1 201
368 0 115 1 202
423 0 193 1 203
356 0 208 1 204
404 0 141 1 205
354 0 203 1 206
382 0 95 1 207
402 0 90 1 208
356 0 218 1 209
409 0 146 1 210
368 0 131 1 211
410 0 127 1 212
415 0 124 1 213
405 0 147 1 214
411 0 103 1 215
370 0 121 1 216
413 0 235 1 217
367 0 115 1 218
414 0 132 1 219
422 0 134 1 220
370 0 125 1 221
429 0 184 1 222
429 0 235 1 223
392 0 95 1 224
416 0 145 1 225
422 0 146 1 226
425 0 189 1 227
407 0 99 1 228
437 0 234 1 229
440 0 189 1 230
436 0 204 1 231
357 0 123 1 232
444 0 107 1 233
375 0 112 1 234
401 0 95 1 235
430 0 97 1 236
422 0 133 1 237
366 0 205 1 238
425 0 132 1 239
432 0 180 1 240
444 0 212 1 241
431 0 131 1 242
445 0 90 1 243
449 0 213 1 244
412 0 201 1 245
434 0 140 1 246
440 0 182 1 247
439 0 141 1 248
442 0 203 1 249
440 0 94 1 250
438 0 126 1 251
446 0 131 1 252
439 0 195 1 253
447 0 180 1 254
441 0 213 1 255
439 0 110 1 256
458 0 212 1 257
442 0 122 1 258
453 0 130 1 259
463 0 209 1 260
464 0 204 1 261
465 0 233 1 262
464 0 198 1 263
465 0 192 1 264
444 0 122 1 265
464 0 109 1 266
457 0 99 1 267
429 0 211 1 268
457 0 140 1 269
460 0 235 1 270
448 0 134 1 271
454 0 236 1 272
462 0 136 1 273
476 0 245 1 274
482 0 110 1 275
478 0 237 1 276
307 0 144 1 277
327 0 158 1 278
327 0 180 1 279
287 0 182 1 280
285 0 171 1 281
299 0 152 1 282
319 0 160 1 283
313 0 172 1 284
295 0 175 1 285
297 0 160 1 286
307 0 171 1 287
318 0 168 1 288
316 0 155 1 289
302 0 158 1 290
300 0 169 1 291
-51 0 80 1 292
-48 0 116 1 293
-26 0 88 1 294
-5 0 80 1 295
-5 0 88 1 296
5 0 88 1 297
7 0 106 1 298
26 0 88 1 299
19 0 112 1 300
18 0 132 1 301
41 0 104 1 302
43 0 108 1 303
45 0 112 1 304
81 0 80 1 305
77 0 88 1 306
88 0 88 1 307
109 0 80 1 308
123 0 88 1 309
132 0 98 1 310
143 0 88 1 311
142 0 101 1 312
145 0 105 1 313
167 0 88 1 314
151 0 112 1 315
181 0 88 1 316
158 0 115 1 317
213 0 80 1 318
219 0 88 1 319
228 0 88 1 320
258 0 80 1 321
263 0 88 1 322
301 0 80 1 323
311 0 105 1 324
325 0 80 1 325
320 0 102 1 326
344 0 88 1 327
353 0 80 1 328
347 0 102 1 329
361 0 88 1 330
348 0 109 1 331
362 0 100 1 332
378 0 88 1 333
362 0 110 1 334
363 0 115 1 335
446 0 106 1 336
446 0 129 1 337
475 0 80 1 338
463 0 121 1 339
482 0 92 1 340
490 0 101 1 341
496 0 90 1 342
490 0 115 1 343
490 0 125 1 344
501 0 112 1 345
490 0 139 1 346
490 0 149 1 347
501 0 140 1 348
490 0 163 1 349
490 0 173 1 350
501 0 168 1 351
490 0 186 1 352
501 0 191 1 353
490 0 200 1 354
490 0 210 1 355
501 0 219 1 356
490 0 224 1 357
490 0 234 1 358
501 0 246 1 359
465 0 250 1 360
416 0 241 1 361
441 0 250 1 362
395 0 241 1 363
416 0 250 1 364
382 0 241 1 365
371 0 241 1 366
389 0 250 1 367
358 0 241 1 368
348 0 241 1 369
361 0 250 1 370
334 0 241 1 371
337 0 250 1 372
315 0 250 1 373
281 0 241 1 374
271 0 241 1 375
288 0 250 1 376
250 0 241 1 377
240 0 241 1 378
260 0 250 1 379
239 0 250 1 380
196 0 241 1 381
215 0 250 1 382
182 0 241 1 383
172 0 241 1 384
187 0 250 1 385
158 0 241 1 386
148 0 241 1 387
160 0 250 1 388
127 0 241 1 389
117 0 241 1 390
132 0 250 1 391
103 0 241 1 392
93 0 241 1 393
104 0 250 1 394
79 0 241 1 395
80 0 250 1 396
59 0 250 1 397
34 0 241 1 398
23 0 241 1 399
31 0 250 1 400
10 0 241 1 401
-1 0 241 1 402
3 0 250 1 403
-22 0 241 1 404
-32 0 241 1 405
-48 0 237 1 406
-46 0 249 1 407
-28 0 246 1 408
-24 0 234 1 409
-39 0 225 1 410
-39 0 215 1 411
-51 0 203 1 412
-20 0 195 1 413
-20 0 182 1 414
-39 0 188 1 415
-39 0 178 1 416
-39 0 168 1 417
-39 0 158 1 418
-51 0 163 1 419
-39 0 144 1 420
-25 0 111 1 421
-39 0 130 1 422
-39 0 120 1 423
-39 0 110 1 424
-33 0 89 1 425
-39 0 95 1 426
-51 0 101 1 427
