428
2 1 172 1 0
25 1 155 1 1
21 1 160 1 2
21 1 172 1 3
86 1 156 1 4
89 1 164 1 5
33 1 179 1 6
30 1 185 1 7
19 1 189 1 8
22 1 199 1 9
-24 1 207 1 10
32 1 153 1 11
100 1 161 1 12
98 1 168 1 13
116 1 150 1 14
99 1 174 1 15
120 1 231 1 16
111 1 151 1 17
115 1 177 1 18
128 1 144 1 19
122 1 219 1 20
111 1 179 1 21
41 1 201 1 22
136 1 142 1 23
131 1 174 1 24
26 1 192 1 25
144 1 143 1 26
66 1 189 1 27
128 1 173 1 28
109 1 182 1 29
128 1 153 1 30
128 1 164 1 31
128 1 181 1 32
137 1 168 1 33
139 1 175 1 34
47 1 191 1 35
149 1 156 1 36
146 1 162 1 37
217 1 157 1 38
210 1 161 1 39
134 1 155 1 40
183 1 230 1 41
201 1 231 1 42
220 1 165 1 43
157 1 145 1 44
211 1 231 1 45
156 1 150 1 46
227 1 155 1 47
224 1 192 1 48
233 1 147 1 49
222 1 173 1 50
241 1 192 1 51
221 1 181 1 52
249 1 190 1 53
254 1 194 1 54
262 1 115 1 55
283 1 195 1 56
292 1 145 1 57
298 1 206 1 58
295 1 138 1 59
301 1 202 1 60
300 1 212 1 61
302 1 145 1 62
313 1 196 1 63
307 1 215 1 64
309 1 183 1 65
315 1 135 1 66
314 1 181 1 67
308 1 203 1 68
320 1 178 1 69
316 1 148 1 70
325 1 175 1 71
315 1 161 1 72
311 1 154 1 73
314 1 203 1 74
-7 0 181 1 75
7 0 191 1 76
7 0 174 1 77
-7 0 193 1 78
3 0 175 1 79
-19 0 199 1 80
22 0 171 1 81
-1 0 153 1 82
11 0 142 1 83
12 0 210 1 84
8 0 102 1 85
7 0 141 1 86
12 0 219 1 87
-6 0 139 1 88
29 0 170 1 89
14 0 150 1 90
27 0 232 1 91
17 0 91 1 92
6 0 145 1 93
2 0 138 1 94
13 0 155 1 95
28 0 174 1 96
45 0 233 1 97
2 0 154 1 98
6 0 126 1 99
21 0 120 1 100
37 0 143 1 101
37 0 168 1 102
37 0 106 1 103
38 0 232 1 104
29 0 102 1 105
31 0 159 1 106
22 0 169 1 107
57 0 231 1 108
43 0 92 1 109
5 0 207 1 110
14 0 144 1 111
21 0 205 1 112
51 0 103 1 113
28 0 136 1 114
15 0 203 1 115
38 0 133 1 116
38 0 200 1 117
79 0 106 1 118
44 0 199 1 119
89 0 107 1 120
116 0 200 1 121
99 0 107 1 122
117 0 97 1 123
63 0 190 1 124
118 0 107 1 125
120 0 195 1 126
142 0 97 1 127
57 0 189 1 128
124 0 206 1 129
139 0 107 1 130
125 0 212 1 131
126 0 132 1 132
113 0 146 1 133
50 0 191 1 134
169 0 97 1 135
128 0 191 1 136
170 0 107 1 137
188 0 196 1 138
180 0 107 1 139
204 0 191 1 140
198 0 194 1 141
62 0 191 1 142
190 0 107 1 143
193 0 230 1 144
218 0 97 1 145
217 0 193 1 146
219 0 106 1 147
233 0 192 1 148
228 0 106 1 149
239 0 231 1 150
238 0 107 1 151
265 0 232 1 152
255 0 108 1 153
266 0 99 1 154
275 0 234 1 155
274 0 109 1 156
284 0 109 1 157
286 0 233 1 158
294 0 109 1 159
304 0 233 1 160
304 0 109 1 161
297 0 232 1 162
314 0 109 1 163
316 0 218 1 164
324 0 217 1 165
324 0 109 1 166
322 0 129 1 167
331 0 205 1 168
321 0 137 1 169
324 0 196 1 170
329 0 132 1 171
342 0 195 1 172
345 0 127 1 173
325 0 190 1 174
359 0 172 1 175
337 0 173 1 176
341 0 147 1 177
350 0 176 1 178
331 0 188 1 179
355 0 164 1 180
348 0 155 1 181
335 0 185 1 182
392 0 176 1 183
392 0 161 1 184
395 0 145 1 185
350 0 160 1 186
397 0 200 1 187
397 0 182 1 188
381 0 235 1 189
346 0 128 1 190
416 0 101 1 191
409 0 207 1 192
417 0 194 1 193
398 0 234 1 194
351 0 141 1 195
345 0 153 1 196
349 0 154 1 197
398 0 209 1 198
414 0 110 1 199
375 0 93 1 200
415 0 233 1 201
359 0 123 1 202
423 0 192 1 203
345 0 204 1 204
399 0 149 1 205
342 0 198 1 206
373 0 103 1 207
397 0 95 1 208
344 0 214 1 209
405 0 154 1 210
357 0 141 1 211
406 0 134 1 212
411 0 130 1 213
400 0 157 1 214
407 0 107 1 215
359 0 131 1 216
409 0 234 1 217
355 0 126 1 218
410 0 140 1 219
419 0 141 1 220
359 0 136 1 221
427 0 182 1 222
427 0 234 1 223
384 0 103 1 224
411 0 156 1 225
419 0 155 1 226
421 0 186 1 227
401 0 105 1 228
436 0 233 1 229
439 0 188 1 230
434 0 202 1 231
342 0 137 1 232
443 0 110 1 233
363 0 123 1 234
393 0 103 1 235
427 0 104 1 236
417 0 145 1 237
352 0 200 1 238
421 0 142 1 239
428 0 178 1 240
443 0 211 1 241
426 0 141 1 242
443 0 95 1 243
448 0 212 1 244
404 0 196 1 245
430 0 151 1 246
437 0 180 1 247
436 0 150 1 248
439 0 199 1 249
437 0 102 1 250
434 0 136 1 251
444 0 137 1 252
435 0 191 1 253
444 0 179 1 254
437 0 211 1 255
435 0 120 1 256
457 0 211 1 257
438 0 131 1 258
451 0 136 1 259
462 0 209 1 260
463 0 203 1 261
464 0 233 1 262
464 0 197 1 263
464 0 191 1 264
440 0 133 1 265
463 0 111 1 266
455 0 105 1 267
422 0 206 1 268
454 0 146 1 269
457 0 234 1 270
443 0 145 1 271
449 0 235 1 272
459 0 141 1 273
475 0 245 1 274
482 0 112 1 275
476 0 235 1 276
306 0 145 1 277
326 0 159 1 278
327 0 180 1 279
286 0 182 1 280
285 0 173 1 281
297 0 153 1 282
318 0 161 1 283
312 0 172 1 284
293 0 175 1 285
297 0 161 1 286
306 0 171 1 287
318 0 168 1 288
316 0 155 1 289
301 0 159 1 290
299 0 170 1 291
-56 0 89 1 292
-54 0 130 1 293
-31 0 99 1 294
-8 0 89 1 295
-10 0 99 1 296
0 0 99 1 297
0 0 119 1 298
20 0 99 1 299
10 0 127 1 300
7 0 150 1 301
32 0 117 1 302
32 0 122 1 303
33 0 127 1 304
74 0 89 1 305
67 0 99 1 306
77 0 99 1 307
100 0 89 1 308
114 0 99 1 309
124 0 110 1 310
135 0 99 1 311
131 0 113 1 312
133 0 118 1 313
157 0 99 1 314
137 0 126 1 315
169 0 99 1 316
141 0 129 1 317
203 0 89 1 318
208 0 99 1 319
218 0 99 1 320
250 0 89 1 321
255 0 99 1 322
296 0 89 1 323
306 0 118 1 324
321 0 89 1 325
313 0 115 1 326
339 0 99 1 327
347 0 89 1 328
338 0 114 1 329
353 0 99 1 330
337 0 123 1 331
351 0 113 1 332
367 0 99 1 333
346 0 123 1 334
347 0 130 1 335
441 0 119 1 336
439 0 146 1 337
471 0 89 1 338
455 0 137 1 339
478 0 101 1 340
487 0 110 1 341
494 0 95 1 342
487 0 122 1 343
487 0 132 1 344
500 0 115 1 345
487 0 145 1 346
487 0 155 1 347
500 0 142 1 348
487 0 167 1 349
487 0 177 1 350
500 0 168 1 351
487 0 188 1 352
500 0 192 1 353
487 0 200 1 354
487 0 211 1 355
500 0 219 1 356
487 0 223 1 357
487 0 233 1 358
500 0 246 1 359
458 0 248 1 360
403 0 238 1 361
434 0 248 1 362
382 0 238 1 363
409 0 248 1 364
370 0 238 1 365
360 0 238 1 366
382 0 248 1 367
348 0 238 1 368
338 0 238 1 369
355 0 248 1 370
326 0 238 1 371
331 0 248 1 372
308 0 248 1 373
270 0 238 1 374
260 0 238 1 375
281 0 248 1 376
239 0 238 1 377
229 0 238 1 378
254 0 248 1 379
231 0 248 1 380
183 0 238 1 381
208 0 248 1 382
171 0 238 1 383
161 0 238 1 384
181 0 248 1 385
148 0 238 1 386
138 0 238 1 387
154 0 248 1 388
118 0 238 1 389
108 0 238 1 390
127 0 248 1 391
95 0 238 1 392
85 0 238 1 393
101 0 248 1 394
73 0 238 1 395
76 0 248 1 396
53 0 248 1 397
26 0 238 1 398
16 0 238 1 399
26 0 248 1 400
3 0 238 1 401
-7 0 238 1 402
0 0 248 1 403
-27 0 238 1 404
-37 0 238 1 405
-54 0 233 1 406
-50 0 247 1 407
-29 0 245 1 408
-24 0 234 1 409
-43 0 225 1 410
-43 0 215 1 411
-56 0 202 1 412
-20 0 195 1 413
-20 0 182 1 414
-43 0 191 1 415
-43 0 180 1 416
-43 0 171 1 417
-43 0 161 1 418
-56 0 169 1 419
-43 0 149 1 420
-26 0 112 1 421
-43 0 137 1 422
-43 0 126 1 423
-43 0 116 1 424
-35 0 94 1 425
-43 0 102 1 426
-56 0 111 1 427
