428
14 3 166 1 0
35 3 150 1 1
33 3 154 1 2
34 3 165 1 3
87 3 154 1 4
89 3 163 1 5
44 3 178 1 6
41 3 185 1 7
32 3 191 1 8
35 3 201 1 9
-3 3 210 1 10
44 3 147 1 11
107 3 158 1 12
105 3 166 1 13
120 3 147 1 14
107 3 173 1 15
124 3 229 1 16
117 3 146 1 17
122 3 177 1 18
134 3 140 1 19
128 3 219 1 20
120 3 179 1 21
63 3 203 1 22
142 3 138 1 23
139 3 174 1 24
53 3 195 1 25
150 3 140 1 26
87 3 191 1 27
138 3 171 1 28
123 3 184 1 29
139 3 150 1 30
140 3 161 1 31
139 3 181 1 32
147 3 166 1 33
148 3 174 1 34
77 3 195 1 35
162 3 153 1 36
160 3 159 1 37
218 3 157 1 38
212 3 162 1 39
150 3 150 1 40
191 3 229 1 41
207 3 229 1 42
222 3 165 1 43
171 3 141 1 44
217 3 230 1 45
172 3 145 1 46
230 3 157 1 47
230 3 197 1 48
237 3 142 1 49
228 3 172 1 50
244 3 195 1 51
229 3 180 1 52
252 3 190 1 53
256 3 195 1 54
263 3 116 1 55
285 3 199 1 56
293 3 143 1 57
298 3 206 1 58
296 3 136 1 59
303 3 202 1 60
302 3 213 1 61
304 3 140 1 62
313 3 196 1 63
309 3 215 1 64
311 3 184 1 65
316 3 132 1 66
316 3 181 1 67
312 3 206 1 68
322 3 177 1 69
319 3 144 1 70
327 3 172 1 71
320 3 158 1 72
317 3 151 1 73
319 3 206 1 74
-6 0 181 1 75
7 0 191 1 76
7 0 174 1 77
-3 0 194 1 78
5 0 174 1 79
-11 0 200 1 80
23 0 170 1 81
5 0 144 1 82
14 0 135 1 83
15 0 211 1 84
13 0 92 1 85
12 0 132 1 86
17 0 219 1 87
1 0 124 1 88
31 0 169 1 89
18 0 143 1 90
30 0 232 1 91
22 0 82 1 92
12 0 134 1 93
9 0 124 1 94
19 0 149 1 95
31 0 172 1 96
46 0 233 1 97
11 0 140 1 98
14 0 111 1 99
27 0 111 1 100
40 0 141 1 101
41 0 167 1 102
40 0 100 1 103
42 0 231 1 104
35 0 93 1 105
37 0 156 1 106
29 0 165 1 107
58 0 230 1 108
48 0 84 1 109
18 0 210 1 110
26 0 127 1 111
33 0 207 1 112
58 0 94 1 113
40 0 122 1 114
30 0 204 1 115
50 0 121 1 116
50 0 201 1 117
85 0 99 1 118
57 0 200 1 119
94 0 101 1 120
118 0 200 1 121
104 0 101 1 122
121 0 93 1 123
76 0 191 1 124
123 0 101 1 125
126 0 196 1 126
144 0 93 1 127
75 0 192 1 128
131 0 206 1 129
144 0 101 1 130
134 0 212 1 131
135 0 122 1 132
126 0 134 1 133
74 0 194 1 134
173 0 93 1 135
140 0 193 1 136
176 0 101 1 137
191 0 197 1 138
186 0 102 1 139
206 0 192 1 140
202 0 196 1 141
91 0 195 1 142
197 0 102 1 143
200 0 228 1 144
221 0 93 1 145
221 0 197 1 146
224 0 100 1 147
238 0 197 1 148
234 0 99 1 149
244 0 230 1 150
243 0 101 1 151
267 0 232 1 152
259 0 103 1 153
269 0 97 1 154
277 0 234 1 155
277 0 106 1 156
286 0 105 1 157
288 0 234 1 158
295 0 105 1 159
305 0 233 1 160
305 0 105 1 161
300 0 232 1 162
316 0 105 1 163
318 0 219 1 164
326 0 217 1 165
326 0 104 1 166
326 0 120 1 167
334 0 206 1 168
327 0 128 1 169
329 0 198 1 170
335 0 126 1 171
346 0 196 1 172
349 0 123 1 173
334 0 191 1 174
362 0 171 1 175
344 0 170 1 176
347 0 140 1 177
356 0 176 1 178
340 0 188 1 179
360 0 162 1 180
355 0 148 1 181
345 0 186 1 182
392 0 177 1 183
392 0 158 1 184
395 0 143 1 185
358 0 154 1 186
400 0 203 1 187
400 0 184 1 188
387 0 236 1 189
359 0 117 1 190
416 0 100 1 191
410 0 208 1 192
418 0 194 1 193
402 0 235 1 194
364 0 130 1 195
358 0 141 1 196
362 0 142 1 197
403 0 211 1 198
415 0 107 1 199
384 0 85 1 200
417 0 234 1 201
371 0 112 1 202
423 0 193 1 203
359 0 209 1 204
405 0 139 1 205
357 0 204 1 206
384 0 94 1 207
403 0 89 1 208
359 0 219 1 209
410 0 143 1 210
370 0 129 1 211
411 0 125 1 212
415 0 122 1 213
407 0 145 1 214
412 0 101 1 215
372 0 119 1 216
414 0 235 1 217
370 0 113 1 218
415 0 130 1 219
422 0 132 1 220
373 0 123 1 221
430 0 184 1 222
429 0 235 1 223
394 0 94 1 224
417 0 142 1 225
423 0 143 1 226
425 0 190 1 227
409 0 97 1 228
438 0 234 1 229
441 0 189 1 230
437 0 204 1 231
361 0 119 1 232
444 0 107 1 233
378 0 109 1 234
403 0 94 1 235
431 0 95 1 236
423 0 130 1 237
370 0 207 1 238
427 0 129 1 239
433 0 180 1 240
444 0 212 1 241
432 0 129 1 242
446 0 89 1 243
450 0 214 1 244
413 0 203 1 245
435 0 138 1 246
441 0 183 1 247
440 0 138 1 248
443 0 204 1 249
441 0 92 1 250
439 0 123 1 251
447 0 129 1 252
440 0 196 1 253
447 0 181 1 254
442 0 214 1 255
440 0 107 1 256
459 0 212 1 257
443 0 119 1 258
454 0 129 1 259
463 0 209 1 260
464 0 204 1 261
465 0 233 1 262
464 0 198 1 263
465 0 192 1 264
445 0 119 1 265
464 0 108 1 266
458 0 97 1 267
431 0 212 1 268
457 0 138 1 269
460 0 236 1 270
449 0 131 1 271
455 0 237 1 272
462 0 134 1 273
477 0 245 1 274
482 0 110 1 275
478 0 238 1 276
307 0 143 1 277
328 0 158 1 278
327 0 180 1 279
288 0 182 1 280
285 0 170 1 281
300 0 152 1 282
319 0 160 1 283
313 0 172 1 284
295 0 175 1 285
297 0 160 1 286
307 0 171 1 287
318 0 168 1 288
316 0 155 1 289
302 0 158 1 290
300 0 169 1 291
-50 0 77 1 292
-46 0 112 1 293
-25 0 86 1 294
-4 0 77 1 295
-4 0 86 1 296
7 0 86 1 297
9 0 103 1 298
27 0 86 1 299
21 0 109 1 300
20 0 128 1 301
43 0 101 1 302
45 0 105 1 303
48 0 109 1 304
83 0 77 1 305
80 0 86 1 306
90 0 86 1 307
111 0 77 1 308
125 0 86 1 309
134 0 95 1 310
145 0 86 1 311
144 0 98 1 312
148 0 101 1 313
170 0 86 1 314
155 0 108 1 315
184 0 86 1 316
163 0 111 1 317
216 0 77 1 318
221 0 86 1 319
231 0 86 1 320
260 0 77 1 321
266 0 86 1 322
302 0 77 1 323
312 0 102 1 324
326 0 77 1 325
322 0 99 1 326
345 0 86 1 327
354 0 77 1 328
349 0 99 1 329
363 0 86 1 330
351 0 105 1 331
365 0 97 1 332
380 0 86 1 333
365 0 106 1 334
368 0 112 1 335
447 0 103 1 336
448 0 125 1 337
476 0 77 1 338
465 0 117 1 339
483 0 90 1 340
491 0 99 1 341
497 0 88 1 342
491 0 113 1 343
491 0 124 1 344
502 0 111 1 345
491 0 138 1 346
491 0 148 1 347
502 0 139 1 348
491 0 162 1 349
491 0 172 1 350
502 0 167 1 351
491 0 185 1 352
502 0 191 1 353
491 0 199 1 354
491 0 210 1 355
502 0 219 1 356
491 0 224 1 357
491 0 234 1 358
502 0 247 1 359
467 0 250 1 360
420 0 242 1 361
443 0 250 1 362
399 0 242 1 363
418 0 250 1 364
385 0 242 1 365
374 0 242 1 366
390 0 250 1 367
360 0 242 1 368
350 0 242 1 369
362 0 250 1 370
336 0 242 1 371
338 0 250 1 372
317 0 250 1 373
284 0 242 1 374
274 0 242 1 375
289 0 250 1 376
253 0 242 1 377
243 0 242 1 378
261 0 250 1 379
240 0 250 1 380
199 0 242 1 381
217 0 250 1 382
185 0 242 1 383
174 0 242 1 384
189 0 250 1 385
160 0 242 1 386
150 0 242 1 387
161 0 250 1 388
129 0 242 1 389
119 0 242 1 390
133 0 250 1 391
105 0 242 1 392
94 0 242 1 393
105 0 250 1 394
80 0 242 1 395
81 0 250 1 396
60 0 250 1 397
36 0 242 1 398
25 0 242 1 399
32 0 250 1 400
11 0 242 1 401
1 0 242 1 402
4 0 250 1 403
-20 0 242 1 404
-30 0 242 1 405
-46 0 238 1 406
-44 0 250 1 407
-27 0 246 1 408
-24 0 235 1 409
-39 0 225 1 410
-39 0 215 1 411
-50 0 203 1 412
-20 0 195 1 413
-20 0 182 1 414
-39 0 187 1 415
-39 0 178 1 416
-39 0 167 1 417
-39 0 157 1 418
-50 0 161 1 419
-39 0 143 1 420
-25 0 111 1 421
-39 0 129 1 422
-39 0 119 1 423
-39 0 108 1 424
-32 0 88 1 425
-39 0 93 1 426
-50 0 98 1 427
