428
13 3 166 1 0
34 3 151 1 1
32 3 155 1 2
33 3 166 1 3
87 3 154 1 4
89 3 163 1 5
43 3 178 1 6
40 3 185 1 7
31 3 191 1 8
34 3 200 1 9
-4 3 210 1 10
43 3 148 1 11
107 3 158 1 12
104 3 166 1 13
120 3 147 1 14
106 3 173 1 15
124 3 229 1 16
117 3 147 1 17
121 3 177 1 18
133 3 140 1 19
128 3 219 1 20
120 3 179 1 21
61 3 203 1 22
142 3 139 1 23
138 3 174 1 24
51 3 195 1 25
150 3 140 1 26
85 3 191 1 27
137 3 171 1 28
121 3 184 1 29
138 3 150 1 30
139 3 161 1 31
138 3 181 1 32
146 3 167 1 33
148 3 174 1 34
74 3 195 1 35
161 3 153 1 36
158 3 159 1 37
218 3 157 1 38
212 3 162 1 39
149 3 151 1 40
190 3 229 1 41
206 3 229 1 42
222 3 165 1 43
170 3 141 1 44
216 3 230 1 45
171 3 145 1 46
230 3 157 1 47
229 3 196 1 48
237 3 143 1 49
228 3 172 1 50
244 3 195 1 51
228 3 180 1 52
251 3 190 1 53
255 3 195 1 54
263 3 116 1 55
285 3 198 1 56
293 3 143 1 57
298 3 206 1 58
296 3 136 1 59
303 3 202 1 60
302 3 213 1 61
303 3 141 1 62
313 3 196 1 63
309 3 215 1 64
311 3 184 1 65
316 3 132 1 66
316 3 181 1 67
311 3 206 1 68
322 3 177 1 69
319 3 145 1 70
327 3 172 1 71
319 3 159 1 72
316 3 151 1 73
318 3 205 1 74
-6 0 181 1 75
7 0 191 1 76
7 0 174 1 77
-3 0 194 1 78
5 0 174 1 79
-12 0 200 1 80
23 0 170 1 81
4 0 145 1 82
14 0 136 1 83
15 0 211 1 84
12 0 93 1 85
11 0 133 1 86
16 0 219 1 87
1 0 125 1 88
31 0 169 1 89
18 0 144 1 90
29 0 232 1 91
21 0 83 1 92
12 0 135 1 93
9 0 125 1 94
19 0 149 1 95
31 0 173 1 96
46 0 233 1 97
10 0 141 1 98
14 0 113 1 99
26 0 112 1 100
40 0 141 1 101
41 0 167 1 102
40 0 100 1 103
42 0 231 1 104
34 0 93 1 105
36 0 156 1 106
28 0 165 1 107
58 0 230 1 108
48 0 85 1 109
17 0 210 1 110
25 0 128 1 111
32 0 206 1 112
57 0 94 1 113
39 0 123 1 114
28 0 204 1 115
49 0 122 1 116
49 0 201 1 117
85 0 99 1 118
56 0 200 1 119
93 0 101 1 120
118 0 200 1 121
103 0 102 1 122
121 0 93 1 123
75 0 191 1 124
123 0 102 1 125
125 0 196 1 126
144 0 94 1 127
73 0 192 1 128
131 0 206 1 129
144 0 102 1 130
133 0 212 1 131
134 0 123 1 132
125 0 134 1 133
73 0 194 1 134
173 0 93 1 135
140 0 193 1 136
176 0 102 1 137
191 0 197 1 138
186 0 102 1 139
206 0 192 1 140
202 0 195 1 141
88 0 194 1 142
196 0 102 1 143
200 0 228 1 144
221 0 93 1 145
220 0 197 1 146
223 0 101 1 147
237 0 196 1 148
233 0 99 1 149
243 0 230 1 150
242 0 102 1 151
267 0 232 1 152
259 0 103 1 153
269 0 97 1 154
277 0 234 1 155
276 0 106 1 156
286 0 105 1 157
288 0 234 1 158
295 0 105 1 159
305 0 233 1 160
305 0 105 1 161
300 0 232 1 162
315 0 105 1 163
317 0 219 1 164
326 0 217 1 165
326 0 105 1 166
326 0 121 1 167
334 0 206 1 168
326 0 129 1 169
328 0 198 1 170
334 0 126 1 171
345 0 196 1 172
349 0 124 1 173
333 0 191 1 174
362 0 171 1 175
343 0 171 1 176
347 0 141 1 177
355 0 176 1 178
339 0 188 1 179
359 0 162 1 180
354 0 149 1 181
344 0 186 1 182
392 0 177 1 183
392 0 158 1 184
395 0 143 1 185
358 0 154 1 186
400 0 202 1 187
400 0 184 1 188
387 0 236 1 189
358 0 118 1 190
416 0 100 1 191
410 0 208 1 192
418 0 194 1 193
402 0 235 1 194
363 0 131 1 195
357 0 142 1 196
361 0 143 1 197
402 0 210 1 198
415 0 107 1 199
383 0 86 1 200
417 0 234 1 201
370 0 113 1 202
423 0 193 1 203
358 0 209 1 204
404 0 140 1 205
356 0 203 1 206
383 0 94 1 207
403 0 90 1 208
358 0 219 1 209
410 0 144 1 210
369 0 130 1 211
411 0 125 1 212
415 0 123 1 213
406 0 146 1 214
412 0 102 1 215
371 0 119 1 216
414 0 235 1 217
369 0 114 1 218
414 0 131 1 219
422 0 133 1 220
372 0 124 1 221
430 0 184 1 222
429 0 235 1 223
393 0 94 1 224
416 0 143 1 225
423 0 144 1 226
425 0 190 1 227
408 0 98 1 228
437 0 234 1 229
441 0 189 1 230
437 0 204 1 231
359 0 121 1 232
444 0 107 1 233
377 0 111 1 234
403 0 94 1 235
431 0 96 1 236
422 0 131 1 237
368 0 206 1 238
426 0 130 1 239
432 0 180 1 240
444 0 212 1 241
431 0 130 1 242
445 0 90 1 243
450 0 213 1 244
413 0 202 1 245
435 0 139 1 246
440 0 183 1 247
440 0 139 1 248
442 0 204 1 249
441 0 92 1 250
439 0 124 1 251
447 0 129 1 252
440 0 196 1 253
447 0 181 1 254
442 0 214 1 255
440 0 108 1 256
459 0 212 1 257
443 0 120 1 258
453 0 129 1 259
463 0 209 1 260
464 0 204 1 261
465 0 233 1 262
464 0 198 1 263
465 0 192 1 264
445 0 120 1 265
464 0 108 1 266
458 0 98 1 267
430 0 211 1 268
457 0 139 1 269
460 0 236 1 270
449 0 132 1 271
454 0 236 1 272
462 0 135 1 273
476 0 245 1 274
482 0 110 1 275
478 0 237 1 276
307 0 143 1 277
328 0 158 1 278
327 0 180 1 279
287 0 182 1 280
285 0 170 1 281
300 0 152 1 282
319 0 160 1 283
313 0 172 1 284
295 0 175 1 285
297 0 160 1 286
307 0 171 1 287
318 0 168 1 288
316 0 155 1 289
302 0 158 1 290
300 0 169 1 291
-50 0 78 1 292
-47 0 113 1 293
-25 0 87 1 294
-5 0 78 1 295
-4 0 87 1 296
6 0 87 1 297
8 0 104 1 298
27 0 87 1 299
20 0 110 1 300
19 0 130 1 301
42 0 102 1 302
44 0 106 1 303
47 0 110 1 304
82 0 78 1 305
79 0 87 1 306
89 0 87 1 307
110 0 78 1 308
124 0 87 1 309
133 0 96 1 310
145 0 87 1 311
143 0 99 1 312
147 0 103 1 313
169 0 87 1 314
153 0 110 1 315
183 0 87 1 316
161 0 112 1 317
215 0 78 1 318
220 0 87 1 319
230 0 87 1 320
259 0 78 1 321
265 0 87 1 322
301 0 78 1 323
311 0 103 1 324
326 0 78 1 325
321 0 101 1 326
345 0 87 1 327
354 0 78 1 328
348 0 100 1 329
362 0 87 1 330
350 0 107 1 331
364 0 98 1 332
379 0 87 1 333
364 0 108 1 334
366 0 113 1 335
446 0 104 1 336
447 0 126 1 337
476 0 78 1 338
464 0 119 1 339
483 0 90 1 340
490 0 100 1 341
496 0 89 1 342
490 0 114 1 343
490 0 124 1 344
502 0 112 1 345
490 0 138 1 346
490 0 149 1 347
502 0 140 1 348
490 0 162 1 349
490 0 173 1 350
502 0 167 1 351
490 0 186 1 352
502 0 191 1 353
490 0 199 1 354
490 0 210 1 355
502 0 219 1 356
490 0 224 1 357
490 0 234 1 358
502 0 247 1 359
466 0 250 1 360
418 0 242 1 361
442 0 250 1 362
397 0 242 1 363
418 0 250 1 364
384 0 242 1 365
373 0 242 1 366
390 0 250 1 367
359 0 242 1 368
349 0 242 1 369
362 0 250 1 370
335 0 242 1 371
337 0 250 1 372
316 0 250 1 373
283 0 242 1 374
273 0 242 1 375
289 0 250 1 376
252 0 242 1 377
242 0 242 1 378
261 0 250 1 379
240 0 250 1 380
197 0 242 1 381
216 0 250 1 382
184 0 242 1 383
173 0 242 1 384
188 0 250 1 385
159 0 242 1 386
149 0 242 1 387
161 0 250 1 388
128 0 242 1 389
118 0 242 1 390
133 0 250 1 391
104 0 242 1 392
94 0 242 1 393
105 0 250 1 394
80 0 242 1 395
80 0 250 1 396
59 0 250 1 397
35 0 242 1 398
24 0 242 1 399
32 0 250 1 400
11 0 242 1 401
0 0 242 1 402
4 0 250 1 403
-21 0 242 1 404
-31 0 242 1 405
-47 0 238 1 406
-45 0 250 1 407
-27 0 246 1 408
-24 0 234 1 409
-39 0 225 1 410
-39 0 215 1 411
-50 0 203 1 412
-20 0 195 1 413
-20 0 182 1 414
-39 0 187 1 415
-39 0 178 1 416
-39 0 168 1 417
-39 0 157 1 418
-50 0 162 1 419
-39 0 143 1 420
-25 0 111 1 421
-39 0 130 1 422
-39 0 119 1 423
-39 0 109 1 424
-33 0 89 1 425
-39 0 94 1 426
-50 0 99 1 427
