428
16 3 164 1 0
37 3 149 1 1
35 3 153 1 2
37 3 164 1 3
88 3 154 1 4
90 3 163 1 5
46 3 177 1 6
43 3 185 1 7
35 3 191 1 8
37 3 201 1 9
2 3 210 1 10
46 3 146 1 11
108 3 157 1 12
107 3 165 1 13
121 3 147 1 14
109 3 173 1 15
125 3 229 1 16
119 3 145 1 17
123 3 177 1 18
135 3 139 1 19
130 3 219 1 20
122 3 179 1 21
68 3 204 1 22
143 3 137 1 23
141 3 174 1 24
59 3 196 1 25
152 3 139 1 26
91 3 192 1 27
141 3 171 1 28
126 3 184 1 29
141 3 149 1 30
142 3 160 1 31
141 3 181 1 32
149 3 166 1 33
150 3 174 1 34
83 3 196 1 35
165 3 152 1 36
163 3 159 1 37
219 3 157 1 38
213 3 162 1 39
154 3 149 1 40
192 3 228 1 41
208 3 229 1 42
222 3 164 1 43
174 3 140 1 44
218 3 229 1 45
175 3 144 1 46
231 3 157 1 47
231 3 198 1 48
238 3 141 1 49
229 3 172 1 50
245 3 196 1 51
230 3 180 1 52
252 3 190 1 53
256 3 195 1 54
263 3 117 1 55
286 3 200 1 56
293 3 143 1 57
299 3 207 1 58
297 3 136 1 59
303 3 202 1 60
302 3 213 1 61
304 3 139 1 62
314 3 195 1 63
309 3 216 1 64
312 3 184 1 65
317 3 132 1 66
317 3 180 1 67
313 3 206 1 68
322 3 177 1 69
320 3 143 1 70
328 3 172 1 71
321 3 158 1 72
318 3 150 1 73
320 3 206 1 74
-5 0 181 1 75
7 0 191 1 76
7 0 174 1 77
-2 0 194 1 78
6 0 174 1 79
-9 0 200 1 80
23 0 170 1 81
6 0 142 1 82
15 0 134 1 83
16 0 211 1 84
14 0 90 1 85
13 0 131 1 86
18 0 220 1 87
3 0 121 1 88
31 0 169 1 89
19 0 142 1 90
30 0 231 1 91
23 0 81 1 92
14 0 132 1 93
11 0 121 1 94
20 0 148 1 95
32 0 172 1 96
46 0 233 1 97
13 0 137 1 98
16 0 108 1 99
28 0 109 1 100
41 0 141 1 101
41 0 166 1 102
41 0 99 1 103
42 0 231 1 104
36 0 91 1 105
38 0 155 1 106
31 0 164 1 107
59 0 230 1 108
49 0 83 1 109
21 0 210 1 110
29 0 123 1 111
36 0 207 1 112
59 0 92 1 113
43 0 119 1 114
33 0 205 1 115
53 0 118 1 116
53 0 202 1 117
86 0 97 1 118
59 0 200 1 119
95 0 100 1 120
118 0 200 1 121
105 0 100 1 122
122 0 92 1 123
79 0 192 1 124
124 0 100 1 125
127 0 196 1 126
145 0 92 1 127
79 0 192 1 128
133 0 207 1 129
145 0 100 1 130
136 0 212 1 131
137 0 120 1 132
129 0 131 1 133
80 0 195 1 134
174 0 92 1 135
143 0 194 1 136
177 0 100 1 137
192 0 197 1 138
187 0 101 1 139
207 0 193 1 140
203 0 196 1 141
97 0 196 1 142
198 0 101 1 143
202 0 227 1 144
222 0 92 1 145
222 0 198 1 146
225 0 99 1 147
239 0 198 1 148
235 0 97 1 149
245 0 230 1 150
244 0 100 1 151
267 0 232 1 152
260 0 102 1 153
269 0 97 1 154
277 0 235 1 155
277 0 105 1 156
286 0 104 1 157
288 0 234 1 158
296 0 104 1 159
305 0 233 1 160
306 0 104 1 161
301 0 231 1 162
316 0 104 1 163
318 0 219 1 164
326 0 217 1 165
327 0 103 1 166
327 0 119 1 167
334 0 206 1 168
328 0 127 1 169
330 0 198 1 170
336 0 125 1 171
347 0 196 1 172
350 0 122 1 173
335 0 191 1 174
362 0 171 1 175
346 0 170 1 176
349 0 139 1 177
357 0 175 1 178
342 0 189 1 179
361 0 161 1 180
356 0 147 1 181
347 0 186 1 182
391 0 177 1 183
392 0 157 1 184
395 0 142 1 185
360 0 152 1 186
400 0 203 1 187
401 0 184 1 188
389 0 237 1 189
362 0 114 1 190
416 0 100 1 191
411 0 209 1 192
418 0 194 1 193
403 0 235 1 194
366 0 127 1 195
361 0 138 1 196
365 0 140 1 197
404 0 211 1 198
416 0 106 1 199
386 0 83 1 200
417 0 234 1 201
373 0 110 1 202
424 0 193 1 203
362 0 210 1 204
406 0 137 1 205
361 0 205 1 206
386 0 92 1 207
404 0 88 1 208
362 0 220 1 209
411 0 141 1 210
373 0 126 1 211
412 0 123 1 212
416 0 120 1 213
408 0 142 1 214
413 0 100 1 215
375 0 116 1 216
415 0 236 1 217
373 0 110 1 218
416 0 127 1 219
423 0 130 1 220
376 0 120 1 221
430 0 185 1 222
430 0 235 1 223
396 0 92 1 224
418 0 139 1 225
424 0 141 1 226
426 0 191 1 227
411 0 96 1 228
438 0 234 1 229
441 0 189 1 230
437 0 205 1 231
365 0 116 1 232
444 0 106 1 233
381 0 106 1 234
406 0 92 1 235
432 0 94 1 236
424 0 127 1 237
373 0 208 1 238
428 0 127 1 239
434 0 181 1 240
445 0 213 1 241
433 0 126 1 242
446 0 88 1 243
450 0 214 1 244
415 0 204 1 245
436 0 135 1 246
442 0 183 1 247
441 0 136 1 248
444 0 205 1 249
442 0 89 1 250
440 0 121 1 251
448 0 127 1 252
441 0 197 1 253
448 0 181 1 254
443 0 215 1 255
441 0 105 1 256
459 0 212 1 257
444 0 117 1 258
454 0 127 1 259
463 0 210 1 260
464 0 204 1 261
465 0 233 1 262
465 0 198 1 263
465 0 192 1 264
446 0 116 1 265
465 0 108 1 266
458 0 96 1 267
432 0 213 1 268
458 0 136 1 269
461 0 236 1 270
450 0 128 1 271
456 0 237 1 272
463 0 133 1 273
477 0 246 1 274
483 0 110 1 275
479 0 238 1 276
307 0 143 1 277
328 0 158 1 278
327 0 180 1 279
288 0 181 1 280
286 0 169 1 281
300 0 152 1 282
320 0 160 1 283
314 0 172 1 284
295 0 175 1 285
297 0 160 1 286
307 0 171 1 287
318 0 167 1 288
316 0 155 1 289
302 0 158 1 290
300 0 169 1 291
-48 0 75 1 292
-44 0 108 1 293
-23 0 83 1 294
-3 0 75 1 295
-3 0 83 1 296
8 0 83 1 297
11 0 99 1 298
29 0 83 1 299
23 0 105 1 300
23 0 123 1 301
45 0 97 1 302
48 0 101 1 303
51 0 105 1 304
85 0 75 1 305
82 0 83 1 306
93 0 83 1 307
113 0 75 1 308
127 0 83 1 309
137 0 92 1 310
148 0 83 1 311
147 0 95 1 312
151 0 98 1 313
172 0 83 1 314
159 0 104 1 315
187 0 83 1 316
167 0 107 1 317
218 0 75 1 318
224 0 83 1 319
234 0 83 1 320
262 0 75 1 321
268 0 83 1 322
303 0 75 1 323
313 0 99 1 324
327 0 75 1 325
324 0 96 1 326
346 0 83 1 327
356 0 75 1 328
351 0 95 1 329
365 0 83 1 330
354 0 102 1 331
368 0 94 1 332
383 0 83 1 333
369 0 102 1 334
372 0 108 1 335
448 0 99 1 336
450 0 120 1 337
477 0 75 1 338
467 0 113 1 339
484 0 87 1 340
492 0 97 1 341
497 0 87 1 342
492 0 111 1 343
492 0 122 1 344
502 0 111 1 345
492 0 136 1 346
492 0 147 1 347
502 0 139 1 348
492 0 161 1 349
492 0 171 1 350
502 0 167 1 351
492 0 185 1 352
502 0 190 1 353
492 0 199 1 354
492 0 210 1 355
502 0 219 1 356
492 0 224 1 357
492 0 234 1 358
502 0 247 1 359
469 0 251 1 360
423 0 243 1 361
445 0 251 1 362
402 0 243 1 363
420 0 251 1 364
388 0 243 1 365
377 0 243 1 366
392 0 251 1 367
363 0 243 1 368
353 0 243 1 369
364 0 251 1 370
338 0 243 1 371
340 0 251 1 372
319 0 251 1 373
287 0 243 1 374
277 0 243 1 375
291 0 251 1 376
256 0 243 1 377
245 0 243 1 378
263 0 251 1 379
242 0 251 1 380
202 0 243 1 381
219 0 251 1 382
188 0 243 1 383
177 0 243 1 384
191 0 251 1 385
163 0 243 1 386
152 0 243 1 387
163 0 251 1 388
132 0 243 1 389
121 0 243 1 390
134 0 251 1 391
107 0 243 1 392
96 0 243 1 393
106 0 251 1 394
82 0 243 1 395
82 0 251 1 396
61 0 251 1 397
38 0 243 1 398
27 0 243 1 399
33 0 251 1 400
13 0 243 1 401
2 0 243 1 402
5 0 251 1 403
-19 0 243 1 404
-29 0 243 1 405
-45 0 239 1 406
-43 0 250 1 407
-27 0 246 1 408
-23 0 235 1 409
-38 0 226 1 410
-38 0 215 1 411
-48 0 203 1 412
-20 0 195 1 413
-20 0 182 1 414
-38 0 186 1 415
-38 0 177 1 416
-38 0 166 1 417
-38 0 156 1 418
-48 0 160 1 419
-38 0 142 1 420
-25 0 110 1 421
-38 0 127 1 422
-38 0 117 1 423
-38 0 106 1 424
-32 0 87 1 425
-38 0 91 1 426
-48 0 95 1 427
