428
36 5 153 1 0
53 5 142 1 1
55 5 143 1 2
58 5 152 1 3
90 5 150 1 4
91 5 161 1 5
63 5 175 1 6
62 5 185 1 7
56 5 193 1 8
58 5 204 1 9
35 5 214 1 10
64 5 137 1 11
120 5 152 1 12
118 5 162 1 13
128 5 142 1 14
121 5 171 1 15
133 5 227 1 16
129 5 138 1 17
134 5 177 1 18
143 5 132 1 19
140 5 219 1 20
138 5 179 1 21
105 5 208 1 22
153 5 131 1 23
154 5 174 1 24
102 5 201 1 25
162 5 134 1 26
125 5 195 1 27
158 5 169 1 28
148 5 186 1 29
158 5 144 1 30
160 5 155 1 31
160 5 181 1 32
165 5 163 1 33
166 5 173 1 34
133 5 202 1 35
187 5 146 1 36
185 5 154 1 37
220 5 157 1 38
217 5 164 1 39
180 5 140 1 40
204 5 225 1 41
217 5 227 1 42
227 5 164 1 43
197 5 134 1 44
226 5 227 1 45
202 5 136 1 46
237 5 159 1 47
239 5 205 1 48
244 5 134 1 49
240 5 171 1 50
251 5 202 1 51
242 5 180 1 52
257 5 190 1 53
259 5 197 1 54
264 5 119 1 55
289 5 206 1 56
294 5 139 1 57
300 5 207 1 58
300 5 132 1 59
305 5 202 1 60
305 5 215 1 61
307 5 132 1 62
314 5 195 1 63
313 5 216 1 64
315 5 185 1 65
320 5 128 1 66
320 5 180 1 67
319 5 210 1 68
326 5 175 1 69
326 5 137 1 70
331 5 168 1 71
328 5 154 1 72
326 5 145 1 73
327 5 211 1 74
-3 0 181 1 75
7 0 191 1 76
8 0 174 1 77
5 0 195 1 78
10 0 172 1 79
3 0 202 1 80
25 0 169 1 81
15 0 126 1 82
21 0 124 1 83
22 0 212 1 84
21 0 74 1 85
22 0 116 1 86
25 0 220 1 87
16 0 97 1 88
33 0 168 1 89
26 0 132 1 90
34 0 231 1 91
30 0 66 1 92
24 0 115 1 93
24 0 99 1 94
30 0 138 1 95
38 0 169 1 96
47 0 233 1 97
27 0 115 1 98
29 0 85 1 99
37 0 93 1 100
47 0 137 1 101
47 0 163 1 102
47 0 88 1 103
48 0 230 1 104
45 0 75 1 105
47 0 150 1 106
42 0 159 1 107
62 0 228 1 108
57 0 70 1 109
42 0 214 1 110
48 0 95 1 111
55 0 210 1 112
71 0 76 1 113
63 0 96 1 114
57 0 208 1 115
72 0 98 1 116
73 0 205 1 117
96 0 86 1 118
81 0 202 1 119
104 0 90 1 120
122 0 201 1 121
114 0 91 1 122
127 0 85 1 123
101 0 195 1 124
132 0 91 1 125
135 0 198 1 126
149 0 86 1 127
108 0 196 1 128
146 0 207 1 129
154 0 91 1 130
150 0 212 1 131
152 0 105 1 132
150 0 111 1 133
119 0 201 1 134
182 0 86 1 135
163 0 198 1 136
188 0 91 1 137
197 0 199 1 138
198 0 92 1 139
210 0 195 1 140
210 0 199 1 141
144 0 202 1 142
209 0 92 1 143
214 0 224 1 144
228 0 86 1 145
231 0 205 1 146
234 0 89 1 147
246 0 205 1 148
244 0 86 1 149
252 0 228 1 150
253 0 91 1 151
269 0 232 1 152
265 0 94 1 153
273 0 93 1 154
280 0 236 1 155
281 0 99 1 156
290 0 98 1 157
292 0 235 1 158
299 0 98 1 159
306 0 233 1 160
309 0 98 1 161
306 0 231 1 162
319 0 98 1 163
321 0 220 1 164
330 0 217 1 165
330 0 96 1 166
334 0 105 1 167
338 0 208 1 168
337 0 113 1 169
339 0 201 1 170
344 0 115 1 171
353 0 197 1 172
357 0 116 1 173
349 0 192 1 174
367 0 169 1 175
357 0 165 1 176
360 0 129 1 177
366 0 175 1 178
356 0 190 1 179
370 0 157 1 180
368 0 136 1 181
362 0 187 1 182
391 0 178 1 183
391 0 151 1 184
395 0 139 1 185
373 0 142 1 186
405 0 207 1 187
407 0 186 1 188
399 0 240 1 189
383 0 96 1 190
417 0 99 1 191
414 0 212 1 192
419 0 194 1 193
410 0 237 1 194
387 0 109 1 195
384 0 118 1 196
386 0 120 1 197
411 0 214 1 198
419 0 101 1 199
400 0 71 1 200
420 0 235 1 201
393 0 93 1 202
424 0 195 1 203
386 0 218 1 204
414 0 121 1 205
386 0 213 1 206
403 0 76 1 207
414 0 79 1 208
388 0 228 1 209
419 0 124 1 210
396 0 106 1 211
420 0 107 1 212
423 0 107 1 213
418 0 123 1 214
421 0 91 1 215
398 0 96 1 216
423 0 238 1 217
397 0 88 1 218
425 0 110 1 219
429 0 116 1 220
400 0 99 1 221
434 0 188 1 222
434 0 237 1 223
413 0 76 1 224
427 0 117 1 225
432 0 123 1 226
433 0 198 1 227
424 0 84 1 228
441 0 235 1 229
443 0 191 1 230
441 0 208 1 231
396 0 88 1 232
446 0 101 1 233
407 0 84 1 234
422 0 76 1 235
439 0 80 1 236
434 0 103 1 237
402 0 218 1 238
437 0 105 1 239
441 0 186 1 240
448 0 215 1 241
441 0 107 1 242
450 0 79 1 243
452 0 217 1 244
431 0 214 1 245
444 0 114 1 246
448 0 187 1 247
448 0 117 1 248
450 0 213 1 249
449 0 73 1 250
448 0 99 1 251
454 0 113 1 252
449 0 206 1 253
454 0 186 1 254
451 0 221 1 255
450 0 84 1 256
461 0 214 1 257
452 0 97 1 258
459 0 114 1 259
464 0 210 1 260
465 0 205 1 261
466 0 234 1 262
466 0 199 1 263
467 0 193 1 264
455 0 93 1 265
467 0 104 1 266
463 0 84 1 267
447 0 222 1 268
464 0 123 1 269
466 0 238 1 270
460 0 104 1 271
464 0 240 1 272
469 0 122 1 273
479 0 246 1 274
483 0 107 1 275
482 0 242 1 276
309 0 141 1 277
330 0 156 1 278
326 0 180 1 279
291 0 181 1 280
286 0 163 1 281
304 0 150 1 282
322 0 159 1 283
316 0 173 1 284
298 0 174 1 285
297 0 159 1 286
309 0 170 1 287
319 0 166 1 288
316 0 154 1 289
303 0 156 1 290
301 0 167 1 291
-38 0 57 1 292
-31 0 78 1 293
-14 0 62 1 294
3 0 57 1 295
8 0 62 1 296
19 0 62 1 297
24 0 72 1 298
40 0 62 1 299
41 0 76 1 300
45 0 87 1 301
63 0 71 1 302
69 0 73 1 303
75 0 76 1 304
101 0 57 1 305
103 0 62 1 306
114 0 62 1 307
131 0 57 1 308
143 0 62 1 309
154 0 68 1 310
165 0 62 1 311
169 0 69 1 312
175 0 71 1 313
193 0 62 1 314
189 0 75 1 315
210 0 62 1 316
202 0 77 1 317
238 0 57 1 318
246 0 62 1 319
257 0 62 1 320
279 0 57 1 321
286 0 62 1 322
313 0 57 1 323
323 0 72 1 324
336 0 57 1 325
338 0 70 1 326
357 0 62 1 327
367 0 57 1 328
368 0 70 1 329
381 0 62 1 330
378 0 74 1 331
391 0 69 1 332
405 0 62 1 333
400 0 74 1 334
406 0 77 1 335
458 0 72 1 336
463 0 85 1 337
485 0 57 1 338
482 0 81 1 339
493 0 69 1 340
498 0 79 1 341
501 0 77 1 342
498 0 97 1 343
498 0 108 1 344
504 0 105 1 345
498 0 125 1 346
498 0 136 1 347
504 0 135 1 348
498 0 153 1 349
498 0 164 1 350
504 0 165 1 351
498 0 180 1 352
504 0 188 1 353
498 0 198 1 354
498 0 208 1 355
504 0 218 1 356
498 0 226 1 357
498 0 236 1 358
504 0 248 1 359
484 0 255 1 360
450 0 250 1 361
460 0 255 1 362
429 0 250 1 363
436 0 255 1 364
411 0 250 1 365
401 0 250 1 366
406 0 255 1 367
383 0 250 1 368
373 0 250 1 369
376 0 255 1 370
355 0 250 1 371
352 0 255 1 372
335 0 255 1 373
311 0 250 1 374
300 0 250 1 375
305 0 255 1 376
278 0 250 1 377
268 0 250 1 378
274 0 255 1 379
257 0 255 1 380
227 0 250 1 381
234 0 255 1 382
211 0 250 1 383
200 0 250 1 384
204 0 255 1 385
183 0 250 1 386
172 0 250 1 387
174 0 255 1 388
150 0 250 1 389
140 0 250 1 390
144 0 255 1 391
122 0 250 1 392
111 0 250 1 393
113 0 255 1 394
94 0 250 1 395
90 0 255 1 396
73 0 255 1 397
53 0 250 1 398
43 0 250 1 399
42 0 255 1 400
25 0 250 1 401
15 0 250 1 402
12 0 255 1 403
-7 0 250 1 404
-18 0 250 1 405
-32 0 248 1 406
-35 0 254 1 407
-24 0 248 1 408
-22 0 236 1 409
-31 0 226 1 410
-31 0 216 1 411
-38 0 204 1 412
-20 0 194 1 413
-20 0 182 1 414
-31 0 181 1 415
-31 0 171 1 416
-31 0 160 1 417
-31 0 150 1 418
-38 0 148 1 419
-31 0 132 1 420
-23 0 108 1 421
-31 0 115 1 422
-31 0 104 1 423
-31 0 93 1 424
-27 0 77 1 425
-31 0 75 1 426
-38 0 74 1 427
