428
32 5 155 1 0
49 5 143 1 1
51 5 145 1 2
53 5 155 1 3
89 5 151 1 4
91 5 161 1 5
59 5 176 1 6
58 5 185 1 7
52 5 193 1 8
53 5 203 1 9
28 5 214 1 10
60 5 139 1 11
117 5 153 1 12
116 5 162 1 13
127 5 143 1 14
118 5 172 1 15
131 5 227 1 16
127 5 139 1 17
132 5 177 1 18
141 5 134 1 19
138 5 219 1 20
134 5 179 1 21
97 5 207 1 22
151 5 133 1 23
151 5 174 1 24
93 5 200 1 25
160 5 135 1 26
117 5 195 1 27
154 5 169 1 28
143 5 186 1 29
154 5 145 1 30
156 5 156 1 31
156 5 181 1 32
161 5 164 1 33
163 5 173 1 34
121 5 201 1 35
182 5 147 1 36
180 5 155 1 37
220 5 157 1 38
216 5 164 1 39
174 5 142 1 40
202 5 226 1 41
215 5 227 1 42
226 5 164 1 43
192 5 135 1 44
224 5 228 1 45
196 5 138 1 46
236 5 159 1 47
237 5 204 1 48
243 5 136 1 49
237 5 171 1 50
250 5 200 1 51
240 5 180 1 52
256 5 190 1 53
258 5 197 1 54
264 5 118 1 55
289 5 204 1 56
294 5 140 1 57
300 5 207 1 58
299 5 133 1 59
305 5 202 1 60
304 5 214 1 61
306 5 134 1 62
314 5 195 1 63
312 5 216 1 64
315 5 185 1 65
319 5 128 1 66
320 5 180 1 67
317 5 210 1 68
325 5 175 1 69
325 5 139 1 70
331 5 168 1 71
326 5 155 1 72
324 5 146 1 73
326 5 210 1 74
-4 0 181 1 75
7 0 191 1 76
8 0 174 1 77
3 0 195 1 78
9 0 172 1 79
0 0 202 1 80
24 0 169 1 81
13 0 130 1 82
20 0 127 1 83
20 0 212 1 84
20 0 78 1 85
20 0 119 1 86
23 0 220 1 87
13 0 102 1 88
33 0 168 1 89
25 0 135 1 90
33 0 231 1 91
28 0 69 1 92
22 0 119 1 93
21 0 104 1 94
28 0 140 1 95
36 0 170 1 96
47 0 233 1 97
23 0 120 1 98
26 0 90 1 99
35 0 97 1 100
45 0 138 1 101
46 0 164 1 102
46 0 91 1 103
47 0 230 1 104
43 0 78 1 105
45 0 151 1 106
40 0 160 1 107
61 0 229 1 108
56 0 73 1 109
37 0 214 1 110
44 0 102 1 111
51 0 209 1 112
68 0 80 1 113
59 0 101 1 114
51 0 207 1 115
68 0 102 1 116
68 0 204 1 117
94 0 89 1 118
76 0 201 1 119
102 0 92 1 120
121 0 201 1 121
112 0 93 1 122
126 0 87 1 123
96 0 194 1 124
130 0 93 1 125
133 0 197 1 126
148 0 88 1 127
102 0 196 1 128
143 0 207 1 129
152 0 93 1 130
147 0 212 1 131
149 0 108 1 132
145 0 116 1 133
110 0 199 1 134
180 0 87 1 135
158 0 197 1 136
185 0 93 1 137
196 0 198 1 138
195 0 94 1 139
210 0 194 1 140
208 0 198 1 141
133 0 200 1 142
207 0 94 1 143
211 0 224 1 144
226 0 87 1 145
229 0 204 1 146
232 0 91 1 147
244 0 204 1 148
242 0 89 1 149
251 0 228 1 150
251 0 93 1 151
269 0 232 1 152
264 0 96 1 153
272 0 94 1 154
279 0 236 1 155
280 0 100 1 156
289 0 99 1 157
291 0 235 1 158
298 0 99 1 159
306 0 233 1 160
308 0 99 1 161
305 0 231 1 162
318 0 99 1 163
320 0 220 1 164
329 0 217 1 165
330 0 98 1 166
332 0 108 1 167
338 0 208 1 168
335 0 116 1 169
337 0 200 1 170
342 0 117 1 171
351 0 197 1 172
355 0 118 1 173
346 0 192 1 174
366 0 169 1 175
355 0 166 1 176
358 0 132 1 177
364 0 175 1 178
353 0 190 1 179
368 0 158 1 180
365 0 138 1 181
359 0 187 1 182
391 0 178 1 183
391 0 152 1 184
395 0 139 1 185
370 0 144 1 186
404 0 206 1 187
406 0 186 1 188
397 0 239 1 189
378 0 100 1 190
417 0 99 1 191
413 0 211 1 192
419 0 194 1 193
408 0 237 1 194
382 0 113 1 195
379 0 122 1 196
381 0 125 1 197
409 0 213 1 198
418 0 102 1 199
397 0 74 1 200
419 0 235 1 201
388 0 97 1 202
424 0 194 1 203
381 0 217 1 204
412 0 124 1 205
381 0 211 1 206
399 0 80 1 207
412 0 81 1 208
382 0 227 1 209
418 0 128 1 210
391 0 110 1 211
419 0 110 1 212
421 0 110 1 213
415 0 127 1 214
420 0 93 1 215
393 0 101 1 216
421 0 237 1 217
391 0 93 1 218
423 0 114 1 219
428 0 120 1 220
395 0 104 1 221
434 0 188 1 222
433 0 236 1 223
409 0 80 1 224
425 0 122 1 225
430 0 127 1 226
431 0 197 1 227
421 0 86 1 228
440 0 235 1 229
443 0 191 1 230
441 0 208 1 231
389 0 94 1 232
446 0 102 1 233
401 0 89 1 234
418 0 80 1 235
438 0 83 1 236
432 0 109 1 237
396 0 215 1 238
435 0 110 1 239
439 0 185 1 240
447 0 214 1 241
439 0 111 1 242
449 0 81 1 243
452 0 216 1 244
427 0 211 1 245
442 0 119 1 246
446 0 187 1 247
447 0 121 1 248
448 0 211 1 249
448 0 77 1 250
446 0 104 1 251
452 0 116 1 252
448 0 204 1 253
453 0 185 1 254
449 0 219 1 255
448 0 89 1 256
461 0 213 1 257
451 0 101 1 258
458 0 117 1 259
464 0 210 1 260
465 0 205 1 261
466 0 234 1 262
466 0 199 1 263
466 0 193 1 264
453 0 98 1 265
466 0 104 1 266
462 0 86 1 267
444 0 220 1 268
463 0 126 1 269
465 0 238 1 270
458 0 109 1 271
462 0 239 1 272
468 0 124 1 273
479 0 246 1 274
483 0 108 1 275
482 0 241 1 276
308 0 141 1 277
330 0 157 1 278
326 0 180 1 279
290 0 181 1 280
286 0 165 1 281
304 0 150 1 282
321 0 159 1 283
315 0 173 1 284
297 0 174 1 285
297 0 159 1 286
308 0 170 1 287
319 0 166 1 288
316 0 154 1 289
303 0 157 1 290
301 0 167 1 291
-40 0 61 1 292
-34 0 84 1 293
-16 0 67 1 294
2 0 61 1 295
6 0 67 1 296
16 0 67 1 297
21 0 78 1 298
38 0 67 1 299
37 0 82 1 300
40 0 95 1 301
59 0 77 1 302
64 0 80 1 303
70 0 82 1 304
97 0 61 1 305
98 0 67 1 306
109 0 67 1 307
127 0 61 1 308
140 0 67 1 309
150 0 73 1 310
161 0 67 1 311
164 0 75 1 312
170 0 77 1 313
188 0 67 1 314
182 0 82 1 315
205 0 67 1 316
194 0 84 1 317
233 0 61 1 318
241 0 67 1 319
252 0 67 1 320
275 0 61 1 321
282 0 67 1 322
310 0 61 1 323
321 0 78 1 324
334 0 61 1 325
335 0 76 1 326
354 0 67 1 327
364 0 61 1 328
364 0 75 1 329
377 0 67 1 330
373 0 80 1 331
386 0 74 1 332
400 0 67 1 333
393 0 80 1 334
398 0 84 1 335
456 0 78 1 336
460 0 93 1 337
483 0 61 1 338
479 0 89 1 339
491 0 73 1 340
496 0 83 1 341
500 0 80 1 342
496 0 100 1 343
496 0 111 1 344
504 0 106 1 345
496 0 127 1 346
496 0 138 1 347
504 0 136 1 348
496 0 155 1 349
496 0 166 1 350
504 0 166 1 351
496 0 181 1 352
504 0 188 1 353
496 0 198 1 354
496 0 209 1 355
504 0 218 1 356
496 0 225 1 357
496 0 236 1 358
504 0 248 1 359
480 0 254 1 360
444 0 249 1 361
456 0 254 1 362
423 0 249 1 363
433 0 254 1 364
406 0 249 1 365
395 0 249 1 366
403 0 254 1 367
379 0 249 1 368
368 0 249 1 369
373 0 254 1 370
351 0 249 1 371
349 0 254 1 372
331 0 254 1 373
305 0 249 1 374
295 0 249 1 375
302 0 254 1 376
273 0 249 1 377
263 0 249 1 378
272 0 254 1 379
254 0 254 1 380
221 0 249 1 381
230 0 254 1 382
206 0 249 1 383
195 0 249 1 384
201 0 254 1 385
178 0 249 1 386
167 0 249 1 387
171 0 254 1 388
146 0 249 1 389
135 0 249 1 390
142 0 254 1 391
119 0 249 1 392
108 0 249 1 393
112 0 254 1 394
91 0 249 1 395
88 0 254 1 396
70 0 254 1 397
50 0 249 1 398
39 0 249 1 399
40 0 254 1 400
23 0 249 1 401
12 0 249 1 402
11 0 254 1 403
-9 0 249 1 404
-20 0 249 1 405
-35 0 246 1 406
-37 0 254 1 407
-25 0 247 1 408
-22 0 236 1 409
-33 0 226 1 410
-33 0 215 1 411
-40 0 203 1 412
-20 0 195 1 413
-20 0 182 1 414
-33 0 182 1 415
-33 0 172 1 416
-33 0 162 1 417
-33 0 151 1 418
-40 0 150 1 419
-33 0 134 1 420
-23 0 109 1 421
-33 0 118 1 422
-33 0 107 1 423
-33 0 96 1 424
-28 0 79 1 425
-33 0 79 1 426
-40 0 79 1 427
