428
20 3 162 1 0
39 3 148 1 1
39 3 151 1 2
40 3 162 1 3
88 3 153 1 4
90 3 162 1 5
49 3 177 1 6
46 3 185 1 7
38 3 191 1 8
41 3 202 1 9
7 3 211 1 10
49 3 145 1 11
110 3 156 1 12
108 3 165 1 13
122 3 146 1 14
111 3 173 1 15
126 3 229 1 16
120 3 144 1 17
125 3 177 1 18
136 3 138 1 19
131 3 219 1 20
125 3 179 1 21
74 3 204 1 22
145 3 136 1 23
143 3 174 1 24
66 3 197 1 25
153 3 138 1 26
97 3 192 1 27
143 3 171 1 28
129 3 184 1 29
144 3 148 1 30
145 3 159 1 31
144 3 181 1 32
151 3 165 1 33
153 3 174 1 34
91 3 197 1 35
169 3 151 1 36
166 3 158 1 37
219 3 157 1 38
213 3 163 1 39
158 3 148 1 40
194 3 228 1 41
210 3 229 1 42
223 3 164 1 43
178 3 139 1 44
219 3 229 1 45
180 3 143 1 46
232 3 157 1 47
232 3 199 1 48
239 3 140 1 49
231 3 172 1 50
246 3 197 1 51
232 3 180 1 52
253 3 190 1 53
257 3 196 1 54
263 3 117 1 55
286 3 201 1 56
293 3 142 1 57
299 3 207 1 58
297 3 135 1 59
303 3 202 1 60
303 3 213 1 61
305 3 138 1 62
314 3 195 1 63
310 3 216 1 64
312 3 184 1 65
317 3 131 1 66
317 3 180 1 67
314 3 207 1 68
323 3 176 1 69
321 3 142 1 70
328 3 171 1 71
322 3 157 1 72
319 3 149 1 73
321 3 207 1 74
-5 0 181 1 75
7 0 191 1 76
7 0 174 1 77
-1 0 194 1 78
6 0 173 1 79
-7 0 201 1 80
23 0 170 1 81
8 0 139 1 82
16 0 133 1 83
17 0 211 1 84
15 0 88 1 85
14 0 128 1 86
19 0 220 1 87
5 0 117 1 88
31 0 169 1 89
20 0 141 1 90
31 0 231 1 91
24 0 78 1 92
15 0 129 1 93
13 0 118 1 94
22 0 146 1 95
33 0 171 1 96
46 0 233 1 97
15 0 134 1 98
18 0 105 1 99
30 0 106 1 100
42 0 140 1 101
42 0 166 1 102
42 0 97 1 103
43 0 231 1 104
38 0 88 1 105
39 0 154 1 106
32 0 164 1 107
59 0 230 1 108
51 0 81 1 109
24 0 211 1 110
32 0 119 1 111
39 0 208 1 112
61 0 89 1 113
46 0 115 1 114
37 0 205 1 115
56 0 115 1 116
56 0 202 1 117
88 0 96 1 118
63 0 200 1 119
96 0 98 1 120
119 0 200 1 121
106 0 99 1 122
123 0 91 1 123
83 0 192 1 124
125 0 99 1 125
128 0 196 1 126
145 0 91 1 127
83 0 193 1 128
135 0 207 1 129
147 0 99 1 130
138 0 212 1 131
139 0 118 1 132
132 0 128 1 133
86 0 196 1 134
176 0 91 1 135
146 0 194 1 136
179 0 99 1 137
193 0 197 1 138
189 0 99 1 139
207 0 193 1 140
204 0 197 1 141
104 0 197 1 142
200 0 99 1 143
204 0 227 1 144
223 0 91 1 145
223 0 199 1 146
227 0 97 1 147
240 0 199 1 148
237 0 96 1 149
246 0 229 1 150
245 0 98 1 151
267 0 232 1 152
260 0 101 1 153
270 0 96 1 154
278 0 235 1 155
278 0 104 1 156
287 0 103 1 157
289 0 234 1 158
296 0 103 1 159
305 0 233 1 160
306 0 103 1 161
302 0 231 1 162
317 0 103 1 163
319 0 219 1 164
327 0 217 1 165
327 0 102 1 166
328 0 116 1 167
335 0 207 1 168
329 0 124 1 169
331 0 199 1 170
337 0 123 1 171
348 0 196 1 172
351 0 121 1 173
338 0 191 1 174
363 0 170 1 175
347 0 169 1 176
351 0 138 1 177
358 0 175 1 178
344 0 189 1 179
362 0 161 1 180
358 0 145 1 181
349 0 186 1 182
391 0 177 1 183
392 0 156 1 184
395 0 142 1 185
362 0 151 1 186
401 0 204 1 187
402 0 184 1 188
390 0 237 1 189
365 0 111 1 190
417 0 100 1 191
411 0 209 1 192
418 0 194 1 193
404 0 236 1 194
370 0 125 1 195
365 0 135 1 196
368 0 137 1 197
405 0 212 1 198
416 0 105 1 199
388 0 81 1 200
418 0 234 1 201
376 0 107 1 202
424 0 193 1 203
366 0 212 1 204
407 0 134 1 205
365 0 206 1 206
389 0 89 1 207
406 0 86 1 208
366 0 222 1 209
413 0 138 1 210
377 0 123 1 211
414 0 120 1 212
417 0 118 1 213
409 0 139 1 214
415 0 99 1 215
379 0 113 1 216
416 0 236 1 217
377 0 106 1 218
417 0 125 1 219
424 0 128 1 220
380 0 117 1 221
431 0 185 1 222
430 0 235 1 223
399 0 89 1 224
420 0 136 1 225
425 0 138 1 226
427 0 192 1 227
413 0 94 1 228
439 0 234 1 229
441 0 190 1 230
438 0 205 1 231
370 0 111 1 232
445 0 105 1 233
385 0 103 1 234
408 0 89 1 235
433 0 91 1 236
426 0 123 1 237
378 0 209 1 238
429 0 123 1 239
435 0 182 1 240
445 0 213 1 241
434 0 123 1 242
447 0 86 1 243
450 0 215 1 244
418 0 205 1 245
437 0 132 1 246
443 0 184 1 247
442 0 133 1 248
445 0 206 1 249
443 0 87 1 250
441 0 117 1 251
449 0 125 1 252
443 0 199 1 253
449 0 182 1 254
444 0 216 1 255
443 0 101 1 256
459 0 212 1 257
446 0 113 1 258
455 0 125 1 259
463 0 210 1 260
464 0 204 1 261
465 0 233 1 262
465 0 198 1 263
465 0 192 1 264
448 0 112 1 265
465 0 107 1 266
459 0 94 1 267
435 0 215 1 268
459 0 134 1 269
462 0 236 1 270
452 0 124 1 271
457 0 238 1 272
464 0 131 1 273
477 0 246 1 274
483 0 109 1 275
479 0 239 1 276
307 0 143 1 277
328 0 158 1 278
327 0 180 1 279
289 0 181 1 280
286 0 168 1 281
301 0 151 1 282
320 0 160 1 283
314 0 172 1 284
296 0 175 1 285
297 0 160 1 286
307 0 171 1 287
318 0 167 1 288
316 0 155 1 289
302 0 158 1 290
300 0 168 1 291
-47 0 72 1 292
-42 0 103 1 293
-22 0 80 1 294
-2 0 72 1 295
-1 0 80 1 296
10 0 80 1 297
13 0 95 1 298
31 0 80 1 299
26 0 100 1 300
26 0 118 1 301
48 0 93 1 302
51 0 97 1 303
55 0 100 1 304
88 0 72 1 305
86 0 80 1 306
96 0 80 1 307
116 0 72 1 308
129 0 80 1 309
139 0 88 1 310
150 0 80 1 311
150 0 91 1 312
155 0 94 1 313
176 0 80 1 314
164 0 100 1 315
191 0 80 1 316
173 0 102 1 317
221 0 72 1 318
227 0 80 1 319
238 0 80 1 320
265 0 72 1 321
271 0 80 1 322
305 0 72 1 323
315 0 94 1 324
329 0 72 1 325
326 0 92 1 326
348 0 80 1 327
357 0 72 1 328
354 0 91 1 329
367 0 80 1 330
358 0 97 1 331
372 0 90 1 332
386 0 80 1 333
374 0 98 1 334
377 0 103 1 335
450 0 95 1 336
452 0 114 1 337
478 0 72 1 338
469 0 108 1 339
486 0 84 1 340
493 0 94 1 341
498 0 86 1 342
493 0 109 1 343
493 0 120 1 344
502 0 110 1 345
493 0 134 1 346
493 0 145 1 347
502 0 138 1 348
493 0 160 1 349
493 0 170 1 350
502 0 167 1 351
493 0 184 1 352
502 0 190 1 353
493 0 199 1 354
493 0 209 1 355
502 0 219 1 356
493 0 224 1 357
493 0 235 1 358
502 0 247 1 359
471 0 251 1 360
427 0 244 1 361
447 0 251 1 362
406 0 244 1 363
423 0 251 1 364
392 0 244 1 365
381 0 244 1 366
394 0 251 1 367
366 0 244 1 368
356 0 244 1 369
366 0 251 1 370
341 0 244 1 371
342 0 251 1 372
322 0 251 1 373
291 0 244 1 374
281 0 244 1 375
293 0 251 1 376
260 0 244 1 377
249 0 244 1 378
265 0 251 1 379
245 0 251 1 380
206 0 244 1 381
221 0 251 1 382
191 0 244 1 383
181 0 244 1 384
193 0 251 1 385
166 0 244 1 386
156 0 244 1 387
164 0 251 1 388
135 0 244 1 389
124 0 244 1 390
136 0 251 1 391
109 0 244 1 392
99 0 244 1 393
107 0 251 1 394
84 0 244 1 395
83 0 251 1 396
63 0 251 1 397
40 0 244 1 398
30 0 244 1 399
35 0 251 1 400
15 0 244 1 401
4 0 244 1 402
6 0 251 1 403
-17 0 244 1 404
-27 0 244 1 405
-43 0 241 1 406
-42 0 251 1 407
-26 0 247 1 408
-23 0 235 1 409
-37 0 226 1 410
-37 0 215 1 411
-47 0 203 1 412
-20 0 195 1 413
-20 0 182 1 414
-37 0 185 1 415
-37 0 176 1 416
-37 0 165 1 417
-37 0 155 1 418
-47 0 158 1 419
-37 0 140 1 420
-24 0 110 1 421
-37 0 125 1 422
-37 0 115 1 423
-37 0 104 1 424
-31 0 85 1 425
-37 0 88 1 426
-47 0 92 1 427
