428
15 3 165 1 0
36 3 150 1 1
34 3 153 1 2
36 3 164 1 3
88 3 154 1 4
90 3 163 1 5
45 3 177 1 6
42 3 185 1 7
34 3 191 1 8
36 3 201 1 9
0 3 210 1 10
45 3 147 1 11
108 3 157 1 12
106 3 165 1 13
121 3 147 1 14
108 3 173 1 15
125 3 229 1 16
118 3 146 1 17
123 3 177 1 18
134 3 139 1 19
129 3 219 1 20
122 3 179 1 21
66 3 204 1 22
143 3 138 1 23
140 3 174 1 24
57 3 196 1 25
151 3 139 1 26
89 3 192 1 27
140 3 171 1 28
124 3 184 1 29
140 3 149 1 30
141 3 160 1 31
140 3 181 1 32
148 3 166 1 33
150 3 174 1 34
81 3 196 1 35
164 3 152 1 36
161 3 159 1 37
219 3 157 1 38
213 3 162 1 39
152 3 149 1 40
192 3 228 1 41
208 3 229 1 42
222 3 164 1 43
173 3 140 1 44
217 3 229 1 45
174 3 144 1 46
231 3 157 1 47
230 3 197 1 48
238 3 142 1 49
229 3 172 1 50
245 3 196 1 51
230 3 180 1 52
252 3 190 1 53
256 3 195 1 54
263 3 117 1 55
286 3 199 1 56
293 3 143 1 57
299 3 207 1 58
297 3 136 1 59
303 3 202 1 60
302 3 213 1 61
304 3 140 1 62
314 3 195 1 63
309 3 216 1 64
312 3 184 1 65
317 3 132 1 66
317 3 180 1 67
312 3 206 1 68
322 3 177 1 69
320 3 144 1 70
328 3 172 1 71
320 3 158 1 72
317 3 150 1 73
319 3 206 1 74
-5 0 181 1 75
7 0 191 1 76
7 0 174 1 77
-2 0 194 1 78
6 0 174 1 79
-10 0 200 1 80
23 0 170 1 81
6 0 143 1 82
15 0 135 1 83
16 0 211 1 84
13 0 91 1 85
13 0 131 1 86
17 0 220 1 87
2 0 122 1 88
31 0 169 1 89
19 0 143 1 90
30 0 231 1 91
22 0 81 1 92
13 0 133 1 93
10 0 122 1 94
20 0 148 1 95
32 0 172 1 96
46 0 233 1 97
12 0 138 1 98
15 0 110 1 99
28 0 110 1 100
41 0 141 1 101
41 0 166 1 102
41 0 99 1 103
42 0 231 1 104
36 0 91 1 105
37 0 155 1 106
30 0 165 1 107
59 0 230 1 108
49 0 83 1 109
20 0 210 1 110
28 0 125 1 111
35 0 207 1 112
59 0 92 1 113
42 0 120 1 114
31 0 205 1 115
52 0 119 1 116
52 0 202 1 117
86 0 98 1 118
58 0 200 1 119
95 0 100 1 120
118 0 200 1 121
105 0 101 1 122
121 0 92 1 123
78 0 192 1 124
124 0 101 1 125
126 0 196 1 126
145 0 93 1 127
77 0 192 1 128
132 0 207 1 129
145 0 101 1 130
135 0 212 1 131
136 0 121 1 132
128 0 132 1 133
77 0 195 1 134
174 0 92 1 135
142 0 194 1 136
177 0 101 1 137
192 0 197 1 138
187 0 101 1 139
207 0 193 1 140
203 0 196 1 141
94 0 195 1 142
198 0 101 1 143
201 0 227 1 144
221 0 92 1 145
222 0 198 1 146
225 0 99 1 147
238 0 197 1 148
235 0 98 1 149
244 0 230 1 150
244 0 100 1 151
267 0 232 1 152
259 0 102 1 153
269 0 97 1 154
277 0 235 1 155
277 0 105 1 156
286 0 104 1 157
288 0 234 1 158
296 0 104 1 159
305 0 233 1 160
306 0 104 1 161
301 0 231 1 162
316 0 104 1 163
318 0 219 1 164
326 0 217 1 165
327 0 104 1 166
327 0 119 1 167
334 0 206 1 168
327 0 127 1 169
330 0 198 1 170
335 0 125 1 171
346 0 196 1 172
350 0 123 1 173
335 0 191 1 174
362 0 171 1 175
345 0 170 1 176
348 0 140 1 177
356 0 175 1 178
341 0 189 1 179
361 0 161 1 180
356 0 147 1 181
346 0 186 1 182
391 0 177 1 183
392 0 157 1 184
395 0 142 1 185
359 0 153 1 186
400 0 203 1 187
401 0 184 1 188
388 0 237 1 189
361 0 115 1 190
416 0 100 1 191
411 0 209 1 192
418 0 194 1 193
403 0 235 1 194
365 0 128 1 195
360 0 139 1 196
364 0 141 1 197
403 0 211 1 198
416 0 106 1 199
385 0 84 1 200
417 0 234 1 201
372 0 111 1 202
424 0 193 1 203
361 0 210 1 204
405 0 138 1 205
359 0 204 1 206
385 0 92 1 207
404 0 88 1 208
361 0 220 1 209
411 0 142 1 210
372 0 127 1 211
412 0 123 1 212
416 0 121 1 213
407 0 143 1 214
413 0 101 1 215
374 0 117 1 216
415 0 236 1 217
372 0 111 1 218
416 0 128 1 219
423 0 131 1 220
375 0 121 1 221
430 0 185 1 222
430 0 235 1 223
395 0 92 1 224
418 0 140 1 225
424 0 142 1 226
426 0 191 1 227
410 0 96 1 228
438 0 234 1 229
441 0 189 1 230
437 0 205 1 231
363 0 117 1 232
444 0 106 1 233
380 0 108 1 234
405 0 92 1 235
432 0 94 1 236
424 0 128 1 237
372 0 207 1 238
427 0 128 1 239
433 0 181 1 240
445 0 213 1 241
432 0 127 1 242
446 0 88 1 243
450 0 214 1 244
415 0 203 1 245
436 0 136 1 246
441 0 183 1 247
441 0 137 1 248
443 0 205 1 249
442 0 90 1 250
440 0 122 1 251
448 0 128 1 252
441 0 197 1 253
448 0 181 1 254
443 0 215 1 255
441 0 106 1 256
459 0 212 1 257
444 0 118 1 258
454 0 128 1 259
463 0 210 1 260
464 0 204 1 261
465 0 233 1 262
465 0 198 1 263
465 0 192 1 264
446 0 117 1 265
465 0 108 1 266
458 0 96 1 267
432 0 213 1 268
458 0 137 1 269
461 0 236 1 270
450 0 129 1 271
455 0 237 1 272
463 0 133 1 273
477 0 246 1 274
483 0 110 1 275
479 0 238 1 276
307 0 143 1 277
328 0 158 1 278
327 0 180 1 279
288 0 181 1 280
286 0 169 1 281
300 0 152 1 282
320 0 160 1 283
314 0 172 1 284
295 0 175 1 285
297 0 160 1 286
307 0 171 1 287
318 0 167 1 288
316 0 155 1 289
302 0 158 1 290
300 0 169 1 291
-49 0 76 1 292
-45 0 110 1 293
-24 0 84 1 294
-4 0 76 1 295
-3 0 84 1 296
7 0 84 1 297
10 0 101 1 298
28 0 84 1 299
22 0 107 1 300
22 0 125 1 301
44 0 99 1 302
47 0 103 1 303
50 0 107 1 304
84 0 76 1 305
81 0 84 1 306
92 0 84 1 307
112 0 76 1 308
126 0 84 1 309
136 0 93 1 310
147 0 84 1 311
146 0 96 1 312
150 0 99 1 313
171 0 84 1 314
157 0 106 1 315
186 0 84 1 316
165 0 109 1 317
217 0 76 1 318
223 0 84 1 319
233 0 84 1 320
261 0 76 1 321
267 0 84 1 322
302 0 76 1 323
313 0 100 1 324
327 0 76 1 325
323 0 97 1 326
346 0 84 1 327
355 0 76 1 328
350 0 97 1 329
364 0 84 1 330
353 0 103 1 331
367 0 95 1 332
382 0 84 1 333
368 0 104 1 334
370 0 109 1 335
448 0 101 1 336
449 0 122 1 337
477 0 76 1 338
466 0 115 1 339
484 0 88 1 340
491 0 98 1 341
497 0 88 1 342
491 0 112 1 343
491 0 123 1 344
502 0 111 1 345
491 0 137 1 346
491 0 147 1 347
502 0 139 1 348
491 0 161 1 349
491 0 172 1 350
502 0 167 1 351
491 0 185 1 352
502 0 190 1 353
491 0 199 1 354
491 0 210 1 355
502 0 219 1 356
491 0 224 1 357
491 0 234 1 358
502 0 247 1 359
468 0 251 1 360
422 0 243 1 361
444 0 251 1 362
401 0 243 1 363
420 0 251 1 364
387 0 243 1 365
376 0 243 1 366
391 0 251 1 367
362 0 243 1 368
352 0 243 1 369
363 0 251 1 370
337 0 243 1 371
339 0 251 1 372
318 0 251 1 373
286 0 243 1 374
276 0 243 1 375
290 0 251 1 376
255 0 243 1 377
244 0 243 1 378
262 0 251 1 379
242 0 251 1 380
201 0 243 1 381
218 0 251 1 382
187 0 243 1 383
176 0 243 1 384
190 0 251 1 385
162 0 243 1 386
151 0 243 1 387
162 0 251 1 388
131 0 243 1 389
120 0 243 1 390
134 0 251 1 391
106 0 243 1 392
96 0 243 1 393
106 0 251 1 394
81 0 243 1 395
81 0 251 1 396
61 0 251 1 397
37 0 243 1 398
26 0 243 1 399
33 0 251 1 400
12 0 243 1 401
2 0 243 1 402
5 0 251 1 403
-19 0 243 1 404
-30 0 243 1 405
-45 0 239 1 406
-44 0 250 1 407
-27 0 246 1 408
-23 0 235 1 409
-38 0 226 1 410
-38 0 215 1 411
-49 0 203 1 412
-20 0 195 1 413
-20 0 182 1 414
-38 0 187 1 415
-38 0 177 1 416
-38 0 167 1 417
-38 0 156 1 418
-49 0 160 1 419
-38 0 142 1 420
-25 0 110 1 421
-38 0 128 1 422
-38 0 118 1 423
-38 0 107 1 424
-32 0 87 1 425
-38 0 92 1 426
-49 0 97 1 427
