428
-12 0 180 1 0
14 0 160 1 1
7 0 167 1 2
7 0 180 1 3
85 0 158 1 4
88 0 165 1 5
21 0 180 1 6
17 0 185 1 7
4 0 188 1 8
8 0 197 1 9
20 0 159 1 10
93 0 164 1 11
90 0 170 1 12
111 0 153 1 13
91 0 175 1 14
104 0 156 1 15
108 0 176 1 16
123 0 148 1 17
115 0 219 1 18
101 0 178 1 19
15 0 198 1 20
130 0 146 1 21
122 0 174 1 22
-4 0 189 1 23
137 0 146 1 24
43 0 187 1 25
116 0 174 1 26
93 0 181 1 27
116 0 156 1 28
116 0 167 1 29
115 0 181 1 30
126 0 170 1 31
128 0 175 1 32
12 0 187 1 33
134 0 160 1 34
130 0 165 1 35
216 0 157 1 36
207 0 160 1 37
116 0 161 1 38
217 0 165 1 39
141 0 149 1 40
138 0 155 1 41
223 0 154 1 42
220 0 187 1 43
229 0 151 1 44
216 0 173 1 45
237 0 188 1 46
214 0 181 1 47
246 0 191 1 48
252 0 193 1 49
281 0 191 1 50
292 0 147 1 51
297 0 206 1 52
293 0 140 1 53
300 0 202 1 54
299 0 211 1 55
300 0 149 1 56
313 0 196 1 57
305 0 215 1 58
307 0 183 1 59
313 0 137 1 60
312 0 181 1 61
304 0 201 1 62
318 0 179 1 63
312 0 152 1 64
323 0 177 1 65
311 0 163 1 66
306 0 157 1 67
309 0 200 1 68
-8 0 182 1 69
7 0 191 1 70
7 0 174 1 71
-11 0 193 1 72
0 0 176 1 73
-27 0 198 1 74
21 0 171 1 75
-7 0 164 1 76
7 0 148 1 77
8 0 210 1 78
1 0 151 1 79
8 0 219 1 80
-15 0 156 1 81
28 0 170 1 82
9 0 156 1 83
-1 0 157 1 84
-7 0 153 1 85
7 0 161 1 86
24 0 176 1 87
-7 0 169 1 88
-3 0 142 1 89
15 0 131 1 90
33 0 145 1 91
34 0 170 1 92
25 0 162 1 93
14 0 172 1 94
-9 0 205 1 95
1 0 163 1 96
8 0 203 1 97
14 0 152 1 98
-2 0 201 1 99
25 0 147 1 100
24 0 198 1 101
29 0 198 1 102
114 0 200 1 103
48 0 188 1 104
115 0 194 1 105
36 0 187 1 106
115 0 206 1 107
115 0 212 1 108
116 0 142 1 109
99 0 159 1 110
23 0 187 1 111
115 0 188 1 112
185 0 195 1 113
202 0 190 1 114
194 0 192 1 115
29 0 187 1 116
211 0 188 1 117
229 0 187 1 118
314 0 218 1 119
322 0 218 1 120
318 0 138 1 121
329 0 204 1 122
315 0 146 1 123
318 0 195 1 124
324 0 138 1 125
338 0 195 1 126
341 0 131 1 127
316 0 190 1 128
356 0 173 1 129
329 0 176 1 130
333 0 153 1 131
344 0 176 1 132
321 0 187 1 133
349 0 167 1 134
340 0 162 1 135
325 0 185 1 136
392 0 176 1 137
392 0 165 1 138
395 0 147 1 139
341 0 167 1 140
394 0 198 1 141
393 0 181 1 142
332 0 141 1 143
407 0 205 1 144
417 0 194 1 145
337 0 153 1 146
329 0 167 1 147
335 0 167 1 148
394 0 207 1 149
346 0 135 1 150
423 0 191 1 151
328 0 199 1 152
394 0 160 1 153
324 0 193 1 154
326 0 209 1 155
400 0 166 1 156
341 0 155 1 157
401 0 145 1 158
407 0 139 1 159
394 0 170 1 160
343 0 144 1 161
339 0 141 1 162
404 0 152 1 163
415 0 150 1 164
342 0 150 1 165
425 0 180 1 166
405 0 171 1 167
414 0 167 1 168
417 0 181 1 169
438 0 187 1 170
432 0 200 1 171
320 0 156 1 172
345 0 139 1 173
410 0 161 1 174
332 0 194 1 175
415 0 157 1 176
424 0 175 1 177
441 0 210 1 178
421 0 154 1 179
447 0 210 1 180
394 0 190 1 181
425 0 165 1 182
433 0 179 1 183
431 0 163 1 184
435 0 194 1 185
429 0 151 1 186
440 0 147 1 187
430 0 185 1 188
440 0 176 1 189
432 0 207 1 190
429 0 134 1 191
456 0 210 1 192
433 0 145 1 193
448 0 145 1 194
462 0 209 1 195
463 0 203 1 196
463 0 197 1 197
463 0 191 1 198
434 0 149 1 199
412 0 200 1 200
450 0 155 1 201
437 0 162 1 202
455 0 148 1 203
305 0 146 1 204
325 0 160 1 205
327 0 181 1 206
284 0 182 1 207
285 0 177 1 208
295 0 154 1 209
317 0 161 1 210
311 0 172 1 211
292 0 175 1 212
297 0 161 1 213
305 0 171 1 214
318 0 169 1 215
316 0 155 1 216
301 0 160 1 217
299 0 171 1 218
-9 0 138 1 219
-2 0 147 1 220
-8 0 175 1 221
20 0 135 1 222
18 0 141 1 223
17 0 147 1 224
112 0 127 1 225
116 0 131 1 226
116 0 136 1 227
116 0 146 1 228
117 0 150 1 229
299 0 137 1 230
303 0 133 1 231
327 0 132 1 232
320 0 142 1 233
335 0 130 1 234
325 0 143 1 235
323 0 151 1 236
434 0 138 1 237
430 0 170 1 238
445 0 159 1 239
-21 0 195 1 240
-20 0 183 1 241
-20 0 183 1 242
-20 0 183 1 243
-20 0 183 1 244
-20 0 183 1 245
-20 0 183 1 246
-20 0 183 1 247
-20 0 183 1 248
-20 0 183 1 249
-20 0 183 1 250
-20 0 183 1 251
-20 0 183 1 252
-20 0 183 1 253
-20 0 183 1 254
-20 0 183 1 255
-20 0 183 1 256
-20 0 183 1 257
-20 0 183 1 258
-20 0 183 1 259
-20 0 183 1 260
-20 0 183 1 261
-20 0 183 1 262
-20 0 183 1 263
-20 0 183 1 264
-20 0 183 1 265
-20 0 183 1 266
-20 0 183 1 267
-20 0 183 1 268
-20 0 183 1 269
-20 0 183 1 270
-20 0 183 1 271
-20 0 183 1 272
-20 0 183 1 273
-20 0 183 1 274
-20 0 183 1 275
-20 0 183 1 276
-20 0 183 1 277
-20 0 183 1 278
-20 0 183 1 279
-20 0 183 1 280
-20 0 183 1 281
-20 0 183 1 282
-20 0 183 1 283
-20 0 183 1 284
-20 0 183 1 285
-20 0 183 1 286
-20 0 183 1 287
-20 0 183 1 288
-20 0 183 1 289
-20 0 183 1 290
-20 0 183 1 291
-20 0 183 1 292
-20 0 183 1 293
-20 0 183 1 294
-20 0 183 1 295
-20 0 183 1 296
-20 0 183 1 297
-20 0 183 1 298
-20 0 183 1 299
-20 0 183 1 300
-20 0 183 1 301
-20 0 183 1 302
-20 0 183 1 303
-20 0 183 1 304
-20 0 183 1 305
-20 0 183 1 306
-20 0 183 1 307
-20 0 183 1 308
-20 0 183 1 309
-20 0 183 1 310
-20 0 183 1 311
-20 0 183 1 312
-20 0 183 1 313
-20 0 183 1 314
-20 0 183 1 315
-20 0 183 1 316
-20 0 183 1 317
-20 0 183 1 318
-20 0 183 1 319
-20 0 183 1 320
-20 0 183 1 321
-20 0 183 1 322
-20 0 183 1 323
-20 0 183 1 324
-20 0 183 1 325
-20 0 183 1 326
-20 0 183 1 327
-20 0 183 1 328
-20 0 183 1 329
-20 0 183 1 330
-20 0 183 1 331
-20 0 183 1 332
-20 0 183 1 333
-20 0 183 1 334
-20 0 183 1 335
-20 0 183 1 336
-20 0 183 1 337
-20 0 183 1 338
-20 0 183 1 339
-20 0 183 1 340
-20 0 183 1 341
-20 0 183 1 342
-20 0 183 1 343
-20 0 183 1 344
-20 0 183 1 345
-20 0 183 1 346
-20 0 183 1 347
-20 0 183 1 348
-20 0 183 1 349
-20 0 183 1 350
-20 0 183 1 351
-20 0 183 1 352
-20 0 183 1 353
-20 0 183 1 354
-20 0 183 1 355
-20 0 183 1 356
-20 0 183 1 357
-20 0 183 1 358
-20 0 183 1 359
-20 0 183 1 360
-20 0 183 1 361
-20 0 183 1 362
-20 0 183 1 363
-20 0 183 1 364
-20 0 183 1 365
-20 0 183 1 366
-20 0 183 1 367
-20 0 183 1 368
-20 0 183 1 369
-20 0 183 1 370
-20 0 183 1 371
-20 0 183 1 372
-20 0 183 1 373
-20 0 183 1 374
-20 0 183 1 375
-20 0 183 1 376
-20 0 183 1 377
-20 0 183 1 378
-20 0 183 1 379
-20 0 183 1 380
-20 0 183 1 381
-20 0 183 1 382
-20 0 183 1 383
-20 0 183 1 384
-20 0 183 1 385
-20 0 183 1 386
-20 0 183 1 387
-20 0 183 1 388
-20 0 183 1 389
-20 0 183 1 390
-20 0 183 1 391
-20 0 183 1 392
-20 0 183 1 393
-20 0 183 1 394
-20 0 183 1 395
-20 0 183 1 396
-20 0 183 1 397
-20 0 183 1 398
-20 0 183 1 399
-20 0 183 1 400
-20 0 183 1 401
-20 0 183 1 402
-20 0 183 1 403
-20 0 183 1 404
-20 0 183 1 405
-20 0 183 1 406
-20 0 183 1 407
-20 0 183 1 408
-20 0 183 1 409
-20 0 183 1 410
-20 0 183 1 411
-20 0 183 1 412
-20 0 183 1 413
-20 0 183 1 414
-20 0 183 1 415
-20 0 183 1 416
-20 0 183 1 417
-20 0 183 1 418
-20 0 183 1 419
-20 0 183 1 420
-20 0 183 1 421
-20 0 183 1 422
-20 0 183 1 423
-20 0 183 1 424
-20 0 183 1 425
-20 0 183 1 426
-20 0 183 1 427
