428
-28 0 197 15 0
-21 0 195 15 1
-20 0 182 15 2
-16 0 156 15 3
-13 0 180 15 4
-13 0 191 15 5
-10 0 138 15 6
-11 0 204 15 7
-10 0 175 15 8
-10 0 181 15 9
-9 0 153 15 10
-10 0 163 15 11
-10 0 167 15 12
-6 0 187 15 13
-4 0 142 15 14
-3 0 147 15 15
-4 0 199 15 16
-2 0 157 15 17
-3 0 175 15 18
-1 0 151 15 19
-1 0 162 15 20
2 0 187 15 21
6 0 148 15 22
5 0 160 15 23
5 0 166 15 24
5 0 173 15 25
10 0 179 15 26
12 0 188 15 27
10 0 195 15 28
12 0 200 15 29
10 0 209 15 30
12 0 217 15 31
6 0 155 15 32
15 0 184 15 33
14 0 152 15 34
16 0 159 15 35
14 0 172 15 36
15 0 132 15 37
18 0 196 15 38
17 0 147 15 39
18 0 184 15 40
19 0 141 15 41
21 0 135 15 42
20 0 159 15 43
23 0 171 15 44
21 0 180 15 45
24 0 185 15 46
25 0 176 15 47
27 0 196 15 48
26 0 147 15 49
26 0 162 15 50
28 0 170 15 51
30 0 186 15 52
30 0 197 15 53
34 0 145 15 54
37 0 169 15 55
37 0 186 15 56
43 0 186 15 57
49 0 187 15 58
85 0 158 15 59
88 0 165 15 60
90 0 170 15 61
90 0 175 15 62
93 0 164 15 63
93 0 180 15 64
99 0 159 15 65
103 0 178 15 66
103 0 156 15 67
109 0 176 15 68
110 0 153 15 69
113 0 128 15 70
115 0 198 15 71
116 0 180 15 72
115 0 187 15 73
116 0 193 15 74
116 0 204 15 75
116 0 210 15 76
117 0 216 15 77
116 0 132 15 78
116 0 136 15 79
117 0 142 15 80
118 0 146 15 81
116 0 157 15 82
116 0 161 15 83
117 0 167 15 84
117 0 174 15 85
118 0 151 15 86
124 0 174 15 87
124 0 149 15 88
127 0 170 15 89
128 0 175 15 90
130 0 146 15 91
130 0 165 15 92
134 0 160 15 93
138 0 146 15 94
138 0 155 15 95
142 0 150 15 96
184 0 194 15 97
193 0 191 15 98
201 0 189 15 99
205 0 159 15 100
210 0 188 15 101
212 0 181 15 102
214 0 158 15 103
214 0 173 15 104
215 0 165 15 105
217 0 186 15 106
221 0 153 15 107
226 0 151 15 108
226 0 186 15 109
234 0 187 15 110
243 0 190 15 111
247 0 192 15 112
278 0 190 15 113
282 0 182 15 114
280 0 177 15 115
287 0 147 15 116
290 0 175 15 117
291 0 141 15 118
293 0 154 15 119
291 0 161 15 120
293 0 205 15 121
298 0 137 15 122
297 0 171 15 123
293 0 209 15 124
298 0 149 15 125
294 0 200 15 126
295 0 160 15 127
301 0 134 15 128
300 0 200 15 129
299 0 146 15 130
301 0 171 15 131
299 0 213 15 132
299 0 157 15 133
306 0 182 15 134
306 0 199 15 135
308 0 163 15 136
308 0 171 15 137
307 0 152 15 138
309 0 181 15 139
311 0 137 15 140
309 0 196 15 141
309 0 217 15 142
310 0 146 15 143
309 0 155 15 144
312 0 189 15 145
312 0 161 15 146
314 0 139 15 147
313 0 169 15 148
315 0 180 15 149
314 0 194 15 150
316 0 142 15 151
313 0 156 15 152
318 0 186 15 153
319 0 217 15 154
320 0 151 15 155
318 0 177 15 156
320 0 139 15 157
320 0 192 15 158
321 0 144 15 159
320 0 160 15 160
323 0 184 15 161
322 0 208 15 162
324 0 133 15 163
323 0 180 15 164
324 0 198 15 165
325 0 168 15 166
324 0 176 15 167
327 0 203 15 168
331 0 142 15 169
330 0 193 15 170
331 0 153 15 171
331 0 131 15 172
331 0 167 15 173
335 0 153 15 174
336 0 194 15 175
338 0 141 15 176
338 0 163 15 177
340 0 132 15 178
339 0 156 15 179
339 0 168 15 180
341 0 150 15 181
342 0 144 15 182
342 0 177 15 183
344 0 140 15 184
345 0 136 15 185
347 0 168 15 186
355 0 173 15 187
390 0 165 15 188
392 0 175 15 189
390 0 180 15 190
391 0 160 15 191
390 0 170 15 192
391 0 189 15 193
389 0 197 15 194
391 0 206 15 195
393 0 147 15 196
397 0 166 15 197
400 0 145 15 198
401 0 152 15 199
401 0 171 15 200
405 0 140 15 201
403 0 204 15 202
407 0 161 15 203
407 0 199 15 204
410 0 167 15 205
414 0 150 15 206
411 0 157 15 207
415 0 180 15 208
415 0 193 15 209
421 0 154 15 210
421 0 190 15 211
425 0 174 15 212
425 0 165 15 213
419 0 180 15 214
429 0 134 15 215
429 0 151 15 216
432 0 169 15 217
430 0 184 15 218
431 0 163 15 219
426 0 199 15 220
427 0 206 15 221
434 0 144 15 222
434 0 177 15 223
434 0 138 15 224
434 0 149 15 225
436 0 193 15 226
439 0 161 15 227
438 0 186 15 228
441 0 147 15 229
441 0 175 15 230
442 0 208 15 231
445 0 159 15 232
448 0 207 15 233
448 0 145 15 234
451 0 155 15 235
455 0 148 15 236
456 0 209 15 237
462 0 208 15 238
463 0 190 15 239
463 0 196 15 240
463 0 201 15 241
-50 0 113 15 242
-39 0 113 15 243
-28 0 113 15 244
-18 0 114 15 245
-7 0 113 15 246
3 0 113 15 247
14 0 113 15 248
25 0 114 15 249
35 0 114 15 250
44 0 114 15 251
53 0 114 15 252
63 0 113 15 253
73 0 114 15 254
83 0 114 15 255
93 0 115 15 256
103 0 113 15 257
114 0 113 15 258
125 0 115 15 259
134 0 115 15 260
143 0 114 15 261
153 0 114 15 262
163 0 115 15 263
172 0 114 15 264
182 0 114 15 265
192 0 114 15 266
202 0 114 15 267
211 0 113 15 268
220 0 114 15 269
229 0 115 15 270
239 0 114 15 271
250 0 113 15 272
257 0 115 15 273
267 0 115 15 274
280 0 113 15 275
286 0 115 15 276
296 0 115 15 277
305 0 115 15 278
314 0 115 15 279
327 0 115 15 280
339 0 113 15 281
346 0 115 15 282
359 0 113 15 283
370 0 113 15 284
381 0 114 15 285
391 0 113 15 286
400 0 114 15 287
409 0 115 15 288
421 0 113 15 289
431 0 113 15 290
441 0 114 15 291
452 0 113 15 292
462 0 114 15 293
472 0 113 15 294
483 0 113 15 295
483 0 122 15 296
483 0 132 15 297
483 0 142 15 298
483 0 152 15 299
483 0 162 15 300
484 0 171 15 301
483 0 181 15 302
483 0 191 15 303
484 0 200 15 304
484 0 211 15 305
484 0 222 15 306
483 0 231 15 307
473 0 232 15 308
464 0 231 15 309
454 0 232 15 310
443 0 232 15 311
433 0 232 15 312
423 0 232 15 313
413 0 232 15 314
400 0 232 15 315
393 0 232 15 316
383 0 232 15 317
370 0 231 15 318
363 0 232 15 319
351 0 231 15 320
339 0 231 15 321
333 0 232 15 322
323 0 232 15 323
311 0 232 15 324
303 0 232 15 325
293 0 232 15 326
281 0 231 15 327
272 0 232 15 328
263 0 232 15 329
250 0 230 15 330
240 0 230 15 331
233 0 232 15 332
223 0 232 15 333
213 0 231 15 334
204 0 232 15 335
194 0 232 15 336
184 0 230 15 337
175 0 232 15 338
164 0 232 15 339
155 0 230 15 340
145 0 232 15 341
136 0 231 15 342
127 0 230 15 343
115 0 232 15 344
105 0 232 15 345
97 0 230 15 346
85 0 232 15 347
75 0 232 15 348
66 0 231 15 349
57 0 231 15 350
45 0 232 15 351
38 0 231 15 352
28 0 231 15 353
19 0 230 15 354
5 0 232 15 355
-6 0 232 15 356
-16 0 232 15 357
-26 0 232 15 358
-36 0 232 15 359
-46 0 232 15 360
-50 0 223 15 361
-50 0 212 15 362
-47 0 204 15 363
-50 0 193 15 364
-48 0 184 15 365
-48 0 175 15 366
-48 0 165 15 367
-48 0 155 15 368
-49 0 145 15 369
-48 0 135 15 370
-48 0 125 15 371
-64 0 102 15 372
-39 0 102 15 373
-13 0 102 15 374
13 0 102 15 375
38 0 102 15 376
63 0 102 15 377
88 0 102 15 378
114 0 102 15 379
139 0 102 15 380
164 0 102 15 381
188 0 102 15 382
214 0 102 15 383
238 0 102 15 384
264 0 102 15 385
288 0 102 15 386
314 0 102 15 387
339 0 102 15 388
365 0 102 15 389
390 0 102 15 390
415 0 102 15 391
441 0 102 15 392
466 0 102 15 393
491 0 102 15 394
500 0 119 15 395
500 0 144 15 396
500 0 169 15 397
500 0 193 15 398
500 0 219 15 399
499 0 244 15 400
475 0 244 15 401
442 0 243 15 402
418 0 243 15 403
393 0 243 15 404
371 0 244 15 405
342 0 243 15 406
318 0 243 15 407
295 0 244 15 408
270 0 244 15 409
243 0 242 15 410
220 0 243 15 411
196 0 244 15 412
171 0 242 15 413
147 0 242 15 414
121 0 244 15 415
99 0 242 15 416
71 0 243 15 417
46 0 244 15 418
21 0 244 15 419
-4 0 244 15 420
-33 0 244 15 421
-58 0 244 15 422
-65 0 226 15 423
-65 0 201 15 424
-65 0 176 15 425
-65 0 151 15 426
-65 0 126 15 427
