428
-28 0 198 15 0
-21 0 196 15 1
-20 0 183 15 2
-16 0 156 15 3
-13 0 180 15 4
-12 0 193 15 5
-10 0 138 15 6
-10 0 205 15 7
-9 0 175 15 8
-9 0 182 15 9
-8 0 153 15 10
-8 0 164 15 11
-8 0 169 15 12
-5 0 189 15 13
-4 0 142 15 14
-3 0 147 15 15
-3 0 201 15 16
-2 0 157 15 17
-1 0 176 15 18
0 0 151 15 19
0 0 163 15 20
3 0 188 15 21
6 0 148 15 22
6 0 161 15 23
6 0 167 15 24
6 0 174 15 25
6 0 180 15 26
7 0 191 15 27
7 0 197 15 28
7 0 203 15 29
7 0 210 15 30
7 0 219 15 31
8 0 156 15 32
11 0 187 15 33
13 0 152 15 34
13 0 160 15 35
13 0 172 15 36
14 0 131 15 37
14 0 198 15 38
16 0 147 15 39
16 0 185 15 40
17 0 141 15 41
19 0 135 15 42
19 0 159 15 43
20 0 171 15 44
20 0 180 15 45
22 0 187 15 46
23 0 176 15 47
23 0 198 15 48
24 0 147 15 49
24 0 162 15 50
27 0 170 15 51
28 0 187 15 52
28 0 198 15 53
32 0 145 15 54
33 0 170 15 55
35 0 187 15 56
42 0 187 15 57
47 0 188 15 58
84 0 158 15 59
87 0 165 15 60
89 0 170 15 61
90 0 175 15 62
92 0 164 15 63
92 0 181 15 64
98 0 159 15 65
100 0 178 15 66
103 0 156 15 67
107 0 176 15 68
110 0 153 15 69
111 0 127 15 70
113 0 200 15 71
114 0 181 15 72
114 0 188 15 73
114 0 194 15 74
114 0 206 15 75
114 0 212 15 76
114 0 219 15 77
115 0 131 15 78
115 0 136 15 79
115 0 142 15 80
115 0 146 15 81
115 0 156 15 82
115 0 161 15 83
115 0 167 15 84
115 0 174 15 85
116 0 150 15 86
121 0 174 15 87
122 0 148 15 88
125 0 170 15 89
127 0 175 15 90
129 0 146 15 91
129 0 165 15 92
133 0 160 15 93
136 0 146 15 94
137 0 155 15 95
140 0 149 15 96
184 0 195 15 97
193 0 192 15 98
201 0 190 15 99
206 0 159 15 100
210 0 188 15 101
213 0 182 15 102
215 0 157 15 103
215 0 173 15 104
216 0 165 15 105
219 0 187 15 106
223 0 153 15 107
229 0 151 15 108
229 0 187 15 109
237 0 188 15 110
246 0 191 15 111
252 0 193 15 112
281 0 191 15 113
284 0 183 15 114
285 0 177 15 115
292 0 147 15 116
292 0 175 15 117
293 0 140 15 118
295 0 154 15 119
297 0 161 15 120
297 0 206 15 121
299 0 137 15 122
299 0 171 15 123
299 0 211 15 124
300 0 149 15 125
300 0 202 15 126
301 0 160 15 127
303 0 133 15 128
304 0 201 15 129
305 0 146 15 130
305 0 171 15 131
305 0 215 15 132
306 0 157 15 133
307 0 183 15 134
309 0 200 15 135
311 0 163 15 136
311 0 171 15 137
312 0 152 15 138
312 0 182 15 139
313 0 137 15 140
313 0 197 15 141
314 0 218 15 142
315 0 146 15 143
316 0 155 15 144
316 0 190 15 145
317 0 161 15 146
318 0 138 15 147
318 0 169 15 148
318 0 179 15 149
318 0 195 15 150
320 0 142 15 151
320 0 156 15 152
321 0 187 15 153
322 0 218 15 154
323 0 151 15 155
323 0 177 15 156
324 0 138 15 157
324 0 193 15 158
325 0 143 15 159
325 0 160 15 160
325 0 185 15 161
326 0 209 15 162
327 0 132 15 163
328 0 181 15 164
328 0 199 15 165
329 0 167 15 166
329 0 176 15 167
329 0 204 15 168
332 0 141 15 169
332 0 194 15 170
333 0 153 15 171
335 0 130 15 172
335 0 167 15 173
337 0 153 15 174
338 0 195 15 175
339 0 141 15 176
340 0 162 15 177
341 0 131 15 178
341 0 155 15 179
341 0 167 15 180
342 0 150 15 181
343 0 144 15 182
344 0 176 15 183
345 0 139 15 184
346 0 135 15 185
349 0 167 15 186
356 0 173 15 187
393 0 165 15 188
393 0 175 15 189
393 0 181 15 190
394 0 160 15 191
394 0 170 15 192
394 0 190 15 193
394 0 198 15 194
394 0 207 15 195
395 0 147 15 196
400 0 166 15 197
401 0 145 15 198
404 0 152 15 199
405 0 171 15 200
407 0 139 15 201
407 0 205 15 202
410 0 161 15 203
412 0 200 15 204
414 0 167 15 205
415 0 150 15 206
415 0 157 15 207
417 0 181 15 208
417 0 194 15 209
421 0 154 15 210
423 0 191 15 211
424 0 174 15 212
425 0 165 15 213
425 0 180 15 214
429 0 134 15 215
429 0 151 15 216
430 0 170 15 217
430 0 185 15 218
431 0 163 15 219
432 0 200 15 220
432 0 207 15 221
433 0 145 15 222
433 0 178 15 223
434 0 138 15 224
434 0 149 15 225
435 0 194 15 226
437 0 162 15 227
438 0 187 15 228
440 0 147 15 229
440 0 175 15 230
441 0 210 15 231
445 0 159 15 232
447 0 210 15 233
448 0 145 15 234
450 0 155 15 235
455 0 148 15 236
456 0 210 15 237
462 0 209 15 238
463 0 191 15 239
463 0 197 15 240
463 0 203 15 241
-48 0 113 15 242
-38 0 113 15 243
-28 0 113 15 244
-18 0 113 15 245
-8 0 113 15 246
2 0 113 15 247
12 0 113 15 248
22 0 113 15 249
32 0 113 15 250
42 0 113 15 251
52 0 113 15 252
62 0 113 15 253
72 0 113 15 254
82 0 113 15 255
92 0 113 15 256
102 0 113 15 257
112 0 113 15 258
122 0 113 15 259
132 0 113 15 260
142 0 113 15 261
152 0 113 15 262
162 0 113 15 263
172 0 113 15 264
182 0 113 15 265
192 0 113 15 266
202 0 113 15 267
212 0 113 15 268
222 0 113 15 269
232 0 113 15 270
242 0 113 15 271
252 0 113 15 272
262 0 113 15 273
272 0 113 15 274
282 0 113 15 275
292 0 113 15 276
302 0 113 15 277
312 0 113 15 278
322 0 113 15 279
332 0 113 15 280
342 0 113 15 281
352 0 113 15 282
362 0 113 15 283
372 0 113 15 284
382 0 113 15 285
392 0 113 15 286
402 0 113 15 287
412 0 113 15 288
422 0 113 15 289
432 0 113 15 290
442 0 113 15 291
452 0 113 15 292
462 0 113 15 293
472 0 113 15 294
482 0 113 15 295
483 0 122 15 296
483 0 132 15 297
483 0 142 15 298
483 0 152 15 299
483 0 162 15 300
483 0 172 15 301
483 0 182 15 302
483 0 192 15 303
483 0 202 15 304
483 0 212 15 305
483 0 222 15 306
483 0 232 15 307
474 0 233 15 308
464 0 233 15 309
454 0 233 15 310
444 0 233 15 311
434 0 233 15 312
424 0 233 15 313
414 0 233 15 314
404 0 233 15 315
394 0 233 15 316
384 0 233 15 317
374 0 233 15 318
364 0 233 15 319
354 0 233 15 320
344 0 233 15 321
334 0 233 15 322
324 0 233 15 323
314 0 233 15 324
304 0 233 15 325
294 0 233 15 326
284 0 233 15 327
274 0 233 15 328
264 0 233 15 329
254 0 233 15 330
244 0 233 15 331
234 0 233 15 332
224 0 233 15 333
214 0 233 15 334
204 0 233 15 335
194 0 233 15 336
184 0 233 15 337
174 0 233 15 338
164 0 233 15 339
154 0 233 15 340
144 0 233 15 341
134 0 233 15 342
124 0 233 15 343
114 0 233 15 344
104 0 233 15 345
94 0 233 15 346
84 0 233 15 347
74 0 233 15 348
64 0 233 15 349
54 0 233 15 350
44 0 233 15 351
34 0 233 15 352
24 0 233 15 353
14 0 233 15 354
4 0 233 15 355
-6 0 233 15 356
-16 0 233 15 357
-26 0 233 15 358
-36 0 233 15 359
-46 0 233 15 360
-48 0 225 15 361
-48 0 215 15 362
-48 0 205 15 363
-48 0 195 15 364
-48 0 185 15 365
-48 0 175 15 366
-48 0 165 15 367
-48 0 155 15 368
-48 0 145 15 369
-48 0 135 15 370
-48 0 125 15 371
-64 0 101 15 372
-38 0 101 15 373
-13 0 101 15 374
12 0 101 15 375
37 0 101 15 376
63 0 101 15 377
88 0 101 15 378
113 0 101 15 379
138 0 101 15 380
164 0 101 15 381
189 0 101 15 382
214 0 101 15 383
239 0 101 15 384
264 0 101 15 385
289 0 101 15 386
314 0 101 15 387
340 0 101 15 388
365 0 101 15 389
390 0 101 15 390
415 0 101 15 391
441 0 101 15 392
466 0 101 15 393
491 0 101 15 394
499 0 119 15 395
499 0 144 15 396
499 0 170 15 397
499 0 194 15 398
499 0 219 15 399
499 0 245 15 400
473 0 245 15 401
448 0 245 15 402
423 0 245 15 403
398 0 245 15 404
372 0 245 15 405
347 0 245 15 406
322 0 245 15 407
297 0 245 15 408
271 0 245 15 409
246 0 245 15 410
221 0 245 15 411
196 0 245 15 412
171 0 245 15 413
146 0 245 15 414
121 0 245 15 415
95 0 245 15 416
70 0 245 15 417
45 0 245 15 418
20 0 245 15 419
-6 0 245 15 420
-31 0 245 15 421
-56 0 245 15 422
-64 0 227 15 423
-64 0 202 15 424
-64 0 177 15 425
-64 0 152 15 426
-64 0 127 15 427
