428
-28 0 197 15 0
-22 0 194 15 1
-21 0 182 15 2
-16 0 156 15 3
-13 0 180 15 4
-14 0 191 15 5
-11 0 138 15 6
-12 0 203 15 7
-11 0 174 15 8
-11 0 180 15 9
-9 0 153 15 10
-11 0 162 15 11
-12 0 167 15 12
-7 0 187 15 13
-4 0 142 15 14
-4 0 146 15 15
-5 0 199 15 16
-3 0 157 15 17
-5 0 174 15 18
-2 0 150 15 19
-2 0 161 15 20
2 0 186 15 21
5 0 147 15 22
4 0 160 15 23
4 0 166 15 24
4 0 173 15 25
12 0 178 15 26
14 0 187 15 27
11 0 195 15 28
14 0 199 15 29
12 0 208 15 30
14 0 216 15 31
4 0 154 15 32
17 0 183 15 33
15 0 152 15 34
17 0 159 15 35
15 0 172 15 36
16 0 132 15 37
19 0 195 15 38
18 0 147 15 39
19 0 183 15 40
20 0 141 15 41
22 0 135 15 42
20 0 159 15 43
24 0 170 15 44
22 0 180 15 45
25 0 185 15 46
26 0 175 15 47
29 0 195 15 48
27 0 146 15 49
27 0 161 15 50
28 0 170 15 51
31 0 185 15 52
31 0 197 15 53
35 0 145 15 54
38 0 168 15 55
38 0 185 15 56
44 0 186 15 57
50 0 186 15 58
85 0 158 15 59
88 0 165 15 60
90 0 170 15 61
90 0 175 15 62
93 0 164 15 63
93 0 180 15 64
99 0 159 15 65
104 0 177 15 66
103 0 156 15 67
110 0 176 15 68
110 0 153 15 69
114 0 128 15 70
116 0 198 15 71
117 0 180 15 72
116 0 187 15 73
116 0 192 15 74
117 0 203 15 75
117 0 209 15 76
118 0 215 15 77
116 0 132 15 78
117 0 136 15 79
117 0 142 15 80
119 0 146 15 81
116 0 157 15 82
117 0 161 15 83
117 0 167 15 84
117 0 174 15 85
118 0 151 15 86
125 0 173 15 87
125 0 149 15 88
128 0 169 15 89
128 0 175 15 90
130 0 146 15 91
131 0 165 15 92
134 0 160 15 93
138 0 146 15 94
139 0 155 15 95
142 0 150 15 96
184 0 194 15 97
193 0 191 15 98
201 0 189 15 99
204 0 159 15 100
210 0 188 15 101
211 0 181 15 102
214 0 158 15 103
213 0 173 15 104
214 0 165 15 105
216 0 186 15 106
221 0 153 15 107
225 0 151 15 108
225 0 186 15 109
233 0 186 15 110
242 0 189 15 111
245 0 191 15 112
277 0 190 15 113
281 0 182 15 114
278 0 177 15 115
284 0 147 15 116
289 0 175 15 117
290 0 141 15 118
292 0 154 15 119
288 0 161 15 120
291 0 204 15 121
298 0 137 15 122
296 0 171 15 123
291 0 209 15 124
297 0 149 15 125
292 0 200 15 126
293 0 160 15 127
300 0 134 15 128
298 0 199 15 129
296 0 146 15 130
299 0 171 15 131
296 0 212 15 132
296 0 157 15 133
305 0 182 15 134
305 0 199 15 135
307 0 163 15 136
306 0 171 15 137
305 0 152 15 138
308 0 181 15 139
310 0 137 15 140
307 0 195 15 141
307 0 216 15 142
308 0 146 15 143
306 0 155 15 144
310 0 189 15 145
310 0 161 15 146
312 0 139 15 147
311 0 169 15 148
313 0 180 15 149
312 0 194 15 150
315 0 142 15 151
310 0 156 15 152
317 0 186 15 153
317 0 216 15 154
318 0 151 15 155
316 0 177 15 156
318 0 139 15 157
318 0 192 15 158
320 0 144 15 159
317 0 160 15 160
322 0 184 15 161
321 0 207 15 162
322 0 133 15 163
321 0 180 15 164
322 0 197 15 165
323 0 168 15 166
323 0 176 15 167
326 0 203 15 168
330 0 142 15 169
329 0 193 15 170
330 0 153 15 171
329 0 131 15 172
329 0 167 15 173
334 0 153 15 174
335 0 194 15 175
338 0 141 15 176
337 0 163 15 177
339 0 132 15 178
338 0 156 15 179
338 0 168 15 180
341 0 150 15 181
342 0 144 15 182
341 0 177 15 183
344 0 140 15 184
344 0 136 15 185
346 0 168 15 186
355 0 173 15 187
389 0 165 15 188
391 0 175 15 189
389 0 180 15 190
390 0 160 15 191
389 0 170 15 192
389 0 189 15 193
387 0 196 15 194
389 0 206 15 195
393 0 147 15 196
395 0 166 15 197
400 0 145 15 198
400 0 152 15 199
399 0 171 15 200
405 0 140 15 201
401 0 204 15 202
405 0 161 15 203
405 0 198 15 204
408 0 167 15 205
413 0 150 15 206
410 0 156 15 207
414 0 180 15 208
415 0 193 15 209
422 0 153 15 210
420 0 190 15 211
426 0 173 15 212
425 0 165 15 213
417 0 180 15 214
430 0 134 15 215
429 0 151 15 216
434 0 168 15 217
431 0 184 15 218
431 0 163 15 219
423 0 198 15 220
424 0 205 15 221
435 0 144 15 222
435 0 177 15 223
435 0 138 15 224
435 0 149 15 225
437 0 192 15 226
441 0 160 15 227
439 0 186 15 228
442 0 146 15 229
442 0 174 15 230
443 0 207 15 231
445 0 159 15 232
449 0 206 15 233
448 0 145 15 234
452 0 154 15 235
456 0 148 15 236
456 0 208 15 237
462 0 207 15 238
463 0 190 15 239
463 0 196 15 240
464 0 201 15 241
-51 0 113 15 242
-39 0 113 15 243
-28 0 113 15 244
-18 0 114 15 245
-7 0 113 15 246
3 0 113 15 247
14 0 113 15 248
26 0 115 15 249
36 0 115 15 250
44 0 114 15 251
53 0 114 15 252
64 0 113 15 253
74 0 115 15 254
83 0 115 15 255
93 0 116 15 256
103 0 113 15 257
114 0 113 15 258
126 0 116 15 259
135 0 115 15 260
144 0 115 15 261
153 0 114 15 262
163 0 116 15 263
172 0 114 15 264
182 0 114 15 265
192 0 115 15 266
202 0 114 15 267
211 0 113 15 268
220 0 114 15 269
228 0 115 15 270
238 0 115 15 271
249 0 113 15 272
255 0 116 15 273
264 0 116 15 274
279 0 113 15 275
284 0 116 15 276
294 0 115 15 277
302 0 116 15 278
311 0 116 15 279
325 0 115 15 280
338 0 113 15 281
344 0 115 15 282
358 0 113 15 283
370 0 113 15 284
381 0 114 15 285
390 0 113 15 286
399 0 115 15 287
408 0 115 15 288
420 0 113 15 289
431 0 113 15 290
441 0 114 15 291
452 0 113 15 292
462 0 114 15 293
473 0 113 15 294
484 0 113 15 295
483 0 122 15 296
483 0 132 15 297
484 0 142 15 298
484 0 152 15 299
484 0 162 15 300
485 0 170 15 301
483 0 181 15 302
483 0 190 15 303
485 0 199 15 304
485 0 210 15 305
485 0 222 15 306
483 0 231 15 307
473 0 232 15 308
464 0 230 15 309
454 0 232 15 310
443 0 232 15 311
433 0 232 15 312
423 0 232 15 313
412 0 232 15 314
398 0 231 15 315
393 0 232 15 316
383 0 232 15 317
368 0 230 15 318
363 0 232 15 319
350 0 231 15 320
337 0 231 15 321
333 0 232 15 322
323 0 232 15 323
309 0 231 15 324
303 0 232 15 325
293 0 232 15 326
279 0 231 15 327
271 0 231 15 328
263 0 232 15 329
249 0 229 15 330
239 0 229 15 331
233 0 232 15 332
223 0 232 15 333
213 0 230 15 334
204 0 232 15 335
194 0 231 15 336
184 0 229 15 337
175 0 232 15 338
164 0 232 15 339
156 0 229 15 340
145 0 232 15 341
137 0 230 15 342
128 0 229 15 343
115 0 232 15 344
105 0 232 15 345
99 0 229 15 346
85 0 232 15 347
75 0 232 15 348
67 0 231 15 349
58 0 230 15 350
45 0 232 15 351
39 0 230 15 352
30 0 230 15 353
21 0 229 15 354
5 0 232 15 355
-6 0 232 15 356
-16 0 232 15 357
-26 0 232 15 358
-37 0 232 15 359
-47 0 232 15 360
-51 0 223 15 361
-51 0 211 15 362
-47 0 204 15 363
-51 0 192 15 364
-49 0 183 15 365
-48 0 175 15 366
-48 0 165 15 367
-48 0 155 15 368
-49 0 145 15 369
-48 0 135 15 370
-48 0 125 15 371
-64 0 102 15 372
-39 0 102 15 373
-13 0 102 15 374
13 0 102 15 375
39 0 102 15 376
63 0 102 15 377
88 0 102 15 378
114 0 102 15 379
139 0 102 15 380
164 0 102 15 381
188 0 102 15 382
214 0 102 15 383
238 0 102 15 384
264 0 102 15 385
288 0 102 15 386
313 0 102 15 387
339 0 102 15 388
364 0 102 15 389
390 0 102 15 390
415 0 102 15 391
441 0 102 15 392
466 0 102 15 393
492 0 102 15 394
500 0 119 15 395
500 0 143 15 396
500 0 169 15 397
500 0 193 15 398
500 0 219 15 399
500 0 243 15 400
475 0 243 15 401
440 0 242 15 402
415 0 242 15 403
391 0 242 15 404
370 0 243 15 405
340 0 242 15 406
316 0 242 15 407
295 0 243 15 408
269 0 243 15 409
242 0 241 15 410
219 0 242 15 411
196 0 243 15 412
171 0 241 15 413
148 0 241 15 414
122 0 243 15 415
100 0 240 15 416
72 0 242 15 417
46 0 243 15 418
21 0 243 15 419
-4 0 243 15 420
-34 0 243 15 421
-59 0 243 15 422
-65 0 226 15 423
-65 0 200 15 424
-65 0 175 15 425
-65 0 150 15 426
-65 0 126 15 427
