428
-36 0 192 15 0
-34 0 184 15 1
-31 0 175 15 2
-20 0 153 15 3
-22 0 175 15 4
-35 0 177 15 5
-23 0 130 15 6
-31 0 190 15 7
-31 0 162 15 8
-31 0 168 15 9
-23 0 144 15 10
-44 0 141 15 11
-49 0 140 15 12
-30 0 173 15 13
-12 0 135 15 14
-16 0 137 15 15
-29 0 181 15 16
-12 0 152 15 17
-42 0 150 15 18
-20 0 139 15 19
-29 0 143 15 20
-12 0 177 15 21
-5 0 136 15 22
-23 0 142 15 23
-20 0 152 15 24
-20 0 158 15 25
65 7 156 15 26
73 7 156 15 27
42 0 178 15 28
76 7 173 15 29
49 0 196 15 30
75 7 190 15 31
-32 0 129 15 32
70 7 156 15 33
26 0 148 15 34
50 0 145 15 35
26 0 165 15 36
26 0 133 15 37
62 0 178 15 38
27 0 142 15 39
39 0 175 15 40
45 0 135 15 41
40 0 134 15 42
28 0 156 15 43
52 0 157 15 44
34 0 174 15 45
52 0 171 15 46
53 0 163 15 47
79 7 177 15 48
53 0 136 15 49
53 0 151 15 50
30 0 170 15 51
53 0 176 15 52
54 0 188 15 53
59 0 136 15 54
79 0 149 15 55
62 0 176 15 56
57 0 180 15 57
75 0 176 15 58
92 0 152 15 59
93 0 160 15 60
93 0 169 15 61
90 0 173 15 62
95 0 164 15 63
97 7 177 15 64
100 7 158 15 65
137 7 164 15 66
101 7 154 15 67
137 7 168 15 68
104 7 148 15 69
137 0 132 15 70
140 7 182 15 71
139 7 173 15 72
127 0 181 15 73
132 0 182 15 74
141 0 184 15 75
141 7 189 15 76
152 0 184 15 77
124 0 132 15 78
130 0 134 15 79
134 0 137 15 80
150 7 145 15 81
123 0 157 15 82
127 0 159 15 83
132 0 160 15 84
133 0 169 15 85
132 0 151 15 86
157 0 163 15 87
148 7 149 15 88
152 0 160 15 89
136 0 173 15 90
135 0 146 15 91
144 0 160 15 92
142 0 159 15 93
155 0 146 15 94
149 7 155 15 95
156 0 150 15 96
180 0 189 15 97
188 0 188 15 98
195 0 188 15 99
183 0 159 15 100
201 0 188 15 101
192 0 175 15 102
198 0 158 15 103
189 0 170 15 104
189 0 163 15 105
189 0 182 15 106
205 0 153 15 107
193 0 150 15 108
191 0 178 15 109
202 0 177 15 110
208 0 177 15 111
192 0 179 15 112
248 0 182 15 113
263 0 181 15 114
218 7 174 15 115
221 0 146 15 116
270 0 175 15 117
272 0 141 15 118
271 0 154 15 119
212 0 160 15 120
245 7 195 15 121
293 0 137 15 122
272 0 169 15 123
220 7 191 15 124
273 0 148 15 125
220 7 184 15 126
224 0 159 15 127
274 0 135 15 128
251 7 189 15 129
217 7 146 15 130
251 7 171 15 131
218 7 192 15 132
212 0 155 15 133
296 0 182 15 134
270 7 191 15 135
275 0 163 15 136
269 7 171 15 137
249 7 150 15 138
279 0 181 15 139
288 0 137 15 140
256 7 185 15 141
248 7 205 15 142
254 7 145 15 143
221 7 151 15 144
262 0 182 15 145
249 7 161 15 146
259 7 141 15 147
251 7 167 15 148
276 0 180 15 149
265 7 185 15 150
270 7 142 15 151
225 7 155 15 152
289 0 183 15 153
277 7 205 15 154
280 7 149 15 155
258 7 176 15 156
266 7 141 15 157
268 0 184 15 158
277 7 144 15 159
251 7 157 15 160
296 0 182 15 161
278 7 197 15 162
286 0 135 15 163
263 7 180 15 164
272 7 188 15 165
277 7 168 15 166
269 7 175 15 167
308 7 198 15 168
319 7 142 15 169
311 7 191 15 170
311 7 151 15 171
276 0 134 15 172
283 7 166 15 173
316 7 148 15 174
315 7 187 15 175
334 0 141 15 176
312 7 164 15 177
326 7 140 15 178
311 7 156 15 179
315 7 169 15 180
339 7 148 15 181
336 7 144 15 182
323 7 177 15 183
343 0 141 15 184
331 7 141 15 185
321 7 172 15 186
348 0 171 15 187
360 0 164 15 188
378 0 175 15 189
355 0 179 15 190
361 0 158 15 191
349 7 169 15 192
352 0 186 15 193
332 7 185 15 194
352 7 204 15 195
378 0 144 15 196
357 7 165 15 197
394 0 144 15 198
372 0 144 15 199
348 7 171 15 200
389 0 142 15 201
355 7 198 15 202
369 0 153 15 203
350 7 188 15 204
358 7 167 15 205
403 0 146 15 206
367 0 146 15 207
389 0 179 15 208
399 0 189 15 209
434 0 143 15 210
396 0 185 15 211
452 0 160 15 212
433 0 156 15 213
348 7 175 15 214
440 0 126 15 215
434 0 147 15 216
473 0 146 15 217
440 0 181 15 218
434 0 159 15 219
350 7 186 15 220
358 7 194 15 221
459 0 129 15 222
460 0 162 15 223
445 0 132 15 224
445 0 141 15 225
455 0 182 15 226
477 0 134 15 227
449 0 180 15 228
460 0 133 15 229
468 0 163 15 230
463 0 180 15 231
450 0 157 15 232
467 0 178 15 233
455 0 140 15 234
471 0 142 15 235
465 0 140 15 236
464 0 199 15 237
471 0 196 15 238
469 0 181 15 239
470 0 188 15 240
475 0 184 15 241
-25 0 118 15 242
62 0 128 15 243
71 0 128 15 244
58 0 121 15 245
61 0 116 15 246
86 0 128 15 247
92 0 128 15 248
100 7 134 15 249
157 7 135 15 250
154 0 131 15 251
157 0 128 15 252
159 0 122 15 253
169 0 135 15 254
172 0 122 15 255
181 0 122 15 256
184 0 128 15 257
193 0 122 15 258
204 0 122 15 259
194 0 132 15 260
209 0 128 15 261
198 7 134 15 262
202 0 135 15 263
213 0 135 15 264
223 0 133 15 265
221 0 135 15 266
217 7 136 15 267
264 0 129 15 268
274 0 129 15 269
372 0 118 15 270
374 0 125 15 271
374 0 130 15 272
441 0 118 15 273
466 0 116 15 274
491 0 120 15 275
485 0 130 15 276
494 0 139 15 277
494 0 147 15 278
495 0 156 15 279
486 0 180 15 280
491 0 181 15 281
472 0 206 15 282
348 7 218 15 283
321 7 212 15 284
318 7 217 15 285
282 7 215 15 286
271 7 218 15 287
243 7 215 15 288
245 7 219 15 289
209 7 202 15 290
199 7 200 15 291
197 7 212 15 292
192 7 221 15 293
180 7 202 15 294
167 0 199 15 295
155 7 203 15 296
155 0 199 15 297
138 7 198 15 298
87 7 216 15 299
85 7 212 15 300
80 7 207 15 301
77 7 203 15 302
76 7 198 15 303
-41 0 197 15 304
-58 0 175 15 305
-50 0 173 15 306
-54 0 157 15 307
-54 0 150 15 308
-64 0 137 15 309
-54 0 129 15 310
-50 0 124 15 311
363 7 218 15 312
348 7 223 15 313
335 7 223 15 314
276 7 222 15 315
263 7 223 15 316
206 7 210 15 317
199 7 219 15 318
172 7 207 15 319
162 7 208 15 320
141 7 204 15 321
88 7 224 15 322
88 7 224 15 323
88 7 224 15 324
88 7 224 15 325
88 7 224 15 326
88 7 224 15 327
88 7 224 15 328
88 7 224 15 329
88 7 224 15 330
88 7 224 15 331
88 7 224 15 332
88 7 224 15 333
88 7 224 15 334
88 7 224 15 335
88 7 224 15 336
88 7 224 15 337
88 7 224 15 338
88 7 224 15 339
88 7 224 15 340
88 7 224 15 341
88 7 224 15 342
88 7 224 15 343
88 7 224 15 344
88 7 224 15 345
88 7 224 15 346
88 7 224 15 347
88 7 224 15 348
88 7 224 15 349
88 7 224 15 350
88 7 224 15 351
88 7 224 15 352
88 7 224 15 353
88 7 224 15 354
88 7 224 15 355
88 7 224 15 356
88 7 224 15 357
88 7 224 15 358
88 7 224 15 359
88 7 224 15 360
88 7 224 15 361
88 7 224 15 362
88 7 224 15 363
88 7 224 15 364
88 7 224 15 365
88 7 224 15 366
88 7 224 15 367
88 7 224 15 368
88 7 224 15 369
88 7 224 15 370
88 7 224 15 371
88 7 224 15 372
88 7 224 15 373
88 7 224 15 374
88 7 224 15 375
88 7 224 15 376
88 7 224 15 377
88 7 224 15 378
88 7 224 15 379
88 7 224 15 380
88 7 224 15 381
88 7 224 15 382
88 7 224 15 383
88 7 224 15 384
88 7 224 15 385
88 7 224 15 386
88 7 224 15 387
88 7 224 15 388
88 7 224 15 389
88 7 224 15 390
88 7 224 15 391
88 7 224 15 392
88 7 224 15 393
88 7 224 15 394
88 7 224 15 395
88 7 224 15 396
88 7 224 15 397
88 7 224 15 398
88 7 224 15 399
88 7 224 15 400
88 7 224 15 401
88 7 224 15 402
88 7 224 15 403
88 7 224 15 404
88 7 224 15 405
88 7 224 15 406
88 7 224 15 407
88 7 224 15 408
88 7 224 15 409
88 7 224 15 410
88 7 224 15 411
88 7 224 15 412
88 7 224 15 413
88 7 224 15 414
88 7 224 15 415
88 7 224 15 416
88 7 224 15 417
88 7 224 15 418
88 7 224 15 419
88 7 224 15 420
88 7 224 15 421
88 7 224 15 422
88 7 224 15 423
88 7 224 15 424
88 7 224 15 425
88 7 224 15 426
88 7 224 15 427
