428
-33 0 194 15 0
-29 0 188 15 1
-27 0 178 15 2
-18 0 154 15 3
-19 0 177 15 4
-27 0 182 15 5
-18 0 133 15 6
-24 0 195 15 7
-23 0 167 15 8
-23 0 173 15 9
-18 0 147 15 10
-31 0 150 15 11
-34 0 150 15 12
-21 0 179 15 13
-9 0 138 15 14
-11 0 141 15 15
-20 0 188 15 16
-8 0 154 15 17
-28 0 160 15 18
-13 0 143 15 19
-18 0 150 15 20
-7 0 180 15 21
-1 0 140 15 22
-12 0 149 15 23
-10 0 157 15 24
-10 0 164 15 25
45 4 165 15 26
50 4 168 15 27
30 0 184 15 28
52 4 183 15 29
34 0 201 15 30
51 4 200 15 31
-18 0 139 15 32
50 4 167 15 33
22 0 150 15 34
37 0 150 15 35
22 0 168 15 36
22 0 132 15 37
45 0 184 15 38
23 0 144 15 39
31 0 179 15 40
35 0 137 15 41
33 0 135 15 42
25 0 157 15 43
41 0 162 15 44
29 0 176 15 45
42 0 177 15 46
42 0 168 15 47
60 4 183 15 48
43 0 140 15 49
43 0 155 15 50
29 0 170 15 51
44 0 180 15 52
45 0 191 15 53
50 0 139 15 54
63 0 156 15 55
52 0 180 15 56
52 0 182 15 57
65 0 180 15 58
89 0 154 15 59
91 0 162 15 60
92 0 170 15 61
90 0 174 15 62
94 0 164 15 63
95 4 179 15 64
99 4 159 15 65
124 4 169 15 66
102 4 155 15 67
127 4 171 15 68
106 4 150 15 69
128 0 130 15 70
130 4 188 15 71
130 4 176 15 72
123 0 183 15 73
126 0 186 15 74
131 0 191 15 75
131 4 197 15 76
139 0 196 15 77
121 0 132 15 78
125 0 135 15 79
128 0 139 15 80
138 4 146 15 81
120 0 157 15 82
123 0 160 15 83
126 0 163 15 84
127 0 171 15 85
127 0 151 15 86
144 0 167 15 87
139 4 149 15 88
143 0 164 15 89
133 0 174 15 90
133 0 146 15 91
139 0 162 15 92
139 0 160 15 93
149 0 146 15 94
145 4 155 15 95
151 0 150 15 96
182 0 191 15 97
190 0 189 15 98
197 0 189 15 99
192 0 159 15 100
204 0 188 15 101
199 0 178 15 102
204 0 158 15 103
198 0 171 15 104
199 0 164 15 105
200 0 184 15 106
211 0 153 15 107
206 0 151 15 108
205 0 180 15 109
215 0 180 15 110
221 0 181 15 111
213 0 183 15 112
259 0 185 15 113
270 0 182 15 114
241 4 175 15 115
246 0 147 15 116
277 0 175 15 117
279 0 141 15 118
280 0 154 15 119
241 0 161 15 120
263 4 199 15 121
295 0 137 15 122
282 0 170 15 123
248 4 198 15 124
282 0 149 15 125
248 4 190 15 126
251 0 160 15 127
284 0 134 15 128
269 4 193 15 129
247 4 146 15 130
270 4 171 15 131
248 4 200 15 132
244 0 156 15 133
300 0 182 15 134
284 4 194 15 135
288 0 163 15 136
283 4 171 15 137
271 4 151 15 138
291 0 181 15 139
297 0 137 15 140
276 4 189 15 141
271 4 209 15 142
275 4 146 15 143
255 4 153 15 144
281 0 185 15 145
273 4 161 15 146
280 4 140 15 147
274 4 168 15 148
291 0 180 15 149
283 4 188 15 150
288 4 142 15 151
259 4 156 15 152
300 0 184 15 153
293 4 209 15 154
295 4 150 15 155
281 4 177 15 156
286 4 140 15 157
288 0 187 15 158
294 4 144 15 159
277 4 158 15 160
306 0 183 15 161
295 4 201 15 162
300 0 134 15 163
286 4 180 15 164
291 4 192 15 165
295 4 168 15 166
290 4 176 15 167
315 4 200 15 168
323 4 142 15 169
318 4 192 15 170
318 4 152 15 171
296 0 133 15 172
301 4 167 15 173
323 4 150 15 174
323 4 190 15 175
336 0 141 15 176
322 4 163 15 177
331 4 137 15 178
322 4 156 15 179
324 4 168 15 180
340 4 149 15 181
338 4 144 15 182
330 4 177 15 183
344 0 140 15 184
336 4 139 15 185
331 4 170 15 186
351 0 172 15 187
371 0 165 15 188
383 0 175 15 189
368 0 180 15 190
373 0 159 15 191
364 4 170 15 192
367 0 187 15 193
354 4 189 15 194
366 4 205 15 195
384 0 145 15 196
372 4 166 15 197
396 0 145 15 198
383 0 147 15 199
368 4 171 15 200
395 0 141 15 201
373 4 200 15 202
383 0 156 15 203
371 4 192 15 204
377 4 167 15 205
407 0 148 15 206
384 0 150 15 207
399 0 180 15 208
405 0 191 15 209
429 0 147 15 210
405 0 187 15 211
442 0 165 15 212
430 0 159 15 213
375 4 177 15 214
436 0 129 15 215
432 0 149 15 216
458 0 155 15 217
436 0 182 15 218
433 0 161 15 219
379 4 191 15 220
384 4 198 15 221
449 0 135 15 222
450 0 168 15 223
441 0 134 15 224
441 0 144 15 225
448 0 186 15 226
463 0 144 15 227
445 0 182 15 228
453 0 138 15 229
458 0 167 15 230
455 0 191 15 231
448 0 158 15 232
460 0 188 15 233
452 0 142 15 234
464 0 147 15 235
461 0 143 15 236
461 0 203 15 237
468 0 200 15 238
467 0 184 15 239
467 0 191 15 240
471 0 190 15 241
-22 0 116 15 242
48 0 123 15 243
57 0 123 15 244
53 0 118 15 245
58 0 115 15 246
81 0 123 15 247
89 0 123 15 248
97 4 127 15 249
145 4 128 15 250
147 0 125 15 251
152 0 123 15 252
157 0 119 15 253
167 0 128 15 254
172 0 119 15 255
182 0 119 15 256
187 0 123 15 257
196 0 119 15 258
210 0 119 15 259
207 0 126 15 260
220 0 123 15 261
220 4 127 15 262
226 0 128 15 263
240 0 128 15 264
251 0 126 15 265
253 0 128 15 266
253 4 128 15 267
288 0 124 15 268
301 0 124 15 269
375 0 116 15 270
384 0 121 15 271
387 0 124 15 272
441 0 116 15 273
464 0 115 15 274
488 0 121 15 275
484 0 131 15 276
490 0 140 15 277
490 0 149 15 278
491 0 158 15 279
485 0 180 15 280
488 0 185 15 281
469 0 215 15 282
368 4 223 15 283
339 4 219 15 284
331 4 222 15 285
303 4 221 15 286
286 4 223 15 287
257 4 221 15 288
255 4 224 15 289
224 4 213 15 290
215 4 211 15 291
203 4 219 15 292
193 4 225 15 293
182 4 213 15 294
163 0 211 15 295
148 4 214 15 296
144 0 211 15 297
123 4 210 15 298
79 4 222 15 299
74 4 219 15 300
64 4 216 15 301
59 4 213 15 302
54 4 210 15 303
-43 0 200 15 304
-54 0 179 15 305
-49 0 174 15 306
-52 0 160 15 307
-52 0 152 15 308
-58 0 140 15 309
-52 0 131 15 310
-49 0 125 15 311
393 4 227 15 312
374 4 230 15 313
357 4 230 15 314
301 4 230 15 315
284 4 230 15 316
220 4 222 15 317
207 4 228 15 318
172 4 220 15 319
156 4 221 15 320
125 4 218 15 321
82 4 231 15 322
82 4 231 15 323
82 4 231 15 324
82 4 231 15 325
82 4 231 15 326
82 4 231 15 327
82 4 231 15 328
82 4 231 15 329
82 4 231 15 330
82 4 231 15 331
82 4 231 15 332
82 4 231 15 333
82 4 231 15 334
82 4 231 15 335
82 4 231 15 336
82 4 231 15 337
82 4 231 15 338
82 4 231 15 339
82 4 231 15 340
82 4 231 15 341
82 4 231 15 342
82 4 231 15 343
82 4 231 15 344
82 4 231 15 345
82 4 231 15 346
82 4 231 15 347
82 4 231 15 348
82 4 231 15 349
82 4 231 15 350
82 4 231 15 351
82 4 231 15 352
82 4 231 15 353
82 4 231 15 354
82 4 231 15 355
82 4 231 15 356
82 4 231 15 357
82 4 231 15 358
82 4 231 15 359
82 4 231 15 360
82 4 231 15 361
82 4 231 15 362
82 4 231 15 363
82 4 231 15 364
82 4 231 15 365
82 4 231 15 366
82 4 231 15 367
82 4 231 15 368
82 4 231 15 369
82 4 231 15 370
82 4 231 15 371
82 4 231 15 372
82 4 231 15 373
82 4 231 15 374
82 4 231 15 375
82 4 231 15 376
82 4 231 15 377
82 4 231 15 378
82 4 231 15 379
82 4 231 15 380
82 4 231 15 381
82 4 231 15 382
82 4 231 15 383
82 4 231 15 384
82 4 231 15 385
82 4 231 15 386
82 4 231 15 387
82 4 231 15 388
82 4 231 15 389
82 4 231 15 390
82 4 231 15 391
82 4 231 15 392
82 4 231 15 393
82 4 231 15 394
82 4 231 15 395
82 4 231 15 396
82 4 231 15 397
82 4 231 15 398
82 4 231 15 399
82 4 231 15 400
82 4 231 15 401
82 4 231 15 402
82 4 231 15 403
82 4 231 15 404
82 4 231 15 405
82 4 231 15 406
82 4 231 15 407
82 4 231 15 408
82 4 231 15 409
82 4 231 15 410
82 4 231 15 411
82 4 231 15 412
82 4 231 15 413
82 4 231 15 414
82 4 231 15 415
82 4 231 15 416
82 4 231 15 417
82 4 231 15 418
82 4 231 15 419
82 4 231 15 420
82 4 231 15 421
82 4 231 15 422
82 4 231 15 423
82 4 231 15 424
82 4 231 15 425
82 4 231 15 426
82 4 231 15 427
