428
-31 0 195 15 0
-26 0 190 15 1
-25 0 180 15 2
-17 0 155 15 3
-17 0 178 15 4
-22 0 186 15 5
-15 0 135 15 6
-19 0 198 15 7
-18 0 170 15 8
-18 0 176 15 9
-14 0 149 15 10
-23 0 155 15 11
-25 0 157 15 12
-15 0 182 15 13
-7 0 139 15 14
-8 0 143 15 15
-14 0 192 15 16
-6 0 155 15 17
-18 0 165 15 18
-8 0 146 15 19
-12 0 155 15 20
-3 0 182 15 21
2 0 143 15 22
-6 0 153 15 23
-5 0 161 15 24
-5 0 168 15 25
32 3 170 15 26
35 3 176 15 27
22 0 188 15 28
37 3 190 15 29
25 0 204 15 30
36 3 206 15 31
-9 0 145 15 32
37 3 174 15 33
19 0 151 15 34
29 0 154 15 35
19 0 169 15 36
20 0 132 15 37
34 0 189 15 38
21 0 145 15 39
26 0 180 15 40
29 0 139 15 41
28 0 135 15 42
23 0 158 15 43
34 0 165 15 44
26 0 178 15 45
35 0 180 15 46
36 0 171 15 47
47 3 188 15 48
37 0 143 15 49
37 0 157 15 50
28 0 170 15 51
39 0 181 15 52
39 0 193 15 53
44 0 141 15 54
53 0 161 15 55
47 0 181 15 56
49 0 184 15 57
59 0 182 15 58
88 0 156 15 59
90 0 163 15 60
91 0 170 15 61
90 0 175 15 62
93 0 164 15 63
94 3 180 15 64
99 3 159 15 65
116 3 172 15 66
103 3 155 15 67
120 3 173 15 68
108 3 151 15 69
122 0 129 15 70
125 3 192 15 71
125 3 178 15 72
120 0 185 15 73
122 0 189 15 74
126 0 196 15 75
126 3 202 15 76
130 0 204 15 77
119 0 132 15 78
122 0 136 15 79
123 0 140 15 80
130 3 146 15 81
119 0 157 15 82
121 0 161 15 83
122 0 164 15 84
123 0 172 15 85
123 0 151 15 86
136 0 169 15 87
133 3 149 15 88
137 0 166 15 89
131 0 175 15 90
132 0 146 15 91
136 0 163 15 92
137 0 160 15 93
144 0 146 15 94
142 3 155 15 95
147 0 150 15 96
183 0 192 15 97
191 0 190 15 98
199 0 189 15 99
197 0 159 15 100
206 0 188 15 101
204 0 179 15 102
208 0 158 15 103
204 0 172 15 104
205 0 165 15 105
207 0 185 15 106
216 0 153 15 107
214 0 151 15 108
213 0 182 15 109
222 0 182 15 110
229 0 184 15 111
226 0 186 15 112
267 0 187 15 113
275 0 182 15 114
256 3 176 15 115
261 0 147 15 116
282 0 175 15 117
284 0 141 15 118
285 0 154 15 119
260 0 161 15 120
275 3 201 15 121
296 0 137 15 122
287 0 171 15 123
265 3 202 15 124
288 0 149 15 125
266 3 194 15 126
268 0 160 15 127
290 0 134 15 128
281 3 196 15 129
267 3 146 15 130
282 3 171 15 131
267 3 205 15 132
265 0 157 15 133
302 0 182 15 134
292 3 196 15 135
296 0 163 15 136
293 3 171 15 137
285 3 152 15 138
298 0 181 15 139
302 0 137 15 140
288 3 191 15 141
286 3 212 15 142
289 3 146 15 143
276 3 154 15 144
293 0 186 15 145
288 3 161 15 146
293 3 140 15 147
289 3 169 15 148
300 0 180 15 149
295 3 190 15 150
299 3 142 15 151
280 3 156 15 152
307 0 185 15 153
303 3 212 15 154
304 3 151 15 155
295 3 177 15 156
299 3 139 15 157
300 0 189 15 158
304 3 144 15 159
293 3 159 15 160
312 0 184 15 161
306 3 204 15 162
309 0 133 15 163
300 3 180 15 164
304 3 194 15 165
307 3 168 15 166
303 3 176 15 167
320 3 201 15 168
326 3 142 15 169
323 3 192 15 170
323 3 153 15 171
309 0 132 15 172
313 3 167 15 173
328 3 151 15 174
328 3 191 15 175
337 0 141 15 176
328 3 163 15 177
334 3 135 15 178
328 3 156 15 179
330 3 168 15 180
341 3 150 15 181
340 3 144 15 182
335 3 177 15 183
344 0 140 15 184
339 3 138 15 185
337 3 169 15 186
352 0 173 15 187
379 0 165 15 188
386 0 175 15 189
377 0 180 15 190
380 0 160 15 191
375 3 170 15 192
376 0 188 15 193
368 3 192 15 194
376 3 205 15 195
388 0 146 15 196
381 3 166 15 197
398 0 145 15 198
390 0 149 15 199
380 3 171 15 200
399 0 140 15 201
385 3 202 15 202
392 0 158 15 203
385 3 195 15 204
390 3 167 15 205
410 0 149 15 206
394 0 152 15 207
405 0 180 15 208
409 0 192 15 209
426 0 150 15 210
411 0 188 15 211
436 0 168 15 212
428 0 161 15 213
392 3 178 15 214
434 0 131 15 215
431 0 150 15 216
448 0 160 15 217
434 0 183 15 218
432 0 162 15 219
397 3 194 15 220
400 3 201 15 221
444 0 139 15 222
444 0 172 15 223
438 0 136 15 224
438 0 146 15 225
443 0 188 15 226
454 0 150 15 227
443 0 184 15 228
448 0 141 15 229
452 0 170 15 230
450 0 197 15 231
447 0 158 15 232
455 0 196 15 233
451 0 143 15 234
459 0 150 15 235
459 0 145 15 236
459 0 205 15 237
466 0 203 15 238
465 0 186 15 239
466 0 193 15 240
468 0 195 15 241
-21 0 115 15 242
39 0 120 15 243
49 0 120 15 244
49 0 117 15 245
56 0 115 15 246
78 0 120 15 247
87 0 120 15 248
96 3 122 15 249
137 3 123 15 250
142 0 121 15 251
149 0 120 15 252
155 0 117 15 253
165 0 123 15 254
172 0 117 15 255
182 0 117 15 256
189 0 120 15 257
198 0 117 15 258
215 0 117 15 259
216 0 121 15 260
227 0 120 15 261
234 3 122 15 262
242 0 123 15 263
258 0 123 15 264
268 0 122 15 265
273 0 123 15 266
277 3 123 15 267
303 0 120 15 268
319 0 120 15 269
377 0 115 15 270
390 0 119 15 271
396 0 120 15 272
441 0 115 15 273
463 0 114 15 274
486 0 121 15 275
484 0 132 15 276
487 0 141 15 277
488 0 150 15 278
488 0 160 15 279
484 0 180 15 280
486 0 187 15 281
467 0 221 15 282
380 3 226 15 283
351 3 224 15 284
339 3 226 15 285
317 3 225 15 286
295 3 226 15 287
266 3 225 15 288
261 3 227 15 289
234 3 220 15 290
224 3 219 15 291
207 3 224 15 292
193 3 227 15 293
183 3 220 15 294
160 0 218 15 295
143 3 220 15 296
137 0 218 15 297
113 3 218 15 298
74 3 226 15 299
67 3 224 15 300
54 3 222 15 301
47 3 220 15 302
40 3 218 15 303
-45 0 201 15 304
-52 0 180 15 305
-49 0 174 15 306
-50 0 162 15 307
-50 0 153 15 308
-54 0 142 15 309
-50 0 133 15 310
-48 0 125 15 311
412 3 233 15 312
391 3 235 15 313
371 3 235 15 314
317 3 235 15 315
297 3 235 15 316
229 3 230 15 317
212 3 234 15 318
172 3 229 15 319
153 3 229 15 320
115 3 227 15 321
78 3 236 15 322
78 3 236 15 323
78 3 236 15 324
78 3 236 15 325
78 3 236 15 326
78 3 236 15 327
78 3 236 15 328
78 3 236 15 329
78 3 236 15 330
78 3 236 15 331
78 3 236 15 332
78 3 236 15 333
78 3 236 15 334
78 3 236 15 335
78 3 236 15 336
78 3 236 15 337
78 3 236 15 338
78 3 236 15 339
78 3 236 15 340
78 3 236 15 341
78 3 236 15 342
78 3 236 15 343
78 3 236 15 344
78 3 236 15 345
78 3 236 15 346
78 3 236 15 347
78 3 236 15 348
78 3 236 15 349
78 3 236 15 350
78 3 236 15 351
78 3 236 15 352
78 3 236 15 353
78 3 236 15 354
78 3 236 15 355
78 3 236 15 356
78 3 236 15 357
78 3 236 15 358
78 3 236 15 359
78 3 236 15 360
78 3 236 15 361
78 3 236 15 362
78 3 236 15 363
78 3 236 15 364
78 3 236 15 365
78 3 236 15 366
78 3 236 15 367
78 3 236 15 368
78 3 236 15 369
78 3 236 15 370
78 3 236 15 371
78 3 236 15 372
78 3 236 15 373
78 3 236 15 374
78 3 236 15 375
78 3 236 15 376
78 3 236 15 377
78 3 236 15 378
78 3 236 15 379
78 3 236 15 380
78 3 236 15 381
78 3 236 15 382
78 3 236 15 383
78 3 236 15 384
78 3 236 15 385
78 3 236 15 386
78 3 236 15 387
78 3 236 15 388
78 3 236 15 389
78 3 236 15 390
78 3 236 15 391
78 3 236 15 392
78 3 236 15 393
78 3 236 15 394
78 3 236 15 395
78 3 236 15 396
78 3 236 15 397
78 3 236 15 398
78 3 236 15 399
78 3 236 15 400
78 3 236 15 401
78 3 236 15 402
78 3 236 15 403
78 3 236 15 404
78 3 236 15 405
78 3 236 15 406
78 3 236 15 407
78 3 236 15 408
78 3 236 15 409
78 3 236 15 410
78 3 236 15 411
78 3 236 15 412
78 3 236 15 413
78 3 236 15 414
78 3 236 15 415
78 3 236 15 416
78 3 236 15 417
78 3 236 15 418
78 3 236 15 419
78 3 236 15 420
78 3 236 15 421
78 3 236 15 422
78 3 236 15 423
78 3 236 15 424
78 3 236 15 425
78 3 236 15 426
78 3 236 15 427
