428
-34 0 192 15 0
-32 0 185 15 1
-30 0 176 15 2
-19 0 153 15 3
-21 0 175 15 4
-32 0 180 15 5
-21 0 131 15 6
-28 0 192 15 7
-27 0 164 15 8
-27 0 171 15 9
-21 0 145 15 10
-38 0 145 15 11
-42 0 144 15 12
-26 0 176 15 13
-10 0 136 15 14
-14 0 139 15 15
-25 0 184 15 16
-10 0 153 15 17
-36 0 154 15 18
-17 0 141 15 19
-24 0 146 15 20
-10 0 178 15 21
-3 0 138 15 22
-18 0 145 15 23
-16 0 154 15 24
-16 0 161 15 25
56 6 160 15 26
63 6 161 15 27
36 0 180 15 28
65 6 178 15 29
42 0 198 15 30
64 6 195 15 31
-26 0 133 15 32
61 6 161 15 33
24 0 149 15 34
44 0 147 15 35
24 0 166 15 36
25 0 133 15 37
54 0 180 15 38
25 0 143 15 39
35 0 177 15 40
41 0 136 15 41
37 0 134 15 42
26 0 156 15 43
47 0 160 15 44
32 0 175 15 45
48 0 174 15 46
48 0 165 15 47
71 6 180 15 48
48 0 138 15 49
48 0 152 15 50
29 0 170 15 51
49 0 177 15 52
50 0 189 15 53
55 0 137 15 54
72 0 152 15 55
58 0 177 15 56
55 0 181 15 57
71 0 178 15 58
91 0 153 15 59
92 0 160 15 60
93 0 169 15 61
90 0 174 15 62
94 0 164 15 63
96 6 178 15 64
100 6 158 15 65
131 6 167 15 66
102 6 154 15 67
133 6 169 15 68
105 6 149 15 69
133 0 131 15 70
136 6 184 15 71
135 6 175 15 72
125 0 182 15 73
130 0 184 15 74
137 0 187 15 75
137 6 193 15 76
146 0 190 15 77
123 0 132 15 78
128 0 135 15 79
131 0 137 15 80
144 6 145 15 81
122 0 157 15 82
126 0 160 15 83
129 0 161 15 84
130 0 169 15 85
130 0 151 15 86
151 0 164 15 87
144 6 149 15 88
148 0 162 15 89
134 0 174 15 90
135 0 146 15 91
141 0 161 15 92
140 0 159 15 93
152 0 146 15 94
147 6 155 15 95
154 0 150 15 96
181 0 189 15 97
189 0 188 15 98
196 0 188 15 99
187 0 159 15 100
202 0 188 15 101
195 0 176 15 102
200 0 158 15 103
193 0 170 15 104
193 0 164 15 105
194 0 183 15 106
208 0 153 15 107
199 0 150 15 108
197 0 179 15 109
208 0 178 15 110
214 0 180 15 111
201 0 180 15 112
253 0 184 15 113
266 0 181 15 114
228 6 174 15 115
232 0 146 15 116
273 0 175 15 117
275 0 141 15 118
275 0 154 15 119
225 0 160 15 120
253 6 197 15 121
293 0 137 15 122
276 0 170 15 123
232 6 194 15 124
277 0 148 15 125
233 6 186 15 126
236 0 159 15 127
279 0 135 15 128
259 6 191 15 129
230 6 146 15 130
259 6 171 15 131
231 6 196 15 132
225 0 156 15 133
298 0 182 15 134
276 6 193 15 135
281 0 163 15 136
275 6 171 15 137
259 6 151 15 138
284 0 181 15 139
292 0 137 15 140
265 6 186 15 141
258 6 207 15 142
263 6 145 15 143
236 6 152 15 144
270 0 183 15 145
259 6 161 15 146
268 6 141 15 147
261 6 168 15 148
283 0 180 15 149
273 6 186 15 150
278 6 142 15 151
240 6 155 15 152
294 0 183 15 153
284 6 207 15 154
287 6 150 15 155
268 6 176 15 156
275 6 140 15 157
277 0 185 15 158
284 6 144 15 159
262 6 157 15 160
301 0 183 15 161
286 6 199 15 162
292 0 134 15 163
273 6 180 15 164
280 6 190 15 165
285 6 168 15 166
278 6 175 15 167
311 6 199 15 168
321 6 142 15 169
314 6 191 15 170
314 6 152 15 171
285 0 134 15 172
291 6 166 15 173
319 6 148 15 174
319 6 188 15 175
335 0 141 15 176
316 6 164 15 177
328 6 138 15 178
316 6 156 15 179
319 6 169 15 180
340 6 149 15 181
337 6 144 15 182
326 6 177 15 183
343 0 141 15 184
334 6 140 15 185
325 6 171 15 186
349 0 172 15 187
365 0 164 15 188
381 0 175 15 189
361 0 180 15 190
366 0 159 15 191
356 6 169 15 192
359 0 186 15 193
342 6 187 15 194
358 6 204 15 195
381 0 144 15 196
364 6 165 15 197
395 0 144 15 198
377 0 146 15 199
357 6 171 15 200
391 0 141 15 201
363 6 199 15 202
375 0 154 15 203
359 6 190 15 204
366 6 167 15 205
405 0 147 15 206
374 0 147 15 207
393 0 180 15 208
402 0 190 15 209
432 0 145 15 210
400 0 185 15 211
447 0 163 15 212
431 0 157 15 213
360 6 176 15 214
439 0 128 15 215
434 0 148 15 216
466 0 150 15 217
438 0 181 15 218
434 0 160 15 219
363 6 188 15 220
370 6 196 15 221
455 0 132 15 222
456 0 165 15 223
443 0 133 15 224
443 0 143 15 225
452 0 183 15 226
471 0 139 15 227
448 0 181 15 228
457 0 136 15 229
463 0 165 15 230
459 0 185 15 231
450 0 157 15 232
464 0 182 15 233
454 0 141 15 234
468 0 144 15 235
463 0 142 15 236
462 0 201 15 237
470 0 198 15 238
468 0 182 15 239
469 0 190 15 240
473 0 187 15 241
-24 0 117 15 242
56 0 125 15 243
65 0 125 15 244
56 0 120 15 245
59 0 116 15 246
84 0 125 15 247
91 0 126 15 248
99 6 131 15 249
151 6 132 15 250
151 0 129 15 251
154 0 125 15 252
158 0 121 15 253
168 0 132 15 254
172 0 120 15 255
181 0 120 15 256
186 0 125 15 257
194 0 120 15 258
207 0 120 15 259
200 0 129 15 260
214 0 125 15 261
208 6 131 15 262
213 0 132 15 263
224 0 132 15 264
235 0 130 15 265
235 0 132 15 266
233 6 132 15 267
274 0 127 15 268
286 0 127 15 269
373 0 117 15 270
378 0 124 15 271
380 0 127 15 272
441 0 117 15 273
465 0 115 15 274
490 0 120 15 275
485 0 131 15 276
492 0 139 15 277
493 0 148 15 278
493 0 157 15 279
486 0 180 15 280
489 0 183 15 281
470 0 210 15 282
357 6 221 15 283
329 6 215 15 284
324 6 219 15 285
291 6 217 15 286
278 6 221 15 287
249 6 218 15 288
250 6 221 15 289
216 6 207 15 290
206 6 205 15 291
200 6 215 15 292
192 6 222 15 293
181 6 207 15 294
165 0 204 15 295
152 6 208 15 296
150 0 204 15 297
131 6 204 15 298
83 6 219 15 299
80 6 215 15 300
73 6 211 15 301
69 6 207 15 302
66 6 204 15 303
-42 0 198 15 304
-56 0 177 15 305
-50 0 173 15 306
-53 0 159 15 307
-53 0 151 15 308
-61 0 138 15 309
-53 0 130 15 310
-49 0 124 15 311
376 6 222 15 312
360 6 226 15 313
345 6 226 15 314
287 6 226 15 315
272 6 226 15 316
213 6 216 15 317
203 6 223 15 318
172 6 213 15 319
160 6 214 15 320
134 6 210 15 321
86 6 227 15 322
86 6 227 15 323
86 6 227 15 324
86 6 227 15 325
86 6 227 15 326
86 6 227 15 327
86 6 227 15 328
86 6 227 15 329
86 6 227 15 330
86 6 227 15 331
86 6 227 15 332
86 6 227 15 333
86 6 227 15 334
86 6 227 15 335
86 6 227 15 336
86 6 227 15 337
86 6 227 15 338
86 6 227 15 339
86 6 227 15 340
86 6 227 15 341
86 6 227 15 342
86 6 227 15 343
86 6 227 15 344
86 6 227 15 345
86 6 227 15 346
86 6 227 15 347
86 6 227 15 348
86 6 227 15 349
86 6 227 15 350
86 6 227 15 351
86 6 227 15 352
86 6 227 15 353
86 6 227 15 354
86 6 227 15 355
86 6 227 15 356
86 6 227 15 357
86 6 227 15 358
86 6 227 15 359
86 6 227 15 360
86 6 227 15 361
86 6 227 15 362
86 6 227 15 363
86 6 227 15 364
86 6 227 15 365
86 6 227 15 366
86 6 227 15 367
86 6 227 15 368
86 6 227 15 369
86 6 227 15 370
86 6 227 15 371
86 6 227 15 372
86 6 227 15 373
86 6 227 15 374
86 6 227 15 375
86 6 227 15 376
86 6 227 15 377
86 6 227 15 378
86 6 227 15 379
86 6 227 15 380
86 6 227 15 381
86 6 227 15 382
86 6 227 15 383
86 6 227 15 384
86 6 227 15 385
86 6 227 15 386
86 6 227 15 387
86 6 227 15 388
86 6 227 15 389
86 6 227 15 390
86 6 227 15 391
86 6 227 15 392
86 6 227 15 393
86 6 227 15 394
86 6 227 15 395
86 6 227 15 396
86 6 227 15 397
86 6 227 15 398
86 6 227 15 399
86 6 227 15 400
86 6 227 15 401
86 6 227 15 402
86 6 227 15 403
86 6 227 15 404
86 6 227 15 405
86 6 227 15 406
86 6 227 15 407
86 6 227 15 408
86 6 227 15 409
86 6 227 15 410
86 6 227 15 411
86 6 227 15 412
86 6 227 15 413
86 6 227 15 414
86 6 227 15 415
86 6 227 15 416
86 6 227 15 417
86 6 227 15 418
86 6 227 15 419
86 6 227 15 420
86 6 227 15 421
86 6 227 15 422
86 6 227 15 423
86 6 227 15 424
86 6 227 15 425
86 6 227 15 426
86 6 227 15 427
