428
-34 0 193 15 0
-31 0 186 15 1
-29 0 176 15 2
-19 0 153 15 3
-20 0 176 15 4
-31 0 180 15 5
-20 0 131 15 6
-27 0 192 15 7
-27 0 165 15 8
-27 0 171 15 9
-20 0 146 15 10
-37 0 146 15 11
-41 0 145 15 12
-25 0 176 15 13
-10 0 136 15 14
-13 0 139 15 15
-24 0 185 15 16
-10 0 153 15 17
-34 0 155 15 18
-16 0 141 15 19
-23 0 147 15 20
-9 0 179 15 21
-3 0 138 15 22
-17 0 146 15 23
-15 0 155 15 24
-15 0 161 15 25
54 6 160 15 26
61 6 162 15 27
35 0 181 15 28
63 6 179 15 29
41 0 199 15 30
62 6 195 15 31
-24 0 134 15 32
59 6 162 15 33
24 0 149 15 34
43 0 148 15 35
24 0 166 15 36
24 0 133 15 37
53 0 181 15 38
25 0 143 15 39
35 0 177 15 40
40 0 136 15 41
36 0 134 15 42
26 0 156 15 43
46 0 160 15 44
31 0 175 15 45
47 0 174 15 46
47 0 166 15 47
69 6 180 15 48
48 0 138 15 49
48 0 153 15 50
29 0 170 15 51
49 0 178 15 52
49 0 190 15 53
54 0 138 15 54
70 0 153 15 55
57 0 178 15 56
55 0 181 15 57
70 0 178 15 58
91 0 153 15 59
92 0 161 15 60
93 0 169 15 61
90 0 174 15 62
94 0 164 15 63
96 6 178 15 64
100 6 158 15 65
130 6 167 15 66
102 6 154 15 67
132 6 169 15 68
105 6 149 15 69
132 0 131 15 70
135 6 185 15 71
135 6 175 15 72
125 0 182 15 73
129 0 184 15 74
136 0 188 15 75
136 6 193 15 76
145 0 191 15 77
123 0 132 15 78
128 0 135 15 79
131 0 138 15 80
143 6 145 15 81
122 0 157 15 82
125 0 160 15 83
129 0 161 15 84
129 0 170 15 85
129 0 151 15 86
150 0 165 15 87
143 6 149 15 88
147 0 162 15 89
134 0 174 15 90
134 0 146 15 91
141 0 161 15 92
140 0 159 15 93
152 0 146 15 94
147 6 155 15 95
153 0 150 15 96
181 0 190 15 97
189 0 188 15 98
196 0 188 15 99
188 0 159 15 100
203 0 188 15 101
196 0 176 15 102
201 0 158 15 103
194 0 170 15 104
194 0 164 15 105
195 0 183 15 106
208 0 153 15 107
200 0 150 15 108
199 0 180 15 109
209 0 179 15 110
216 0 180 15 111
203 0 180 15 112
254 0 184 15 113
267 0 181 15 114
230 6 174 15 115
234 0 146 15 116
274 0 175 15 117
276 0 141 15 118
276 0 154 15 119
227 0 160 15 120
255 6 197 15 121
294 0 137 15 122
277 0 170 15 123
235 6 195 15 124
278 0 148 15 125
235 6 187 15 126
238 0 159 15 127
279 0 135 15 128
260 6 191 15 129
232 6 146 15 130
261 6 171 15 131
234 6 196 15 132
228 0 156 15 133
298 0 182 15 134
278 6 193 15 135
282 0 163 15 136
277 6 171 15 137
261 6 151 15 138
285 0 181 15 139
292 0 137 15 140
266 6 187 15 141
260 6 207 15 142
265 6 145 15 143
239 6 152 15 144
272 0 183 15 145
261 6 161 15 146
270 6 141 15 147
264 6 168 15 148
284 0 180 15 149
274 6 187 15 150
279 6 142 15 151
243 6 155 15 152
295 0 183 15 153
286 6 207 15 154
288 6 150 15 155
270 6 176 15 156
277 6 140 15 157
279 0 185 15 158
286 6 144 15 159
264 6 157 15 160
301 0 183 15 161
287 6 199 15 162
294 0 134 15 163
275 6 180 15 164
282 6 190 15 165
287 6 168 15 166
280 6 175 15 167
312 6 199 15 168
321 6 142 15 169
315 6 191 15 170
315 6 152 15 171
287 0 134 15 172
293 6 166 15 173
320 6 149 15 174
319 6 188 15 175
335 0 141 15 176
317 6 164 15 177
328 6 138 15 178
317 6 156 15 179
320 6 169 15 180
340 6 149 15 181
337 6 144 15 182
327 6 177 15 183
343 0 141 15 184
334 6 140 15 185
326 6 171 15 186
349 0 172 15 187
366 0 164 15 188
381 0 175 15 189
362 0 180 15 190
367 0 159 15 191
357 6 169 15 192
360 0 186 15 193
344 6 187 15 194
360 6 204 15 195
381 0 144 15 196
365 6 165 15 197
395 0 144 15 198
378 0 146 15 199
358 6 171 15 200
392 0 141 15 201
365 6 199 15 202
377 0 154 15 203
361 6 190 15 204
368 6 167 15 205
405 0 147 15 206
376 0 148 15 207
394 0 180 15 208
403 0 190 15 209
431 0 145 15 210
401 0 186 15 211
447 0 163 15 212
431 0 158 15 213
363 6 176 15 214
438 0 128 15 215
433 0 148 15 216
465 0 150 15 217
438 0 181 15 218
434 0 160 15 219
365 6 189 15 220
372 6 196 15 221
454 0 132 15 222
455 0 165 15 223
443 0 133 15 224
443 0 143 15 225
451 0 184 15 226
469 0 139 15 227
447 0 181 15 228
456 0 136 15 229
463 0 165 15 230
459 0 186 15 231
449 0 157 15 232
463 0 183 15 233
454 0 141 15 234
467 0 145 15 235
463 0 142 15 236
462 0 201 15 237
469 0 198 15 238
468 0 183 15 239
469 0 190 15 240
473 0 187 15 241
-24 0 117 15 242
55 0 125 15 243
63 0 125 15 244
55 0 120 15 245
59 0 116 15 246
83 0 125 15 247
90 0 126 15 248
99 6 130 15 249
150 6 131 15 250
150 0 128 15 251
154 0 125 15 252
158 0 121 15 253
168 0 131 15 254
172 0 120 15 255
181 0 120 15 256
186 0 125 15 257
195 0 120 15 258
207 0 120 15 259
201 0 129 15 260
215 0 125 15 261
210 6 130 15 262
215 0 131 15 263
227 0 131 15 264
238 0 129 15 265
238 0 131 15 266
236 6 132 15 267
276 0 126 15 268
288 0 126 15 269
374 0 117 15 270
379 0 123 15 271
381 0 127 15 272
441 0 117 15 273
465 0 115 15 274
490 0 120 15 275
485 0 131 15 276
492 0 139 15 277
492 0 148 15 278
493 0 157 15 279
486 0 180 15 280
489 0 183 15 281
470 0 211 15 282
359 6 221 15 283
330 6 216 15 284
325 6 220 15 285
293 6 218 15 286
279 6 221 15 287
251 6 219 15 288
250 6 222 15 289
218 6 208 15 290
208 6 206 15 291
201 6 216 15 292
192 6 223 15 293
181 6 208 15 294
165 0 205 15 295
151 6 209 15 296
149 0 205 15 297
130 6 205 15 298
83 6 219 15 299
79 6 216 15 300
71 6 212 15 301
68 6 208 15 302
64 6 205 15 303
-42 0 198 15 304
-56 0 177 15 305
-50 0 173 15 306
-53 0 159 15 307
-53 0 151 15 308
-61 0 138 15 309
-53 0 130 15 310
-49 0 124 15 311
379 6 223 15 312
362 6 227 15 313
347 6 227 15 314
289 6 226 15 315
274 6 227 15 316
214 6 217 15 317
203 6 224 15 318
172 6 214 15 319
159 6 215 15 320
132 6 212 15 321
85 6 228 15 322
85 6 228 15 323
85 6 228 15 324
85 6 228 15 325
85 6 228 15 326
85 6 228 15 327
85 6 228 15 328
85 6 228 15 329
85 6 228 15 330
85 6 228 15 331
85 6 228 15 332
85 6 228 15 333
85 6 228 15 334
85 6 228 15 335
85 6 228 15 336
85 6 228 15 337
85 6 228 15 338
85 6 228 15 339
85 6 228 15 340
85 6 228 15 341
85 6 228 15 342
85 6 228 15 343
85 6 228 15 344
85 6 228 15 345
85 6 228 15 346
85 6 228 15 347
85 6 228 15 348
85 6 228 15 349
85 6 228 15 350
85 6 228 15 351
85 6 228 15 352
85 6 228 15 353
85 6 228 15 354
85 6 228 15 355
85 6 228 15 356
85 6 228 15 357
85 6 228 15 358
85 6 228 15 359
85 6 228 15 360
85 6 228 15 361
85 6 228 15 362
85 6 228 15 363
85 6 228 15 364
85 6 228 15 365
85 6 228 15 366
85 6 228 15 367
85 6 228 15 368
85 6 228 15 369
85 6 228 15 370
85 6 228 15 371
85 6 228 15 372
85 6 228 15 373
85 6 228 15 374
85 6 228 15 375
85 6 228 15 376
85 6 228 15 377
85 6 228 15 378
85 6 228 15 379
85 6 228 15 380
85 6 228 15 381
85 6 228 15 382
85 6 228 15 383
85 6 228 15 384
85 6 228 15 385
85 6 228 15 386
85 6 228 15 387
85 6 228 15 388
85 6 228 15 389
85 6 228 15 390
85 6 228 15 391
85 6 228 15 392
85 6 228 15 393
85 6 228 15 394
85 6 228 15 395
85 6 228 15 396
85 6 228 15 397
85 6 228 15 398
85 6 228 15 399
85 6 228 15 400
85 6 228 15 401
85 6 228 15 402
85 6 228 15 403
85 6 228 15 404
85 6 228 15 405
85 6 228 15 406
85 6 228 15 407
85 6 228 15 408
85 6 228 15 409
85 6 228 15 410
85 6 228 15 411
85 6 228 15 412
85 6 228 15 413
85 6 228 15 414
85 6 228 15 415
85 6 228 15 416
85 6 228 15 417
85 6 228 15 418
85 6 228 15 419
85 6 228 15 420
85 6 228 15 421
85 6 228 15 422
85 6 228 15 423
85 6 228 15 424
85 6 228 15 425
85 6 228 15 426
85 6 228 15 427
