428
-36 0 191 15 0
-34 0 183 15 1
-32 0 174 15 2
-20 0 153 15 3
-22 0 174 15 4
-36 0 177 15 5
-23 0 129 15 6
-32 0 189 15 7
-31 0 162 15 8
-31 0 168 15 9
-23 0 144 15 10
-45 0 141 15 11
-49 0 139 15 12
-30 0 173 15 13
-12 0 135 15 14
-16 0 137 15 15
-30 0 181 15 16
-12 0 152 15 17
-43 0 150 15 18
-20 0 139 15 19
-29 0 143 15 20
-12 0 176 15 21
-5 0 136 15 22
-23 0 142 15 23
-20 0 152 15 24
-20 0 158 15 25
67 7 155 15 26
74 7 155 15 27
42 0 178 15 28
77 7 172 15 29
49 0 196 15 30
76 7 190 15 31
-33 0 128 15 32
72 7 156 15 33
26 0 148 15 34
51 0 145 15 35
26 0 165 15 36
27 0 133 15 37
62 0 178 15 38
27 0 142 15 39
39 0 175 15 40
46 0 135 15 41
41 0 134 15 42
28 0 156 15 43
52 0 157 15 44
34 0 174 15 45
53 0 171 15 46
53 0 163 15 47
80 7 176 15 48
53 0 136 15 49
53 0 150 15 50
30 0 170 15 51
54 0 175 15 52
54 0 188 15 53
60 0 136 15 54
80 0 148 15 55
62 0 175 15 56
58 0 180 15 57
76 0 176 15 58
92 0 152 15 59
93 0 159 15 60
93 0 169 15 61
90 0 173 15 62
95 0 164 15 63
97 7 177 15 64
100 7 158 15 65
138 7 164 15 66
101 7 153 15 67
138 7 167 15 68
104 7 148 15 69
137 0 132 15 70
140 7 181 15 71
140 7 173 15 72
127 0 181 15 73
133 0 182 15 74
141 0 183 15 75
141 7 189 15 76
152 0 184 15 77
125 0 132 15 78
131 0 134 15 79
134 0 136 15 80
150 7 145 15 81
123 0 157 15 82
128 0 159 15 83
132 0 160 15 84
133 0 168 15 85
132 0 151 15 86
157 0 162 15 87
148 7 149 15 88
153 0 160 15 89
136 0 173 15 90
136 0 146 15 91
144 0 160 15 92
142 0 159 15 93
155 0 146 15 94
149 7 155 15 95
156 0 150 15 96
180 0 188 15 97
188 0 188 15 98
195 0 188 15 99
183 0 159 15 100
201 0 188 15 101
191 0 175 15 102
197 0 158 15 103
188 0 170 15 104
188 0 163 15 105
188 0 182 15 106
205 0 153 15 107
192 0 150 15 108
191 0 178 15 109
202 0 176 15 110
208 0 177 15 111
191 0 178 15 112
247 0 182 15 113
263 0 181 15 114
217 7 174 15 115
220 0 146 15 116
269 0 175 15 117
271 0 141 15 118
271 0 154 15 119
211 0 160 15 120
244 7 195 15 121
292 0 137 15 122
272 0 169 15 123
220 7 191 15 124
272 0 148 15 125
220 7 183 15 126
222 0 159 15 127
274 0 135 15 128
250 7 189 15 129
215 7 146 15 130
250 7 171 15 131
217 7 192 15 132
210 0 155 15 133
296 0 182 15 134
270 7 191 15 135
275 0 163 15 136
268 7 171 15 137
248 7 150 15 138
279 0 181 15 139
287 0 137 15 140
255 7 184 15 141
247 7 205 15 142
253 7 145 15 143
220 7 151 15 144
261 0 182 15 145
247 7 161 15 146
258 7 142 15 147
250 7 167 15 148
276 0 180 15 149
264 7 185 15 150
269 7 142 15 151
224 7 155 15 152
289 0 183 15 153
277 7 205 15 154
279 7 149 15 155
257 7 176 15 156
265 7 141 15 157
267 0 183 15 158
276 7 144 15 159
249 7 157 15 160
296 0 182 15 161
278 7 197 15 162
285 0 135 15 163
262 7 180 15 164
271 7 188 15 165
276 7 168 15 166
268 7 175 15 167
308 7 198 15 168
319 7 142 15 169
310 7 190 15 170
310 7 151 15 171
274 0 134 15 172
282 7 166 15 173
315 7 147 15 174
315 7 187 15 175
334 0 141 15 176
311 7 164 15 177
325 7 140 15 178
311 7 156 15 179
315 7 169 15 180
339 7 148 15 181
336 7 144 15 182
323 7 177 15 183
343 0 141 15 184
331 7 141 15 185
320 7 172 15 186
348 0 171 15 187
359 0 164 15 188
378 0 175 15 189
355 0 179 15 190
361 0 158 15 191
348 7 169 15 192
352 0 186 15 193
331 7 185 15 194
351 7 203 15 195
378 0 144 15 196
356 7 165 15 197
394 0 144 15 198
372 0 144 15 199
347 7 171 15 200
388 0 142 15 201
354 7 198 15 202
368 0 152 15 203
348 7 188 15 204
357 7 167 15 205
403 0 146 15 206
366 0 145 15 207
388 0 179 15 208
399 0 189 15 209
434 0 143 15 210
395 0 184 15 211
452 0 160 15 212
433 0 156 15 213
347 7 175 15 214
441 0 126 15 215
435 0 147 15 216
474 0 145 15 217
440 0 181 15 218
434 0 159 15 219
349 7 186 15 220
357 7 194 15 221
459 0 129 15 222
461 0 162 15 223
445 0 132 15 224
445 0 141 15 225
455 0 181 15 226
478 0 134 15 227
450 0 180 15 228
461 0 133 15 229
468 0 163 15 230
463 0 180 15 231
451 0 156 15 232
468 0 177 15 233
455 0 140 15 234
472 0 142 15 235
465 0 140 15 236
464 0 199 15 237
471 0 196 15 238
469 0 181 15 239
470 0 188 15 240
475 0 184 15 241
-25 0 118 15 242
63 0 128 15 243
71 0 128 15 244
58 0 121 15 245
61 0 117 15 246
86 0 128 15 247
92 0 129 15 248
100 7 134 15 249
157 7 136 15 250
155 0 132 15 251
157 0 128 15 252
159 0 123 15 253
169 0 136 15 254
172 0 122 15 255
181 0 122 15 256
184 0 128 15 257
193 0 122 15 258
204 0 122 15 259
193 0 132 15 260
208 0 128 15 261
196 7 135 15 262
201 0 136 15 263
211 0 136 15 264
222 0 133 15 265
220 0 136 15 266
215 7 136 15 267
262 0 129 15 268
273 0 129 15 269
372 0 118 15 270
373 0 126 15 271
374 0 130 15 272
441 0 118 15 273
466 0 116 15 274
492 0 119 15 275
486 0 130 15 276
494 0 139 15 277
495 0 147 15 278
495 0 156 15 279
486 0 179 15 280
491 0 181 15 281
472 0 205 15 282
347 7 218 15 283
320 7 212 15 284
318 7 217 15 285
280 7 214 15 286
270 7 218 15 287
242 7 215 15 288
245 7 219 15 289
208 7 201 15 290
198 7 199 15 291
197 7 211 15 292
191 7 220 15 293
180 7 201 15 294
167 0 198 15 295
156 7 203 15 296
156 0 198 15 297
139 7 198 15 298
87 7 216 15 299
86 7 211 15 300
81 7 207 15 301
78 7 202 15 302
77 7 198 15 303
-41 0 197 15 304
-58 0 175 15 305
-51 0 172 15 306
-54 0 157 15 307
-54 0 150 15 308
-64 0 136 15 309
-54 0 129 15 310
-50 0 124 15 311
362 7 217 15 312
347 7 222 15 313
334 7 222 15 314
274 7 222 15 315
262 7 222 15 316
206 7 210 15 317
199 7 219 15 318
172 7 207 15 319
162 7 207 15 320
142 7 203 15 321
89 7 223 15 322
89 7 223 15 323
89 7 223 15 324
89 7 223 15 325
89 7 223 15 326
89 7 223 15 327
89 7 223 15 328
89 7 223 15 329
89 7 223 15 330
89 7 223 15 331
89 7 223 15 332
89 7 223 15 333
89 7 223 15 334
89 7 223 15 335
89 7 223 15 336
89 7 223 15 337
89 7 223 15 338
89 7 223 15 339
89 7 223 15 340
89 7 223 15 341
89 7 223 15 342
89 7 223 15 343
89 7 223 15 344
89 7 223 15 345
89 7 223 15 346
89 7 223 15 347
89 7 223 15 348
89 7 223 15 349
89 7 223 15 350
89 7 223 15 351
89 7 223 15 352
89 7 223 15 353
89 7 223 15 354
89 7 223 15 355
89 7 223 15 356
89 7 223 15 357
89 7 223 15 358
89 7 223 15 359
89 7 223 15 360
89 7 223 15 361
89 7 223 15 362
89 7 223 15 363
89 7 223 15 364
89 7 223 15 365
89 7 223 15 366
89 7 223 15 367
89 7 223 15 368
89 7 223 15 369
89 7 223 15 370
89 7 223 15 371
89 7 223 15 372
89 7 223 15 373
89 7 223 15 374
89 7 223 15 375
89 7 223 15 376
89 7 223 15 377
89 7 223 15 378
89 7 223 15 379
89 7 223 15 380
89 7 223 15 381
89 7 223 15 382
89 7 223 15 383
89 7 223 15 384
89 7 223 15 385
89 7 223 15 386
89 7 223 15 387
89 7 223 15 388
89 7 223 15 389
89 7 223 15 390
89 7 223 15 391
89 7 223 15 392
89 7 223 15 393
89 7 223 15 394
89 7 223 15 395
89 7 223 15 396
89 7 223 15 397
89 7 223 15 398
89 7 223 15 399
89 7 223 15 400
89 7 223 15 401
89 7 223 15 402
89 7 223 15 403
89 7 223 15 404
89 7 223 15 405
89 7 223 15 406
89 7 223 15 407
89 7 223 15 408
89 7 223 15 409
89 7 223 15 410
89 7 223 15 411
89 7 223 15 412
89 7 223 15 413
89 7 223 15 414
89 7 223 15 415
89 7 223 15 416
89 7 223 15 417
89 7 223 15 418
89 7 223 15 419
89 7 223 15 420
89 7 223 15 421
89 7 223 15 422
89 7 223 15 423
89 7 223 15 424
89 7 223 15 425
89 7 223 15 426
89 7 223 15 427
