428
-34 0 193 15 0
-31 0 186 15 1
-29 0 176 15 2
-19 0 154 15 3
-20 0 176 15 4
-30 0 180 15 5
-20 0 131 15 6
-27 0 193 15 7
-26 0 165 15 8
-26 0 171 15 9
-20 0 146 15 10
-36 0 146 15 11
-40 0 146 15 12
-25 0 177 15 13
-10 0 137 15 14
-13 0 139 15 15
-24 0 185 15 16
-10 0 153 15 17
-34 0 156 15 18
-15 0 141 15 19
-23 0 148 15 20
-9 0 179 15 21
-2 0 138 15 22
-17 0 146 15 23
-14 0 155 15 24
-14 0 162 15 25
53 5 161 15 26
59 5 163 15 27
35 0 181 15 28
62 5 179 15 29
40 0 199 15 30
61 5 196 15 31
-23 0 135 15 32
58 5 163 15 33
24 0 149 15 34
42 0 148 15 35
24 0 167 15 36
24 0 133 15 37
52 0 182 15 38
25 0 143 15 39
34 0 177 15 40
39 0 136 15 41
36 0 134 15 42
26 0 157 15 43
45 0 160 15 44
31 0 175 15 45
46 0 175 15 46
47 0 166 15 47
68 5 180 15 48
47 0 139 15 49
47 0 153 15 50
29 0 170 15 51
48 0 178 15 52
49 0 190 15 53
54 0 138 15 54
70 0 153 15 55
56 0 178 15 56
54 0 181 15 57
69 0 178 15 58
90 0 153 15 59
92 0 161 15 60
92 0 169 15 61
90 0 174 15 62
94 0 164 15 63
96 5 178 15 64
100 5 158 15 65
129 5 167 15 66
102 5 154 15 67
131 5 169 15 68
105 5 149 15 69
132 0 131 15 70
134 5 185 15 71
134 5 175 15 72
125 0 182 15 73
129 0 185 15 74
135 0 188 15 75
135 5 194 15 76
144 0 191 15 77
123 0 132 15 78
127 0 135 15 79
130 0 138 15 80
143 5 145 15 81
121 0 157 15 82
125 0 160 15 83
128 0 162 15 84
129 0 170 15 85
129 0 151 15 86
149 0 165 15 87
143 5 149 15 88
147 0 162 15 89
134 0 174 15 90
134 0 146 15 91
141 0 161 15 92
140 0 159 15 93
151 0 146 15 94
146 5 155 15 95
153 0 150 15 96
181 0 190 15 97
189 0 189 15 98
196 0 188 15 99
188 0 159 15 100
203 0 188 15 101
196 0 177 15 102
201 0 158 15 103
194 0 171 15 104
195 0 164 15 105
195 0 183 15 106
209 0 153 15 107
201 0 150 15 108
199 0 180 15 109
210 0 179 15 110
216 0 180 15 111
205 0 181 15 112
255 0 184 15 113
268 0 181 15 114
231 5 175 15 115
235 0 146 15 116
274 0 175 15 117
276 0 141 15 118
276 0 154 15 119
229 0 160 15 120
256 5 197 15 121
294 0 137 15 122
278 0 170 15 123
237 5 195 15 124
278 0 148 15 125
237 5 187 15 126
240 0 159 15 127
280 0 135 15 128
262 5 192 15 129
234 5 146 15 130
262 5 171 15 131
235 5 197 15 132
231 0 156 15 133
298 0 182 15 134
278 5 193 15 135
283 0 163 15 136
277 5 171 15 137
262 5 151 15 138
286 0 181 15 139
293 0 137 15 140
268 5 187 15 141
262 5 207 15 142
267 5 145 15 143
241 5 152 15 144
273 0 184 15 145
263 5 161 15 146
271 5 141 15 147
265 5 168 15 148
285 0 180 15 149
276 5 187 15 150
281 5 142 15 151
245 5 155 15 152
296 0 184 15 153
287 5 207 15 154
289 5 150 15 155
272 5 176 15 156
278 5 140 15 157
280 0 185 15 158
287 5 144 15 159
266 5 158 15 160
302 0 183 15 161
288 5 200 15 162
295 0 134 15 163
277 5 180 15 164
283 5 190 15 165
288 5 168 15 166
281 5 175 15 167
313 5 199 15 168
321 5 142 15 169
315 5 191 15 170
315 5 152 15 171
288 0 133 15 172
294 5 166 15 173
320 5 149 15 174
320 5 189 15 175
335 0 141 15 176
318 5 164 15 177
329 5 138 15 178
317 5 156 15 179
320 5 169 15 180
340 5 149 15 181
337 5 144 15 182
328 5 177 15 183
343 0 141 15 184
334 5 140 15 185
327 5 171 15 186
350 0 172 15 187
367 0 164 15 188
381 0 175 15 189
363 0 180 15 190
368 0 159 15 191
358 5 169 15 192
361 0 187 15 193
345 5 187 15 194
360 5 204 15 195
382 0 145 15 196
366 5 165 15 197
395 0 144 15 198
379 0 146 15 199
360 5 171 15 200
392 0 141 15 201
366 5 199 15 202
378 0 154 15 203
363 5 191 15 204
369 5 167 15 205
406 0 147 15 206
377 0 148 15 207
395 0 180 15 208
403 0 190 15 209
431 0 146 15 210
401 0 186 15 211
446 0 163 15 212
431 0 158 15 213
364 5 176 15 214
438 0 128 15 215
433 0 148 15 216
464 0 151 15 217
438 0 182 15 218
433 0 160 15 219
367 5 189 15 220
374 5 196 15 221
453 0 133 15 222
454 0 166 15 223
442 0 133 15 224
442 0 143 15 225
450 0 184 15 226
468 0 140 15 227
447 0 181 15 228
456 0 136 15 229
462 0 165 15 230
458 0 186 15 231
449 0 157 15 232
463 0 184 15 233
453 0 141 15 234
467 0 145 15 235
463 0 142 15 236
462 0 201 15 237
469 0 198 15 238
468 0 183 15 239
468 0 190 15 240
473 0 188 15 241
-23 0 117 15 242
54 0 125 15 243
63 0 125 15 244
55 0 119 15 245
59 0 116 15 246
83 0 125 15 247
90 0 125 15 248
98 5 129 15 249
150 5 131 15 250
150 0 128 15 251
154 0 125 15 252
158 0 121 15 253
168 0 131 15 254
172 0 120 15 255
181 0 120 15 256
186 0 125 15 257
195 0 120 15 258
208 0 120 15 259
202 0 128 15 260
216 0 125 15 261
211 5 130 15 262
217 0 131 15 263
228 0 131 15 264
240 0 129 15 265
240 0 131 15 266
238 5 131 15 267
278 0 126 15 268
290 0 126 15 269
374 0 117 15 270
380 0 123 15 271
382 0 126 15 272
441 0 117 15 273
465 0 115 15 274
490 0 120 15 275
485 0 131 15 276
491 0 140 15 277
492 0 148 15 278
493 0 157 15 279
485 0 180 15 280
489 0 183 15 281
470 0 211 15 282
360 5 221 15 283
332 5 217 15 284
326 5 220 15 285
295 5 218 15 286
280 5 221 15 287
252 5 219 15 288
251 5 222 15 289
218 5 208 15 290
208 5 207 15 291
201 5 216 15 292
192 5 223 15 293
181 5 208 15 294
165 0 206 15 295
151 5 209 15 296
149 0 206 15 297
129 5 205 15 298
82 5 220 15 299
79 5 216 15 300
71 5 212 15 301
66 5 209 15 302
63 5 205 15 303
-42 0 199 15 304
-56 0 177 15 305
-50 0 173 15 306
-53 0 159 15 307
-53 0 151 15 308
-60 0 138 15 309
-53 0 130 15 310
-49 0 124 15 311
381 5 223 15 312
364 5 227 15 313
348 5 227 15 314
291 5 227 15 315
276 5 227 15 316
215 5 217 15 317
204 5 224 15 318
172 5 215 15 319
159 5 216 15 320
132 5 213 15 321
85 5 228 15 322
85 5 228 15 323
85 5 228 15 324
85 5 228 15 325
85 5 228 15 326
85 5 228 15 327
85 5 228 15 328
85 5 228 15 329
85 5 228 15 330
85 5 228 15 331
85 5 228 15 332
85 5 228 15 333
85 5 228 15 334
85 5 228 15 335
85 5 228 15 336
85 5 228 15 337
85 5 228 15 338
85 5 228 15 339
85 5 228 15 340
85 5 228 15 341
85 5 228 15 342
85 5 228 15 343
85 5 228 15 344
85 5 228 15 345
85 5 228 15 346
85 5 228 15 347
85 5 228 15 348
85 5 228 15 349
85 5 228 15 350
85 5 228 15 351
85 5 228 15 352
85 5 228 15 353
85 5 228 15 354
85 5 228 15 355
85 5 228 15 356
85 5 228 15 357
85 5 228 15 358
85 5 228 15 359
85 5 228 15 360
85 5 228 15 361
85 5 228 15 362
85 5 228 15 363
85 5 228 15 364
85 5 228 15 365
85 5 228 15 366
85 5 228 15 367
85 5 228 15 368
85 5 228 15 369
85 5 228 15 370
85 5 228 15 371
85 5 228 15 372
85 5 228 15 373
85 5 228 15 374
85 5 228 15 375
85 5 228 15 376
85 5 228 15 377
85 5 228 15 378
85 5 228 15 379
85 5 228 15 380
85 5 228 15 381
85 5 228 15 382
85 5 228 15 383
85 5 228 15 384
85 5 228 15 385
85 5 228 15 386
85 5 228 15 387
85 5 228 15 388
85 5 228 15 389
85 5 228 15 390
85 5 228 15 391
85 5 228 15 392
85 5 228 15 393
85 5 228 15 394
85 5 228 15 395
85 5 228 15 396
85 5 228 15 397
85 5 228 15 398
85 5 228 15 399
85 5 228 15 400
85 5 228 15 401
85 5 228 15 402
85 5 228 15 403
85 5 228 15 404
85 5 228 15 405
85 5 228 15 406
85 5 228 15 407
85 5 228 15 408
85 5 228 15 409
85 5 228 15 410
85 5 228 15 411
85 5 228 15 412
85 5 228 15 413
85 5 228 15 414
85 5 228 15 415
85 5 228 15 416
85 5 228 15 417
85 5 228 15 418
85 5 228 15 419
85 5 228 15 420
85 5 228 15 421
85 5 228 15 422
85 5 228 15 423
85 5 228 15 424
85 5 228 15 425
85 5 228 15 426
85 5 228 15 427
