428
-31 0 195 15 0
-27 0 190 15 1
-25 0 179 15 2
-18 0 155 15 3
-17 0 178 15 4
-22 0 185 15 5
-16 0 134 15 6
-19 0 198 15 7
-19 0 169 15 8
-19 0 176 15 9
-15 0 149 15 10
-24 0 154 15 11
-26 0 156 15 12
-16 0 181 15 13
-7 0 139 15 14
-9 0 143 15 15
-15 0 192 15 16
-6 0 155 15 17
-19 0 165 15 18
-9 0 146 15 19
-13 0 154 15 20
-4 0 182 15 21
1 0 143 15 22
-7 0 153 15 23
-5 0 160 15 24
-5 0 167 15 25
33 3 169 15 26
37 3 175 15 27
23 0 188 15 28
39 3 189 15 29
26 0 203 15 30
38 3 206 15 31
-10 0 144 15 32
38 3 173 15 33
19 0 150 15 34
30 0 153 15 35
19 0 169 15 36
20 0 132 15 37
36 0 188 15 38
21 0 145 15 39
27 0 180 15 40
30 0 138 15 41
29 0 135 15 42
23 0 158 15 43
35 0 165 15 44
27 0 177 15 45
36 0 180 15 46
37 0 170 15 47
49 3 188 15 48
37 0 142 15 49
37 0 157 15 50
29 0 170 15 51
40 0 181 15 52
40 0 193 15 53
45 0 141 15 54
54 0 161 15 55
47 0 181 15 56
49 0 183 15 57
60 0 182 15 58
88 0 155 15 59
90 0 163 15 60
91 0 170 15 61
90 0 174 15 62
94 0 164 15 63
95 3 179 15 64
99 3 159 15 65
117 3 172 15 66
102 3 155 15 67
121 3 172 15 68
107 3 151 15 69
123 0 130 15 70
125 3 191 15 71
126 3 178 15 72
120 0 184 15 73
123 0 188 15 74
126 0 196 15 75
126 3 201 15 76
131 0 203 15 77
120 0 132 15 78
122 0 135 15 79
124 0 140 15 80
131 3 146 15 81
119 0 157 15 82
121 0 160 15 83
123 0 164 15 84
123 0 172 15 85
124 0 151 15 86
137 0 169 15 87
134 3 149 15 88
138 0 166 15 89
131 0 174 15 90
132 0 146 15 91
136 0 163 15 92
137 0 160 15 93
145 0 146 15 94
143 3 155 15 95
148 0 150 15 96
182 0 192 15 97
191 0 190 15 98
198 0 189 15 99
196 0 159 15 100
206 0 188 15 101
204 0 179 15 102
207 0 158 15 103
203 0 172 15 104
204 0 164 15 105
206 0 184 15 106
215 0 153 15 107
213 0 151 15 108
212 0 182 15 109
221 0 182 15 110
228 0 184 15 111
224 0 186 15 112
266 0 187 15 113
274 0 182 15 114
254 3 176 15 115
259 0 147 15 116
282 0 175 15 117
283 0 141 15 118
284 0 154 15 119
258 0 161 15 120
273 3 201 15 121
296 0 137 15 122
287 0 170 15 123
263 3 202 15 124
287 0 149 15 125
264 3 193 15 126
266 0 160 15 127
290 0 134 15 128
279 3 195 15 129
264 3 146 15 130
280 3 171 15 131
265 3 204 15 132
262 0 156 15 133
302 0 182 15 134
291 3 196 15 135
295 0 163 15 136
292 3 171 15 137
283 3 151 15 138
297 0 181 15 139
301 0 137 15 140
287 3 191 15 141
284 3 212 15 142
287 3 146 15 143
273 3 153 15 144
291 0 186 15 145
286 3 161 15 146
291 3 140 15 147
287 3 168 15 148
299 0 180 15 149
293 3 190 15 150
297 3 142 15 151
277 3 156 15 152
306 0 185 15 153
301 3 212 15 154
303 3 150 15 155
293 3 177 15 156
297 3 140 15 157
298 0 188 15 158
303 3 144 15 159
291 3 159 15 160
312 0 183 15 161
304 3 203 15 162
308 0 134 15 163
298 3 180 15 164
302 3 194 15 165
305 3 168 15 166
301 3 176 15 167
319 3 201 15 168
326 3 142 15 169
322 3 192 15 170
323 3 152 15 171
308 0 132 15 172
311 3 167 15 173
327 3 151 15 174
327 3 191 15 175
336 0 141 15 176
327 3 163 15 177
334 3 135 15 178
327 3 156 15 179
329 3 168 15 180
340 3 149 15 181
339 3 144 15 182
334 3 177 15 183
344 0 140 15 184
339 3 138 15 185
336 3 170 15 186
352 0 172 15 187
378 0 165 15 188
386 0 175 15 189
376 0 180 15 190
379 0 159 15 191
373 3 170 15 192
375 0 188 15 193
366 3 192 15 194
375 3 205 15 195
387 0 146 15 196
380 3 166 15 197
397 0 145 15 198
389 0 149 15 199
379 3 171 15 200
398 0 141 15 201
383 3 201 15 202
391 0 157 15 203
383 3 194 15 204
388 3 167 15 205
409 0 148 15 206
393 0 152 15 207
404 0 180 15 208
409 0 191 15 209
427 0 149 15 210
410 0 188 15 211
436 0 168 15 212
428 0 161 15 213
390 3 178 15 214
434 0 131 15 215
431 0 149 15 216
449 0 159 15 217
434 0 183 15 218
432 0 161 15 219
395 3 193 15 220
398 3 201 15 221
444 0 138 15 222
445 0 171 15 223
439 0 135 15 224
439 0 146 15 225
444 0 188 15 226
455 0 150 15 227
443 0 183 15 228
449 0 141 15 229
452 0 170 15 230
451 0 196 15 231
447 0 158 15 232
456 0 195 15 233
451 0 143 15 234
459 0 149 15 235
459 0 145 15 236
459 0 205 15 237
466 0 203 15 238
466 0 186 15 239
466 0 193 15 240
468 0 194 15 241
-21 0 116 15 242
40 0 120 15 243
50 0 120 15 244
50 0 117 15 245
56 0 115 15 246
79 0 120 15 247
87 0 120 15 248
96 3 123 15 249
138 3 123 15 250
142 0 122 15 251
149 0 120 15 252
156 0 118 15 253
166 0 123 15 254
172 0 117 15 255
182 0 117 15 256
189 0 120 15 257
198 0 117 15 258
214 0 117 15 259
215 0 122 15 260
226 0 120 15 261
232 3 123 15 262
240 0 123 15 263
255 0 123 15 264
266 0 122 15 265
270 0 123 15 266
274 3 124 15 267
301 0 121 15 268
316 0 121 15 269
377 0 116 15 270
389 0 119 15 271
395 0 121 15 272
441 0 116 15 273
464 0 115 15 274
487 0 121 15 275
484 0 131 15 276
488 0 141 15 277
488 0 150 15 278
488 0 159 15 279
484 0 180 15 280
486 0 187 15 281
467 0 220 15 282
378 3 226 15 283
349 3 223 15 284
338 3 225 15 285
315 3 224 15 286
294 3 226 15 287
265 3 225 15 288
261 3 226 15 289
233 3 219 15 290
223 3 218 15 291
207 3 223 15 292
193 3 227 15 293
182 3 219 15 294
160 0 217 15 295
144 3 219 15 296
138 0 217 15 297
114 3 217 15 298
75 3 225 15 299
68 3 223 15 300
55 3 221 15 301
49 3 219 15 302
42 3 217 15 303
-44 0 201 15 304
-52 0 180 15 305
-49 0 174 15 306
-51 0 162 15 307
-51 0 153 15 308
-55 0 141 15 309
-51 0 132 15 310
-49 0 125 15 311
410 3 232 15 312
389 3 235 15 313
369 3 235 15 314
315 3 234 15 315
295 3 235 15 316
228 3 229 15 317
211 3 233 15 318
172 3 228 15 319
153 3 228 15 320
116 3 226 15 321
78 3 235 15 322
78 3 235 15 323
78 3 235 15 324
78 3 235 15 325
78 3 235 15 326
78 3 235 15 327
78 3 235 15 328
78 3 235 15 329
78 3 235 15 330
78 3 235 15 331
78 3 235 15 332
78 3 235 15 333
78 3 235 15 334
78 3 235 15 335
78 3 235 15 336
78 3 235 15 337
78 3 235 15 338
78 3 235 15 339
78 3 235 15 340
78 3 235 15 341
78 3 235 15 342
78 3 235 15 343
78 3 235 15 344
78 3 235 15 345
78 3 235 15 346
78 3 235 15 347
78 3 235 15 348
78 3 235 15 349
78 3 235 15 350
78 3 235 15 351
78 3 235 15 352
78 3 235 15 353
78 3 235 15 354
78 3 235 15 355
78 3 235 15 356
78 3 235 15 357
78 3 235 15 358
78 3 235 15 359
78 3 235 15 360
78 3 235 15 361
78 3 235 15 362
78 3 235 15 363
78 3 235 15 364
78 3 235 15 365
78 3 235 15 366
78 3 235 15 367
78 3 235 15 368
78 3 235 15 369
78 3 235 15 370
78 3 235 15 371
78 3 235 15 372
78 3 235 15 373
78 3 235 15 374
78 3 235 15 375
78 3 235 15 376
78 3 235 15 377
78 3 235 15 378
78 3 235 15 379
78 3 235 15 380
78 3 235 15 381
78 3 235 15 382
78 3 235 15 383
78 3 235 15 384
78 3 235 15 385
78 3 235 15 386
78 3 235 15 387
78 3 235 15 388
78 3 235 15 389
78 3 235 15 390
78 3 235 15 391
78 3 235 15 392
78 3 235 15 393
78 3 235 15 394
78 3 235 15 395
78 3 235 15 396
78 3 235 15 397
78 3 235 15 398
78 3 235 15 399
78 3 235 15 400
78 3 235 15 401
78 3 235 15 402
78 3 235 15 403
78 3 235 15 404
78 3 235 15 405
78 3 235 15 406
78 3 235 15 407
78 3 235 15 408
78 3 235 15 409
78 3 235 15 410
78 3 235 15 411
78 3 235 15 412
78 3 235 15 413
78 3 235 15 414
78 3 235 15 415
78 3 235 15 416
78 3 235 15 417
78 3 235 15 418
78 3 235 15 419
78 3 235 15 420
78 3 235 15 421
78 3 235 15 422
78 3 235 15 423
78 3 235 15 424
78 3 235 15 425
78 3 235 15 426
78 3 235 15 427
