428
-29 0 196 15 0
-24 0 193 15 1
-22 0 180 15 2
-17 0 156 15 3
-15 0 179 15 4
-17 0 189 15 5
-13 0 136 15 6
-15 0 201 15 7
-14 0 172 15 8
-14 0 179 15 9
-11 0 151 15 10
-16 0 159 15 11
-17 0 162 15 12
-10 0 185 15 13
-5 0 141 15 14
-6 0 145 15 15
-9 0 196 15 16
-4 0 156 15 17
-10 0 170 15 18
-4 0 149 15 19
-6 0 159 15 20
0 0 185 15 21
4 0 146 15 22
0 0 157 15 23
0 0 164 15 24
0 0 171 15 25
20 1 175 15 26
23 1 182 15 27
16 0 192 15 28
24 1 195 15 29
17 0 206 15 30
23 1 212 15 31
-1 0 150 15 32
25 1 180 15 33
16 0 151 15 34
22 0 157 15 35
16 0 171 15 36
17 0 132 15 37
26 0 193 15 38
19 0 146 15 39
22 0 182 15 40
24 0 140 15 41
24 0 135 15 42
21 0 159 15 43
28 0 168 15 44
24 0 179 15 45
29 0 183 15 46
30 0 173 15 47
37 1 192 15 48
31 0 145 15 49
31 0 160 15 50
28 0 170 15 51
34 0 184 15 52
34 0 195 15 53
39 0 143 15 54
44 0 165 15 55
42 0 184 15 56
46 0 185 15 57
54 0 185 15 58
86 0 157 15 59
89 0 164 15 60
90 0 170 15 61
90 0 175 15 62
93 0 164 15 63
94 1 180 15 64
99 1 159 15 65
109 1 175 15 66
103 1 156 15 67
114 1 174 15 68
109 1 152 15 69
117 0 129 15 70
120 1 195 15 71
120 1 180 15 72
117 0 186 15 73
119 0 191 15 74
121 0 200 15 75
121 1 206 15 76
123 0 210 15 77
118 0 132 15 78
119 0 136 15 79
120 0 141 15 80
124 1 146 15 81
117 0 157 15 82
118 0 161 15 83
119 0 166 15 84
120 0 173 15 85
120 0 151 15 86
130 0 172 15 87
128 1 149 15 88
132 0 168 15 89
129 0 175 15 90
131 0 146 15 91
133 0 164 15 92
135 0 160 15 93
141 0 146 15 94
140 1 155 15 95
144 0 150 15 96
183 0 193 15 97
192 0 191 15 98
200 0 189 15 99
201 0 159 15 100
208 0 188 15 101
208 0 180 15 102
211 0 158 15 103
209 0 173 15 104
210 0 165 15 105
212 0 185 15 106
219 0 153 15 107
220 0 151 15 108
220 0 184 15 109
228 0 185 15 110
237 0 187 15 111
237 0 189 15 112
273 0 189 15 113
279 0 182 15 114
269 1 177 15 115
275 0 147 15 116
286 0 175 15 117
288 0 141 15 118
289 0 154 15 119
277 0 161 15 120
284 1 203 15 121
297 0 137 15 122
292 0 171 15 123
280 1 206 15 124
293 0 149 15 125
281 1 197 15 126
282 0 160 15 127
296 0 134 15 128
291 1 198 15 129
284 1 146 15 130
292 1 171 15 131
284 1 209 15 132
283 0 157 15 133
304 0 182 15 134
300 1 198 15 135
302 0 163 15 136
301 1 171 15 137
297 1 152 15 138
304 0 181 15 139
307 0 137 15 140
299 1 194 15 141
298 1 215 15 142
300 1 146 15 143
293 1 154 15 144
303 0 188 15 145
301 1 161 15 146
304 1 139 15 147
302 1 169 15 148
308 0 180 15 149
305 1 192 15 150
308 1 142 15 151
297 1 156 15 152
313 0 186 15 153
311 1 215 15 154
313 1 151 15 155
307 1 177 15 156
310 1 139 15 157
311 0 190 15 158
313 1 144 15 159
307 1 160 15 160
318 0 184 15 161
314 1 206 15 162
317 0 133 15 163
312 1 180 15 164
314 1 196 15 165
316 1 168 15 166
315 1 176 15 167
324 1 202 15 168
329 1 142 15 169
327 1 193 15 170
327 1 153 15 171
321 0 131 15 172
322 1 167 15 173
332 1 152 15 174
332 1 193 15 175
337 0 141 15 176
333 1 163 15 177
337 1 133 15 178
334 1 156 15 179
335 1 168 15 180
341 1 150 15 181
341 1 144 15 182
339 1 177 15 183
344 0 140 15 184
342 1 137 15 185
342 1 169 15 186
354 0 173 15 187
385 0 165 15 188
389 0 175 15 189
384 0 180 15 190
386 0 160 15 191
383 1 170 15 192
384 0 189 15 193
379 1 195 15 194
384 1 206 15 195
391 0 147 15 196
390 1 166 15 197
399 0 145 15 198
396 0 151 15 199
391 1 171 15 200
402 0 140 15 201
394 1 203 15 202
400 0 159 15 203
397 1 197 15 204
400 1 167 15 205
412 0 149 15 206
403 0 155 15 207
410 0 180 15 208
412 0 192 15 209
424 0 152 15 210
416 0 189 15 211
430 0 171 15 212
426 0 163 15 213
407 1 179 15 214
431 0 133 15 215
430 0 150 15 216
440 0 165 15 217
432 0 184 15 218
431 0 162 15 219
412 1 196 15 220
414 1 204 15 221
439 0 142 15 222
439 0 175 15 223
436 0 137 15 224
436 0 148 15 225
439 0 191 15 226
446 0 156 15 227
440 0 185 15 228
444 0 144 15 229
446 0 173 15 230
446 0 203 15 231
446 0 159 15 232
451 0 202 15 233
449 0 144 15 234
455 0 152 15 235
457 0 147 15 236
457 0 207 15 237
464 0 206 15 238
464 0 188 15 239
464 0 195 15 240
465 0 198 15 241
-19 0 115 15 242
32 0 117 15 243
41 0 117 15 244
46 0 115 15 245
54 0 114 15 246
76 0 117 15 247
85 0 117 15 248
94 1 118 15 249
131 1 119 15 250
138 0 118 15 251
146 0 117 15 252
154 0 116 15 253
164 0 119 15 254
172 0 115 15 255
182 0 115 15 256
191 0 117 15 257
200 0 115 15 258
218 0 115 15 259
222 0 118 15 260
234 0 117 15 261
246 1 118 15 262
255 0 119 15 263
273 0 119 15 264
283 0 118 15 265
290 0 119 15 266
297 1 119 15 267
316 0 117 15 268
333 0 117 15 269
379 0 115 15 270
395 0 116 15 271
403 0 117 15 272
441 0 115 15 273
463 0 114 15 274
485 0 122 15 275
483 0 132 15 276
485 0 142 15 277
485 0 151 15 278
485 0 161 15 279
483 0 181 15 280
484 0 189 15 281
465 0 226 15 282
391 1 229 15 283
361 1 228 15 284
345 1 229 15 285
329 1 228 15 286
304 1 229 15 287
274 1 228 15 288
267 1 229 15 289
243 1 225 15 290
233 1 225 15 291
210 1 228 15 292
194 1 230 15 293
183 1 225 15 294
157 0 225 15 295
139 1 226 15 296
132 0 225 15 297
105 1 224 15 298
70 1 229 15 299
62 1 228 15 300
45 1 227 15 301
37 1 226 15 302
29 1 224 15 303
-46 0 203 15 304
-50 0 182 15 305
-48 0 175 15 306
-49 0 164 15 307
-49 0 154 15 308
-51 0 143 15 309
-49 0 134 15 310
-48 0 125 15 311
428 1 238 15 312
405 1 239 15 313
383 1 239 15 314
330 1 239 15 315
308 1 239 15 316
236 1 236 15 317
216 1 239 15 318
171 1 236 15 319
150 1 236 15 320
106 1 235 15 321
74 1 240 15 322
74 1 240 15 323
74 1 240 15 324
74 1 240 15 325
74 1 240 15 326
74 1 240 15 327
74 1 240 15 328
74 1 240 15 329
74 1 240 15 330
74 1 240 15 331
74 1 240 15 332
74 1 240 15 333
74 1 240 15 334
74 1 240 15 335
74 1 240 15 336
74 1 240 15 337
74 1 240 15 338
74 1 240 15 339
74 1 240 15 340
74 1 240 15 341
74 1 240 15 342
74 1 240 15 343
74 1 240 15 344
74 1 240 15 345
74 1 240 15 346
74 1 240 15 347
74 1 240 15 348
74 1 240 15 349
74 1 240 15 350
74 1 240 15 351
74 1 240 15 352
74 1 240 15 353
74 1 240 15 354
74 1 240 15 355
74 1 240 15 356
74 1 240 15 357
74 1 240 15 358
74 1 240 15 359
74 1 240 15 360
74 1 240 15 361
74 1 240 15 362
74 1 240 15 363
74 1 240 15 364
74 1 240 15 365
74 1 240 15 366
74 1 240 15 367
74 1 240 15 368
74 1 240 15 369
74 1 240 15 370
74 1 240 15 371
74 1 240 15 372
74 1 240 15 373
74 1 240 15 374
74 1 240 15 375
74 1 240 15 376
74 1 240 15 377
74 1 240 15 378
74 1 240 15 379
74 1 240 15 380
74 1 240 15 381
74 1 240 15 382
74 1 240 15 383
74 1 240 15 384
74 1 240 15 385
74 1 240 15 386
74 1 240 15 387
74 1 240 15 388
74 1 240 15 389
74 1 240 15 390
74 1 240 15 391
74 1 240 15 392
74 1 240 15 393
74 1 240 15 394
74 1 240 15 395
74 1 240 15 396
74 1 240 15 397
74 1 240 15 398
74 1 240 15 399
74 1 240 15 400
74 1 240 15 401
74 1 240 15 402
74 1 240 15 403
74 1 240 15 404
74 1 240 15 405
74 1 240 15 406
74 1 240 15 407
74 1 240 15 408
74 1 240 15 409
74 1 240 15 410
74 1 240 15 411
74 1 240 15 412
74 1 240 15 413
74 1 240 15 414
74 1 240 15 415
74 1 240 15 416
74 1 240 15 417
74 1 240 15 418
74 1 240 15 419
74 1 240 15 420
74 1 240 15 421
74 1 240 15 422
74 1 240 15 423
74 1 240 15 424
74 1 240 15 425
74 1 240 15 426
74 1 240 15 427
