428
-37 0 191 15 0
-35 0 182 15 1
-33 0 174 15 2
-20 0 152 15 3
-23 0 174 15 4
-38 0 175 15 5
-24 0 129 15 6
-33 0 188 15 7
-33 0 161 15 8
-33 0 167 15 9
-25 0 143 15 10
-48 0 139 15 11
-53 0 137 15 12
-32 0 171 15 13
-13 0 134 15 14
-17 0 136 15 15
-32 0 180 15 16
-13 0 152 15 17
-46 0 148 15 18
-22 0 138 15 19
-31 0 141 15 20
-14 0 175 15 21
-6 0 135 15 22
-25 0 140 15 23
-22 0 150 15 24
-22 0 156 15 25
71 8 153 15 26
80 8 152 15 27
45 0 176 15 28
83 8 170 15 29
53 0 195 15 30
81 8 187 15 31
-36 0 126 15 32
76 8 153 15 33
27 0 148 15 34
54 0 143 15 35
27 0 164 15 36
28 0 133 15 37
66 0 176 15 38
28 0 142 15 39
41 0 174 15 40
48 0 134 15 41
42 0 134 15 42
29 0 155 15 43
55 0 156 15 44
35 0 173 15 45
55 0 169 15 46
55 0 162 15 47
85 8 175 15 48
56 0 135 15 49
56 0 149 15 50
30 0 170 15 51
56 0 174 15 52
56 0 187 15 53
62 0 135 15 54
83 0 147 15 55
64 0 174 15 56
59 0 180 15 57
78 0 175 15 58
93 0 151 15 59
93 0 159 15 60
94 0 169 15 61
90 0 173 15 62
95 0 164 15 63
97 8 177 15 64
100 8 158 15 65
141 8 163 15 66
101 8 153 15 67
140 8 167 15 68
103 8 148 15 69
139 0 132 15 70
142 8 180 15 71
142 8 172 15 72
128 0 180 15 73
134 0 181 15 74
143 0 182 15 75
143 8 187 15 76
155 0 181 15 77
125 0 132 15 78
132 0 134 15 79
136 0 136 15 80
153 8 145 15 81
124 0 157 15 82
129 0 159 15 83
134 0 159 15 84
134 0 168 15 85
134 0 151 15 86
160 0 161 15 87
150 8 149 15 88
155 0 159 15 89
137 0 173 15 90
136 0 146 15 91
145 0 160 15 92
143 0 159 15 93
157 0 146 15 94
150 8 155 15 95
158 0 150 15 96
180 0 188 15 97
188 0 187 15 98
194 0 188 15 99
181 0 159 15 100
200 0 188 15 101
190 0 174 15 102
196 0 158 15 103
186 0 169 15 104
186 0 163 15 105
186 0 182 15 106
203 0 153 15 107
189 0 150 15 108
188 0 177 15 109
199 0 175 15 110
205 0 176 15 111
186 0 177 15 112
244 0 181 15 113
261 0 181 15 114
212 8 173 15 115
215 0 146 15 116
268 0 175 15 117
270 0 141 15 118
269 0 154 15 119
204 0 160 15 120
240 8 194 15 121
292 0 137 15 122
270 0 169 15 123
213 8 189 15 124
270 0 148 15 125
214 8 182 15 126
217 0 159 15 127
271 0 135 15 128
245 8 188 15 129
208 8 146 15 130
246 8 171 15 131
210 8 190 15 132
202 0 155 15 133
295 0 182 15 134
267 8 190 15 135
272 0 163 15 136
265 8 171 15 137
243 8 150 15 138
276 0 181 15 139
285 0 137 15 140
250 8 183 15 141
241 8 204 15 142
248 8 145 15 143
213 8 151 15 144
257 0 181 15 145
242 8 161 15 146
254 8 142 15 147
245 8 167 15 148
272 0 180 15 149
259 8 184 15 150
265 8 142 15 151
217 8 155 15 152
286 0 182 15 153
273 8 204 15 154
276 8 149 15 155
252 8 176 15 156
260 8 141 15 157
263 0 183 15 158
272 8 144 15 159
243 8 156 15 160
293 0 182 15 161
274 8 196 15 162
282 0 135 15 163
257 8 180 15 164
266 8 187 15 165
272 8 168 15 166
263 8 175 15 167
306 8 198 15 168
318 8 142 15 169
309 8 190 15 170
309 8 151 15 171
270 0 135 15 172
278 8 166 15 173
314 8 147 15 174
313 8 186 15 175
334 0 141 15 176
309 8 164 15 177
324 8 141 15 178
309 8 156 15 179
313 8 169 15 180
339 8 148 15 181
335 8 144 15 182
321 8 177 15 183
343 0 141 15 184
330 8 141 15 185
318 8 172 15 186
347 0 171 15 187
356 0 164 15 188
377 0 175 15 189
352 0 179 15 190
358 0 158 15 191
344 8 169 15 192
348 0 185 15 193
326 8 184 15 194
348 8 203 15 195
376 0 143 15 196
353 8 165 15 197
393 0 144 15 198
369 0 143 15 199
342 8 171 15 200
387 0 142 15 201
350 8 197 15 202
365 0 152 15 203
343 8 187 15 204
352 8 167 15 205
402 0 146 15 206
362 0 144 15 207
386 0 179 15 208
398 0 189 15 209
435 0 142 15 210
393 0 184 15 211
455 0 159 15 212
434 0 155 15 213
341 8 175 15 214
442 0 125 15 215
435 0 147 15 216
477 0 143 15 217
441 0 180 15 218
435 0 159 15 219
342 8 185 15 220
351 8 193 15 221
461 0 127 15 222
463 0 160 15 223
446 0 131 15 224
446 0 140 15 225
457 0 180 15 226
481 0 131 15 227
451 0 180 15 228
462 0 132 15 229
471 0 162 15 230
465 0 179 15 231
451 0 156 15 232
469 0 174 15 233
456 0 140 15 234
473 0 141 15 235
466 0 139 15 236
465 0 198 15 237
472 0 195 15 238
470 0 180 15 239
471 0 187 15 240
476 0 182 15 241
-26 0 118 15 242
66 0 129 15 243
74 0 129 15 244
60 0 122 15 245
62 0 117 15 246
87 0 129 15 247
93 0 130 15 248
101 8 136 15 249
160 8 137 15 250
156 0 133 15 251
158 0 129 15 252
160 0 123 15 253
170 0 137 15 254
172 0 123 15 255
181 0 123 15 256
183 0 129 15 257
192 0 123 15 258
202 0 123 15 259
190 0 134 15 260
206 0 129 15 261
191 8 136 15 262
195 0 137 15 263
205 0 137 15 264
216 0 135 15 265
213 0 137 15 266
207 8 138 15 267
257 0 131 15 268
266 0 131 15 269
371 0 118 15 270
371 0 127 15 271
371 0 132 15 272
441 0 118 15 273
466 0 116 15 274
492 0 119 15 275
486 0 130 15 276
495 0 138 15 277
496 0 147 15 278
496 0 155 15 279
487 0 179 15 280
492 0 180 15 281
473 0 203 15 282
343 8 217 15 283
315 8 210 15 284
315 8 215 15 285
275 8 213 15 286
267 8 217 15 287
239 8 214 15 288
242 8 218 15 289
205 8 199 15 290
195 8 196 15 291
196 8 210 15 292
191 8 219 15 293
180 8 199 15 294
168 0 196 15 295
157 8 201 15 296
158 0 196 15 297
142 8 195 15 298
89 8 214 15 299
88 8 210 15 300
84 8 205 15 301
83 8 200 15 302
82 8 195 15 303
-40 0 196 15 304
-59 0 174 15 305
-51 0 172 15 306
-55 0 156 15 307
-55 0 150 15 308
-66 0 136 15 309
-55 0 128 15 310
-50 0 124 15 311
355 8 215 15 312
341 8 221 15 313
329 8 221 15 314
269 8 220 15 315
258 8 221 15 316
202 8 207 15 317
197 8 217 15 318
172 8 204 15 319
164 8 204 15 320
145 8 200 15 321
90 8 222 15 322
90 8 222 15 323
90 8 222 15 324
90 8 222 15 325
90 8 222 15 326
90 8 222 15 327
90 8 222 15 328
90 8 222 15 329
90 8 222 15 330
90 8 222 15 331
90 8 222 15 332
90 8 222 15 333
90 8 222 15 334
90 8 222 15 335
90 8 222 15 336
90 8 222 15 337
90 8 222 15 338
90 8 222 15 339
90 8 222 15 340
90 8 222 15 341
90 8 222 15 342
90 8 222 15 343
90 8 222 15 344
90 8 222 15 345
90 8 222 15 346
90 8 222 15 347
90 8 222 15 348
90 8 222 15 349
90 8 222 15 350
90 8 222 15 351
90 8 222 15 352
90 8 222 15 353
90 8 222 15 354
90 8 222 15 355
90 8 222 15 356
90 8 222 15 357
90 8 222 15 358
90 8 222 15 359
90 8 222 15 360
90 8 222 15 361
90 8 222 15 362
90 8 222 15 363
90 8 222 15 364
90 8 222 15 365
90 8 222 15 366
90 8 222 15 367
90 8 222 15 368
90 8 222 15 369
90 8 222 15 370
90 8 222 15 371
90 8 222 15 372
90 8 222 15 373
90 8 222 15 374
90 8 222 15 375
90 8 222 15 376
90 8 222 15 377
90 8 222 15 378
90 8 222 15 379
90 8 222 15 380
90 8 222 15 381
90 8 222 15 382
90 8 222 15 383
90 8 222 15 384
90 8 222 15 385
90 8 222 15 386
90 8 222 15 387
90 8 222 15 388
90 8 222 15 389
90 8 222 15 390
90 8 222 15 391
90 8 222 15 392
90 8 222 15 393
90 8 222 15 394
90 8 222 15 395
90 8 222 15 396
90 8 222 15 397
90 8 222 15 398
90 8 222 15 399
90 8 222 15 400
90 8 222 15 401
90 8 222 15 402
90 8 222 15 403
90 8 222 15 404
90 8 222 15 405
90 8 222 15 406
90 8 222 15 407
90 8 222 15 408
90 8 222 15 409
90 8 222 15 410
90 8 222 15 411
90 8 222 15 412
90 8 222 15 413
90 8 222 15 414
90 8 222 15 415
90 8 222 15 416
90 8 222 15 417
90 8 222 15 418
90 8 222 15 419
90 8 222 15 420
90 8 222 15 421
90 8 222 15 422
90 8 222 15 423
90 8 222 15 424
90 8 222 15 425
90 8 222 15 426
90 8 222 15 427
