428
-38 0 190 15 0
-38 0 180 15 1
-35 0 172 15 2
-21 0 152 15 3
-25 0 173 15 4
-42 0 173 15 5
-27 0 127 15 6
-37 0 186 15 7
-37 0 158 15 8
-37 0 164 15 9
-27 0 141 15 10
-54 0 135 15 11
-60 0 131 15 12
-37 0 169 15 13
-14 0 133 15 14
-20 0 134 15 15
-37 0 177 15 16
-15 0 151 15 17
-54 0 143 15 18
-25 0 135 15 19
-37 0 138 15 20
-16 0 173 15 21
-8 0 132 15 22
-31 0 137 15 23
-27 0 148 15 24
-27 0 154 15 25
82 9 149 15 26
91 9 146 15 27
51 0 173 15 28
95 9 165 15 29
60 0 192 15 30
93 9 182 15 31
-43 0 121 15 32
87 9 148 15 33
30 0 147 15 34
60 0 141 15 35
30 0 163 15 36
30 0 133 15 37
74 0 173 15 38
30 0 141 15 39
45 0 172 15 40
53 0 133 15 41
46 0 134 15 42
30 0 155 15 43
60 0 153 15 44
38 0 172 15 45
60 0 167 15 46
61 0 159 15 47
95 9 171 15 48
61 0 133 15 49
61 0 147 15 50
30 0 170 15 51
60 0 172 15 52
61 0 185 15 53
67 0 133 15 54
91 0 143 15 55
69 0 172 15 56
61 0 179 15 57
83 0 172 15 58
94 0 150 15 59
94 0 158 15 60
94 0 169 15 61
90 0 173 15 62
95 0 164 15 63
98 9 176 15 64
100 9 158 15 65
147 9 160 15 66
101 9 153 15 67
145 9 165 15 68
102 9 147 15 69
144 0 133 15 70
147 9 178 15 71
146 9 171 15 72
131 0 180 15 73
137 0 180 15 74
148 0 179 15 75
148 9 183 15 76
162 0 176 15 77
127 0 132 15 78
134 0 134 15 79
139 0 135 15 80
159 9 145 15 81
125 0 157 15 82
131 0 159 15 83
136 0 158 15 84
137 0 167 15 85
136 0 151 15 86
166 0 159 15 87
155 9 149 15 88
160 0 157 15 89
138 0 173 15 90
137 0 146 15 91
148 0 159 15 92
144 0 159 15 93
160 0 146 15 94
152 9 155 15 95
160 0 150 15 96
179 0 187 15 97
187 0 187 15 98
193 0 188 15 99
177 0 159 15 100
198 0 188 15 101
186 0 173 15 102
193 0 158 15 103
181 0 169 15 104
181 0 163 15 105
181 0 181 15 106
200 0 153 15 107
183 0 150 15 108
181 0 175 15 109
193 0 173 15 110
198 0 173 15 111
176 0 174 15 112
239 0 180 15 113
258 0 181 15 114
200 9 173 15 115
202 0 146 15 116
264 0 175 15 117
266 0 141 15 118
265 0 154 15 119
189 0 160 15 120
231 9 192 15 121
291 0 137 15 122
265 0 169 15 123
200 9 186 15 124
265 0 148 15 125
200 9 180 15 126
204 0 159 15 127
266 0 135 15 128
236 9 186 15 129
192 9 146 15 130
236 9 171 15 131
194 9 186 15 132
186 0 155 15 133
293 0 182 15 134
260 9 189 15 135
266 0 163 15 136
257 9 171 15 137
232 9 150 15 138
271 0 181 15 139
281 0 137 15 140
240 9 181 15 141
230 9 201 15 142
238 9 145 15 143
197 9 150 15 144
247 0 180 15 145
230 9 161 15 146
243 9 142 15 147
233 9 167 15 148
265 0 180 15 149
250 9 182 15 150
257 9 142 15 151
201 9 155 15 152
281 0 182 15 153
265 9 201 15 154
268 9 149 15 155
241 9 176 15 156
250 9 141 15 157
253 0 181 15 158
264 9 144 15 159
230 9 156 15 160
288 0 182 15 161
266 9 194 15 162
275 0 135 15 163
246 9 180 15 164
256 9 185 15 165
263 9 168 15 166
253 9 175 15 167
303 9 197 15 168
315 9 142 15 169
305 9 190 15 170
305 9 151 15 171
259 0 135 15 172
269 9 166 15 173
310 9 146 15 174
309 9 185 15 175
333 0 141 15 176
304 9 164 15 177
322 9 142 15 178
303 9 156 15 179
308 9 169 15 180
339 9 148 15 181
334 9 144 15 182
318 9 177 15 183
343 0 141 15 184
327 9 142 15 185
313 9 173 15 186
346 0 171 15 187
351 0 164 15 188
374 0 175 15 189
345 0 179 15 190
353 0 158 15 191
337 9 169 15 192
341 0 185 15 193
316 9 181 15 194
340 9 203 15 195
374 0 143 15 196
345 9 165 15 197
392 0 144 15 198
364 0 142 15 199
332 9 171 15 200
384 0 142 15 201
341 9 196 15 202
358 0 150 15 203
333 9 185 15 204
342 9 167 15 205
400 0 145 15 206
354 0 142 15 207
381 0 179 15 208
395 0 188 15 209
438 0 140 15 210
388 0 183 15 211
460 0 156 15 212
435 0 153 15 213
328 9 174 15 214
444 0 124 15 215
436 0 146 15 216
485 0 139 15 217
443 0 180 15 218
435 0 158 15 219
328 9 182 15 220
338 9 190 15 221
466 0 125 15 222
468 0 158 15 223
448 0 130 15 224
448 0 139 15 225
460 0 179 15 226
488 0 126 15 227
453 0 179 15 228
466 0 129 15 229
476 0 159 15 230
469 0 173 15 231
452 0 156 15 232
473 0 169 15 233
457 0 139 15 234
477 0 138 15 235
468 0 138 15 236
466 0 196 15 237
474 0 192 15 238
471 0 179 15 239
472 0 186 15 240
479 0 180 15 241
-27 0 119 15 242
73 0 132 15 243
81 0 132 15 244
62 0 123 15 245
63 0 117 15 246
90 0 132 15 247
95 0 132 15 248
102 9 139 15 249
166 9 141 15 250
160 0 136 15 251
161 0 132 15 252
161 0 125 15 253
171 0 141 15 254
172 0 124 15 255
181 0 124 15 256
182 0 132 15 257
190 0 124 15 258
199 0 124 15 259
183 0 137 15 260
200 0 132 15 261
180 9 140 15 262
183 0 141 15 263
191 0 141 15 264
203 0 138 15 265
198 0 141 15 266
189 9 142 15 267
245 0 133 15 268
253 0 133 15 269
369 0 119 15 270
366 0 129 15 271
364 0 134 15 272
441 0 119 15 273
467 0 116 15 274
494 0 119 15 275
486 0 130 15 276
497 0 138 15 277
498 0 146 15 278
499 0 154 15 279
487 0 179 15 280
493 0 179 15 281
474 0 198 15 282
333 9 214 15 283
306 9 207 15 284
309 9 213 15 285
265 9 210 15 286
259 9 214 15 287
232 9 211 15 288
237 9 215 15 289
197 9 194 15 290
187 9 191 15 291
193 9 206 15 292
191 9 217 15 293
179 9 194 15 294
171 0 190 15 295
161 9 195 15 296
163 0 190 15 297
150 9 189 15 298
93 9 212 15 299
93 9 206 15 300
92 9 200 15 301
92 9 195 15 302
92 9 189 15 303
-39 0 195 15 304
-61 0 172 15 305
-51 0 172 15 306
-56 0 155 15 307
-56 0 149 15 308
-68 0 134 15 309
-56 0 127 15 310
-50 0 124 15 311
340 9 210 15 312
328 9 217 15 313
318 9 217 15 314
256 9 216 15 315
247 9 217 15 316
195 9 201 15 317
193 9 212 15 318
172 9 197 15 319
166 9 198 15 320
153 9 193 15 321
93 9 218 15 322
93 9 218 15 323
93 9 218 15 324
93 9 218 15 325
93 9 218 15 326
93 9 218 15 327
93 9 218 15 328
93 9 218 15 329
93 9 218 15 330
93 9 218 15 331
93 9 218 15 332
93 9 218 15 333
93 9 218 15 334
93 9 218 15 335
93 9 218 15 336
93 9 218 15 337
93 9 218 15 338
93 9 218 15 339
93 9 218 15 340
93 9 218 15 341
93 9 218 15 342
93 9 218 15 343
93 9 218 15 344
93 9 218 15 345
93 9 218 15 346
93 9 218 15 347
93 9 218 15 348
93 9 218 15 349
93 9 218 15 350
93 9 218 15 351
93 9 218 15 352
93 9 218 15 353
93 9 218 15 354
93 9 218 15 355
93 9 218 15 356
93 9 218 15 357
93 9 218 15 358
93 9 218 15 359
93 9 218 15 360
93 9 218 15 361
93 9 218 15 362
93 9 218 15 363
93 9 218 15 364
93 9 218 15 365
93 9 218 15 366
93 9 218 15 367
93 9 218 15 368
93 9 218 15 369
93 9 218 15 370
93 9 218 15 371
93 9 218 15 372
93 9 218 15 373
93 9 218 15 374
93 9 218 15 375
93 9 218 15 376
93 9 218 15 377
93 9 218 15 378
93 9 218 15 379
93 9 218 15 380
93 9 218 15 381
93 9 218 15 382
93 9 218 15 383
93 9 218 15 384
93 9 218 15 385
93 9 218 15 386
93 9 218 15 387
93 9 218 15 388
93 9 218 15 389
93 9 218 15 390
93 9 218 15 391
93 9 218 15 392
93 9 218 15 393
93 9 218 15 394
93 9 218 15 395
93 9 218 15 396
93 9 218 15 397
93 9 218 15 398
93 9 218 15 399
93 9 218 15 400
93 9 218 15 401
93 9 218 15 402
93 9 218 15 403
93 9 218 15 404
93 9 218 15 405
93 9 218 15 406
93 9 218 15 407
93 9 218 15 408
93 9 218 15 409
93 9 218 15 410
93 9 218 15 411
93 9 218 15 412
93 9 218 15 413
93 9 218 15 414
93 9 218 15 415
93 9 218 15 416
93 9 218 15 417
93 9 218 15 418
93 9 218 15 419
93 9 218 15 420
93 9 218 15 421
93 9 218 15 422
93 9 218 15 423
93 9 218 15 424
93 9 218 15 425
93 9 218 15 426
93 9 218 15 427
