428
129 10 147 3 0
134 10 145 3 1
138 10 211 3 2
138 10 217 3 3
139 10 143 3 4
139 10 193 3 5
139 10 199 3 6
139 10 205 3 7
140 10 187 3 8
141 10 181 3 9
142 10 169 3 10
142 10 175 3 11
143 10 162 3 12
144 10 152 3 13
144 10 157 3 14
145 10 146 3 15
146 10 140 3 16
191 10 164 3 17
191 10 170 3 18
192 10 176 3 19
193 10 159 3 20
193 10 182 3 21
196 10 154 3 22
196 10 187 3 23
200 10 149 3 24
200 10 191 3 25
205 10 144 3 26
206 10 194 3 27
211 10 196 3 28
212 10 142 3 29
216 10 195 3 30
219 10 141 3 31
222 10 192 3 32
225 10 143 3 33
227 10 189 3 34
230 10 145 3 35
232 10 185 3 36
234 10 149 3 37
234 10 217 3 38
235 10 205 3 39
235 10 211 3 40
236 10 199 3 41
237 10 192 3 42
238 10 154 3 43
238 10 178 3 44
238 10 185 3 45
239 10 172 3 46
270 10 155 3 47
270 10 161 3 48
270 10 201 3 49
272 10 149 3 50
272 10 192 3 51
273 10 166 3 52
274 10 210 3 53
277 10 171 3 54
277 10 186 3 55
278 10 144 3 56
280 10 215 3 57
281 10 175 3 58
281 10 181 3 59
284 10 142 3 60
286 10 179 3 61
288 10 216 3 62
291 10 141 3 63
291 10 182 3 64
293 10 174 3 65
296 10 215 3 66
297 10 185 3 67
298 10 142 3 68
299 10 171 3 69
301 10 214 3 70
302 10 189 3 71
304 10 168 3 72
305 10 144 3 73
305 10 209 3 74
307 10 194 3 75
307 10 201 3 76
310 10 148 3 77
310 10 165 3 78
346 10 156 3 79
346 10 197 3 80
347 10 164 3 81
347 10 206 3 82
348 10 150 3 83
348 10 190 3 84
351 10 169 3 85
351 10 212 3 86
352 10 185 3 87
353 10 145 3 88
356 10 173 3 89
356 10 181 3 90
358 10 216 3 91
359 10 142 3 92
361 10 177 3 93
365 10 142 3 94
367 10 173 3 95
367 10 182 3 96
367 10 216 3 97
371 10 142 3 98
373 10 171 3 99
373 10 185 3 100
374 10 214 3 101
378 10 144 3 102
378 10 168 3 103
378 10 190 3 104
379 10 209 3 105
382 10 196 3 106
382 10 203 3 107
383 10 147 3 108
383 10 166 3 109
387 10 164 3 110
-26 0 133 3 111
-19 0 129 3 112
-18 0 171 3 113
-13 0 126 3 114
-13 0 133 3 115
-13 0 141 3 116
-13 0 148 3 117
-13 0 154 3 118
-8 0 171 3 119
-7 0 123 3 120
-2 0 119 3 121
0 0 171 3 122
5 0 136 3 123
5 0 157 3 124
5 0 163 3 125
5 0 167 3 126
5 0 175 3 127
5 0 180 3 128
5 0 185 3 129
5 0 190 3 130
5 0 195 3 131
8 0 171 3 132
11 0 135 3 133
15 0 140 3 134
15 0 146 3 135
15 0 152 3 136
16 0 119 3 137
16 0 126 3 138
17 0 134 3 139
18 0 172 3 140
22 0 151 3 141
23 0 133 3 142
26 0 172 3 143
28 0 150 3 144
29 0 132 3 145
35 0 131 3 146
74 0 133 3 147
74 0 140 3 148
74 0 146 3 149
74 0 154 3 150
74 0 162 3 151
74 0 169 3 152
82 0 171 3 153
90 0 171 3 154
91 0 133 3 155
97 0 171 3 156
98 0 132 3 157
105 0 171 3 158
106 0 132 3 159
106 0 139 3 160
106 0 146 3 161
106 0 152 3 162
106 0 158 3 163
106 0 165 3 164
106 0 178 3 165
106 0 185 3 166
106 0 192 3 167
107 0 117 3 168
107 0 123 3 169
112 0 132 3 170
114 0 171 3 171
119 0 132 3 172
121 0 171 3 173
127 0 132 3 174
128 0 171 3 175
134 0 132 3 176
134 0 172 3 177
138 0 141 3 178
138 0 149 3 179
138 0 157 3 180
138 0 168 3 181
139 0 133 3 182
139 0 163 3 183
169 0 157 3 184
171 0 132 3 185
175 0 158 3 186
175 0 179 3 187
179 0 133 3 188
181 0 145 3 189
181 0 151 3 190
181 0 157 3 191
182 0 166 3 192
182 0 172 3 193
182 0 179 3 194
184 0 134 3 195
188 0 158 3 196
189 0 133 3 197
192 0 158 3 198
193 0 177 3 199
205 0 125 3 200
205 0 132 3 201
205 0 137 3 202
205 0 145 3 203
205 0 150 3 204
205 0 156 3 205
208 0 173 3 206
209 0 188 3 207
212 0 158 3 208
215 0 142 3 209
215 0 173 3 210
215 0 188 3 211
216 0 124 3 212
219 0 158 3 213
222 0 142 3 214
222 0 174 3 215
222 0 181 3 216
222 0 187 3 217
223 0 154 3 218
223 0 162 3 219
223 0 168 3 220
224 0 124 3 221
224 0 138 3 222
224 0 149 3 223
225 0 132 3 224
227 0 159 3 225
228 0 172 3 226
229 0 142 3 227
230 0 187 3 228
233 0 124 3 229
234 0 172 3 230
235 0 142 3 231
235 0 158 3 232
236 0 188 3 233
239 0 172 3 234
241 0 124 3 235
241 0 132 3 236
241 0 139 3 237
241 0 145 3 238
241 0 188 3 239
242 0 152 3 240
242 0 158 3 241
281 0 180 3 242
285 0 134 3 243
288 0 180 3 244
292 0 134 3 245
294 0 181 3 246
300 0 135 3 247
301 0 181 3 248
307 0 174 3 249
307 0 180 3 250
308 0 147 3 251
308 0 153 3 252
308 0 162 3 253
308 0 168 3 254
309 0 135 3 255
309 0 141 3 256
313 0 181 3 257
317 0 135 3 258
323 0 182 3 259
324 0 136 3 260
331 0 182 3 261
335 0 137 3 262
337 0 182 3 263
377 0 141 3 264
383 0 185 3 265
387 0 141 3 266
387 0 178 3 267
390 0 170 3 268
393 0 163 3 269
395 0 141 3 270
395 0 157 3 271
400 0 149 3 272
406 0 135 3 273
406 0 141 3 274
409 0 129 3 275
413 0 119 3 276
417 0 142 3 277
418 0 175 3 278
424 0 178 3 279
427 0 142 3 280
431 0 183 3 281
436 0 143 3 282
438 0 188 3 283
444 0 144 3 284
480 0 152 3 285
480 0 157 3 286
481 0 145 3 287
483 0 139 3 288
485 0 119 3 289
488 0 180 3 290
489 0 123 3 291
493 0 129 3 292
493 0 138 3 293
497 0 155 3 294
498 0 178 3 295
502 0 138 3 296
506 0 155 3 297
506 0 178 3 298
511 0 196 3 299
512 0 116 3 300
512 0 123 3 301
512 0 128 3 302
513 0 137 3 303
514 0 156 3 304
515 0 171 3 305
516 0 178 3 306
517 0 186 3 307
519 0 166 3 308
519 0 192 3 309
519 0 197 3 310
522 0 158 3 311
523 0 137 3 312
524 0 178 3 313
531 0 129 3 314
532 0 137 3 315
532 0 178 3 316
535 0 124 3 317
538 0 178 3 318
539 0 118 3 319
542 0 137 3 320
543 0 145 3 321
544 0 153 3 322
-46 0 102 3 323
-31 0 102 3 324
-17 0 102 3 325
-3 0 102 3 326
11 0 102 3 327
25 0 102 3 328
39 0 102 3 329
53 0 102 3 330
67 0 102 3 331
81 0 102 3 332
95 0 102 3 333
109 0 102 3 334
123 0 102 3 335
137 0 102 3 336
152 0 102 3 337
166 0 102 3 338
180 0 102 3 339
194 0 102 3 340
208 0 102 3 341
221 0 102 3 342
235 0 102 3 343
249 0 102 3 344
263 0 102 3 345
277 0 102 3 346
291 0 102 3 347
305 0 102 3 348
319 0 102 3 349
334 0 102 3 350
348 0 102 3 351
362 0 102 3 352
376 0 102 3 353
390 0 102 3 354
404 0 102 3 355
418 0 102 3 356
432 0 102 3 357
446 0 102 3 358
460 0 102 3 359
474 0 102 3 360
488 0 102 3 361
502 0 102 3 362
517 0 102 3 363
531 0 102 3 364
545 0 102 3 365
559 0 102 3 366
564 0 112 3 367
564 0 126 3 368
564 0 140 3 369
564 0 154 3 370
564 0 168 3 371
564 0 181 3 372
564 0 195 3 373
564 0 209 3 374
564 0 223 3 375
556 0 231 3 376
542 0 231 3 377
528 0 231 3 378
514 0 231 3 379
500 0 231 3 380
486 0 231 3 381
472 0 231 3 382
458 0 231 3 383
444 0 231 3 384
430 0 231 3 385
416 0 231 3 386
402 0 231 3 387
388 0 231 3 388
373 0 231 3 389
359 0 231 3 390
345 0 231 3 391
331 0 231 3 392
317 0 231 3 393
303 0 231 3 394
289 0 231 3 395
275 0 231 3 396
261 0 231 3 397
247 0 231 3 398
233 0 231 3 399
220 0 231 3 400
206 0 231 3 401
191 0 231 3 402
177 0 231 3 403
163 0 231 3 404
149 0 231 3 405
135 0 231 3 406
121 0 231 3 407
107 0 231 3 408
93 0 231 3 409
79 0 231 3 410
65 0 231 3 411
51 0 231 3 412
37 0 231 3 413
23 0 231 3 414
8 0 231 3 415
-6 0 231 3 416
-20 0 231 3 417
-34 0 231 3 418
-46 0 228 3 419
-46 0 214 3 420
-46 0 200 3 421
-46 0 186 3 422
-46 0 173 3 423
-46 0 159 3 424
-46 0 145 3 425
-46 0 131 3 426
-46 0 117 3 427
