428
133 10 147 3 0
138 10 145 3 1
142 10 211 3 2
142 10 217 3 3
143 10 143 3 4
143 10 193 3 5
143 10 199 3 6
143 10 205 3 7
144 10 187 3 8
145 10 181 3 9
146 10 169 3 10
146 10 175 3 11
147 10 162 3 12
148 10 152 3 13
148 10 157 3 14
149 10 146 3 15
150 10 140 3 16
195 10 164 3 17
195 10 170 3 18
196 10 176 3 19
197 10 159 3 20
197 10 182 3 21
200 10 154 3 22
200 10 187 3 23
204 10 149 3 24
204 10 191 3 25
209 10 144 3 26
210 10 194 3 27
215 10 196 3 28
216 10 142 3 29
220 10 195 3 30
223 10 141 3 31
226 10 192 3 32
229 10 143 3 33
231 10 189 3 34
234 10 145 3 35
236 10 185 3 36
238 10 149 3 37
238 10 217 3 38
239 10 205 3 39
239 10 211 3 40
240 10 199 3 41
241 10 192 3 42
242 10 154 3 43
242 10 178 3 44
242 10 185 3 45
243 10 172 3 46
274 10 155 3 47
274 10 161 3 48
274 10 201 3 49
276 10 149 3 50
276 10 192 3 51
277 10 166 3 52
278 10 210 3 53
281 10 171 3 54
281 10 186 3 55
282 10 144 3 56
284 10 215 3 57
285 10 175 3 58
285 10 181 3 59
288 10 142 3 60
290 10 179 3 61
292 10 216 3 62
295 10 141 3 63
295 10 182 3 64
297 10 174 3 65
300 10 215 3 66
301 10 185 3 67
302 10 142 3 68
303 10 171 3 69
305 10 214 3 70
306 10 189 3 71
308 10 168 3 72
309 10 144 3 73
309 10 209 3 74
311 10 194 3 75
311 10 201 3 76
314 10 148 3 77
314 10 165 3 78
350 10 156 3 79
350 10 197 3 80
351 10 164 3 81
351 10 206 3 82
352 10 150 3 83
352 10 190 3 84
355 10 169 3 85
355 10 212 3 86
356 10 185 3 87
357 10 145 3 88
360 10 173 3 89
360 10 181 3 90
362 10 216 3 91
363 10 142 3 92
365 10 177 3 93
369 10 142 3 94
371 10 173 3 95
371 10 182 3 96
371 10 216 3 97
375 10 142 3 98
377 10 171 3 99
377 10 185 3 100
378 10 214 3 101
382 10 144 3 102
382 10 168 3 103
382 10 190 3 104
383 10 209 3 105
386 10 196 3 106
386 10 203 3 107
387 10 147 3 108
387 10 166 3 109
391 10 164 3 110
-22 0 133 3 111
-15 0 129 3 112
-14 0 171 3 113
-9 0 126 3 114
-9 0 133 3 115
-9 0 141 3 116
-9 0 148 3 117
-9 0 154 3 118
-4 0 171 3 119
-3 0 123 3 120
2 0 119 3 121
4 0 171 3 122
9 0 136 3 123
9 0 157 3 124
9 0 163 3 125
9 0 167 3 126
9 0 175 3 127
9 0 180 3 128
9 0 185 3 129
9 0 190 3 130
9 0 195 3 131
12 0 171 3 132
15 0 135 3 133
19 0 140 3 134
19 0 146 3 135
19 0 152 3 136
20 0 119 3 137
20 0 126 3 138
21 0 134 3 139
22 0 172 3 140
26 0 151 3 141
27 0 133 3 142
30 0 172 3 143
32 0 150 3 144
33 0 132 3 145
39 0 131 3 146
78 0 133 3 147
78 0 140 3 148
78 0 146 3 149
78 0 154 3 150
78 0 162 3 151
78 0 169 3 152
86 0 171 3 153
94 0 171 3 154
95 0 133 3 155
101 0 171 3 156
102 0 132 3 157
109 0 171 3 158
110 0 132 3 159
110 0 139 3 160
110 0 146 3 161
110 0 152 3 162
110 0 158 3 163
110 0 165 3 164
110 0 178 3 165
110 0 185 3 166
110 0 192 3 167
111 0 117 3 168
111 0 123 3 169
116 0 132 3 170
118 0 171 3 171
123 0 132 3 172
125 0 171 3 173
131 0 132 3 174
132 0 171 3 175
138 0 132 3 176
138 0 172 3 177
142 0 141 3 178
142 0 149 3 179
142 0 157 3 180
142 0 168 3 181
143 0 133 3 182
143 0 163 3 183
173 0 157 3 184
175 0 132 3 185
179 0 158 3 186
179 0 179 3 187
183 0 133 3 188
185 0 145 3 189
185 0 151 3 190
185 0 157 3 191
186 0 166 3 192
186 0 172 3 193
186 0 179 3 194
188 0 134 3 195
192 0 158 3 196
193 0 133 3 197
196 0 158 3 198
197 0 177 3 199
209 0 125 3 200
209 0 132 3 201
209 0 137 3 202
209 0 145 3 203
209 0 150 3 204
209 0 156 3 205
212 0 173 3 206
213 0 188 3 207
216 0 158 3 208
219 0 142 3 209
219 0 173 3 210
219 0 188 3 211
220 0 124 3 212
223 0 158 3 213
226 0 142 3 214
226 0 174 3 215
226 0 181 3 216
226 0 187 3 217
227 0 154 3 218
227 0 162 3 219
227 0 168 3 220
228 0 124 3 221
228 0 138 3 222
228 0 149 3 223
229 0 132 3 224
231 0 159 3 225
232 0 172 3 226
233 0 142 3 227
234 0 187 3 228
237 0 124 3 229
238 0 172 3 230
239 0 142 3 231
239 0 158 3 232
240 0 188 3 233
243 0 172 3 234
245 0 124 3 235
245 0 132 3 236
245 0 139 3 237
245 0 145 3 238
245 0 188 3 239
246 0 152 3 240
246 0 158 3 241
285 0 180 3 242
289 0 134 3 243
292 0 180 3 244
296 0 134 3 245
298 0 181 3 246
304 0 135 3 247
305 0 181 3 248
311 0 174 3 249
311 0 180 3 250
312 0 147 3 251
312 0 153 3 252
312 0 162 3 253
312 0 168 3 254
313 0 135 3 255
313 0 141 3 256
317 0 181 3 257
321 0 135 3 258
327 0 182 3 259
328 0 136 3 260
335 0 182 3 261
339 0 137 3 262
341 0 182 3 263
381 0 141 3 264
387 0 185 3 265
391 0 141 3 266
391 0 178 3 267
394 0 170 3 268
397 0 163 3 269
399 0 141 3 270
399 0 157 3 271
404 0 149 3 272
410 0 135 3 273
410 0 141 3 274
413 0 129 3 275
417 0 119 3 276
421 0 142 3 277
422 0 175 3 278
428 0 178 3 279
431 0 142 3 280
435 0 183 3 281
440 0 143 3 282
442 0 188 3 283
448 0 144 3 284
484 0 152 3 285
484 0 157 3 286
485 0 145 3 287
487 0 139 3 288
489 0 119 3 289
492 0 180 3 290
493 0 123 3 291
497 0 129 3 292
497 0 138 3 293
501 0 155 3 294
502 0 178 3 295
506 0 138 3 296
510 0 155 3 297
510 0 178 3 298
515 0 196 3 299
516 0 116 3 300
516 0 123 3 301
516 0 128 3 302
517 0 137 3 303
518 0 156 3 304
519 0 171 3 305
520 0 178 3 306
521 0 186 3 307
523 0 166 3 308
523 0 192 3 309
523 0 197 3 310
526 0 158 3 311
527 0 137 3 312
528 0 178 3 313
535 0 129 3 314
536 0 137 3 315
536 0 178 3 316
539 0 124 3 317
542 0 178 3 318
543 0 118 3 319
546 0 137 3 320
547 0 145 3 321
548 0 153 3 322
-42 0 102 3 323
-27 0 102 3 324
-13 0 102 3 325
1 0 102 3 326
15 0 102 3 327
29 0 102 3 328
43 0 102 3 329
57 0 102 3 330
71 0 102 3 331
85 0 102 3 332
99 0 102 3 333
113 0 102 3 334
127 0 102 3 335
141 0 102 3 336
156 0 102 3 337
170 0 102 3 338
184 0 102 3 339
198 0 102 3 340
212 0 102 3 341
225 0 102 3 342
239 0 102 3 343
253 0 102 3 344
267 0 102 3 345
281 0 102 3 346
295 0 102 3 347
309 0 102 3 348
323 0 102 3 349
338 0 102 3 350
352 0 102 3 351
366 0 102 3 352
380 0 102 3 353
394 0 102 3 354
408 0 102 3 355
422 0 102 3 356
436 0 102 3 357
450 0 102 3 358
464 0 102 3 359
478 0 102 3 360
492 0 102 3 361
506 0 102 3 362
521 0 102 3 363
535 0 102 3 364
549 0 102 3 365
563 0 102 3 366
568 0 112 3 367
568 0 126 3 368
568 0 140 3 369
568 0 154 3 370
568 0 168 3 371
568 0 181 3 372
568 0 195 3 373
568 0 209 3 374
568 0 223 3 375
560 0 231 3 376
546 0 231 3 377
532 0 231 3 378
518 0 231 3 379
504 0 231 3 380
490 0 231 3 381
476 0 231 3 382
462 0 231 3 383
448 0 231 3 384
434 0 231 3 385
420 0 231 3 386
406 0 231 3 387
392 0 231 3 388
377 0 231 3 389
363 0 231 3 390
349 0 231 3 391
335 0 231 3 392
321 0 231 3 393
307 0 231 3 394
293 0 231 3 395
279 0 231 3 396
265 0 231 3 397
251 0 231 3 398
237 0 231 3 399
223 0 231 3 400
210 0 231 3 401
195 0 231 3 402
181 0 231 3 403
167 0 231 3 404
153 0 231 3 405
139 0 231 3 406
125 0 231 3 407
111 0 231 3 408
97 0 231 3 409
83 0 231 3 410
69 0 231 3 411
55 0 231 3 412
41 0 231 3 413
27 0 231 3 414
12 0 231 3 415
-2 0 231 3 416
-16 0 231 3 417
-30 0 231 3 418
-42 0 228 3 419
-42 0 214 3 420
-42 0 200 3 421
-42 0 186 3 422
-42 0 173 3 423
-42 0 159 3 424
-42 0 145 3 425
-42 0 131 3 426
-42 0 117 3 427
