428
126 10 147 3 0
131 10 145 3 1
135 10 211 3 2
135 10 217 3 3
136 10 143 3 4
136 10 193 3 5
136 10 199 3 6
136 10 205 3 7
137 10 187 3 8
138 10 181 3 9
139 10 169 3 10
139 10 175 3 11
140 10 162 3 12
141 10 152 3 13
141 10 157 3 14
142 10 146 3 15
143 10 140 3 16
188 10 164 3 17
188 10 170 3 18
189 10 176 3 19
190 10 159 3 20
190 10 182 3 21
193 10 154 3 22
193 10 187 3 23
197 10 149 3 24
197 10 191 3 25
202 10 144 3 26
203 10 194 3 27
208 10 196 3 28
209 10 142 3 29
213 10 195 3 30
216 10 141 3 31
219 10 192 3 32
222 10 143 3 33
224 10 189 3 34
227 10 145 3 35
229 10 185 3 36
231 10 149 3 37
231 10 217 3 38
232 10 205 3 39
232 10 211 3 40
233 10 199 3 41
234 10 192 3 42
235 10 154 3 43
235 10 178 3 44
235 10 185 3 45
236 10 172 3 46
267 10 155 3 47
267 10 161 3 48
267 10 201 3 49
269 10 149 3 50
269 10 192 3 51
270 10 166 3 52
271 10 210 3 53
274 10 171 3 54
274 10 186 3 55
275 10 144 3 56
277 10 215 3 57
278 10 175 3 58
278 10 181 3 59
281 10 142 3 60
283 10 179 3 61
285 10 216 3 62
288 10 141 3 63
288 10 182 3 64
290 10 174 3 65
293 10 215 3 66
294 10 185 3 67
295 10 142 3 68
296 10 171 3 69
298 10 214 3 70
299 10 189 3 71
301 10 168 3 72
302 10 144 3 73
302 10 209 3 74
304 10 194 3 75
304 10 201 3 76
307 10 148 3 77
307 10 165 3 78
343 10 156 3 79
343 10 197 3 80
344 10 164 3 81
344 10 206 3 82
345 10 150 3 83
345 10 190 3 84
348 10 169 3 85
348 10 212 3 86
349 10 185 3 87
350 10 145 3 88
353 10 173 3 89
353 10 181 3 90
355 10 216 3 91
356 10 142 3 92
358 10 177 3 93
362 10 142 3 94
364 10 173 3 95
364 10 182 3 96
364 10 216 3 97
368 10 142 3 98
370 10 171 3 99
370 10 185 3 100
371 10 214 3 101
375 10 144 3 102
375 10 168 3 103
375 10 190 3 104
376 10 209 3 105
379 10 196 3 106
379 10 203 3 107
380 10 147 3 108
380 10 166 3 109
384 10 164 3 110
-29 0 133 3 111
-22 0 129 3 112
-21 0 171 3 113
-16 0 126 3 114
-16 0 133 3 115
-16 0 141 3 116
-16 0 148 3 117
-16 0 154 3 118
-11 0 171 3 119
-10 0 123 3 120
-5 0 119 3 121
-3 0 171 3 122
2 0 136 3 123
2 0 157 3 124
2 0 163 3 125
2 0 167 3 126
2 0 175 3 127
2 0 180 3 128
2 0 185 3 129
2 0 190 3 130
2 0 195 3 131
5 0 171 3 132
8 0 135 3 133
12 0 140 3 134
12 0 146 3 135
12 0 152 3 136
13 0 119 3 137
13 0 126 3 138
14 0 134 3 139
15 0 172 3 140
19 0 151 3 141
20 0 133 3 142
23 0 172 3 143
25 0 150 3 144
26 0 132 3 145
32 0 131 3 146
71 0 133 3 147
71 0 140 3 148
71 0 146 3 149
71 0 154 3 150
71 0 162 3 151
71 0 169 3 152
79 0 171 3 153
87 0 171 3 154
88 0 133 3 155
94 0 171 3 156
95 0 132 3 157
102 0 171 3 158
103 0 132 3 159
103 0 139 3 160
103 0 146 3 161
103 0 152 3 162
103 0 158 3 163
103 0 165 3 164
103 0 178 3 165
103 0 185 3 166
103 0 192 3 167
104 0 117 3 168
104 0 123 3 169
109 0 132 3 170
111 0 171 3 171
116 0 132 3 172
118 0 171 3 173
124 0 132 3 174
125 0 171 3 175
131 0 132 3 176
131 0 172 3 177
135 0 141 3 178
135 0 149 3 179
135 0 157 3 180
135 0 168 3 181
136 0 133 3 182
136 0 163 3 183
166 0 157 3 184
168 0 132 3 185
172 0 158 3 186
172 0 179 3 187
176 0 133 3 188
178 0 145 3 189
178 0 151 3 190
178 0 157 3 191
179 0 166 3 192
179 0 172 3 193
179 0 179 3 194
181 0 134 3 195
185 0 158 3 196
186 0 133 3 197
189 0 158 3 198
190 0 177 3 199
202 0 125 3 200
202 0 132 3 201
202 0 137 3 202
202 0 145 3 203
202 0 150 3 204
202 0 156 3 205
205 0 173 3 206
206 0 188 3 207
209 0 158 3 208
212 0 142 3 209
212 0 173 3 210
212 0 188 3 211
213 0 124 3 212
216 0 158 3 213
219 0 142 3 214
219 0 174 3 215
219 0 181 3 216
219 0 187 3 217
220 0 154 3 218
220 0 162 3 219
220 0 168 3 220
221 0 124 3 221
221 0 138 3 222
221 0 149 3 223
222 0 132 3 224
224 0 159 3 225
225 0 172 3 226
226 0 142 3 227
227 0 187 3 228
230 0 124 3 229
231 0 172 3 230
232 0 142 3 231
232 0 158 3 232
233 0 188 3 233
236 0 172 3 234
238 0 124 3 235
238 0 132 3 236
238 0 139 3 237
238 0 145 3 238
238 0 188 3 239
239 0 152 3 240
239 0 158 3 241
278 0 180 3 242
282 0 134 3 243
285 0 180 3 244
289 0 134 3 245
291 0 181 3 246
297 0 135 3 247
298 0 181 3 248
304 0 174 3 249
304 0 180 3 250
305 0 147 3 251
305 0 153 3 252
305 0 162 3 253
305 0 168 3 254
306 0 135 3 255
306 0 141 3 256
310 0 181 3 257
314 0 135 3 258
320 0 182 3 259
321 0 136 3 260
328 0 182 3 261
332 0 137 3 262
334 0 182 3 263
374 0 141 3 264
380 0 185 3 265
384 0 141 3 266
384 0 178 3 267
387 0 170 3 268
390 0 163 3 269
392 0 141 3 270
392 0 157 3 271
397 0 149 3 272
403 0 135 3 273
403 0 141 3 274
406 0 129 3 275
410 0 119 3 276
414 0 142 3 277
415 0 175 3 278
421 0 178 3 279
424 0 142 3 280
428 0 183 3 281
433 0 143 3 282
435 0 188 3 283
441 0 144 3 284
477 0 152 3 285
477 0 157 3 286
478 0 145 3 287
480 0 139 3 288
482 0 119 3 289
485 0 180 3 290
486 0 123 3 291
490 0 129 3 292
490 0 138 3 293
494 0 155 3 294
495 0 178 3 295
499 0 138 3 296
503 0 155 3 297
503 0 178 3 298
508 0 196 3 299
509 0 116 3 300
509 0 123 3 301
509 0 128 3 302
510 0 137 3 303
511 0 156 3 304
512 0 171 3 305
513 0 178 3 306
514 0 186 3 307
516 0 166 3 308
516 0 192 3 309
516 0 197 3 310
519 0 158 3 311
520 0 137 3 312
521 0 178 3 313
528 0 129 3 314
529 0 137 3 315
529 0 178 3 316
532 0 124 3 317
535 0 178 3 318
536 0 118 3 319
539 0 137 3 320
540 0 145 3 321
541 0 153 3 322
-49 0 102 3 323
-34 0 102 3 324
-20 0 102 3 325
-6 0 102 3 326
8 0 102 3 327
22 0 102 3 328
36 0 102 3 329
50 0 102 3 330
64 0 102 3 331
78 0 102 3 332
92 0 102 3 333
106 0 102 3 334
120 0 102 3 335
134 0 102 3 336
149 0 102 3 337
163 0 102 3 338
177 0 102 3 339
191 0 102 3 340
205 0 102 3 341
219 0 102 3 342
232 0 102 3 343
246 0 102 3 344
260 0 102 3 345
274 0 102 3 346
288 0 102 3 347
302 0 102 3 348
316 0 102 3 349
331 0 102 3 350
345 0 102 3 351
359 0 102 3 352
373 0 102 3 353
387 0 102 3 354
401 0 102 3 355
415 0 102 3 356
429 0 102 3 357
443 0 102 3 358
457 0 102 3 359
471 0 102 3 360
485 0 102 3 361
499 0 102 3 362
514 0 102 3 363
528 0 102 3 364
542 0 102 3 365
556 0 102 3 366
561 0 112 3 367
561 0 126 3 368
561 0 140 3 369
561 0 154 3 370
561 0 168 3 371
561 0 181 3 372
561 0 195 3 373
561 0 209 3 374
561 0 223 3 375
553 0 231 3 376
539 0 231 3 377
525 0 231 3 378
511 0 231 3 379
497 0 231 3 380
483 0 231 3 381
469 0 231 3 382
455 0 231 3 383
441 0 231 3 384
427 0 231 3 385
413 0 231 3 386
399 0 231 3 387
385 0 231 3 388
370 0 231 3 389
356 0 231 3 390
342 0 231 3 391
328 0 231 3 392
314 0 231 3 393
300 0 231 3 394
286 0 231 3 395
272 0 231 3 396
258 0 231 3 397
244 0 231 3 398
230 0 231 3 399
217 0 231 3 400
203 0 231 3 401
188 0 231 3 402
174 0 231 3 403
160 0 231 3 404
146 0 231 3 405
132 0 231 3 406
118 0 231 3 407
104 0 231 3 408
90 0 231 3 409
76 0 231 3 410
62 0 231 3 411
48 0 231 3 412
34 0 231 3 413
20 0 231 3 414
5 0 231 3 415
-9 0 231 3 416
-23 0 231 3 417
-37 0 231 3 418
-49 0 228 3 419
-49 0 214 3 420
-49 0 200 3 421
-49 0 186 3 422
-49 0 173 3 423
-49 0 159 3 424
-49 0 145 3 425
-49 0 131 3 426
-49 0 117 3 427
