428
81 10 147 3 0
86 10 145 3 1
90 10 211 3 2
90 10 217 3 3
91 10 143 3 4
91 10 193 3 5
91 10 199 3 6
91 10 205 3 7
92 10 187 3 8
93 10 181 3 9
94 10 169 3 10
94 10 175 3 11
95 10 162 3 12
96 10 152 3 13
96 10 157 3 14
97 10 146 3 15
98 10 140 3 16
143 10 164 3 17
143 10 170 3 18
144 10 176 3 19
145 10 159 3 20
145 10 182 3 21
148 10 154 3 22
148 10 187 3 23
152 10 149 3 24
152 10 191 3 25
157 10 144 3 26
158 10 194 3 27
163 10 196 3 28
164 10 142 3 29
168 10 195 3 30
171 10 141 3 31
174 10 192 3 32
177 10 143 3 33
179 10 189 3 34
182 10 145 3 35
184 10 185 3 36
186 10 149 3 37
186 10 217 3 38
187 10 205 3 39
187 10 211 3 40
188 10 199 3 41
189 10 192 3 42
190 10 154 3 43
190 10 178 3 44
190 10 185 3 45
191 10 172 3 46
222 10 155 3 47
222 10 161 3 48
222 10 201 3 49
224 10 149 3 50
224 10 192 3 51
225 10 166 3 52
226 10 210 3 53
229 10 171 3 54
229 10 186 3 55
230 10 144 3 56
232 10 215 3 57
233 10 175 3 58
233 10 181 3 59
236 10 142 3 60
238 10 179 3 61
240 10 216 3 62
243 10 141 3 63
243 10 182 3 64
245 10 174 3 65
248 10 215 3 66
249 10 185 3 67
250 10 142 3 68
251 10 171 3 69
253 10 214 3 70
254 10 189 3 71
256 10 168 3 72
257 10 144 3 73
257 10 209 3 74
259 10 194 3 75
259 10 201 3 76
262 10 148 3 77
262 10 165 3 78
298 10 156 3 79
298 10 197 3 80
299 10 164 3 81
299 10 206 3 82
300 10 150 3 83
300 10 190 3 84
303 10 169 3 85
303 10 212 3 86
304 10 185 3 87
305 10 145 3 88
308 10 173 3 89
308 10 181 3 90
310 10 216 3 91
311 10 142 3 92
313 10 177 3 93
317 10 142 3 94
319 10 173 3 95
319 10 182 3 96
319 10 216 3 97
323 10 142 3 98
325 10 171 3 99
325 10 185 3 100
326 10 214 3 101
330 10 144 3 102
330 10 168 3 103
330 10 190 3 104
331 10 209 3 105
334 10 196 3 106
334 10 203 3 107
335 10 147 3 108
335 10 166 3 109
339 10 164 3 110
-74 0 133 3 111
-67 0 129 3 112
-66 0 171 3 113
-61 0 126 3 114
-61 0 133 3 115
-61 0 141 3 116
-61 0 148 3 117
-61 0 154 3 118
-56 0 171 3 119
-55 0 123 3 120
-50 0 119 3 121
-48 0 171 3 122
-43 0 136 3 123
-43 0 157 3 124
-43 0 163 3 125
-43 0 167 3 126
-43 0 175 3 127
-43 0 180 3 128
-43 0 185 3 129
-43 0 190 3 130
-43 0 195 3 131
-40 0 171 3 132
-37 0 135 3 133
-33 0 140 3 134
-33 0 146 3 135
-33 0 152 3 136
-32 0 119 3 137
-32 0 126 3 138
-31 0 134 3 139
-30 0 172 3 140
-26 0 151 3 141
-25 0 133 3 142
-22 0 172 3 143
-20 0 150 3 144
-19 0 132 3 145
-13 0 131 3 146
26 0 133 3 147
26 0 140 3 148
26 0 146 3 149
26 0 154 3 150
26 0 162 3 151
26 0 169 3 152
34 0 171 3 153
42 0 171 3 154
43 0 133 3 155
49 0 171 3 156
50 0 132 3 157
57 0 171 3 158
58 0 132 3 159
58 0 139 3 160
58 0 146 3 161
58 0 152 3 162
58 0 158 3 163
58 0 165 3 164
58 0 178 3 165
58 0 185 3 166
58 0 192 3 167
59 0 117 3 168
59 0 123 3 169
64 0 132 3 170
66 0 171 3 171
71 0 132 3 172
73 0 171 3 173
79 0 132 3 174
80 0 171 3 175
86 0 132 3 176
86 0 172 3 177
90 0 141 3 178
90 0 149 3 179
90 0 157 3 180
90 0 168 3 181
91 0 133 3 182
91 0 163 3 183
121 0 157 3 184
123 0 132 3 185
127 0 158 3 186
127 0 179 3 187
131 0 133 3 188
133 0 145 3 189
133 0 151 3 190
133 0 157 3 191
134 0 166 3 192
134 0 172 3 193
134 0 179 3 194
136 0 134 3 195
140 0 158 3 196
141 0 133 3 197
144 0 158 3 198
145 0 177 3 199
157 0 125 3 200
157 0 132 3 201
157 0 137 3 202
157 0 145 3 203
157 0 150 3 204
157 0 156 3 205
160 0 173 3 206
161 0 188 3 207
164 0 158 3 208
167 0 142 3 209
167 0 173 3 210
167 0 188 3 211
168 0 124 3 212
171 0 158 3 213
174 0 142 3 214
174 0 174 3 215
174 0 181 3 216
174 0 187 3 217
175 0 154 3 218
175 0 162 3 219
175 0 168 3 220
176 0 124 3 221
176 0 138 3 222
176 0 149 3 223
177 0 132 3 224
179 0 159 3 225
180 0 172 3 226
181 0 142 3 227
182 0 187 3 228
185 0 124 3 229
186 0 172 3 230
187 0 142 3 231
187 0 158 3 232
188 0 188 3 233
191 0 172 3 234
193 0 124 3 235
193 0 132 3 236
193 0 139 3 237
193 0 145 3 238
193 0 188 3 239
194 0 152 3 240
194 0 158 3 241
233 0 180 3 242
237 0 134 3 243
240 0 180 3 244
244 0 134 3 245
246 0 181 3 246
252 0 135 3 247
253 0 181 3 248
259 0 174 3 249
259 0 180 3 250
260 0 147 3 251
260 0 153 3 252
260 0 162 3 253
260 0 168 3 254
261 0 135 3 255
261 0 141 3 256
265 0 181 3 257
269 0 135 3 258
275 0 182 3 259
276 0 136 3 260
283 0 182 3 261
287 0 137 3 262
289 0 182 3 263
329 0 141 3 264
335 0 185 3 265
339 0 141 3 266
339 0 178 3 267
342 0 170 3 268
345 0 163 3 269
347 0 141 3 270
347 0 157 3 271
352 0 149 3 272
358 0 135 3 273
358 0 141 3 274
361 0 129 3 275
365 0 119 3 276
369 0 142 3 277
370 0 175 3 278
376 0 178 3 279
379 0 142 3 280
383 0 183 3 281
388 0 143 3 282
390 0 188 3 283
396 0 144 3 284
432 0 152 3 285
432 0 157 3 286
433 0 145 3 287
435 0 139 3 288
437 0 119 3 289
440 0 180 3 290
441 0 123 3 291
445 0 129 3 292
445 0 138 3 293
449 0 155 3 294
450 0 178 3 295
454 0 138 3 296
458 0 155 3 297
458 0 178 3 298
463 0 196 3 299
464 0 116 3 300
464 0 123 3 301
464 0 128 3 302
465 0 137 3 303
466 0 156 3 304
467 0 171 3 305
468 0 178 3 306
469 0 186 3 307
471 0 166 3 308
471 0 192 3 309
471 0 197 3 310
474 0 158 3 311
475 0 137 3 312
476 0 178 3 313
483 0 129 3 314
484 0 137 3 315
484 0 178 3 316
487 0 124 3 317
490 0 178 3 318
491 0 118 3 319
494 0 137 3 320
495 0 145 3 321
496 0 153 3 322
-94 0 102 3 323
-79 0 102 3 324
-65 0 102 3 325
-51 0 102 3 326
-37 0 102 3 327
-23 0 102 3 328
-9 0 102 3 329
5 0 102 3 330
19 0 102 3 331
33 0 102 3 332
47 0 102 3 333
61 0 102 3 334
75 0 102 3 335
89 0 102 3 336
104 0 102 3 337
118 0 102 3 338
132 0 102 3 339
146 0 102 3 340
160 0 102 3 341
174 0 102 3 342
188 0 102 3 343
202 0 102 3 344
216 0 102 3 345
229 0 102 3 346
243 0 102 3 347
257 0 102 3 348
271 0 102 3 349
286 0 102 3 350
300 0 102 3 351
314 0 102 3 352
328 0 102 3 353
342 0 102 3 354
356 0 102 3 355
370 0 102 3 356
384 0 102 3 357
398 0 102 3 358
412 0 102 3 359
426 0 102 3 360
440 0 102 3 361
454 0 102 3 362
469 0 102 3 363
483 0 102 3 364
497 0 102 3 365
511 0 102 3 366
516 0 112 3 367
516 0 126 3 368
516 0 140 3 369
516 0 154 3 370
516 0 168 3 371
516 0 181 3 372
516 0 195 3 373
516 0 209 3 374
516 0 223 3 375
508 0 231 3 376
494 0 231 3 377
480 0 231 3 378
466 0 231 3 379
452 0 231 3 380
438 0 231 3 381
424 0 231 3 382
410 0 231 3 383
396 0 231 3 384
382 0 231 3 385
368 0 231 3 386
354 0 231 3 387
340 0 231 3 388
325 0 231 3 389
311 0 231 3 390
297 0 231 3 391
283 0 231 3 392
269 0 231 3 393
255 0 231 3 394
241 0 231 3 395
227 0 231 3 396
214 0 231 3 397
200 0 231 3 398
186 0 231 3 399
172 0 231 3 400
158 0 231 3 401
143 0 231 3 402
129 0 231 3 403
115 0 231 3 404
101 0 231 3 405
87 0 231 3 406
73 0 231 3 407
59 0 231 3 408
45 0 231 3 409
31 0 231 3 410
17 0 231 3 411
3 0 231 3 412
-11 0 231 3 413
-25 0 231 3 414
-40 0 231 3 415
-54 0 231 3 416
-68 0 231 3 417
-82 0 231 3 418
-94 0 228 3 419
-94 0 214 3 420
-94 0 200 3 421
-94 0 186 3 422
-94 0 173 3 423
-94 0 159 3 424
-94 0 145 3 425
-94 0 131 3 426
-94 0 117 3 427
