428
79 10 147 3 0
84 10 145 3 1
88 10 211 3 2
88 10 217 3 3
89 10 143 3 4
89 10 193 3 5
89 10 199 3 6
89 10 205 3 7
90 10 187 3 8
91 10 181 3 9
92 10 169 3 10
92 10 175 3 11
93 10 162 3 12
94 10 152 3 13
94 10 157 3 14
95 10 146 3 15
96 10 140 3 16
141 10 164 3 17
141 10 170 3 18
142 10 176 3 19
143 10 159 3 20
143 10 182 3 21
146 10 154 3 22
146 10 187 3 23
150 10 149 3 24
150 10 191 3 25
155 10 144 3 26
156 10 194 3 27
161 10 196 3 28
162 10 142 3 29
166 10 195 3 30
169 10 141 3 31
172 10 192 3 32
175 10 143 3 33
177 10 189 3 34
180 10 145 3 35
182 10 185 3 36
184 10 149 3 37
184 10 217 3 38
185 10 205 3 39
185 10 211 3 40
186 10 199 3 41
187 10 192 3 42
188 10 154 3 43
188 10 178 3 44
188 10 185 3 45
189 10 172 3 46
220 10 155 3 47
220 10 161 3 48
220 10 201 3 49
222 10 149 3 50
222 10 192 3 51
223 10 166 3 52
224 10 210 3 53
227 10 171 3 54
227 10 186 3 55
228 10 144 3 56
230 10 215 3 57
231 10 175 3 58
231 10 181 3 59
234 10 142 3 60
236 10 179 3 61
238 10 216 3 62
241 10 141 3 63
241 10 182 3 64
243 10 174 3 65
246 10 215 3 66
247 10 185 3 67
248 10 142 3 68
249 10 171 3 69
251 10 214 3 70
252 10 189 3 71
254 10 168 3 72
255 10 144 3 73
255 10 209 3 74
257 10 194 3 75
257 10 201 3 76
260 10 148 3 77
260 10 165 3 78
296 10 156 3 79
296 10 197 3 80
297 10 164 3 81
297 10 206 3 82
298 10 150 3 83
298 10 190 3 84
301 10 169 3 85
301 10 212 3 86
302 10 185 3 87
303 10 145 3 88
306 10 173 3 89
306 10 181 3 90
308 10 216 3 91
309 10 142 3 92
311 10 177 3 93
315 10 142 3 94
317 10 173 3 95
317 10 182 3 96
317 10 216 3 97
321 10 142 3 98
323 10 171 3 99
323 10 185 3 100
324 10 214 3 101
328 10 144 3 102
328 10 168 3 103
328 10 190 3 104
329 10 209 3 105
332 10 196 3 106
332 10 203 3 107
333 10 147 3 108
333 10 166 3 109
337 10 164 3 110
-76 0 133 3 111
-69 0 129 3 112
-68 0 171 3 113
-63 0 126 3 114
-63 0 133 3 115
-63 0 141 3 116
-63 0 148 3 117
-63 0 154 3 118
-58 0 171 3 119
-57 0 123 3 120
-52 0 119 3 121
-50 0 171 3 122
-45 0 136 3 123
-45 0 157 3 124
-45 0 163 3 125
-45 0 167 3 126
-45 0 175 3 127
-45 0 180 3 128
-45 0 185 3 129
-45 0 190 3 130
-45 0 195 3 131
-42 0 171 3 132
-39 0 135 3 133
-35 0 140 3 134
-35 0 146 3 135
-35 0 152 3 136
-34 0 119 3 137
-34 0 126 3 138
-33 0 134 3 139
-32 0 172 3 140
-28 0 151 3 141
-27 0 133 3 142
-24 0 172 3 143
-22 0 150 3 144
-21 0 132 3 145
-15 0 131 3 146
24 0 133 3 147
24 0 140 3 148
24 0 146 3 149
24 0 154 3 150
24 0 162 3 151
24 0 169 3 152
32 0 171 3 153
40 0 171 3 154
41 0 133 3 155
47 0 171 3 156
48 0 132 3 157
55 0 171 3 158
56 0 132 3 159
56 0 139 3 160
56 0 146 3 161
56 0 152 3 162
56 0 158 3 163
56 0 165 3 164
56 0 178 3 165
56 0 185 3 166
56 0 192 3 167
57 0 117 3 168
57 0 123 3 169
62 0 132 3 170
64 0 171 3 171
69 0 132 3 172
71 0 171 3 173
77 0 132 3 174
78 0 171 3 175
84 0 132 3 176
84 0 172 3 177
88 0 141 3 178
88 0 149 3 179
88 0 157 3 180
88 0 168 3 181
89 0 133 3 182
89 0 163 3 183
119 0 157 3 184
121 0 132 3 185
125 0 158 3 186
125 0 179 3 187
129 0 133 3 188
131 0 145 3 189
131 0 151 3 190
131 0 157 3 191
132 0 166 3 192
132 0 172 3 193
132 0 179 3 194
134 0 134 3 195
138 0 158 3 196
139 0 133 3 197
142 0 158 3 198
143 0 177 3 199
155 0 125 3 200
155 0 132 3 201
155 0 137 3 202
155 0 145 3 203
155 0 150 3 204
155 0 156 3 205
158 0 173 3 206
159 0 188 3 207
162 0 158 3 208
165 0 142 3 209
165 0 173 3 210
165 0 188 3 211
166 0 124 3 212
169 0 158 3 213
172 0 142 3 214
172 0 174 3 215
172 0 181 3 216
172 0 187 3 217
173 0 154 3 218
173 0 162 3 219
173 0 168 3 220
174 0 124 3 221
174 0 138 3 222
174 0 149 3 223
175 0 132 3 224
177 0 159 3 225
178 0 172 3 226
179 0 142 3 227
180 0 187 3 228
183 0 124 3 229
184 0 172 3 230
185 0 142 3 231
185 0 158 3 232
186 0 188 3 233
189 0 172 3 234
191 0 124 3 235
191 0 132 3 236
191 0 139 3 237
191 0 145 3 238
191 0 188 3 239
192 0 152 3 240
192 0 158 3 241
231 0 180 3 242
235 0 134 3 243
238 0 180 3 244
242 0 134 3 245
244 0 181 3 246
250 0 135 3 247
251 0 181 3 248
257 0 174 3 249
257 0 180 3 250
258 0 147 3 251
258 0 153 3 252
258 0 162 3 253
258 0 168 3 254
259 0 135 3 255
259 0 141 3 256
263 0 181 3 257
267 0 135 3 258
273 0 182 3 259
274 0 136 3 260
281 0 182 3 261
285 0 137 3 262
287 0 182 3 263
327 0 141 3 264
333 0 185 3 265
337 0 141 3 266
337 0 178 3 267
340 0 170 3 268
343 0 163 3 269
345 0 141 3 270
345 0 157 3 271
350 0 149 3 272
356 0 135 3 273
356 0 141 3 274
359 0 129 3 275
363 0 119 3 276
367 0 142 3 277
368 0 175 3 278
374 0 178 3 279
377 0 142 3 280
381 0 183 3 281
386 0 143 3 282
388 0 188 3 283
394 0 144 3 284
430 0 152 3 285
430 0 157 3 286
431 0 145 3 287
433 0 139 3 288
435 0 119 3 289
438 0 180 3 290
439 0 123 3 291
443 0 129 3 292
443 0 138 3 293
447 0 155 3 294
448 0 178 3 295
452 0 138 3 296
456 0 155 3 297
456 0 178 3 298
461 0 196 3 299
462 0 116 3 300
462 0 123 3 301
462 0 128 3 302
463 0 137 3 303
464 0 156 3 304
465 0 171 3 305
466 0 178 3 306
467 0 186 3 307
469 0 166 3 308
469 0 192 3 309
469 0 197 3 310
472 0 158 3 311
473 0 137 3 312
474 0 178 3 313
481 0 129 3 314
482 0 137 3 315
482 0 178 3 316
485 0 124 3 317
488 0 178 3 318
489 0 118 3 319
492 0 137 3 320
493 0 145 3 321
494 0 153 3 322
-96 0 102 3 323
-81 0 102 3 324
-67 0 102 3 325
-53 0 102 3 326
-39 0 102 3 327
-25 0 102 3 328
-11 0 102 3 329
3 0 102 3 330
17 0 102 3 331
31 0 102 3 332
45 0 102 3 333
59 0 102 3 334
73 0 102 3 335
87 0 102 3 336
102 0 102 3 337
116 0 102 3 338
130 0 102 3 339
144 0 102 3 340
158 0 102 3 341
172 0 102 3 342
186 0 102 3 343
200 0 102 3 344
214 0 102 3 345
227 0 102 3 346
241 0 102 3 347
255 0 102 3 348
269 0 102 3 349
284 0 102 3 350
298 0 102 3 351
312 0 102 3 352
326 0 102 3 353
340 0 102 3 354
354 0 102 3 355
368 0 102 3 356
382 0 102 3 357
396 0 102 3 358
410 0 102 3 359
424 0 102 3 360
438 0 102 3 361
452 0 102 3 362
467 0 102 3 363
481 0 102 3 364
495 0 102 3 365
509 0 102 3 366
514 0 112 3 367
514 0 126 3 368
514 0 140 3 369
514 0 154 3 370
514 0 168 3 371
514 0 181 3 372
514 0 195 3 373
514 0 209 3 374
514 0 223 3 375
506 0 231 3 376
492 0 231 3 377
478 0 231 3 378
464 0 231 3 379
450 0 231 3 380
436 0 231 3 381
422 0 231 3 382
408 0 231 3 383
394 0 231 3 384
380 0 231 3 385
366 0 231 3 386
352 0 231 3 387
338 0 231 3 388
323 0 231 3 389
309 0 231 3 390
295 0 231 3 391
281 0 231 3 392
267 0 231 3 393
253 0 231 3 394
239 0 231 3 395
225 0 231 3 396
212 0 231 3 397
198 0 231 3 398
184 0 231 3 399
170 0 231 3 400
156 0 231 3 401
141 0 231 3 402
127 0 231 3 403
113 0 231 3 404
99 0 231 3 405
85 0 231 3 406
71 0 231 3 407
57 0 231 3 408
43 0 231 3 409
29 0 231 3 410
15 0 231 3 411
1 0 231 3 412
-13 0 231 3 413
-27 0 231 3 414
-42 0 231 3 415
-56 0 231 3 416
-70 0 231 3 417
-84 0 231 3 418
-96 0 228 3 419
-96 0 214 3 420
-96 0 200 3 421
-96 0 186 3 422
-96 0 173 3 423
-96 0 159 3 424
-96 0 145 3 425
-96 0 131 3 426
-96 0 117 3 427
