428
85 10 147 3 0
90 10 145 3 1
94 10 211 3 2
94 10 217 3 3
95 10 143 3 4
95 10 193 3 5
95 10 199 3 6
95 10 205 3 7
96 10 187 3 8
97 10 181 3 9
98 10 169 3 10
98 10 175 3 11
99 10 162 3 12
100 10 152 3 13
100 10 157 3 14
101 10 146 3 15
102 10 140 3 16
147 10 164 3 17
147 10 170 3 18
148 10 176 3 19
149 10 159 3 20
149 10 182 3 21
152 10 154 3 22
152 10 187 3 23
156 10 149 3 24
156 10 191 3 25
161 10 144 3 26
162 10 194 3 27
167 10 196 3 28
168 10 142 3 29
172 10 195 3 30
175 10 141 3 31
178 10 192 3 32
181 10 143 3 33
183 10 189 3 34
186 10 145 3 35
188 10 185 3 36
190 10 149 3 37
190 10 217 3 38
191 10 205 3 39
191 10 211 3 40
192 10 199 3 41
193 10 192 3 42
194 10 154 3 43
194 10 178 3 44
194 10 185 3 45
195 10 172 3 46
226 10 155 3 47
226 10 161 3 48
226 10 201 3 49
228 10 149 3 50
228 10 192 3 51
229 10 166 3 52
230 10 210 3 53
233 10 171 3 54
233 10 186 3 55
234 10 144 3 56
236 10 215 3 57
237 10 175 3 58
237 10 181 3 59
240 10 142 3 60
242 10 179 3 61
244 10 216 3 62
247 10 141 3 63
247 10 182 3 64
249 10 174 3 65
252 10 215 3 66
253 10 185 3 67
254 10 142 3 68
255 10 171 3 69
257 10 214 3 70
258 10 189 3 71
260 10 168 3 72
261 10 144 3 73
261 10 209 3 74
263 10 194 3 75
263 10 201 3 76
266 10 148 3 77
266 10 165 3 78
302 10 156 3 79
302 10 197 3 80
303 10 164 3 81
303 10 206 3 82
304 10 150 3 83
304 10 190 3 84
307 10 169 3 85
307 10 212 3 86
308 10 185 3 87
309 10 145 3 88
312 10 173 3 89
312 10 181 3 90
314 10 216 3 91
315 10 142 3 92
317 10 177 3 93
321 10 142 3 94
323 10 173 3 95
323 10 182 3 96
323 10 216 3 97
327 10 142 3 98
329 10 171 3 99
329 10 185 3 100
330 10 214 3 101
334 10 144 3 102
334 10 168 3 103
334 10 190 3 104
335 10 209 3 105
338 10 196 3 106
338 10 203 3 107
339 10 147 3 108
339 10 166 3 109
343 10 164 3 110
-93 0 133 3 111
-86 0 129 3 112
-85 0 171 3 113
-80 0 126 3 114
-80 0 133 3 115
-80 0 141 3 116
-80 0 148 3 117
-80 0 154 3 118
-75 0 171 3 119
-74 0 123 3 120
-69 0 119 3 121
-67 0 171 3 122
-62 0 136 3 123
-62 0 157 3 124
-62 0 163 3 125
-62 0 167 3 126
-62 0 175 3 127
-62 0 180 3 128
-62 0 185 3 129
-62 0 190 3 130
-62 0 195 3 131
-59 0 171 3 132
-56 0 135 3 133
-52 0 140 3 134
-52 0 146 3 135
-52 0 152 3 136
-51 0 119 3 137
-51 0 126 3 138
-50 0 134 3 139
-49 0 172 3 140
-45 0 151 3 141
-44 0 133 3 142
-41 0 172 3 143
-39 0 150 3 144
-38 0 132 3 145
-32 0 131 3 146
7 0 133 3 147
7 0 140 3 148
7 0 146 3 149
7 0 154 3 150
7 0 162 3 151
7 0 169 3 152
15 0 171 3 153
23 0 171 3 154
24 0 133 3 155
30 0 171 3 156
31 0 132 3 157
38 0 171 3 158
39 0 132 3 159
39 0 139 3 160
39 0 146 3 161
39 0 152 3 162
39 0 158 3 163
39 0 165 3 164
39 0 178 3 165
39 0 185 3 166
39 0 192 3 167
40 0 117 3 168
40 0 123 3 169
45 0 132 3 170
47 0 171 3 171
52 0 132 3 172
54 0 171 3 173
60 0 132 3 174
61 0 171 3 175
67 0 132 3 176
67 0 172 3 177
71 0 141 3 178
71 0 149 3 179
71 0 157 3 180
71 0 168 3 181
72 0 133 3 182
72 0 163 3 183
102 0 157 3 184
104 0 132 3 185
108 0 158 3 186
108 0 179 3 187
112 0 133 3 188
114 0 145 3 189
114 0 151 3 190
114 0 157 3 191
115 0 166 3 192
115 0 172 3 193
115 0 179 3 194
117 0 134 3 195
121 0 158 3 196
122 0 133 3 197
125 0 158 3 198
126 0 177 3 199
138 0 125 3 200
138 0 132 3 201
138 0 137 3 202
138 0 145 3 203
138 0 150 3 204
138 0 156 3 205
141 0 173 3 206
142 0 188 3 207
145 0 158 3 208
148 0 142 3 209
148 0 173 3 210
148 0 188 3 211
149 0 124 3 212
152 0 158 3 213
155 0 142 3 214
155 0 174 3 215
155 0 181 3 216
155 0 187 3 217
156 0 154 3 218
156 0 162 3 219
156 0 168 3 220
157 0 124 3 221
157 0 138 3 222
157 0 149 3 223
158 0 132 3 224
160 0 159 3 225
161 0 172 3 226
162 0 142 3 227
163 0 187 3 228
166 0 124 3 229
167 0 172 3 230
168 0 142 3 231
168 0 158 3 232
169 0 188 3 233
172 0 172 3 234
174 0 124 3 235
174 0 132 3 236
174 0 139 3 237
174 0 145 3 238
174 0 188 3 239
175 0 152 3 240
175 0 158 3 241
214 0 180 3 242
218 0 134 3 243
221 0 180 3 244
225 0 134 3 245
227 0 181 3 246
233 0 135 3 247
234 0 181 3 248
240 0 174 3 249
240 0 180 3 250
241 0 147 3 251
241 0 153 3 252
241 0 162 3 253
241 0 168 3 254
242 0 135 3 255
242 0 141 3 256
246 0 181 3 257
250 0 135 3 258
256 0 182 3 259
257 0 136 3 260
264 0 182 3 261
268 0 137 3 262
270 0 182 3 263
310 0 141 3 264
316 0 185 3 265
320 0 141 3 266
320 0 178 3 267
323 0 170 3 268
326 0 163 3 269
328 0 141 3 270
328 0 157 3 271
333 0 149 3 272
339 0 135 3 273
339 0 141 3 274
342 0 129 3 275
346 0 119 3 276
350 0 142 3 277
351 0 175 3 278
357 0 178 3 279
360 0 142 3 280
364 0 183 3 281
369 0 143 3 282
371 0 188 3 283
377 0 144 3 284
413 0 152 3 285
413 0 157 3 286
414 0 145 3 287
416 0 139 3 288
418 0 119 3 289
421 0 180 3 290
422 0 123 3 291
426 0 129 3 292
426 0 138 3 293
430 0 155 3 294
431 0 178 3 295
435 0 138 3 296
439 0 155 3 297
439 0 178 3 298
444 0 196 3 299
445 0 116 3 300
445 0 123 3 301
445 0 128 3 302
446 0 137 3 303
447 0 156 3 304
448 0 171 3 305
449 0 178 3 306
450 0 186 3 307
452 0 166 3 308
452 0 192 3 309
452 0 197 3 310
455 0 158 3 311
456 0 137 3 312
457 0 178 3 313
464 0 129 3 314
465 0 137 3 315
465 0 178 3 316
468 0 124 3 317
471 0 178 3 318
472 0 118 3 319
475 0 137 3 320
476 0 145 3 321
477 0 153 3 322
-90 0 102 3 323
-75 0 102 3 324
-61 0 102 3 325
-47 0 102 3 326
-33 0 102 3 327
-19 0 102 3 328
-5 0 102 3 329
9 0 102 3 330
23 0 102 3 331
37 0 102 3 332
51 0 102 3 333
65 0 102 3 334
79 0 102 3 335
93 0 102 3 336
108 0 102 3 337
122 0 102 3 338
136 0 102 3 339
150 0 102 3 340
164 0 102 3 341
178 0 102 3 342
192 0 102 3 343
206 0 102 3 344
220 0 102 3 345
233 0 102 3 346
247 0 102 3 347
261 0 102 3 348
275 0 102 3 349
290 0 102 3 350
304 0 102 3 351
318 0 102 3 352
332 0 102 3 353
346 0 102 3 354
360 0 102 3 355
374 0 102 3 356
388 0 102 3 357
402 0 102 3 358
416 0 102 3 359
430 0 102 3 360
444 0 102 3 361
458 0 102 3 362
473 0 102 3 363
487 0 102 3 364
501 0 102 3 365
515 0 102 3 366
520 0 112 3 367
520 0 126 3 368
520 0 140 3 369
520 0 154 3 370
520 0 168 3 371
520 0 181 3 372
520 0 195 3 373
520 0 209 3 374
520 0 223 3 375
512 0 231 3 376
498 0 231 3 377
484 0 231 3 378
470 0 231 3 379
456 0 231 3 380
442 0 231 3 381
428 0 231 3 382
414 0 231 3 383
400 0 231 3 384
386 0 231 3 385
372 0 231 3 386
358 0 231 3 387
344 0 231 3 388
329 0 231 3 389
315 0 231 3 390
301 0 231 3 391
287 0 231 3 392
273 0 231 3 393
259 0 231 3 394
245 0 231 3 395
231 0 231 3 396
218 0 231 3 397
204 0 231 3 398
190 0 231 3 399
176 0 231 3 400
162 0 231 3 401
147 0 231 3 402
133 0 231 3 403
119 0 231 3 404
105 0 231 3 405
91 0 231 3 406
77 0 231 3 407
63 0 231 3 408
49 0 231 3 409
35 0 231 3 410
21 0 231 3 411
7 0 231 3 412
-7 0 231 3 413
-21 0 231 3 414
-36 0 231 3 415
-50 0 231 3 416
-64 0 231 3 417
-78 0 231 3 418
-90 0 228 3 419
-90 0 214 3 420
-90 0 200 3 421
-90 0 186 3 422
-90 0 173 3 423
-90 0 159 3 424
-90 0 145 3 425
-90 0 131 3 426
-90 0 117 3 427
