428
59 10 147 3 0
64 10 145 3 1
68 10 211 3 2
68 10 217 3 3
69 10 143 3 4
69 10 193 3 5
69 10 199 3 6
69 10 205 3 7
70 10 187 3 8
71 10 181 3 9
72 10 169 3 10
72 10 175 3 11
73 10 162 3 12
74 10 152 3 13
74 10 157 3 14
75 10 146 3 15
76 10 140 3 16
121 10 164 3 17
121 10 170 3 18
122 10 176 3 19
123 10 159 3 20
123 10 182 3 21
126 10 154 3 22
126 10 187 3 23
130 10 149 3 24
130 10 191 3 25
135 10 144 3 26
136 10 194 3 27
141 10 196 3 28
142 10 142 3 29
146 10 195 3 30
149 10 141 3 31
152 10 192 3 32
155 10 143 3 33
157 10 189 3 34
160 10 145 3 35
162 10 185 3 36
164 10 149 3 37
164 10 217 3 38
165 10 205 3 39
165 10 211 3 40
166 10 199 3 41
167 10 192 3 42
168 10 154 3 43
168 10 178 3 44
168 10 185 3 45
169 10 172 3 46
200 10 155 3 47
200 10 161 3 48
200 10 201 3 49
202 10 149 3 50
202 10 192 3 51
203 10 166 3 52
204 10 210 3 53
207 10 171 3 54
207 10 186 3 55
208 10 144 3 56
210 10 215 3 57
211 10 175 3 58
211 10 181 3 59
214 10 142 3 60
216 10 179 3 61
218 10 216 3 62
221 10 141 3 63
221 10 182 3 64
223 10 174 3 65
226 10 215 3 66
227 10 185 3 67
228 10 142 3 68
229 10 171 3 69
231 10 214 3 70
232 10 189 3 71
234 10 168 3 72
235 10 144 3 73
235 10 209 3 74
237 10 194 3 75
237 10 201 3 76
240 10 148 3 77
240 10 165 3 78
276 10 156 3 79
276 10 197 3 80
277 10 164 3 81
277 10 206 3 82
278 10 150 3 83
278 10 190 3 84
281 10 169 3 85
281 10 212 3 86
282 10 185 3 87
283 10 145 3 88
286 10 173 3 89
286 10 181 3 90
288 10 216 3 91
289 10 142 3 92
291 10 177 3 93
295 10 142 3 94
297 10 173 3 95
297 10 182 3 96
297 10 216 3 97
301 10 142 3 98
303 10 171 3 99
303 10 185 3 100
304 10 214 3 101
308 10 144 3 102
308 10 168 3 103
308 10 190 3 104
309 10 209 3 105
312 10 196 3 106
312 10 203 3 107
313 10 147 3 108
313 10 166 3 109
317 10 164 3 110
-96 0 133 3 111
-89 0 129 3 112
-88 0 171 3 113
-83 0 126 3 114
-83 0 133 3 115
-83 0 141 3 116
-83 0 148 3 117
-83 0 154 3 118
-78 0 171 3 119
-77 0 123 3 120
-72 0 119 3 121
-70 0 171 3 122
-65 0 136 3 123
-65 0 157 3 124
-65 0 163 3 125
-65 0 167 3 126
-65 0 175 3 127
-65 0 180 3 128
-65 0 185 3 129
-65 0 190 3 130
-65 0 195 3 131
-62 0 171 3 132
-59 0 135 3 133
-55 0 140 3 134
-55 0 146 3 135
-55 0 152 3 136
-54 0 119 3 137
-54 0 126 3 138
-53 0 134 3 139
-52 0 172 3 140
-48 0 151 3 141
-47 0 133 3 142
-44 0 172 3 143
-42 0 150 3 144
-41 0 132 3 145
-35 0 131 3 146
4 0 133 3 147
4 0 140 3 148
4 0 146 3 149
4 0 154 3 150
4 0 162 3 151
4 0 169 3 152
12 0 171 3 153
20 0 171 3 154
21 0 133 3 155
27 0 171 3 156
28 0 132 3 157
35 0 171 3 158
36 0 132 3 159
36 0 139 3 160
36 0 146 3 161
36 0 152 3 162
36 0 158 3 163
36 0 165 3 164
36 0 178 3 165
36 0 185 3 166
36 0 192 3 167
37 0 117 3 168
37 0 123 3 169
42 0 132 3 170
44 0 171 3 171
49 0 132 3 172
51 0 171 3 173
57 0 132 3 174
58 0 171 3 175
64 0 132 3 176
64 0 172 3 177
68 0 141 3 178
68 0 149 3 179
68 0 157 3 180
68 0 168 3 181
69 0 133 3 182
69 0 163 3 183
99 0 157 3 184
101 0 132 3 185
105 0 158 3 186
105 0 179 3 187
109 0 133 3 188
111 0 145 3 189
111 0 151 3 190
111 0 157 3 191
112 0 166 3 192
112 0 172 3 193
112 0 179 3 194
114 0 134 3 195
118 0 158 3 196
119 0 133 3 197
122 0 158 3 198
123 0 177 3 199
135 0 125 3 200
135 0 132 3 201
135 0 137 3 202
135 0 145 3 203
135 0 150 3 204
135 0 156 3 205
138 0 173 3 206
139 0 188 3 207
142 0 158 3 208
145 0 142 3 209
145 0 173 3 210
145 0 188 3 211
146 0 124 3 212
149 0 158 3 213
152 0 142 3 214
152 0 174 3 215
152 0 181 3 216
152 0 187 3 217
153 0 154 3 218
153 0 162 3 219
153 0 168 3 220
154 0 124 3 221
154 0 138 3 222
154 0 149 3 223
155 0 132 3 224
157 0 159 3 225
158 0 172 3 226
159 0 142 3 227
160 0 187 3 228
163 0 124 3 229
164 0 172 3 230
165 0 142 3 231
165 0 158 3 232
166 0 188 3 233
169 0 172 3 234
171 0 124 3 235
171 0 132 3 236
171 0 139 3 237
171 0 145 3 238
171 0 188 3 239
172 0 152 3 240
172 0 158 3 241
211 0 180 3 242
215 0 134 3 243
218 0 180 3 244
222 0 134 3 245
224 0 181 3 246
230 0 135 3 247
231 0 181 3 248
237 0 174 3 249
237 0 180 3 250
238 0 147 3 251
238 0 153 3 252
238 0 162 3 253
238 0 168 3 254
239 0 135 3 255
239 0 141 3 256
243 0 181 3 257
247 0 135 3 258
253 0 182 3 259
254 0 136 3 260
261 0 182 3 261
265 0 137 3 262
267 0 182 3 263
307 0 141 3 264
313 0 185 3 265
317 0 141 3 266
317 0 178 3 267
320 0 170 3 268
323 0 163 3 269
325 0 141 3 270
325 0 157 3 271
330 0 149 3 272
336 0 135 3 273
336 0 141 3 274
339 0 129 3 275
343 0 119 3 276
347 0 142 3 277
348 0 175 3 278
354 0 178 3 279
357 0 142 3 280
361 0 183 3 281
366 0 143 3 282
368 0 188 3 283
374 0 144 3 284
410 0 152 3 285
410 0 157 3 286
411 0 145 3 287
413 0 139 3 288
415 0 119 3 289
418 0 180 3 290
419 0 123 3 291
423 0 129 3 292
423 0 138 3 293
427 0 155 3 294
428 0 178 3 295
432 0 138 3 296
436 0 155 3 297
436 0 178 3 298
441 0 196 3 299
442 0 116 3 300
442 0 123 3 301
442 0 128 3 302
443 0 137 3 303
444 0 156 3 304
445 0 171 3 305
446 0 178 3 306
447 0 186 3 307
449 0 166 3 308
449 0 192 3 309
449 0 197 3 310
452 0 158 3 311
453 0 137 3 312
454 0 178 3 313
461 0 129 3 314
462 0 137 3 315
462 0 178 3 316
465 0 124 3 317
468 0 178 3 318
469 0 118 3 319
472 0 137 3 320
473 0 145 3 321
474 0 153 3 322
-116 0 102 3 323
-101 0 102 3 324
-87 0 102 3 325
-73 0 102 3 326
-59 0 102 3 327
-45 0 102 3 328
-31 0 102 3 329
-17 0 102 3 330
-3 0 102 3 331
11 0 102 3 332
25 0 102 3 333
39 0 102 3 334
53 0 102 3 335
67 0 102 3 336
82 0 102 3 337
96 0 102 3 338
110 0 102 3 339
124 0 102 3 340
138 0 102 3 341
152 0 102 3 342
166 0 102 3 343
180 0 102 3 344
194 0 102 3 345
208 0 102 3 346
221 0 102 3 347
235 0 102 3 348
249 0 102 3 349
264 0 102 3 350
278 0 102 3 351
292 0 102 3 352
306 0 102 3 353
320 0 102 3 354
334 0 102 3 355
348 0 102 3 356
362 0 102 3 357
376 0 102 3 358
390 0 102 3 359
404 0 102 3 360
418 0 102 3 361
432 0 102 3 362
447 0 102 3 363
461 0 102 3 364
475 0 102 3 365
489 0 102 3 366
494 0 112 3 367
494 0 126 3 368
494 0 140 3 369
494 0 154 3 370
494 0 168 3 371
494 0 181 3 372
494 0 195 3 373
494 0 209 3 374
494 0 223 3 375
486 0 231 3 376
472 0 231 3 377
458 0 231 3 378
444 0 231 3 379
430 0 231 3 380
416 0 231 3 381
402 0 231 3 382
388 0 231 3 383
374 0 231 3 384
360 0 231 3 385
346 0 231 3 386
332 0 231 3 387
318 0 231 3 388
303 0 231 3 389
289 0 231 3 390
275 0 231 3 391
261 0 231 3 392
247 0 231 3 393
233 0 231 3 394
220 0 231 3 395
206 0 231 3 396
192 0 231 3 397
178 0 231 3 398
164 0 231 3 399
150 0 231 3 400
136 0 231 3 401
121 0 231 3 402
107 0 231 3 403
93 0 231 3 404
79 0 231 3 405
65 0 231 3 406
51 0 231 3 407
37 0 231 3 408
23 0 231 3 409
9 0 231 3 410
-5 0 231 3 411
-19 0 231 3 412
-33 0 231 3 413
-47 0 231 3 414
-62 0 231 3 415
-76 0 231 3 416
-90 0 231 3 417
-104 0 231 3 418
-116 0 228 3 419
-116 0 214 3 420
-116 0 200 3 421
-116 0 186 3 422
-116 0 173 3 423
-116 0 159 3 424
-116 0 145 3 425
-116 0 131 3 426
-116 0 117 3 427
