428
94 8 127 15 0
99 8 122 15 1
105 8 233 2 2
99 8 227 2 3
105 8 120 15 4
107 8 213 2 5
109 8 224 2 6
104 8 221 2 7
105 8 197 15 8
107 8 192 15 9
109 8 183 15 10
106 8 184 15 11
104 8 161 2 12
109 8 135 15 13
109 8 140 15 14
111 8 123 15 15
110 8 123 15 16
152 8 180 15 17
152 8 183 15 18
153 8 193 15 19
154 8 173 15 20
154 8 199 15 21
158 8 134 15 22
158 8 206 15 23
161 8 131 15 24
160 8 203 15 25
168 8 121 15 26
166 8 207 15 27
170 8 209 15 28
174 8 122 15 29
176 8 222 2 30
181 8 121 15 31
182 8 211 15 32
187 8 123 15 33
186 9 193 2 34
191 8 125 15 35
191 10 189 2 36
195 8 125 15 37
193 9 224 2 38
195 8 214 15 39
194 10 218 2 40
196 10 207 2 41
197 8 201 15 42
198 8 160 15 43
197 11 182 2 44
198 8 193 15 45
198 8 177 15 46
226 8 160 15 47
225 11 169 2 48
226 9 208 2 49
227 8 135 15 50
225 8 206 15 51
229 10 172 2 52
227 9 224 2 53
230 10 183 2 54
229 8 202 15 55
233 8 135 2 56
232 9 227 2 57
235 7 185 2 58
232 8 199 15 59
237 8 124 15 60
236 8 200 15 61
241 8 229 15 62
244 8 127 15 63
242 8 199 2 64
244 7 192 2 65
248 8 227 15 66
246 8 209 2 67
249 8 122 15 68
252 8 184 15 69
251 8 230 15 70
256 8 200 15 71
252 8 192 15 72
254 8 118 15 73
261 8 216 15 74
260 8 205 15 75
258 8 214 15 76
264 8 127 15 77
259 8 138 15 78
294 8 133 15 79
293 8 210 15 80
303 8 164 2 81
291 8 221 15 82
299 8 134 15 83
295 8 203 15 84
308 8 172 2 85
294 8 231 2 86
302 8 195 15 87
307 8 141 2 88
307 8 183 15 89
307 8 191 15 90
294 8 242 15 91
310 8 130 15 92
317 8 181 2 93
312 8 124 15 94
321 8 166 2 95
309 8 200 15 96
307 8 239 2 97
319 8 127 15 98
328 8 166 2 99
327 8 191 2 100
320 8 230 2 101
323 8 121 15 102
334 8 167 2 103
313 8 218 2 104
326 8 223 2 105
334 8 204 2 106
331 8 216 2 107
329 8 128 15 108
330 8 149 15 109
329 8 137 15 110
-52 0 112 15 111
-45 0 108 15 112
-45 0 150 15 113
-42 0 109 15 114
-41 0 115 15 115
-44 0 127 15 116
-41 0 130 15 117
-44 0 139 15 118
-43 0 163 15 119
-39 0 111 15 120
-29 0 100 15 121
-29 0 152 15 122
-25 0 120 15 123
-21 0 131 15 124
-21 0 139 15 125
-24 0 148 15 126
-19 0 149 15 127
-23 0 159 15 128
-16 0 154 15 129
-32 0 193 15 130
-19 0 201 2 131
-19 0 150 15 132
-21 0 122 15 133
-14 0 120 15 134
-11 0 122 15 135
-8 0 124 15 136
-14 0 103 15 137
-17 0 114 15 138
-14 0 118 15 139
-21 0 171 15 140
-8 0 134 15 141
-4 0 112 15 142
-2 0 152 15 143
0 0 132 15 144
-2 0 116 15 145
6 0 115 15 146
38 0 122 15 147
41 0 121 15 148
42 0 126 15 149
43 0 133 15 150
41 0 146 15 151
46 0 143 15 152
52 0 148 15 153
51 0 180 2 154
57 0 121 15 155
67 0 146 15 156
64 0 119 15 157
64 0 173 2 158
74 0 113 15 159
73 0 121 15 160
75 0 122 15 161
74 0 134 15 162
73 0 140 15 163
66 0 165 2 164
65 0 180 2 165
64 0 188 2 166
70 0 201 2 167
74 0 99 15 168
76 0 103 15 169
79 0 115 15 170
75 0 167 2 171
83 0 121 15 172
82 0 180 2 173
90 0 120 15 174
88 0 177 2 175
93 0 133 2 176
94 0 175 2 177
98 0 138 2 178
103 0 129 15 179
104 0 136 15 180
98 0 169 2 181
103 0 115 15 182
101 0 155 2 183
128 0 155 2 184
131 0 121 15 185
134 0 149 2 186
135 0 188 15 187
140 0 117 15 188
140 0 143 2 189
141 0 142 2 190
145 0 132 15 191
144 0 183 15 192
142 0 182 15 193
142 0 190 15 194
147 0 109 15 195
148 0 153 2 196
152 0 115 15 197
152 0 147 2 198
153 0 186 15 199
165 0 114 15 200
167 0 111 15 201
166 0 125 15 202
167 0 127 15 203
168 0 130 15 204
165 0 150 2 205
168 0 186 15 206
168 0 198 15 207
172 0 146 2 208
176 0 125 15 209
175 0 193 15 210
175 0 207 15 211
176 0 114 15 212
180 -2 170 2 213
182 0 129 15 214
181 0 181 2 215
183 0 203 15 216
182 0 206 15 217
184 0 136 15 218
185 -2 174 2 219
184 -1 184 2 220
184 0 113 15 221
185 0 123 15 222
185 0 130 15 223
186 0 111 15 224
186 0 164 15 225
190 -2 182 2 226
188 0 138 2 227
190 -1 201 2 228
193 0 114 15 229
194 0 179 15 230
196 0 124 15 231
194 0 163 15 232
196 0 196 15 233
198 0 176 15 234
201 0 111 15 235
200 0 124 2 236
201 0 127 15 237
202 0 140 2 238
200 0 193 15 239
203 0 158 15 240
202 0 163 15 241
234 -1 189 2 242
241 0 132 2 243
239 -1 196 2 244
245 0 118 15 245
249 0 190 15 246
253 0 123 15 247
255 0 192 15 248
261 0 186 15 249
262 0 189 15 250
259 0 123 15 251
261 0 143 2 252
263 0 156 2 253
262 0 180 15 254
265 0 129 2 255
263 0 126 15 256
269 0 189 15 257
273 0 135 2 258
276 0 193 15 259
282 0 138 2 260
285 0 190 15 261
290 0 132 2 262
289 0 192 15 263
326 0 126 15 264
341 0 190 2 265
334 0 123 15 266
344 0 181 2 267
345 0 172 2 268
339 0 143 15 269
341 0 124 15 270
342 0 139 15 271
341 0 122 15 272
349 0 114 15 273
349 0 118 15 274
353 0 110 15 275
364 0 111 15 276
362 0 121 15 277
362 0 154 15 278
366 0 153 15 279
370 0 119 15 280
373 0 158 15 281
383 0 129 15 282
386 0 196 2 283
386 0 123 15 284
421 0 134 15 285
419 0 137 15 286
425 0 131 15 287
422 0 119 15 288
429 0 106 15 289
440 0 181 15 290
437 0 114 15 291
438 0 118 15 292
430 0 115 15 293
439 0 138 15 294
449 0 173 15 295
446 0 124 15 296
443 0 133 15 297
445 0 160 15 298
460 0 202 15 299
453 0 101 15 300
449 0 103 15 301
457 0 118 15 302
451 0 118 15 303
449 0 133 15 304
451 0 148 15 305
450 0 152 15 306
452 0 161 15 307
457 0 146 15 308
447 0 157 15 309
438 0 222 2 310
456 0 132 15 311
461 0 119 15 312
460 0 155 15 313
465 0 105 15 314
467 0 116 15 315
471 0 160 15 316
474 0 107 15 317
482 0 165 15 318
475 0 98 15 319
477 0 116 15 320
480 0 125 15 321
481 0 134 15 322
-74 0 83 15 323
-59 0 86 15 324
-47 0 86 15 325
-36 0 90 15 326
-20 0 89 15 327
-6 0 86 15 328
5 0 91 15 329
20 0 89 15 330
37 0 86 15 331
44 0 95 15 332
61 0 86 15 333
77 0 83 15 334
89 0 87 15 335
100 0 92 15 336
115 0 88 15 337
124 0 103 2 338
139 0 91 15 339
156 0 87 15 340
167 0 93 15 341
182 0 87 15 342
196 0 90 15 343
209 0 89 15 344
220 0 93 15 345
233 0 96 15 346
245 0 91 15 347
261 0 90 15 348
274 0 94 15 349
288 0 96 15 350
297 0 88 15 351
311 0 88 15 352
324 0 88 15 353
341 0 93 15 354
353 0 90 15 355
368 0 93 15 356
376 0 85 15 357
392 0 90 15 358
403 0 87 15 359
418 0 87 15 360
434 0 92 15 361
444 0 87 15 362
457 0 86 15 363
472 0 88 15 364
483 0 86 15 365
500 0 87 15 366
500 0 90 15 367
500 0 107 15 368
497 0 117 15 369
503 0 137 15 370
499 0 146 15 371
494 0 154 15 372
497 0 171 15 373
488 0 237 15 374
503 0 248 15 375
490 0 254 15 376
486 0 246 15 377
451 0 254 15 378
463 0 239 15 379
420 0 254 15 380
414 0 249 2 381
404 0 248 2 382
395 0 246 2 383
385 0 244 2 384
375 0 242 2 385
365 0 240 2 386
355 0 237 2 387
344 0 234 2 388
315 0 251 2 389
315 0 236 2 390
293 0 246 2 391
278 0 243 15 392
269 0 240 15 393
259 0 236 15 394
245 0 238 15 395
229 0 243 15 396
217 -1 238 2 397
205 0 235 15 398
192 0 236 2 399
179 0 247 2 400
165 0 241 15 401
150 0 235 15 402
139 0 236 15 403
129 0 246 2 404
110 0 241 2 405
95 0 236 2 406
87 0 248 2 407
65 0 234 2 408
54 0 236 2 409
44 0 239 2 410
33 0 241 2 411
23 0 243 2 412
13 0 245 2 413
-18 0 235 15 414
-8 0 247 2 415
-22 0 254 15 416
-53 0 242 15 417
-61 0 254 15 418
-74 0 248 15 419
-63 0 240 15 420
-48 0 229 15 421
-74 0 168 15 422
-71 0 150 15 423
-67 0 129 15 424
-71 0 124 15 425
-71 0 111 15 426
-74 0 102 15 427
