428
100 7 112 15 0
106 7 105 15 1
113 7 250 2 2
103 7 235 2 3
112 7 104 15 4
115 7 228 2 5
119 7 243 2 6
111 7 234 2 7
110 7 205 15 8
113 7 200 15 9
116 7 193 15 10
111 7 192 15 11
107 7 161 2 12
115 7 121 15 13
115 7 128 15 14
119 7 106 15 15
116 7 111 15 16
156 7 191 15 17
155 7 193 15 18
156 7 206 15 19
157 7 181 15 20
157 7 211 15 21
162 7 118 15 22
162 7 220 15 23
164 7 117 15 24
163 7 212 15 25
173 7 103 15 26
168 7 217 15 27
173 7 220 15 28
178 7 106 15 29
179 7 242 2 30
185 7 106 15 31
184 7 226 15 32
191 7 107 15 33
187 8 196 2 34
195 7 110 15 35
192 11 192 2 36
199 7 106 15 37
194 8 229 2 38
198 7 221 15 39
196 10 224 2 40
199 10 214 2 41
199 7 207 15 42
200 7 164 15 43
199 12 186 2 44
200 7 199 15 45
201 7 180 15 46
227 7 164 15 47
224 12 174 2 48
226 8 213 2 49
227 7 124 15 50
223 7 217 15 51
229 10 176 2 52
225 8 235 2 53
229 10 193 2 54
227 7 214 15 55
233 7 127 2 56
230 8 237 2 57
234 6 193 2 58
229 7 212 15 59
235 7 111 15 60
232 7 216 15 61
239 7 240 15 62
242 7 116 15 63
239 7 213 2 64
240 6 206 2 65
246 7 237 15 66
240 7 226 2 67
246 7 106 15 68
250 7 194 15 69
247 7 242 15 70
255 7 208 15 71
246 7 210 15 72
250 7 98 15 73
261 7 222 15 74
257 7 214 15 75
255 7 224 15 76
264 7 111 15 77
254 7 117 15 78
289 7 115 15 79
287 7 220 15 80
303 7 164 2 81
283 7 233 15 82
295 7 121 15 83
289 7 213 15 84
309 7 174 2 85
285 7 245 2 86
299 7 202 15 87
307 7 138 2 88
304 7 190 15 89
303 7 199 15 90
280 7 261 15 91
306 7 120 15 92
318 7 184 2 93
306 7 110 15 94
320 7 160 2 95
299 7 214 15 96
295 7 257 2 97
314 7 115 15 98
327 7 163 2 99
326 7 196 2 100
312 7 242 2 101
315 7 105 15 102
334 7 165 2 103
297 7 238 2 104
321 7 234 2 105
332 7 209 2 106
327 7 226 2 107
322 7 113 15 108
325 7 136 15 109
319 7 117 15 110
-39 0 96 15 111
-32 0 92 15 112
-33 0 134 15 113
-31 0 96 15 114
-29 0 101 15 115
-34 0 116 15 116
-30 0 116 15 117
-34 0 128 15 118
-36 0 157 15 119
-30 0 101 15 120
-17 0 85 15 121
-18 0 137 15 122
-15 0 107 15 123
-8 0 112 15 124
-9 0 121 15 125
-13 0 134 15 126
-5 0 129 15 127
-11 0 143 15 128
1 0 131 15 129
-27 0 196 15 130
-5 0 207 2 131
-7 0 134 15 132
-13 0 113 15 133
-3 0 105 15 134
1 0 104 15 135
6 0 103 15 136
-5 0 90 15 137
-9 0 104 15 138
-5 0 105 15 139
-18 0 171 15 140
2 0 122 15 141
8 0 97 15 142
10 0 136 15 143
11 0 119 15 144
8 0 104 15 145
16 0 102 15 146
44 0 114 15 147
49 0 107 15 148
51 0 111 15 149
53 0 118 15 150
49 0 133 15 151
57 0 123 15 152
62 0 132 15 153
54 0 186 2 154
63 0 111 15 155
77 0 127 15 156
70 0 109 15 157
67 0 174 2 158
82 0 98 15 159
81 0 108 15 160
85 0 105 15 161
82 0 121 15 162
81 0 127 15 163
69 0 165 2 164
66 0 182 2 165
66 0 191 2 166
76 0 208 2 167
82 0 86 15 168
85 0 87 15 169
86 0 102 15 170
78 0 164 2 171
89 0 113 15 172
85 0 187 2 173
95 0 111 15 174
91 0 181 2 175
94 0 133 2 176
96 0 177 2 177
101 0 136 2 178
109 0 113 15 179
111 0 120 15 180
101 0 169 2 181
109 0 101 15 182
104 0 149 2 183
129 0 153 2 184
134 0 113 15 185
136 0 142 2 186
137 0 195 15 187
143 0 104 15 188
142 0 142 2 189
144 0 135 2 190
151 0 113 15 191
148 0 197 15 192
145 0 190 15 193
144 0 199 15 194
152 0 91 15 195
151 0 148 2 196
157 0 101 15 197
155 0 138 2 198
155 0 194 15 199
168 0 105 15 200
171 0 95 15 201
169 0 115 15 202
171 0 114 15 203
172 0 114 15 204
168 0 145 2 205
170 0 196 15 206
169 0 206 15 207
175 0 137 2 208
180 0 111 15 209
178 0 208 15 210
177 0 222 15 211
179 0 107 15 212
183 -3 178 2 213
185 0 119 15 214
184 -1 187 2 215
186 0 219 15 216
185 0 220 15 217
188 0 122 15 218
188 -4 181 2 219
187 -1 197 2 220
187 0 104 15 221
188 0 112 15 222
189 0 116 15 223
190 0 95 15 224
189 0 167 15 225
195 -4 189 2 226
191 0 135 2 227
193 -2 211 2 228
195 0 107 15 229
197 0 184 15 230
199 0 111 15 231
196 0 166 15 232
199 0 203 15 233
201 0 179 15 234
203 0 100 15 235
202 0 118 2 236
203 0 117 15 237
205 0 137 2 238
202 0 197 15 239
206 0 162 15 240
204 0 166 15 241
233 -3 196 2 242
241 0 130 2 243
236 -1 209 2 244
243 0 105 15 245
248 0 197 15 246
251 0 114 15 247
254 0 201 15 248
260 0 196 15 249
262 0 195 15 250
255 0 105 15 251
260 0 135 2 252
262 0 151 2 253
260 0 188 15 254
266 0 124 2 255
262 0 115 15 256
269 0 196 15 257
274 0 135 2 258
274 0 201 15 259
283 0 139 2 260
284 0 196 15 261
290 0 129 2 262
286 0 200 15 263
320 0 115 15 264
342 0 194 2 265
327 0 109 15 266
344 0 184 2 267
345 0 173 2 268
331 0 128 15 269
335 0 111 15 270
336 0 126 15 271
330 0 101 15 272
340 0 98 15 273
339 0 100 15 274
345 0 96 15 275
360 0 104 15 276
354 0 105 15 277
354 0 138 15 278
356 0 134 15 279
361 0 103 15 280
362 0 140 15 281
376 0 118 15 282
380 0 202 2 283
376 0 107 15 284
410 0 120 15 285
407 0 122 15 286
416 0 121 15 287
410 0 104 15 288
421 0 96 15 289
438 0 182 15 290
431 0 107 15 291
431 0 109 15 292
416 0 99 15 293
429 0 125 15 294
445 0 168 15 295
437 0 114 15 296
430 0 117 15 297
434 0 146 15 298
454 0 207 15 299
442 0 90 15 300
435 0 88 15 301
449 0 110 15 302
438 0 103 15 303
435 0 115 15 304
437 0 130 15 305
435 0 132 15 306
438 0 143 15 307
445 0 131 15 308
427 0 132 15 309
411 0 241 2 310
439 0 112 15 311
447 0 105 15 312
446 0 138 15 313
449 0 87 15 314
452 0 100 15 315
459 0 146 15 316
462 0 94 15 317
473 0 155 15 318
460 0 84 15 319
463 0 100 15 320
466 0 110 15 321
468 0 120 15 322
-63 0 68 15 323
-47 0 74 15 324
-36 0 74 15 325
-28 0 81 15 326
-11 0 79 15 327
4 0 73 15 328
12 0 83 15 329
29 0 80 15 330
47 0 73 15 331
49 0 90 15 332
68 0 74 15 333
86 0 68 15 334
95 0 75 15 335
104 0 84 15 336
120 0 77 15 337
126 0 104 2 338
141 0 82 15 339
160 0 76 15 340
169 0 87 15 341
186 0 76 15 342
198 0 81 15 343
211 0 78 15 344
220 0 86 15 345
233 0 91 15 346
244 0 83 15 347
261 0 81 15 348
273 0 87 15 349
287 0 91 15 350
293 0 78 15 351
306 0 78 15 352
319 0 77 15 353
337 0 87 15 354
348 0 80 15 355
364 0 86 15 356
366 0 73 15 357
384 0 80 15 358
394 0 75 15 359
408 0 76 15 360
426 0 84 15 361
433 0 75 15 362
446 0 73 15 363
461 0 78 15 364
471 0 74 15 365
488 0 75 15 366
485 0 75 15 367
485 0 93 15 368
481 0 101 15 369
492 0 125 15 370
485 0 130 15 371
475 0 133 15 372
481 0 152 15 373
465 0 257 15 374
492 0 266 15 375
473 0 271 15 376
477 0 258 15 377
427 0 271 15 378
457 0 245 15 379
394 0 271 15 380
392 0 263 2 381
387 0 261 2 382
381 0 257 2 383
375 0 254 2 384
368 0 250 2 385
360 0 246 2 386
353 0 242 2 387
345 0 237 2 388
305 0 266 2 389
314 0 240 2 390
286 0 257 2 391
271 0 252 15 392
265 0 246 15 393
259 0 239 15 394
244 0 243 15 395
227 0 252 15 396
217 -2 244 2 397
207 0 238 15 398
193 0 240 2 399
181 0 258 2 400
167 0 249 15 401
152 0 238 15 402
143 0 241 15 403
136 0 257 2 404
114 0 249 2 405
98 0 241 2 406
95 0 261 2 407
67 0 236 2 408
58 0 241 2 409
50 0 244 2 410
42 0 248 2 411
35 0 252 2 412
28 0 255 2 413
-15 0 238 15 414
12 0 259 2 415
-2 0 271 15 416
-45 0 251 15 417
-48 0 271 15 418
-63 0 263 15 419
-43 0 260 15 420
-17 0 250 15 421
-63 0 154 15 422
-57 0 133 15 423
-50 0 108 15 424
-57 0 109 15 425
-57 0 96 15 426
-63 0 91 15 427
