428
99 7 114 15 0
105 7 108 15 1
111 7 248 2 2
102 7 234 2 3
111 7 106 15 4
114 7 226 2 5
117 7 241 2 6
110 7 232 2 7
110 7 204 15 8
112 7 199 15 9
115 7 192 15 10
110 7 191 15 11
107 7 161 2 12
114 7 123 15 13
114 7 129 15 14
118 7 108 15 15
115 7 112 15 16
155 7 189 15 17
154 7 192 15 18
155 7 204 15 19
157 7 180 15 20
157 7 210 15 21
161 7 120 15 22
162 7 218 15 23
164 7 119 15 24
163 7 211 15 25
173 7 106 15 26
168 7 215 15 27
172 7 218 15 28
177 7 109 15 29
178 7 239 2 30
184 7 108 15 31
184 7 224 15 32
190 7 109 15 33
187 9 196 2 34
195 7 112 15 35
192 11 192 2 36
198 7 109 15 37
194 8 228 2 38
198 7 220 15 39
196 10 223 2 40
198 10 213 2 41
199 7 206 15 42
200 7 163 15 43
199 12 186 2 44
200 7 198 15 45
200 7 180 15 46
227 7 163 15 47
224 12 173 2 48
226 8 212 2 49
227 7 126 15 50
223 7 215 15 51
229 10 176 2 52
225 9 233 2 53
229 10 192 2 54
227 7 213 15 55
233 7 128 2 56
230 8 236 2 57
234 6 192 2 58
230 7 211 15 59
235 7 113 15 60
233 7 213 15 61
239 7 238 15 62
242 7 117 15 63
239 7 211 2 64
241 6 204 2 65
246 7 235 15 66
241 7 224 2 67
247 7 108 15 68
250 7 192 15 69
248 7 240 15 70
255 7 207 15 71
247 7 207 15 72
250 7 101 15 73
261 7 221 15 74
258 7 213 15 75
256 7 223 15 76
264 7 114 15 77
255 7 120 15 78
290 7 118 15 79
288 7 219 15 80
303 7 164 2 81
284 7 231 15 82
295 7 123 15 83
290 7 211 15 84
309 7 173 2 85
286 7 243 2 86
299 7 201 15 87
307 7 138 2 88
304 7 189 15 89
303 7 198 15 90
282 7 258 15 91
307 7 121 15 92
318 7 184 2 93
307 7 112 15 94
320 7 161 2 95
300 7 212 15 96
297 7 254 2 97
315 7 117 15 98
327 7 163 2 99
327 7 195 2 100
313 7 240 2 101
316 7 107 15 102
334 7 165 2 103
300 7 235 2 104
321 7 233 2 105
332 7 209 2 106
327 7 224 2 107
323 7 115 15 108
325 7 138 15 109
321 7 120 15 110
-41 0 98 15 111
-34 0 95 15 112
-35 0 136 15 113
-32 0 98 15 114
-31 0 103 15 115
-35 0 118 15 116
-31 0 118 15 117
-35 0 130 15 118
-37 0 158 15 119
-31 0 102 15 120
-19 0 87 15 121
-20 0 139 15 122
-17 0 109 15 123
-10 0 115 15 124
-10 0 124 15 125
-14 0 136 15 126
-7 0 132 15 127
-13 0 146 15 128
-1 0 135 15 129
-28 0 195 15 130
-7 0 206 2 131
-9 0 136 15 132
-14 0 114 15 133
-5 0 107 15 134
0 0 107 15 135
4 0 106 15 136
-6 0 92 15 137
-11 0 106 15 138
-6 0 107 15 139
-19 0 171 15 140
1 0 124 15 141
6 0 99 15 142
8 0 139 15 143
10 0 120 15 144
6 0 106 15 145
15 0 104 15 146
43 0 115 15 147
48 0 109 15 148
50 0 113 15 149
52 0 120 15 150
48 0 135 15 151
55 0 126 15 152
60 0 134 15 153
54 0 185 2 154
63 0 112 15 155
76 0 129 15 156
70 0 111 15 157
66 0 173 2 158
81 0 100 15 159
79 0 110 15 160
83 0 107 15 161
81 0 123 15 162
80 0 129 15 163
69 0 165 2 164
66 0 182 2 165
66 0 191 2 166
75 0 207 2 167
81 0 88 15 168
83 0 89 15 169
85 0 104 15 170
77 0 165 2 171
88 0 114 15 172
85 0 186 2 173
95 0 112 15 174
90 0 180 2 175
94 0 133 2 176
96 0 177 2 177
100 0 136 2 178
108 0 116 15 179
110 0 122 15 180
100 0 169 2 181
108 0 103 15 182
104 0 150 2 183
129 0 154 2 184
134 0 114 15 185
136 0 143 2 186
137 0 194 15 187
143 0 106 15 188
141 0 142 2 189
143 0 136 2 190
150 0 116 15 191
147 0 195 15 192
144 0 189 15 193
144 0 198 15 194
151 0 93 15 195
150 0 149 2 196
156 0 103 15 197
155 0 140 2 198
155 0 193 15 199
168 0 106 15 200
170 0 97 15 201
168 0 117 15 202
170 0 116 15 203
172 0 116 15 204
168 0 146 2 205
170 0 194 15 206
169 0 205 15 207
174 0 139 2 208
180 0 113 15 209
178 0 206 15 210
177 0 220 15 211
178 0 108 15 212
183 -3 177 2 213
185 0 121 15 214
183 -1 186 2 215
186 0 216 15 216
185 0 218 15 217
188 0 124 15 218
188 -4 180 2 219
187 -1 195 2 220
186 0 106 15 221
187 0 114 15 222
189 0 118 15 223
190 0 97 15 224
188 0 167 15 225
194 -4 188 2 226
190 0 135 2 227
193 -2 210 2 228
195 0 108 15 229
197 0 183 15 230
199 0 113 15 231
196 0 166 15 232
198 0 202 15 233
200 0 179 15 234
203 0 102 15 235
202 0 119 2 236
203 0 118 15 237
205 0 137 2 238
202 0 196 15 239
206 0 161 15 240
204 0 166 15 241
233 -2 195 2 242
241 0 130 2 243
237 -1 207 2 244
243 0 107 15 245
248 0 196 15 246
251 0 115 15 247
254 0 199 15 248
260 0 194 15 249
262 0 195 15 250
255 0 107 15 251
260 0 136 2 252
262 0 152 2 253
260 0 186 15 254
266 0 125 2 255
263 0 117 15 256
269 0 195 15 257
274 0 135 2 258
275 0 200 15 259
283 0 139 2 260
284 0 195 15 261
290 0 129 2 262
286 0 199 15 263
321 0 117 15 264
342 0 194 2 265
328 0 111 15 266
344 0 183 2 267
345 0 173 2 268
332 0 130 15 269
335 0 113 15 270
337 0 127 15 271
331 0 104 15 272
341 0 100 15 273
340 0 103 15 274
346 0 98 15 275
361 0 105 15 276
355 0 107 15 277
355 0 140 15 278
357 0 137 15 279
362 0 105 15 280
364 0 142 15 281
377 0 119 15 282
381 0 201 2 283
377 0 109 15 284
411 0 122 15 285
409 0 124 15 286
418 0 122 15 287
411 0 106 15 288
422 0 98 15 289
438 0 182 15 290
432 0 108 15 291
432 0 110 15 292
418 0 101 15 293
430 0 127 15 294
446 0 169 15 295
439 0 115 15 296
431 0 119 15 297
435 0 148 15 298
455 0 206 15 299
443 0 91 15 300
437 0 90 15 301
450 0 111 15 302
440 0 105 15 303
437 0 118 15 304
439 0 133 15 305
437 0 135 15 306
440 0 145 15 307
447 0 133 15 308
430 0 135 15 309
415 0 238 2 310
442 0 115 15 311
449 0 107 15 312
448 0 140 15 313
451 0 90 15 314
454 0 102 15 315
461 0 148 15 316
464 0 96 15 317
475 0 157 15 318
462 0 86 15 319
465 0 102 15 320
468 0 112 15 321
470 0 122 15 322
-65 0 70 15 323
-49 0 76 15 324
-37 0 76 15 325
-29 0 82 15 326
-12 0 80 15 327
2 0 75 15 328
11 0 84 15 329
28 0 81 15 330
45 0 75 15 331
48 0 91 15 332
67 0 76 15 333
85 0 70 15 334
94 0 77 15 335
104 0 85 15 336
119 0 79 15 337
125 0 104 2 338
141 0 83 15 339
159 0 78 15 340
169 0 87 15 341
185 0 77 15 342
198 0 83 15 343
210 0 80 15 344
220 0 87 15 345
233 0 91 15 346
244 0 84 15 347
261 0 83 15 348
273 0 88 15 349
287 0 92 15 350
294 0 79 15 351
307 0 79 15 352
319 0 79 15 353
338 0 88 15 354
348 0 82 15 355
365 0 87 15 356
368 0 75 15 357
385 0 82 15 358
395 0 77 15 359
409 0 77 15 360
427 0 85 15 361
435 0 77 15 362
447 0 75 15 363
463 0 79 15 364
473 0 76 15 365
490 0 77 15 366
487 0 77 15 367
487 0 95 15 368
483 0 103 15 369
493 0 126 15 370
487 0 132 15 371
477 0 136 15 372
483 0 155 15 373
468 0 254 15 374
493 0 264 15 375
476 0 269 15 376
478 0 256 15 377
430 0 269 15 378
458 0 244 15 379
398 0 269 15 380
395 0 261 2 381
389 0 259 2 382
383 0 256 2 383
376 0 252 2 384
369 0 249 2 385
361 0 245 2 386
353 0 241 2 387
345 0 237 2 388
306 0 264 2 389
314 0 240 2 390
287 0 255 2 391
272 0 251 15 392
266 0 246 15 393
259 0 239 15 394
244 0 242 15 395
227 0 251 15 396
217 -2 243 2 397
206 0 237 15 398
193 0 239 2 399
181 0 257 2 400
167 0 247 15 401
152 0 238 15 402
142 0 240 15 403
135 0 255 2 404
113 0 247 2 405
97 0 240 2 406
94 0 259 2 407
66 0 236 2 408
57 0 240 2 409
49 0 244 2 410
41 0 247 2 411
33 0 251 2 412
26 0 254 2 413
-16 0 237 15 414
9 0 257 2 415
-5 0 269 15 416
-46 0 250 15 417
-50 0 269 15 418
-65 0 261 15 419
-46 0 257 15 420
-21 0 247 15 421
-65 0 156 15 422
-59 0 136 15 423
-52 0 111 15 424
-59 0 111 15 425
-59 0 98 15 426
-65 0 93 15 427
