428
90 9 136 15 0
95 9 133 15 1
100 9 223 2 2
97 9 222 2 3
101 9 131 15 4
102 9 204 2 5
103 9 213 2 6
100 9 214 2 7
101 9 192 15 8
103 9 187 15 9
104 9 177 15 10
103 9 180 15 11
102 9 162 2 12
105 9 143 15 13
105 9 148 15 14
107 9 133 15 15
107 9 131 15 16
150 9 173 15 17
150 9 178 15 18
151 9 185 15 19
152 9 167 15 20
152 9 191 15 21
155 9 143 15 22
156 9 197 15 23
159 9 139 15 24
159 9 197 15 25
165 9 131 15 26
164 9 201 15 27
169 9 203 15 28
171 9 131 15 29
174 9 210 2 30
178 9 130 15 31
180 9 202 15 32
185 9 132 15 33
185 9 191 2 34
189 9 134 15 35
190 10 187 2 36
193 9 136 15 37
192 9 220 2 38
194 9 210 15 39
193 10 215 2 40
195 10 203 2 41
195 9 197 15 42
196 9 157 15 43
196 10 180 2 44
196 9 189 15 45
197 9 175 15 46
226 9 158 15 47
225 10 165 2 48
226 9 204 2 49
227 9 141 15 50
226 9 200 15 51
229 10 170 2 52
228 9 218 2 53
231 10 179 2 54
231 9 195 15 55
233 9 139 2 56
234 9 222 2 57
236 8 181 2 58
234 9 191 15 59
238 9 132 15 60
238 9 190 15 61
242 9 223 15 62
245 9 133 15 63
244 9 191 2 64
246 8 184 2 65
250 9 222 15 66
249 9 198 2 67
251 9 131 15 68
253 9 179 15 69
253 9 222 15 70
257 9 195 15 71
255 9 181 15 72
257 9 130 15 73
261 9 213 15 74
261 9 200 15 75
260 9 208 15 76
265 9 137 15 77
262 9 150 15 78
298 9 143 15 79
297 9 204 15 80
303 9 164 2 81
296 9 214 15 82
301 9 141 15 83
299 9 197 15 84
307 9 171 2 85
300 9 222 2 86
305 9 190 15 87
308 9 143 2 88
309 9 179 15 89
309 9 186 15 90
303 9 230 15 91
312 9 135 15 92
317 9 180 2 93
316 9 132 15 94
322 9 169 2 95
315 9 192 15 96
314 9 229 2 97
323 9 134 15 98
328 9 169 2 99
328 9 188 2 100
324 9 222 2 101
327 9 132 15 102
334 9 167 2 103
322 9 205 2 104
330 9 217 2 105
336 9 200 2 106
334 9 210 2 107
333 9 137 15 108
334 9 157 15 109
335 9 149 15 110
-60 0 121 15 111
-53 0 118 15 112
-53 0 159 15 113
-48 0 117 15 114
-48 0 123 15 115
-49 0 133 15 116
-48 0 138 15 117
-49 0 146 15 118
-47 0 167 15 119
-44 0 116 15 120
-36 0 109 15 121
-35 0 161 15 122
-31 0 127 15 123
-29 0 143 15 124
-29 0 150 15 125
-30 0 157 15 126
-28 0 161 15 127
-30 0 169 15 128
-26 0 168 15 129
-35 0 191 15 130
-28 0 198 2 131
-27 0 160 15 132
-26 0 128 15 133
-20 0 129 15 134
-19 0 133 15 135
-17 0 137 15 136
-20 0 110 15 137
-22 0 119 15 138
-20 0 125 15 139
-23 0 172 15 140
-14 0 142 15 141
-11 0 122 15 142
-9 0 161 15 143
-7 0 140 15 144
-7 0 124 15 145
-1 0 122 15 146
35 0 127 15 147
36 0 130 15 148
37 0 135 15 149
38 0 143 15 150
37 0 153 15 151
39 0 155 15 152
46 0 159 15 153
49 0 176 2 154
53 0 126 15 155
61 0 157 15 156
60 0 125 15 157
63 0 172 2 158
69 0 122 15 159
68 0 129 15 160
70 0 133 15 161
69 0 142 15 162
68 0 148 15 163
65 0 165 2 164
64 0 180 2 165
64 0 187 2 166
67 0 197 2 167
70 0 107 15 168
70 0 112 15 169
74 0 123 15 170
73 0 169 2 171
80 0 126 15 172
80 0 177 2 173
87 0 126 15 174
86 0 175 2 175
92 0 133 2 176
92 0 174 2 177
96 0 140 2 178
99 0 138 15 179
100 0 145 15 180
96 0 169 2 181
100 0 123 15 182
98 0 159 2 183
127 0 156 2 184
130 0 126 15 185
133 0 153 2 186
133 0 184 15 187
138 0 124 15 188
139 0 144 2 189
139 0 146 2 190
142 0 143 15 191
141 0 176 15 192
140 0 178 15 193
140 0 185 15 194
144 0 121 15 195
146 0 155 2 196
149 0 123 15 197
151 0 152 2 198
151 0 182 15 199
164 0 119 15 200
164 0 121 15 201
164 0 130 15 202
165 0 135 15 203
165 0 139 15 204
164 0 153 2 205
166 0 180 15 206
167 0 193 15 207
170 0 152 2 208
174 0 133 15 209
174 0 184 15 210
173 0 198 15 211
174 0 119 15 212
178 -1 165 2 213
181 0 135 15 214
180 0 179 2 215
181 0 193 15 216
181 0 197 15 217
182 0 144 15 218
182 -1 169 2 219
182 0 178 2 220
182 0 118 15 221
183 0 130 15 222
183 0 139 15 223
184 0 120 15 224
185 0 162 15 225
188 -1 178 2 226
187 0 140 2 227
189 0 194 2 228
191 0 119 15 229
193 0 176 15 230
194 0 132 15 231
193 0 161 15 232
194 0 192 15 233
197 0 175 15 234
199 0 117 15 235
199 0 128 2 236
199 0 132 15 237
200 0 143 2 238
199 0 190 15 239
201 0 156 15 240
200 0 161 15 241
235 0 185 2 242
241 0 133 2 243
241 0 189 2 244
246 0 125 15 245
249 0 186 15 246
254 0 129 15 247
256 0 187 15 248
262 0 181 15 249
262 0 185 15 250
261 0 134 15 251
262 0 147 2 252
263 0 159 2 253
262 0 175 15 254
265 0 132 2 255
264 0 133 15 256
269 0 185 15 257
273 0 135 2 258
277 0 188 15 259
281 0 137 2 260
286 0 186 15 261
290 0 135 2 262
290 0 188 15 263
329 0 133 15 264
340 0 188 2 265
338 0 131 15 266
343 0 180 2 267
345 0 171 2 268
343 0 152 15 269
345 0 132 15 270
346 0 147 15 271
347 0 134 15 272
355 0 123 15 273
354 0 128 15 274
358 0 119 15 275
366 0 115 15 276
367 0 130 15 277
367 0 164 15 278
372 0 164 15 279
376 0 130 15 280
379 0 170 15 281
387 0 135 15 282
389 0 192 2 283
392 0 133 15 284
427 0 142 15 285
427 0 146 15 286
430 0 138 15 287
429 0 128 15 288
434 0 112 15 289
442 0 180 15 290
440 0 118 15 291
443 0 123 15 292
438 0 126 15 293
445 0 146 15 294
451 0 175 15 295
451 0 131 15 296
451 0 143 15 297
453 0 168 15 298
463 0 199 15 299
459 0 108 15 300
457 0 112 15 301
462 0 122 15 302
459 0 127 15 303
458 0 143 15 304
460 0 158 15 305
460 0 164 15 306
461 0 173 15 307
465 0 155 15 308
459 0 173 15 309
454 0 211 2 310
465 0 144 15 311
469 0 127 15 312
469 0 166 15 313
474 0 116 15 314
476 0 125 15 315
479 0 168 15 316
482 0 115 15 317
487 0 171 15 318
484 0 107 15 319
486 0 125 15 320
488 0 134 15 321
489 0 143 15 322
-81 0 92 15 323
-66 0 93 15 324
-53 0 94 15 325
-41 0 96 15 326
-26 0 95 15 327
-12 0 93 15 328
0 0 96 15 329
15 0 95 15 330
31 0 93 15 331
41 0 98 15 332
57 0 94 15 333
72 0 92 15 334
85 0 94 15 335
97 0 97 15 336
111 0 94 15 337
123 0 103 2 338
137 0 96 15 339
153 0 94 15 340
166 0 97 15 341
180 0 94 15 342
194 0 96 15 343
208 0 95 15 344
220 0 97 15 345
233 0 99 15 346
246 0 96 15 347
261 0 96 15 348
275 0 98 15 349
289 0 99 15 350
300 0 95 15 351
314 0 95 15 352
328 0 94 15 353
343 0 97 15 354
356 0 95 15 355
371 0 97 15 356
381 0 93 15 357
396 0 95 15 358
409 0 94 15 359
423 0 94 15 360
439 0 97 15 361
450 0 94 15 362
464 0 93 15 363
479 0 95 15 364
491 0 94 15 365
506 0 94 15 366
509 0 100 15 367
509 0 115 15 368
507 0 127 15 369
511 0 145 15 370
508 0 156 15 371
505 0 167 15 372
507 0 181 15 373
502 0 224 15 374
511 0 237 15 375
500 0 244 15 376
492 0 239 15 377
466 0 244 15 378
466 0 235 15 379
436 0 244 15 380
426 0 241 2 381
415 0 240 2 382
403 0 239 2 383
392 0 238 2 384
380 0 237 2 385
368 0 236 2 386
356 0 234 2 387
344 0 233 2 388
322 0 242 2 389
315 0 234 2 390
297 0 239 2 391
282 0 237 15 392
271 0 236 15 393
259 0 233 15 394
245 0 234 15 395
230 0 237 15 396
218 0 235 2 397
205 0 233 15 398
191 0 234 2 399
177 0 239 2 400
163 0 236 15 401
149 0 233 15 402
136 0 234 15 403
125 0 239 2 404
108 0 236 2 405
93 0 234 2 406
83 0 240 2 407
64 0 232 2 408
52 0 234 2 409
40 0 235 2 410
28 0 236 2 411
16 0 237 2 412
4 0 238 2 413
-19 0 233 15 414
-20 0 239 2 415
-34 0 244 15 416
-58 0 237 15 417
-68 0 244 15 418
-81 0 239 15 419
-75 0 229 15 420
-66 0 216 15 421
-81 0 177 15 422
-79 0 160 15 423
-77 0 143 15 424
-79 0 133 15 425
-79 0 120 15 426
-81 0 109 15 427
