428
86 9 146 15 0
91 9 144 15 1
95 9 212 2 2
95 9 217 2 3
96 9 142 15 4
96 9 194 2 5
96 9 200 2 6
96 9 206 2 7
97 9 187 15 8
98 9 181 15 9
99 9 171 15 10
99 9 176 15 11
100 9 162 2 12
101 9 151 15 13
101 9 156 15 14
102 9 145 15 15
103 9 139 15 16
148 9 166 15 17
148 9 172 15 18
149 9 178 15 19
150 9 160 15 20
150 9 183 15 21
153 9 153 15 22
153 9 188 15 23
157 9 148 15 24
157 9 191 15 25
162 9 143 15 26
163 9 194 15 27
168 9 197 15 28
169 9 141 15 29
173 9 196 2 30
176 9 140 15 31
179 9 193 15 32
182 9 142 15 33
184 9 189 2 34
187 9 144 15 35
189 10 185 2 36
191 9 148 15 37
191 9 217 2 38
192 9 205 15 39
192 10 211 2 40
193 10 199 2 41
194 9 192 15 42
195 9 155 15 43
195 10 179 2 44
195 9 185 15 45
196 9 173 15 46
226 9 156 15 47
225 10 162 2 48
226 9 201 2 49
227 9 148 15 50
227 9 193 15 51
229 10 167 2 52
229 9 211 2 53
232 10 172 2 54
232 9 187 15 55
233 9 144 2 56
235 9 215 2 57
236 9 176 2 58
236 9 182 15 59
239 9 141 15 60
241 9 180 15 61
243 9 217 15 62
246 9 140 15 63
246 9 183 2 64
248 9 176 2 65
251 9 215 15 66
252 9 186 2 67
253 9 141 15 68
254 9 172 15 69
256 9 215 15 70
257 9 189 15 71
259 9 170 15 72
260 9 143 15 73
261 9 209 15 74
262 9 194 15 75
262 9 202 15 76
265 9 147 15 77
265 9 163 15 78
301 9 155 15 79
301 9 198 15 80
303 9 164 2 81
302 9 207 15 82
303 9 149 15 83
303 9 190 15 84
307 9 170 2 85
306 9 213 2 86
307 9 185 15 87
308 9 145 2 88
311 9 174 15 89
311 9 181 15 90
312 9 217 15 91
314 9 142 15 92
317 9 178 2 93
320 9 141 15 94
322 9 173 2 95
322 9 183 15 96
321 9 217 2 97
326 9 141 15 98
328 9 171 2 99
328 9 185 2 100
329 9 215 2 101
333 9 143 15 102
334 9 168 2 103
332 9 192 2 104
334 9 210 2 105
337 9 196 2 106
337 9 203 2 107
338 9 146 15 108
338 9 165 15 109
342 9 163 15 110
-68 0 132 15 111
-61 0 128 15 112
-60 0 170 15 113
-55 0 125 15 114
-55 0 132 15 115
-56 0 140 15 116
-55 0 147 15 117
-56 0 153 15 118
-51 0 171 15 119
-50 0 123 15 120
-44 0 118 15 121
-42 0 170 15 122
-38 0 135 15 123
-37 0 156 15 124
-37 0 162 15 125
-37 0 166 15 126
-37 0 174 15 127
-37 0 179 15 128
-37 0 182 15 129
-38 0 190 15 130
-37 0 195 2 131
-34 0 170 15 132
-32 0 135 15 133
-27 0 139 15 134
-27 0 145 15 135
-27 0 150 15 136
-27 0 118 15 137
-27 0 126 15 138
-26 0 133 15 139
-25 0 172 15 140
-20 0 150 15 141
-19 0 132 15 142
-16 0 171 15 143
-14 0 149 15 144
-14 0 131 15 145
-7 0 130 15 146
31 0 133 15 147
31 0 139 15 148
31 0 145 15 149
31 0 153 15 150
31 0 161 15 151
32 0 168 15 152
39 0 170 15 153
47 0 172 2 154
48 0 133 15 155
54 0 170 15 156
55 0 132 15 157
62 0 172 2 158
63 0 131 15 159
63 0 138 15 160
63 0 145 15 161
63 0 151 15 162
63 0 157 15 163
63 0 165 2 164
63 0 179 2 165
63 0 185 2 166
63 0 192 2 167
64 0 116 15 168
64 0 122 15 169
69 0 131 15 170
71 0 171 2 171
76 0 132 15 172
78 0 172 2 173
84 0 132 15 174
85 0 172 2 175
91 0 133 2 176
91 0 173 2 177
95 0 141 2 178
95 0 148 15 179
95 0 156 15 180
95 0 169 2 181
96 0 132 15 182
96 0 163 2 183
126 0 157 2 184
128 0 132 15 185
132 0 158 2 186
132 0 180 15 187
136 0 132 15 188
138 0 145 2 189
138 0 151 2 190
138 0 156 15 191
139 0 168 15 192
139 0 173 15 193
139 0 180 15 194
141 0 133 15 195
145 0 158 2 196
146 0 132 15 197
149 0 158 2 198
150 0 178 15 199
162 0 125 15 200
162 0 131 15 201
162 0 137 15 202
162 0 144 15 203
162 0 149 15 204
162 0 156 2 205
165 0 174 15 206
166 0 188 15 207
169 0 158 2 208
172 0 141 15 209
172 0 175 15 210
172 0 189 15 211
173 0 124 15 212
176 0 159 2 213
179 0 142 15 214
179 0 175 2 215
179 0 182 15 216
179 0 188 15 217
180 0 153 15 218
180 0 163 2 219
180 0 170 2 220
181 0 124 15 221
181 0 137 15 222
181 0 148 15 223
182 0 131 15 224
184 0 160 15 225
185 0 173 2 226
186 0 142 2 227
187 0 188 2 228
190 0 124 15 229
191 0 173 15 230
192 0 141 15 231
192 0 159 15 232
193 0 188 15 233
196 0 173 15 234
198 0 123 15 235
198 0 132 2 236
198 0 139 15 237
198 0 145 2 238
198 0 188 15 239
199 0 153 15 240
199 0 159 15 241
236 0 180 2 242
241 0 134 2 243
243 0 181 2 244
247 0 133 15 245
249 0 181 15 246
255 0 135 15 247
256 0 181 15 248
262 0 175 15 249
262 0 180 15 250
263 0 146 15 251
263 0 153 2 252
263 0 162 2 253
263 0 169 15 254
265 0 135 2 255
264 0 140 15 256
269 0 181 15 257
273 0 135 2 258
278 0 182 15 259
280 0 137 2 260
286 0 182 15 261
290 0 137 2 262
292 0 182 15 263
332 0 140 15 264
339 0 185 2 265
342 0 140 15 266
343 0 179 2 267
345 0 171 2 268
348 0 162 15 269
350 0 140 15 270
350 0 156 15 271
354 0 147 15 272
361 0 134 15 273
361 0 140 15 274
364 0 128 15 275
368 0 119 15 276
372 0 141 15 277
373 0 174 15 278
379 0 177 15 279
382 0 141 15 280
385 0 181 15 281
391 0 142 15 282
393 0 188 2 283
399 0 143 15 284
434 0 151 15 285
434 0 156 15 286
436 0 144 15 287
437 0 138 15 288
440 0 119 15 289
443 0 180 15 290
444 0 123 15 291
448 0 129 15 292
447 0 137 15 293
451 0 154 15 294
453 0 178 15 295
457 0 137 15 296
460 0 154 15 297
460 0 177 15 298
466 0 196 15 299
466 0 115 15 300
466 0 122 15 301
467 0 128 15 302
467 0 136 15 303
468 0 155 15 304
469 0 170 15 305
470 0 177 15 306
471 0 184 15 307
473 0 165 15 308
473 0 189 15 309
472 0 198 2 310
476 0 157 15 311
477 0 136 15 312
478 0 177 15 313
485 0 128 15 314
486 0 136 15 315
486 0 177 15 316
489 0 123 15 317
493 0 178 15 318
493 0 117 15 319
496 0 136 15 320
497 0 144 15 321
498 0 152 15 322
-88 0 101 15 323
-74 0 101 15 324
-60 0 101 15 325
-46 0 102 15 326
-32 0 101 15 327
-18 0 101 15 328
-4 0 102 15 329
10 0 102 15 330
24 0 101 15 331
38 0 102 15 332
52 0 101 15 333
66 0 101 15 334
80 0 101 15 335
94 0 102 15 336
108 0 101 15 337
122 0 103 2 338
136 0 102 15 339
150 0 101 15 340
164 0 102 15 341
178 0 101 15 342
192 0 102 15 343
206 0 101 15 344
220 0 102 15 345
233 0 102 15 346
247 0 102 15 347
261 0 102 15 348
275 0 102 15 349
289 0 102 15 350
303 0 101 15 351
317 0 101 15 352
331 0 101 15 353
346 0 102 15 354
359 0 102 15 355
374 0 102 15 356
387 0 101 15 357
401 0 102 15 358
415 0 101 15 359
429 0 101 15 360
444 0 102 15 361
457 0 101 15 362
471 0 101 15 363
486 0 101 15 364
499 0 101 15 365
514 0 101 15 366
518 0 110 15 367
518 0 125 15 368
518 0 138 15 369
518 0 153 15 370
518 0 167 15 371
518 0 180 15 372
518 0 193 15 373
517 0 211 15 374
518 0 225 15 375
511 0 232 15 376
497 0 232 15 377
482 0 232 15 378
470 0 231 15 379
454 0 232 15 380
440 0 232 2 381
426 0 232 2 382
413 0 232 2 383
399 0 231 2 384
385 0 231 2 385
371 0 231 2 386
357 0 231 2 387
344 0 231 2 388
328 0 232 2 389
315 0 231 2 390
301 0 232 2 391
287 0 231 15 392
273 0 231 15 393
259 0 231 15 394
245 0 231 15 395
231 0 231 15 396
218 0 231 2 397
204 0 231 15 398
190 0 231 2 399
176 0 232 2 400
162 0 231 15 401
148 0 231 15 402
134 0 231 15 403
120 0 232 2 404
106 0 231 2 405
91 0 231 2 406
78 0 232 2 407
63 0 231 2 408
49 0 231 2 409
35 0 231 2 410
22 0 231 2 411
8 0 231 2 412
-6 0 232 2 413
-21 0 231 15 414
-34 0 232 2 415
-48 0 232 15 416
-63 0 231 15 417
-77 0 232 15 418
-88 0 230 15 419
-88 0 216 15 420
-86 0 202 15 421
-88 0 185 15 422
-88 0 171 15 423
-88 0 157 15 424
-88 0 143 15 425
-88 0 129 15 426
-88 0 116 15 427
