428
93 8 128 15 0
99 8 123 15 1
104 8 232 2 2
99 8 227 2 3
105 8 122 15 4
106 8 212 2 5
108 8 223 2 6
104 8 221 2 7
104 8 197 15 8
106 8 191 15 9
108 8 182 15 10
105 8 184 15 11
104 8 162 2 12
108 8 136 15 13
108 8 141 15 14
111 8 124 15 15
110 8 124 15 16
152 8 180 15 17
152 8 183 15 18
152 8 192 15 19
154 8 172 15 20
154 8 198 15 21
158 8 135 15 22
158 8 205 15 23
161 8 132 15 24
160 8 202 15 25
168 8 122 15 26
166 8 206 15 27
170 8 209 15 28
174 8 123 15 29
176 8 220 2 30
181 8 122 15 31
182 8 210 15 32
187 8 124 15 33
185 9 193 2 34
191 8 126 15 35
191 10 189 2 36
195 8 126 15 37
192 9 223 2 38
195 8 214 15 39
194 10 218 2 40
196 10 207 2 41
197 8 200 15 42
197 8 160 15 43
197 11 182 2 44
198 8 192 15 45
198 8 177 15 46
226 8 160 15 47
225 11 168 2 48
226 9 207 2 49
227 8 136 15 50
225 8 205 15 51
229 10 172 2 52
227 9 223 2 53
231 10 183 2 54
229 8 201 15 55
233 8 135 2 56
233 9 227 2 57
235 8 185 2 58
233 8 198 15 59
237 8 125 15 60
236 8 199 15 61
241 8 229 15 62
244 8 127 15 63
242 8 198 2 64
244 8 191 2 65
248 8 227 15 66
246 8 207 2 67
249 8 123 15 68
252 8 183 15 69
251 8 229 15 70
256 8 199 15 71
252 8 191 15 72
255 8 119 15 73
261 8 216 15 74
260 8 205 15 75
258 8 213 15 76
265 8 128 15 77
259 8 139 15 78
295 8 134 15 79
293 8 209 15 80
303 8 164 2 81
292 8 220 15 82
299 8 134 15 83
296 8 202 15 84
308 8 172 2 85
295 8 230 2 86
303 8 194 15 87
308 8 141 2 88
307 8 182 15 89
307 8 191 15 90
295 8 240 15 91
310 8 130 15 92
317 8 181 2 93
313 8 125 15 94
321 8 166 2 95
310 8 199 15 96
307 8 238 2 97
320 8 127 15 98
328 8 167 2 99
327 8 191 2 100
320 8 229 2 101
323 8 123 15 102
334 8 167 2 103
314 8 216 2 104
327 8 223 2 105
334 8 203 2 106
332 8 215 2 107
329 8 129 15 108
331 8 150 15 109
330 8 139 15 110
-53 0 113 15 111
-46 0 109 15 112
-46 0 151 15 113
-42 0 110 15 114
-41 0 116 15 115
-44 0 128 15 116
-42 0 131 15 117
-44 0 140 15 118
-43 0 163 15 119
-39 0 111 15 120
-30 0 101 15 121
-30 0 153 15 122
-26 0 120 15 123
-22 0 133 15 124
-22 0 140 15 125
-24 0 149 15 126
-20 0 150 15 127
-23 0 160 15 128
-17 0 156 15 129
-32 0 193 15 130
-20 0 201 2 131
-20 0 151 15 132
-22 0 123 15 133
-15 0 121 15 134
-12 0 123 15 135
-9 0 126 15 136
-15 0 104 15 137
-18 0 114 15 138
-15 0 119 15 139
-21 0 172 15 140
-8 0 135 15 141
-5 0 113 15 142
-2 0 153 15 143
-1 0 133 15 144
-2 0 117 15 145
5 0 116 15 146
38 0 123 15 147
41 0 122 15 148
42 0 127 15 149
43 0 134 15 150
41 0 146 15 151
45 0 144 15 152
51 0 150 15 153
51 0 180 2 154
56 0 121 15 155
66 0 147 15 156
63 0 120 15 157
64 0 173 2 158
73 0 114 15 159
72 0 122 15 160
75 0 124 15 161
73 0 135 15 162
73 0 141 15 163
66 0 165 2 164
65 0 180 2 165
64 0 188 2 166
70 0 201 2 167
74 0 100 15 168
75 0 104 15 169
78 0 116 15 170
75 0 168 2 171
83 0 122 15 172
82 0 180 2 173
90 0 121 15 174
88 0 177 2 175
93 0 133 2 176
93 0 175 2 177
98 0 139 2 178
102 0 130 15 179
103 0 137 15 180
98 0 169 2 181
103 0 116 15 182
100 0 156 2 183
127 0 155 2 184
131 0 122 15 185
134 0 149 2 186
135 0 187 15 187
140 0 118 15 188
140 0 144 2 189
141 0 142 2 190
145 0 133 15 191
144 0 182 15 192
142 0 182 15 193
141 0 190 15 194
147 0 111 15 195
148 0 153 2 196
152 0 116 15 197
152 0 147 2 198
152 0 186 15 199
165 0 114 15 200
167 0 112 15 201
166 0 125 15 202
167 0 128 15 203
167 0 131 15 204
165 0 150 2 205
168 0 185 15 206
168 0 198 15 207
172 0 147 2 208
176 0 126 15 209
175 0 192 15 210
175 0 206 15 211
176 0 115 15 212
180 -1 169 2 213
182 0 130 15 214
181 0 181 2 215
183 0 201 15 216
182 0 205 15 217
184 0 137 15 218
184 -2 173 2 219
184 -1 184 2 220
184 0 113 15 221
184 0 124 15 222
185 0 131 15 223
186 0 112 15 224
186 0 164 15 225
190 -2 181 2 226
188 0 138 2 227
190 -1 200 2 228
193 0 115 15 229
194 0 179 15 230
196 0 125 15 231
194 0 163 15 232
196 0 196 15 233
198 0 176 15 234
201 0 111 15 235
200 0 125 2 236
201 0 127 15 237
202 0 141 2 238
200 0 193 15 239
203 0 158 15 240
202 0 163 15 241
235 -1 188 2 242
241 0 132 2 243
239 -1 196 2 244
245 0 118 15 245
249 0 190 15 246
253 0 124 15 247
255 0 192 15 248
261 0 186 15 249
262 0 188 15 250
259 0 124 15 251
261 0 143 2 252
263 0 156 2 253
262 0 179 15 254
265 0 129 2 255
263 0 127 15 256
269 0 189 15 257
273 0 135 2 258
276 0 192 15 259
281 0 138 2 260
285 0 190 15 261
290 0 133 2 262
289 0 192 15 263
326 0 127 15 264
340 0 190 2 265
334 0 124 15 266
343 0 181 2 267
345 0 172 2 268
339 0 144 15 269
342 0 125 15 270
342 0 140 15 271
341 0 123 15 272
350 0 115 15 273
349 0 119 15 274
354 0 111 15 275
364 0 111 15 276
362 0 122 15 277
363 0 155 15 278
367 0 154 15 279
371 0 121 15 280
373 0 160 15 281
383 0 129 15 282
386 0 195 2 283
387 0 124 15 284
421 0 135 15 285
420 0 138 15 286
426 0 132 15 287
423 0 120 15 288
430 0 107 15 289
441 0 181 15 290
437 0 114 15 291
439 0 118 15 292
431 0 117 15 293
439 0 139 15 294
449 0 173 15 295
447 0 125 15 296
444 0 134 15 297
446 0 161 15 298
460 0 202 15 299
453 0 102 15 300
450 0 104 15 301
457 0 118 15 302
452 0 119 15 303
450 0 134 15 304
452 0 149 15 305
451 0 153 15 306
453 0 163 15 307
458 0 147 15 308
448 0 159 15 309
440 0 221 2 310
457 0 133 15 311
462 0 120 15 312
461 0 156 15 313
466 0 106 15 314
468 0 117 15 315
472 0 161 15 316
475 0 108 15 317
483 0 166 15 318
476 0 99 15 319
478 0 117 15 320
481 0 126 15 321
482 0 135 15 322
-75 0 84 15 323
-60 0 87 15 324
-47 0 87 15 325
-36 0 91 15 326
-21 0 89 15 327
-7 0 86 15 328
4 0 92 15 329
20 0 90 15 330
36 0 87 15 331
43 0 96 15 332
61 0 87 15 333
77 0 84 15 334
88 0 88 15 335
99 0 92 15 336
114 0 89 15 337
124 0 103 2 338
139 0 91 15 339
155 0 88 15 340
167 0 94 15 341
182 0 88 15 342
195 0 91 15 343
209 0 89 15 344
220 0 93 15 345
233 0 96 15 346
246 0 92 15 347
261 0 91 15 348
274 0 94 15 349
288 0 96 15 350
298 0 89 15 351
311 0 89 15 352
325 0 89 15 353
341 0 94 15 354
353 0 90 15 355
369 0 94 15 356
376 0 86 15 357
392 0 90 15 358
404 0 87 15 359
418 0 88 15 360
435 0 92 15 361
445 0 87 15 362
458 0 87 15 363
473 0 89 15 364
484 0 87 15 365
500 0 87 15 366
501 0 92 15 367
501 0 108 15 368
498 0 119 15 369
504 0 138 15 370
500 0 147 15 371
495 0 155 15 372
498 0 172 15 373
490 0 235 15 374
504 0 247 15 375
491 0 253 15 376
487 0 246 15 377
453 0 253 15 378
463 0 238 15 379
422 0 253 15 380
415 0 248 2 381
405 0 247 2 382
396 0 245 2 383
386 0 243 2 384
376 0 241 2 385
366 0 239 2 386
355 0 237 2 387
344 0 234 2 388
316 0 250 2 389
315 0 236 2 390
293 0 245 2 391
278 0 242 15 392
269 0 239 15 393
259 0 235 15 394
245 0 237 15 395
229 0 242 15 396
217 -1 238 2 397
205 0 235 15 398
192 0 236 2 399
179 0 246 2 400
165 0 240 15 401
150 0 235 15 402
139 0 236 15 403
129 0 245 2 404
110 0 240 2 405
95 0 236 2 406
87 0 247 2 407
65 0 234 2 408
54 0 236 2 409
43 0 238 2 410
32 0 240 2 411
22 0 242 2 412
12 0 244 2 413
-18 0 235 15 414
-10 0 246 2 415
-24 0 253 15 416
-53 0 242 15 417
-62 0 253 15 418
-75 0 247 15 419
-64 0 239 15 420
-50 0 227 15 421
-75 0 169 15 422
-72 0 151 15 423
-68 0 131 15 424
-72 0 125 15 425
-72 0 112 15 426
-75 0 103 15 427
