428
92 8 132 15 0
97 8 128 15 1
102 8 228 2 2
98 8 225 2 3
103 8 126 15 4
104 8 208 2 5
106 8 218 2 6
102 8 217 2 7
103 8 195 15 8
104 8 189 15 9
106 8 180 15 10
104 8 182 15 11
103 8 162 2 12
107 8 139 15 13
107 8 144 15 14
109 8 129 15 15
108 8 127 15 16
151 8 177 15 17
151 8 180 15 18
152 8 189 15 19
153 8 169 15 20
153 8 195 15 21
157 8 139 15 22
157 8 201 15 23
160 8 135 15 24
159 8 200 15 25
167 8 127 15 26
165 8 204 15 27
170 8 206 15 28
173 8 127 15 29
175 8 215 2 30
180 8 126 15 31
181 8 207 15 32
186 8 128 15 33
185 9 192 2 34
190 8 130 15 35
190 10 188 2 36
194 8 131 15 37
192 9 222 2 38
194 8 212 15 39
194 10 216 2 40
195 10 205 2 41
196 8 198 15 42
197 8 159 15 43
197 11 181 2 44
197 8 191 15 45
198 8 176 15 46
226 8 159 15 47
225 11 167 2 48
226 9 206 2 49
227 8 138 15 50
226 8 203 15 51
229 10 171 2 52
227 9 221 2 53
231 10 180 2 54
230 8 198 15 55
233 8 137 2 56
233 9 224 2 57
235 8 183 2 58
233 8 194 15 59
238 8 129 15 60
237 8 195 15 61
241 8 226 15 62
244 8 130 15 63
243 8 195 2 64
245 8 188 2 65
249 8 224 15 66
247 8 203 2 67
250 8 127 15 68
253 8 181 15 69
252 8 226 15 70
256 8 197 15 71
254 8 186 15 72
256 8 124 15 73
261 8 214 15 74
260 8 203 15 75
259 8 211 15 76
265 8 132 15 77
260 8 144 15 78
296 8 139 15 79
295 8 207 15 80
303 8 164 2 81
294 8 217 15 82
300 8 138 15 83
297 8 200 15 84
308 8 171 2 85
297 8 226 2 86
304 8 192 15 87
308 8 142 2 88
308 8 180 15 89
308 8 189 15 90
299 8 235 15 91
311 8 133 15 92
317 8 180 2 93
314 8 128 15 94
321 8 168 2 95
312 8 196 15 96
310 8 233 2 97
321 8 130 15 98
328 8 168 2 99
328 8 189 2 100
322 8 226 2 101
325 8 127 15 102
334 8 167 2 103
318 8 211 2 104
328 8 220 2 105
335 8 202 2 106
333 8 213 2 107
331 8 132 15 108
332 8 153 15 109
332 8 144 15 110
-56 0 117 15 111
-49 0 113 15 112
-49 0 155 15 113
-45 0 113 15 114
-44 0 119 15 115
-47 0 130 15 116
-45 0 134 15 117
-47 0 143 15 118
-45 0 165 15 119
-41 0 114 15 120
-33 0 104 15 121
-33 0 156 15 122
-28 0 124 15 123
-25 0 138 15 124
-25 0 145 15 125
-27 0 153 15 126
-24 0 155 15 127
-26 0 164 15 128
-21 0 162 15 129
-34 0 192 15 130
-24 0 200 2 131
-23 0 155 15 132
-24 0 126 15 133
-18 0 125 15 134
-15 0 128 15 135
-13 0 131 15 136
-18 0 107 15 137
-20 0 117 15 138
-17 0 122 15 139
-22 0 172 15 140
-11 0 139 15 141
-8 0 117 15 142
-5 0 157 15 143
-4 0 137 15 144
-5 0 120 15 145
2 0 119 15 146
36 0 125 15 147
39 0 126 15 148
39 0 131 15 149
40 0 138 15 150
39 0 150 15 151
42 0 149 15 152
49 0 154 15 153
50 0 178 2 154
54 0 124 15 155
64 0 152 15 156
61 0 122 15 157
64 0 172 2 158
71 0 117 15 159
70 0 126 15 160
72 0 128 15 161
71 0 139 15 162
71 0 145 15 163
65 0 165 2 164
64 0 180 2 165
64 0 187 2 166
68 0 199 2 167
72 0 104 15 168
73 0 108 15 169
76 0 119 15 170
74 0 168 2 171
81 0 124 15 172
81 0 179 2 173
89 0 123 15 174
87 0 176 2 175
92 0 133 2 176
93 0 174 2 177
97 0 139 2 178
101 0 134 15 179
102 0 141 15 180
97 0 169 2 181
101 0 119 15 182
99 0 157 2 183
127 0 156 2 184
130 0 124 15 185
133 0 151 2 186
134 0 186 15 187
139 0 121 15 188
139 0 144 2 189
140 0 144 2 190
143 0 138 15 191
143 0 180 15 192
141 0 180 15 193
141 0 187 15 194
146 0 115 15 195
147 0 154 2 196
150 0 119 15 197
151 0 150 2 198
152 0 184 15 199
164 0 116 15 200
166 0 116 15 201
165 0 128 15 202
166 0 132 15 203
166 0 135 15 204
164 0 151 2 205
167 0 183 15 206
167 0 196 15 207
171 0 149 2 208
175 0 129 15 209
174 0 188 15 210
174 0 203 15 211
175 0 117 15 212
179 -1 167 2 213
181 0 132 15 214
181 0 180 2 215
182 0 197 15 216
181 0 201 15 217
183 0 140 15 218
183 -2 171 2 219
183 0 180 2 220
183 0 116 15 221
184 0 127 15 222
184 0 135 15 223
185 0 116 15 224
186 0 163 15 225
189 -2 180 2 226
188 0 139 2 227
189 -1 197 2 228
192 0 117 15 229
193 0 178 15 230
195 0 129 15 231
193 0 162 15 232
195 0 194 15 233
198 0 175 15 234
200 0 114 15 235
200 0 126 2 236
200 0 130 15 237
201 0 142 2 238
200 0 192 15 239
202 0 157 15 240
201 0 162 15 241
235 -1 187 2 242
241 0 132 2 243
240 0 192 2 244
245 0 122 15 245
249 0 188 15 246
253 0 126 15 247
255 0 189 15 248
261 0 183 15 249
262 0 186 15 250
260 0 129 15 251
262 0 145 2 252
263 0 158 2 253
262 0 177 15 254
265 0 131 2 255
264 0 130 15 256
269 0 187 15 257
273 0 135 2 258
277 0 190 15 259
281 0 138 2 260
285 0 188 15 261
290 0 134 2 262
290 0 190 15 263
327 0 130 15 264
340 0 189 2 265
336 0 127 15 266
343 0 180 2 267
345 0 172 2 268
341 0 148 15 269
344 0 128 15 270
344 0 144 15 271
344 0 128 15 272
352 0 119 15 273
352 0 123 15 274
356 0 115 15 275
365 0 113 15 276
364 0 126 15 277
365 0 159 15 278
369 0 159 15 279
373 0 125 15 280
376 0 164 15 281
385 0 132 15 282
388 0 194 2 283
389 0 128 15 284
424 0 138 15 285
423 0 142 15 286
428 0 135 15 287
426 0 124 15 288
432 0 109 15 289
441 0 181 15 290
439 0 116 15 291
441 0 121 15 292
434 0 121 15 293
442 0 142 15 294
450 0 174 15 295
449 0 128 15 296
448 0 139 15 297
449 0 164 15 298
461 0 200 15 299
456 0 105 15 300
453 0 108 15 301
459 0 120 15 302
455 0 123 15 303
454 0 138 15 304
456 0 153 15 305
455 0 158 15 306
457 0 167 15 307
462 0 151 15 308
454 0 166 15 309
447 0 216 2 310
461 0 138 15 311
465 0 123 15 312
465 0 161 15 313
470 0 111 15 314
472 0 121 15 315
475 0 164 15 316
478 0 111 15 317
485 0 168 15 318
480 0 103 15 319
482 0 121 15 320
484 0 130 15 321
486 0 139 15 322
-78 0 87 15 323
-63 0 90 15 324
-50 0 90 15 325
-39 0 93 15 326
-23 0 92 15 327
-9 0 90 15 328
2 0 94 15 329
18 0 93 15 330
33 0 90 15 331
42 0 97 15 332
59 0 90 15 333
74 0 87 15 334
86 0 91 15 335
98 0 94 15 336
113 0 91 15 337
123 0 103 2 338
138 0 94 15 339
154 0 91 15 340
166 0 96 15 341
181 0 91 15 342
195 0 93 15 343
208 0 92 15 344
220 0 95 15 345
233 0 97 15 346
246 0 94 15 347
261 0 93 15 348
274 0 96 15 349
289 0 97 15 350
299 0 92 15 351
313 0 92 15 352
326 0 91 15 353
342 0 96 15 354
355 0 93 15 355
370 0 95 15 356
379 0 90 15 357
394 0 93 15 358
407 0 90 15 359
421 0 91 15 360
437 0 94 15 361
447 0 90 15 362
461 0 90 15 363
476 0 92 15 364
488 0 90 15 365
503 0 90 15 366
504 0 96 15 367
504 0 111 15 368
503 0 123 15 369
507 0 141 15 370
504 0 152 15 371
500 0 161 15 372
503 0 177 15 373
496 0 230 15 374
507 0 242 15 375
495 0 248 15 376
489 0 243 15 377
459 0 248 15 378
464 0 237 15 379
429 0 248 15 380
420 0 245 2 381
410 0 244 2 382
399 0 242 2 383
389 0 241 2 384
378 0 239 2 385
367 0 237 2 386
356 0 236 2 387
344 0 233 2 388
319 0 246 2 389
315 0 235 2 390
295 0 242 2 391
280 0 240 15 392
270 0 237 15 393
259 0 234 15 394
245 0 236 15 395
229 0 240 15 396
218 -1 236 2 397
205 0 234 15 398
191 0 235 2 399
178 0 243 2 400
164 0 238 15 401
149 0 234 15 402
138 0 235 15 403
127 0 242 2 404
109 0 238 2 405
94 0 235 2 406
85 0 244 2 407
65 0 233 2 408
53 0 235 2 409
41 0 237 2 410
30 0 238 2 411
19 0 240 2 412
8 0 241 2 413
-19 0 234 15 414
-15 0 243 2 415
-29 0 248 15 416
-55 0 240 15 417
-65 0 248 15 418
-78 0 243 15 419
-69 0 234 15 420
-58 0 222 15 421
-78 0 173 15 422
-75 0 156 15 423
-72 0 137 15 424
-75 0 129 15 425
-75 0 116 15 426
-78 0 106 15 427
