428
100 6 111 15 0
106 6 104 15 1
113 6 251 2 2
103 6 235 2 3
112 6 103 15 4
115 6 229 2 5
119 6 244 2 6
111 6 234 2 7
111 6 205 15 8
114 6 201 15 9
117 6 194 15 10
111 6 192 15 11
108 6 161 2 12
115 6 121 15 13
115 6 127 15 14
119 6 105 15 15
116 6 110 15 16
156 6 192 15 17
155 6 194 15 18
156 6 206 15 19
157 6 182 15 20
158 6 212 15 21
162 6 117 15 22
162 6 220 15 23
164 6 117 15 24
163 6 213 15 25
174 6 103 15 26
168 6 217 15 27
173 6 220 15 28
178 6 106 15 29
179 6 243 2 30
185 6 105 15 31
185 6 227 15 32
191 6 106 15 33
187 8 196 2 34
195 6 110 15 35
192 11 192 2 36
199 6 105 15 37
194 8 229 2 38
198 6 222 15 39
196 10 224 2 40
199 11 214 2 41
200 6 208 15 42
200 6 164 15 43
200 13 186 2 44
200 6 199 15 45
201 6 180 15 46
227 6 164 15 47
224 12 174 2 48
226 8 213 2 49
227 6 124 15 50
223 6 217 15 51
229 10 176 2 52
225 8 235 2 53
229 10 193 2 54
226 6 215 15 55
233 6 127 2 56
230 8 237 2 57
234 6 194 2 58
229 6 213 15 59
235 6 110 15 60
232 6 216 15 61
239 6 240 15 62
242 6 115 15 63
238 7 213 2 64
240 6 206 2 65
246 6 237 15 66
240 6 227 2 67
246 6 105 15 68
250 6 194 15 69
247 6 242 15 70
255 6 209 15 71
246 6 211 15 72
249 6 97 15 73
261 6 222 15 74
257 6 215 15 75
255 6 225 15 76
264 6 111 15 77
254 6 116 15 78
289 6 115 15 79
286 6 221 15 80
303 6 164 2 81
283 6 233 15 82
295 6 121 15 83
289 6 213 15 84
309 6 174 2 85
284 6 246 2 86
298 6 203 15 87
307 6 137 2 88
304 6 190 15 89
303 6 200 15 90
279 6 262 15 91
306 6 120 15 92
318 6 185 2 93
306 6 110 15 94
320 6 160 2 95
298 6 215 15 96
294 6 257 2 97
314 6 114 15 98
327 6 162 2 99
326 6 196 2 100
312 6 242 2 101
314 6 104 15 102
334 6 165 2 103
297 6 239 2 104
320 6 235 2 105
332 6 210 2 106
326 6 226 2 107
321 6 112 15 108
324 6 135 15 109
319 6 116 15 110
-38 0 95 15 111
-31 0 92 15 112
-33 0 133 15 113
-30 0 95 15 114
-28 0 100 15 115
-34 0 116 15 116
-29 0 115 15 117
-34 0 128 15 118
-36 0 156 15 119
-29 0 101 15 120
-17 0 84 15 121
-18 0 136 15 122
-15 0 107 15 123
-7 0 111 15 124
-8 0 120 15 125
-12 0 134 15 126
-4 0 128 15 127
-10 0 143 15 128
2 0 130 15 129
-27 0 196 15 130
-5 0 207 2 131
-7 0 133 15 132
-13 0 112 15 133
-3 0 104 15 134
2 0 103 15 135
7 0 102 15 136
-4 0 90 15 137
-9 0 104 15 138
-4 0 105 15 139
-18 0 171 15 140
3 0 121 15 141
8 0 96 15 142
11 0 136 15 143
12 0 118 15 144
8 0 104 15 145
17 0 102 15 146
44 0 114 15 147
49 0 106 15 148
51 0 111 15 149
53 0 117 15 150
50 0 133 15 151
57 0 122 15 152
62 0 131 15 153
54 0 186 2 154
64 0 111 15 155
78 0 126 15 156
71 0 109 15 157
67 0 174 2 158
82 0 97 15 159
81 0 107 15 160
85 0 104 15 161
82 0 120 15 162
82 0 126 15 163
69 0 165 2 164
66 0 182 2 165
66 0 191 2 166
76 0 208 2 167
83 0 85 15 168
85 0 86 15 169
87 0 102 15 170
78 0 164 2 171
89 0 112 15 172
86 0 187 2 173
96 0 110 15 174
91 0 181 2 175
94 0 133 2 176
96 0 177 2 177
101 0 136 2 178
109 0 113 15 179
111 0 119 15 180
101 0 169 2 181
109 0 100 15 182
105 0 149 2 183
129 0 153 2 184
134 0 112 15 185
136 0 141 2 186
138 0 195 15 187
143 0 104 15 188
142 0 142 2 189
144 0 135 2 190
151 0 112 15 191
148 0 197 15 192
145 0 191 15 193
144 0 199 15 194
152 0 90 15 195
151 0 148 2 196
157 0 100 15 197
155 0 138 2 198
155 0 194 15 199
168 0 104 15 200
171 0 94 15 201
169 0 115 15 202
171 0 113 15 203
172 0 113 15 204
168 0 145 2 205
171 0 196 15 206
169 0 207 15 207
175 0 137 2 208
180 0 111 15 209
178 0 209 15 210
178 0 223 15 211
179 0 106 15 212
183 -3 178 2 213
185 0 119 15 214
184 -1 187 2 215
187 0 219 15 216
185 0 221 15 217
188 0 121 15 218
189 -5 181 2 219
187 -1 197 2 220
187 0 104 15 221
188 0 112 15 222
189 0 115 15 223
190 0 94 15 224
189 0 167 15 225
195 -4 189 2 226
191 0 134 2 227
193 -2 212 2 228
196 0 106 15 229
197 0 184 15 230
199 0 110 15 231
196 0 167 15 232
199 0 203 15 233
201 0 179 15 234
204 0 100 15 235
202 0 118 2 236
204 0 117 15 237
206 0 136 2 238
202 0 197 15 239
206 0 162 15 240
205 0 166 15 241
233 -3 196 2 242
241 0 130 2 243
236 -2 209 2 244
243 0 105 15 245
248 0 198 15 246
251 0 113 15 247
253 0 201 15 248
259 0 196 15 249
262 0 196 15 250
255 0 104 15 251
260 0 134 2 252
262 0 151 2 253
260 0 188 15 254
266 0 124 2 255
262 0 115 15 256
269 0 196 15 257
274 0 135 2 258
274 0 201 15 259
283 0 140 2 260
283 0 197 15 261
290 0 128 2 262
286 0 201 15 263
320 0 115 15 264
342 0 194 2 265
327 0 108 15 266
344 0 184 2 267
345 0 173 2 268
331 0 127 15 269
334 0 111 15 270
335 0 125 15 271
329 0 100 15 272
340 0 97 15 273
339 0 99 15 274
345 0 95 15 275
360 0 104 15 276
353 0 104 15 277
354 0 137 15 278
355 0 133 15 279
360 0 102 15 280
362 0 139 15 281
376 0 117 15 282
380 0 202 2 283
375 0 106 15 284
409 0 120 15 285
407 0 121 15 286
416 0 120 15 287
409 0 103 15 288
421 0 96 15 289
438 0 182 15 290
431 0 107 15 291
430 0 109 15 292
416 0 98 15 293
428 0 125 15 294
445 0 168 15 295
437 0 113 15 296
429 0 116 15 297
433 0 145 15 298
454 0 207 15 299
441 0 89 15 300
434 0 87 15 301
449 0 109 15 302
437 0 103 15 303
434 0 114 15 304
436 0 129 15 305
434 0 131 15 306
437 0 142 15 307
444 0 131 15 308
426 0 130 15 309
410 0 242 2 310
439 0 111 15 311
447 0 104 15 312
446 0 137 15 313
448 0 86 15 314
451 0 99 15 315
459 0 145 15 316
462 0 94 15 317
473 0 155 15 318
460 0 83 15 319
462 0 99 15 320
465 0 109 15 321
467 0 119 15 322
-63 0 67 15 323
-47 0 73 15 324
-35 0 74 15 325
-27 0 81 15 326
-10 0 78 15 327
4 0 73 15 328
12 0 82 15 329
29 0 79 15 330
47 0 73 15 331
49 0 90 15 332
69 0 74 15 333
86 0 67 15 334
96 0 75 15 335
105 0 83 15 336
120 0 77 15 337
126 0 104 2 338
141 0 82 15 339
160 0 76 15 340
169 0 86 15 341
186 0 75 15 342
198 0 81 15 343
211 0 78 15 344
220 0 86 15 345
233 0 90 15 346
244 0 82 15 347
261 0 81 15 348
272 0 87 15 349
287 0 91 15 350
293 0 77 15 351
306 0 77 15 352
318 0 77 15 353
337 0 86 15 354
347 0 80 15 355
364 0 86 15 356
366 0 72 15 357
384 0 80 15 358
394 0 74 15 359
408 0 75 15 360
426 0 83 15 361
433 0 74 15 362
445 0 73 15 363
461 0 77 15 364
470 0 74 15 365
488 0 74 15 366
484 0 74 15 367
484 0 92 15 368
480 0 100 15 369
491 0 124 15 370
484 0 129 15 371
474 0 132 15 372
480 0 151 15 373
464 0 257 15 374
491 0 267 15 375
473 0 272 15 376
476 0 259 15 377
426 0 272 15 378
457 0 245 15 379
393 0 272 15 380
391 0 264 2 381
386 0 261 2 382
380 0 258 2 383
374 0 254 2 384
367 0 251 2 385
360 0 247 2 386
353 0 242 2 387
345 0 237 2 388
304 0 267 2 389
314 0 240 2 390
286 0 257 2 391
270 0 253 15 392
265 0 247 15 393
259 0 240 15 394
244 0 243 15 395
227 0 252 15 396
217 -2 244 2 397
207 0 238 15 398
193 0 240 2 399
181 0 259 2 400
167 0 249 15 401
152 0 239 15 402
143 0 241 15 403
137 0 257 2 404
114 0 249 2 405
98 0 241 2 406
95 0 262 2 407
67 0 236 2 408
58 0 241 2 409
50 0 245 2 410
42 0 249 2 411
35 0 253 2 412
29 0 256 2 413
-15 0 238 15 414
13 0 259 2 415
-1 0 272 15 416
-45 0 252 15 417
-48 0 272 15 418
-63 0 264 15 419
-42 0 261 15 420
-15 0 251 15 421
-63 0 154 15 422
-57 0 133 15 423
-49 0 107 15 424
-57 0 108 15 425
-57 0 96 15 426
-63 0 91 15 427
