428
98 7 117 15 0
104 7 111 15 1
110 7 245 2 2
102 7 232 2 3
110 7 109 15 4
112 7 223 2 5
115 7 237 2 6
109 7 230 2 7
109 7 202 15 8
111 7 198 15 9
114 7 190 15 10
109 7 189 15 11
106 7 161 2 12
113 7 126 15 13
113 7 132 15 14
116 7 111 15 15
114 7 115 15 16
155 7 187 15 17
154 7 190 15 18
155 7 202 15 19
156 7 179 15 20
156 7 207 15 21
160 7 123 15 22
161 7 215 15 23
163 7 122 15 24
162 7 209 15 25
172 7 109 15 26
167 7 213 15 27
172 7 216 15 28
176 7 111 15 29
178 7 235 2 30
183 7 111 15 31
184 7 221 15 32
190 7 112 15 33
187 9 195 2 34
194 7 115 15 35
192 11 191 2 36
198 7 112 15 37
194 8 227 2 38
197 7 219 15 39
195 10 222 2 40
198 10 212 2 41
199 7 205 15 42
199 7 162 15 43
199 12 185 2 44
199 7 197 15 45
200 7 180 15 46
227 7 163 15 47
225 12 172 2 48
226 8 211 2 49
227 7 128 15 50
224 7 213 15 51
229 10 175 2 52
225 9 231 2 53
229 10 190 2 54
227 7 210 15 55
233 7 130 2 56
231 8 234 2 57
234 6 191 2 58
230 7 208 15 59
236 7 115 15 60
233 7 210 15 61
239 7 236 15 62
242 7 119 15 63
240 7 208 2 64
241 6 201 2 65
247 7 234 15 66
242 7 221 2 67
247 7 111 15 68
251 7 191 15 69
248 7 238 15 70
255 7 206 15 71
248 7 204 15 72
251 7 104 15 73
261 7 220 15 74
258 7 211 15 75
256 7 221 15 76
264 7 117 15 77
256 7 124 15 78
291 7 121 15 79
289 7 217 15 80
303 7 164 2 81
286 7 229 15 82
296 7 125 15 83
291 7 210 15 84
309 7 173 2 85
288 7 240 2 86
300 7 200 15 87
307 7 139 2 88
305 7 188 15 89
304 7 197 15 90
285 7 255 15 91
307 7 123 15 92
318 7 183 2 93
308 7 115 15 94
320 7 162 2 95
302 7 210 15 96
299 7 251 2 97
316 7 119 15 98
327 7 164 2 99
327 7 194 2 100
315 7 238 2 101
317 7 110 15 102
334 7 166 2 103
302 7 232 2 104
322 7 231 2 105
333 7 208 2 106
328 7 222 2 107
324 7 118 15 108
326 7 140 15 109
322 7 124 15 110
-43 0 101 15 111
-36 0 98 15 112
-37 0 139 15 113
-34 0 100 15 114
-33 0 105 15 115
-37 0 120 15 116
-33 0 120 15 117
-37 0 132 15 118
-38 0 159 15 119
-33 0 104 15 120
-21 0 90 15 121
-22 0 142 15 122
-19 0 111 15 123
-12 0 118 15 124
-13 0 127 15 125
-16 0 139 15 126
-9 0 135 15 127
-15 0 149 15 128
-4 0 139 15 129
-29 0 195 15 130
-10 0 205 2 131
-11 0 139 15 132
-16 0 116 15 133
-7 0 110 15 134
-3 0 110 15 135
2 0 110 15 136
-8 0 94 15 137
-12 0 107 15 138
-8 0 109 15 139
-19 0 171 15 140
-1 0 126 15 141
4 0 102 15 142
6 0 141 15 143
8 0 123 15 144
5 0 108 15 145
13 0 106 15 146
42 0 117 15 147
46 0 111 15 148
48 0 116 15 149
50 0 123 15 150
47 0 137 15 151
53 0 129 15 152
58 0 137 15 153
53 0 184 2 154
61 0 114 15 155
74 0 133 15 156
68 0 112 15 157
66 0 173 2 158
79 0 103 15 159
78 0 112 15 160
82 0 110 15 161
79 0 125 15 162
79 0 131 15 163
68 0 165 2 164
66 0 181 2 165
65 0 190 2 166
74 0 206 2 167
80 0 90 15 168
82 0 92 15 169
84 0 106 15 170
77 0 165 2 171
87 0 115 15 172
84 0 185 2 173
94 0 114 15 174
90 0 180 2 175
94 0 133 2 176
95 0 176 2 177
100 0 137 2 178
107 0 118 15 179
109 0 125 15 180
100 0 169 2 181
107 0 105 15 182
103 0 151 2 183
129 0 154 2 184
133 0 115 15 185
135 0 144 2 186
137 0 193 15 187
142 0 108 15 188
141 0 142 2 189
143 0 137 2 190
149 0 119 15 191
146 0 192 15 192
144 0 188 15 193
143 0 196 15 194
150 0 97 15 195
150 0 150 2 196
155 0 105 15 197
154 0 141 2 198
154 0 191 15 199
167 0 108 15 200
169 0 100 15 201
168 0 118 15 202
170 0 118 15 203
171 0 119 15 204
167 0 147 2 205
170 0 192 15 206
169 0 204 15 207
174 0 140 2 208
179 0 116 15 209
177 0 203 15 210
177 0 217 15 211
178 0 109 15 212
182 -3 175 2 213
184 0 123 15 214
183 0 185 2 215
185 0 213 15 216
184 0 216 15 217
187 0 126 15 218
187 -4 179 2 219
186 -1 193 2 220
186 0 107 15 221
187 0 116 15 222
188 0 121 15 223
189 0 100 15 224
188 0 166 15 225
193 -3 187 2 226
190 0 136 2 227
192 -2 208 2 228
195 0 109 15 229
196 0 182 15 230
198 0 115 15 231
195 0 165 15 232
198 0 201 15 233
200 0 178 15 234
203 0 104 15 235
202 0 120 2 236
203 0 120 15 237
204 0 138 2 238
202 0 195 15 239
205 0 161 15 240
204 0 165 15 241
233 -2 194 2 242
241 0 130 2 243
237 -1 205 2 244
243 0 109 15 245
248 0 195 15 246
251 0 117 15 247
254 0 198 15 248
260 0 193 15 249
262 0 193 15 250
256 0 110 15 251
260 0 137 2 252
262 0 153 2 253
261 0 185 15 254
266 0 126 2 255
263 0 119 15 256
269 0 194 15 257
274 0 135 2 258
275 0 198 15 259
283 0 139 2 260
284 0 194 15 261
290 0 130 2 262
287 0 198 15 263
322 0 119 15 264
342 0 193 2 265
329 0 113 15 266
344 0 183 2 267
345 0 173 2 268
334 0 133 15 269
337 0 115 15 270
338 0 130 15 271
333 0 108 15 272
343 0 103 15 273
342 0 106 15 274
348 0 100 15 275
361 0 106 15 276
356 0 110 15 277
357 0 143 15 278
359 0 140 15 279
364 0 108 15 280
366 0 146 15 281
378 0 121 15 282
382 0 200 2 283
379 0 112 15 284
413 0 125 15 285
411 0 127 15 286
419 0 124 15 287
414 0 109 15 288
424 0 99 15 289
439 0 182 15 290
433 0 109 15 291
433 0 112 15 292
421 0 104 15 293
432 0 129 15 294
446 0 170 15 295
440 0 117 15 296
434 0 122 15 297
437 0 150 15 298
456 0 205 15 299
445 0 93 15 300
439 0 93 15 301
452 0 112 15 302
442 0 108 15 303
439 0 121 15 304
442 0 136 15 305
440 0 138 15 306
442 0 149 15 307
449 0 136 15 308
433 0 140 15 309
420 0 235 2 310
445 0 119 15 311
452 0 109 15 312
451 0 143 15 313
454 0 93 15 314
457 0 105 15 315
463 0 150 15 316
466 0 98 15 317
476 0 158 15 318
465 0 88 15 319
467 0 105 15 320
470 0 115 15 321
472 0 124 15 322
-67 0 73 15 323
-51 0 78 15 324
-39 0 78 15 325
-30 0 84 15 326
-14 0 82 15 327
1 0 77 15 328
10 0 85 15 329
26 0 83 15 330
43 0 77 15 331
47 0 91 15 332
66 0 78 15 333
83 0 73 15 334
93 0 79 15 335
103 0 86 15 336
118 0 81 15 337
125 0 104 2 338
141 0 85 15 339
158 0 80 15 340
169 0 89 15 341
184 0 79 15 342
197 0 84 15 343
210 0 82 15 344
220 0 88 15 345
233 0 92 15 346
245 0 85 15 347
261 0 84 15 348
273 0 89 15 349
288 0 93 15 350
294 0 81 15 351
307 0 81 15 352
320 0 81 15 353
339 0 89 15 354
349 0 83 15 355
365 0 88 15 356
369 0 77 15 357
386 0 83 15 358
397 0 79 15 359
411 0 79 15 360
429 0 86 15 361
437 0 79 15 362
450 0 77 15 363
465 0 81 15 364
475 0 78 15 365
492 0 79 15 366
490 0 80 15 367
490 0 97 15 368
486 0 106 15 369
495 0 129 15 370
489 0 135 15 371
481 0 140 15 372
486 0 158 15 373
472 0 250 15 374
495 0 261 15 375
479 0 266 15 376
480 0 254 15 377
435 0 266 15 378
459 0 243 15 379
402 0 266 15 380
399 0 259 2 381
392 0 257 2 382
385 0 254 2 383
378 0 251 2 384
370 0 248 2 385
362 0 244 2 386
354 0 240 2 387
345 0 236 2 388
308 0 261 2 389
314 0 239 2 390
288 0 253 2 391
273 0 249 15 392
266 0 244 15 393
259 0 238 15 394
244 0 241 15 395
228 0 249 15 396
217 -2 242 2 397
206 0 237 15 398
193 0 239 2 399
180 0 255 2 400
166 0 246 15 401
151 0 237 15 402
142 0 239 15 403
134 0 253 2 404
112 0 246 2 405
97 0 239 2 406
93 0 257 2 407
66 0 235 2 408
57 0 239 2 409
48 0 243 2 410
39 0 246 2 411
31 0 249 2 412
23 0 252 2 413
-16 0 237 15 414
5 0 255 2 415
-8 0 266 15 416
-48 0 248 15 417
-52 0 266 15 418
-67 0 258 15 419
-50 0 254 15 420
-27 0 243 15 421
-67 0 159 15 422
-62 0 139 15 423
-55 0 115 15 424
-62 0 113 15 425
-62 0 101 15 426
-67 0 95 15 427
