428
102 6 107 15 0
108 6 99 15 1
115 6 256 2 2
104 6 238 2 3
114 6 98 15 4
118 6 234 2 5
122 6 250 2 6
113 6 238 2 7
112 6 208 15 8
115 6 203 15 9
119 6 197 15 10
113 6 194 15 11
109 6 160 2 12
117 6 117 15 13
117 6 123 15 14
121 6 100 15 15
118 6 106 15 16
157 6 195 15 17
156 6 197 15 18
157 6 210 15 19
158 6 185 15 20
159 6 216 15 21
163 6 113 15 22
164 6 224 15 23
165 6 113 15 24
164 6 215 15 25
175 6 97 15 26
169 6 220 15 27
173 6 223 15 28
179 6 101 15 29
180 6 248 2 30
186 6 101 15 31
185 6 231 15 32
192 6 102 15 33
188 8 197 2 34
196 6 105 15 35
193 11 193 2 36
200 6 100 15 37
195 8 231 2 38
199 6 224 15 39
197 10 225 2 40
200 11 216 2 41
200 6 209 15 42
201 6 165 15 43
200 13 187 2 44
201 6 201 15 45
201 6 181 15 46
227 6 165 15 47
224 12 176 2 48
226 8 215 2 49
226 6 120 15 50
222 6 220 15 51
229 10 178 2 52
224 8 238 2 53
228 10 196 2 54
226 6 218 15 55
233 6 125 2 56
229 8 240 2 57
233 5 196 2 58
228 6 217 15 59
234 6 106 15 60
231 6 221 15 61
238 6 243 15 62
241 6 112 15 63
238 7 217 2 64
239 5 210 2 65
245 6 240 15 66
239 6 232 2 67
245 6 101 15 68
249 6 197 15 69
246 6 246 15 70
254 6 211 15 71
244 6 216 15 72
248 6 91 15 73
261 6 224 15 74
257 6 217 15 75
254 6 228 15 76
263 6 106 15 77
252 6 110 15 78
287 6 109 15 79
285 6 224 15 80
303 6 164 2 81
280 6 237 15 82
294 6 117 15 83
287 6 216 15 84
309 6 174 2 85
281 6 250 2 86
297 6 205 15 87
306 6 136 2 88
303 6 193 15 89
302 6 202 15 90
275 6 267 15 91
305 6 117 15 92
318 6 186 2 93
304 6 106 15 94
319 6 159 2 95
295 6 219 15 96
291 6 263 2 97
312 6 111 15 98
327 6 161 2 99
326 6 197 2 100
310 6 246 2 101
312 6 99 15 102
334 6 165 2 103
292 6 245 2 104
319 6 238 2 105
331 6 211 2 106
325 6 229 2 107
319 6 108 15 108
323 6 131 15 109
316 6 110 15 110
-35 0 90 15 111
-27 0 87 15 112
-29 0 128 15 113
-27 0 92 15 114
-25 0 96 15 115
-31 0 113 15 116
-26 0 111 15 117
-31 0 125 15 118
-34 0 155 15 119
-27 0 98 15 120
-13 0 80 15 121
-15 0 132 15 122
-12 0 103 15 123
-3 0 105 15 124
-4 0 115 15 125
-9 0 130 15 126
0 0 122 15 127
-7 0 138 15 128
7 0 123 15 129
-26 0 197 15 130
-1 0 208 2 131
-3 0 129 15 132
-10 0 109 15 133
0 0 100 15 134
6 0 98 15 135
12 0 96 15 136
-1 0 86 15 137
-7 0 101 15 138
-2 0 101 15 139
-17 0 170 15 140
6 0 118 15 141
12 0 91 15 142
14 0 131 15 143
15 0 114 15 144
11 0 100 15 145
20 0 98 15 146
45 0 111 15 147
52 0 102 15 148
54 0 106 15 149
56 0 112 15 150
52 0 129 15 151
60 0 116 15 152
65 0 126 15 153
55 0 188 2 154
66 0 108 15 155
81 0 120 15 156
73 0 106 15 157
67 0 174 2 158
85 0 93 15 159
83 0 104 15 160
88 0 99 15 161
85 0 117 15 162
84 0 123 15 163
70 0 165 2 164
67 0 183 2 165
66 0 192 2 166
78 0 210 2 167
85 0 82 15 168
88 0 82 15 169
89 0 98 15 170
79 0 163 2 171
91 0 110 15 172
87 0 189 2 173
97 0 107 15 174
92 0 182 2 175
95 0 133 2 176
97 0 178 2 177
102 0 135 2 178
111 0 108 15 179
113 0 114 15 180
102 0 170 2 181
111 0 96 15 182
106 0 147 2 183
130 0 153 2 184
135 0 110 15 185
137 0 139 2 186
138 0 197 15 187
144 0 100 15 188
142 0 141 2 189
145 0 133 2 190
153 0 107 15 191
149 0 201 15 192
146 0 193 15 193
145 0 202 15 194
154 0 84 15 195
152 0 147 2 196
158 0 96 15 197
156 0 135 2 198
156 0 196 15 199
169 0 102 15 200
172 0 90 15 201
170 0 112 15 202
172 0 110 15 203
174 0 109 15 204
169 0 143 2 205
171 0 199 15 206
170 0 209 15 207
176 0 134 2 208
181 0 107 15 209
179 0 214 15 210
178 0 227 15 211
180 0 104 15 212
184 -4 180 2 213
186 0 116 15 214
184 -1 189 2 215
188 0 224 15 216
186 0 225 15 217
189 0 117 15 218
190 -5 184 2 219
188 -2 201 2 220
188 0 101 15 221
189 0 108 15 222
190 0 111 15 223
191 0 89 15 224
189 0 168 15 225
196 -5 192 2 226
191 0 133 2 227
194 -3 215 2 228
196 0 104 15 229
198 0 185 15 230
200 0 107 15 231
197 0 168 15 232
200 0 205 15 233
201 0 180 15 234
204 0 97 15 235
203 0 116 2 236
204 0 114 15 237
207 0 135 2 238
203 0 198 15 239
207 0 163 15 240
205 0 167 15 241
232 -3 198 2 242
242 0 129 2 243
235 -2 213 2 244
242 0 101 15 245
248 0 200 15 246
250 0 110 15 247
253 0 204 15 248
259 0 199 15 249
262 0 198 15 250
254 0 98 15 251
259 0 132 2 252
262 0 150 2 253
260 0 191 15 254
266 0 123 2 255
262 0 111 15 256
269 0 198 15 257
274 0 135 2 258
274 0 204 15 259
284 0 140 2 260
283 0 198 15 261
289 0 127 2 262
285 0 203 15 263
319 0 111 15 264
343 0 196 2 265
325 0 104 15 266
345 0 185 2 267
345 0 173 2 268
329 0 123 15 269
332 0 107 15 270
334 0 121 15 271
326 0 94 15 272
337 0 92 15 273
336 0 94 15 274
342 0 91 15 275
359 0 102 15 276
351 0 99 15 277
351 0 133 15 278
352 0 128 15 279
358 0 97 15 280
359 0 133 15 281
374 0 114 15 282
379 0 204 2 283
372 0 102 15 284
406 0 116 15 285
403 0 116 15 286
413 0 117 15 287
406 0 98 15 288
418 0 93 15 289
437 0 183 15 290
429 0 105 15 291
428 0 106 15 292
412 0 93 15 293
425 0 121 15 294
444 0 167 15 295
434 0 110 15 296
425 0 111 15 297
430 0 141 15 298
453 0 208 15 299
438 0 86 15 300
430 0 83 15 301
446 0 107 15 302
434 0 99 15 303
429 0 109 15 304
432 0 124 15 305
429 0 125 15 306
432 0 136 15 307
441 0 126 15 308
420 0 123 15 309
402 0 247 2 310
434 0 106 15 311
443 0 100 15 312
442 0 132 15 313
443 0 81 15 314
447 0 94 15 315
455 0 141 15 316
458 0 90 15 317
470 0 152 15 318
456 0 78 15 319
457 0 94 15 320
461 0 104 15 321
463 0 115 15 322
-59 0 63 15 323
-43 0 70 15 324
-32 0 70 15 325
-25 0 78 15 326
-8 0 75 15 327
7 0 69 15 328
14 0 80 15 329
32 0 76 15 330
50 0 69 15 331
50 0 88 15 332
71 0 70 15 333
89 0 63 15 334
98 0 71 15 335
106 0 81 15 336
121 0 73 15 337
126 0 104 2 338
142 0 79 15 339
161 0 73 15 340
170 0 84 15 341
187 0 72 15 342
199 0 78 15 343
211 0 75 15 344
220 0 84 15 345
233 0 89 15 346
244 0 80 15 347
261 0 78 15 348
272 0 85 15 349
287 0 89 15 350
291 0 74 15 351
304 0 74 15 352
317 0 73 15 353
336 0 85 15 354
346 0 77 15 355
363 0 84 15 356
363 0 69 15 357
381 0 77 15 358
391 0 71 15 359
405 0 72 15 360
424 0 81 15 361
430 0 71 15 362
442 0 69 15 363
458 0 74 15 364
466 0 70 15 365
485 0 71 15 366
480 0 69 15 367
480 0 88 15 368
475 0 95 15 369
488 0 120 15 370
479 0 125 15 371
468 0 126 15 372
475 0 146 15 373
457 0 263 15 374
488 0 273 15 375
468 0 277 15 376
474 0 262 15 377
419 0 277 15 378
455 0 247 15 379
385 0 277 15 380
385 0 268 2 381
381 0 265 2 382
376 0 261 2 383
371 0 257 2 384
365 0 253 2 385
359 0 248 2 386
352 0 244 2 387
345 0 238 2 388
301 0 272 2 389
314 0 242 2 390
284 0 260 2 391
268 0 255 15 392
264 0 249 15 393
259 0 241 15 394
244 0 245 15 395
227 0 255 15 396
217 -3 245 2 397
207 0 239 15 398
194 0 241 2 399
182 0 262 2 400
168 0 251 15 401
153 0 240 15 402
144 0 242 15 403
139 0 261 2 404
115 0 251 2 405
99 0 242 2 406
98 0 266 2 407
67 0 237 2 408
59 0 242 2 409
52 0 246 2 410
45 0 251 2 411
39 0 255 2 412
33 0 259 2 413
-14 0 239 15 414
18 0 263 2 415
5 0 277 15 416
-42 0 254 15 417
-44 0 277 15 418
-59 0 268 15 419
-37 0 266 15 420
-6 0 257 15 421
-59 0 150 15 422
-53 0 128 15 423
-44 0 100 15 424
-53 0 103 15 425
-53 0 91 15 426
-59 0 88 15 427
