428
101 6 110 15 0
107 6 103 15 1
114 6 252 2 2
103 6 236 2 3
113 6 101 15 4
116 6 231 2 5
120 6 246 2 6
112 6 236 2 7
111 6 206 15 8
114 6 202 15 9
117 6 195 15 10
112 6 193 15 11
108 6 161 2 12
116 6 120 15 13
116 6 126 15 14
120 6 103 15 15
117 6 109 15 16
156 6 193 15 17
155 6 195 15 18
156 6 208 15 19
158 6 183 15 20
158 6 213 15 21
162 6 116 15 22
163 6 222 15 23
165 6 115 15 24
163 6 213 15 25
174 6 101 15 26
168 6 218 15 27
173 6 221 15 28
178 6 104 15 29
179 6 244 2 30
185 6 104 15 31
185 6 228 15 32
192 6 105 15 33
187 8 197 2 34
196 6 108 15 35
193 11 193 2 36
199 6 104 15 37
194 8 230 2 38
198 6 222 15 39
196 10 224 2 40
199 11 215 2 41
200 6 208 15 42
200 6 164 15 43
200 13 187 2 44
200 6 200 15 45
201 6 181 15 46
227 6 164 15 47
224 12 175 2 48
226 8 214 2 49
227 6 122 15 50
223 6 218 15 51
229 10 177 2 52
225 8 236 2 53
229 10 194 2 54
226 6 216 15 55
233 6 126 2 56
230 8 238 2 57
234 6 195 2 58
229 6 214 15 59
235 6 109 15 60
231 6 218 15 61
238 6 241 15 62
241 6 114 15 63
238 7 214 2 64
240 6 208 2 65
246 6 238 15 66
240 6 229 2 67
246 6 104 15 68
250 6 195 15 69
246 6 243 15 70
255 6 210 15 71
245 6 212 15 72
249 6 95 15 73
261 6 223 15 74
257 6 215 15 75
255 6 226 15 76
264 6 109 15 77
253 6 114 15 78
288 6 113 15 79
286 6 222 15 80
303 6 164 2 81
282 6 234 15 82
294 6 119 15 83
288 6 214 15 84
309 6 174 2 85
283 6 247 2 86
298 6 203 15 87
307 6 137 2 88
303 6 191 15 89
302 6 200 15 90
278 6 264 15 91
306 6 119 15 92
318 6 185 2 93
305 6 108 15 94
320 6 160 2 95
297 6 216 15 96
293 6 259 2 97
313 6 113 15 98
327 6 162 2 99
326 6 196 2 100
311 6 243 2 101
313 6 102 15 102
334 6 165 2 103
295 6 241 2 104
320 6 236 2 105
332 6 210 2 106
326 6 227 2 107
321 6 111 15 108
324 6 134 15 109
318 6 114 15 110
-37 0 94 15 111
-30 0 90 15 112
-32 0 132 15 113
-29 0 94 15 114
-27 0 99 15 115
-33 0 115 15 116
-28 0 114 15 117
-33 0 127 15 118
-35 0 156 15 119
-29 0 100 15 120
-15 0 83 15 121
-17 0 135 15 122
-14 0 105 15 123
-6 0 109 15 124
-7 0 119 15 125
-11 0 132 15 126
-3 0 126 15 127
-9 0 141 15 128
4 0 128 15 129
-27 0 196 15 130
-3 0 207 2 131
-6 0 132 15 132
-12 0 111 15 133
-2 0 103 15 134
3 0 102 15 135
9 0 100 15 136
-3 0 89 15 137
-8 0 103 15 138
-4 0 104 15 139
-18 0 171 15 140
4 0 120 15 141
10 0 95 15 142
12 0 134 15 143
13 0 117 15 144
9 0 103 15 145
18 0 101 15 146
44 0 113 15 147
50 0 105 15 148
52 0 109 15 149
54 0 116 15 150
51 0 131 15 151
58 0 120 15 152
63 0 129 15 153
55 0 187 2 154
64 0 110 15 155
79 0 124 15 156
71 0 108 15 157
67 0 174 2 158
83 0 96 15 159
82 0 106 15 160
86 0 102 15 161
83 0 119 15 162
82 0 125 15 163
70 0 165 2 164
67 0 182 2 165
66 0 191 2 166
77 0 209 2 167
84 0 84 15 168
86 0 85 15 169
87 0 100 15 170
78 0 164 2 171
90 0 111 15 172
86 0 188 2 173
96 0 109 15 174
91 0 182 2 175
95 0 133 2 176
96 0 177 2 177
101 0 136 2 178
110 0 111 15 179
112 0 118 15 180
101 0 169 2 181
110 0 99 15 182
105 0 148 2 183
129 0 153 2 184
134 0 111 15 185
136 0 141 2 186
138 0 196 15 187
144 0 103 15 188
142 0 142 2 189
144 0 134 2 190
152 0 110 15 191
148 0 198 15 192
145 0 191 15 193
144 0 200 15 194
153 0 88 15 195
151 0 148 2 196
157 0 99 15 197
156 0 137 2 198
155 0 195 15 199
168 0 104 15 200
171 0 93 15 201
169 0 114 15 202
172 0 112 15 203
173 0 112 15 204
168 0 144 2 205
171 0 197 15 206
170 0 207 15 207
175 0 136 2 208
181 0 110 15 209
178 0 211 15 210
178 0 224 15 211
179 0 106 15 212
183 -3 179 2 213
185 0 118 15 214
184 -1 188 2 215
187 0 221 15 216
186 0 222 15 217
189 0 120 15 218
189 -5 182 2 219
187 -2 199 2 220
187 0 103 15 221
188 0 111 15 222
190 0 114 15 223
191 0 92 15 224
189 0 168 15 225
195 -4 190 2 226
191 0 134 2 227
194 -2 213 2 228
196 0 106 15 229
198 0 184 15 230
200 0 109 15 231
196 0 167 15 232
199 0 204 15 233
201 0 180 15 234
204 0 99 15 235
203 0 117 2 236
204 0 116 15 237
206 0 136 2 238
203 0 197 15 239
207 0 163 15 240
205 0 167 15 241
233 -3 197 2 242
241 0 129 2 243
236 -2 211 2 244
242 0 103 15 245
248 0 198 15 246
250 0 112 15 247
253 0 202 15 248
259 0 197 15 249
262 0 196 15 250
254 0 102 15 251
259 0 133 2 252
262 0 151 2 253
260 0 189 15 254
266 0 124 2 255
262 0 114 15 256
269 0 197 15 257
274 0 135 2 258
274 0 202 15 259
283 0 140 2 260
283 0 197 15 261
290 0 128 2 262
286 0 202 15 263
320 0 114 15 264
342 0 195 2 265
326 0 107 15 266
344 0 184 2 267
345 0 173 2 268
330 0 126 15 269
334 0 109 15 270
335 0 124 15 271
328 0 98 15 272
339 0 95 15 273
338 0 98 15 274
344 0 94 15 275
360 0 103 15 276
353 0 103 15 277
353 0 136 15 278
354 0 132 15 279
360 0 100 15 280
361 0 137 15 281
375 0 116 15 282
380 0 203 2 283
374 0 105 15 284
408 0 118 15 285
406 0 119 15 286
415 0 119 15 287
408 0 101 15 288
420 0 95 15 289
438 0 182 15 290
430 0 106 15 291
430 0 108 15 292
414 0 96 15 293
427 0 123 15 294
445 0 168 15 295
436 0 112 15 296
428 0 114 15 297
432 0 144 15 298
454 0 207 15 299
440 0 88 15 300
433 0 86 15 301
448 0 108 15 302
436 0 101 15 303
432 0 113 15 304
435 0 128 15 305
433 0 129 15 306
435 0 140 15 307
443 0 129 15 308
424 0 128 15 309
407 0 244 2 310
437 0 109 15 311
446 0 103 15 312
444 0 135 15 313
446 0 85 15 314
450 0 97 15 315
458 0 144 15 316
461 0 92 15 317
472 0 154 15 318
458 0 81 15 319
460 0 97 15 320
464 0 107 15 321
466 0 118 15 322
-62 0 66 15 323
-46 0 72 15 324
-34 0 73 15 325
-26 0 80 15 326
-9 0 77 15 327
5 0 71 15 328
13 0 81 15 329
30 0 78 15 330
48 0 72 15 331
49 0 89 15 332
70 0 73 15 333
87 0 66 15 334
96 0 74 15 335
105 0 83 15 336
120 0 75 15 337
126 0 104 2 338
142 0 81 15 339
160 0 75 15 340
170 0 86 15 341
186 0 74 15 342
198 0 80 15 343
211 0 77 15 344
220 0 85 15 345
233 0 90 15 346
244 0 81 15 347
261 0 80 15 348
272 0 86 15 349
287 0 90 15 350
292 0 76 15 351
305 0 76 15 352
318 0 75 15 353
337 0 86 15 354
347 0 79 15 355
363 0 85 15 356
365 0 71 15 357
383 0 79 15 358
393 0 73 15 359
407 0 74 15 360
425 0 83 15 361
432 0 73 15 362
444 0 72 15 363
460 0 76 15 364
469 0 73 15 365
487 0 73 15 366
483 0 72 15 367
483 0 91 15 368
478 0 98 15 369
490 0 123 15 370
482 0 128 15 371
472 0 130 15 372
479 0 150 15 373
462 0 259 15 374
490 0 269 15 375
471 0 274 15 376
475 0 260 15 377
423 0 274 15 378
456 0 246 15 379
390 0 274 15 380
389 0 265 2 381
384 0 263 2 382
379 0 259 2 383
373 0 255 2 384
367 0 252 2 385
360 0 247 2 386
353 0 243 2 387
345 0 237 2 388
303 0 269 2 389
314 0 241 2 390
285 0 258 2 391
270 0 253 15 392
265 0 247 15 393
259 0 240 15 394
244 0 244 15 395
227 0 253 15 396
217 -2 244 2 397
207 0 238 15 398
194 0 241 2 399
182 0 260 2 400
168 0 250 15 401
152 0 239 15 402
143 0 241 15 403
137 0 258 2 404
114 0 250 2 405
98 0 241 2 406
96 0 263 2 407
67 0 236 2 408
59 0 241 2 409
51 0 245 2 410
43 0 249 2 411
36 0 253 2 412
30 0 257 2 413
-15 0 238 15 414
14 0 260 2 415
1 0 274 15 416
-44 0 252 15 417
-47 0 274 15 418
-62 0 265 15 419
-40 0 263 15 420
-12 0 253 15 421
-62 0 152 15 422
-55 0 131 15 423
-47 0 105 15 424
-55 0 106 15 425
-55 0 94 15 426
-62 0 90 15 427
