428
95 8 125 15 0
100 8 120 15 1
106 8 236 2 2
100 8 228 2 3
106 8 118 15 4
108 8 215 2 5
110 8 227 2 6
105 8 223 2 7
105 8 198 15 8
108 8 193 15 9
110 8 184 15 10
107 8 185 15 11
105 8 161 2 12
110 8 133 15 13
110 8 138 15 14
112 8 120 15 15
111 8 121 15 16
153 8 181 15 17
152 8 185 15 18
153 8 195 15 19
154 8 174 15 20
155 8 201 15 21
158 8 131 15 22
159 8 208 15 23
161 8 129 15 24
161 8 204 15 25
169 8 118 15 26
166 8 208 15 27
171 8 211 15 28
174 8 119 15 29
176 8 225 2 30
181 8 119 15 31
182 8 213 15 32
188 8 120 15 33
186 9 193 2 34
192 8 123 15 35
191 11 189 2 36
196 8 122 15 37
193 9 224 2 38
196 8 215 15 39
194 10 219 2 40
197 10 208 2 41
197 8 202 15 42
198 8 160 15 43
198 11 183 2 44
198 8 194 15 45
199 8 178 15 46
226 8 161 15 47
225 11 169 2 48
226 9 208 2 49
227 8 133 15 50
225 8 208 15 51
229 10 173 2 52
227 9 226 2 53
230 10 185 2 54
229 8 204 15 55
233 8 134 2 56
232 9 229 2 57
235 7 187 2 58
232 8 201 15 59
237 8 122 15 60
235 8 202 15 61
240 8 231 15 62
243 8 125 15 63
241 8 201 2 64
243 7 194 2 65
248 8 229 15 66
245 8 211 2 67
249 8 119 15 68
252 8 185 15 69
250 8 231 15 70
256 8 201 15 71
251 8 195 15 72
254 8 115 15 73
261 8 217 15 74
259 8 207 15 75
258 8 216 15 76
264 8 125 15 77
258 8 135 15 78
294 8 130 15 79
292 8 212 15 80
303 8 164 2 81
290 8 223 15 82
298 8 132 15 83
294 8 204 15 84
308 8 172 2 85
293 8 233 2 86
302 8 196 15 87
307 8 140 2 88
307 8 184 15 89
306 8 192 15 90
292 8 244 15 91
309 8 128 15 92
317 8 182 2 93
311 8 122 15 94
321 8 165 2 95
307 8 202 15 96
305 8 242 2 97
319 8 125 15 98
328 8 166 2 99
327 8 192 2 100
319 8 231 2 101
321 8 119 15 102
334 8 166 2 103
310 8 221 2 104
326 8 225 2 105
334 8 204 2 106
331 8 217 2 107
328 8 126 15 108
330 8 147 15 109
328 8 134 15 110
-50 0 110 15 111
-43 0 106 15 112
-44 0 148 15 113
-40 0 107 15 114
-39 0 113 15 115
-42 0 125 15 116
-40 0 128 15 117
-42 0 138 15 118
-42 0 162 15 119
-37 0 109 15 120
-27 0 98 15 121
-27 0 150 15 122
-24 0 118 15 123
-19 0 128 15 124
-19 0 136 15 125
-22 0 146 15 126
-17 0 146 15 127
-21 0 157 15 128
-13 0 151 15 129
-31 0 193 15 130
-17 0 202 2 131
-18 0 148 15 132
-20 0 121 15 133
-12 0 118 15 134
-9 0 119 15 135
-6 0 121 15 136
-13 0 101 15 137
-16 0 112 15 138
-13 0 116 15 139
-21 0 171 15 140
-6 0 133 15 141
-2 0 110 15 142
0 0 149 15 143
2 0 130 15 144
0 0 115 15 145
7 0 113 15 146
39 0 121 15 147
42 0 119 15 148
44 0 124 15 149
45 0 131 15 150
43 0 144 15 151
47 0 140 15 152
53 0 146 15 153
51 0 180 2 154
58 0 119 15 155
69 0 143 15 156
65 0 118 15 157
65 0 173 2 158
75 0 111 15 159
74 0 119 15 160
77 0 120 15 161
75 0 132 15 162
74 0 138 15 163
67 0 165 2 164
65 0 180 2 165
65 0 189 2 166
71 0 202 2 167
76 0 97 15 168
77 0 100 15 169
80 0 113 15 170
75 0 167 2 171
84 0 120 15 172
83 0 181 2 173
91 0 119 15 174
88 0 178 2 175
93 0 133 2 176
94 0 175 2 177
98 0 138 2 178
104 0 126 15 179
105 0 134 15 180
98 0 169 2 181
104 0 113 15 182
101 0 154 2 183
128 0 155 2 184
132 0 120 15 185
134 0 148 2 186
135 0 189 15 187
140 0 115 15 188
140 0 143 2 189
141 0 141 2 190
146 0 129 15 191
144 0 185 15 192
142 0 183 15 193
142 0 192 15 194
148 0 107 15 195
148 0 152 2 196
153 0 113 15 197
153 0 146 2 198
153 0 187 15 199
166 0 112 15 200
167 0 109 15 201
166 0 123 15 202
168 0 125 15 203
168 0 127 15 204
166 0 149 2 205
168 0 187 15 206
168 0 199 15 207
172 0 145 2 208
177 0 123 15 209
176 0 195 15 210
175 0 209 15 211
176 0 113 15 212
180 -2 171 2 213
183 0 128 15 214
182 0 182 2 215
184 0 205 15 216
183 0 208 15 217
185 0 134 15 218
185 -3 175 2 219
184 -1 186 2 220
184 0 112 15 221
185 0 122 15 222
186 0 128 15 223
187 0 108 15 224
187 0 164 15 225
191 -2 183 2 226
189 0 137 2 227
191 -1 202 2 228
193 0 113 15 229
195 0 180 15 230
196 0 122 15 231
194 0 164 15 232
196 0 197 15 233
199 0 177 15 234
201 0 109 15 235
201 0 123 2 236
201 0 125 15 237
203 0 140 2 238
201 0 193 15 239
203 0 159 15 240
202 0 163 15 241
234 -1 190 2 242
241 0 131 2 243
239 -1 198 2 244
244 0 116 15 245
249 0 191 15 246
252 0 122 15 247
255 0 193 15 248
261 0 188 15 249
262 0 190 15 250
258 0 120 15 251
261 0 141 2 252
263 0 155 2 253
261 0 180 15 254
265 0 128 2 255
263 0 125 15 256
269 0 190 15 257
273 0 135 2 258
276 0 194 15 259
282 0 138 2 260
285 0 191 15 261
290 0 132 2 262
288 0 194 15 263
325 0 125 15 264
341 0 191 2 265
333 0 121 15 266
344 0 181 2 267
345 0 172 2 268
338 0 141 15 269
340 0 122 15 270
341 0 137 15 271
339 0 119 15 272
348 0 111 15 273
347 0 115 15 274
352 0 108 15 275
363 0 110 15 276
361 0 119 15 277
361 0 152 15 278
364 0 150 15 279
369 0 117 15 280
371 0 156 15 281
382 0 127 15 282
385 0 197 2 283
384 0 121 15 284
419 0 132 15 285
418 0 135 15 286
424 0 130 15 287
420 0 117 15 288
428 0 105 15 289
440 0 181 15 290
436 0 113 15 291
437 0 116 15 292
428 0 113 15 293
437 0 136 15 294
448 0 172 15 295
445 0 123 15 296
441 0 131 15 297
444 0 158 15 298
459 0 203 15 299
451 0 99 15 300
447 0 101 15 301
456 0 116 15 302
449 0 116 15 303
447 0 130 15 304
449 0 145 15 305
448 0 149 15 306
450 0 159 15 307
456 0 144 15 308
444 0 154 15 309
434 0 225 2 310
453 0 129 15 311
459 0 117 15 312
458 0 153 15 313
462 0 102 15 314
465 0 113 15 315
470 0 158 15 316
473 0 105 15 317
481 0 164 15 318
473 0 96 15 319
475 0 113 15 320
478 0 123 15 321
479 0 132 15 322
-73 0 81 15 323
-57 0 84 15 324
-45 0 85 15 325
-35 0 89 15 326
-19 0 87 15 327
-4 0 84 15 328
6 0 90 15 329
22 0 88 15 330
38 0 84 15 331
44 0 94 15 332
62 0 85 15 333
78 0 81 15 334
90 0 85 15 335
100 0 91 15 336
115 0 86 15 337
124 0 103 2 338
139 0 89 15 339
156 0 86 15 340
167 0 92 15 341
183 0 85 15 342
196 0 89 15 343
209 0 87 15 344
220 0 92 15 345
233 0 95 15 346
245 0 90 15 347
261 0 89 15 348
274 0 93 15 349
288 0 95 15 350
297 0 87 15 351
310 0 87 15 352
323 0 86 15 353
341 0 92 15 354
352 0 88 15 355
368 0 92 15 356
374 0 84 15 357
391 0 88 15 358
402 0 85 15 359
416 0 85 15 360
433 0 91 15 361
442 0 85 15 362
456 0 84 15 363
471 0 87 15 364
482 0 85 15 365
498 0 85 15 366
498 0 88 15 367
498 0 105 15 368
495 0 115 15 369
502 0 135 15 370
497 0 144 15 371
491 0 151 15 372
495 0 168 15 373
485 0 239 15 374
502 0 251 15 375
488 0 257 15 376
485 0 248 15 377
448 0 257 15 378
462 0 240 15 379
416 0 257 15 380
410 0 251 2 381
402 0 250 2 382
393 0 248 2 383
384 0 245 2 384
374 0 243 2 385
364 0 241 2 386
355 0 238 2 387
344 0 235 2 388
314 0 253 2 389
315 0 237 2 390
292 0 247 2 391
277 0 244 15 392
268 0 241 15 393
259 0 236 15 394
245 0 238 15 395
229 0 244 15 396
217 -1 239 2 397
206 0 235 15 398
192 0 237 2 399
179 0 248 2 400
165 0 242 15 401
150 0 236 15 402
139 0 237 15 403
130 0 247 2 404
111 0 242 2 405
95 0 237 2 406
89 0 250 2 407
65 0 234 2 408
55 0 237 2 409
44 0 239 2 410
34 0 242 2 411
25 0 244 2 412
15 0 246 2 413
-17 0 235 15 414
-5 0 248 2 415
-19 0 257 15 416
-52 0 244 15 417
-59 0 257 15 418
-73 0 250 15 419
-60 0 243 15 420
-43 0 232 15 421
-73 0 166 15 422
-69 0 148 15 423
-64 0 126 15 424
-69 0 122 15 425
-69 0 109 15 426
-73 0 101 15 427
