428
93 8 130 15 0
98 8 125 15 1
104 8 230 2 2
99 8 226 2 3
104 8 123 15 4
105 8 211 2 5
107 8 221 2 6
103 8 219 2 7
104 8 196 15 8
105 8 190 15 9
107 8 181 15 10
105 8 183 15 11
104 8 162 2 12
108 8 137 15 13
108 8 142 15 14
110 8 126 15 15
109 8 125 15 16
152 8 178 15 17
151 8 182 15 18
152 8 191 15 19
153 8 171 15 20
154 8 197 15 21
157 8 136 15 22
157 8 203 15 23
160 8 133 15 24
160 8 201 15 25
167 8 124 15 26
165 8 205 15 27
170 8 208 15 28
173 8 124 15 29
176 8 218 2 30
180 8 124 15 31
181 8 209 15 32
186 8 125 15 33
185 9 192 2 34
191 8 128 15 35
190 10 188 2 36
195 8 128 15 37
192 9 223 2 38
195 8 213 15 39
194 10 217 2 40
196 10 206 2 41
196 8 199 15 42
197 8 159 15 43
197 11 182 2 44
197 8 192 15 45
198 8 177 15 46
226 8 160 15 47
225 11 168 2 48
226 9 207 2 49
227 8 137 15 50
225 8 204 15 51
229 10 171 2 52
227 9 222 2 53
231 10 182 2 54
230 8 200 15 55
233 8 136 2 56
233 9 226 2 57
235 8 184 2 58
233 8 197 15 59
237 8 127 15 60
237 8 197 15 61
241 8 228 15 62
244 8 129 15 63
243 8 197 2 64
244 8 190 2 65
249 8 226 15 66
246 8 206 2 67
250 8 124 15 68
252 8 182 15 69
252 8 228 15 70
256 8 198 15 71
253 8 189 15 72
255 8 121 15 73
261 8 215 15 74
260 8 204 15 75
259 8 212 15 76
265 8 130 15 77
260 8 141 15 78
295 8 136 15 79
294 8 208 15 80
303 8 164 2 81
293 8 219 15 82
299 8 136 15 83
296 8 201 15 84
308 8 172 2 85
295 8 228 2 86
303 8 193 15 87
308 8 141 2 88
308 8 181 15 89
307 8 190 15 90
297 8 238 15 91
310 8 131 15 92
317 8 181 2 93
313 8 126 15 94
321 8 167 2 95
311 8 198 15 96
309 8 236 2 97
320 8 129 15 98
328 8 167 2 99
327 8 190 2 100
321 8 228 2 101
324 8 124 15 102
334 8 167 2 103
315 8 214 2 104
327 8 221 2 105
335 8 203 2 106
332 8 214 2 107
330 8 130 15 108
331 8 151 15 109
331 8 141 15 110
-54 0 115 15 111
-47 0 111 15 112
-47 0 153 15 113
-44 0 111 15 114
-43 0 117 15 115
-45 0 129 15 116
-43 0 132 15 117
-45 0 141 15 118
-44 0 164 15 119
-40 0 112 15 120
-31 0 102 15 121
-31 0 154 15 122
-27 0 122 15 123
-23 0 135 15 124
-23 0 142 15 125
-26 0 151 15 126
-22 0 152 15 127
-25 0 162 15 128
-19 0 158 15 129
-33 0 193 15 130
-22 0 201 2 131
-21 0 153 15 132
-23 0 124 15 133
-16 0 123 15 134
-13 0 125 15 135
-11 0 128 15 136
-16 0 105 15 137
-18 0 115 15 138
-16 0 120 15 139
-22 0 172 15 140
-9 0 137 15 141
-6 0 115 15 142
-4 0 154 15 143
-2 0 134 15 144
-3 0 118 15 145
4 0 117 15 146
37 0 124 15 147
40 0 123 15 148
41 0 129 15 149
42 0 136 15 150
40 0 148 15 151
44 0 146 15 152
50 0 151 15 153
50 0 179 2 154
56 0 122 15 155
65 0 149 15 156
63 0 121 15 157
64 0 173 2 158
72 0 115 15 159
72 0 124 15 160
74 0 125 15 161
72 0 137 15 162
72 0 143 15 163
66 0 165 2 164
64 0 180 2 165
64 0 188 2 166
69 0 200 2 167
73 0 102 15 168
74 0 105 15 169
77 0 117 15 170
74 0 168 2 171
82 0 123 15 172
82 0 180 2 173
89 0 121 15 174
88 0 177 2 175
92 0 133 2 176
93 0 175 2 177
98 0 139 2 178
102 0 131 15 179
103 0 139 15 180
98 0 169 2 181
102 0 117 15 182
100 0 156 2 183
127 0 155 2 184
131 0 123 15 185
134 0 150 2 186
134 0 187 15 187
139 0 119 15 188
140 0 144 2 189
141 0 143 2 190
144 0 135 15 191
143 0 181 15 192
142 0 181 15 193
141 0 189 15 194
146 0 112 15 195
148 0 153 2 196
151 0 117 15 197
152 0 148 2 198
152 0 185 15 199
165 0 115 15 200
166 0 114 15 201
165 0 126 15 202
166 0 130 15 203
167 0 132 15 204
165 0 151 2 205
167 0 184 15 206
167 0 197 15 207
172 0 148 2 208
176 0 127 15 209
175 0 191 15 210
174 0 205 15 211
176 0 116 15 212
179 -1 168 2 213
182 0 131 15 214
181 0 180 2 215
183 0 200 15 216
182 0 204 15 217
184 0 138 15 218
184 -2 172 2 219
183 0 182 2 220
184 0 114 15 221
184 0 125 15 222
185 0 133 15 223
186 0 113 15 224
186 0 163 15 225
190 -2 180 2 226
188 0 138 2 227
190 -1 199 2 228
192 0 116 15 229
194 0 179 15 230
195 0 127 15 231
194 0 163 15 232
196 0 195 15 233
198 0 176 15 234
200 0 112 15 235
200 0 125 2 236
200 0 128 15 237
202 0 141 2 238
200 0 192 15 239
202 0 157 15 240
201 0 162 15 241
235 -1 188 2 242
241 0 132 2 243
240 -1 194 2 244
245 0 120 15 245
249 0 189 15 246
253 0 124 15 247
255 0 191 15 248
261 0 185 15 249
262 0 188 15 250
259 0 126 15 251
262 0 144 2 252
263 0 157 2 253
262 0 179 15 254
265 0 130 2 255
263 0 128 15 256
269 0 188 15 257
273 0 135 2 258
276 0 191 15 259
281 0 138 2 260
285 0 189 15 261
290 0 133 2 262
289 0 191 15 263
326 0 128 15 264
340 0 189 2 265
335 0 125 15 266
343 0 181 2 267
345 0 172 2 268
340 0 146 15 269
342 0 126 15 270
343 0 141 15 271
343 0 125 15 272
351 0 116 15 273
350 0 121 15 274
355 0 112 15 275
364 0 112 15 276
363 0 124 15 277
364 0 157 15 278
368 0 156 15 279
372 0 122 15 280
374 0 161 15 281
384 0 131 15 282
387 0 195 2 283
388 0 126 15 284
423 0 136 15 285
421 0 139 15 286
426 0 133 15 287
424 0 121 15 288
431 0 108 15 289
441 0 181 15 290
438 0 115 15 291
440 0 119 15 292
432 0 118 15 293
440 0 140 15 294
449 0 173 15 295
447 0 126 15 296
445 0 136 15 297
447 0 162 15 298
460 0 201 15 299
455 0 103 15 300
451 0 106 15 301
458 0 119 15 302
453 0 120 15 303
452 0 136 15 304
454 0 151 15 305
453 0 155 15 306
455 0 164 15 307
460 0 149 15 308
450 0 162 15 309
443 0 219 2 310
458 0 135 15 311
463 0 121 15 312
463 0 158 15 313
467 0 108 15 314
470 0 118 15 315
473 0 162 15 316
476 0 109 15 317
483 0 167 15 318
477 0 101 15 319
480 0 118 15 320
482 0 127 15 321
484 0 136 15 322
-76 0 85 15 323
-61 0 88 15 324
-48 0 88 15 325
-37 0 92 15 326
-22 0 90 15 327
-8 0 88 15 328
4 0 93 15 329
19 0 91 15 330
35 0 88 15 331
43 0 96 15 332
60 0 88 15 333
76 0 85 15 334
87 0 89 15 335
99 0 93 15 336
114 0 90 15 337
124 0 103 2 338
139 0 92 15 339
155 0 89 15 340
167 0 94 15 341
182 0 89 15 342
195 0 92 15 343
208 0 90 15 344
220 0 94 15 345
233 0 97 15 346
246 0 93 15 347
261 0 92 15 348
274 0 95 15 349
288 0 97 15 350
298 0 90 15 351
312 0 90 15 352
325 0 90 15 353
342 0 95 15 354
354 0 91 15 355
369 0 94 15 356
377 0 88 15 357
393 0 91 15 358
405 0 89 15 359
419 0 89 15 360
435 0 93 15 361
446 0 89 15 362
459 0 88 15 363
474 0 90 15 364
486 0 88 15 365
501 0 89 15 366
502 0 93 15 367
502 0 109 15 368
500 0 120 15 369
505 0 139 15 370
502 0 149 15 371
497 0 158 15 372
500 0 174 15 373
492 0 233 15 374
505 0 245 15 375
493 0 251 15 376
488 0 244 15 377
455 0 251 15 378
464 0 238 15 379
425 0 251 15 380
417 0 247 2 381
407 0 246 2 382
397 0 244 2 383
387 0 242 2 384
377 0 240 2 385
366 0 238 2 386
355 0 236 2 387
344 0 234 2 388
317 0 249 2 389
315 0 235 2 390
294 0 244 2 391
279 0 241 15 392
269 0 239 15 393
259 0 235 15 394
245 0 237 15 395
229 0 241 15 396
217 -1 237 2 397
205 0 234 15 398
192 0 235 2 399
178 0 245 2 400
164 0 240 15 401
150 0 235 15 402
138 0 236 15 403
128 0 244 2 404
109 0 240 2 405
95 0 236 2 406
86 0 246 2 407
65 0 233 2 408
54 0 236 2 409
42 0 238 2 410
31 0 239 2 411
21 0 241 2 412
11 0 243 2 413
-18 0 234 15 414
-12 0 245 2 415
-26 0 251 15 416
-54 0 241 15 417
-63 0 251 15 418
-76 0 246 15 419
-66 0 237 15 420
-53 0 225 15 421
-76 0 170 15 422
-73 0 153 15 423
-70 0 133 15 424
-73 0 126 15 425
-73 0 113 15 426
-76 0 104 15 427
