428
101 6 108 15 0
107 6 101 15 1
114 6 254 2 2
104 6 237 2 3
114 6 99 15 4
117 6 232 2 5
121 6 248 2 6
112 6 237 2 7
112 6 207 15 8
115 6 202 15 9
118 6 196 15 10
113 6 193 15 11
108 6 161 2 12
116 6 118 15 13
116 6 125 15 14
120 6 101 15 15
118 6 108 15 16
157 6 194 15 17
156 6 196 15 18
156 6 209 15 19
158 6 184 15 20
158 6 214 15 21
163 6 114 15 22
163 6 223 15 23
165 6 114 15 24
164 6 214 15 25
175 6 99 15 26
169 6 219 15 27
173 6 222 15 28
179 6 103 15 29
179 6 246 2 30
186 6 102 15 31
185 6 229 15 32
192 6 103 15 33
187 8 197 2 34
196 6 107 15 35
193 11 193 2 36
200 6 102 15 37
195 8 230 2 38
199 6 223 15 39
197 10 225 2 40
200 11 215 2 41
200 6 209 15 42
200 6 165 15 43
200 13 187 2 44
201 6 201 15 45
201 6 181 15 46
227 6 165 15 47
224 12 175 2 48
226 8 214 2 49
227 6 121 15 50
223 6 219 15 51
229 10 177 2 52
224 8 237 2 53
229 10 195 2 54
226 6 217 15 55
233 6 126 2 56
230 8 239 2 57
234 6 195 2 58
229 6 216 15 59
235 6 108 15 60
231 6 219 15 61
238 6 242 15 62
241 6 113 15 63
238 7 216 2 64
239 5 209 2 65
245 6 239 15 66
239 6 231 2 67
245 6 102 15 68
250 6 196 15 69
246 6 245 15 70
255 6 210 15 71
245 6 214 15 72
248 6 93 15 73
261 6 223 15 74
257 6 216 15 75
254 6 227 15 76
264 6 108 15 77
253 6 112 15 78
288 6 111 15 79
285 6 223 15 80
303 6 164 2 81
281 6 236 15 82
294 6 118 15 83
288 6 215 15 84
309 6 174 2 85
282 6 248 2 86
298 6 204 15 87
307 6 137 2 88
303 6 192 15 89
302 6 201 15 90
277 6 265 15 91
305 6 118 15 92
318 6 185 2 93
305 6 107 15 94
320 6 159 2 95
296 6 217 15 96
292 6 261 2 97
313 6 112 15 98
327 6 162 2 99
326 6 197 2 100
311 6 245 2 101
313 6 100 15 102
334 6 165 2 103
294 6 243 2 104
319 6 237 2 105
331 6 211 2 106
325 6 228 2 107
320 6 110 15 108
323 6 133 15 109
317 6 112 15 110
-36 0 92 15 111
-29 0 89 15 112
-30 0 130 15 113
-28 0 93 15 114
-26 0 98 15 115
-32 0 114 15 116
-27 0 112 15 117
-32 0 126 15 118
-35 0 155 15 119
-28 0 99 15 120
-14 0 82 15 121
-16 0 134 15 122
-13 0 104 15 123
-5 0 107 15 124
-6 0 117 15 125
-10 0 131 15 126
-1 0 124 15 127
-8 0 140 15 128
5 0 126 15 129
-26 0 196 15 130
-2 0 208 2 131
-4 0 130 15 132
-11 0 110 15 133
-1 0 101 15 134
4 0 100 15 135
10 0 98 15 136
-2 0 87 15 137
-8 0 102 15 138
-3 0 102 15 139
-17 0 171 15 140
5 0 119 15 141
11 0 93 15 142
13 0 133 15 143
14 0 115 15 144
10 0 101 15 145
19 0 99 15 146
45 0 112 15 147
51 0 103 15 148
53 0 108 15 149
55 0 114 15 150
51 0 130 15 151
59 0 118 15 152
64 0 127 15 153
55 0 187 2 154
65 0 109 15 155
80 0 122 15 156
72 0 107 15 157
67 0 174 2 158
84 0 95 15 159
82 0 105 15 160
87 0 100 15 161
84 0 118 15 162
83 0 124 15 163
70 0 165 2 164
67 0 182 2 165
66 0 192 2 166
77 0 210 2 167
84 0 83 15 168
87 0 83 15 169
88 0 99 15 170
79 0 164 2 171
90 0 111 15 172
86 0 188 2 173
97 0 108 15 174
91 0 182 2 175
95 0 133 2 176
96 0 177 2 177
101 0 136 2 178
110 0 110 15 179
112 0 116 15 180
101 0 169 2 181
111 0 97 15 182
105 0 148 2 183
129 0 153 2 184
135 0 111 15 185
136 0 140 2 186
138 0 196 15 187
144 0 101 15 188
142 0 142 2 189
144 0 133 2 190
153 0 109 15 191
149 0 200 15 192
145 0 192 15 193
144 0 201 15 194
153 0 86 15 195
151 0 147 2 196
158 0 97 15 197
156 0 136 2 198
155 0 195 15 199
169 0 103 15 200
172 0 91 15 201
170 0 113 15 202
172 0 111 15 203
173 0 110 15 204
169 0 144 2 205
171 0 198 15 206
170 0 208 15 207
175 0 135 2 208
181 0 108 15 209
179 0 212 15 210
178 0 225 15 211
179 0 105 15 212
184 -4 180 2 213
186 0 117 15 214
184 -1 188 2 215
187 0 223 15 216
186 0 224 15 217
189 0 118 15 218
189 -5 183 2 219
188 -2 200 2 220
187 0 102 15 221
188 0 109 15 222
190 0 113 15 223
191 0 91 15 224
189 0 168 15 225
196 -5 191 2 226
191 0 134 2 227
194 -3 214 2 228
196 0 105 15 229
198 0 185 15 230
200 0 108 15 231
196 0 167 15 232
199 0 204 15 233
201 0 180 15 234
204 0 98 15 235
203 0 117 2 236
204 0 115 15 237
206 0 136 2 238
203 0 198 15 239
207 0 163 15 240
205 0 167 15 241
233 -3 197 2 242
241 0 129 2 243
235 -2 212 2 244
242 0 102 15 245
248 0 199 15 246
250 0 111 15 247
253 0 203 15 248
259 0 198 15 249
262 0 197 15 250
254 0 100 15 251
259 0 133 2 252
262 0 150 2 253
260 0 190 15 254
266 0 123 2 255
262 0 112 15 256
269 0 197 15 257
274 0 135 2 258
274 0 203 15 259
283 0 140 2 260
283 0 198 15 261
290 0 128 2 262
285 0 202 15 263
319 0 112 15 264
342 0 195 2 265
326 0 106 15 266
344 0 184 2 267
345 0 173 2 268
330 0 124 15 269
333 0 108 15 270
334 0 122 15 271
327 0 96 15 272
338 0 94 15 273
337 0 96 15 274
343 0 92 15 275
359 0 103 15 276
352 0 101 15 277
352 0 134 15 278
353 0 130 15 279
359 0 98 15 280
360 0 135 15 281
375 0 115 15 282
379 0 204 2 283
373 0 103 15 284
407 0 117 15 285
404 0 118 15 286
414 0 118 15 287
407 0 100 15 288
419 0 94 15 289
438 0 182 15 290
429 0 105 15 291
429 0 107 15 292
413 0 94 15 293
426 0 122 15 294
444 0 167 15 295
435 0 111 15 296
426 0 113 15 297
431 0 142 15 298
453 0 208 15 299
439 0 87 15 300
431 0 84 15 301
447 0 108 15 302
435 0 100 15 303
431 0 111 15 304
434 0 126 15 305
431 0 127 15 306
434 0 138 15 307
442 0 128 15 308
422 0 125 15 309
405 0 245 2 310
435 0 108 15 311
444 0 101 15 312
443 0 134 15 313
445 0 83 15 314
448 0 96 15 315
456 0 142 15 316
459 0 91 15 317
471 0 153 15 318
457 0 80 15 319
459 0 96 15 320
463 0 106 15 321
465 0 116 15 322
-60 0 65 15 323
-44 0 71 15 324
-33 0 71 15 325
-25 0 79 15 326
-8 0 76 15 327
6 0 70 15 328
14 0 81 15 329
31 0 77 15 330
49 0 70 15 331
50 0 88 15 332
70 0 71 15 333
88 0 65 15 334
97 0 72 15 335
106 0 82 15 336
121 0 74 15 337
126 0 104 2 338
142 0 80 15 339
161 0 74 15 340
170 0 85 15 341
186 0 73 15 342
199 0 79 15 343
211 0 76 15 344
220 0 84 15 345
233 0 89 15 346
244 0 81 15 347
261 0 79 15 348
272 0 86 15 349
287 0 90 15 350
292 0 75 15 351
305 0 75 15 352
317 0 74 15 353
337 0 85 15 354
346 0 78 15 355
363 0 85 15 356
364 0 70 15 357
382 0 78 15 358
392 0 72 15 359
406 0 73 15 360
425 0 82 15 361
431 0 72 15 362
443 0 70 15 363
459 0 75 15 364
468 0 71 15 365
486 0 72 15 366
482 0 71 15 367
482 0 89 15 368
477 0 97 15 369
489 0 122 15 370
481 0 126 15 371
470 0 128 15 372
477 0 148 15 373
459 0 261 15 374
489 0 271 15 375
469 0 276 15 376
475 0 261 15 377
421 0 276 15 378
456 0 246 15 379
387 0 276 15 380
387 0 266 2 381
382 0 264 2 382
377 0 260 2 383
372 0 256 2 384
366 0 252 2 385
359 0 248 2 386
352 0 243 2 387
345 0 238 2 388
302 0 270 2 389
314 0 241 2 390
285 0 259 2 391
269 0 254 15 392
264 0 248 15 393
259 0 240 15 394
244 0 244 15 395
227 0 254 15 396
217 -3 245 2 397
207 0 239 15 398
194 0 241 2 399
182 0 261 2 400
168 0 250 15 401
152 0 239 15 402
144 0 242 15 403
138 0 260 2 404
114 0 250 2 405
98 0 242 2 406
97 0 264 2 407
67 0 237 2 408
59 0 242 2 409
51 0 246 2 410
44 0 250 2 411
38 0 254 2 412
32 0 258 2 413
-15 0 239 15 414
16 0 262 2 415
3 0 276 15 416
-43 0 253 15 417
-45 0 276 15 418
-60 0 267 15 419
-39 0 265 15 420
-9 0 255 15 421
-60 0 151 15 422
-54 0 129 15 423
-46 0 103 15 424
-54 0 105 15 425
-54 0 93 15 426
-60 0 89 15 427
