428
118 3 67 15 0
125 3 55 15 1
135 3 299 2 2
113 3 258 2 3
133 3 53 15 4
140 3 273 2 5
148 3 299 2 6
130 3 271 2 7
128 3 228 15 8
133 3 225 15 9
139 3 225 15 10
127 3 213 15 11
118 3 158 2 12
133 3 82 15 13
133 3 90 15 14
140 3 54 15 15
133 3 73 15 16
166 3 226 15 17
164 3 224 15 18
165 3 244 15 19
167 3 210 15 20
168 3 249 15 21
173 3 72 15 22
175 3 261 15 23
174 3 77 15 24
171 3 239 15 25
188 3 52 15 26
175 3 246 15 27
179 3 250 15 28
189 3 61 15 29
187 3 301 2 30
196 3 61 15 31
192 3 269 15 32
203 3 61 15 33
192 7 206 2 34
206 3 66 15 35
197 13 202 2 36
209 3 52 15 37
199 7 245 2 38
206 3 243 15 39
202 10 240 2 40
207 12 233 2 41
207 3 227 15 42
207 3 175 15 43
206 16 197 2 44
207 3 217 15 45
207 3 191 15 46
228 3 174 15 47
223 15 189 2 48
226 7 229 2 49
226 3 92 15 50
218 3 248 15 51
230 10 188 2 52
220 7 266 2 53
224 11 221 2 54
220 3 250 15 55
233 3 106 2 56
223 6 265 2 57
231 1 217 2 58
220 3 253 15 59
229 3 71 15 60
220 3 262 15 61
233 3 270 15 62
236 3 83 15 63
229 4 252 2 64
230 1 246 2 65
239 3 265 15 66
225 3 279 2 67
237 3 60 15 68
244 3 223 15 69
235 3 277 15 70
252 3 233 15 71
229 3 263 15 72
236 3 39 15 73
261 3 239 15 74
251 3 240 15 75
246 3 254 15 76
262 3 65 15 77
239 3 57 15 78
273 3 64 15 79
268 3 250 15 80
303 3 164 2 81
259 3 267 15 82
284 3 84 15 83
271 3 242 15 84
312 3 179 2 85
257 3 287 2 86
287 3 225 15 87
305 3 127 2 88
294 3 212 15 89
292 3 223 15 90
238 3 318 15 91
296 3 92 15 92
319 3 195 2 93
288 3 70 15 94
317 3 144 2 95
269 3 255 15 96
260 3 308 2 97
298 3 80 15 98
326 3 151 2 99
324 3 210 2 100
291 3 277 2 101
291 3 54 15 102
334 3 161 2 103
252 3 300 2 104
303 3 267 2 105
325 3 227 2 106
313 3 255 2 107
300 3 70 15 108
307 3 97 15 109
290 3 58 15 110
-1 0 49 15 111
7 0 46 15 112
2 0 87 15 113
2 0 58 15 114
6 0 60 15 115
-6 0 85 15 116
4 0 74 15 117
-6 0 96 15 118
-17 0 138 15 119
-4 0 73 15 120
19 0 42 15 121
13 0 94 15 122
14 0 70 15 123
31 0 55 15 124
29 0 68 15 125
20 0 93 15 126
38 0 70 15 127
24 0 97 15 128
51 0 63 15 129
-13 0 204 15 130
36 0 222 2 131
28 0 87 15 132
12 0 84 15 133
28 0 60 15 134
39 0 51 15 135
50 0 42 15 136
24 0 54 15 137
13 0 76 15 138
22 0 69 15 139
-9 0 168 15 140
33 0 85 15 141
44 0 51 15 142
45 0 91 15 143
45 0 78 15 144
36 0 69 15 145
48 0 66 15 146
60 0 89 15 147
72 0 64 15 148
77 0 67 15 149
81 0 72 15 150
73 0 96 15 151
89 0 64 15 152
91 0 81 15 153
64 0 205 2 154
84 0 83 15 155
107 0 71 15 156
91 0 80 15 157
73 0 176 2 158
107 0 55 15 159
103 0 69 15 160
113 0 52 15 161
106 0 82 15 162
105 0 88 15 163
78 0 165 2 164
71 0 188 2 165
70 0 199 2 166
93 0 229 2 167
106 0 47 15 168
111 0 41 15 169
109 0 64 15 170
87 0 155 2 171
106 0 88 15 172
96 0 207 2 173
110 0 83 15 174
99 0 194 2 175
99 0 134 2 176
103 0 182 2 177
109 0 129 2 178
127 0 68 15 179
131 0 73 15 180
109 0 170 2 181
126 0 59 15 182
116 0 131 2 183
134 0 148 2 184
142 0 88 15 185
142 0 120 2 186
145 0 215 15 187
153 0 68 15 188
147 0 137 2 189
152 0 114 2 190
168 0 57 15 191
159 0 236 15 192
153 0 214 15 193
151 0 225 15 194
167 0 36 15 195
159 0 136 2 196
171 0 59 15 197
164 0 113 2 198
162 0 215 15 199
176 0 79 15 200
182 0 48 15 201
178 0 87 15 202
183 0 75 15 203
186 0 68 15 204
176 0 130 2 205
178 0 225 15 206
174 0 230 15 207
183 0 111 2 208
191 0 72 15 209
186 0 253 15 210
185 0 265 15 211
187 0 84 15 212
192 -8 201 2 213
193 0 90 15 214
190 -2 204 2 215
197 0 267 15 216
194 0 263 15 217
199 0 80 15 218
199 -11 205 2 219
196 -4 234 2 220
195 0 79 15 221
197 0 79 15 222
200 0 74 15 223
201 0 47 15 224
195 0 177 15 225
207 -10 211 2 226
197 0 124 2 227
202 -6 243 2 228
203 0 84 15 229
206 0 199 15 230
209 0 72 15 231
202 0 177 15 232
207 0 222 15 233
207 0 187 15 234
211 0 70 15 235
208 0 100 2 236
211 0 89 15 237
216 0 125 2 238
208 0 208 15 239
216 0 174 15 240
212 0 176 15 241
229 -6 216 2 242
243 0 124 2 243
227 -4 246 2 244
237 0 68 15 245
246 0 219 15 246
245 0 86 15 247
250 0 226 15 248
256 0 224 15 249
261 0 216 15 250
244 0 51 15 251
255 0 111 2 252
261 0 137 2 253
256 0 213 15 254
267 0 110 2 255
260 0 82 15 256
269 0 215 15 257
276 0 134 2 258
269 0 225 15 259
288 0 143 2 260
280 0 215 15 261
289 0 117 2 262
278 0 224 15 263
305 0 82 15 264
347 0 207 2 265
308 0 68 15 266
347 0 192 2 267
344 0 176 2 268
310 0 83 15 269
314 0 73 15 270
317 0 85 15 271
297 0 41 15 272
313 0 50 15 273
311 0 48 15 274
320 0 53 15 275
350 0 85 15 276
330 0 58 15 277
329 0 91 15 278
326 0 79 15 279
334 0 52 15 280
332 0 85 15 281
357 0 85 15 282
364 0 220 2 283
346 0 60 15 284
377 0 80 15 285
372 0 77 15 286
391 0 89 15 287
374 0 59 15 288
397 0 67 15 289
431 0 186 15 290
414 0 86 15 291
408 0 83 15 292
376 0 48 15 293
398 0 87 15 294
435 0 156 15 295
412 0 82 15 296
389 0 68 15 297
399 0 104 15 298
439 0 221 15 299
409 0 56 15 300
393 0 43 15 301
426 0 86 15 302
400 0 61 15 303
391 0 63 15 304
395 0 78 15 305
389 0 74 15 306
394 0 88 15 307
408 0 87 15 308
367 0 55 15 309
332 0 297 2 310
391 0 54 15 311
408 0 63 15 312
405 0 87 15 313
401 0 34 15 314
407 0 52 15 315
424 0 104 15 316
427 0 56 15 317
448 0 126 15 318
418 0 40 15 319
419 0 52 15 320
425 0 65 15 321
428 0 77 15 322
-30 0 25 15 323
-12 0 38 15 324
-3 0 39 15 325
-3 0 54 15 326
17 0 48 15 327
33 0 36 15 328
33 0 58 15 329
53 0 51 15 330
76 0 37 15 331
63 0 74 15 332
90 0 39 15 333
111 0 25 15 334
115 0 41 15 335
118 0 60 15 336
135 0 45 15 337
131 0 106 2 338
148 0 56 15 339
172 0 44 15 340
176 0 66 15 341
195 0 42 15 342
206 0 55 15 343
216 0 48 15 344
221 0 65 15 345
232 0 76 15 346
240 0 58 15 347
261 0 55 15 348
269 0 68 15 349
284 0 76 15 350
280 0 47 15 351
291 0 46 15 352
302 0 45 15 353
327 0 67 15 354
332 0 52 15 355
352 0 66 15 356
339 0 36 15 357
361 0 52 15 358
366 0 40 15 359
380 0 42 15 360
404 0 60 15 361
402 0 40 15 362
412 0 37 15 363
430 0 47 15 364
433 0 39 15 365
455 0 40 15 366
442 0 28 15 367
442 0 51 15 368
432 0 52 15 369
457 0 88 15 370
441 0 82 15 371
418 0 72 15 372
433 0 97 15 373
397 0 316 15 374
457 0 320 15 375
424 0 323 15 376
450 0 293 15 377
355 0 323 15 378
440 0 263 15 379
316 0 323 15 380
330 0 304 2 381
335 0 299 2 382
339 0 291 2 383
343 0 283 2 384
345 0 275 2 385
346 0 266 2 386
347 0 257 2 387
346 0 245 2 388
273 0 311 2 389
313 0 253 2 390
267 0 289 2 391
250 0 279 15 392
255 0 267 15 393
259 0 251 15 394
243 0 259 15 395
223 0 279 15 396
216 -6 260 2 397
210 0 247 15 398
198 0 252 2 399
188 0 293 2 400
174 0 271 15 401
157 0 249 15 402
155 0 253 15 403
157 0 290 2 404
124 0 271 2 405
106 0 253 2 406
117 0 300 2 407
71 0 243 2 408
69 0 253 2 409
69 0 262 2 410
69 0 271 2 411
70 0 279 2 412
73 0 287 2 413
-7 0 247 15 414
71 0 294 2 415
58 0 323 15 416
-22 0 277 15 417
-12 0 323 15 418
-30 0 306 15 419
15 0 317 15 420
75 0 312 15 421
-30 0 113 15 422
-17 0 84 15 423
0 0 44 15 424
-17 0 63 15 425
-17 0 53 15 426
-30 0 60 15 427
