428
128 1 43 15 0
136 1 28 15 1
147 1 326 2 2
119 1 270 2 3
144 1 26 15 4
153 1 297 2 5
163 1 329 2 6
140 1 290 2 7
137 1 240 15 8
143 1 239 15 9
151 1 241 15 10
136 1 225 15 11
123 1 157 2 12
142 1 61 15 13
142 1 70 15 14
152 1 27 15 15
142 1 53 15 16
172 1 244 15 17
169 1 240 15 18
169 1 264 15 19
172 1 225 15 20
173 1 269 15 21
179 1 48 15 22
181 1 284 15 23
179 1 55 15 24
176 1 254 15 25
196 1 24 15 26
179 1 261 15 27
182 1 267 15 28
195 1 37 15 29
191 1 332 2 30
202 1 37 15 31
196 1 292 15 32
209 1 37 15 33
194 6 211 2 34
212 1 42 15 35
200 14 207 2 36
215 1 23 15 37
201 6 253 2 38
211 1 254 15 39
205 10 249 2 40
211 12 244 2 41
211 1 237 15 42
210 1 180 15 43
209 18 203 2 44
211 1 227 15 45
210 1 197 15 46
229 1 180 15 47
222 17 197 2 48
226 6 237 2 49
225 1 75 15 50
215 1 265 15 51
230 11 194 2 52
217 6 283 2 53
222 11 236 2 54
216 1 270 15 55
233 1 94 2 56
220 5 280 2 57
229 0 230 2 58
217 1 274 15 59
227 1 50 15 60
215 1 287 15 61
230 1 287 15 62
233 1 66 15 63
223 3 273 2 64
224 0 268 2 65
235 1 280 15 66
218 1 307 2 67
232 1 36 15 68
242 1 239 15 69
229 1 296 15 70
250 1 247 15 71
220 1 291 15 72
228 1 8 15 73
261 1 248 15 74
248 1 254 15 75
241 1 270 15 76
260 1 40 15 77
232 1 24 15 78
265 1 36 15 79
258 1 266 15 80
303 1 164 2 81
246 1 285 15 82
278 1 65 15 83
261 1 258 15 84
313 1 181 2 85
242 1 309 2 86
282 1 237 15 87
303 1 122 2 88
289 1 224 15 89
286 1 235 15 90
217 1 348 15 91
290 1 77 15 92
320 1 200 2 93
279 1 48 15 94
315 1 135 2 95
253 1 277 15 96
242 1 336 2 97
290 1 62 15 98
325 1 145 2 99
322 1 217 2 100
279 1 296 2 101
278 1 27 15 102
334 1 159 2 103
228 1 333 2 104
294 1 284 2 105
321 1 236 2 106
305 1 270 2 107
289 1 47 15 108
298 1 76 15 109
274 1 26 15 110
20 0 23 15 111
28 0 21 15 112
21 0 61 15 113
19 0 37 15 114
24 0 38 15 115
9 0 68 15 116
22 0 52 15 117
9 0 78 15 118
-7 0 128 15 119
10 0 58 15 120
38 0 19 15 121
30 0 71 15 122
29 0 51 15 123
52 0 24 15 124
49 0 40 15 125
37 0 70 15 126
60 0 39 15 127
42 0 72 15 128
78 0 27 15 129
-6 0 208 15 130
59 0 230 2 131
47 0 62 15 132
25 0 69 15 133
45 0 36 15 134
59 0 23 15 135
74 0 9 15 136
39 0 35 15 137
25 0 61 15 138
37 0 50 15 139
-4 0 167 15 140
49 0 65 15 141
63 0 26 15 142
63 0 67 15 143
63 0 57 15 144
51 0 50 15 145
64 0 47 15 146
69 0 76 15 147
84 0 42 15 148
90 0 43 15 149
96 0 47 15 150
86 0 77 15 151
107 0 33 15 152
106 0 54 15 153
69 0 216 2 154
94 0 68 15 155
123 0 41 15 156
101 0 64 15 157
76 0 178 2 158
120 0 32 15 159
115 0 48 15 160
128 0 24 15 161
119 0 61 15 162
117 0 67 15 163
82 0 165 2 164
74 0 191 2 165
72 0 204 2 166
102 0 240 2 167
119 0 26 15 168
125 0 17 15 169
121 0 44 15 170
92 0 151 2 171
115 0 74 15 172
101 0 218 2 173
118 0 68 15 174
103 0 201 2 175
102 0 134 2 176
106 0 185 2 177
113 0 126 2 178
136 0 44 15 179
142 0 47 15 180
113 0 171 2 181
135 0 37 15 182
121 0 122 2 183
136 0 145 2 184
147 0 74 15 185
144 0 109 2 186
149 0 226 15 187
158 0 49 15 188
150 0 135 2 189
156 0 103 2 190
177 0 27 15 191
165 0 257 15 192
157 0 226 15 193
154 0 238 15 194
174 0 6 15 195
163 0 129 2 196
178 0 37 15 197
168 0 100 2 198
165 0 227 15 199
181 0 65 15 200
188 0 23 15 201
183 0 72 15 202
189 0 54 15 203
193 0 44 15 204
181 0 123 2 205
182 0 240 15 206
177 0 242 15 207
187 0 97 2 208
197 0 51 15 209
191 0 277 15 210
189 0 288 15 211
191 0 72 15 212
197 -10 214 2 213
198 0 75 15 214
193 -3 213 2 215
202 0 292 15 216
198 0 285 15 217
205 0 58 15 218
205 -14 218 2 219
201 -5 253 2 220
199 0 66 15 221
201 0 61 15 222
206 0 52 15 223
207 0 22 15 224
198 0 181 15 225
214 -13 223 2 226
200 0 119 2 227
207 -8 259 2 228
207 0 72 15 229
210 0 207 15 230
214 0 51 15 231
204 0 181 15 232
211 0 233 15 233
210 0 191 15 234
215 0 53 15 235
211 0 91 2 236
215 0 74 15 237
220 0 119 2 238
211 0 214 15 239
220 0 180 15 240
216 0 180 15 241
226 -8 227 2 242
243 0 121 2 243
222 -5 265 2 244
234 0 49 15 245
245 0 230 15 246
242 0 71 15 247
248 0 239 15 248
254 0 239 15 249
261 0 226 15 250
238 0 22 15 251
252 0 98 2 252
260 0 130 2 253
254 0 226 15 254
268 0 103 2 255
258 0 64 15 256
269 0 226 15 257
277 0 134 2 258
266 0 238 15 259
290 0 145 2 260
278 0 225 15 261
288 0 111 2 262
273 0 237 15 263
297 0 64 15 264
349 0 213 2 265
298 0 46 15 266
348 0 196 2 267
344 0 177 2 268
298 0 59 15 269
304 0 53 15 270
307 0 64 15 271
280 0 8 15 272
299 0 25 15 273
296 0 20 15 274
307 0 31 15 275
344 0 74 15 276
318 0 32 15 277
316 0 66 15 278
310 0 49 15 279
319 0 25 15 280
315 0 55 15 281
347 0 68 15 282
355 0 230 2 283
330 0 35 15 284
360 0 58 15 285
353 0 53 15 286
378 0 73 15 287
354 0 35 15 288
384 0 51 15 289
428 0 187 15 290
405 0 75 15 291
396 0 70 15 292
354 0 21 15 293
382 0 67 15 294
429 0 149 15 295
399 0 66 15 296
368 0 42 15 297
380 0 82 15 298
431 0 228 15 299
392 0 38 15 300
371 0 19 15 301
414 0 73 15 302
379 0 38 15 303
367 0 35 15 304
373 0 50 15 305
364 0 42 15 306
370 0 58 15 307
388 0 63 15 308
335 0 14 15 309
289 0 327 2 310
366 0 23 15 311
387 0 41 15 312
382 0 60 15 313
376 0 6 15 314
383 0 27 15 315
405 0 82 15 316
408 0 36 15 317
435 0 110 15 318
395 0 16 15 319
395 0 27 15 320
403 0 41 15 321
407 0 55 15 322
-12 0 2 15 323
7 0 19 15 324
14 0 20 15 325
11 0 40 15 326
32 0 32 15 327
48 0 17 15 328
45 0 44 15 329
67 0 36 15 330
92 0 18 15 331
70 0 65 15 332
102 0 20 15 333
125 0 2 15 334
126 0 23 15 335
126 0 48 15 336
143 0 28 15 337
134 0 107 2 338
152 0 43 15 339
179 0 26 15 340
180 0 56 15 341
200 0 24 15 342
210 0 41 15 343
219 0 31 15 344
221 0 54 15 345
232 0 68 15 346
238 0 44 15 347
261 0 41 15 348
267 0 58 15 349
283 0 69 15 350
272 0 31 15 351
283 0 30 15 352
293 0 28 15 353
321 0 57 15 354
324 0 37 15 355
345 0 55 15 356
324 0 16 15 357
349 0 37 15 358
351 0 22 15 359
365 0 24 15 360
392 0 48 15 361
385 0 22 15 362
394 0 18 15 363
413 0 31 15 364
413 0 20 15 365
437 0 22 15 366
419 0 3 15 367
419 0 28 15 368
406 0 25 15 369
438 0 68 15 370
417 0 57 15 371
388 0 39 15 372
407 0 67 15 373
360 0 347 15 374
438 0 349 15 375
398 0 350 15 376
435 0 311 15 377
316 0 350 15 378
431 0 272 15 379
274 0 350 15 380
297 0 326 2 381
307 0 319 2 382
316 0 309 2 383
326 0 299 2 384
333 0 289 2 385
339 0 276 2 386
344 0 264 2 387
347 0 250 2 388
257 0 335 2 389
312 0 259 2 390
257 0 307 2 391
239 0 294 15 392
250 0 277 15 393
259 0 257 15 394
243 0 267 15 395
220 0 293 15 396
216 -8 269 2 397
212 0 252 15 398
200 0 258 2 399
192 0 312 2 400
178 0 283 15 401
160 0 254 15 402
161 0 260 15 403
169 0 308 2 404
130 0 283 2 405
111 0 260 2 406
129 0 321 2 407
74 0 247 2 408
75 0 260 2 409
79 0 271 2 410
83 0 283 2 411
89 0 294 2 412
97 0 303 2 413
-3 0 252 15 414
102 0 313 2 415
90 0 350 15 416
-9 0 291 15 417
8 0 350 15 418
-12 0 330 15 419
46 0 348 15 420
124 0 346 15 421
-12 0 91 15 422
5 0 57 15 423
27 0 9 15 424
5 0 39 15 425
5 0 30 15 426
-12 0 43 15 427
