428
106 5 97 15 0
112 5 89 15 1
120 5 266 2 2
106 5 242 2 3
119 5 87 15 4
123 5 243 2 5
128 5 262 2 6
117 5 246 2 7
116 5 212 15 8
120 5 208 15 9
124 5 204 15 10
116 5 199 15 11
111 5 160 2 12
121 5 109 15 13
121 5 115 15 14
126 5 89 15 15
122 5 98 15 16
159 5 202 15 17
158 5 203 15 18
159 5 218 15 19
160 5 191 15 20
161 5 224 15 21
165 5 103 15 22
166 5 233 15 23
167 5 104 15 24
166 5 221 15 25
178 5 86 15 26
170 5 226 15 27
175 5 230 15 28
181 5 92 15 29
181 5 261 2 30
188 5 91 15 31
187 5 240 15 32
195 5 92 15 33
189 8 199 2 34
199 5 96 15 35
194 12 195 2 36
202 5 89 15 37
196 8 234 2 38
201 5 228 15 39
198 10 229 2 40
201 11 220 2 41
202 5 214 15 42
202 5 167 15 43
202 14 190 2 44
202 5 205 15 45
203 5 184 15 46
227 5 167 15 47
224 13 179 2 48
226 8 218 2 49
226 5 114 15 50
221 5 227 15 51
229 10 180 2 52
223 8 245 2 53
227 10 202 2 54
224 5 226 15 55
233 5 120 2 56
228 8 246 2 57
233 4 201 2 58
226 5 226 15 59
233 5 98 15 60
228 5 231 15 61
237 5 250 15 62
240 5 105 15 63
235 6 225 2 64
237 4 219 2 65
244 5 246 15 66
235 5 243 2 67
243 5 91 15 68
248 5 204 15 69
243 5 253 15 70
254 5 216 15 71
241 5 227 15 72
245 5 78 15 73
261 5 227 15 74
255 5 223 15 75
252 5 234 15 76
263 5 96 15 77
249 5 97 15 78
284 5 98 15 79
281 5 230 15 80
303 5 164 2 81
275 5 244 15 82
291 5 109 15 83
283 5 223 15 84
310 5 175 2 85
276 5 259 2 86
295 5 210 15 87
306 5 134 2 88
301 5 197 15 89
299 5 207 15 90
266 5 279 15 91
303 5 111 15 92
318 5 188 2 93
300 5 97 15 94
319 5 155 2 95
289 5 227 15 96
284 5 274 2 97
309 5 104 15 98
327 5 159 2 99
326 5 200 2 100
305 5 253 2 101
307 5 88 15 102
334 5 164 2 103
283 5 258 2 104
315 5 245 2 105
330 5 215 2 106
322 5 235 2 107
315 5 99 15 108
319 5 123 15 109
310 5 98 15 110
-26 0 80 15 111
-19 0 77 15 112
-22 0 118 15 113
-20 0 83 15 114
-18 0 88 15 115
-25 0 106 15 116
-19 0 102 15 117
-25 0 118 15 118
-30 0 151 15 119
-21 0 92 15 120
-5 0 71 15 121
-8 0 123 15 122
-6 0 95 15 123
5 0 93 15 124
4 0 104 15 125
-2 0 121 15 126
9 0 109 15 127
0 0 128 15 128
17 0 109 15 129
-23 0 198 15 130
8 0 212 2 131
4 0 119 15 132
-5 0 103 15 133
7 0 90 15 134
14 0 87 15 135
21 0 83 15 136
5 0 79 15 137
-2 0 95 15 138
4 0 94 15 139
-15 0 170 15 140
12 0 110 15 141
20 0 82 15 142
21 0 122 15 143
23 0 105 15 144
17 0 93 15 145
27 0 91 15 146
49 0 106 15 147
56 0 93 15 148
59 0 97 15 149
62 0 103 15 150
57 0 121 15 151
67 0 103 15 152
71 0 115 15 153
57 0 192 2 154
70 0 102 15 155
87 0 108 15 156
77 0 99 15 157
69 0 174 2 158
90 0 84 15 159
88 0 95 15 160
94 0 88 15 161
90 0 108 15 162
89 0 114 15 163
72 0 165 2 164
68 0 184 2 165
67 0 194 2 166
81 0 215 2 167
90 0 73 15 168
93 0 72 15 169
94 0 90 15 170
81 0 161 2 171
94 0 105 15 172
89 0 193 2 173
100 0 102 15 174
93 0 185 2 175
96 0 133 2 176
98 0 179 2 177
103 0 134 2 178
115 0 99 15 179
117 0 104 15 180
103 0 170 2 181
115 0 87 15 182
108 0 143 2 183
131 0 152 2 184
137 0 105 15 185
138 0 135 2 186
140 0 201 15 187
146 0 93 15 188
143 0 140 2 189
146 0 128 2 190
157 0 95 15 191
151 0 209 15 192
147 0 198 15 193
146 0 207 15 194
157 0 73 15 195
153 0 144 2 196
161 0 87 15 197
158 0 130 2 198
157 0 201 15 199
171 0 96 15 200
174 0 80 15 201
172 0 106 15 202
175 0 101 15 203
177 0 99 15 204
171 0 140 2 205
173 0 205 15 206
171 0 214 15 207
177 0 129 2 208
184 0 99 15 209
181 0 223 15 210
180 0 236 15 211
181 0 99 15 212
186 -5 185 2 213
188 0 110 15 214
186 -1 192 2 215
190 0 234 15 216
188 0 234 15 217
192 0 108 15 218
192 -6 189 2 219
190 -2 209 2 220
189 0 96 15 221
191 0 101 15 222
193 0 102 15 223
194 0 79 15 224
191 0 170 15 225
199 -6 196 2 226
193 0 131 2 227
196 -3 222 2 228
198 0 99 15 229
200 0 189 15 230
202 0 98 15 231
198 0 170 15 232
201 0 209 15 233
203 0 181 15 234
206 0 90 15 235
204 0 112 2 236
206 0 108 15 237
209 0 133 2 238
204 0 200 15 239
209 0 166 15 240
207 0 169 15 241
232 -4 202 2 242
242 0 128 2 243
233 -2 221 2 244
241 0 93 15 245
247 0 204 15 246
249 0 105 15 247
252 0 209 15 248
258 0 205 15 249
262 0 202 15 250
251 0 87 15 251
258 0 127 2 252
262 0 147 2 253
259 0 196 15 254
266 0 120 2 255
262 0 104 15 256
269 0 202 15 257
275 0 135 2 258
273 0 209 15 259
285 0 141 2 260
282 0 202 15 261
289 0 125 2 262
283 0 208 15 263
315 0 104 15 264
344 0 198 2 265
321 0 96 15 266
345 0 186 2 267
345 0 174 2 268
324 0 113 15 269
328 0 99 15 270
330 0 112 15 271
319 0 81 15 272
331 0 82 15 273
330 0 83 15 274
337 0 82 15 275
357 0 98 15 276
346 0 89 15 277
346 0 123 15 278
346 0 116 15 279
352 0 86 15 280
352 0 122 15 281
370 0 107 15 282
375 0 208 2 283
366 0 92 15 284
399 0 107 15 285
396 0 107 15 286
408 0 110 15 287
398 0 89 15 288
413 0 86 15 289
436 0 183 15 290
425 0 100 15 291
423 0 101 15 292
403 0 82 15 293
419 0 113 15 294
442 0 164 15 295
429 0 103 15 296
416 0 101 15 297
422 0 132 15 298
449 0 211 15 299
431 0 79 15 300
421 0 73 15 301
442 0 102 15 302
425 0 89 15 303
420 0 98 15 304
423 0 113 15 305
420 0 113 15 306
423 0 125 15 307
433 0 117 15 308
407 0 106 15 309
385 0 259 2 310
424 0 93 15 311
435 0 91 15 312
433 0 121 15 313
433 0 70 15 314
437 0 84 15 315
448 0 132 15 316
451 0 82 15 317
465 0 145 15 318
446 0 69 15 319
448 0 84 15 320
453 0 95 15 321
455 0 106 15 322
-52 0 54 15 323
-36 0 62 15 324
-25 0 63 15 325
-19 0 72 15 326
-2 0 69 15 327
13 0 61 15 328
19 0 75 15 329
37 0 70 15 330
56 0 62 15 331
53 0 85 15 332
76 0 63 15 333
94 0 54 15 334
102 0 64 15 335
109 0 76 15 336
125 0 67 15 337
127 0 105 2 338
144 0 74 15 339
164 0 66 15 340
172 0 80 15 341
189 0 65 15 342
201 0 73 15 343
213 0 68 15 344
220 0 79 15 345
233 0 86 15 346
243 0 75 15 347
261 0 73 15 348
271 0 81 15 349
286 0 86 15 350
289 0 68 15 351
301 0 67 15 352
313 0 67 15 353
334 0 80 15 354
343 0 71 15 355
360 0 80 15 356
357 0 61 15 357
376 0 71 15 358
385 0 64 15 359
399 0 65 15 360
419 0 76 15 361
423 0 64 15 362
435 0 62 15 363
451 0 68 15 364
458 0 63 15 365
477 0 64 15 366
471 0 59 15 367
471 0 79 15 368
465 0 85 15 369
480 0 112 15 370
470 0 114 15 371
456 0 113 15 372
465 0 134 15 373
443 0 276 15 374
480 0 284 15 375
457 0 288 15 376
468 0 269 15 377
403 0 288 15 378
452 0 251 15 379
368 0 288 15 380
372 0 276 2 381
370 0 273 2 382
367 0 269 2 383
364 0 264 2 384
360 0 258 2 385
356 0 253 2 386
351 0 247 2 387
345 0 240 2 388
294 0 281 2 389
314 0 244 2 390
280 0 267 2 391
264 0 261 15 392
262 0 253 15 393
259 0 243 15 394
244 0 248 15 395
226 0 261 15 396
217 -3 249 2 397
208 0 241 15 398
195 0 244 2 399
184 0 270 2 400
169 0 256 15 401
154 0 242 15 402
147 0 245 15 403
143 0 268 2 404
117 0 256 2 405
100 0 245 2 406
102 0 274 2 407
68 0 238 2 408
62 0 245 2 409
56 0 250 2 410
51 0 256 2 411
46 0 261 2 412
43 0 266 2 413
-13 0 241 15 414
31 0 270 2 415
18 0 288 15 416
-37 0 260 15 417
-36 0 288 15 418
-52 0 277 15 419
-24 0 279 15 420
13 0 270 15 421
-52 0 141 15 422
-44 0 117 15 423
-34 0 87 15 424
-44 0 94 15 425
-44 0 82 15 426
-52 0 81 15 427
