428
105 5 99 15 0
112 5 91 15 1
119 5 264 2 2
106 5 242 2 3
118 5 89 15 4
122 5 241 2 5
127 5 260 2 6
116 5 245 2 7
115 5 212 15 8
119 5 208 15 9
123 5 202 15 10
116 5 198 15 11
110 5 160 2 12
120 5 110 15 13
120 5 117 15 14
125 5 91 15 15
121 5 100 15 16
159 5 201 15 17
158 5 202 15 18
158 5 217 15 19
160 5 190 15 20
160 5 222 15 21
165 5 105 15 22
166 5 232 15 23
167 5 105 15 24
165 5 220 15 25
178 5 88 15 26
170 5 225 15 27
174 5 229 15 28
181 5 93 15 29
181 5 259 2 30
188 5 93 15 31
187 5 238 15 32
194 5 94 15 33
188 8 199 2 34
198 5 97 15 35
194 12 195 2 36
202 5 90 15 37
195 8 233 2 38
200 5 228 15 39
198 10 228 2 40
201 11 220 2 41
202 5 213 15 42
202 5 167 15 43
201 14 189 2 44
202 5 204 15 45
202 5 183 15 46
227 5 167 15 47
224 13 178 2 48
226 8 217 2 49
226 5 115 15 50
221 5 226 15 51
229 10 180 2 52
223 8 244 2 53
228 10 201 2 54
224 5 225 15 55
233 5 121 2 56
228 8 245 2 57
233 5 200 2 58
227 5 224 15 59
233 5 99 15 60
229 5 229 15 61
237 5 249 15 62
240 5 106 15 63
236 6 224 2 64
237 5 218 2 65
244 5 245 15 66
236 5 242 2 67
243 5 93 15 68
248 5 202 15 69
244 5 252 15 70
254 5 216 15 71
241 5 225 15 72
246 5 81 15 73
261 5 227 15 74
256 5 222 15 75
252 5 233 15 76
263 5 98 15 77
250 5 100 15 78
285 5 100 15 79
281 5 229 15 80
303 5 164 2 81
276 5 243 15 82
292 5 110 15 83
284 5 221 15 84
310 5 175 2 85
277 5 257 2 86
295 5 209 15 87
306 5 135 2 88
301 5 196 15 89
300 5 206 15 90
268 5 277 15 91
303 5 112 15 92
318 5 187 2 93
301 5 98 15 94
319 5 156 2 95
290 5 226 15 96
285 5 272 2 97
310 5 105 15 98
327 5 159 2 99
326 5 200 2 100
306 5 252 2 101
308 5 90 15 102
334 5 164 2 103
284 5 256 2 104
316 5 244 2 105
330 5 215 2 106
323 5 234 2 107
315 5 101 15 108
320 5 124 15 109
311 5 100 15 110
-28 0 82 15 111
-20 0 79 15 112
-23 0 120 15 113
-21 0 85 15 114
-19 0 89 15 115
-26 0 107 15 116
-20 0 104 15 117
-26 0 119 15 118
-31 0 151 15 119
-22 0 93 15 120
-7 0 73 15 121
-9 0 125 15 122
-7 0 96 15 123
4 0 95 15 124
2 0 106 15 125
-3 0 122 15 126
8 0 112 15 127
-1 0 130 15 128
16 0 112 15 129
-23 0 198 15 130
7 0 211 2 131
3 0 121 15 132
-6 0 104 15 133
6 0 92 15 134
12 0 89 15 135
19 0 85 15 136
4 0 80 15 137
-3 0 96 15 138
3 0 95 15 139
-15 0 170 15 140
11 0 111 15 141
18 0 83 15 142
20 0 123 15 143
21 0 107 15 144
16 0 94 15 145
25 0 92 15 146
48 0 107 15 147
56 0 94 15 148
58 0 98 15 149
61 0 104 15 150
56 0 122 15 151
66 0 106 15 152
70 0 117 15 153
57 0 192 2 154
69 0 103 15 155
86 0 110 15 156
76 0 101 15 157
68 0 174 2 158
89 0 86 15 159
87 0 97 15 160
93 0 89 15 161
89 0 110 15 162
88 0 116 15 163
72 0 165 2 164
68 0 184 2 165
67 0 193 2 166
81 0 214 2 167
89 0 75 15 168
92 0 74 15 169
93 0 91 15 170
81 0 162 2 171
94 0 105 15 172
88 0 193 2 173
100 0 103 15 174
93 0 185 2 175
96 0 133 2 176
98 0 179 2 177
103 0 134 2 178
114 0 100 15 179
117 0 106 15 180
103 0 170 2 181
114 0 89 15 182
108 0 144 2 183
130 0 152 2 184
136 0 105 15 185
138 0 135 2 186
140 0 201 15 187
146 0 94 15 188
143 0 141 2 189
146 0 129 2 190
156 0 97 15 191
151 0 208 15 192
147 0 197 15 193
146 0 206 15 194
156 0 75 15 195
153 0 145 2 196
161 0 89 15 197
158 0 131 2 198
157 0 200 15 199
170 0 97 15 200
174 0 82 15 201
172 0 107 15 202
174 0 103 15 203
176 0 101 15 204
170 0 141 2 205
173 0 204 15 206
171 0 213 15 207
177 0 130 2 208
183 0 100 15 209
180 0 221 15 210
180 0 234 15 211
181 0 100 15 212
186 -4 184 2 213
187 0 111 15 214
185 -1 192 2 215
189 0 233 15 216
188 0 233 15 217
191 0 110 15 218
192 -6 188 2 219
190 -2 208 2 220
189 0 97 15 221
190 0 103 15 222
192 0 104 15 223
193 0 81 15 224
190 0 170 15 225
198 -6 195 2 226
192 0 132 2 227
196 -3 220 2 228
198 0 100 15 229
200 0 188 15 230
202 0 100 15 231
198 0 169 15 232
201 0 209 15 233
202 0 181 15 234
206 0 91 15 235
204 0 113 2 236
206 0 109 15 237
208 0 133 2 238
204 0 200 15 239
209 0 165 15 240
207 0 169 15 241
232 -4 202 2 242
242 0 128 2 243
233 -2 220 2 244
241 0 94 15 245
247 0 204 15 246
249 0 106 15 247
252 0 208 15 248
258 0 204 15 249
262 0 201 15 250
252 0 89 15 251
258 0 128 2 252
262 0 147 2 253
259 0 195 15 254
266 0 120 2 255
262 0 106 15 256
269 0 202 15 257
275 0 135 2 258
273 0 208 15 259
284 0 141 2 260
282 0 202 15 261
289 0 125 2 262
284 0 207 15 263
316 0 106 15 264
343 0 198 2 265
322 0 97 15 266
345 0 186 2 267
345 0 174 2 268
325 0 115 15 269
329 0 100 15 270
330 0 114 15 271
320 0 84 15 272
332 0 84 15 273
331 0 85 15 274
338 0 83 15 275
357 0 98 15 276
347 0 91 15 277
347 0 125 15 278
347 0 118 15 279
353 0 88 15 280
353 0 124 15 281
371 0 108 15 282
376 0 207 2 283
367 0 94 15 284
400 0 108 15 285
397 0 109 15 286
409 0 112 15 287
399 0 91 15 288
414 0 88 15 289
436 0 183 15 290
426 0 101 15 291
424 0 102 15 292
404 0 84 15 293
420 0 114 15 294
442 0 165 15 295
430 0 105 15 296
418 0 103 15 297
424 0 134 15 298
450 0 211 15 299
432 0 80 15 300
423 0 75 15 301
442 0 103 15 302
427 0 91 15 303
422 0 100 15 304
425 0 115 15 305
421 0 115 15 306
425 0 127 15 307
434 0 118 15 308
409 0 109 15 309
388 0 257 2 310
425 0 95 15 311
436 0 93 15 312
434 0 123 15 313
435 0 72 15 314
439 0 86 15 315
449 0 134 15 316
452 0 83 15 317
466 0 147 15 318
448 0 71 15 319
450 0 86 15 320
454 0 97 15 321
456 0 107 15 322
-54 0 56 15 323
-37 0 64 15 324
-26 0 64 15 325
-20 0 73 15 326
-3 0 70 15 327
12 0 62 15 328
18 0 75 15 329
36 0 71 15 330
55 0 63 15 331
53 0 85 15 332
75 0 64 15 333
93 0 56 15 334
101 0 65 15 335
108 0 77 15 336
124 0 68 15 337
127 0 105 2 338
143 0 75 15 339
163 0 67 15 340
171 0 81 15 341
188 0 66 15 342
200 0 74 15 343
212 0 69 15 344
220 0 80 15 345
233 0 86 15 346
243 0 75 15 347
261 0 74 15 348
271 0 82 15 349
286 0 87 15 350
289 0 69 15 351
301 0 69 15 352
314 0 68 15 353
334 0 81 15 354
343 0 72 15 355
360 0 80 15 356
358 0 62 15 357
377 0 72 15 358
386 0 65 15 359
400 0 66 15 360
420 0 77 15 361
424 0 65 15 362
436 0 63 15 363
452 0 69 15 364
460 0 64 15 365
479 0 65 15 366
473 0 61 15 367
473 0 80 15 368
467 0 86 15 369
482 0 114 15 370
472 0 116 15 371
458 0 115 15 372
467 0 136 15 373
445 0 274 15 374
482 0 282 15 375
459 0 286 15 376
469 0 268 15 377
406 0 286 15 378
452 0 250 15 379
371 0 286 15 380
374 0 275 2 381
372 0 272 2 382
368 0 267 2 383
365 0 262 2 384
361 0 258 2 385
356 0 252 2 386
351 0 246 2 387
345 0 239 2 388
296 0 279 2 389
314 0 244 2 390
281 0 266 2 391
265 0 260 15 392
262 0 252 15 393
259 0 243 15 394
244 0 247 15 395
226 0 260 15 396
217 -3 248 2 397
208 0 241 15 398
195 0 243 2 399
183 0 269 2 400
169 0 255 15 401
154 0 241 15 402
146 0 244 15 403
142 0 266 2 404
117 0 255 2 405
100 0 244 2 406
102 0 273 2 407
68 0 238 2 408
61 0 244 2 409
55 0 250 2 410
50 0 255 2 411
45 0 260 2 412
41 0 264 2 413
-13 0 241 15 414
29 0 269 2 415
16 0 286 15 416
-38 0 259 15 417
-38 0 286 15 418
-54 0 276 15 419
-26 0 277 15 420
10 0 268 15 421
-54 0 142 15 422
-45 0 119 15 423
-35 0 89 15 424
-45 0 95 15 425
-45 0 84 15 426
-54 0 82 15 427
