428
127 1 45 15 0
135 1 30 15 1
146 1 324 2 2
118 1 269 2 3
143 1 29 15 4
152 1 295 2 5
162 1 327 2 6
139 1 289 2 7
136 1 239 15 8
143 1 238 15 9
150 1 240 15 10
135 1 224 15 11
122 1 157 2 12
141 1 63 15 13
141 1 72 15 14
151 1 29 15 15
142 1 55 15 16
171 1 243 15 17
169 1 238 15 18
169 1 262 15 19
172 1 224 15 20
172 1 267 15 21
179 1 50 15 22
181 1 282 15 23
179 1 57 15 24
175 1 253 15 25
196 1 26 15 26
179 1 260 15 27
182 1 265 15 28
195 1 39 15 29
190 1 330 2 30
202 1 39 15 31
196 1 290 15 32
209 1 39 15 33
194 7 211 2 34
211 1 44 15 35
200 14 207 2 36
214 1 25 15 37
201 6 252 2 38
210 1 253 15 39
205 10 248 2 40
211 12 243 2 41
211 1 237 15 42
210 1 180 15 43
209 18 202 2 44
211 1 226 15 45
210 1 196 15 46
229 1 179 15 47
222 17 196 2 48
226 6 236 2 49
225 1 76 15 50
216 1 264 15 51
230 11 194 2 52
217 6 282 2 53
222 11 235 2 54
216 1 268 15 55
233 1 95 2 56
220 6 279 2 57
229 0 229 2 58
217 1 272 15 59
227 1 51 15 60
215 1 285 15 61
230 1 285 15 62
233 1 67 15 63
224 3 271 2 64
225 0 266 2 65
235 1 278 15 66
219 1 304 2 67
232 1 38 15 68
242 1 238 15 69
229 1 294 15 70
250 1 246 15 71
221 1 289 15 72
229 1 10 15 73
261 1 247 15 74
248 1 253 15 75
241 1 269 15 76
260 1 42 15 77
232 1 27 15 78
266 1 38 15 79
259 1 265 15 80
303 1 164 2 81
247 1 284 15 82
279 1 66 15 83
262 1 257 15 84
313 1 180 2 85
244 1 308 2 86
282 1 236 15 87
303 1 123 2 88
289 1 223 15 89
287 1 234 15 90
218 1 346 15 91
291 1 78 15 92
320 1 199 2 93
280 1 50 15 94
315 1 136 2 95
254 1 275 15 96
243 1 334 2 97
291 1 63 15 98
325 1 146 2 99
323 1 217 2 100
280 1 294 2 101
279 1 30 15 102
334 1 159 2 103
230 1 330 2 104
295 1 283 2 105
321 1 235 2 106
306 1 269 2 107
290 1 49 15 108
299 1 78 15 109
275 1 28 15 110
18 0 25 15 111
26 0 23 15 112
19 0 63 15 113
18 0 39 15 114
23 0 40 15 115
8 0 69 15 116
20 0 54 15 117
8 0 80 15 118
-8 0 129 15 119
9 0 59 15 120
36 0 21 15 121
29 0 73 15 122
28 0 52 15 123
50 0 26 15 124
47 0 42 15 125
36 0 72 15 126
58 0 41 15 127
41 0 74 15 128
76 0 30 15 129
-6 0 207 15 130
57 0 229 2 131
45 0 64 15 132
24 0 70 15 133
44 0 38 15 134
57 0 25 15 135
72 0 11 15 136
38 0 36 15 137
24 0 63 15 138
36 0 51 15 139
-4 0 167 15 140
47 0 66 15 141
61 0 28 15 142
62 0 69 15 143
62 0 59 15 144
49 0 52 15 145
63 0 48 15 146
68 0 77 15 147
83 0 43 15 148
89 0 45 15 149
95 0 49 15 150
85 0 78 15 151
105 0 35 15 152
105 0 57 15 153
69 0 215 2 154
93 0 69 15 155
122 0 43 15 156
100 0 65 15 157
76 0 177 2 158
119 0 34 15 159
114 0 49 15 160
126 0 27 15 161
118 0 62 15 162
116 0 68 15 163
82 0 165 2 164
74 0 190 2 165
72 0 203 2 166
101 0 239 2 167
118 0 27 15 168
124 0 19 15 169
120 0 46 15 170
92 0 151 2 171
114 0 75 15 172
100 0 217 2 173
118 0 70 15 174
102 0 200 2 175
102 0 134 2 176
106 0 184 2 177
112 0 126 2 178
135 0 46 15 179
141 0 49 15 180
112 0 171 2 181
135 0 39 15 182
121 0 123 2 183
136 0 146 2 184
146 0 75 15 185
144 0 110 2 186
149 0 225 15 187
158 0 50 15 188
149 0 135 2 189
155 0 104 2 190
177 0 30 15 191
165 0 255 15 192
156 0 225 15 193
154 0 237 15 194
174 0 9 15 195
162 0 130 2 196
178 0 39 15 197
168 0 101 2 198
165 0 226 15 199
180 0 66 15 200
188 0 25 15 201
183 0 74 15 202
189 0 55 15 203
192 0 46 15 204
180 0 123 2 205
182 0 239 15 206
177 0 241 15 207
186 0 98 2 208
196 0 53 15 209
190 0 275 15 210
189 0 286 15 211
190 0 73 15 212
197 -10 213 2 213
197 0 76 15 214
193 -3 212 2 215
201 0 290 15 216
198 0 284 15 217
204 0 60 15 218
205 -14 217 2 219
201 -5 252 2 220
198 0 67 15 221
201 0 63 15 222
205 0 53 15 223
206 0 24 15 224
198 0 181 15 225
213 -13 222 2 226
200 0 120 2 227
206 -8 258 2 228
207 0 73 15 229
210 0 206 15 230
214 0 52 15 231
204 0 180 15 232
210 0 232 15 233
210 0 191 15 234
215 0 55 15 235
211 0 92 2 236
215 0 75 15 237
220 0 120 2 238
211 0 214 15 239
220 0 180 15 240
216 0 180 15 241
226 -8 226 2 242
243 0 121 2 243
222 -5 264 2 244
234 0 50 15 245
245 0 229 15 246
242 0 73 15 247
248 0 238 15 248
254 0 237 15 249
261 0 225 15 250
239 0 24 15 251
252 0 99 2 252
260 0 130 2 253
254 0 225 15 254
268 0 103 2 255
259 0 66 15 256
269 0 225 15 257
277 0 134 2 258
267 0 237 15 259
290 0 145 2 260
278 0 224 15 261
288 0 112 2 262
274 0 236 15 263
298 0 66 15 264
349 0 213 2 265
299 0 48 15 266
348 0 195 2 267
344 0 177 2 268
299 0 61 15 269
305 0 55 15 270
308 0 66 15 271
281 0 11 15 272
300 0 27 15 273
297 0 22 15 274
308 0 32 15 275
345 0 75 15 276
319 0 34 15 277
317 0 68 15 278
311 0 52 15 279
320 0 28 15 280
317 0 58 15 281
348 0 69 15 282
356 0 229 2 283
331 0 37 15 284
361 0 60 15 285
355 0 55 15 286
379 0 74 15 287
356 0 37 15 288
385 0 52 15 289
428 0 187 15 290
405 0 76 15 291
397 0 71 15 292
356 0 24 15 293
384 0 69 15 294
430 0 150 15 295
400 0 67 15 296
370 0 44 15 297
382 0 84 15 298
432 0 228 15 299
393 0 40 15 300
373 0 21 15 301
415 0 74 15 302
381 0 40 15 303
369 0 37 15 304
374 0 52 15 305
366 0 45 15 306
372 0 61 15 307
389 0 65 15 308
338 0 17 15 309
292 0 324 2 310
368 0 26 15 311
389 0 43 15 312
384 0 62 15 313
378 0 8 15 314
385 0 29 15 315
407 0 84 15 316
410 0 38 15 317
436 0 111 15 318
397 0 18 15 319
397 0 29 15 320
405 0 43 15 321
408 0 56 15 322
-14 0 4 15 323
5 0 21 15 324
13 0 22 15 325
10 0 41 15 326
31 0 34 15 327
47 0 18 15 328
44 0 45 15 329
66 0 37 15 330
91 0 19 15 331
70 0 66 15 332
101 0 22 15 333
124 0 4 15 334
125 0 24 15 335
125 0 49 15 336
142 0 29 15 337
133 0 107 2 338
152 0 44 15 339
178 0 28 15 340
180 0 57 15 341
200 0 26 15 342
209 0 42 15 343
219 0 33 15 344
221 0 55 15 345
232 0 68 15 346
238 0 45 15 347
261 0 42 15 348
267 0 59 15 349
283 0 69 15 350
273 0 32 15 351
284 0 31 15 352
294 0 29 15 353
322 0 57 15 354
325 0 39 15 355
346 0 56 15 356
325 0 17 15 357
350 0 39 15 358
353 0 23 15 359
367 0 26 15 360
393 0 49 15 361
386 0 23 15 362
396 0 19 15 363
414 0 32 15 364
415 0 22 15 365
439 0 23 15 366
421 0 5 15 367
421 0 30 15 368
408 0 27 15 369
440 0 69 15 370
419 0 59 15 371
390 0 41 15 372
409 0 70 15 373
363 0 345 15 374
440 0 347 15 375
400 0 348 15 376
436 0 310 15 377
319 0 348 15 378
432 0 271 15 379
277 0 348 15 380
299 0 324 2 381
309 0 317 2 382
318 0 308 2 383
327 0 298 2 384
334 0 288 2 385
339 0 276 2 386
344 0 264 2 387
347 0 249 2 388
258 0 333 2 389
312 0 259 2 390
258 0 305 2 391
240 0 293 15 392
250 0 276 15 393
259 0 256 15 394
243 0 266 15 395
220 0 292 15 396
216 -8 268 2 397
212 0 252 15 398
200 0 258 2 399
192 0 310 2 400
178 0 282 15 401
160 0 253 15 402
161 0 259 15 403
168 0 306 2 404
129 0 282 2 405
110 0 259 2 406
128 0 319 2 407
74 0 247 2 408
75 0 259 2 409
78 0 270 2 410
82 0 282 2 411
87 0 293 2 412
95 0 302 2 413
-4 0 252 15 414
100 0 311 2 415
87 0 348 15 416
-10 0 290 15 417
7 0 348 15 418
-14 0 328 15 419
43 0 345 15 420
120 0 343 15 421
-14 0 93 15 422
3 0 59 15 423
25 0 12 15 424
3 0 41 15 425
3 0 32 15 426
-14 0 44 15 427
