428
125 1 51 15 0
132 1 36 15 1
144 1 318 2 2
117 1 266 2 3
141 1 35 15 4
149 1 290 2 5
158 1 320 2 6
137 1 284 2 7
134 1 236 15 8
140 1 235 15 9
147 1 236 15 10
133 1 221 15 11
121 1 158 2 12
139 1 68 15 13
139 1 76 15 14
148 1 35 15 15
140 1 59 15 16
170 1 238 15 17
168 1 235 15 18
168 1 258 15 19
170 1 221 15 20
171 1 263 15 21
177 1 55 15 22
179 1 277 15 23
177 1 62 15 24
174 1 249 15 25
194 1 32 15 26
178 1 256 15 27
181 1 262 15 28
193 1 44 15 29
189 1 323 2 30
200 1 45 15 31
195 1 285 15 32
207 1 44 15 33
193 7 209 2 34
210 1 50 15 35
199 14 205 2 36
213 1 32 15 37
200 6 250 2 38
209 1 250 15 39
204 10 246 2 40
210 12 240 2 41
210 1 234 15 42
209 1 179 15 43
208 18 201 2 44
210 1 224 15 45
209 1 195 15 46
229 1 178 15 47
222 16 194 2 48
226 6 234 2 49
225 1 80 15 50
216 1 260 15 51
230 11 192 2 52
218 7 278 2 53
223 11 232 2 54
217 1 264 15 55
233 1 98 2 56
221 6 276 2 57
229 0 226 2 58
218 1 268 15 59
227 1 56 15 60
217 1 279 15 61
231 1 282 15 62
234 1 71 15 63
225 3 266 2 64
226 0 261 2 65
236 1 275 15 66
220 1 298 2 67
233 1 43 15 68
242 1 234 15 69
231 1 290 15 70
250 1 243 15 71
223 1 283 15 72
231 1 17 15 73
261 1 245 15 74
249 1 250 15 75
242 1 265 15 76
261 1 48 15 77
234 1 34 15 78
268 1 44 15 79
261 1 261 15 80
303 1 164 2 81
250 1 280 15 82
280 1 71 15 83
264 1 253 15 84
313 1 180 2 85
247 1 303 2 86
283 1 233 15 87
304 1 124 2 88
291 1 220 15 89
288 1 231 15 90
222 1 339 15 91
292 1 81 15 92
320 1 198 2 93
282 1 55 15 94
315 1 138 2 95
258 1 270 15 96
248 1 328 2 97
293 1 68 15 98
325 1 147 2 99
323 1 215 2 100
283 1 290 2 101
282 1 36 15 102
334 1 160 2 103
235 1 323 2 104
297 1 279 2 105
322 1 233 2 106
308 1 265 2 107
293 1 54 15 108
301 1 83 15 109
279 1 35 15 110
14 0 31 15 111
21 0 29 15 112
15 0 69 15 113
14 0 43 15 114
18 0 45 15 115
5 0 73 15 116
16 0 59 15 117
5 0 84 15 118
-10 0 131 15 119
6 0 62 15 120
32 0 26 15 121
25 0 78 15 122
24 0 57 15 123
45 0 33 15 124
43 0 48 15 125
32 0 77 15 126
53 0 48 15 127
36 0 80 15 128
70 0 38 15 129
-8 0 206 15 130
52 0 228 2 131
41 0 70 15 132
21 0 73 15 133
40 0 44 15 134
53 0 31 15 135
67 0 19 15 136
35 0 40 15 137
22 0 66 15 138
32 0 55 15 139
-5 0 168 15 140
44 0 71 15 141
57 0 34 15 142
57 0 74 15 143
58 0 63 15 144
46 0 56 15 145
59 0 52 15 146
66 0 80 15 147
80 0 49 15 148
86 0 51 15 149
92 0 55 15 150
82 0 83 15 151
101 0 42 15 152
101 0 63 15 153
67 0 212 2 154
91 0 72 15 155
118 0 50 15 156
98 0 69 15 157
75 0 177 2 158
116 0 39 15 159
112 0 54 15 160
123 0 33 15 161
115 0 67 15 162
113 0 73 15 163
81 0 165 2 164
73 0 190 2 165
71 0 202 2 166
99 0 237 2 167
115 0 32 15 168
121 0 24 15 169
117 0 50 15 170
91 0 152 2 171
112 0 78 15 172
99 0 215 2 173
116 0 73 15 174
101 0 199 2 175
101 0 134 2 176
105 0 184 2 177
111 0 127 2 178
133 0 51 15 179
139 0 55 15 180
111 0 171 2 181
133 0 44 15 182
120 0 125 2 183
135 0 146 2 184
145 0 78 15 185
144 0 113 2 186
148 0 223 15 187
156 0 54 15 188
149 0 136 2 189
154 0 106 2 190
175 0 37 15 191
163 0 250 15 192
155 0 222 15 193
153 0 234 15 194
172 0 15 15 195
161 0 131 2 196
176 0 44 15 197
167 0 104 2 198
164 0 223 15 199
179 0 69 15 200
186 0 31 15 201
182 0 77 15 202
187 0 60 15 203
191 0 51 15 204
179 0 125 2 205
181 0 235 15 206
176 0 238 15 207
185 0 101 2 208
195 0 58 15 209
189 0 270 15 210
188 0 281 15 211
189 0 76 15 212
196 -9 210 2 213
196 0 80 15 214
192 -3 210 2 215
200 0 285 15 216
197 0 278 15 217
203 0 65 15 218
204 -13 214 2 219
200 -5 247 2 220
197 0 70 15 221
200 0 67 15 222
204 0 58 15 223
205 0 29 15 224
197 0 180 15 225
212 -12 219 2 226
199 0 121 2 227
205 -7 254 2 228
206 0 76 15 229
209 0 205 15 230
212 0 57 15 231
204 0 180 15 232
209 0 229 15 233
209 0 190 15 234
214 0 58 15 235
210 0 94 2 236
214 0 78 15 237
219 0 121 2 238
210 0 213 15 239
219 0 178 15 240
215 0 179 15 241
227 -8 224 2 242
243 0 122 2 243
223 -5 259 2 244
235 0 55 15 245
245 0 226 15 246
243 0 76 15 247
248 0 235 15 248
254 0 234 15 249
261 0 223 15 250
240 0 31 15 251
253 0 102 2 252
260 0 132 2 253
255 0 222 15 254
268 0 105 2 255
259 0 70 15 256
269 0 222 15 257
277 0 134 2 258
267 0 234 15 259
289 0 145 2 260
278 0 222 15 261
288 0 113 2 262
275 0 233 15 263
299 0 70 15 264
348 0 211 2 265
301 0 53 15 266
347 0 194 2 267
344 0 177 2 268
302 0 67 15 269
307 0 59 15 270
310 0 70 15 271
285 0 18 15 272
303 0 32 15 273
300 0 29 15 274
311 0 38 15 275
346 0 78 15 276
322 0 40 15 277
320 0 74 15 278
315 0 58 15 279
324 0 34 15 280
320 0 64 15 281
350 0 73 15 282
358 0 227 2 283
335 0 43 15 284
365 0 65 15 285
359 0 60 15 286
382 0 78 15 287
360 0 42 15 288
388 0 56 15 289
429 0 187 15 290
407 0 78 15 291
400 0 74 15 292
361 0 30 15 293
387 0 73 15 294
431 0 151 15 295
403 0 71 15 296
374 0 50 15 297
386 0 89 15 298
433 0 226 15 299
397 0 44 15 300
378 0 27 15 301
418 0 77 15 302
385 0 45 15 303
374 0 44 15 304
379 0 59 15 305
372 0 52 15 306
377 0 67 15 307
394 0 71 15 308
345 0 26 15 309
302 0 317 2 310
373 0 33 15 311
394 0 48 15 312
389 0 68 15 313
383 0 14 15 314
391 0 34 15 315
411 0 89 15 316
414 0 42 15 317
439 0 115 15 318
402 0 23 15 319
402 0 34 15 320
410 0 48 15 321
413 0 62 15 322
-18 0 9 15 323
1 0 25 15 324
9 0 26 15 325
7 0 44 15 326
28 0 37 15 327
43 0 23 15 328
41 0 48 15 329
63 0 40 15 330
87 0 23 15 331
68 0 68 15 332
98 0 26 15 333
121 0 9 15 334
123 0 28 15 335
123 0 52 15 336
141 0 33 15 337
133 0 107 2 338
151 0 47 15 339
177 0 32 15 340
179 0 59 15 341
199 0 30 15 342
209 0 45 15 343
219 0 36 15 344
221 0 57 15 345
232 0 70 15 346
239 0 48 15 347
261 0 45 15 348
267 0 61 15 349
283 0 71 15 350
275 0 36 15 351
285 0 35 15 352
296 0 33 15 353
323 0 60 15 354
327 0 42 15 355
347 0 58 15 356
329 0 22 15 357
352 0 42 15 358
356 0 28 15 359
370 0 30 15 360
395 0 52 15 361
390 0 28 15 362
400 0 23 15 363
418 0 36 15 364
419 0 26 15 365
443 0 28 15 366
426 0 11 15 367
426 0 35 15 368
414 0 33 15 369
444 0 74 15 370
424 0 64 15 371
397 0 49 15 372
415 0 76 15 373
371 0 338 15 374
444 0 340 15 375
406 0 342 15 376
440 0 305 15 377
328 0 342 15 378
434 0 269 15 379
286 0 342 15 380
307 0 319 2 381
316 0 313 2 382
323 0 304 2 383
331 0 294 2 384
336 0 285 2 385
341 0 273 2 386
345 0 262 2 387
347 0 248 2 388
262 0 328 2 389
312 0 257 2 390
260 0 301 2 391
242 0 289 15 392
252 0 274 15 393
259 0 255 15 394
243 0 264 15 395
221 0 289 15 396
216 -7 266 2 397
212 0 251 15 398
200 0 256 2 399
191 0 306 2 400
177 0 280 15 401
160 0 252 15 402
159 0 258 15 403
165 0 302 2 404
128 0 280 2 405
109 0 258 2 406
126 0 314 2 407
73 0 246 2 408
74 0 258 2 409
76 0 268 2 410
79 0 279 2 411
83 0 289 2 412
89 0 298 2 413
-5 0 251 15 414
93 0 307 2 415
80 0 342 15 416
-13 0 287 15 417
2 0 342 15 418
-18 0 323 15 419
36 0 339 15 420
109 0 336 15 421
-18 0 98 15 422
-2 0 65 15 423
19 0 20 15 424
-2 0 46 15 425
-2 0 37 15 426
-18 0 48 15 427
