428
112 4 83 15 0
118 4 73 15 1
127 4 282 2 2
109 4 250 2 3
125 4 71 15 4
131 4 257 2 5
137 4 279 2 6
123 4 257 2 7
122 4 220 15 8
126 4 216 15 9
131 4 213 15 10
121 4 206 15 11
114 4 159 2 12
126 4 96 15 13
126 4 104 15 14
132 4 73 15 15
127 4 87 15 16
162 4 213 15 17
161 4 213 15 18
161 4 230 15 19
163 4 200 15 20
164 4 235 15 21
169 4 89 15 22
170 4 246 15 23
170 4 91 15 24
168 4 230 15 25
183 4 70 15 26
173 4 235 15 27
177 4 239 15 28
185 4 77 15 29
184 4 279 2 30
192 4 77 15 31
189 4 254 15 32
199 4 78 15 33
190 8 202 2 34
202 4 82 15 35
195 12 198 2 36
205 4 71 15 37
197 7 239 2 38
203 4 235 15 39
200 10 234 2 40
204 11 226 2 41
204 4 220 15 42
204 4 171 15 43
204 15 193 2 44
205 4 211 15 45
205 4 187 15 46
228 4 170 15 47
223 14 183 2 48
226 7 223 2 49
226 4 104 15 50
220 4 237 15 51
230 10 183 2 52
221 8 255 2 53
226 10 211 2 54
222 4 237 15 55
233 4 113 2 56
226 7 255 2 57
232 3 209 2 58
224 4 238 15 59
231 4 85 15 60
224 4 245 15 61
235 4 259 15 62
238 4 95 15 63
232 5 238 2 64
234 3 232 2 65
241 4 255 15 66
231 4 260 2 67
240 4 77 15 68
246 4 213 15 69
239 4 264 15 70
253 4 224 15 71
235 4 244 15 72
241 4 60 15 73
261 4 233 15 74
253 4 231 15 75
249 4 243 15 76
262 4 82 15 77
245 4 78 15 78
279 4 82 15 79
275 4 239 15 80
303 4 164 2 81
268 4 255 15 82
288 4 98 15 83
277 4 232 15 84
311 4 177 2 85
267 4 272 2 86
291 4 217 15 87
305 4 131 2 88
298 4 204 15 89
296 4 214 15 90
253 4 297 15 91
300 4 102 15 92
319 4 191 2 93
295 4 84 15 94
318 4 150 2 95
280 4 240 15 96
273 4 290 2 97
304 4 93 15 98
326 4 155 2 99
325 4 205 2 100
299 4 264 2 101
299 4 72 15 102
334 4 163 2 103
268 4 278 2 104
309 4 255 2 105
327 4 221 2 106
318 4 244 2 107
308 4 85 15 108
313 4 111 15 109
300 4 79 15 110
-14 0 66 15 111
-7 0 63 15 112
-11 0 104 15 113
-10 0 71 15 114
-7 0 75 15 115
-16 0 96 15 116
-8 0 89 15 117
-16 0 107 15 118
-24 0 145 15 119
-13 0 83 15 120
6 0 57 15 121
2 0 109 15 122
3 0 84 15 123
17 0 75 15 124
15 0 87 15 125
8 0 108 15 126
22 0 91 15 127
11 0 114 15 128
33 0 88 15 129
-18 0 201 15 130
21 0 216 2 131
15 0 104 15 132
3 0 94 15 133
17 0 76 15 134
25 0 70 15 135
35 0 64 15 136
14 0 67 15 137
5 0 86 15 138
13 0 82 15 139
-12 0 169 15 140
22 0 98 15 141
31 0 67 15 142
32 0 107 15 143
33 0 93 15 144
26 0 82 15 145
36 0 79 15 146
54 0 98 15 147
64 0 80 15 148
67 0 83 15 149
71 0 88 15 150
65 0 110 15 151
78 0 85 15 152
80 0 99 15 153
60 0 198 2 154
76 0 93 15 155
96 0 91 15 156
83 0 90 15 157
71 0 175 2 158
98 0 70 15 159
95 0 83 15 160
103 0 71 15 161
97 0 96 15 162
96 0 102 15 163
75 0 165 2 164
69 0 186 2 165
68 0 196 2 166
87 0 221 2 167
98 0 61 15 168
101 0 58 15 169
101 0 78 15 170
84 0 159 2 171
100 0 97 15 172
92 0 200 2 173
105 0 93 15 174
96 0 189 2 175
97 0 134 2 176
100 0 180 2 177
106 0 132 2 178
120 0 84 15 179
124 0 90 15 180
106 0 170 2 181
120 0 74 15 182
112 0 138 2 183
132 0 150 2 184
139 0 97 15 185
140 0 128 2 186
142 0 208 15 187
149 0 81 15 188
145 0 139 2 189
149 0 122 2 190
162 0 77 15 191
155 0 222 15 192
150 0 205 15 193
148 0 215 15 194
161 0 55 15 195
156 0 140 2 196
166 0 74 15 197
161 0 122 2 198
159 0 208 15 199
173 0 88 15 200
178 0 65 15 201
175 0 97 15 202
179 0 89 15 203
181 0 85 15 204
173 0 136 2 205
175 0 214 15 206
172 0 221 15 207
180 0 121 2 208
187 0 86 15 209
183 0 237 15 210
182 0 250 15 211
184 0 92 15 212
189 -6 192 2 213
190 0 101 15 214
188 -2 198 2 215
193 0 249 15 216
191 0 247 15 217
195 0 95 15 218
195 -8 196 2 219
193 -3 220 2 220
192 0 88 15 221
193 0 91 15 222
196 0 89 15 223
197 0 64 15 224
193 0 173 15 225
203 -8 203 2 226
195 0 128 2 227
199 -5 231 2 228
200 0 92 15 229
203 0 193 15 230
205 0 86 15 231
200 0 173 15 232
204 0 215 15 233
205 0 184 15 234
208 0 81 15 235
206 0 107 2 236
208 0 99 15 237
212 0 129 2 238
206 0 204 15 239
212 0 170 15 240
209 0 172 15 241
230 -5 209 2 242
242 0 126 2 243
230 -3 232 2 244
239 0 82 15 245
247 0 211 15 246
247 0 96 15 247
251 0 217 15 248
257 0 214 15 249
261 0 208 15 250
248 0 70 15 251
257 0 119 2 252
261 0 142 2 253
258 0 204 15 254
267 0 115 2 255
261 0 94 15 256
269 0 208 15 257
275 0 134 2 258
271 0 216 15 259
286 0 142 2 260
281 0 208 15 261
289 0 121 2 262
281 0 216 15 263
311 0 94 15 264
345 0 202 2 265
315 0 83 15 266
346 0 189 2 267
344 0 175 2 268
318 0 99 15 269
322 0 87 15 270
324 0 100 15 271
309 0 62 15 272
323 0 67 15 273
321 0 67 15 274
329 0 69 15 275
354 0 92 15 276
339 0 75 15 277
338 0 108 15 278
337 0 99 15 279
343 0 70 15 280
343 0 104 15 281
364 0 97 15 282
370 0 214 2 283
357 0 77 15 284
389 0 94 15 285
385 0 93 15 286
400 0 101 15 287
387 0 75 15 288
406 0 77 15 289
434 0 184 15 290
420 0 94 15 291
416 0 93 15 292
390 0 66 15 293
409 0 101 15 294
439 0 160 15 295
421 0 94 15 296
404 0 85 15 297
411 0 119 15 298
445 0 216 15 299
421 0 68 15 300
408 0 59 15 301
434 0 94 15 302
413 0 76 15 303
406 0 82 15 304
410 0 97 15 305
405 0 95 15 306
409 0 107 15 307
421 0 103 15 308
388 0 82 15 309
360 0 277 2 310
409 0 75 15 311
422 0 78 15 312
420 0 105 15 313
418 0 53 15 314
423 0 69 15 315
437 0 119 15 316
440 0 70 15 317
457 0 136 15 318
433 0 55 15 319
434 0 69 15 320
440 0 81 15 321
442 0 93 15 322
-42 0 40 15 323
-25 0 51 15 324
-15 0 52 15 325
-12 0 64 15 326
7 0 59 15 327
22 0 50 15 328
26 0 67 15 329
45 0 61 15 330
66 0 50 15 331
58 0 80 15 332
82 0 52 15 333
102 0 40 15 334
108 0 53 15 335
113 0 69 15 336
129 0 57 15 337
129 0 105 2 338
146 0 66 15 339
168 0 55 15 340
174 0 74 15 341
192 0 54 15 342
203 0 65 15 343
214 0 59 15 344
220 0 73 15 345
232 0 81 15 346
242 0 67 15 347
261 0 65 15 348
270 0 75 15 349
285 0 82 15 350
284 0 58 15 351
296 0 58 15 352
308 0 57 15 353
331 0 74 15 354
338 0 62 15 355
356 0 73 15 356
349 0 49 15 357
369 0 62 15 358
376 0 53 15 359
390 0 54 15 360
412 0 69 15 361
413 0 53 15 362
424 0 50 15 363
441 0 58 15 364
447 0 52 15 365
467 0 53 15 366
458 0 45 15 367
458 0 66 15 368
449 0 69 15 369
469 0 101 15 370
456 0 99 15 371
438 0 94 15 372
450 0 117 15 373
421 0 294 15 374
469 0 301 15 375
442 0 304 15 376
459 0 280 15 377
381 0 304 15 378
446 0 256 15 379
344 0 304 15 380
353 0 289 2 381
353 0 285 2 382
354 0 279 2 383
354 0 273 2 384
353 0 266 2 385
351 0 259 2 386
349 0 251 2 387
346 0 242 2 388
285 0 295 2 389
313 0 248 2 390
274 0 278 2 391
257 0 270 15 392
259 0 259 15 393
259 0 247 15 394
244 0 253 15 395
224 0 269 15 396
216 -5 254 2 397
209 0 244 15 398
196 0 248 2 399
186 0 281 2 400
172 0 263 15 401
156 0 245 15 402
151 0 249 15 403
150 0 278 2 404
120 0 263 2 405
103 0 249 2 406
109 0 286 2 407
70 0 241 2 408
65 0 249 2 409
62 0 256 2 410
59 0 263 2 411
57 0 270 2 412
57 0 275 2 413
-10 0 244 15 414
49 0 281 2 415
37 0 304 15 416
-30 0 268 15 417
-25 0 304 15 418
-42 0 291 15 419
-6 0 297 15 420
42 0 290 15 421
-42 0 128 15 422
-31 0 102 15 423
-18 0 67 15 424
-31 0 79 15 425
-31 0 69 15 426
-42 0 71 15 427
