428
104 6 101 15 0
110 6 93 15 1
118 6 262 2 2
105 6 240 2 3
117 6 92 15 4
121 6 239 2 5
125 6 257 2 6
115 6 243 2 7
115 6 210 15 8
118 6 206 15 9
122 6 201 15 10
115 6 197 15 11
110 6 160 2 12
119 6 112 15 13
119 6 119 15 14
124 6 93 15 15
120 6 102 15 16
158 6 199 15 17
157 6 201 15 18
158 6 215 15 19
159 6 188 15 20
160 6 220 15 21
164 6 107 15 22
165 6 230 15 23
166 6 108 15 24
165 6 219 15 25
177 6 91 15 26
170 6 223 15 27
174 6 227 15 28
180 6 96 15 29
181 6 256 2 30
187 6 95 15 31
186 6 236 15 32
194 6 96 15 33
188 8 198 2 34
198 6 100 15 35
193 12 194 2 36
201 6 93 15 37
195 8 233 2 38
200 6 226 15 39
198 10 227 2 40
201 11 218 2 41
201 6 212 15 42
201 6 166 15 43
201 13 189 2 44
202 6 203 15 45
202 6 183 15 46
227 6 166 15 47
224 13 178 2 48
226 8 217 2 49
226 6 116 15 50
222 6 224 15 51
229 10 179 2 52
223 8 242 2 53
228 10 200 2 54
225 6 223 15 55
233 6 122 2 56
229 8 244 2 57
233 5 199 2 58
227 6 222 15 59
234 6 101 15 60
229 6 227 15 61
237 6 247 15 62
240 6 108 15 63
236 6 222 2 64
238 5 215 2 65
244 6 243 15 66
237 6 239 2 67
244 6 95 15 68
249 6 201 15 69
244 6 250 15 70
254 6 214 15 71
242 6 222 15 72
246 6 84 15 73
261 6 226 15 74
256 6 220 15 75
253 6 231 15 76
263 6 100 15 77
251 6 103 15 78
285 6 103 15 79
282 6 227 15 80
303 6 164 2 81
278 6 241 15 82
292 6 112 15 83
285 6 220 15 84
310 6 175 2 85
278 6 255 2 86
296 6 208 15 87
306 6 135 2 88
302 6 195 15 89
300 6 205 15 90
270 6 274 15 91
304 6 113 15 92
318 6 187 2 93
302 6 101 15 94
319 6 157 2 95
292 6 224 15 96
287 6 269 2 97
310 6 107 15 98
327 6 160 2 99
326 6 199 2 100
307 6 250 2 101
309 6 93 15 102
334 6 164 2 103
287 6 253 2 104
316 6 242 2 105
330 6 214 2 106
323 6 232 2 107
317 6 103 15 108
320 6 127 15 109
312 6 103 15 110
-30 0 85 15 111
-23 0 81 15 112
-25 0 123 15 113
-23 0 87 15 114
-21 0 91 15 115
-27 0 109 15 116
-22 0 106 15 117
-27 0 121 15 118
-32 0 152 15 119
-24 0 94 15 120
-9 0 75 15 121
-11 0 127 15 122
-9 0 98 15 123
1 0 98 15 124
0 0 109 15 125
-5 0 124 15 126
5 0 115 15 127
-3 0 132 15 128
13 0 115 15 129
-24 0 198 15 130
5 0 210 2 131
1 0 123 15 132
-7 0 106 15 133
4 0 94 15 134
10 0 92 15 135
17 0 89 15 136
2 0 82 15 137
-4 0 98 15 138
2 0 97 15 139
-16 0 170 15 140
10 0 113 15 141
16 0 86 15 142
18 0 126 15 143
19 0 109 15 144
14 0 96 15 145
24 0 94 15 146
47 0 108 15 147
54 0 97 15 148
57 0 101 15 149
60 0 107 15 150
55 0 124 15 151
64 0 109 15 152
68 0 120 15 153
56 0 190 2 154
68 0 104 15 155
84 0 113 15 156
75 0 102 15 157
68 0 174 2 158
88 0 88 15 159
86 0 99 15 160
91 0 92 15 161
87 0 112 15 162
87 0 118 15 163
71 0 165 2 164
67 0 183 2 165
67 0 193 2 166
80 0 213 2 167
88 0 77 15 168
91 0 76 15 169
92 0 93 15 170
80 0 162 2 171
93 0 107 15 172
88 0 192 2 173
99 0 104 15 174
93 0 184 2 175
95 0 133 2 176
97 0 178 2 177
103 0 135 2 178
113 0 103 15 179
116 0 109 15 180
103 0 170 2 181
113 0 91 15 182
107 0 145 2 183
130 0 152 2 184
136 0 107 15 185
137 0 137 2 186
139 0 200 15 187
145 0 96 15 188
143 0 141 2 189
146 0 130 2 190
155 0 100 15 191
150 0 206 15 192
147 0 196 15 193
145 0 205 15 194
155 0 78 15 195
153 0 145 2 196
160 0 91 15 197
157 0 132 2 198
156 0 199 15 199
170 0 99 15 200
173 0 84 15 201
171 0 109 15 202
174 0 105 15 203
175 0 103 15 204
170 0 142 2 205
172 0 202 15 206
170 0 212 15 207
177 0 131 2 208
183 0 102 15 209
180 0 219 15 210
179 0 232 15 211
181 0 101 15 212
185 -4 182 2 213
187 0 113 15 214
185 -1 191 2 215
189 0 230 15 216
187 0 230 15 217
191 0 112 15 218
191 -6 186 2 219
189 -2 206 2 220
189 0 98 15 221
190 0 104 15 222
192 0 106 15 223
193 0 83 15 224
190 0 169 15 225
198 -6 194 2 226
192 0 132 2 227
195 -3 219 2 228
197 0 101 15 229
199 0 187 15 230
201 0 102 15 231
197 0 169 15 232
201 0 207 15 233
202 0 180 15 234
205 0 93 15 235
204 0 114 2 236
205 0 110 15 237
208 0 134 2 238
204 0 199 15 239
208 0 165 15 240
206 0 168 15 241
232 -3 201 2 242
242 0 128 2 243
234 -2 218 2 244
241 0 96 15 245
248 0 202 15 246
249 0 107 15 247
253 0 207 15 248
259 0 202 15 249
262 0 200 15 250
252 0 92 15 251
259 0 129 2 252
262 0 148 2 253
259 0 194 15 254
266 0 121 2 255
262 0 107 15 256
269 0 200 15 257
274 0 135 2 258
273 0 206 15 259
284 0 140 2 260
283 0 201 15 261
289 0 126 2 262
284 0 206 15 263
317 0 107 15 264
343 0 197 2 265
323 0 99 15 266
345 0 186 2 267
345 0 174 2 268
326 0 117 15 269
330 0 102 15 270
331 0 116 15 271
322 0 87 15 272
334 0 86 15 273
332 0 88 15 274
339 0 86 15 275
358 0 100 15 276
348 0 94 15 277
348 0 127 15 278
349 0 121 15 279
354 0 91 15 280
355 0 127 15 281
372 0 110 15 282
377 0 206 2 283
369 0 96 15 284
402 0 111 15 285
399 0 111 15 286
410 0 113 15 287
401 0 93 15 288
416 0 89 15 289
437 0 183 15 290
427 0 102 15 291
425 0 103 15 292
407 0 87 15 293
421 0 116 15 294
443 0 165 15 295
431 0 106 15 296
420 0 105 15 297
425 0 136 15 298
451 0 210 15 299
434 0 82 15 300
425 0 77 15 301
444 0 104 15 302
429 0 93 15 303
424 0 103 15 304
427 0 118 15 305
424 0 118 15 306
427 0 130 15 307
436 0 121 15 308
413 0 113 15 309
392 0 254 2 310
428 0 99 15 311
438 0 95 15 312
436 0 126 15 313
437 0 75 15 314
441 0 88 15 315
451 0 136 15 316
454 0 85 15 317
467 0 148 15 318
450 0 73 15 319
452 0 88 15 320
456 0 99 15 321
458 0 110 15 322
-55 0 58 15 323
-39 0 66 15 324
-28 0 66 15 325
-22 0 75 15 326
-4 0 71 15 327
11 0 64 15 328
17 0 77 15 329
35 0 73 15 330
54 0 65 15 331
52 0 86 15 332
74 0 66 15 333
92 0 58 15 334
100 0 67 15 335
108 0 78 15 336
123 0 69 15 337
127 0 104 2 338
143 0 76 15 339
163 0 69 15 340
171 0 82 15 341
188 0 68 15 342
200 0 75 15 343
212 0 71 15 344
220 0 81 15 345
233 0 87 15 346
243 0 77 15 347
261 0 75 15 348
272 0 83 15 349
286 0 88 15 350
290 0 71 15 351
302 0 70 15 352
315 0 69 15 353
335 0 82 15 354
344 0 74 15 355
361 0 81 15 356
360 0 64 15 357
378 0 74 15 358
388 0 67 15 359
402 0 68 15 360
421 0 78 15 361
426 0 67 15 362
438 0 65 15 363
454 0 71 15 364
462 0 66 15 365
480 0 67 15 366
475 0 64 15 367
475 0 83 15 368
469 0 89 15 369
483 0 116 15 370
474 0 119 15 371
461 0 119 15 372
470 0 139 15 373
449 0 271 15 374
483 0 279 15 375
462 0 284 15 376
470 0 266 15 377
410 0 284 15 378
453 0 249 15 379
375 0 284 15 380
378 0 273 2 381
374 0 270 2 382
371 0 265 2 383
367 0 261 2 384
362 0 256 2 385
357 0 251 2 386
351 0 245 2 387
345 0 239 2 388
297 0 277 2 389
314 0 243 2 390
282 0 264 2 391
266 0 259 15 392
263 0 251 15 393
259 0 242 15 394
244 0 247 15 395
226 0 258 15 396
217 -3 247 2 397
208 0 240 15 398
194 0 243 2 399
183 0 267 2 400
169 0 254 15 401
153 0 241 15 402
146 0 244 15 403
141 0 265 2 404
116 0 254 2 405
100 0 244 2 406
100 0 270 2 407
68 0 238 2 408
61 0 244 2 409
54 0 249 2 410
48 0 254 2 411
43 0 259 2 412
39 0 263 2 413
-13 0 240 15 414
26 0 267 2 415
12 0 284 15 416
-39 0 257 15 417
-40 0 284 15 418
-55 0 273 15 419
-30 0 273 15 420
5 0 265 15 421
-55 0 144 15 422
-48 0 122 15 423
-38 0 93 15 424
-48 0 98 15 425
-48 0 86 15 426
-55 0 84 15 427
