428
108 5 92 15 0
114 5 83 15 1
122 5 272 2 2
107 5 245 2 3
121 5 82 15 4
126 5 248 2 5
131 5 268 2 6
119 5 250 2 7
118 5 215 15 8
122 5 211 15 9
126 5 207 15 10
118 5 201 15 11
112 5 160 2 12
123 5 104 15 13
123 5 111 15 14
128 5 83 15 15
124 5 94 15 16
160 5 206 15 17
159 5 207 15 18
160 5 222 15 19
161 5 194 15 20
162 5 228 15 21
167 5 98 15 22
168 5 238 15 23
168 5 100 15 24
167 5 224 15 25
180 5 81 15 26
171 5 229 15 27
175 5 233 15 28
183 5 87 15 29
182 5 267 2 30
190 5 86 15 31
188 5 245 15 32
196 5 87 15 33
189 8 200 2 34
200 5 91 15 35
194 12 196 2 36
203 5 83 15 37
196 8 236 2 38
202 5 231 15 39
199 10 231 2 40
202 11 222 2 41
203 5 216 15 42
203 5 169 15 43
202 14 191 2 44
203 5 207 15 45
203 5 185 15 46
227 5 168 15 47
224 13 180 2 48
226 8 220 2 49
226 5 110 15 50
221 5 230 15 51
229 10 181 2 52
222 8 248 2 53
227 10 205 2 54
223 5 230 15 55
233 5 118 2 56
227 7 249 2 57
232 4 204 2 58
225 5 230 15 59
233 5 93 15 60
227 5 236 15 61
236 5 253 15 62
239 5 102 15 63
234 6 230 2 64
236 4 223 2 65
243 5 249 15 66
234 5 249 2 67
242 5 86 15 68
248 5 207 15 69
242 5 257 15 70
253 5 219 15 71
239 5 233 15 72
244 5 72 15 73
261 5 229 15 74
255 5 226 15 75
251 5 237 15 76
263 5 91 15 77
248 5 91 15 78
282 5 93 15 79
279 5 233 15 80
303 5 164 2 81
273 5 248 15 82
290 5 105 15 83
281 5 226 15 84
310 5 176 2 85
273 5 263 2 86
294 5 212 15 87
306 5 133 2 88
300 5 200 15 89
298 5 209 15 90
262 5 286 15 91
302 5 108 15 92
318 5 189 2 93
298 5 93 15 94
318 5 153 2 95
286 5 232 15 96
280 5 279 2 97
307 5 100 15 98
327 5 158 2 99
325 5 202 2 100
303 5 257 2 101
304 5 83 15 102
334 5 163 2 103
278 5 265 2 104
313 5 248 2 105
329 5 217 2 106
321 5 238 2 107
312 5 94 15 108
317 5 119 15 109
306 5 91 15 110
-22 0 75 15 111
-15 0 72 15 112
-18 0 113 15 113
-17 0 79 15 114
-14 0 83 15 115
-22 0 103 15 116
-15 0 98 15 117
-22 0 114 15 118
-28 0 149 15 119
-18 0 89 15 120
-1 0 66 15 121
-5 0 118 15 122
-3 0 91 15 123
9 0 87 15 124
8 0 98 15 125
1 0 116 15 126
14 0 103 15 127
4 0 123 15 128
23 0 102 15 129
-21 0 199 15 130
13 0 213 2 131
8 0 114 15 132
-2 0 100 15 133
10 0 85 15 134
18 0 81 15 135
26 0 76 15 136
8 0 75 15 137
0 0 92 15 138
7 0 90 15 139
-14 0 170 15 140
16 0 106 15 141
24 0 77 15 142
25 0 117 15 143
26 0 101 15 144
20 0 89 15 145
30 0 87 15 146
51 0 103 15 147
59 0 88 15 148
62 0 92 15 149
65 0 98 15 150
60 0 117 15 151
71 0 97 15 152
74 0 110 15 153
58 0 194 2 154
72 0 99 15 155
90 0 102 15 156
79 0 96 15 157
69 0 175 2 158
93 0 79 15 159
90 0 91 15 160
97 0 82 15 161
92 0 104 15 162
91 0 110 15 163
73 0 165 2 164
68 0 184 2 165
68 0 195 2 166
83 0 217 2 167
93 0 69 15 168
96 0 67 15 169
96 0 86 15 170
82 0 160 2 171
96 0 102 15 172
90 0 196 2 173
102 0 99 15 174
94 0 187 2 175
96 0 133 2 176
99 0 179 2 177
104 0 133 2 178
117 0 94 15 179
120 0 99 15 180
104 0 170 2 181
117 0 83 15 182
109 0 141 2 183
131 0 151 2 184
138 0 102 15 185
138 0 132 2 186
141 0 204 15 187
147 0 89 15 188
144 0 140 2 189
147 0 126 2 190
159 0 89 15 191
153 0 214 15 192
148 0 200 15 193
147 0 210 15 194
158 0 67 15 195
154 0 143 2 196
163 0 83 15 197
159 0 127 2 198
158 0 203 15 199
172 0 93 15 200
176 0 75 15 201
173 0 103 15 202
176 0 97 15 203
178 0 94 15 204
172 0 139 2 205
174 0 208 15 206
171 0 216 15 207
178 0 126 2 208
185 0 94 15 209
182 0 228 15 210
181 0 241 15 211
182 0 97 15 212
187 -5 187 2 213
189 0 107 15 214
186 -1 194 2 215
191 0 240 15 216
189 0 239 15 217
193 0 104 15 218
193 -7 191 2 219
191 -2 213 2 220
190 0 93 15 221
192 0 98 15 222
194 0 98 15 223
195 0 74 15 224
191 0 171 15 225
200 -7 199 2 226
193 0 130 2 227
197 -4 225 2 228
199 0 97 15 229
201 0 190 15 230
203 0 94 15 231
198 0 171 15 232
202 0 211 15 233
203 0 182 15 234
207 0 87 15 235
205 0 110 2 236
207 0 105 15 237
210 0 132 2 238
205 0 202 15 239
210 0 167 15 240
208 0 170 15 241
231 -4 205 2 242
242 0 127 2 243
232 -3 225 2 244
240 0 89 15 245
247 0 207 15 246
248 0 102 15 247
252 0 212 15 248
258 0 208 15 249
262 0 204 15 250
250 0 81 15 251
258 0 124 2 252
262 0 145 2 253
258 0 199 15 254
266 0 118 2 255
261 0 101 15 256
269 0 204 15 257
275 0 135 2 258
272 0 211 15 259
285 0 141 2 260
282 0 204 15 261
289 0 124 2 262
282 0 211 15 263
314 0 101 15 264
344 0 200 2 265
319 0 91 15 266
345 0 187 2 267
345 0 174 2 268
322 0 108 15 269
326 0 95 15 270
328 0 108 15 271
316 0 75 15 272
328 0 77 15 273
327 0 77 15 274
334 0 77 15 275
356 0 96 15 276
344 0 84 15 277
343 0 118 15 278
343 0 110 15 279
349 0 81 15 280
349 0 116 15 281
368 0 104 15 282
373 0 210 2 283
363 0 87 15 284
396 0 103 15 285
392 0 102 15 286
405 0 107 15 287
394 0 84 15 288
411 0 83 15 289
435 0 184 15 290
423 0 98 15 291
421 0 98 15 292
399 0 77 15 293
415 0 109 15 294
441 0 163 15 295
426 0 100 15 296
412 0 95 15 297
418 0 128 15 298
448 0 213 15 299
428 0 75 15 300
417 0 68 15 301
439 0 99 15 302
421 0 85 15 303
415 0 92 15 304
419 0 107 15 305
415 0 106 15 306
418 0 119 15 307
429 0 112 15 308
401 0 98 15 309
376 0 265 2 310
418 0 87 15 311
430 0 87 15 312
428 0 116 15 313
428 0 64 15 314
432 0 79 15 315
444 0 128 15 316
447 0 78 15 317
462 0 142 15 318
442 0 64 15 319
443 0 79 15 320
448 0 90 15 321
450 0 101 15 322
-49 0 49 15 323
-32 0 58 15 324
-22 0 59 15 325
-17 0 69 15 326
2 0 65 15 327
16 0 57 15 328
21 0 72 15 329
40 0 67 15 330
60 0 58 15 331
55 0 83 15 332
78 0 59 15 333
97 0 49 15 334
104 0 60 15 335
110 0 74 15 336
126 0 63 15 337
128 0 105 2 338
144 0 71 15 339
165 0 62 15 340
172 0 78 15 341
190 0 61 15 342
201 0 70 15 343
213 0 65 15 344
220 0 77 15 345
232 0 84 15 346
242 0 72 15 347
261 0 70 15 348
271 0 79 15 349
286 0 85 15 350
287 0 64 15 351
299 0 64 15 352
311 0 63 15 353
333 0 78 15 354
341 0 68 15 355
359 0 77 15 356
354 0 57 15 357
374 0 68 15 358
382 0 60 15 359
396 0 61 15 360
416 0 74 15 361
420 0 60 15 362
431 0 58 15 363
448 0 64 15 364
454 0 59 15 365
474 0 60 15 366
466 0 54 15 367
466 0 74 15 368
459 0 79 15 369
476 0 108 15 370
465 0 109 15 371
450 0 106 15 372
460 0 128 15 373
435 0 282 15 374
476 0 290 15 375
452 0 294 15 376
465 0 273 15 377
395 0 294 15 378
450 0 253 15 379
360 0 294 15 380
365 0 281 2 381
364 0 277 2 382
362 0 272 2 383
361 0 267 2 384
358 0 261 2 385
354 0 255 2 386
350 0 248 2 387
345 0 241 2 388
291 0 286 2 389
314 0 246 2 390
278 0 271 2 391
262 0 264 15 392
261 0 255 15 393
259 0 244 15 394
244 0 250 15 395
225 0 264 15 396
217 -4 251 2 397
208 0 242 15 398
195 0 245 2 399
184 0 274 2 400
170 0 258 15 401
154 0 243 15 402
148 0 246 15 403
146 0 271 2 404
118 0 258 2 405
101 0 246 2 406
105 0 278 2 407
69 0 239 2 408
63 0 246 2 409
58 0 252 2 410
54 0 258 2 411
50 0 264 2 412
48 0 269 2 413
-12 0 242 15 414
37 0 274 2 415
24 0 294 15 416
-35 0 263 15 417
-32 0 294 15 418
-49 0 282 15 419
-18 0 285 15 420
23 0 277 15 421
-49 0 136 15 422
-40 0 112 15 423
-28 0 80 15 424
-40 0 89 15 425
-40 0 77 15 426
-49 0 78 15 427
