428
129 1 40 15 0
137 1 24 15 1
149 1 329 2 2
119 1 272 2 3
145 1 23 15 4
154 1 300 2 5
165 1 333 2 6
141 1 293 2 7
138 1 242 15 8
145 1 240 15 9
152 1 243 15 10
137 1 226 15 11
124 1 157 2 12
143 1 59 15 13
143 1 67 15 14
153 1 23 15 15
144 1 50 15 16
172 1 246 15 17
170 1 242 15 18
170 1 267 15 19
173 1 227 15 20
174 1 272 15 21
180 1 45 15 22
182 1 286 15 23
180 1 52 15 24
176 1 256 15 25
197 1 20 15 26
179 1 263 15 27
183 1 269 15 28
196 1 34 15 29
191 1 336 2 30
203 1 34 15 31
196 1 295 15 32
210 1 34 15 33
194 6 212 2 34
212 1 39 15 35
200 14 208 2 36
215 1 19 15 37
201 6 254 2 38
211 1 255 15 39
205 10 250 2 40
212 12 245 2 41
211 1 239 15 42
211 1 181 15 43
210 18 203 2 44
211 1 228 15 45
211 1 197 15 46
229 1 180 15 47
222 17 198 2 48
226 6 238 2 49
225 1 73 15 50
215 1 267 15 51
230 11 195 2 52
216 6 285 2 53
222 11 238 2 54
216 1 272 15 55
233 1 93 2 56
220 5 282 2 57
229 0 232 2 58
216 1 277 15 59
226 1 47 15 60
214 1 290 15 61
229 1 289 15 62
232 1 64 15 63
223 2 275 2 64
224 0 271 2 65
235 1 281 15 66
217 1 310 2 67
231 1 33 15 68
241 1 241 15 69
228 1 298 15 70
249 1 248 15 71
220 1 295 15 72
227 1 4 15 73
261 1 249 15 74
247 1 256 15 75
240 1 272 15 76
260 1 37 15 77
231 1 20 15 78
264 1 32 15 79
257 1 268 15 80
303 1 164 2 81
245 1 288 15 82
278 1 62 15 83
260 1 260 15 84
314 1 181 2 85
240 1 312 2 86
281 1 238 15 87
303 1 121 2 88
288 1 225 15 89
286 1 237 15 90
214 1 352 15 91
290 1 75 15 92
320 1 201 2 93
278 1 45 15 94
314 1 134 2 95
251 1 280 15 96
240 1 340 2 97
289 1 60 15 98
325 1 145 2 99
322 1 218 2 100
278 1 298 2 101
276 1 24 15 102
334 1 159 2 103
225 1 337 2 104
293 1 286 2 105
321 1 237 2 106
304 1 272 2 107
288 1 44 15 108
297 1 74 15 109
272 1 22 15 110
22 0 20 15 111
30 0 18 15 112
23 0 58 15 113
21 0 35 15 114
26 0 35 15 115
11 0 66 15 116
24 0 49 15 117
11 0 76 15 118
-6 0 127 15 119
12 0 56 15 120
40 0 16 15 121
32 0 68 15 122
31 0 48 15 123
54 0 20 15 124
52 0 36 15 125
39 0 68 15 126
63 0 35 15 127
44 0 69 15 128
81 0 22 15 129
-5 0 208 15 130
61 0 231 2 131
49 0 59 15 132
26 0 67 15 133
47 0 33 15 134
62 0 19 15 135
77 0 4 15 136
41 0 32 15 137
27 0 60 15 138
39 0 47 15 139
-3 0 167 15 140
51 0 62 15 141
65 0 23 15 142
65 0 64 15 143
66 0 54 15 144
52 0 48 15 145
66 0 44 15 146
70 0 75 15 147
86 0 39 15 148
92 0 40 15 149
98 0 44 15 150
88 0 74 15 151
109 0 29 15 152
108 0 51 15 153
70 0 217 2 154
96 0 66 15 155
125 0 37 15 156
103 0 62 15 157
77 0 178 2 158
121 0 29 15 159
117 0 45 15 160
129 0 21 15 161
120 0 58 15 162
119 0 64 15 163
83 0 165 2 164
74 0 191 2 165
72 0 204 2 166
103 0 241 2 167
121 0 23 15 168
127 0 14 15 169
122 0 41 15 170
93 0 150 2 171
116 0 73 15 172
102 0 220 2 173
119 0 66 15 174
103 0 202 2 175
102 0 134 2 176
107 0 185 2 177
113 0 125 2 178
137 0 41 15 179
144 0 44 15 180
113 0 171 2 181
137 0 34 15 182
122 0 121 2 183
136 0 145 2 184
147 0 73 15 185
145 0 108 2 186
149 0 228 15 187
159 0 46 15 188
150 0 135 2 189
156 0 102 2 190
179 0 24 15 191
166 0 259 15 192
157 0 228 15 193
155 0 240 15 194
175 0 2 15 195
163 0 128 2 196
179 0 34 15 197
169 0 98 2 198
166 0 228 15 199
181 0 63 15 200
189 0 20 15 201
184 0 71 15 202
190 0 51 15 203
194 0 41 15 204
181 0 122 2 205
182 0 242 15 206
177 0 244 15 207
187 0 95 2 208
197 0 49 15 209
191 0 280 15 210
189 0 291 15 211
191 0 71 15 212
198 -10 216 2 213
198 0 73 15 214
194 -3 214 2 215
203 0 296 15 216
199 0 288 15 217
205 0 55 15 218
206 -14 220 2 219
202 -5 256 2 220
199 0 64 15 221
202 0 59 15 222
206 0 49 15 223
207 0 18 15 224
199 0 182 15 225
215 -13 224 2 226
201 0 118 2 227
207 -8 261 2 228
207 0 71 15 229
211 0 208 15 230
215 0 48 15 231
205 0 182 15 232
211 0 234 15 233
211 0 192 15 234
215 0 51 15 235
212 0 90 2 236
215 0 72 15 237
221 0 119 2 238
212 0 215 15 239
221 0 180 15 240
216 0 181 15 241
226 -9 229 2 242
243 0 120 2 243
221 -5 268 2 244
233 0 46 15 245
245 0 231 15 246
241 0 69 15 247
248 0 241 15 248
254 0 240 15 249
261 0 228 15 250
238 0 18 15 251
252 0 96 2 252
260 0 129 2 253
254 0 228 15 254
268 0 102 2 255
258 0 62 15 256
269 0 227 15 257
277 0 134 2 258
266 0 240 15 259
290 0 145 2 260
278 0 226 15 261
288 0 111 2 262
273 0 239 15 263
296 0 62 15 264
349 0 214 2 265
297 0 43 15 266
348 0 196 2 267
344 0 178 2 268
297 0 56 15 269
302 0 50 15 270
306 0 61 15 271
278 0 4 15 272
297 0 21 15 273
294 0 17 15 274
306 0 28 15 275
344 0 73 15 276
316 0 29 15 277
315 0 63 15 278
308 0 46 15 279
317 0 22 15 280
313 0 51 15 281
346 0 66 15 282
354 0 231 2 283
328 0 32 15 284
358 0 55 15 285
351 0 50 15 286
376 0 71 15 287
352 0 32 15 288
383 0 49 15 289
427 0 188 15 290
403 0 74 15 291
395 0 68 15 292
351 0 18 15 293
380 0 64 15 294
429 0 148 15 295
397 0 64 15 296
365 0 39 15 297
378 0 79 15 298
430 0 229 15 299
390 0 36 15 300
368 0 16 15 301
412 0 71 15 302
377 0 35 15 303
364 0 32 15 304
370 0 47 15 305
361 0 38 15 306
367 0 54 15 307
385 0 60 15 308
331 0 9 15 309
284 0 330 2 310
362 0 19 15 311
385 0 38 15 312
380 0 56 15 313
372 0 2 15 314
380 0 23 15 315
403 0 79 15 316
406 0 33 15 317
433 0 108 15 318
392 0 13 15 319
392 0 23 15 320
400 0 38 15 321
404 0 52 15 322
-10 0 -1 15 323
9 0 17 15 324
16 0 18 15 325
12 0 38 15 326
34 0 30 15 327
50 0 14 15 328
46 0 43 15 329
68 0 34 15 330
94 0 15 15 331
71 0 64 15 332
103 0 18 15 333
127 0 -1 15 334
128 0 20 15 335
127 0 46 15 336
144 0 26 15 337
134 0 107 2 338
152 0 41 15 339
180 0 24 15 340
180 0 54 15 341
201 0 22 15 342
210 0 39 15 343
220 0 29 15 344
221 0 53 15 345
232 0 67 15 346
238 0 43 15 347
261 0 39 15 348
267 0 57 15 349
282 0 68 15 350
271 0 28 15 351
282 0 28 15 352
292 0 26 15 353
321 0 55 15 354
323 0 36 15 355
344 0 53 15 356
322 0 13 15 357
347 0 36 15 358
350 0 20 15 359
364 0 22 15 360
390 0 46 15 361
383 0 20 15 362
392 0 15 15 363
411 0 28 15 364
410 0 18 15 365
435 0 20 15 366
416 0 0 15 367
416 0 26 15 368
403 0 22 15 369
436 0 65 15 370
414 0 53 15 371
384 0 34 15 372
404 0 64 15 373
355 0 351 15 374
436 0 353 15 375
395 0 354 15 376
433 0 313 15 377
311 0 354 15 378
430 0 273 15 379
268 0 354 15 380
293 0 329 2 381
304 0 322 2 382
314 0 312 2 383
324 0 301 2 384
331 0 290 2 385
338 0 278 2 386
343 0 265 2 387
347 0 250 2 388
255 0 338 2 389
312 0 260 2 390
256 0 309 2 391
238 0 296 15 392
249 0 279 15 393
259 0 257 15 394
243 0 268 15 395
220 0 295 15 396
215 -8 270 2 397
212 0 253 15 398
201 0 259 2 399
192 0 314 2 400
178 0 285 15 401
161 0 255 15 402
162 0 261 15 403
170 0 310 2 404
130 0 285 2 405
111 0 261 2 406
131 0 323 2 407
74 0 247 2 408
76 0 261 2 409
80 0 272 2 410
85 0 284 2 411
91 0 296 2 412
100 0 305 2 413
-3 0 253 15 414
106 0 315 2 415
94 0 354 15 416
-7 0 293 15 417
11 0 354 15 418
-10 0 333 15 419
50 0 352 15 420
130 0 350 15 421
-10 0 88 15 422
8 0 54 15 423
30 0 5 15 424
8 0 36 15 425
8 0 27 15 426
-10 0 41 15 427
