428
121 2 62 15 0
128 2 48 15 1
138 2 306 2 2
115 2 261 2 3
136 2 47 15 4
143 2 279 2 5
151 2 307 2 6
132 2 275 2 7
130 2 231 15 8
135 2 228 15 9
141 2 229 15 10
129 2 216 15 11
119 2 158 2 12
135 2 77 15 13
135 2 85 15 14
143 2 48 15 15
135 2 68 15 16
168 2 230 15 17
165 2 227 15 18
166 2 249 15 19
168 2 214 15 20
169 2 254 15 21
175 2 66 15 22
176 2 267 15 23
175 2 71 15 24
172 2 243 15 25
190 2 45 15 26
176 2 249 15 27
180 2 254 15 28
191 2 55 15 29
188 2 308 2 30
198 2 56 15 31
193 2 275 15 32
204 2 55 15 33
192 7 207 2 34
207 2 60 15 35
198 13 203 2 36
211 2 45 15 37
199 6 247 2 38
207 2 245 15 39
203 10 242 2 40
208 12 236 2 41
208 2 229 15 42
207 2 177 15 43
207 17 198 2 44
208 2 220 15 45
208 2 192 15 46
228 2 176 15 47
223 16 191 2 48
226 7 231 2 49
225 2 88 15 50
218 2 252 15 51
230 10 189 2 52
219 7 270 2 53
224 11 225 2 54
219 2 255 15 55
233 2 103 2 56
222 6 269 2 57
230 1 220 2 58
220 2 258 15 59
229 2 66 15 60
220 2 268 15 61
232 2 274 15 62
235 2 79 15 63
228 4 257 2 64
229 1 252 2 65
238 2 268 15 66
223 2 285 2 67
236 2 54 15 68
244 2 227 15 69
234 2 282 15 70
251 2 236 15 71
227 2 270 15 72
234 2 31 15 73
261 2 241 15 74
250 2 244 15 75
245 2 258 15 76
261 2 59 15 77
238 2 49 15 78
271 2 57 15 79
266 2 254 15 80
303 2 164 2 81
256 2 271 15 82
283 2 80 15 83
268 2 246 15 84
312 2 180 2 85
254 2 292 2 86
286 2 227 15 87
304 2 126 2 88
293 2 215 15 89
291 2 226 15 90
233 2 325 15 91
294 2 88 15 92
319 2 196 2 93
286 2 64 15 94
316 2 142 2 95
265 2 260 15 96
256 2 315 2 97
296 2 76 15 98
326 2 150 2 99
323 2 212 2 100
288 2 282 2 101
288 2 48 15 102
334 2 161 2 103
246 2 308 2 104
301 2 271 2 105
324 2 229 2 106
311 2 258 2 107
298 2 64 15 108
305 2 92 15 109
286 2 50 15 110
4 0 43 15 111
12 0 40 15 112
6 0 81 15 113
6 0 53 15 114
10 0 55 15 115
-2 0 81 15 116
8 0 69 15 117
-2 0 92 15 118
-15 0 136 15 119
0 0 69 15 120
23 0 36 15 121
17 0 88 15 122
17 0 66 15 123
36 0 47 15 124
34 0 61 15 125
24 0 87 15 126
43 0 62 15 127
28 0 91 15 128
57 0 55 15 129
-11 0 205 15 130
42 0 224 2 131
32 0 81 15 132
15 0 80 15 133
32 0 55 15 134
44 0 44 15 135
56 0 34 15 136
28 0 49 15 137
16 0 73 15 138
26 0 64 15 139
-8 0 168 15 140
36 0 80 15 141
48 0 45 15 142
49 0 85 15 143
50 0 73 15 144
39 0 64 15 145
52 0 61 15 146
62 0 86 15 147
75 0 59 15 148
80 0 61 15 149
85 0 66 15 150
76 0 92 15 151
93 0 56 15 152
94 0 75 15 153
65 0 208 2 154
86 0 79 15 155
111 0 63 15 156
93 0 76 15 157
74 0 177 2 158
110 0 49 15 159
106 0 64 15 160
116 0 46 15 161
109 0 77 15 162
108 0 83 15 163
79 0 165 2 164
72 0 188 2 165
70 0 200 2 166
95 0 232 2 167
109 0 42 15 168
114 0 35 15 169
111 0 59 15 170
88 0 154 2 171
108 0 85 15 172
97 0 210 2 173
112 0 80 15 174
100 0 196 2 175
100 0 134 2 176
103 0 182 2 177
110 0 129 2 178
129 0 62 15 179
134 0 67 15 180
110 0 171 2 181
128 0 54 15 182
117 0 129 2 183
134 0 147 2 184
143 0 85 15 185
142 0 118 2 186
146 0 218 15 187
154 0 63 15 188
148 0 137 2 189
153 0 111 2 190
170 0 50 15 191
161 0 241 15 192
154 0 217 15 193
151 0 228 15 194
168 0 29 15 195
160 0 134 2 196
173 0 54 15 197
165 0 110 2 198
162 0 218 15 199
177 0 75 15 200
184 0 42 15 201
179 0 84 15 202
184 0 70 15 203
187 0 62 15 204
177 0 129 2 205
179 0 228 15 206
175 0 233 15 207
184 0 108 2 208
192 0 67 15 209
187 0 259 15 210
186 0 271 15 211
188 0 82 15 212
194 -8 204 2 213
194 0 87 15 214
191 -2 206 2 215
198 0 273 15 216
195 0 268 15 217
200 0 75 15 218
201 -11 208 2 219
198 -4 238 2 220
196 0 76 15 221
198 0 75 15 222
201 0 69 15 223
202 0 41 15 224
196 0 178 15 225
209 -11 214 2 226
198 0 123 2 227
203 -6 247 2 228
204 0 82 15 229
207 0 201 15 230
210 0 67 15 231
202 0 178 15 232
208 0 225 15 233
208 0 188 15 234
212 0 66 15 235
209 0 98 2 236
212 0 85 15 237
217 0 124 2 238
209 0 210 15 239
217 0 175 15 240
213 0 177 15 241
228 -7 219 2 242
243 0 123 2 243
226 -4 250 2 244
236 0 64 15 245
246 0 221 15 246
244 0 83 15 247
249 0 229 15 248
255 0 227 15 249
261 0 218 15 250
243 0 44 15 251
254 0 108 2 252
261 0 135 2 253
256 0 216 15 254
267 0 108 2 255
259 0 78 15 256
269 0 218 15 257
276 0 134 2 258
268 0 228 15 259
288 0 144 2 260
279 0 217 15 261
288 0 116 2 262
277 0 227 15 263
303 0 78 15 264
347 0 208 2 265
306 0 63 15 266
347 0 193 2 267
344 0 176 2 268
307 0 78 15 269
312 0 68 15 270
315 0 80 15 271
293 0 33 15 272
310 0 44 15 273
307 0 41 15 274
317 0 48 15 275
348 0 82 15 276
327 0 52 15 277
326 0 85 15 278
322 0 72 15 279
330 0 46 15 280
328 0 78 15 281
355 0 81 15 282
362 0 223 2 283
342 0 54 15 284
373 0 74 15 285
368 0 71 15 286
388 0 85 15 287
369 0 53 15 288
394 0 63 15 289
431 0 186 15 290
412 0 83 15 291
406 0 80 15 292
370 0 42 15 293
395 0 82 15 294
433 0 154 15 295
409 0 78 15 296
384 0 62 15 297
394 0 99 15 298
437 0 223 15 299
405 0 52 15 300
388 0 38 15 301
423 0 83 15 302
395 0 55 15 303
385 0 56 15 304
390 0 71 15 305
383 0 66 15 306
388 0 81 15 307
403 0 81 15 308
359 0 45 15 309
321 0 304 2 310
385 0 47 15 311
403 0 58 15 312
399 0 80 15 313
395 0 27 15 314
402 0 46 15 315
420 0 99 15 316
423 0 51 15 317
445 0 122 15 318
412 0 34 15 319
413 0 46 15 320
420 0 59 15 321
423 0 72 15 322
-26 0 19 15 323
-7 0 34 15 324
1 0 34 15 325
1 0 51 15 326
21 0 45 15 327
36 0 32 15 328
36 0 55 15 329
57 0 47 15 330
80 0 32 15 331
65 0 72 15 332
93 0 34 15 333
115 0 19 15 334
118 0 37 15 335
120 0 57 15 336
137 0 41 15 337
132 0 106 2 338
149 0 53 15 339
174 0 40 15 340
177 0 64 15 341
196 0 38 15 342
207 0 52 15 343
217 0 44 15 344
221 0 62 15 345
232 0 74 15 346
240 0 55 15 347
261 0 52 15 348
268 0 66 15 349
284 0 75 15 350
278 0 43 15 351
289 0 42 15 352
300 0 41 15 353
326 0 65 15 354
330 0 49 15 355
350 0 63 15 356
335 0 31 15 357
358 0 49 15 358
363 0 36 15 359
377 0 38 15 360
401 0 57 15 361
398 0 36 15 362
408 0 32 15 363
426 0 43 15 364
428 0 34 15 365
451 0 36 15 366
436 0 22 15 367
436 0 45 15 368
426 0 45 15 369
452 0 83 15 370
435 0 76 15 371
411 0 64 15 372
426 0 90 15 373
388 0 323 15 374
452 0 327 15 375
418 0 329 15 376
446 0 297 15 377
346 0 329 15 378
438 0 265 15 379
305 0 329 15 380
322 0 309 2 381
328 0 304 2 382
333 0 296 2 383
339 0 287 2 384
342 0 278 2 385
344 0 268 2 386
346 0 258 2 387
346 0 246 2 388
269 0 317 2 389
313 0 254 2 390
265 0 293 2 391
247 0 283 15 392
254 0 269 15 393
259 0 252 15 394
243 0 261 15 395
222 0 282 15 396
216 -6 262 2 397
211 0 248 15 398
199 0 253 2 399
189 0 298 2 400
175 0 274 15 401
158 0 250 15 402
156 0 255 15 403
160 0 294 2 404
125 0 274 2 405
107 0 255 2 406
120 0 305 2 407
72 0 244 2 408
71 0 255 2 409
71 0 264 2 410
72 0 273 2 411
75 0 283 2 412
78 0 291 2 413
-6 0 248 15 414
78 0 299 2 415
66 0 329 15 416
-18 0 281 15 417
-7 0 329 15 418
-26 0 312 15 419
22 0 325 15 420
87 0 321 15 421
-26 0 108 15 422
-11 0 77 15 423
6 0 35 15 424
-11 0 57 15 425
-11 0 48 15 426
-26 0 56 15 427
