428
130 0 38 15 0
138 0 22 15 1
150 0 331 2 2
120 0 273 2 3
146 0 21 15 4
155 0 302 2 5
166 0 336 2 6
142 0 294 2 7
139 0 243 15 8
146 0 241 15 9
153 0 245 15 10
138 0 227 15 11
124 0 157 2 12
144 0 57 15 13
144 0 66 15 14
154 0 21 15 15
144 0 49 15 16
173 0 248 15 17
170 0 243 15 18
170 0 268 15 19
173 0 228 15 20
174 0 273 15 21
181 0 43 15 22
182 0 288 15 23
180 0 50 15 24
176 0 257 15 25
198 0 18 15 26
180 0 264 15 27
183 0 270 15 28
197 0 32 15 29
192 0 339 2 30
204 0 32 15 31
197 0 297 15 32
211 0 32 15 33
195 6 212 2 34
213 0 37 15 35
200 14 208 2 36
216 0 17 15 37
202 6 255 2 38
211 0 256 15 39
206 10 250 2 40
212 13 246 2 41
212 0 240 15 42
211 0 182 15 43
210 19 204 2 44
212 0 229 15 45
211 0 198 15 46
229 0 180 15 47
222 17 199 2 48
226 6 239 2 49
225 0 71 15 50
215 0 269 15 51
230 11 195 2 52
216 6 287 2 53
221 11 240 2 54
215 0 274 15 55
233 0 92 2 56
220 5 284 2 57
228 -1 233 2 58
216 0 279 15 59
226 0 45 15 60
213 0 292 15 61
229 0 290 15 62
232 0 62 15 63
222 2 277 2 64
223 -1 273 2 65
234 0 283 15 66
216 0 313 2 67
231 0 31 15 68
241 0 242 15 69
227 0 300 15 70
249 0 249 15 71
220 0 297 15 72
227 0 1 15 73
261 0 249 15 74
247 0 257 15 75
240 0 273 15 76
260 0 35 15 77
230 0 17 15 78
263 0 30 15 79
256 0 269 15 80
303 0 164 2 81
243 0 289 15 82
277 0 61 15 83
259 0 261 15 84
314 0 181 2 85
239 0 314 2 86
280 0 239 15 87
303 0 121 2 88
288 0 226 15 89
285 0 238 15 90
212 0 355 15 91
289 0 73 15 92
320 0 201 2 93
277 0 43 15 94
314 0 134 2 95
250 0 281 15 96
238 0 342 2 97
288 0 58 15 98
325 0 144 2 99
322 0 219 2 100
277 0 300 2 101
275 0 22 15 102
334 0 158 2 103
223 0 339 2 104
292 0 288 2 105
320 0 238 2 106
304 0 273 2 107
287 0 42 15 108
296 0 72 15 109
271 0 19 15 110
24 0 18 15 111
32 0 16 15 112
25 0 56 15 113
23 0 33 15 114
28 0 34 15 115
13 0 64 15 116
25 0 48 15 117
13 0 75 15 118
-5 0 126 15 119
13 0 54 15 120
42 0 14 15 121
34 0 66 15 122
32 0 47 15 123
56 0 18 15 124
53 0 34 15 125
41 0 66 15 126
65 0 32 15 127
46 0 67 15 128
83 0 19 15 129
-4 0 209 15 130
63 0 232 2 131
51 0 57 15 132
27 0 66 15 133
49 0 31 15 134
63 0 17 15 135
79 0 2 15 136
42 0 30 15 137
28 0 58 15 138
40 0 45 15 139
-3 0 167 15 140
52 0 61 15 141
67 0 21 15 142
67 0 62 15 143
67 0 52 15 144
54 0 46 15 145
68 0 42 15 146
70 0 74 15 147
87 0 37 15 148
93 0 38 15 149
100 0 42 15 150
89 0 73 15 151
110 0 26 15 152
109 0 49 15 153
70 0 218 2 154
97 0 64 15 155
126 0 34 15 156
104 0 61 15 157
77 0 178 2 158
122 0 27 15 159
118 0 43 15 160
131 0 18 15 161
122 0 56 15 162
120 0 62 15 163
83 0 165 2 164
74 0 191 2 165
72 0 204 2 166
103 0 242 2 167
122 0 21 15 168
128 0 12 15 169
123 0 40 15 170
93 0 150 2 171
116 0 72 15 172
102 0 220 2 173
120 0 65 15 174
104 0 202 2 175
102 0 134 2 176
107 0 185 2 177
114 0 125 2 178
138 0 39 15 179
144 0 42 15 180
114 0 171 2 181
137 0 33 15 182
123 0 120 2 183
136 0 145 2 184
147 0 72 15 185
145 0 107 2 186
150 0 228 15 187
159 0 44 15 188
150 0 135 2 189
157 0 101 2 190
179 0 21 15 191
167 0 261 15 192
158 0 229 15 193
155 0 241 15 194
176 0 0 15 195
164 0 128 2 196
180 0 33 15 197
169 0 97 2 198
166 0 229 15 199
181 0 62 15 200
190 0 18 15 201
184 0 69 15 202
191 0 49 15 203
194 0 39 15 204
181 0 121 2 205
183 0 243 15 206
177 0 245 15 207
188 0 94 2 208
198 0 47 15 209
191 0 282 15 210
190 0 293 15 211
192 0 70 15 212
198 -11 217 2 213
198 0 72 15 214
194 -3 214 2 215
203 0 298 15 216
199 0 290 15 217
206 0 54 15 218
207 -15 221 2 219
202 -5 257 2 220
200 0 63 15 221
202 0 58 15 222
207 0 47 15 223
208 0 16 15 224
199 0 182 15 225
215 -14 225 2 226
201 0 118 2 227
208 -8 263 2 228
208 0 70 15 229
211 0 209 15 230
215 0 46 15 231
205 0 182 15 232
212 0 235 15 233
211 0 192 15 234
216 0 50 15 235
212 0 89 2 236
216 0 70 15 237
221 0 118 2 238
212 0 216 15 239
221 0 181 15 240
217 0 181 15 241
226 -9 229 2 242
243 0 120 2 243
221 -6 269 2 244
233 0 45 15 245
245 0 232 15 246
241 0 68 15 247
247 0 242 15 248
253 0 242 15 249
261 0 229 15 250
237 0 16 15 251
252 0 95 2 252
260 0 128 2 253
254 0 229 15 254
268 0 101 2 255
258 0 61 15 256
269 0 228 15 257
277 0 134 2 258
266 0 241 15 259
290 0 146 2 260
277 0 227 15 261
288 0 110 2 262
273 0 240 15 263
295 0 61 15 264
349 0 214 2 265
296 0 42 15 266
348 0 197 2 267
344 0 178 2 268
296 0 54 15 269
301 0 49 15 270
305 0 59 15 271
276 0 1 15 272
296 0 19 15 273
292 0 14 15 274
305 0 26 15 275
343 0 72 15 276
315 0 27 15 277
314 0 61 15 278
307 0 43 15 279
316 0 20 15 280
312 0 49 15 281
345 0 64 15 282
354 0 232 2 283
327 0 30 15 284
356 0 53 15 285
349 0 48 15 286
375 0 69 15 287
350 0 30 15 288
381 0 48 15 289
427 0 188 15 290
403 0 73 15 291
394 0 67 15 292
349 0 16 15 293
379 0 63 15 294
428 0 148 15 295
396 0 62 15 296
363 0 36 15 297
376 0 78 15 298
429 0 230 15 299
388 0 35 15 300
367 0 14 15 301
411 0 70 15 302
375 0 33 15 303
362 0 29 15 304
368 0 44 15 305
359 0 36 15 306
365 0 52 15 307
384 0 58 15 308
328 0 5 15 309
280 0 333 2 310
360 0 17 15 311
383 0 37 15 312
378 0 54 15 313
370 0 0 15 314
378 0 21 15 315
401 0 78 15 316
404 0 32 15 317
432 0 107 15 318
390 0 11 15 319
390 0 21 15 320
399 0 36 15 321
402 0 50 15 322
-9 0 -3 15 323
11 0 15 15 324
18 0 16 15 325
13 0 37 15 326
36 0 29 15 327
51 0 13 15 328
47 0 42 15 329
69 0 33 15 330
95 0 13 15 331
72 0 63 15 332
104 0 16 15 333
128 0 -3 15 334
129 0 19 15 335
127 0 45 15 336
145 0 24 15 337
134 0 107 2 338
153 0 40 15 339
180 0 23 15 340
181 0 53 15 341
201 0 21 15 342
211 0 38 15 343
220 0 28 15 344
221 0 52 15 345
232 0 66 15 346
237 0 42 15 347
261 0 38 15 348
266 0 56 15 349
282 0 67 15 350
271 0 27 15 351
281 0 26 15 352
292 0 24 15 353
320 0 54 15 354
322 0 34 15 355
344 0 53 15 356
321 0 12 15 357
346 0 34 15 358
348 0 18 15 359
362 0 21 15 360
389 0 45 15 361
381 0 18 15 362
391 0 13 15 363
409 0 27 15 364
409 0 16 15 365
434 0 18 15 366
414 0 -2 15 367
414 0 24 15 368
400 0 20 15 369
434 0 64 15 370
412 0 51 15 371
381 0 32 15 372
401 0 61 15 373
352 0 354 15 374
434 0 355 15 375
393 0 356 15 376
432 0 315 15 377
308 0 356 15 378
430 0 274 15 379
265 0 356 15 380
290 0 330 2 381
301 0 323 2 382
312 0 313 2 383
322 0 302 2 384
330 0 291 2 385
337 0 279 2 386
343 0 266 2 387
347 0 250 2 388
253 0 340 2 389
312 0 260 2 390
255 0 310 2 391
237 0 297 15 392
249 0 280 15 393
259 0 258 15 394
243 0 269 15 395
220 0 296 15 396
215 -8 270 2 397
213 0 253 15 398
201 0 260 2 399
193 0 316 2 400
179 0 286 15 401
161 0 255 15 402
163 0 261 15 403
171 0 311 2 404
131 0 286 2 405
111 0 261 2 406
132 0 325 2 407
74 0 248 2 408
77 0 261 2 409
81 0 273 2 410
86 0 285 2 411
93 0 297 2 412
102 0 307 2 413
-2 0 253 15 414
109 0 317 2 415
97 0 356 15 416
-6 0 294 15 417
12 0 356 15 418
-9 0 335 15 419
52 0 354 15 420
134 0 353 15 421
-9 0 87 15 422
10 0 52 15 423
32 0 2 15 424
10 0 34 15 425
10 0 25 15 426
-9 0 39 15 427
