428
127 1 47 15 0
134 1 31 15 1
146 1 322 2 2
118 1 268 2 3
142 1 30 15 4
151 1 294 2 5
161 1 325 2 6
138 1 287 2 7
136 1 238 15 8
142 1 237 15 9
149 1 239 15 10
135 1 223 15 11
122 1 157 2 12
141 1 64 15 13
141 1 73 15 14
150 1 31 15 15
141 1 56 15 16
171 1 241 15 17
168 1 237 15 18
169 1 261 15 19
171 1 223 15 20
172 1 266 15 21
178 1 51 15 22
180 1 280 15 23
178 1 58 15 24
175 1 252 15 25
195 1 28 15 26
178 1 259 15 27
182 1 264 15 28
194 1 40 15 29
190 1 328 2 30
201 1 41 15 31
195 1 289 15 32
208 1 40 15 33
194 7 210 2 34
211 1 46 15 35
199 14 206 2 36
214 1 27 15 37
201 6 252 2 38
210 1 252 15 39
205 10 247 2 40
210 12 242 2 41
210 1 236 15 42
210 1 180 15 43
209 18 202 2 44
210 1 226 15 45
210 1 196 15 46
229 1 179 15 47
222 17 196 2 48
226 6 236 2 49
225 1 77 15 50
216 1 263 15 51
230 11 193 2 52
217 7 281 2 53
222 11 234 2 54
217 1 267 15 55
233 1 96 2 56
220 6 278 2 57
229 0 228 2 58
217 1 271 15 59
227 1 53 15 60
216 1 283 15 61
230 1 284 15 62
233 1 69 15 63
224 3 270 2 64
225 0 265 2 65
236 1 277 15 66
219 1 303 2 67
233 1 39 15 68
242 1 237 15 69
230 1 293 15 70
250 1 245 15 71
222 1 287 15 72
229 1 12 15 73
261 1 246 15 74
248 1 252 15 75
242 1 268 15 76
260 1 44 15 77
233 1 29 15 78
266 1 40 15 79
260 1 264 15 80
303 1 164 2 81
248 1 283 15 82
279 1 68 15 83
262 1 256 15 84
313 1 180 2 85
244 1 306 2 86
282 1 235 15 87
303 1 123 2 88
290 1 222 15 89
287 1 233 15 90
220 1 344 15 91
291 1 79 15 92
320 1 199 2 93
280 1 51 15 94
315 1 137 2 95
255 1 274 15 96
245 1 332 2 97
291 1 65 15 98
325 1 146 2 99
323 1 216 2 100
281 1 293 2 101
280 1 31 15 102
334 1 159 2 103
231 1 328 2 104
295 1 281 2 105
322 1 235 2 106
306 1 268 2 107
291 1 50 15 108
299 1 79 15 109
276 1 30 15 110
17 0 27 15 111
25 0 25 15 112
18 0 65 15 113
16 0 40 15 114
21 0 41 15 115
7 0 70 15 116
19 0 55 15 117
7 0 81 15 118
-9 0 130 15 119
8 0 60 15 120
35 0 22 15 121
28 0 74 15 122
27 0 54 15 123
49 0 28 15 124
46 0 44 15 125
34 0 74 15 126
57 0 43 15 127
39 0 76 15 128
74 0 32 15 129
-7 0 207 15 130
55 0 229 2 131
44 0 66 15 132
23 0 71 15 133
43 0 40 15 134
56 0 27 15 135
70 0 13 15 136
37 0 37 15 137
24 0 64 15 138
35 0 52 15 139
-5 0 167 15 140
46 0 68 15 141
60 0 30 15 142
60 0 70 15 143
61 0 60 15 144
48 0 53 15 145
62 0 49 15 146
67 0 78 15 147
82 0 45 15 148
88 0 47 15 149
94 0 51 15 150
84 0 80 15 151
104 0 37 15 152
104 0 58 15 153
68 0 214 2 154
93 0 70 15 155
121 0 45 15 156
100 0 66 15 157
76 0 177 2 158
118 0 35 15 159
114 0 51 15 160
125 0 28 15 161
117 0 64 15 162
115 0 70 15 163
82 0 165 2 164
73 0 190 2 165
72 0 203 2 166
100 0 238 2 167
117 0 29 15 168
123 0 20 15 169
119 0 47 15 170
91 0 151 2 171
113 0 76 15 172
100 0 217 2 173
117 0 70 15 174
102 0 200 2 175
101 0 134 2 176
106 0 184 2 177
112 0 126 2 178
135 0 47 15 179
141 0 51 15 180
112 0 171 2 181
134 0 40 15 182
121 0 123 2 183
136 0 146 2 184
146 0 76 15 185
144 0 111 2 186
148 0 225 15 187
157 0 51 15 188
149 0 135 2 189
155 0 105 2 190
176 0 32 15 191
164 0 254 15 192
156 0 224 15 193
154 0 236 15 194
173 0 10 15 195
162 0 130 2 196
177 0 40 15 197
168 0 101 2 198
165 0 225 15 199
180 0 67 15 200
187 0 27 15 201
182 0 75 15 202
188 0 57 15 203
192 0 47 15 204
180 0 124 2 205
181 0 238 15 206
176 0 240 15 207
186 0 99 2 208
196 0 54 15 209
190 0 274 15 210
188 0 285 15 211
190 0 74 15 212
197 -10 212 2 213
197 0 77 15 214
193 -3 211 2 215
201 0 289 15 216
198 0 282 15 217
204 0 61 15 218
205 -13 216 2 219
201 -5 250 2 220
198 0 67 15 221
201 0 64 15 222
205 0 55 15 223
206 0 25 15 224
198 0 180 15 225
213 -13 221 2 226
200 0 120 2 227
206 -7 257 2 228
206 0 74 15 229
210 0 206 15 230
213 0 54 15 231
204 0 180 15 232
210 0 231 15 233
210 0 191 15 234
214 0 56 15 235
211 0 92 2 236
214 0 76 15 237
220 0 120 2 238
211 0 213 15 239
220 0 179 15 240
215 0 180 15 241
227 -8 226 2 242
243 0 121 2 243
223 -5 262 2 244
234 0 52 15 245
245 0 228 15 246
242 0 73 15 247
248 0 238 15 248
254 0 236 15 249
261 0 225 15 250
239 0 26 15 251
253 0 100 2 252
260 0 131 2 253
254 0 225 15 254
268 0 104 2 255
259 0 67 15 256
269 0 224 15 257
277 0 134 2 258
267 0 236 15 259
290 0 145 2 260
278 0 223 15 261
288 0 112 2 262
274 0 235 15 263
298 0 67 15 264
349 0 212 2 265
300 0 49 15 266
348 0 195 2 267
344 0 177 2 268
300 0 63 15 269
305 0 56 15 270
309 0 67 15 271
283 0 13 15 272
301 0 28 15 273
298 0 24 15 274
309 0 34 15 275
345 0 76 15 276
320 0 36 15 277
318 0 70 15 278
312 0 54 15 279
321 0 29 15 280
318 0 59 15 281
349 0 71 15 282
357 0 229 2 283
332 0 39 15 284
363 0 61 15 285
356 0 56 15 286
380 0 75 15 287
357 0 38 15 288
386 0 53 15 289
428 0 187 15 290
406 0 77 15 291
398 0 72 15 292
357 0 25 15 293
385 0 70 15 294
430 0 150 15 295
401 0 68 15 296
371 0 46 15 297
383 0 85 15 298
432 0 227 15 299
395 0 41 15 300
374 0 23 15 301
416 0 75 15 302
382 0 41 15 303
371 0 39 15 304
376 0 54 15 305
368 0 47 15 306
374 0 62 15 307
391 0 67 15 308
340 0 20 15 309
295 0 322 2 310
369 0 28 15 311
390 0 44 15 312
386 0 64 15 313
379 0 10 15 314
387 0 30 15 315
408 0 85 15 316
411 0 39 15 317
437 0 112 15 318
398 0 20 15 319
399 0 30 15 320
406 0 44 15 321
410 0 58 15 322
-15 0 5 15 323
4 0 22 15 324
11 0 23 15 325
9 0 42 15 326
30 0 35 15 327
46 0 20 15 328
43 0 46 15 329
65 0 38 15 330
90 0 20 15 331
69 0 66 15 332
100 0 23 15 333
123 0 5 15 334
125 0 25 15 335
125 0 50 15 336
142 0 30 15 337
133 0 107 2 338
151 0 45 15 339
178 0 29 15 340
179 0 57 15 341
199 0 27 15 342
209 0 43 15 343
219 0 34 15 344
221 0 56 15 345
232 0 69 15 346
238 0 46 15 347
261 0 43 15 348
267 0 60 15 349
283 0 70 15 350
273 0 33 15 351
284 0 32 15 352
295 0 30 15 353
322 0 58 15 354
325 0 40 15 355
346 0 56 15 356
326 0 19 15 357
350 0 40 15 358
354 0 25 15 359
368 0 27 15 360
393 0 50 15 361
387 0 25 15 362
397 0 20 15 363
415 0 33 15 364
416 0 23 15 365
440 0 25 15 366
422 0 7 15 367
422 0 32 15 368
410 0 29 15 369
441 0 71 15 370
421 0 60 15 371
392 0 43 15 372
411 0 72 15 373
365 0 343 15 374
441 0 345 15 375
402 0 346 15 376
437 0 308 15 377
322 0 346 15 378
433 0 271 15 379
280 0 346 15 380
302 0 323 2 381
311 0 316 2 382
320 0 307 2 383
328 0 297 2 384
334 0 287 2 385
340 0 275 2 386
344 0 263 2 387
347 0 249 2 388
259 0 332 2 389
312 0 258 2 390
259 0 304 2 391
241 0 292 15 392
251 0 276 15 393
259 0 256 15 394
243 0 266 15 395
221 0 291 15 396
216 -7 267 2 397
212 0 251 15 398
200 0 257 2 399
191 0 309 2 400
177 0 282 15 401
160 0 253 15 402
160 0 259 15 403
167 0 305 2 404
129 0 282 2 405
110 0 259 2 406
128 0 318 2 407
73 0 246 2 408
75 0 259 2 409
77 0 270 2 410
81 0 281 2 411
86 0 292 2 412
93 0 301 2 413
-4 0 251 15 414
98 0 310 2 415
85 0 346 15 416
-11 0 289 15 417
5 0 346 15 418
-15 0 327 15 419
41 0 344 15 420
117 0 341 15 421
-15 0 94 15 422
2 0 61 15 423
23 0 14 15 424
2 0 42 15 425
2 0 33 15 426
-15 0 45 15 427
