428
112 4 82 15 0
119 4 71 15 1
128 4 283 2 2
110 4 250 2 3
126 4 69 15 4
132 4 259 2 5
138 4 281 2 6
123 4 259 2 7
122 4 220 15 8
127 4 217 15 9
131 4 215 15 10
122 4 206 15 11
114 4 159 2 12
127 4 95 15 13
127 4 102 15 14
133 4 71 15 15
128 4 85 15 16
163 4 214 15 17
161 4 214 15 18
162 4 231 15 19
164 4 201 15 20
164 4 237 15 21
169 4 87 15 22
171 4 248 15 23
171 4 90 15 24
169 4 231 15 25
183 4 68 15 26
173 4 236 15 27
177 4 240 15 28
185 4 76 15 29
184 4 282 2 30
192 4 76 15 31
189 4 255 15 32
199 4 76 15 33
190 8 203 2 34
202 4 80 15 35
196 12 199 2 36
206 4 69 15 37
197 7 240 2 38
204 4 236 15 39
200 10 235 2 40
204 11 227 2 41
204 4 221 15 42
204 4 171 15 43
204 15 193 2 44
205 4 211 15 45
205 4 187 15 46
228 4 171 15 47
223 14 184 2 48
226 7 224 2 49
226 4 102 15 50
220 4 238 15 51
230 10 184 2 52
221 8 256 2 53
226 10 212 2 54
222 4 239 15 55
233 4 113 2 56
226 7 256 2 57
232 3 210 2 58
223 4 240 15 59
231 4 84 15 60
224 4 247 15 61
235 4 260 15 62
238 4 94 15 63
232 5 239 2 64
233 3 233 2 65
241 4 256 15 66
230 4 262 2 67
240 4 75 15 68
246 4 214 15 69
239 4 266 15 70
253 4 225 15 71
235 4 246 15 72
240 4 58 15 73
261 4 233 15 74
253 4 232 15 75
249 4 244 15 76
262 4 80 15 77
244 4 76 15 78
278 4 80 15 79
274 4 240 15 80
303 4 164 2 81
267 4 256 15 82
288 4 96 15 83
277 4 233 15 84
311 4 177 2 85
266 4 273 2 86
291 4 217 15 87
305 4 131 2 88
297 4 205 15 89
296 4 215 15 90
252 4 299 15 91
299 4 101 15 92
319 4 191 2 93
294 4 83 15 94
318 4 149 2 95
279 4 242 15 96
272 4 292 2 97
303 4 92 15 98
326 4 155 2 99
325 4 205 2 100
298 4 266 2 101
298 4 70 15 102
334 4 162 2 103
267 4 280 2 104
309 4 256 2 105
327 4 221 2 106
317 4 245 2 107
307 4 84 15 108
313 4 109 15 109
299 4 77 15 110
-13 0 64 15 111
-5 0 61 15 112
-9 0 102 15 113
-9 0 70 15 114
-6 0 73 15 115
-15 0 95 15 116
-7 0 88 15 117
-15 0 106 15 118
-24 0 144 15 119
-12 0 82 15 120
7 0 56 15 121
3 0 108 15 122
4 0 82 15 123
19 0 73 15 124
17 0 85 15 125
9 0 106 15 126
24 0 89 15 127
12 0 112 15 128
35 0 85 15 129
-18 0 201 15 130
23 0 217 2 131
17 0 102 15 132
4 0 93 15 133
18 0 75 15 134
27 0 68 15 135
36 0 61 15 136
15 0 66 15 137
6 0 85 15 138
14 0 81 15 139
-12 0 169 15 140
23 0 97 15 141
32 0 66 15 142
33 0 106 15 143
34 0 91 15 144
27 0 80 15 145
38 0 78 15 146
55 0 97 15 147
64 0 78 15 148
68 0 81 15 149
72 0 87 15 150
66 0 108 15 151
79 0 83 15 152
81 0 97 15 153
61 0 199 2 154
77 0 92 15 155
97 0 89 15 156
84 0 89 15 157
71 0 175 2 158
99 0 69 15 159
96 0 81 15 160
104 0 69 15 161
98 0 94 15 162
97 0 100 15 163
75 0 165 2 164
70 0 186 2 165
69 0 197 2 166
87 0 222 2 167
99 0 59 15 168
102 0 56 15 169
101 0 77 15 170
84 0 158 2 171
100 0 96 15 172
92 0 201 2 173
105 0 92 15 174
96 0 190 2 175
98 0 134 2 176
100 0 180 2 177
106 0 132 2 178
121 0 83 15 179
125 0 88 15 180
106 0 170 2 181
121 0 73 15 182
112 0 137 2 183
132 0 150 2 184
140 0 96 15 185
140 0 127 2 186
142 0 209 15 187
150 0 80 15 188
145 0 139 2 189
149 0 121 2 190
163 0 75 15 191
155 0 223 15 192
150 0 206 15 193
148 0 216 15 194
162 0 53 15 195
156 0 140 2 196
166 0 73 15 197
161 0 121 2 198
159 0 208 15 199
174 0 87 15 200
178 0 63 15 201
175 0 96 15 202
179 0 87 15 203
181 0 83 15 204
174 0 135 2 205
175 0 215 15 206
173 0 222 15 207
180 0 120 2 208
187 0 85 15 209
184 0 239 15 210
182 0 251 15 211
184 0 92 15 212
189 -6 193 2 213
191 0 100 15 214
188 -2 198 2 215
193 0 251 15 216
191 0 249 15 217
195 0 94 15 218
196 -9 197 2 219
193 -3 222 2 220
192 0 87 15 221
194 0 90 15 222
196 0 88 15 223
197 0 62 15 224
193 0 174 15 225
203 -8 204 2 226
195 0 128 2 227
199 -5 233 2 228
200 0 92 15 229
203 0 194 15 230
206 0 84 15 231
200 0 173 15 232
204 0 216 15 233
205 0 184 15 234
208 0 80 15 235
206 0 106 2 236
208 0 98 15 237
212 0 129 2 238
206 0 204 15 239
213 0 170 15 240
209 0 173 15 241
230 -5 210 2 242
242 0 126 2 243
230 -3 234 2 244
239 0 80 15 245
247 0 212 15 246
247 0 95 15 247
251 0 218 15 248
257 0 215 15 249
261 0 209 15 250
248 0 68 15 251
256 0 118 2 252
261 0 142 2 253
257 0 205 15 254
267 0 115 2 255
261 0 93 15 256
269 0 209 15 257
275 0 134 2 258
271 0 217 15 259
286 0 142 2 260
281 0 209 15 261
289 0 121 2 262
280 0 217 15 263
310 0 93 15 264
345 0 203 2 265
315 0 81 15 266
346 0 189 2 267
344 0 175 2 268
317 0 98 15 269
321 0 86 15 270
323 0 98 15 271
308 0 60 15 272
322 0 65 15 273
320 0 65 15 274
328 0 67 15 275
353 0 91 15 276
338 0 73 15 277
337 0 106 15 278
336 0 97 15 279
342 0 68 15 280
342 0 102 15 281
364 0 96 15 282
369 0 214 2 283
356 0 75 15 284
388 0 93 15 285
383 0 91 15 286
399 0 99 15 287
385 0 73 15 288
405 0 76 15 289
434 0 184 15 290
419 0 93 15 291
416 0 92 15 292
389 0 64 15 293
408 0 100 15 294
438 0 160 15 295
420 0 92 15 296
402 0 84 15 297
410 0 118 15 298
444 0 216 15 299
420 0 67 15 300
407 0 58 15 301
434 0 93 15 302
412 0 74 15 303
405 0 80 15 304
409 0 95 15 305
404 0 92 15 306
408 0 105 15 307
420 0 101 15 308
386 0 80 15 309
357 0 279 2 310
407 0 73 15 311
421 0 77 15 312
418 0 103 15 313
416 0 51 15 314
422 0 67 15 315
435 0 118 15 316
438 0 69 15 317
456 0 135 15 318
431 0 54 15 319
433 0 67 15 320
438 0 79 15 321
441 0 91 15 322
-41 0 39 15 323
-23 0 50 15 324
-14 0 50 15 325
-11 0 63 15 326
8 0 58 15 327
23 0 48 15 328
26 0 66 15 329
45 0 60 15 330
67 0 49 15 331
58 0 79 15 332
83 0 50 15 333
103 0 39 15 334
109 0 52 15 335
114 0 68 15 336
130 0 55 15 337
129 0 105 2 338
146 0 65 15 339
168 0 54 15 340
174 0 73 15 341
192 0 53 15 342
203 0 64 15 343
215 0 58 15 344
220 0 72 15 345
232 0 81 15 346
241 0 66 15 347
261 0 64 15 348
270 0 75 15 349
285 0 81 15 350
284 0 57 15 351
296 0 56 15 352
308 0 55 15 353
330 0 73 15 354
337 0 61 15 355
356 0 72 15 356
348 0 48 15 357
368 0 61 15 358
375 0 52 15 359
389 0 53 15 360
411 0 68 15 361
412 0 52 15 362
423 0 49 15 363
440 0 57 15 364
445 0 50 15 365
466 0 52 15 366
456 0 43 15 367
456 0 64 15 368
448 0 67 15 369
468 0 99 15 370
455 0 98 15 371
436 0 91 15 372
448 0 115 15 373
419 0 297 15 374
468 0 303 15 375
440 0 306 15 376
458 0 281 15 377
378 0 306 15 378
446 0 257 15 379
341 0 306 15 380
350 0 291 2 381
352 0 286 2 382
352 0 280 2 383
353 0 274 2 384
352 0 267 2 385
351 0 260 2 386
349 0 252 2 387
346 0 243 2 388
283 0 297 2 389
313 0 249 2 390
273 0 279 2 391
257 0 271 15 392
259 0 260 15 393
259 0 247 15 394
244 0 254 15 395
224 0 270 15 396
216 -5 255 2 397
209 0 244 15 398
196 0 248 2 399
186 0 282 2 400
172 0 264 15 401
156 0 245 15 402
151 0 249 15 403
151 0 279 2 404
121 0 264 2 405
103 0 249 2 406
110 0 288 2 407
70 0 241 2 408
66 0 249 2 409
63 0 256 2 410
60 0 263 2 411
59 0 271 2 412
58 0 277 2 413
-10 0 244 15 414
52 0 283 2 415
39 0 306 15 416
-29 0 269 15 417
-23 0 306 15 418
-41 0 293 15 419
-4 0 299 15 420
45 0 292 15 421
-41 0 126 15 422
-30 0 100 15 423
-16 0 64 15 424
-30 0 78 15 425
-30 0 67 15 426
-41 0 70 15 427
