428
116 3 74 15 0
123 3 62 15 1
132 3 292 2 2
112 3 255 2 3
130 3 60 15 4
136 3 267 2 5
144 3 291 2 6
127 3 265 2 7
125 3 225 15 8
130 3 222 15 9
135 3 220 15 10
125 3 210 15 11
116 3 159 2 12
130 3 88 15 13
130 3 95 15 14
137 3 62 15 15
131 3 78 15 16
165 3 221 15 17
163 3 219 15 18
163 3 238 15 19
166 3 206 15 20
166 3 244 15 21
172 3 79 15 22
173 3 255 15 23
173 3 82 15 24
170 3 235 15 25
186 3 59 15 26
174 3 242 15 27
178 3 246 15 28
188 3 67 15 29
185 3 292 2 30
195 3 68 15 31
191 3 263 15 32
201 3 68 15 33
191 7 205 2 34
204 3 72 15 35
196 13 201 2 36
208 3 60 15 37
198 7 242 2 38
205 3 240 15 39
201 10 238 2 40
206 12 231 2 41
206 3 224 15 42
206 3 174 15 43
205 16 195 2 44
206 3 215 15 45
206 3 189 15 46
228 3 173 15 47
223 15 186 2 48
226 7 226 2 49
226 3 97 15 50
219 3 244 15 51
230 10 186 2 52
220 7 262 2 53
225 10 217 2 54
220 3 245 15 55
233 3 109 2 56
224 7 261 2 57
231 2 214 2 58
222 3 247 15 59
230 3 77 15 60
222 3 255 15 61
234 3 266 15 62
237 3 88 15 63
230 5 246 2 64
231 2 241 2 65
240 3 261 15 66
227 3 271 2 67
238 3 67 15 68
245 3 219 15 69
237 3 272 15 70
252 3 230 15 71
232 3 256 15 72
238 3 47 15 73
261 3 236 15 74
252 3 237 15 75
247 3 250 15 76
262 3 72 15 77
241 3 65 15 78
276 3 71 15 79
271 3 246 15 80
303 3 164 2 81
262 3 262 15 82
286 3 90 15 83
273 3 238 15 84
311 3 178 2 85
261 3 281 2 86
289 3 221 15 87
305 3 129 2 88
295 3 209 15 89
294 3 219 15 90
244 3 310 15 91
297 3 96 15 92
319 3 193 2 93
291 3 75 15 94
317 3 146 2 95
273 3 249 15 96
265 3 301 2 97
301 3 85 15 98
326 3 153 2 99
324 3 208 2 100
294 3 272 2 101
294 3 61 15 102
334 3 162 2 103
258 3 291 2 104
306 3 262 2 105
326 3 224 2 106
315 3 251 2 107
303 3 76 15 108
310 3 102 15 109
294 3 66 15 110
-6 0 55 15 111
2 0 53 15 112
-3 0 93 15 113
-3 0 63 15 114
1 0 66 15 115
-10 0 89 15 116
-1 0 80 15 117
-10 0 100 15 118
-20 0 141 15 119
-7 0 77 15 120
14 0 48 15 121
9 0 100 15 122
10 0 76 15 123
26 0 63 15 124
24 0 75 15 125
15 0 99 15 126
32 0 78 15 127
19 0 104 15 128
44 0 73 15 129
-15 0 202 15 130
30 0 220 2 131
23 0 94 15 132
8 0 88 15 133
24 0 67 15 134
34 0 58 15 135
44 0 50 15 136
20 0 59 15 137
10 0 80 15 138
18 0 74 15 139
-10 0 169 15 140
28 0 90 15 141
39 0 57 15 142
40 0 97 15 143
41 0 84 15 144
32 0 74 15 145
43 0 71 15 146
58 0 93 15 147
69 0 70 15 148
73 0 73 15 149
77 0 78 15 150
70 0 102 15 151
85 0 72 15 152
87 0 88 15 153
63 0 203 2 154
81 0 87 15 155
103 0 79 15 156
88 0 84 15 157
72 0 176 2 158
103 0 61 15 159
100 0 74 15 160
109 0 60 15 161
103 0 87 15 162
101 0 93 15 163
77 0 165 2 164
70 0 187 2 165
69 0 198 2 166
90 0 226 2 167
103 0 52 15 168
107 0 48 15 169
105 0 70 15 170
86 0 157 2 171
103 0 91 15 172
94 0 204 2 173
108 0 87 15 174
97 0 192 2 175
98 0 134 2 176
102 0 181 2 177
107 0 130 2 178
124 0 74 15 179
128 0 79 15 180
107 0 170 2 181
124 0 65 15 182
114 0 134 2 183
133 0 149 2 184
141 0 91 15 185
141 0 123 2 186
144 0 212 15 187
152 0 73 15 188
146 0 138 2 189
150 0 117 2 190
166 0 65 15 191
158 0 230 15 192
151 0 210 15 193
150 0 221 15 194
165 0 43 15 195
157 0 138 2 196
169 0 65 15 197
163 0 117 2 198
161 0 212 15 199
175 0 82 15 200
181 0 55 15 201
177 0 91 15 202
181 0 80 15 203
184 0 75 15 204
175 0 132 2 205
177 0 221 15 206
173 0 226 15 207
181 0 115 2 208
189 0 78 15 209
185 0 247 15 210
184 0 259 15 211
185 0 88 15 212
191 -7 198 2 213
192 0 94 15 214
189 -2 201 2 215
195 0 260 15 216
193 0 257 15 217
197 0 86 15 218
198 -10 202 2 219
195 -3 228 2 220
193 0 83 15 221
195 0 84 15 222
198 0 80 15 223
199 0 54 15 224
194 0 176 15 225
205 -9 208 2 226
196 0 126 2 227
201 -5 238 2 228
202 0 88 15 229
205 0 197 15 230
208 0 77 15 231
201 0 175 15 232
205 0 220 15 233
206 0 186 15 234
210 0 74 15 235
207 0 103 2 236
210 0 93 15 237
214 0 127 2 238
207 0 207 15 239
215 0 172 15 240
211 0 175 15 241
229 -6 213 2 242
242 0 125 2 243
228 -4 240 2 244
238 0 74 15 245
246 0 216 15 246
246 0 90 15 247
250 0 222 15 248
256 0 220 15 249
261 0 213 15 250
246 0 58 15 251
256 0 114 2 252
261 0 139 2 253
257 0 209 15 254
267 0 112 2 255
260 0 87 15 256
269 0 213 15 257
276 0 134 2 258
270 0 222 15 259
287 0 143 2 260
280 0 212 15 261
289 0 119 2 262
279 0 221 15 263
307 0 87 15 264
346 0 205 2 265
311 0 74 15 266
346 0 190 2 267
344 0 175 2 268
313 0 90 15 269
317 0 79 15 270
320 0 91 15 271
302 0 49 15 272
317 0 57 15 273
315 0 55 15 274
324 0 59 15 275
351 0 87 15 276
334 0 64 15 277
333 0 98 15 278
330 0 87 15 279
338 0 59 15 280
336 0 92 15 281
360 0 90 15 282
366 0 218 2 283
350 0 67 15 284
382 0 85 15 285
377 0 83 15 286
395 0 94 15 287
379 0 65 15 288
400 0 71 15 289
432 0 185 15 290
416 0 89 15 291
412 0 87 15 292
381 0 55 15 293
403 0 93 15 294
436 0 158 15 295
416 0 87 15 296
395 0 75 15 297
404 0 110 15 298
441 0 219 15 299
414 0 61 15 300
399 0 50 15 301
429 0 89 15 302
405 0 67 15 303
397 0 70 15 304
401 0 85 15 305
395 0 82 15 306
400 0 95 15 307
413 0 93 15 308
375 0 66 15 309
343 0 289 2 310
398 0 62 15 311
414 0 69 15 312
411 0 94 15 313
408 0 41 15 314
414 0 59 15 315
429 0 110 15 316
432 0 62 15 317
452 0 130 15 318
424 0 46 15 319
425 0 59 15 320
431 0 71 15 321
434 0 83 15 322
-35 0 31 15 323
-17 0 43 15 324
-8 0 44 15 325
-6 0 58 15 326
13 0 53 15 327
29 0 42 15 328
30 0 61 15 329
50 0 55 15 330
72 0 42 15 331
61 0 76 15 332
87 0 44 15 333
108 0 31 15 334
113 0 46 15 335
116 0 64 15 336
133 0 50 15 337
130 0 106 2 338
147 0 60 15 339
171 0 48 15 340
175 0 69 15 341
194 0 47 15 342
205 0 59 15 343
216 0 52 15 344
221 0 68 15 345
232 0 78 15 346
241 0 61 15 347
261 0 59 15 348
269 0 71 15 349
285 0 78 15 350
281 0 51 15 351
293 0 51 15 352
305 0 50 15 353
328 0 70 15 354
334 0 56 15 355
353 0 69 15 356
343 0 41 15 357
364 0 56 15 358
370 0 45 15 359
384 0 47 15 360
407 0 64 15 361
406 0 45 15 362
417 0 42 15 363
434 0 51 15 364
438 0 44 15 365
460 0 45 15 366
448 0 35 15 367
448 0 57 15 368
439 0 58 15 369
462 0 93 15 370
447 0 89 15 371
426 0 80 15 372
439 0 105 15 373
406 0 307 15 374
462 0 313 15 375
431 0 315 15 376
454 0 288 15 377
365 0 315 15 378
443 0 260 15 379
326 0 315 15 380
339 0 298 2 381
342 0 293 2 382
345 0 287 2 383
347 0 279 2 384
348 0 272 2 385
348 0 263 2 386
348 0 255 2 387
346 0 244 2 388
278 0 305 2 389
313 0 251 2 390
270 0 285 2 391
253 0 275 15 392
257 0 264 15 393
259 0 249 15 394
243 0 256 15 395
223 0 275 15 396
216 -5 258 2 397
210 0 246 15 398
197 0 250 2 399
187 0 288 2 400
173 0 268 15 401
157 0 247 15 402
153 0 251 15 403
155 0 285 2 404
123 0 268 2 405
105 0 251 2 406
114 0 295 2 407
71 0 242 2 408
68 0 251 2 409
66 0 259 2 410
65 0 267 2 411
65 0 275 2 412
66 0 282 2 413
-9 0 246 15 414
62 0 289 2 415
50 0 315 15 416
-25 0 274 15 417
-17 0 315 15 418
-35 0 300 15 419
7 0 309 15 420
62 0 304 15 421
-35 0 119 15 422
-22 0 91 15 423
-7 0 53 15 424
-22 0 69 15 425
-22 0 59 15 426
-35 0 64 15 427
