428
120 3 64 15 0
127 3 51 15 1
137 3 303 2 2
114 3 260 2 3
135 3 49 15 4
142 3 277 2 5
150 3 304 2 6
131 3 274 2 7
129 3 230 15 8
134 3 227 15 9
140 3 227 15 10
129 3 215 15 11
118 3 158 2 12
134 3 79 15 13
134 3 87 15 14
142 3 50 15 15
135 3 70 15 16
167 3 228 15 17
165 3 226 15 18
165 3 247 15 19
168 3 212 15 20
168 3 252 15 21
174 3 69 15 22
176 3 265 15 23
175 3 73 15 24
172 3 241 15 25
189 3 47 15 26
176 3 248 15 27
179 3 253 15 28
190 3 57 15 29
187 3 305 2 30
197 3 58 15 31
192 3 272 15 32
204 3 58 15 33
192 7 207 2 34
207 3 62 15 35
198 13 203 2 36
210 3 48 15 37
199 6 246 2 38
207 3 244 15 39
202 10 241 2 40
207 12 235 2 41
207 3 228 15 42
207 3 176 15 43
206 17 198 2 44
208 3 219 15 45
207 3 192 15 46
228 3 175 15 47
223 16 190 2 48
226 7 230 2 49
225 3 89 15 50
218 3 251 15 51
230 10 189 2 52
219 7 269 2 53
224 11 224 2 54
220 3 253 15 55
233 3 104 2 56
223 6 268 2 57
230 1 219 2 58
220 3 256 15 59
229 3 68 15 60
220 3 266 15 61
232 3 273 15 62
235 3 81 15 63
228 4 255 2 64
229 1 250 2 65
238 3 267 15 66
224 3 283 2 67
236 3 57 15 68
244 3 226 15 69
234 3 280 15 70
251 3 235 15 71
228 3 267 15 72
235 3 34 15 73
261 3 240 15 74
251 3 242 15 75
245 3 256 15 76
261 3 61 15 77
238 3 52 15 78
272 3 59 15 79
267 3 252 15 80
303 3 164 2 81
257 3 270 15 82
283 3 81 15 83
269 3 245 15 84
312 3 179 2 85
255 3 290 2 86
287 3 226 15 87
304 3 127 2 88
293 3 214 15 89
291 3 224 15 90
235 3 322 15 91
295 3 89 15 92
319 3 195 2 93
287 3 66 15 94
316 3 143 2 95
267 3 258 15 96
258 3 313 2 97
297 3 78 15 98
326 3 151 2 99
324 3 211 2 100
289 3 280 2 101
289 3 50 15 102
334 3 161 2 103
248 3 305 2 104
302 3 269 2 105
324 3 228 2 106
312 3 257 2 107
299 3 67 15 108
306 3 94 15 109
287 3 53 15 110
2 0 45 15 111
10 0 42 15 112
5 0 83 15 113
4 0 55 15 114
8 0 57 15 115
-3 0 82 15 116
6 0 71 15 117
-3 0 93 15 118
-16 0 137 15 119
-2 0 70 15 120
21 0 39 15 121
16 0 91 15 122
16 0 67 15 123
34 0 50 15 124
32 0 64 15 125
22 0 89 15 126
41 0 65 15 127
26 0 93 15 128
55 0 58 15 129
-12 0 204 15 130
40 0 223 2 131
31 0 84 15 132
14 0 82 15 133
31 0 57 15 134
42 0 47 15 135
54 0 37 15 136
26 0 51 15 137
15 0 74 15 138
24 0 66 15 139
-8 0 168 15 140
35 0 82 15 141
46 0 47 15 142
47 0 87 15 143
48 0 75 15 144
38 0 66 15 145
50 0 63 15 146
61 0 87 15 147
74 0 61 15 148
79 0 63 15 149
84 0 68 15 150
75 0 93 15 151
92 0 59 15 152
93 0 77 15 153
65 0 207 2 154
85 0 80 15 155
109 0 66 15 156
92 0 77 15 157
73 0 176 2 158
109 0 52 15 159
105 0 66 15 160
115 0 48 15 161
108 0 79 15 162
106 0 85 15 163
79 0 165 2 164
72 0 188 2 165
70 0 200 2 166
94 0 231 2 167
108 0 44 15 168
113 0 38 15 169
110 0 61 15 170
88 0 155 2 171
107 0 86 15 172
96 0 209 2 173
111 0 81 15 174
99 0 195 2 175
100 0 134 2 176
103 0 182 2 177
109 0 129 2 178
128 0 64 15 179
133 0 69 15 180
109 0 171 2 181
128 0 56 15 182
116 0 130 2 183
134 0 148 2 184
143 0 86 15 185
142 0 119 2 186
145 0 217 15 187
154 0 65 15 188
147 0 137 2 189
152 0 112 2 190
170 0 53 15 191
160 0 239 15 192
153 0 215 15 193
151 0 227 15 194
168 0 31 15 195
159 0 135 2 196
172 0 56 15 197
165 0 111 2 198
162 0 217 15 199
177 0 77 15 200
183 0 45 15 201
179 0 85 15 202
184 0 72 15 203
187 0 65 15 204
177 0 129 2 205
178 0 227 15 206
175 0 231 15 207
183 0 109 2 208
192 0 69 15 209
187 0 257 15 210
185 0 268 15 211
187 0 83 15 212
193 -8 203 2 213
194 0 88 15 214
190 -2 205 2 215
197 0 271 15 216
195 0 266 15 217
200 0 77 15 218
200 -11 207 2 219
197 -4 237 2 220
195 0 77 15 221
197 0 76 15 222
201 0 71 15 223
202 0 43 15 224
195 0 178 15 225
208 -10 213 2 226
197 0 124 2 227
203 -6 245 2 228
203 0 83 15 229
207 0 200 15 230
210 0 69 15 231
202 0 177 15 232
207 0 224 15 233
207 0 188 15 234
211 0 67 15 235
209 0 99 2 236
211 0 86 15 237
216 0 125 2 238
209 0 209 15 239
217 0 175 15 240
212 0 177 15 241
228 -7 218 2 242
243 0 123 2 243
226 -4 249 2 244
236 0 65 15 245
246 0 220 15 246
244 0 84 15 247
250 0 228 15 248
256 0 226 15 249
261 0 217 15 250
243 0 46 15 251
254 0 109 2 252
261 0 136 2 253
256 0 215 15 254
267 0 109 2 255
260 0 79 15 256
269 0 217 15 257
276 0 134 2 258
269 0 227 15 259
288 0 143 2 260
280 0 216 15 261
288 0 117 2 262
277 0 226 15 263
304 0 79 15 264
347 0 208 2 265
307 0 65 15 266
347 0 192 2 267
344 0 176 2 268
308 0 80 15 269
313 0 70 15 270
316 0 82 15 271
295 0 36 15 272
311 0 46 15 273
308 0 44 15 274
318 0 50 15 275
349 0 83 15 276
329 0 54 15 277
327 0 88 15 278
324 0 74 15 279
332 0 48 15 280
329 0 80 15 281
356 0 83 15 282
363 0 222 2 283
344 0 57 15 284
375 0 76 15 285
369 0 73 15 286
389 0 87 15 287
371 0 55 15 288
395 0 64 15 289
431 0 186 15 290
412 0 84 15 291
407 0 81 15 292
372 0 44 15 293
396 0 84 15 294
434 0 155 15 295
410 0 80 15 296
386 0 64 15 297
396 0 101 15 298
438 0 222 15 299
407 0 54 15 300
390 0 40 15 301
424 0 84 15 302
397 0 57 15 303
387 0 59 15 304
392 0 74 15 305
385 0 69 15 306
390 0 83 15 307
405 0 83 15 308
362 0 49 15 309
325 0 301 2 310
387 0 50 15 311
405 0 60 15 312
401 0 83 15 313
397 0 30 15 314
404 0 48 15 315
421 0 101 15 316
424 0 53 15 317
446 0 123 15 318
414 0 36 15 319
415 0 48 15 320
422 0 61 15 321
425 0 74 15 322
-27 0 22 15 323
-9 0 35 15 324
-1 0 36 15 325
-1 0 52 15 326
20 0 46 15 327
35 0 33 15 328
35 0 56 15 329
55 0 49 15 330
79 0 34 15 331
64 0 72 15 332
92 0 36 15 333
114 0 22 15 334
117 0 38 15 335
119 0 59 15 336
136 0 42 15 337
131 0 106 2 338
149 0 54 15 339
173 0 41 15 340
177 0 65 15 341
196 0 40 15 342
206 0 53 15 343
217 0 45 15 344
221 0 63 15 345
232 0 75 15 346
240 0 56 15 347
261 0 53 15 348
269 0 67 15 349
284 0 75 15 350
278 0 45 15 351
290 0 44 15 352
301 0 42 15 353
326 0 66 15 354
331 0 50 15 355
351 0 64 15 356
337 0 33 15 357
359 0 50 15 358
364 0 38 15 359
378 0 40 15 360
402 0 59 15 361
399 0 38 15 362
410 0 34 15 363
427 0 45 15 364
430 0 36 15 365
452 0 38 15 366
439 0 24 15 367
439 0 47 15 368
428 0 48 15 369
454 0 85 15 370
437 0 78 15 371
413 0 67 15 372
429 0 92 15 373
391 0 320 15 374
454 0 325 15 375
420 0 327 15 376
448 0 295 15 377
349 0 327 15 378
439 0 264 15 379
309 0 327 15 380
325 0 307 2 381
331 0 302 2 382
335 0 294 2 383
340 0 286 2 384
343 0 277 2 385
345 0 267 2 386
346 0 258 2 387
346 0 246 2 388
271 0 315 2 389
313 0 254 2 390
266 0 292 2 391
248 0 281 15 392
255 0 268 15 393
259 0 251 15 394
243 0 260 15 395
222 0 281 15 396
216 -6 261 2 397
211 0 248 15 398
198 0 253 2 399
189 0 296 2 400
175 0 273 15 401
158 0 249 15 402
156 0 254 15 403
159 0 293 2 404
125 0 273 2 405
107 0 254 2 406
119 0 303 2 407
72 0 244 2 408
70 0 254 2 409
70 0 263 2 410
71 0 272 2 411
73 0 281 2 412
76 0 289 2 413
-7 0 248 15 414
75 0 297 2 415
63 0 327 15 416
-20 0 279 15 417
-8 0 327 15 418
-27 0 310 15 419
19 0 322 15 420
82 0 318 15 421
-27 0 110 15 422
-13 0 80 15 423
4 0 39 15 424
-13 0 59 15 425
-13 0 50 15 426
-27 0 57 15 427
