428
19 0 10 4 0
19 0 17 4 1
19 0 26 4 2
20 0 33 4 3
20 0 41 4 4
20 0 50 4 5
20 0 59 4 6
20 0 69 4 7
25 0 12 4 8
30 0 28 4 9
33 0 11 4 10
33 0 42 4 11
33 0 48 4 12
33 0 55 4 13
33 0 62 4 14
36 0 27 4 15
39 0 40 4 16
41 0 7 4 17
40 0 61 4 18
42 0 24 4 19
47 0 39 4 20
48 0 58 4 21
50 0 24 4 22
49 0 10 4 23
52 0 39 4 24
54 0 59 4 25
56 0 24 4 26
58 0 8 4 27
58 0 50 4 28
60 0 53 4 29
60 0 40 4 30
62 0 23 4 31
64 0 9 4 32
72 0 7 4 33
74 0 70 4 34
74 0 15 4 35
74 0 22 4 36
75 0 28 4 37
76 0 36 4 38
74 0 47 4 39
75 0 53 4 40
74 0 64 4 41
93 0 29 4 42
95 0 65 4 43
95 0 5 4 44
99 0 30 4 45
99 0 62 4 46
102 0 8 4 47
106 0 33 4 48
106 0 58 4 49
109 0 11 4 50
116 0 39 4 51
117 0 15 4 52
120 0 68 4 53
120 0 40 4 54
124 0 60 4 55
125 0 55 4 56
127 0 14 4 57
128 0 48 4 58
125 0 22 4 59
127 0 34 4 60
130 0 42 4 61
132 0 14 4 62
133 0 23 4 63
133 0 4 4 64
134 0 30 4 65
134 0 12 4 66
141 0 25 4 67
141 0 233 4 68
141 0 13 4 69
142 0 30 4 70
142 0 249 4 71
148 0 19 4 72
149 0 41 4 73
149 0 49 4 74
148 0 58 4 75
149 0 33 4 76
150 0 67 4 77
148 0 247 4 78
148 0 15 4 79
151 0 233 4 80
155 0 35 4 81
156 0 248 4 82
158 0 253 4 83
160 0 12 4 84
160 0 236 4 85
162 0 37 4 86
162 0 258 4 87
164 0 264 4 88
167 0 235 4 89
168 0 271 4 90
172 0 251 4 91
171 0 277 4 92
175 0 236 4 93
175 0 256 4 94
174 0 282 4 95
178 0 251 4 96
177 0 263 4 97
178 0 290 4 98
181 0 272 4 99
182 0 43 4 100
183 0 51 4 101
183 0 12 4 102
183 0 17 4 103
183 0 25 4 104
184 0 34 4 105
184 0 57 4 106
184 0 251 4 107
183 0 277 4 108
181 0 296 4 109
187 0 65 4 110
188 0 302 4 111
192 0 10 4 112
194 0 41 4 113
194 0 66 4 114
191 0 292 4 115
198 0 30 4 116
194 0 306 4 117
199 0 23 4 118
201 0 39 4 119
201 0 68 4 120
200 0 186 4 121
201 0 8 4 122
202 0 58 4 123
198 0 299 4 124
204 0 15 4 125
205 0 51 4 126
202 0 308 4 127
207 0 24 4 128
206 0 185 4 129
209 0 48 4 130
210 0 40 4 131
210 0 66 4 132
212 0 8 4 133
208 0 302 4 134
213 0 35 4 135
212 0 185 4 136
212 0 196 4 137
213 0 202 4 138
216 0 24 4 139
214 0 214 4 140
214 0 220 4 141
214 0 234 4 142
214 0 241 4 143
214 0 245 4 144
213 0 256 4 145
214 0 262 4 146
213 0 276 4 147
213 0 282 4 148
212 0 288 4 149
217 0 29 4 150
220 0 308 4 151
218 0 38 4 152
218 0 44 4 153
218 0 65 4 154
220 0 7 4 155
219 0 184 4 156
223 0 301 4 157
221 0 23 4 158
222 0 48 4 159
224 0 185 4 160
227 0 39 4 161
225 0 65 4 162
229 0 307 4 163
228 0 5 4 164
231 0 297 4 165
229 0 22 4 166
230 0 184 4 167
231 0 57 4 168
233 0 38 4 169
232 0 64 4 170
235 0 302 4 171
235 0 289 4 172
236 0 6 4 173
237 0 38 4 174
241 0 279 4 175
241 0 297 4 176
240 0 63 4 177
240 0 250 4 178
245 0 272 4 179
248 0 289 4 180
245 0 238 4 181
248 0 263 4 182
247 0 249 4 183
250 0 284 4 184
250 0 256 4 185
254 0 276 4 186
253 0 236 4 187
254 0 249 4 188
257 0 268 4 189
258 0 54 4 190
260 0 20 4 191
261 0 26 4 192
261 0 261 4 193
262 0 34 4 194
261 0 234 4 195
263 0 253 4 196
266 0 8 4 197
265 0 247 4 198
266 0 53 4 199
269 0 22 4 200
269 0 233 4 201
274 0 16 4 202
273 0 245 4 203
273 0 36 4 204
275 0 53 4 205
277 0 233 4 206
279 0 21 4 207
279 0 245 4 208
282 0 34 4 209
283 0 66 4 210
285 0 243 4 211
285 0 52 4 212
287 0 5 4 213
286 0 233 4 214
288 0 69 4 215
289 0 20 4 216
291 0 11 4 217
291 0 46 4 218
292 0 34 4 219
293 0 55 4 220
295 0 67 4 221
300 0 45 4 222
300 0 18 4 223
301 0 33 4 224
303 0 54 4 225
305 0 38 4 226
310 0 53 4 227
311 0 10 4 228
311 0 19 4 229
316 0 6 4 230
320 0 54 4 231
319 0 30 4 232
321 0 23 4 233
341 0 7 4 234
342 0 30 4 235
343 0 41 4 236
341 0 50 4 237
341 0 59 4 238
342 0 70 4 239
344 0 15 4 240
342 0 21 4 241
349 0 26 4 242
351 0 8 4 243
349 0 45 4 244
352 0 19 4 245
356 0 30 4 246
357 0 44 4 247
357 0 16 4 248
359 0 9 4 249
359 0 36 4 250
366 0 25 4 251
369 0 13 4 252
368 0 19 4 253
368 0 43 4 254
369 0 72 4 255
369 0 63 4 256
372 0 57 4 257
374 0 12 4 258
375 0 31 4 259
375 0 50 4 260
376 0 43 4 261
380 0 3 4 262
381 0 13 4 263
381 0 29 4 264
384 0 8 4 265
385 0 44 4 266
390 0 12 4 267
389 0 27 4 268
389 0 62 4 269
391 0 52 4 270
390 0 58 4 271
394 0 44 4 272
393 0 70 4 273
397 0 26 4 274
399 0 70 4 275
401 0 11 4 276
402 0 22 4 277
402 0 42 4 278
404 0 17 4 279
406 0 66 4 280
72 0 223 4 281
73 0 207 4 282
73 0 236 4 283
75 0 194 4 284
74 0 250 4 285
78 0 180 4 286
79 0 265 4 287
85 0 166 4 288
83 0 276 4 289
91 0 290 4 290
95 0 149 4 291
99 0 302 4 292
101 0 137 4 293
104 0 226 4 294
106 0 207 4 295
106 0 248 4 296
109 0 188 4 297
110 0 313 4 298
111 0 263 4 299
115 0 126 4 300
115 0 173 4 301
121 0 278 4 302
120 0 322 4 303
125 0 117 4 304
125 0 158 4 305
130 0 289 4 306
135 0 109 4 307
138 0 145 4 308
134 0 332 4 309
146 0 103 4 310
143 0 301 4 311
151 0 135 4 312
151 0 340 4 313
158 0 97 4 314
158 0 312 4 315
165 0 127 4 316
171 0 93 4 317
169 0 347 4 318
174 0 318 4 319
184 0 120 4 320
190 0 89 4 321
189 0 350 4 322
191 0 322 4 323
203 0 117 4 324
209 0 324 4 325
218 0 351 4 326
214 0 88 4 327
224 0 118 4 328
235 0 351 4 329
233 0 88 4 330
238 0 321 4 331
245 0 122 4 332
251 0 348 4 333
252 0 93 4 334
254 0 317 4 335
260 0 127 4 336
265 0 344 4 337
269 0 99 4 338
276 0 307 4 339
280 0 336 4 340
278 0 136 4 341
288 0 109 4 342
290 0 295 4 343
292 0 331 4 344
292 0 148 4 345
304 0 279 4 346
305 0 319 4 347
303 0 120 4 348
304 0 165 4 349
314 0 263 4 350
314 0 131 4 351
315 0 184 4 352
317 0 308 4 353
320 0 243 4 354
321 0 205 4 355
323 0 223 4 356
326 0 143 4 357
327 0 296 4 358
335 0 159 4 359
336 0 282 4 360
343 0 269 4 361
344 0 180 4 362
349 0 253 4 363
350 0 199 4 364
351 0 237 4 365
351 0 219 4 366
232 10 200 4 367
223 18 203 4 368
211 19 208 4 369
201 14 211 4 370
196 6 216 4 371
196 -3 220 4 372
200 -11 223 4 373
209 -15 227 4 374
219 -15 231 4 375
225 -9 235 4 376
228 -2 239 4 377
227 5 243 4 378
221 11 247 4 379
214 12 251 4 380
207 10 255 4 381
202 5 258 4 382
201 0 262 4 383
203 -6 265 4 384
208 -9 269 4 385
217 -9 274 4 386
220 -6 278 4 387
222 -2 281 4 388
222 2 285 4 389
220 5 289 4 390
216 6 293 4 391
0 0 -10 4 392
44 0 -10 4 393
89 0 -10 4 394
133 0 -10 4 395
179 0 -9 4 396
225 0 -10 4 397
270 0 -10 4 398
315 0 -10 4 399
361 0 -6 4 400
404 0 -10 4 401
426 0 12 4 402
426 0 56 4 403
426 0 101 4 404
426 0 146 4 405
426 0 190 4 406
426 0 234 4 407
426 0 278 4 408
426 0 321 4 409
426 0 365 4 410
382 0 365 4 411
338 0 365 4 412
295 0 365 4 413
251 0 364 4 414
197 0 365 4 415
152 0 365 4 416
109 0 365 4 417
65 0 365 4 418
21 0 365 4 419
0 0 343 4 420
0 0 299 4 421
0 0 255 4 422
0 0 211 4 423
0 0 168 4 424
0 0 123 4 425
0 0 78 4 426
0 0 34 4 427
