428
16 0 37 4 0
19 0 36 4 1
16 0 51 4 2
21 0 51 4 3
22 0 54 4 4
21 0 66 4 5
21 0 75 4 6
21 0 85 4 7
20 0 47 4 8
23 0 65 4 9
26 0 50 4 10
26 0 81 4 11
30 0 75 4 12
30 0 82 4 13
30 0 90 4 14
32 0 57 4 15
39 0 59 4 16
41 0 29 4 17
31 0 100 4 18
42 0 45 4 19
48 0 55 4 20
46 0 82 4 21
50 0 41 4 22
37 0 61 4 23
48 0 66 4 24
50 0 85 4 25
54 0 48 4 26
53 0 40 4 27
49 0 89 4 28
62 0 66 4 29
59 0 59 4 30
62 0 40 4 31
53 0 54 4 32
68 0 32 4 33
72 0 88 4 34
60 0 61 4 35
65 0 61 4 36
73 0 51 4 37
76 0 53 4 38
65 0 81 4 39
75 0 68 4 40
60 0 102 4 41
93 0 44 4 42
97 0 78 4 43
92 0 28 4 44
98 0 49 4 45
83 0 97 4 46
98 0 33 4 47
102 0 55 4 48
88 0 97 4 49
102 0 38 4 50
115 0 55 4 51
106 0 47 4 52
118 0 90 4 53
93 0 89 4 54
125 0 74 4 55
121 0 78 4 56
124 0 34 4 57
129 0 62 4 58
102 0 66 4 59
119 0 60 4 60
127 0 61 4 61
120 0 45 4 62
131 0 40 4 63
125 0 30 4 64
131 0 49 4 65
103 0 66 4 66
140 0 42 4 67
136 0 238 4 68
133 0 40 4 69
142 0 49 4 70
132 0 249 4 71
148 0 37 4 72
149 0 57 4 73
151 0 63 4 74
148 0 73 4 75
146 0 55 4 76
151 0 79 4 77
132 0 242 4 78
118 0 68 4 79
143 0 232 4 80
156 0 49 4 81
152 0 252 4 82
150 0 255 4 83
162 0 36 4 84
161 0 246 4 85
164 0 51 4 86
157 0 262 4 87
152 0 264 4 88
165 0 239 4 89
158 0 271 4 90
168 0 254 4 91
157 0 276 4 92
173 0 240 4 93
168 0 254 4 94
155 0 276 4 95
177 0 257 4 96
167 0 259 4 97
155 0 283 4 98
173 0 272 4 99
180 0 66 4 100
183 0 67 4 101
176 0 45 4 102
182 0 36 4 103
181 0 45 4 104
184 0 52 4 105
186 0 72 4 106
179 0 254 4 107
168 0 269 4 108
142 0 276 4 109
188 0 83 4 110
160 0 291 4 111
187 0 38 4 112
196 0 54 4 113
196 0 78 4 114
169 0 284 4 115
199 0 49 4 116
162 0 290 4 117
198 0 44 4 118
204 0 52 4 119
202 0 92 4 120
199 0 196 4 121
198 0 30 4 122
204 0 73 4 123
170 0 285 4 124
209 0 38 4 125
207 0 64 4 126
177 0 299 4 127
211 0 41 4 128
205 0 193 4 129
215 0 80 4 130
217 0 71 4 131
212 0 78 4 132
223 0 33 4 133
192 0 291 4 134
220 0 65 4 135
210 0 188 4 136
206 0 205 4 137
215 0 215 4 138
232 0 54 4 139
218 0 224 4 140
216 0 231 4 141
218 0 242 4 142
215 0 250 4 143
218 0 253 4 144
212 0 261 4 145
220 0 265 4 146
208 0 276 4 147
205 0 280 4 148
202 0 280 4 149
224 0 48 4 150
259 0 292 4 151
221 0 51 4 152
220 0 59 4 153
220 0 78 4 154
234 0 32 4 155
222 0 190 4 156
257 0 287 4 157
227 0 40 4 158
226 0 62 4 159
228 0 195 4 160
243 0 67 4 161
228 0 78 4 162
264 0 294 4 163
238 0 28 4 164
257 0 290 4 165
236 0 40 4 166
236 0 197 4 167
239 0 75 4 168
241 0 58 4 169
236 0 77 4 170
266 0 295 4 171
257 0 285 4 172
249 0 31 4 173
245 0 54 4 174
267 0 271 4 175
267 0 290 4 176
244 0 76 4 177
246 0 257 4 178
268 0 266 4 179
290 0 271 4 180
251 0 245 4 181
265 0 259 4 182
254 0 256 4 183
276 0 278 4 184
259 0 261 4 185
277 0 272 4 186
259 0 243 4 187
267 0 249 4 188
277 0 266 4 189
262 0 70 4 190
268 0 38 4 191
269 0 46 4 192
273 0 264 4 193
272 0 55 4 194
267 0 242 4 195
279 0 252 4 196
282 0 36 4 197
273 0 255 4 198
270 0 69 4 199
276 0 40 4 200
276 0 241 4 201
314 0 72 4 202
291 0 241 4 203
281 0 53 4 204
279 0 69 4 205
284 0 241 4 206
287 0 39 4 207
290 0 250 4 208
290 0 52 4 209
293 0 90 4 210
307 0 240 4 211
292 0 68 4 212
301 0 31 4 213
293 0 241 4 214
298 0 89 4 215
302 0 45 4 216
306 0 38 4 217
298 0 64 4 218
300 0 52 4 219
304 0 76 4 220
324 0 106 4 221
328 0 87 4 222
308 0 37 4 223
314 0 58 4 224
325 0 89 4 225
312 0 54 4 226
330 0 85 4 227
319 0 31 4 228
323 0 44 4 229
327 0 31 4 230
343 0 91 4 231
327 0 49 4 232
336 0 55 4 233
350 0 32 4 234
350 0 52 4 235
359 0 79 4 236
347 0 66 4 237
348 0 79 4 238
352 0 94 4 239
359 0 58 4 240
348 0 39 4 241
364 0 64 4 242
369 0 56 4 243
353 0 60 4 244
358 0 37 4 245
373 0 74 4 246
373 0 89 4 247
366 0 42 4 248
375 0 54 4 249
371 0 68 4 250
371 0 42 4 251
377 0 40 4 252
375 0 41 4 253
372 0 59 4 254
382 0 107 4 255
372 0 76 4 256
380 0 81 4 257
380 0 33 4 258
387 0 67 4 259
382 0 74 4 260
383 0 66 4 261
387 0 26 4 262
391 0 45 4 263
386 0 48 4 264
393 0 36 4 265
398 0 84 4 266
402 0 49 4 267
395 0 47 4 268
392 0 77 4 269
403 0 86 4 270
398 0 82 4 271
405 0 78 4 272
400 0 93 4 273
407 0 56 4 274
404 0 88 4 275
410 0 42 4 276
406 0 40 4 277
406 0 57 4 278
412 0 43 4 279
409 0 80 4 280
68 0 231 4 281
69 0 213 4 282
66 0 240 4 283
75 0 204 4 284
65 0 250 4 285
75 0 190 4 286
73 0 267 4 287
82 0 179 4 288
67 0 267 4 289
78 0 285 4 290
94 0 162 4 291
78 0 288 4 292
84 0 159 4 293
99 0 233 4 294
108 0 219 4 295
96 0 248 4 296
110 0 199 4 297
88 0 299 4 298
91 0 255 4 299
111 0 142 4 300
111 0 188 4 301
109 0 277 4 302
89 0 296 4 303
120 0 133 4 304
114 0 171 4 305
100 0 272 4 306
128 0 123 4 307
140 0 158 4 308
109 0 313 4 309
146 0 117 4 310
114 0 285 4 311
149 0 148 4 312
116 0 311 4 313
156 0 109 4 314
133 0 298 4 315
160 0 149 4 316
163 0 113 4 317
136 0 323 4 318
150 0 306 4 319
191 0 136 4 320
193 0 103 4 321
153 0 326 4 322
159 0 306 4 323
204 0 131 4 324
179 0 310 4 325
263 0 323 4 326
218 0 113 4 327
226 0 139 4 328
275 0 327 4 329
236 0 100 4 330
283 0 297 4 331
255 0 150 4 332
292 0 321 4 333
263 0 117 4 334
283 0 305 4 335
268 0 151 4 336
300 0 321 4 337
275 0 115 4 338
307 0 291 4 339
322 0 304 4 340
282 0 152 4 341
289 0 125 4 342
312 0 289 4 343
319 0 315 4 344
300 0 161 4 345
335 0 264 4 346
336 0 301 4 347
307 0 133 4 348
309 0 177 4 349
330 0 263 4 350
315 0 145 4 351
319 0 195 4 352
340 0 299 4 353
332 0 248 4 354
329 0 213 4 355
332 0 231 4 356
341 0 158 4 357
350 0 287 4 358
347 0 174 4 359
359 0 271 4 360
359 0 267 4 361
352 0 191 4 362
357 0 259 4 363
364 0 203 4 364
365 0 238 4 365
357 0 227 4 366
240 7 210 4 367
238 13 211 4 368
212 14 219 4 369
194 10 218 4 370
195 4 225 4 371
198 -2 231 4 372
196 -8 231 4 373
207 -11 233 4 374
224 -10 236 4 375
231 -7 239 4 376
233 -1 245 4 377
235 4 245 4 378
226 8 251 4 379
213 9 254 4 380
203 7 257 4 381
195 3 256 4 382
197 0 262 4 383
189 -4 253 4 384
196 -6 259 4 385
227 -6 271 4 386
228 -4 277 4 387
237 -1 273 4 388
239 1 275 4 389
240 3 278 4 390
229 4 281 4 391
2 0 17 4 392
41 0 20 4 393
84 0 17 4 394
125 0 17 4 395
175 0 24 4 396
239 0 17 4 397
284 0 17 4 398
325 0 17 4 399
381 0 53 4 400
410 0 17 4 401
428 0 34 4 402
428 0 69 4 403
428 0 116 4 404
428 0 161 4 405
428 0 201 4 406
428 0 236 4 407
428 0 271 4 408
428 0 305 4 409
428 0 340 4 410
393 0 340 4 411
358 0 340 4 412
328 0 336 4 413
297 0 328 4 414
161 0 340 4 415
120 0 340 4 416
85 0 336 4 417
54 0 340 4 418
19 0 340 4 419
2 0 323 4 420
2 0 288 4 421
2 0 253 4 422
2 0 218 4 423
2 0 180 4 424
2 0 137 4 425
2 0 92 4 426
2 0 51 4 427
