428
11 0 74 4 0
18 0 63 4 1
11 0 87 4 2
22 0 76 4 3
26 0 71 4 4
22 0 89 4 5
22 0 98 4 6
22 0 107 4 7
13 0 96 4 8
15 0 116 4 9
16 0 103 4 10
16 0 135 4 11
26 0 112 4 12
26 0 120 4 13
26 0 129 4 14
27 0 99 4 15
39 0 86 4 16
40 0 59 4 17
18 0 155 4 18
41 0 73 4 19
49 0 78 4 20
42 0 115 4 21
50 0 65 4 22
21 0 131 4 23
43 0 102 4 24
44 0 121 4 25
51 0 81 4 26
45 0 86 4 27
35 0 142 4 28
65 0 83 4 29
58 0 86 4 30
61 0 65 4 31
37 0 116 4 32
63 0 67 4 33
69 0 114 4 34
40 0 124 4 35
51 0 114 4 36
69 0 82 4 37
76 0 77 4 38
51 0 129 4 39
75 0 91 4 40
40 0 153 4 41
93 0 67 4 42
100 0 95 4 43
87 0 59 4 44
96 0 75 4 45
60 0 146 4 46
91 0 67 4 47
97 0 84 4 48
62 0 150 4 49
92 0 76 4 50
114 0 78 4 51
90 0 90 4 52
115 0 120 4 53
56 0 156 4 54
127 0 93 4 55
114 0 109 4 56
119 0 62 4 57
130 0 81 4 58
69 0 126 4 59
108 0 96 4 60
123 0 87 4 61
102 0 87 4 62
128 0 65 4 63
114 0 66 4 64
126 0 75 4 65
61 0 141 4 66
138 0 65 4 67
128 0 244 4 68
121 0 77 4 69
141 0 75 4 70
117 0 249 4 71
148 0 63 4 72
149 0 79 4 73
155 0 82 4 74
147 0 93 4 75
142 0 84 4 76
154 0 96 4 77
110 0 236 4 78
76 0 141 4 79
132 0 231 4 80
157 0 69 4 81
145 0 257 4 82
140 0 259 4 83
165 0 69 4 84
163 0 261 4 85
166 0 70 4 86
149 0 268 4 87
136 0 263 4 88
161 0 245 4 89
144 0 273 4 90
163 0 258 4 91
138 0 275 4 92
170 0 245 4 93
158 0 252 4 94
128 0 268 4 95
176 0 266 4 96
153 0 254 4 97
123 0 271 4 98
163 0 273 4 99
177 0 97 4 100
183 0 90 4 101
166 0 90 4 102
181 0 63 4 103
178 0 73 4 104
184 0 76 4 105
189 0 92 4 106
173 0 258 4 107
149 0 259 4 108
88 0 249 4 109
191 0 108 4 110
121 0 275 4 111
180 0 76 4 112
199 0 71 4 113
199 0 95 4 114
140 0 272 4 115
201 0 75 4 116
117 0 269 4 117
196 0 73 4 118
208 0 70 4 119
203 0 125 4 120
198 0 211 4 121
194 0 60 4 122
207 0 93 4 123
130 0 266 4 124
215 0 70 4 125
210 0 82 4 126
142 0 285 4 127
217 0 65 4 128
204 0 203 4 129
222 0 126 4 130
224 0 114 4 131
216 0 95 4 132
241 0 67 4 133
169 0 275 4 134
228 0 105 4 135
207 0 192 4 136
197 0 219 4 137
218 0 233 4 138
257 0 94 4 139
224 0 237 4 140
219 0 247 4 141
224 0 252 4 142
217 0 262 4 143
223 0 264 4 144
209 0 268 4 145
230 0 270 4 146
202 0 275 4 147
195 0 276 4 148
188 0 270 4 149
236 0 75 4 150
314 0 270 4 151
227 0 70 4 152
225 0 80 4 153
224 0 95 4 154
255 0 67 4 155
229 0 199 4 156
304 0 267 4 157
236 0 65 4 158
233 0 81 4 159
235 0 210 4 160
266 0 106 4 161
232 0 95 4 162
312 0 277 4 163
252 0 59 4 164
293 0 281 4 165
246 0 64 4 166
243 0 215 4 167
250 0 101 4 168
253 0 86 4 169
241 0 95 4 170
308 0 283 4 171
287 0 279 4 172
267 0 67 4 173
256 0 78 4 174
304 0 260 4 175
303 0 281 4 176
249 0 94 4 177
253 0 266 4 178
300 0 257 4 179
348 0 246 4 180
258 0 254 4 181
289 0 254 4 182
263 0 265 4 183
313 0 269 4 184
271 0 268 4 185
309 0 266 4 186
267 0 253 4 187
285 0 249 4 188
304 0 264 4 189
267 0 91 4 190
278 0 64 4 191
281 0 74 4 192
289 0 269 4 193
286 0 84 4 194
276 0 252 4 195
300 0 251 4 196
305 0 75 4 197
283 0 265 4 198
276 0 91 4 199
287 0 64 4 200
284 0 252 4 201
368 0 148 4 202
316 0 236 4 203
292 0 77 4 204
285 0 91 4 205
293 0 252 4 206
298 0 64 4 207
305 0 256 4 208
301 0 76 4 209
307 0 123 4 210
337 0 235 4 211
300 0 90 4 212
320 0 66 4 213
302 0 252 4 214
312 0 117 4 215
319 0 79 4 216
326 0 76 4 217
308 0 88 4 218
310 0 76 4 219
319 0 105 4 220
365 0 159 4 221
366 0 145 4 222
319 0 63 4 223
332 0 93 4 224
354 0 137 4 225
320 0 78 4 226
357 0 128 4 227
330 0 60 4 228
339 0 79 4 229
342 0 67 4 230
373 0 142 4 231
337 0 75 4 232
357 0 100 4 233
362 0 67 4 234
361 0 83 4 235
381 0 132 4 236
355 0 90 4 237
358 0 106 4 238
366 0 126 4 239
381 0 117 4 240
355 0 64 4 241
383 0 115 4 242
394 0 121 4 243
359 0 80 4 244
366 0 63 4 245
396 0 135 4 246
396 0 151 4 247
378 0 78 4 248
397 0 116 4 249
387 0 112 4 250
378 0 65 4 251
388 0 77 4 252
383 0 71 4 253
377 0 80 4 254
401 0 155 4 255
376 0 94 4 256
391 0 114 4 257
387 0 61 4 258
403 0 117 4 259
392 0 106 4 260
393 0 97 4 261
397 0 58 4 262
405 0 88 4 263
394 0 75 4 264
406 0 74 4 265
417 0 139 4 266
418 0 99 4 267
402 0 74 4 268
397 0 98 4 269
419 0 134 4 270
408 0 115 4 271
420 0 124 4 272
409 0 125 4 273
421 0 97 4 274
411 0 113 4 275
422 0 85 4 276
411 0 64 4 277
412 0 80 4 278
423 0 80 4 279
413 0 100 4 280
63 0 241 4 281
64 0 222 4 282
58 0 245 4 283
74 0 217 4 284
52 0 250 4 285
71 0 206 4 286
64 0 271 4 287
78 0 196 4 288
44 0 255 4 289
61 0 279 4 290
93 0 179 4 291
49 0 269 4 292
60 0 188 4 293
92 0 242 4 294
111 0 235 4 295
81 0 249 4 296
111 0 215 4 297
59 0 279 4 298
64 0 244 4 299
104 0 164 4 300
106 0 210 4 301
93 0 275 4 302
46 0 259 4 303
112 0 154 4 304
99 0 187 4 305
60 0 247 4 306
118 0 142 4 307
143 0 177 4 308
73 0 286 4 309
146 0 136 4 310
75 0 263 4 311
146 0 165 4 312
67 0 271 4 313
153 0 126 4 314
99 0 279 4 315
154 0 180 4 316
152 0 141 4 317
91 0 291 4 318
118 0 289 4 319
199 0 160 4 320
197 0 123 4 321
104 0 292 4 322
116 0 282 4 323
205 0 150 4 324
137 0 291 4 325
325 0 284 4 326
224 0 149 4 327
229 0 168 4 328
331 0 292 4 329
240 0 117 4 330
345 0 263 4 331
270 0 188 4 332
349 0 283 4 333
279 0 150 4 334
322 0 288 4 335
279 0 182 4 336
348 0 290 4 337
284 0 136 4 338
351 0 269 4 339
380 0 260 4 340
287 0 176 4 341
291 0 147 4 342
341 0 281 4 343
356 0 293 4 344
310 0 178 4 345
378 0 243 4 346
379 0 275 4 347
312 0 151 4 348
316 0 192 4 349
353 0 262 4 350
316 0 164 4 351
324 0 209 4 352
372 0 285 4 353
349 0 255 4 354
340 0 225 4 355
344 0 241 4 356
361 0 178 4 357
381 0 273 4 358
363 0 193 4 359
389 0 256 4 360
381 0 264 4 361
362 0 208 4 362
369 0 267 4 363
384 0 209 4 364
384 0 240 4 365
366 0 239 4 366
251 3 223 4 367
258 6 221 4 368
212 6 235 4 369
184 5 227 4 370
195 2 238 4 371
201 -1 247 4 372
190 -4 241 4 373
205 -5 242 4 374
231 -5 243 4 375
240 -3 245 4 376
241 0 254 4 377
246 1 247 4 378
232 3 257 4 379
213 4 258 4 380
198 3 259 4 381
185 1 252 4 382
191 0 262 4 383
171 -2 237 4 384
179 -3 244 4 385
242 -3 266 4 386
239 -2 275 4 387
256 0 260 4 388
262 0 262 4 389
267 1 263 4 390
248 2 264 4 391
5 0 53 4 392
36 0 61 4 393
78 0 53 4 394
114 0 53 4 395
170 0 69 4 396
258 0 53 4 397
302 0 53 4 398
339 0 53 4 399
408 0 136 4 400
419 0 53 4 401
431 0 64 4 402
431 0 86 4 403
431 0 137 4 404
431 0 180 4 405
431 0 216 4 406
431 0 239 4 407
431 0 261 4 408
431 0 283 4 409
431 0 305 4 410
408 0 305 4 411
386 0 305 4 412
375 0 296 4 413
360 0 278 4 414
112 0 305 4 415
75 0 305 4 416
52 0 297 4 417
38 0 305 4 418
16 0 305 4 419
5 0 294 4 420
5 0 272 4 421
5 0 250 4 422
5 0 228 4 423
5 0 199 4 424
5 0 156 4 425
5 0 112 4 426
5 0 75 4 427
