428
13 0 58 4 0
19 0 51 4 1
13 0 72 4 2
21 0 65 4 3
24 0 63 4 4
21 0 79 4 5
21 0 88 4 6
21 0 98 4 7
16 0 75 4 8
19 0 94 4 9
20 0 80 4 10
20 0 112 4 11
28 0 96 4 12
28 0 104 4 13
28 0 112 4 14
30 0 81 4 15
39 0 75 4 16
40 0 46 4 17
24 0 132 4 18
42 0 61 4 19
48 0 68 4 20
44 0 101 4 21
50 0 55 4 22
28 0 101 4 23
46 0 86 4 24
47 0 105 4 25
52 0 66 4 26
49 0 66 4 27
41 0 119 4 28
64 0 75 4 29
59 0 75 4 30
62 0 54 4 31
44 0 90 4 32
66 0 52 4 33
71 0 103 4 34
49 0 97 4 35
57 0 91 4 36
71 0 69 4 37
76 0 67 4 38
57 0 108 4 39
75 0 81 4 40
49 0 131 4 41
93 0 57 4 42
98 0 87 4 43
89 0 45 4 44
97 0 64 4 45
70 0 125 4 46
94 0 52 4 47
100 0 71 4 48
73 0 127 4 49
97 0 60 4 50
115 0 68 4 51
97 0 71 4 52
116 0 107 4 53
72 0 127 4 54
126 0 85 4 55
117 0 95 4 56
121 0 50 4 57
129 0 73 4 58
83 0 100 4 59
113 0 80 4 60
125 0 76 4 61
110 0 69 4 62
130 0 54 4 63
119 0 50 4 64
128 0 64 4 65
79 0 109 4 66
139 0 55 4 67
132 0 241 4 68
126 0 61 4 69
141 0 64 4 70
123 0 249 4 71
148 0 52 4 72
149 0 70 4 73
153 0 73 4 74
148 0 84 4 75
144 0 71 4 76
153 0 88 4 77
120 0 239 4 78
94 0 110 4 79
136 0 231 4 80
156 0 60 4 81
148 0 255 4 82
144 0 257 4 83
163 0 54 4 84
162 0 254 4 85
165 0 61 4 86
152 0 266 4 87
143 0 263 4 88
163 0 242 4 89
150 0 272 4 90
165 0 256 4 91
146 0 275 4 92
171 0 243 4 93
162 0 253 4 94
140 0 272 4 95
177 0 262 4 96
159 0 256 4 97
137 0 276 4 98
167 0 273 4 99
178 0 83 4 100
183 0 80 4 101
171 0 71 4 102
182 0 51 4 103
180 0 61 4 104
184 0 66 4 105
188 0 83 4 106
176 0 256 4 107
157 0 263 4 108
111 0 261 4 109
190 0 97 4 110
138 0 282 4 111
183 0 59 4 112
197 0 63 4 113
197 0 88 4 114
153 0 277 4 115
200 0 64 4 116
137 0 278 4 117
197 0 60 4 118
206 0 62 4 119
203 0 110 4 120
199 0 204 4 121
196 0 47 4 122
206 0 84 4 123
147 0 275 4 124
212 0 56 4 125
208 0 74 4 126
157 0 291 4 127
215 0 55 4 128
205 0 198 4 129
219 0 106 4 130
220 0 96 4 131
214 0 88 4 132
233 0 52 4 133
179 0 282 4 134
224 0 87 4 135
209 0 190 4 136
201 0 213 4 137
217 0 225 4 138
246 0 76 4 139
221 0 231 4 140
217 0 240 4 141
221 0 248 4 142
216 0 257 4 143
220 0 259 4 144
210 0 265 4 145
226 0 268 4 146
205 0 275 4 147
199 0 278 4 148
194 0 275 4 149
231 0 63 4 150
291 0 279 4 151
225 0 62 4 152
223 0 71 4 153
222 0 87 4 154
246 0 52 4 155
226 0 195 4 156
283 0 276 4 157
232 0 54 4 158
230 0 73 4 159
232 0 203 4 160
256 0 89 4 161
230 0 87 4 162
291 0 285 4 163
246 0 45 4 164
277 0 285 4 165
242 0 54 4 166
240 0 207 4 167
246 0 90 4 168
248 0 74 4 169
238 0 87 4 170
290 0 288 4 171
274 0 281 4 172
259 0 51 4 173
251 0 68 4 174
288 0 265 4 175
288 0 285 4 176
247 0 86 4 177
250 0 262 4 178
286 0 261 4 179
323 0 257 4 180
255 0 250 4 181
278 0 256 4 182
259 0 261 4 183
297 0 273 4 184
266 0 265 4 185
295 0 269 4 186
263 0 249 4 187
277 0 249 4 188
292 0 265 4 189
265 0 82 4 190
273 0 53 4 191
276 0 62 4 192
282 0 267 4 193
280 0 72 4 194
272 0 248 4 195
291 0 251 4 196
295 0 58 4 197
279 0 260 4 198
273 0 82 4 199
283 0 54 4 200
280 0 247 4 201
345 0 115 4 202
305 0 238 4 203
287 0 67 4 204
282 0 82 4 205
289 0 247 4 206
293 0 53 4 207
299 0 253 4 208
296 0 66 4 209
301 0 109 4 210
324 0 237 4 211
296 0 81 4 212
312 0 51 4 213
298 0 247 4 214
306 0 105 4 215
312 0 64 4 216
317 0 60 4 217
304 0 78 4 218
306 0 66 4 219
312 0 93 4 220
347 0 136 4 221
350 0 120 4 222
314 0 52 4 223
324 0 78 4 224
341 0 116 4 225
316 0 68 4 226
345 0 109 4 227
325 0 48 4 228
332 0 64 4 229
335 0 51 4 230
360 0 120 4 231
333 0 64 4 232
348 0 81 4 233
357 0 52 4 234
356 0 70 4 235
371 0 109 4 236
351 0 80 4 237
354 0 94 4 238
360 0 112 4 239
372 0 91 4 240
352 0 53 4 241
375 0 93 4 242
383 0 93 4 243
356 0 71 4 244
362 0 52 4 245
386 0 108 4 246
386 0 125 4 247
373 0 62 4 248
387 0 89 4 249
380 0 93 4 250
375 0 55 4 251
383 0 61 4 252
379 0 58 4 253
375 0 71 4 254
393 0 134 4 255
374 0 86 4 256
387 0 99 4 257
384 0 49 4 258
396 0 96 4 259
388 0 92 4 260
388 0 84 4 261
393 0 44 4 262
399 0 69 4 263
390 0 63 4 264
400 0 57 4 265
409 0 115 4 266
411 0 78 4 267
399 0 62 4 268
395 0 89 4 269
412 0 114 4 270
404 0 100 4 271
413 0 104 4 272
405 0 111 4 273
415 0 79 4 274
408 0 102 4 275
417 0 67 4 276
409 0 54 4 277
409 0 70 4 278
419 0 64 4 279
411 0 91 4 280
66 0 236 4 281
66 0 218 4 282
62 0 243 4 283
75 0 211 4 284
58 0 250 4 285
73 0 199 4 286
68 0 269 4 287
80 0 188 4 288
54 0 260 4 289
69 0 282 4 290
94 0 171 4 291
62 0 278 4 292
71 0 176 4 293
95 0 238 4 294
109 0 228 4 295
87 0 249 4 296
111 0 208 4 297
72 0 288 4 298
76 0 249 4 299
107 0 155 4 300
109 0 201 4 301
100 0 276 4 302
64 0 275 4 303
116 0 145 4 304
105 0 180 4 305
77 0 258 4 306
123 0 134 4 307
141 0 169 4 308
88 0 297 4 309
146 0 127 4 310
92 0 272 4 311
147 0 157 4 312
88 0 288 4 313
154 0 119 4 314
114 0 287 4 315
157 0 167 4 316
157 0 129 4 317
111 0 305 4 318
132 0 296 4 319
195 0 150 4 320
195 0 114 4 321
125 0 307 4 322
135 0 292 4 323
205 0 141 4 324
155 0 299 4 325
298 0 301 4 326
221 0 133 4 327
227 0 155 4 328
307 0 307 4 329
238 0 109 4 330
318 0 278 4 331
264 0 172 4 332
324 0 300 4 333
272 0 136 4 334
305 0 296 4 335
275 0 169 4 336
327 0 303 4 337
280 0 127 4 338
332 0 278 4 339
355 0 279 4 340
284 0 166 4 341
290 0 138 4 342
329 0 284 4 343
340 0 302 4 344
306 0 170 4 345
360 0 252 4 346
360 0 286 4 347
310 0 143 4 348
313 0 185 4 349
343 0 262 4 350
315 0 155 4 351
321 0 203 4 352
358 0 291 4 353
342 0 252 4 354
335 0 220 4 355
339 0 236 4 356
352 0 169 4 357
368 0 279 4 358
356 0 185 4 359
376 0 263 4 360
371 0 265 4 361
358 0 201 4 362
364 0 263 4 363
375 0 207 4 364
376 0 239 4 365
362 0 234 4 366
246 5 217 4 367
249 9 217 4 368
212 9 228 4 369
188 7 223 4 370
195 3 232 4 371
199 -1 240 4 372
193 -6 236 4 373
206 -8 238 4 374
228 -7 240 4 375
236 -4 242 4 376
237 -1 250 4 377
241 2 246 4 378
229 5 254 4 379
213 6 256 4 380
200 5 258 4 381
189 2 254 4 382
193 0 262 4 383
179 -3 244 4 384
186 -4 251 4 385
235 -4 268 4 386
234 -3 276 4 387
248 -1 266 4 388
252 1 268 4 389
255 2 270 4 390
240 3 272 4 391
3 0 37 4 392
38 0 44 4 393
80 0 37 4 394
119 0 37 4 395
172 0 50 4 396
250 0 37 4 397
294 0 37 4 398
333 0 37 4 399
396 0 100 4 400
415 0 37 4 401
429 0 51 4 402
429 0 79 4 403
429 0 128 4 404
429 0 172 4 405
429 0 210 4 406
429 0 237 4 407
429 0 265 4 408
429 0 293 4 409
429 0 320 4 410
402 0 320 4 411
374 0 320 4 412
355 0 314 4 413
333 0 300 4 414
133 0 320 4 415
95 0 320 4 416
66 0 314 4 417
45 0 320 4 418
17 0 320 4 419
3 0 307 4 420
3 0 279 4 421
3 0 251 4 422
3 0 224 4 423
3 0 191 4 424
3 0 148 4 425
3 0 104 4 426
3 0 65 4 427
