428
17 0 24 4 0
19 0 27 4 1
17 0 39 4 2
20 0 42 4 3
21 0 47 4 4
20 0 58 4 5
20 0 67 4 6
20 0 77 4 7
22 0 30 4 8
27 0 47 4 9
29 0 31 4 10
29 0 62 4 11
32 0 62 4 12
32 0 69 4 13
32 0 76 4 14
34 0 43 4 15
39 0 50 4 16
41 0 18 4 17
36 0 81 4 18
42 0 34 4 19
47 0 47 4 20
47 0 71 4 21
50 0 32 4 22
43 0 36 4 23
50 0 52 4 24
52 0 72 4 25
55 0 36 4 26
55 0 24 4 27
53 0 70 4 28
61 0 59 4 29
60 0 50 4 30
62 0 32 4 31
58 0 32 4 32
70 0 20 4 33
73 0 79 4 34
67 0 39 4 35
69 0 42 4 36
74 0 40 4 37
76 0 44 4 38
69 0 64 4 39
75 0 61 4 40
67 0 83 4 41
93 0 37 4 42
96 0 71 4 43
93 0 17 4 44
99 0 39 4 45
91 0 80 4 46
100 0 20 4 47
104 0 44 4 48
97 0 78 4 49
105 0 25 4 50
116 0 47 4 51
111 0 31 4 52
119 0 79 4 53
107 0 65 4 54
124 0 67 4 55
123 0 67 4 56
125 0 24 4 57
128 0 55 4 58
113 0 44 4 59
123 0 47 4 60
129 0 51 4 61
126 0 30 4 62
132 0 32 4 63
129 0 17 4 64
132 0 39 4 65
118 0 40 4 66
141 0 33 4 67
138 0 235 4 68
137 0 27 4 69
142 0 39 4 70
137 0 249 4 71
148 0 28 4 72
149 0 49 4 73
150 0 56 4 74
148 0 66 4 75
148 0 44 4 76
151 0 73 4 77
140 0 245 4 78
132 0 42 4 79
147 0 233 4 80
155 0 42 4 81
154 0 250 4 82
154 0 254 4 83
161 0 24 4 84
160 0 241 4 85
163 0 44 4 86
159 0 260 4 87
158 0 264 4 88
166 0 237 4 89
163 0 271 4 90
170 0 252 4 91
164 0 277 4 92
174 0 238 4 93
171 0 255 4 94
164 0 279 4 95
178 0 254 4 96
172 0 261 4 97
166 0 286 4 98
177 0 272 4 99
181 0 55 4 100
183 0 59 4 101
179 0 28 4 102
183 0 27 4 103
182 0 35 4 104
184 0 43 4 105
185 0 65 4 106
182 0 252 4 107
175 0 273 4 108
161 0 286 4 109
188 0 74 4 110
174 0 296 4 111
189 0 24 4 112
195 0 47 4 113
195 0 72 4 114
180 0 288 4 115
198 0 39 4 116
178 0 298 4 117
199 0 34 4 118
202 0 46 4 119
201 0 80 4 120
200 0 191 4 121
200 0 19 4 122
203 0 66 4 123
184 0 292 4 124
206 0 27 4 125
206 0 58 4 126
189 0 303 4 127
209 0 32 4 128
206 0 189 4 129
212 0 64 4 130
213 0 56 4 131
211 0 72 4 132
218 0 20 4 133
200 0 296 4 134
217 0 50 4 135
211 0 186 4 136
209 0 201 4 137
214 0 209 4 138
224 0 39 4 139
216 0 219 4 140
215 0 226 4 141
216 0 238 4 142
214 0 245 4 143
216 0 249 4 144
212 0 259 4 145
218 0 264 4 146
211 0 276 4 147
209 0 281 4 148
207 0 284 4 149
220 0 39 4 150
240 0 300 4 151
220 0 45 4 152
220 0 52 4 153
219 0 71 4 154
227 0 20 4 155
220 0 187 4 156
240 0 294 4 157
224 0 32 4 158
224 0 55 4 159
226 0 190 4 160
235 0 53 4 161
226 0 71 4 162
247 0 301 4 163
233 0 17 4 164
244 0 293 4 165
233 0 31 4 166
233 0 191 4 167
235 0 66 4 168
237 0 48 4 169
234 0 71 4 170
251 0 298 4 171
246 0 287 4 172
243 0 19 4 173
241 0 46 4 174
254 0 275 4 175
254 0 293 4 176
242 0 70 4 177
243 0 254 4 178
257 0 269 4 179
269 0 280 4 180
248 0 242 4 181
256 0 261 4 182
251 0 253 4 183
263 0 281 4 184
254 0 259 4 185
266 0 274 4 186
256 0 240 4 187
261 0 249 4 188
267 0 267 4 189
260 0 62 4 190
264 0 29 4 191
265 0 36 4 192
267 0 263 4 193
267 0 45 4 194
264 0 238 4 195
271 0 253 4 196
274 0 22 4 197
269 0 251 4 198
268 0 61 4 199
273 0 31 4 200
272 0 237 4 201
294 0 44 4 202
282 0 243 4 203
277 0 44 4 204
277 0 61 4 205
281 0 237 4 206
283 0 30 4 207
285 0 247 4 208
286 0 43 4 209
288 0 79 4 210
296 0 241 4 211
288 0 60 4 212
294 0 18 4 213
290 0 237 4 214
293 0 79 4 215
296 0 32 4 216
299 0 25 4 217
295 0 55 4 218
296 0 43 4 219
298 0 66 4 220
310 0 87 4 221
314 0 66 4 222
304 0 27 4 223
308 0 46 4 224
314 0 72 4 225
308 0 46 4 226
320 0 69 4 227
315 0 21 4 228
317 0 32 4 229
321 0 19 4 230
332 0 73 4 231
323 0 39 4 232
329 0 39 4 233
345 0 20 4 234
346 0 42 4 235
351 0 61 4 236
344 0 58 4 237
345 0 69 4 238
347 0 82 4 239
352 0 37 4 240
345 0 30 4 241
357 0 45 4 242
360 0 33 4 243
351 0 53 4 244
355 0 28 4 245
364 0 52 4 246
365 0 67 4 247
361 0 29 4 248
367 0 32 4 249
365 0 52 4 250
369 0 33 4 251
373 0 27 4 252
371 0 30 4 253
370 0 51 4 254
376 0 90 4 255
370 0 70 4 256
376 0 69 4 257
377 0 22 4 258
381 0 49 4 259
379 0 62 4 260
380 0 55 4 261
384 0 15 4 262
386 0 29 4 263
384 0 39 4 264
388 0 22 4 265
392 0 65 4 266
396 0 31 4 267
392 0 37 4 268
391 0 70 4 269
397 0 69 4 270
394 0 70 4 271
399 0 61 4 272
397 0 82 4 273
402 0 41 4 274
402 0 79 4 275
405 0 27 4 276
404 0 31 4 277
404 0 50 4 278
408 0 30 4 279
407 0 73 4 280
70 0 227 4 281
71 0 210 4 282
70 0 238 4 283
75 0 199 4 284
70 0 250 4 285
77 0 185 4 286
76 0 266 4 287
84 0 173 4 288
75 0 272 4 289
85 0 288 4 290
95 0 155 4 291
88 0 295 4 292
93 0 148 4 293
101 0 230 4 294
107 0 213 4 295
101 0 248 4 296
109 0 194 4 297
99 0 306 4 298
101 0 259 4 299
113 0 134 4 300
113 0 180 4 301
115 0 278 4 302
104 0 309 4 303
122 0 125 4 304
119 0 164 4 305
115 0 280 4 306
131 0 116 4 307
139 0 152 4 308
121 0 322 4 309
146 0 110 4 310
128 0 293 4 311
150 0 141 4 312
133 0 325 4 313
157 0 103 4 314
146 0 305 4 315
163 0 139 4 316
167 0 103 4 317
153 0 335 4 318
162 0 312 4 319
187 0 128 4 320
191 0 96 4 321
171 0 338 4 322
175 0 314 4 323
203 0 124 4 324
193 0 317 4 325
240 0 337 4 326
216 0 101 4 327
225 0 129 4 328
255 0 339 4 329
234 0 94 4 330
261 0 309 4 331
250 0 136 4 332
272 0 334 4 333
258 0 105 4 334
269 0 311 4 335
264 0 139 4 336
283 0 332 4 337
272 0 107 4 338
292 0 299 4 339
301 0 320 4 340
280 0 144 4 341
288 0 117 4 342
301 0 292 4 343
306 0 323 4 344
296 0 154 4 345
320 0 271 4 346
321 0 310 4 347
305 0 127 4 348
307 0 171 4 349
322 0 263 4 350
314 0 138 4 351
317 0 189 4 352
329 0 303 4 353
326 0 246 4 354
325 0 209 4 355
327 0 227 4 356
334 0 151 4 357
339 0 291 4 358
341 0 167 4 359
348 0 277 4 360
351 0 268 4 361
348 0 185 4 362
353 0 256 4 363
357 0 201 4 364
358 0 237 4 365
354 0 223 4 366
236 9 205 4 367
231 15 207 4 368
211 16 214 4 369
197 12 215 4 370
195 5 220 4 371
197 -3 226 4 372
198 -10 227 4 373
208 -13 230 4 374
221 -12 234 4 375
228 -8 237 4 376
231 -1 242 4 377
231 4 244 4 378
223 9 249 4 379
214 11 252 4 380
205 9 256 4 381
198 4 257 4 382
199 0 262 4 383
196 -5 259 4 384
202 -7 264 4 385
221 -7 272 4 386
224 -5 278 4 387
230 -1 277 4 388
231 1 280 4 389
230 4 284 4 390
222 5 287 4 391
1 0 3 4 392
42 0 5 4 393
86 0 3 4 394
129 0 3 4 395
177 0 7 4 396
232 0 3 4 397
277 0 3 4 398
320 0 3 4 399
371 0 24 4 400
407 0 3 4 401
427 0 23 4 402
427 0 62 4 403
427 0 109 4 404
427 0 154 4 405
427 0 196 4 406
427 0 235 4 407
427 0 274 4 408
427 0 313 4 409
427 0 352 4 410
388 0 352 4 411
348 0 352 4 412
312 0 350 4 413
274 0 346 4 414
179 0 352 4 415
136 0 352 4 416
97 0 350 4 417
59 0 352 4 418
20 0 352 4 419
1 0 333 4 420
1 0 293 4 421
1 0 254 4 422
1 0 215 4 423
1 0 175 4 424
1 0 130 4 425
1 0 85 4 426
1 0 43 4 427
