428
14 0 50 4 0
19 0 45 4 1
14 0 64 4 2
21 0 60 4 3
23 0 60 4 4
21 0 74 4 5
21 0 83 4 6
21 0 93 4 7
18 0 64 4 8
20 0 83 4 9
22 0 68 4 10
22 0 100 4 11
29 0 88 4 12
29 0 96 4 13
29 0 103 4 14
31 0 72 4 15
39 0 69 4 16
41 0 40 4 17
27 0 119 4 18
42 0 54 4 19
48 0 63 4 20
44 0 94 4 21
50 0 49 4 22
32 0 85 4 23
47 0 78 4 24
48 0 97 4 25
53 0 59 4 26
50 0 56 4 27
44 0 107 4 28
63 0 72 4 29
59 0 69 4 30
62 0 49 4 31
47 0 76 4 32
67 0 44 4 33
71 0 97 4 34
53 0 83 4 35
60 0 79 4 36
71 0 62 4 37
76 0 61 4 38
60 0 98 4 39
75 0 76 4 40
53 0 119 4 41
93 0 52 4 42
98 0 84 4 43
90 0 38 4 44
98 0 58 4 45
75 0 114 4 46
95 0 45 4 47
101 0 65 4 48
79 0 115 4 49
99 0 52 4 50
115 0 63 4 51
100 0 62 4 52
117 0 100 4 53
81 0 112 4 54
126 0 81 4 55
118 0 88 4 56
122 0 44 4 57
129 0 69 4 58
90 0 87 4 59
115 0 72 4 60
126 0 70 4 61
114 0 60 4 62
130 0 49 4 63
121 0 42 4 64
129 0 58 4 65
89 0 92 4 66
139 0 50 4 67
133 0 240 4 68
129 0 53 4 69
141 0 58 4 70
127 0 249 4 71
148 0 46 4 72
149 0 65 4 73
153 0 69 4 74
148 0 80 4 75
145 0 65 4 76
152 0 85 4 77
125 0 240 4 78
103 0 94 4 79
139 0 232 4 80
156 0 56 4 81
149 0 253 4 82
147 0 256 4 83
163 0 47 4 84
162 0 251 4 85
165 0 57 4 86
154 0 264 4 87
147 0 263 4 88
163 0 241 4 89
153 0 272 4 90
166 0 255 4 91
151 0 276 4 92
172 0 241 4 93
164 0 254 4 94
145 0 274 4 95
177 0 260 4 96
162 0 258 4 97
144 0 279 4 98
170 0 272 4 99
179 0 76 4 100
183 0 75 4 101
173 0 61 4 102
182 0 45 4 103
180 0 55 4 104
184 0 60 4 105
187 0 79 4 106
177 0 255 4 107
162 0 266 4 108
123 0 267 4 109
189 0 92 4 110
146 0 286 4 111
185 0 51 4 112
197 0 60 4 113
197 0 84 4 114
159 0 280 4 115
200 0 58 4 116
147 0 283 4 117
197 0 54 4 118
205 0 58 4 119
202 0 103 4 120
199 0 201 4 121
197 0 40 4 122
205 0 80 4 123
156 0 279 4 124
211 0 49 4 125
208 0 70 4 126
165 0 294 4 127
213 0 49 4 128
205 0 196 4 129
218 0 96 4 130
220 0 86 4 131
214 0 84 4 132
229 0 45 4 133
184 0 286 4 134
222 0 79 4 135
209 0 189 4 136
203 0 210 4 137
216 0 221 4 138
241 0 68 4 139
220 0 228 4 140
217 0 237 4 141
220 0 245 4 142
216 0 254 4 143
220 0 257 4 144
211 0 263 4 145
224 0 267 4 146
206 0 275 4 147
202 0 279 4 148
197 0 277 4 149
228 0 57 4 150
278 0 284 4 151
223 0 58 4 152
222 0 66 4 153
221 0 84 4 154
242 0 44 4 155
225 0 193 4 156
273 0 280 4 157
230 0 49 4 158
229 0 69 4 159
231 0 200 4 160
251 0 80 4 161
229 0 84 4 162
280 0 288 4 163
243 0 38 4 164
269 0 287 4 165
239 0 48 4 166
238 0 203 4 167
243 0 84 4 168
245 0 68 4 169
237 0 83 4 170
281 0 291 4 171
267 0 283 4 172
255 0 44 4 173
249 0 62 4 174
280 0 267 4 175
280 0 287 4 176
246 0 82 4 177
248 0 260 4 178
279 0 263 4 179
310 0 262 4 180
253 0 248 4 181
273 0 258 4 182
257 0 259 4 183
289 0 275 4 184
263 0 263 4 185
288 0 270 4 186
262 0 247 4 187
273 0 249 4 188
286 0 266 4 189
264 0 77 4 190
271 0 47 4 191
273 0 56 4 192
278 0 266 4 193
277 0 65 4 194
270 0 245 4 195
286 0 252 4 196
290 0 50 4 197
277 0 258 4 198
272 0 77 4 199
280 0 48 4 200
279 0 245 4 201
333 0 98 4 202
299 0 240 4 203
285 0 61 4 204
281 0 77 4 205
287 0 244 4 206
291 0 48 4 207
295 0 252 4 208
294 0 60 4 209
298 0 102 4 210
317 0 238 4 211
295 0 76 4 212
308 0 43 4 213
296 0 244 4 214
303 0 99 4 215
308 0 57 4 216
313 0 52 4 217
302 0 72 4 218
303 0 60 4 219
309 0 86 4 220
338 0 124 4 221
341 0 107 4 222
312 0 46 4 223
320 0 70 4 224
335 0 106 4 225
315 0 62 4 226
339 0 100 4 227
323 0 41 4 228
328 0 56 4 229
332 0 44 4 230
353 0 109 4 231
330 0 58 4 232
343 0 71 4 233
354 0 44 4 234
354 0 63 4 235
366 0 98 4 236
350 0 74 4 237
352 0 88 4 238
357 0 105 4 239
367 0 78 4 240
350 0 48 4 241
370 0 81 4 242
378 0 79 4 243
355 0 67 4 244
361 0 46 4 245
381 0 95 4 246
381 0 111 4 247
370 0 54 4 248
382 0 75 4 249
376 0 83 4 250
373 0 50 4 251
381 0 53 4 252
378 0 52 4 253
374 0 66 4 254
389 0 124 4 255
373 0 82 4 256
384 0 92 4 257
382 0 42 4 258
392 0 85 4 259
386 0 85 4 260
386 0 77 4 261
390 0 37 4 262
396 0 60 4 263
389 0 57 4 264
397 0 49 4 265
405 0 103 4 266
408 0 66 4 267
397 0 56 4 268
394 0 84 4 269
408 0 103 4 270
401 0 93 4 271
410 0 94 4 272
403 0 104 4 273
412 0 70 4 274
406 0 97 4 275
414 0 57 4 276
408 0 48 4 277
408 0 65 4 278
416 0 56 4 279
410 0 87 4 280
67 0 234 4 281
67 0 216 4 282
63 0 241 4 283
75 0 208 4 284
61 0 250 4 285
74 0 195 4 286
70 0 268 4 287
81 0 184 4 288
59 0 263 4 289
72 0 283 4 290
94 0 168 4 291
68 0 282 4 292
76 0 170 4 293
97 0 236 4 294
109 0 224 4 295
91 0 248 4 296
110 0 205 4 297
78 0 292 4 298
82 0 251 4 299
108 0 150 4 300
110 0 196 4 301
103 0 276 4 302
74 0 283 4 303
117 0 140 4 304
109 0 177 4 305
86 0 263 4 306
125 0 130 4 307
141 0 165 4 308
96 0 303 4 309
146 0 123 4 310
101 0 277 4 311
148 0 154 4 312
99 0 297 4 313
155 0 115 4 314
122 0 291 4 315
158 0 160 4 316
159 0 123 4 317
121 0 312 4 318
139 0 300 4 319
194 0 144 4 320
194 0 110 4 321
136 0 314 4 322
144 0 298 4 323
204 0 137 4 324
164 0 303 4 325
284 0 310 4 326
220 0 126 4 327
227 0 149 4 328
295 0 315 4 329
237 0 106 4 330
305 0 285 4 331
260 0 164 4 332
312 0 308 4 333
269 0 128 4 334
296 0 299 4 335
272 0 162 4 336
316 0 310 4 337
278 0 122 4 338
323 0 283 4 339
342 0 289 4 340
283 0 160 4 341
290 0 133 4 342
322 0 286 4 343
332 0 307 4 344
303 0 167 4 345
350 0 257 4 346
351 0 292 4 347
309 0 139 4 348
311 0 181 4 349
338 0 263 4 350
315 0 151 4 351
320 0 200 4 352
351 0 294 4 353
338 0 251 4 354
333 0 217 4 355
336 0 234 4 356
348 0 165 4 357
361 0 282 4 358
352 0 180 4 359
369 0 266 4 360
367 0 266 4 361
355 0 197 4 362
361 0 261 4 363
371 0 205 4 364
372 0 239 4 365
360 0 231 4 366
244 6 214 4 367
245 10 214 4 368
212 11 225 4 369
190 8 221 4 370
195 3 229 4 371
199 -2 237 4 372
194 -7 234 4 373
207 -9 236 4 374
226 -8 239 4 375
234 -5 241 4 376
236 -1 248 4 377
239 3 245 4 378
228 6 253 4 379
213 7 255 4 380
202 6 257 4 381
191 3 255 4 382
195 0 262 4 383
183 -3 248 4 384
190 -5 254 4 385
232 -5 269 4 386
232 -3 276 4 387
243 -1 268 4 388
247 1 271 4 389
249 3 273 4 390
236 3 275 4 391
3 0 29 4 392
39 0 34 4 393
82 0 29 4 394
122 0 29 4 395
173 0 40 4 396
246 0 29 4 397
290 0 29 4 398
330 0 29 4 399
390 0 82 4 400
413 0 29 4 401
429 0 44 4 402
429 0 75 4 403
429 0 124 4 404
429 0 168 4 405
429 0 206 4 406
429 0 237 4 407
429 0 267 4 408
429 0 298 4 409
429 0 328 4 410
398 0 328 4 411
368 0 328 4 412
345 0 322 4 413
319 0 311 4 414
144 0 328 4 415
104 0 328 4 416
74 0 323 4 417
48 0 328 4 418
18 0 328 4 419
3 0 313 4 420
3 0 282 4 421
3 0 252 4 422
3 0 222 4 423
3 0 187 4 424
3 0 143 4 425
3 0 99 4 426
3 0 60 4 427
