428
13 0 55 4 0
19 0 49 4 1
13 0 69 4 2
21 0 63 4 3
24 0 62 4 4
21 0 77 4 5
21 0 86 4 6
21 0 96 4 7
17 0 72 4 8
19 0 90 4 9
21 0 76 4 10
21 0 108 4 11
28 0 93 4 12
28 0 101 4 13
28 0 109 4 14
30 0 78 4 15
39 0 73 4 16
40 0 44 4 17
25 0 128 4 18
42 0 59 4 19
48 0 66 4 20
44 0 98 4 21
50 0 53 4 22
30 0 95 4 23
46 0 84 4 24
47 0 103 4 25
52 0 64 4 26
49 0 63 4 27
42 0 115 4 28
64 0 74 4 29
59 0 73 4 30
62 0 52 4 31
45 0 85 4 32
66 0 49 4 33
71 0 101 4 34
50 0 92 4 35
58 0 87 4 36
71 0 66 4 37
76 0 65 4 38
58 0 105 4 39
75 0 79 4 40
50 0 127 4 41
93 0 55 4 42
98 0 86 4 43
89 0 43 4 44
97 0 62 4 45
71 0 121 4 46
95 0 50 4 47
100 0 69 4 48
75 0 123 4 49
97 0 57 4 50
115 0 66 4 51
98 0 68 4 52
116 0 105 4 53
75 0 122 4 54
126 0 84 4 55
118 0 93 4 56
121 0 48 4 57
129 0 72 4 58
85 0 96 4 59
114 0 78 4 60
125 0 74 4 61
111 0 66 4 62
130 0 52 4 63
120 0 48 4 64
128 0 62 4 65
82 0 103 4 66
139 0 53 4 67
132 0 241 4 68
127 0 58 4 69
141 0 62 4 70
124 0 249 4 71
148 0 50 4 72
149 0 68 4 73
153 0 72 4 74
148 0 83 4 75
144 0 69 4 76
153 0 87 4 77
121 0 239 4 78
97 0 104 4 79
137 0 232 4 80
156 0 59 4 81
149 0 254 4 82
145 0 257 4 83
163 0 52 4 84
162 0 253 4 85
165 0 60 4 86
153 0 265 4 87
145 0 263 4 88
163 0 242 4 89
151 0 272 4 90
166 0 256 4 91
148 0 276 4 92
171 0 242 4 93
163 0 253 4 94
142 0 272 4 95
177 0 262 4 96
160 0 257 4 97
139 0 277 4 98
168 0 272 4 99
178 0 81 4 100
183 0 78 4 101
171 0 67 4 102
182 0 49 4 103
180 0 59 4 104
184 0 64 4 105
188 0 82 4 106
176 0 256 4 107
159 0 264 4 108
115 0 263 4 109
190 0 95 4 110
141 0 283 4 111
184 0 57 4 112
197 0 62 4 113
197 0 87 4 114
155 0 278 4 115
200 0 62 4 116
140 0 280 4 117
197 0 58 4 118
206 0 61 4 119
203 0 108 4 120
199 0 203 4 121
196 0 45 4 122
206 0 83 4 123
150 0 276 4 124
212 0 54 4 125
208 0 73 4 126
160 0 292 4 127
214 0 53 4 128
205 0 198 4 129
219 0 103 4 130
220 0 92 4 131
214 0 87 4 132
232 0 50 4 133
181 0 283 4 134
223 0 84 4 135
209 0 190 4 136
202 0 212 4 137
217 0 224 4 138
245 0 73 4 139
220 0 230 4 140
217 0 239 4 141
220 0 247 4 142
216 0 256 4 143
220 0 258 4 144
211 0 264 4 145
225 0 267 4 146
205 0 275 4 147
200 0 278 4 148
195 0 275 4 149
230 0 61 4 150
287 0 281 4 151
224 0 61 4 152
223 0 69 4 153
222 0 86 4 154
245 0 49 4 155
225 0 195 4 156
280 0 277 4 157
232 0 52 4 158
229 0 72 4 159
231 0 202 4 160
255 0 86 4 161
230 0 86 4 162
287 0 286 4 163
245 0 43 4 164
275 0 286 4 165
241 0 52 4 166
239 0 206 4 167
245 0 88 4 168
247 0 72 4 169
238 0 86 4 170
287 0 289 4 171
272 0 282 4 172
258 0 49 4 173
250 0 66 4 174
285 0 266 4 175
285 0 286 4 176
246 0 85 4 177
250 0 261 4 178
284 0 261 4 179
319 0 259 4 180
254 0 249 4 181
277 0 257 4 182
258 0 261 4 183
294 0 273 4 184
265 0 264 4 185
293 0 269 4 186
263 0 248 4 187
276 0 249 4 188
290 0 265 4 189
264 0 80 4 190
273 0 51 4 191
275 0 60 4 192
281 0 267 4 193
279 0 70 4 194
271 0 247 4 195
289 0 252 4 196
294 0 56 4 197
278 0 260 4 198
273 0 80 4 199
282 0 52 4 200
280 0 246 4 201
341 0 109 4 202
303 0 239 4 203
286 0 65 4 204
282 0 80 4 205
288 0 246 4 206
292 0 51 4 207
297 0 253 4 208
295 0 64 4 209
300 0 106 4 210
322 0 237 4 211
296 0 79 4 212
310 0 48 4 213
297 0 246 4 214
305 0 103 4 215
310 0 62 4 216
316 0 57 4 217
303 0 76 4 218
305 0 64 4 219
311 0 91 4 220
344 0 132 4 221
347 0 116 4 222
314 0 50 4 223
323 0 75 4 224
339 0 113 4 225
316 0 66 4 226
343 0 106 4 227
324 0 46 4 228
330 0 61 4 229
334 0 49 4 230
358 0 116 4 231
332 0 62 4 232
346 0 77 4 233
356 0 49 4 234
355 0 67 4 235
370 0 105 4 236
351 0 78 4 237
353 0 92 4 238
359 0 109 4 239
370 0 87 4 240
351 0 51 4 241
373 0 89 4 242
382 0 88 4 243
356 0 70 4 244
362 0 50 4 245
384 0 104 4 246
385 0 120 4 247
372 0 60 4 248
386 0 84 4 249
378 0 90 4 250
374 0 53 4 251
382 0 58 4 252
379 0 56 4 253
374 0 69 4 254
391 0 131 4 255
374 0 85 4 256
386 0 97 4 257
384 0 47 4 258
394 0 92 4 259
387 0 89 4 260
388 0 81 4 261
392 0 42 4 262
398 0 66 4 263
390 0 61 4 264
399 0 55 4 265
407 0 111 4 266
410 0 74 4 267
398 0 60 4 268
395 0 87 4 269
410 0 110 4 270
403 0 98 4 271
412 0 101 4 272
404 0 109 4 273
414 0 76 4 274
407 0 100 4 275
416 0 63 4 276
408 0 52 4 277
409 0 68 4 278
418 0 61 4 279
411 0 90 4 280
66 0 236 4 281
67 0 218 4 282
62 0 242 4 283
75 0 210 4 284
59 0 250 4 285
73 0 198 4 286
68 0 269 4 287
80 0 187 4 288
55 0 261 4 289
70 0 282 4 290
94 0 170 4 291
64 0 279 4 292
72 0 174 4 293
96 0 237 4 294
109 0 227 4 295
88 0 248 4 296
111 0 207 4 297
74 0 289 4 298
78 0 250 4 299
108 0 153 4 300
109 0 199 4 301
101 0 276 4 302
67 0 277 4 303
116 0 143 4 304
107 0 179 4 305
80 0 260 4 306
123 0 133 4 307
141 0 168 4 308
91 0 299 4 309
146 0 126 4 310
95 0 274 4 311
147 0 156 4 312
92 0 291 4 313
154 0 118 4 314
116 0 288 4 315
157 0 164 4 316
158 0 127 4 317
114 0 307 4 318
134 0 297 4 319
195 0 148 4 320
195 0 113 4 321
129 0 309 4 322
138 0 294 4 323
205 0 140 4 324
158 0 300 4 325
294 0 304 4 326
220 0 131 4 327
227 0 153 4 328
303 0 310 4 329
238 0 108 4 330
314 0 280 4 331
263 0 170 4 332
320 0 302 4 333
271 0 133 4 334
302 0 297 4 335
274 0 167 4 336
323 0 306 4 337
279 0 125 4 338
329 0 280 4 339
351 0 282 4 340
284 0 164 4 341
290 0 136 4 342
326 0 285 4 343
337 0 304 4 344
305 0 169 4 345
357 0 254 4 346
357 0 288 4 347
309 0 142 4 348
312 0 184 4 349
341 0 263 4 350
315 0 154 4 351
321 0 202 4 352
356 0 292 4 353
340 0 252 4 354
334 0 219 4 355
338 0 236 4 356
351 0 168 4 357
365 0 280 4 358
354 0 183 4 359
374 0 264 4 360
370 0 266 4 361
357 0 200 4 362
363 0 263 4 363
374 0 206 4 364
374 0 239 4 365
361 0 233 4 366
245 5 216 4 367
248 9 216 4 368
212 10 227 4 369
189 7 223 4 370
195 3 231 4 371
199 -1 239 4 372
193 -6 236 4 373
206 -8 238 4 374
227 -8 240 4 375
235 -5 242 4 376
237 -1 250 4 377
240 3 246 4 378
229 6 254 4 379
213 6 256 4 380
201 5 258 4 381
190 2 254 4 382
194 0 262 4 383
180 -3 245 4 384
188 -4 252 4 385
234 -4 268 4 386
233 -3 276 4 387
246 -1 267 4 388
250 1 269 4 389
253 2 271 4 390
238 3 273 4 391
3 0 35 4 392
38 0 40 4 393
81 0 35 4 394
120 0 35 4 395
173 0 46 4 396
249 0 35 4 397
293 0 35 4 398
332 0 35 4 399
394 0 94 4 400
415 0 35 4 401
429 0 49 4 402
429 0 77 4 403
429 0 127 4 404
429 0 171 4 405
429 0 209 4 406
429 0 237 4 407
429 0 266 4 408
429 0 294 4 409
429 0 323 4 410
401 0 323 4 411
372 0 323 4 412
351 0 316 4 413
328 0 303 4 414
137 0 323 4 415
98 0 323 4 416
69 0 317 4 417
46 0 323 4 418
18 0 323 4 419
3 0 309 4 420
3 0 280 4 421
3 0 252 4 422
3 0 223 4 423
3 0 189 4 424
3 0 146 4 425
3 0 102 4 426
3 0 63 4 427
