428
17 0 28 4 0
19 0 30 4 1
17 0 43 4 2
20 0 45 4 3
21 0 49 4 4
20 0 61 4 5
20 0 70 4 6
20 0 79 4 7
22 0 36 4 8
26 0 53 4 9
28 0 37 4 10
28 0 69 4 11
31 0 66 4 12
31 0 73 4 13
31 0 81 4 14
34 0 48 4 15
39 0 53 4 16
41 0 22 4 17
34 0 87 4 18
42 0 38 4 19
47 0 50 4 20
46 0 74 4 21
50 0 35 4 22
41 0 44 4 23
50 0 57 4 24
51 0 76 4 25
55 0 40 4 26
54 0 30 4 27
52 0 76 4 28
61 0 61 4 29
60 0 53 4 30
62 0 35 4 31
56 0 39 4 32
70 0 24 4 33
73 0 82 4 34
64 0 46 4 35
68 0 48 4 36
73 0 44 4 37
76 0 47 4 38
68 0 70 4 39
75 0 63 4 40
64 0 89 4 41
93 0 39 4 42
96 0 73 4 43
93 0 20 4 44
99 0 43 4 45
88 0 86 4 46
99 0 24 4 47
104 0 47 4 48
94 0 84 4 49
104 0 29 4 50
116 0 50 4 51
109 0 36 4 52
119 0 83 4 53
102 0 73 4 54
125 0 70 4 55
122 0 70 4 56
125 0 27 4 57
128 0 58 4 58
109 0 51 4 59
122 0 51 4 60
128 0 55 4 61
124 0 35 4 62
132 0 35 4 63
128 0 21 4 64
132 0 43 4 65
113 0 49 4 66
140 0 36 4 67
137 0 236 4 68
136 0 31 4 69
142 0 43 4 70
135 0 249 4 71
148 0 31 4 72
149 0 52 4 73
151 0 58 4 74
148 0 68 4 75
147 0 47 4 76
151 0 75 4 77
138 0 244 4 78
128 0 51 4 79
145 0 233 4 80
155 0 45 4 81
153 0 250 4 82
153 0 254 4 83
161 0 28 4 84
161 0 243 4 85
163 0 46 4 86
158 0 261 4 87
156 0 264 4 88
165 0 238 4 89
162 0 271 4 90
169 0 253 4 91
162 0 277 4 92
174 0 238 4 93
170 0 255 4 94
161 0 278 4 95
178 0 255 4 96
170 0 261 4 97
162 0 285 4 98
176 0 272 4 99
181 0 58 4 100
183 0 62 4 101
178 0 34 4 102
183 0 30 4 103
182 0 39 4 104
184 0 46 4 105
185 0 67 4 106
181 0 253 4 107
173 0 272 4 108
154 0 283 4 109
188 0 77 4 110
169 0 295 4 111
189 0 29 4 112
195 0 49 4 113
195 0 74 4 114
176 0 287 4 115
199 0 43 4 116
173 0 295 4 117
198 0 37 4 118
203 0 48 4 119
201 0 84 4 120
200 0 193 4 121
199 0 23 4 122
203 0 68 4 123
179 0 290 4 124
207 0 31 4 125
206 0 60 4 126
185 0 302 4 127
210 0 35 4 128
206 0 190 4 129
213 0 70 4 130
214 0 61 4 131
212 0 74 4 132
220 0 24 4 133
197 0 295 4 134
218 0 55 4 135
211 0 187 4 136
208 0 202 4 137
214 0 211 4 138
227 0 44 4 139
217 0 220 4 140
215 0 228 4 141
217 0 239 4 142
214 0 247 4 143
217 0 251 4 144
212 0 259 4 145
219 0 264 4 146
210 0 276 4 147
208 0 281 4 148
206 0 283 4 149
221 0 42 4 150
246 0 298 4 151
220 0 47 4 152
220 0 54 4 153
220 0 73 4 154
230 0 24 4 155
221 0 188 4 156
246 0 291 4 157
225 0 35 4 158
225 0 58 4 159
227 0 192 4 160
238 0 58 4 161
227 0 73 4 162
252 0 299 4 163
235 0 20 4 164
248 0 292 4 165
234 0 34 4 166
234 0 193 4 167
237 0 69 4 168
238 0 51 4 169
234 0 73 4 170
256 0 297 4 171
250 0 286 4 172
245 0 23 4 173
243 0 49 4 174
259 0 274 4 175
258 0 292 4 176
243 0 72 4 177
244 0 255 4 178
261 0 268 4 179
276 0 277 4 180
249 0 243 4 181
259 0 261 4 182
252 0 254 4 183
268 0 280 4 184
256 0 259 4 185
270 0 273 4 186
257 0 241 4 187
263 0 249 4 188
270 0 267 4 189
261 0 65 4 190
265 0 32 4 191
266 0 39 4 192
269 0 263 4 193
269 0 48 4 194
265 0 239 4 195
274 0 253 4 196
277 0 27 4 197
271 0 252 4 198
269 0 64 4 199
274 0 34 4 200
273 0 239 4 201
301 0 53 4 202
285 0 243 4 203
279 0 47 4 204
278 0 64 4 205
282 0 238 4 206
284 0 33 4 207
286 0 248 4 208
288 0 46 4 209
290 0 82 4 210
300 0 241 4 211
289 0 62 4 212
296 0 22 4 213
291 0 238 4 214
294 0 82 4 215
298 0 36 4 216
301 0 29 4 217
296 0 58 4 218
297 0 46 4 219
300 0 69 4 220
315 0 93 4 221
319 0 73 4 222
305 0 31 4 223
310 0 50 4 224
318 0 77 4 225
309 0 49 4 226
323 0 74 4 227
316 0 24 4 228
319 0 36 4 229
323 0 23 4 230
335 0 79 4 231
324 0 43 4 232
331 0 44 4 233
347 0 24 4 234
347 0 45 4 235
353 0 67 4 236
345 0 61 4 237
346 0 72 4 238
349 0 86 4 239
354 0 44 4 240
346 0 33 4 241
359 0 51 4 242
363 0 40 4 243
352 0 55 4 244
356 0 31 4 245
367 0 60 4 246
368 0 74 4 247
363 0 33 4 248
369 0 39 4 249
367 0 57 4 250
369 0 36 4 251
374 0 31 4 252
372 0 34 4 253
371 0 54 4 254
378 0 95 4 255
371 0 72 4 256
378 0 73 4 257
378 0 26 4 258
383 0 55 4 259
380 0 66 4 260
381 0 59 4 261
385 0 19 4 262
387 0 34 4 263
385 0 42 4 264
390 0 27 4 265
394 0 71 4 266
398 0 37 4 267
393 0 40 4 268
391 0 72 4 269
399 0 75 4 270
395 0 74 4 271
401 0 67 4 272
398 0 86 4 273
403 0 46 4 274
402 0 82 4 275
407 0 32 4 276
405 0 34 4 277
405 0 52 4 278
410 0 35 4 279
408 0 76 4 280
70 0 228 4 281
70 0 211 4 282
69 0 238 4 283
75 0 200 4 284
68 0 250 4 285
76 0 186 4 286
75 0 266 4 287
83 0 175 4 288
72 0 270 4 289
83 0 287 4 290
95 0 157 4 291
85 0 293 4 292
90 0 152 4 293
101 0 231 4 294
107 0 215 4 295
99 0 248 4 296
109 0 196 4 297
95 0 303 4 298
98 0 258 4 299
112 0 136 4 300
113 0 183 4 301
113 0 277 4 302
99 0 304 4 303
121 0 128 4 304
118 0 166 4 305
110 0 277 4 306
130 0 119 4 307
139 0 154 4 308
117 0 319 4 309
146 0 112 4 310
124 0 291 4 311
150 0 143 4 312
127 0 320 4 313
157 0 105 4 314
142 0 302 4 315
162 0 142 4 316
165 0 107 4 317
147 0 331 4 318
158 0 310 4 319
188 0 131 4 320
192 0 99 4 321
165 0 334 4 322
170 0 311 4 323
203 0 126 4 324
188 0 314 4 325
248 0 332 4 326
217 0 105 4 327
225 0 132 4 328
262 0 335 4 329
235 0 96 4 330
268 0 305 4 331
252 0 141 4 332
278 0 330 4 333
260 0 109 4 334
273 0 309 4 335
266 0 143 4 336
288 0 328 4 337
273 0 110 4 338
297 0 296 4 339
308 0 315 4 340
280 0 147 4 341
289 0 120 4 342
305 0 291 4 343
310 0 320 4 344
297 0 156 4 345
325 0 269 4 346
326 0 307 4 347
306 0 129 4 348
307 0 173 4 349
325 0 263 4 350
314 0 140 4 351
317 0 191 4 352
333 0 302 4 353
328 0 247 4 354
327 0 210 4 355
329 0 228 4 356
336 0 153 4 357
342 0 290 4 358
343 0 169 4 359
351 0 275 4 360
354 0 268 4 361
349 0 187 4 362
354 0 257 4 363
360 0 202 4 364
360 0 238 4 365
355 0 224 4 366
237 8 206 4 367
233 14 208 4 368
212 15 216 4 369
196 12 216 4 370
195 5 222 4 371
197 -2 228 4 372
197 -9 228 4 373
208 -13 231 4 374
222 -12 235 4 375
229 -8 238 4 376
232 -1 243 4 377
232 4 244 4 378
224 9 250 4 379
214 10 253 4 380
204 8 256 4 381
197 4 257 4 382
198 0 262 4 383
194 -5 257 4 384
200 -7 262 4 385
223 -7 272 4 386
225 -5 277 4 387
232 -1 275 4 388
233 1 279 4 389
233 4 282 4 390
225 5 285 4 391
1 0 8 4 392
42 0 10 4 393
86 0 8 4 394
128 0 8 4 395
176 0 13 4 396
235 0 8 4 397
279 0 8 4 398
322 0 8 4 399
374 0 34 4 400
408 0 8 4 401
427 0 27 4 402
427 0 65 4 403
427 0 111 4 404
427 0 156 4 405
427 0 197 4 406
427 0 235 4 407
427 0 273 4 408
427 0 311 4 409
427 0 348 4 410
389 0 348 4 411
352 0 348 4 412
317 0 346 4 413
282 0 340 4 414
173 0 348 4 415
131 0 348 4 416
93 0 346 4 417
57 0 348 4 418
20 0 348 4 419
1 0 329 4 420
1 0 292 4 421
1 0 254 4 422
1 0 216 4 423
1 0 177 4 424
1 0 132 4 425
1 0 88 4 426
1 0 45 4 427
