428
19 0 13 4 0
19 0 19 4 1
19 0 29 4 2
20 0 35 4 3
20 0 42 4 4
20 0 51 4 5
20 0 60 4 6
20 0 70 4 7
24 0 16 4 8
29 0 32 4 9
32 0 16 4 10
32 0 47 4 11
33 0 51 4 12
33 0 58 4 13
33 0 65 4 14
36 0 31 4 15
39 0 42 4 16
41 0 10 4 17
39 0 65 4 18
42 0 26 4 19
47 0 40 4 20
48 0 61 4 21
50 0 26 4 22
48 0 16 4 23
52 0 42 4 24
54 0 62 4 25
56 0 26 4 26
57 0 11 4 27
57 0 55 4 28
60 0 54 4 29
60 0 42 4 30
62 0 25 4 31
63 0 14 4 32
72 0 10 4 33
74 0 72 4 34
72 0 20 4 35
73 0 27 4 36
75 0 31 4 37
76 0 38 4 38
73 0 51 4 39
75 0 54 4 40
72 0 68 4 41
93 0 30 4 42
95 0 66 4 43
95 0 8 4 44
99 0 32 4 45
98 0 66 4 46
101 0 10 4 47
106 0 36 4 48
104 0 63 4 49
108 0 14 4 50
116 0 40 4 51
116 0 19 4 52
120 0 71 4 53
117 0 45 4 54
124 0 62 4 55
124 0 58 4 56
127 0 16 4 57
128 0 50 4 58
123 0 27 4 59
127 0 37 4 60
130 0 44 4 61
131 0 18 4 62
133 0 25 4 63
133 0 7 4 64
134 0 32 4 65
130 0 18 4 66
141 0 27 4 67
140 0 234 4 68
140 0 16 4 69
142 0 32 4 70
141 0 249 4 71
148 0 21 4 72
149 0 43 4 73
149 0 51 4 74
148 0 60 4 75
149 0 36 4 76
150 0 68 4 77
147 0 246 4 78
144 0 21 4 79
150 0 233 4 80
155 0 37 4 81
155 0 248 4 82
157 0 253 4 83
160 0 14 4 84
160 0 237 4 85
162 0 39 4 86
161 0 259 4 87
163 0 264 4 88
167 0 235 4 89
167 0 271 4 90
172 0 251 4 91
169 0 277 4 92
175 0 236 4 93
174 0 256 4 94
172 0 281 4 95
178 0 252 4 96
176 0 263 4 97
175 0 290 4 98
180 0 272 4 99
182 0 46 4 100
183 0 52 4 101
182 0 15 4 102
183 0 19 4 103
183 0 27 4 104
184 0 36 4 105
184 0 59 4 106
183 0 251 4 107
181 0 276 4 108
176 0 294 4 109
187 0 67 4 110
185 0 301 4 111
191 0 13 4 112
194 0 42 4 113
194 0 67 4 114
188 0 291 4 115
198 0 32 4 116
191 0 304 4 117
199 0 25 4 118
201 0 41 4 119
201 0 70 4 120
200 0 187 4 121
201 0 11 4 122
202 0 60 4 123
195 0 297 4 124
205 0 18 4 125
205 0 53 4 126
199 0 307 4 127
208 0 26 4 128
206 0 186 4 129
210 0 51 4 130
211 0 44 4 131
210 0 67 4 132
213 0 10 4 133
207 0 301 4 134
214 0 38 4 135
212 0 185 4 136
211 0 197 4 137
213 0 204 4 138
218 0 27 4 139
215 0 215 4 140
214 0 221 4 141
215 0 235 4 142
214 0 242 4 143
214 0 246 4 144
213 0 257 4 145
215 0 262 4 146
212 0 276 4 147
212 0 282 4 148
211 0 287 4 149
218 0 31 4 150
224 0 307 4 151
219 0 40 4 152
218 0 46 4 153
218 0 66 4 154
221 0 10 4 155
220 0 185 4 156
227 0 299 4 157
222 0 25 4 158
223 0 50 4 159
225 0 186 4 160
228 0 42 4 161
225 0 66 4 162
233 0 306 4 163
229 0 8 4 164
234 0 296 4 165
230 0 24 4 166
231 0 186 4 167
232 0 59 4 168
234 0 40 4 169
232 0 66 4 170
239 0 302 4 171
238 0 288 4 172
238 0 9 4 173
238 0 40 4 174
244 0 279 4 175
244 0 296 4 176
240 0 65 4 177
241 0 251 4 178
248 0 271 4 179
253 0 287 4 180
246 0 239 4 181
250 0 263 4 182
248 0 250 4 183
253 0 283 4 184
251 0 257 4 185
257 0 276 4 186
254 0 237 4 187
256 0 249 4 188
259 0 268 4 189
258 0 56 4 190
261 0 22 4 191
262 0 28 4 192
262 0 261 4 193
263 0 37 4 194
262 0 235 4 195
265 0 253 4 196
267 0 11 4 197
266 0 248 4 198
266 0 55 4 199
269 0 24 4 200
270 0 234 4 201
279 0 23 4 202
275 0 245 4 203
274 0 38 4 204
275 0 55 4 205
278 0 233 4 206
279 0 23 4 207
280 0 246 4 208
283 0 36 4 209
284 0 69 4 210
288 0 243 4 211
286 0 53 4 212
289 0 8 4 213
287 0 233 4 214
289 0 71 4 215
291 0 22 4 216
293 0 14 4 217
292 0 48 4 218
293 0 36 4 219
294 0 58 4 220
298 0 72 4 221
303 0 50 4 222
300 0 20 4 223
303 0 36 4 224
306 0 58 4 225
306 0 40 4 226
312 0 57 4 227
311 0 13 4 228
312 0 22 4 229
317 0 9 4 230
323 0 58 4 231
320 0 32 4 232
323 0 26 4 233
342 0 10 4 234
342 0 33 4 235
344 0 46 4 236
342 0 52 4 237
342 0 61 4 238
343 0 73 4 239
345 0 20 4 240
343 0 23 4 241
351 0 30 4 242
353 0 14 4 243
349 0 47 4 244
353 0 21 4 245
358 0 35 4 246
358 0 49 4 247
358 0 19 4 248
360 0 14 4 249
360 0 39 4 250
367 0 27 4 251
369 0 16 4 252
369 0 22 4 253
368 0 45 4 254
371 0 76 4 255
369 0 65 4 256
373 0 59 4 257
375 0 14 4 258
376 0 35 4 259
376 0 53 4 260
377 0 46 4 261
381 0 6 4 262
382 0 17 4 263
382 0 31 4 264
385 0 11 4 265
387 0 49 4 266
391 0 16 4 267
390 0 29 4 268
389 0 64 4 269
392 0 56 4 270
391 0 60 4 271
395 0 48 4 272
394 0 73 4 273
398 0 30 4 274
400 0 72 4 275
402 0 15 4 276
402 0 24 4 277
402 0 43 4 278
405 0 20 4 279
406 0 68 4 280
72 0 224 4 281
73 0 208 4 282
72 0 236 4 283
75 0 195 4 284
73 0 250 4 285
78 0 180 4 286
78 0 265 4 287
85 0 168 4 288
82 0 275 4 289
90 0 289 4 290
95 0 150 4 291
97 0 300 4 292
99 0 140 4 293
103 0 227 4 294
106 0 208 4 295
105 0 248 4 296
109 0 189 4 297
107 0 311 4 298
109 0 263 4 299
114 0 127 4 300
115 0 175 4 301
120 0 278 4 302
116 0 319 4 303
124 0 119 4 304
124 0 159 4 305
126 0 287 4 306
134 0 111 4 307
138 0 147 4 308
131 0 330 4 309
146 0 105 4 310
140 0 300 4 311
151 0 136 4 312
147 0 337 4 313
158 0 98 4 314
156 0 310 4 315
164 0 130 4 316
170 0 95 4 317
166 0 344 4 318
171 0 317 4 319
185 0 122 4 320
190 0 91 4 321
185 0 348 4 322
187 0 320 4 323
203 0 119 4 324
205 0 322 4 325
222 0 348 4 326
215 0 91 4 327
224 0 120 4 328
239 0 349 4 329
233 0 89 4 330
243 0 319 4 331
246 0 125 4 332
255 0 345 4 333
253 0 95 4 334
257 0 316 4 335
261 0 130 4 336
269 0 341 4 337
270 0 101 4 338
279 0 305 4 339
285 0 333 4 340
278 0 138 4 341
288 0 111 4 342
293 0 294 4 343
295 0 329 4 344
293 0 149 4 345
308 0 277 4 346
309 0 317 4 347
303 0 122 4 348
305 0 166 4 349
315 0 263 4 350
314 0 133 4 351
315 0 185 4 352
320 0 307 4 353
321 0 244 4 354
322 0 206 4 355
324 0 224 4 356
328 0 145 4 357
330 0 295 4 358
336 0 161 4 359
339 0 281 4 360
345 0 269 4 361
345 0 180 4 362
350 0 254 4 363
352 0 200 4 364
353 0 237 4 365
352 0 220 4 366
233 10 201 4 367
225 17 204 4 368
211 18 209 4 369
200 14 212 4 370
196 6 217 4 371
196 -3 221 4 372
200 -11 224 4 373
209 -15 228 4 374
220 -14 232 4 375
226 -9 235 4 376
229 -1 240 4 377
228 5 243 4 378
221 10 247 4 379
214 12 251 4 380
206 10 255 4 381
201 5 258 4 382
201 0 262 4 383
201 -5 264 4 384
207 -8 268 4 385
218 -8 274 4 386
221 -6 278 4 387
224 -2 280 4 388
224 2 284 4 389
222 4 288 4 390
218 6 292 4 391
0 0 -7 4 392
44 0 -6 4 393
88 0 -7 4 394
133 0 -7 4 395
179 0 -6 4 396
227 0 -7 4 397
272 0 -7 4 398
316 0 -7 4 399
363 0 1 4 400
405 0 -7 4 401
426 0 15 4 402
426 0 58 4 403
426 0 103 4 404
426 0 148 4 405
426 0 191 4 406
426 0 234 4 407
426 0 277 4 408
426 0 320 4 409
426 0 362 4 410
383 0 362 4 411
340 0 362 4 412
299 0 362 4 413
256 0 360 4 414
193 0 362 4 415
149 0 362 4 416
106 0 362 4 417
64 0 362 4 418
21 0 362 4 419
0 0 341 4 420
0 0 298 4 421
0 0 255 4 422
0 0 212 4 423
0 0 170 4 424
0 0 125 4 425
0 0 80 4 426
0 0 36 4 427
