428
17 0 29 4 0
19 0 31 4 1
17 0 44 4 2
20 0 46 4 3
22 0 50 4 4
20 0 62 4 5
20 0 71 4 6
20 0 80 4 7
21 0 38 4 8
25 0 55 4 9
28 0 39 4 10
28 0 71 4 11
31 0 67 4 12
31 0 75 4 13
31 0 82 4 14
33 0 49 4 15
39 0 54 4 16
41 0 23 4 17
34 0 89 4 18
42 0 39 4 19
47 0 51 4 20
46 0 76 4 21
50 0 36 4 22
41 0 47 4 23
49 0 58 4 24
51 0 78 4 25
55 0 41 4 26
54 0 31 4 27
51 0 78 4 28
61 0 62 4 29
60 0 54 4 30
62 0 35 4 31
56 0 42 4 32
69 0 25 4 33
73 0 83 4 34
64 0 48 4 35
67 0 50 4 36
73 0 45 4 37
76 0 48 4 38
67 0 72 4 39
75 0 64 4 40
64 0 91 4 41
93 0 40 4 42
96 0 74 4 43
93 0 21 4 44
98 0 44 4 45
87 0 87 4 46
99 0 26 4 47
103 0 49 4 48
93 0 86 4 49
104 0 31 4 50
116 0 51 4 51
109 0 38 4 52
119 0 84 4 53
101 0 75 4 54
125 0 70 4 55
122 0 71 4 56
125 0 28 4 57
128 0 58 4 58
108 0 54 4 59
122 0 53 4 60
128 0 56 4 61
123 0 36 4 62
132 0 35 4 63
128 0 23 4 64
132 0 44 4 65
112 0 51 4 66
140 0 37 4 67
137 0 236 4 68
135 0 32 4 69
142 0 44 4 70
135 0 249 4 71
148 0 32 4 72
149 0 53 4 73
151 0 59 4 74
148 0 69 4 75
147 0 49 4 76
151 0 76 4 77
137 0 244 4 78
126 0 53 4 79
145 0 233 4 80
155 0 45 4 81
153 0 251 4 82
152 0 255 4 83
161 0 29 4 84
161 0 243 4 85
163 0 47 4 86
158 0 261 4 87
156 0 264 4 88
165 0 238 4 89
161 0 271 4 90
169 0 253 4 91
161 0 277 4 92
174 0 239 4 93
170 0 255 4 94
160 0 278 4 95
178 0 256 4 96
170 0 260 4 97
161 0 285 4 98
175 0 272 4 99
181 0 59 4 100
183 0 63 4 101
178 0 36 4 102
183 0 31 4 103
182 0 40 4 104
184 0 47 4 105
185 0 68 4 106
181 0 253 4 107
172 0 271 4 108
152 0 282 4 109
188 0 78 4 110
168 0 294 4 111
188 0 30 4 112
195 0 50 4 113
195 0 75 4 114
175 0 286 4 115
199 0 44 4 116
171 0 294 4 117
198 0 38 4 118
203 0 49 4 119
202 0 85 4 120
200 0 193 4 121
199 0 24 4 122
203 0 69 4 123
177 0 289 4 124
207 0 32 4 125
206 0 61 4 126
184 0 301 4 127
210 0 36 4 128
206 0 191 4 129
213 0 71 4 130
215 0 63 4 131
212 0 75 4 132
220 0 26 4 133
197 0 294 4 134
218 0 56 4 135
211 0 187 4 136
207 0 203 4 137
214 0 212 4 138
228 0 45 4 139
217 0 221 4 140
215 0 228 4 141
217 0 240 4 142
215 0 247 4 143
217 0 251 4 144
212 0 260 4 145
219 0 264 4 146
210 0 276 4 147
207 0 280 4 148
205 0 282 4 149
222 0 43 4 150
248 0 297 4 151
220 0 48 4 152
220 0 55 4 153
220 0 74 4 154
230 0 25 4 155
221 0 189 4 156
247 0 291 4 157
226 0 35 4 158
225 0 58 4 159
227 0 192 4 160
239 0 59 4 161
227 0 74 4 162
254 0 298 4 163
235 0 21 4 164
250 0 292 4 165
234 0 35 4 166
234 0 194 4 167
237 0 70 4 168
239 0 52 4 169
235 0 73 4 170
258 0 297 4 171
251 0 286 4 172
245 0 24 4 173
243 0 50 4 174
260 0 273 4 175
260 0 292 4 176
243 0 73 4 177
244 0 255 4 178
262 0 267 4 179
278 0 276 4 180
249 0 243 4 181
260 0 260 4 182
252 0 254 4 183
269 0 279 4 184
256 0 260 4 185
271 0 273 4 186
257 0 241 4 187
263 0 249 4 188
271 0 267 4 189
261 0 66 4 190
266 0 33 4 191
267 0 40 4 192
269 0 263 4 193
269 0 49 4 194
266 0 240 4 195
275 0 253 4 196
278 0 28 4 197
271 0 253 4 198
269 0 65 4 199
274 0 35 4 200
274 0 239 4 201
303 0 56 4 202
286 0 242 4 203
279 0 48 4 204
278 0 65 4 205
282 0 238 4 206
284 0 34 4 207
287 0 248 4 208
288 0 47 4 209
290 0 84 4 210
301 0 241 4 211
290 0 63 4 212
297 0 23 4 213
291 0 238 4 214
295 0 83 4 215
298 0 38 4 216
302 0 31 4 217
296 0 59 4 218
298 0 47 4 219
301 0 70 4 220
316 0 95 4 221
320 0 75 4 222
306 0 32 4 223
310 0 51 4 224
319 0 79 4 225
310 0 50 4 226
324 0 76 4 227
317 0 25 4 228
319 0 37 4 229
324 0 24 4 230
336 0 81 4 231
325 0 44 4 232
332 0 46 4 233
347 0 25 4 234
347 0 46 4 235
354 0 69 4 236
345 0 62 4 237
346 0 73 4 238
349 0 87 4 239
355 0 46 4 240
346 0 34 4 241
360 0 53 4 242
364 0 43 4 243
352 0 56 4 244
356 0 32 4 245
368 0 62 4 246
369 0 77 4 247
363 0 35 4 248
370 0 41 4 249
367 0 59 4 250
370 0 37 4 251
374 0 32 4 252
373 0 35 4 253
371 0 54 4 254
379 0 97 4 255
371 0 73 4 256
378 0 74 4 257
378 0 27 4 258
383 0 57 4 259
380 0 67 4 260
381 0 60 4 261
385 0 20 4 262
388 0 36 4 263
385 0 43 4 264
390 0 28 4 265
395 0 73 4 266
399 0 39 4 267
393 0 41 4 268
391 0 73 4 269
399 0 77 4 270
396 0 75 4 271
402 0 68 4 272
398 0 87 4 273
404 0 48 4 274
403 0 83 4 275
407 0 34 4 276
405 0 35 4 277
405 0 53 4 278
410 0 36 4 279
408 0 76 4 280
69 0 229 4 281
70 0 212 4 282
68 0 239 4 283
75 0 201 4 284
68 0 250 4 285
76 0 187 4 286
74 0 267 4 287
83 0 175 4 288
71 0 270 4 289
82 0 287 4 290
95 0 158 4 291
84 0 292 4 292
89 0 153 4 293
100 0 231 4 294
107 0 215 4 295
99 0 248 4 296
110 0 196 4 297
94 0 303 4 298
97 0 257 4 299
112 0 137 4 300
112 0 184 4 301
112 0 277 4 302
97 0 303 4 303
121 0 128 4 304
117 0 167 4 305
109 0 277 4 306
130 0 119 4 307
139 0 155 4 308
116 0 318 4 309
146 0 113 4 310
122 0 290 4 311
150 0 144 4 312
126 0 319 4 313
157 0 106 4 314
140 0 302 4 315
162 0 143 4 316
165 0 108 4 317
146 0 330 4 318
157 0 309 4 319
189 0 132 4 320
192 0 99 4 321
163 0 333 4 322
168 0 310 4 323
204 0 127 4 324
187 0 314 4 325
250 0 331 4 326
217 0 106 4 327
225 0 133 4 328
264 0 333 4 329
235 0 97 4 330
271 0 304 4 331
252 0 142 4 332
280 0 328 4 333
260 0 110 4 334
275 0 308 4 335
266 0 144 4 336
290 0 327 4 337
274 0 110 4 338
299 0 295 4 339
310 0 313 4 340
281 0 148 4 341
289 0 121 4 342
306 0 291 4 343
311 0 319 4 344
298 0 157 4 345
327 0 268 4 346
328 0 306 4 347
306 0 129 4 348
308 0 173 4 349
325 0 263 4 350
314 0 141 4 351
318 0 192 4 352
334 0 301 4 353
329 0 247 4 354
327 0 211 4 355
329 0 229 4 356
337 0 154 4 357
344 0 289 4 358
343 0 170 4 359
352 0 274 4 360
355 0 268 4 361
350 0 188 4 362
355 0 257 4 363
360 0 202 4 364
361 0 238 4 365
356 0 225 4 366
237 8 207 4 367
234 14 209 4 368
212 15 216 4 369
195 11 216 4 370
195 5 222 4 371
197 -2 228 4 372
197 -9 229 4 373
208 -12 232 4 374
222 -12 235 4 375
230 -7 238 4 376
232 -1 244 4 377
233 4 244 4 378
224 8 250 4 379
214 10 253 4 380
204 8 256 4 381
197 4 256 4 382
198 0 262 4 383
193 -4 257 4 384
199 -7 262 4 385
224 -7 272 4 386
226 -5 277 4 387
233 -1 275 4 388
234 1 278 4 389
234 4 281 4 390
225 4 284 4 391
1 0 9 4 392
42 0 12 4 393
85 0 9 4 394
128 0 9 4 395
176 0 15 4 396
235 0 9 4 397
280 0 9 4 398
322 0 9 4 399
375 0 37 4 400
409 0 9 4 401
427 0 28 4 402
427 0 65 4 403
427 0 112 4 404
427 0 157 4 405
427 0 198 4 406
427 0 235 4 407
427 0 272 4 408
427 0 310 4 409
427 0 347 4 410
390 0 347 4 411
353 0 347 4 412
319 0 344 4 413
284 0 338 4 414
171 0 347 4 415
129 0 347 4 416
91 0 344 4 417
57 0 347 4 418
20 0 347 4 419
1 0 328 4 420
1 0 291 4 421
1 0 254 4 422
1 0 216 4 423
1 0 178 4 424
1 0 133 4 425
1 0 89 4 426
1 0 46 4 427
