428
14 0 53 4 0
19 0 47 4 1
14 0 66 4 2
21 0 61 4 3
24 0 61 4 4
21 0 76 4 5
21 0 85 4 6
21 0 94 4 7
17 0 68 4 8
20 0 86 4 9
21 0 72 4 10
21 0 104 4 11
29 0 90 4 12
29 0 98 4 13
29 0 106 4 14
30 0 75 4 15
39 0 71 4 16
41 0 42 4 17
26 0 124 4 18
42 0 56 4 19
48 0 65 4 20
44 0 96 4 21
50 0 51 4 22
31 0 90 4 23
46 0 81 4 24
47 0 100 4 25
53 0 61 4 26
50 0 59 4 27
43 0 111 4 28
63 0 73 4 29
59 0 71 4 30
62 0 50 4 31
46 0 80 4 32
66 0 47 4 33
71 0 99 4 34
52 0 88 4 35
59 0 83 4 36
71 0 64 4 37
76 0 63 4 38
59 0 101 4 39
75 0 78 4 40
52 0 123 4 41
93 0 54 4 42
98 0 85 4 43
90 0 41 4 44
97 0 60 4 45
73 0 117 4 46
95 0 47 4 47
100 0 67 4 48
77 0 119 4 49
98 0 54 4 50
115 0 65 4 51
99 0 65 4 52
117 0 102 4 53
78 0 117 4 54
126 0 82 4 55
118 0 91 4 56
122 0 46 4 57
129 0 70 4 58
88 0 91 4 59
115 0 75 4 60
126 0 72 4 61
112 0 63 4 62
130 0 50 4 63
121 0 45 4 64
129 0 60 4 65
85 0 98 4 66
139 0 52 4 67
133 0 240 4 68
128 0 55 4 69
141 0 60 4 70
126 0 249 4 71
148 0 48 4 72
149 0 66 4 73
153 0 71 4 74
148 0 81 4 75
144 0 67 4 76
152 0 86 4 77
123 0 240 4 78
100 0 99 4 79
138 0 232 4 80
156 0 58 4 81
149 0 254 4 82
146 0 257 4 83
163 0 49 4 84
162 0 252 4 85
165 0 59 4 86
153 0 265 4 87
146 0 263 4 88
163 0 241 4 89
152 0 272 4 90
166 0 256 4 91
149 0 276 4 92
172 0 242 4 93
163 0 253 4 94
144 0 273 4 95
177 0 261 4 96
161 0 257 4 97
142 0 278 4 98
169 0 272 4 99
179 0 79 4 100
183 0 77 4 101
172 0 64 4 102
182 0 47 4 103
180 0 57 4 104
184 0 62 4 105
187 0 80 4 106
177 0 256 4 107
160 0 265 4 108
119 0 265 4 109
189 0 93 4 110
144 0 284 4 111
184 0 54 4 112
197 0 61 4 113
197 0 85 4 114
157 0 279 4 115
200 0 60 4 116
143 0 281 4 117
197 0 56 4 118
206 0 60 4 119
203 0 105 4 120
199 0 202 4 121
196 0 42 4 122
205 0 81 4 123
153 0 277 4 124
211 0 52 4 125
208 0 72 4 126
162 0 293 4 127
214 0 51 4 128
205 0 197 4 129
218 0 99 4 130
220 0 89 4 131
214 0 85 4 132
231 0 47 4 133
183 0 284 4 134
223 0 81 4 135
209 0 190 4 136
202 0 211 4 137
216 0 223 4 138
243 0 70 4 139
220 0 229 4 140
217 0 238 4 141
220 0 246 4 142
216 0 255 4 143
220 0 258 4 144
211 0 264 4 145
224 0 267 4 146
206 0 275 4 147
201 0 278 4 148
196 0 276 4 149
229 0 59 4 150
282 0 283 4 151
224 0 59 4 152
222 0 68 4 153
221 0 85 4 154
243 0 47 4 155
225 0 194 4 156
276 0 278 4 157
231 0 50 4 158
229 0 70 4 159
231 0 201 4 160
253 0 83 4 161
230 0 85 4 162
284 0 287 4 163
244 0 41 4 164
272 0 287 4 165
240 0 50 4 166
239 0 205 4 167
244 0 86 4 168
246 0 70 4 169
238 0 84 4 170
284 0 290 4 171
270 0 282 4 172
257 0 46 4 173
249 0 64 4 174
283 0 266 4 175
282 0 287 4 176
246 0 84 4 177
249 0 260 4 178
281 0 262 4 179
315 0 261 4 180
254 0 248 4 181
275 0 257 4 182
258 0 260 4 183
292 0 274 4 184
264 0 264 4 185
290 0 270 4 186
262 0 247 4 187
275 0 249 4 188
288 0 265 4 189
264 0 79 4 190
272 0 49 4 191
274 0 58 4 192
280 0 266 4 193
278 0 67 4 194
271 0 246 4 195
288 0 252 4 196
292 0 53 4 197
277 0 259 4 198
273 0 78 4 199
281 0 50 4 200
279 0 246 4 201
337 0 104 4 202
301 0 239 4 203
285 0 63 4 204
282 0 78 4 205
288 0 245 4 206
291 0 49 4 207
296 0 252 4 208
294 0 62 4 209
299 0 104 4 210
320 0 238 4 211
295 0 77 4 212
309 0 46 4 213
297 0 245 4 214
304 0 101 4 215
309 0 59 4 216
314 0 54 4 217
303 0 74 4 218
304 0 62 4 219
310 0 88 4 220
341 0 128 4 221
344 0 111 4 222
313 0 48 4 223
322 0 73 4 224
337 0 109 4 225
315 0 64 4 226
341 0 103 4 227
324 0 43 4 228
329 0 59 4 229
333 0 46 4 230
355 0 113 4 231
331 0 60 4 232
345 0 74 4 233
355 0 47 4 234
354 0 65 4 235
368 0 101 4 236
350 0 76 4 237
353 0 90 4 238
358 0 107 4 239
369 0 83 4 240
351 0 49 4 241
372 0 85 4 242
380 0 83 4 243
356 0 68 4 244
361 0 48 4 245
382 0 99 4 246
383 0 115 4 247
371 0 57 4 248
384 0 80 4 249
377 0 86 4 250
374 0 52 4 251
381 0 55 4 252
378 0 54 4 253
374 0 67 4 254
390 0 127 4 255
374 0 84 4 256
385 0 94 4 257
383 0 44 4 258
393 0 88 4 259
387 0 87 4 260
387 0 79 4 261
391 0 40 4 262
397 0 63 4 263
389 0 59 4 264
398 0 52 4 265
406 0 107 4 266
409 0 70 4 267
398 0 58 4 268
394 0 86 4 269
409 0 107 4 270
402 0 95 4 271
411 0 97 4 272
404 0 107 4 273
413 0 73 4 274
407 0 98 4 275
415 0 60 4 276
408 0 50 4 277
409 0 67 4 278
417 0 59 4 279
411 0 89 4 280
66 0 235 4 281
67 0 217 4 282
63 0 242 4 283
75 0 209 4 284
60 0 250 4 285
73 0 197 4 286
69 0 269 4 287
81 0 185 4 288
57 0 262 4 289
71 0 283 4 290
94 0 169 4 291
66 0 280 4 292
74 0 172 4 293
96 0 236 4 294
109 0 226 4 295
90 0 248 4 296
111 0 206 4 297
76 0 290 4 298
80 0 250 4 299
108 0 151 4 300
109 0 197 4 301
102 0 276 4 302
71 0 280 4 303
117 0 141 4 304
108 0 178 4 305
83 0 262 4 306
124 0 131 4 307
141 0 166 4 308
94 0 301 4 309
146 0 125 4 310
98 0 276 4 311
148 0 155 4 312
95 0 294 4 313
155 0 116 4 314
119 0 290 4 315
158 0 162 4 316
159 0 125 4 317
117 0 310 4 318
137 0 299 4 319
194 0 146 4 320
195 0 112 4 321
132 0 312 4 322
141 0 296 4 323
205 0 139 4 324
161 0 302 4 325
289 0 307 4 326
220 0 128 4 327
227 0 151 4 328
299 0 312 4 329
238 0 107 4 330
309 0 283 4 331
261 0 167 4 332
316 0 305 4 333
270 0 131 4 334
299 0 298 4 335
273 0 164 4 336
320 0 308 4 337
279 0 123 4 338
326 0 282 4 339
347 0 286 4 340
284 0 162 4 341
290 0 134 4 342
324 0 286 4 343
335 0 306 4 344
304 0 168 4 345
353 0 255 4 346
354 0 290 4 347
309 0 140 4 348
312 0 183 4 349
339 0 263 4 350
315 0 153 4 351
321 0 201 4 352
354 0 293 4 353
339 0 251 4 354
333 0 218 4 355
337 0 235 4 356
349 0 166 4 357
363 0 281 4 358
353 0 182 4 359
371 0 265 4 360
368 0 266 4 361
356 0 198 4 362
362 0 262 4 363
372 0 206 4 364
373 0 239 4 365
361 0 232 4 366
244 6 215 4 367
246 10 215 4 368
212 10 226 4 369
189 8 222 4 370
195 3 230 4 371
199 -2 238 4 372
194 -6 235 4 373
206 -9 237 4 374
227 -8 239 4 375
235 -5 241 4 376
236 -1 249 4 377
240 3 246 4 378
228 6 253 4 379
213 7 256 4 380
201 6 258 4 381
191 3 254 4 382
194 0 262 4 383
182 -3 247 4 384
189 -5 253 4 385
233 -5 269 4 386
233 -3 276 4 387
245 -1 268 4 388
249 1 270 4 389
251 2 272 4 390
237 3 274 4 391
3 0 32 4 392
39 0 37 4 393
81 0 32 4 394
121 0 32 4 395
173 0 43 4 396
247 0 32 4 397
291 0 32 4 398
331 0 32 4 399
392 0 88 4 400
414 0 32 4 401
429 0 47 4 402
429 0 76 4 403
429 0 125 4 404
429 0 169 4 405
429 0 208 4 406
429 0 237 4 407
429 0 266 4 408
429 0 296 4 409
429 0 325 4 410
399 0 325 4 411
370 0 325 4 412
348 0 319 4 413
323 0 307 4 414
140 0 325 4 415
101 0 325 4 416
71 0 320 4 417
47 0 325 4 418
18 0 325 4 419
3 0 311 4 420
3 0 281 4 421
3 0 252 4 422
3 0 222 4 423
3 0 188 4 424
3 0 145 4 425
3 0 101 4 426
3 0 61 4 427
