428
14 0 47 4 0
19 0 43 4 1
14 0 61 4 2
21 0 58 4 3
23 0 58 4 4
21 0 72 4 5
21 0 81 4 6
21 0 91 4 7
18 0 61 4 8
21 0 79 4 9
23 0 65 4 10
23 0 96 4 11
29 0 85 4 12
29 0 93 4 13
29 0 101 4 14
31 0 69 4 15
39 0 67 4 16
41 0 37 4 17
28 0 116 4 18
42 0 52 4 19
48 0 61 4 20
45 0 91 4 21
50 0 48 4 22
33 0 80 4 23
47 0 76 4 24
48 0 95 4 25
53 0 57 4 26
51 0 53 4 27
45 0 104 4 28
63 0 70 4 29
59 0 67 4 30
62 0 47 4 31
48 0 71 4 32
67 0 42 4 33
71 0 95 4 34
54 0 78 4 35
61 0 76 4 36
72 0 60 4 37
76 0 60 4 38
61 0 94 4 39
75 0 75 4 40
54 0 116 4 41
93 0 51 4 42
98 0 82 4 43
90 0 36 4 44
98 0 56 4 45
76 0 110 4 46
96 0 42 4 47
101 0 63 4 48
81 0 112 4 49
99 0 49 4 50
115 0 61 4 51
101 0 58 4 52
117 0 98 4 53
83 0 107 4 54
126 0 79 4 55
119 0 86 4 56
122 0 42 4 57
129 0 67 4 58
93 0 82 4 59
116 0 70 4 60
126 0 68 4 61
115 0 57 4 62
130 0 47 4 63
122 0 40 4 64
129 0 56 4 65
92 0 87 4 66
139 0 48 4 67
134 0 239 4 68
130 0 50 4 69
141 0 56 4 70
128 0 249 4 71
148 0 45 4 72
149 0 63 4 73
152 0 68 4 74
148 0 78 4 75
145 0 63 4 76
152 0 84 4 77
126 0 241 4 78
106 0 88 4 79
140 0 232 4 80
156 0 55 4 81
150 0 253 4 82
147 0 256 4 83
163 0 45 4 84
161 0 250 4 85
164 0 56 4 86
155 0 264 4 87
148 0 263 4 88
164 0 241 4 89
154 0 272 4 90
167 0 255 4 91
152 0 276 4 92
172 0 241 4 93
165 0 254 4 94
147 0 274 4 95
177 0 260 4 96
163 0 258 4 97
146 0 279 4 98
170 0 272 4 99
179 0 74 4 100
183 0 73 4 101
173 0 57 4 102
182 0 43 4 103
180 0 53 4 104
184 0 58 4 105
187 0 78 4 106
177 0 255 4 107
163 0 266 4 108
127 0 269 4 109
189 0 90 4 110
149 0 287 4 111
185 0 48 4 112
197 0 58 4 113
197 0 83 4 114
161 0 281 4 115
200 0 56 4 116
150 0 284 4 117
197 0 52 4 118
205 0 57 4 119
202 0 101 4 120
199 0 200 4 121
197 0 38 4 122
205 0 78 4 123
159 0 280 4 124
211 0 47 4 125
208 0 69 4 126
167 0 295 4 127
213 0 48 4 128
205 0 195 4 129
217 0 93 4 130
219 0 83 4 131
213 0 83 4 132
228 0 42 4 133
186 0 287 4 134
221 0 76 4 135
209 0 189 4 136
203 0 209 4 137
216 0 220 4 138
239 0 65 4 139
220 0 227 4 140
217 0 236 4 141
220 0 245 4 142
215 0 253 4 143
220 0 256 4 144
211 0 263 4 145
223 0 266 4 146
207 0 275 4 147
202 0 279 4 148
198 0 278 4 149
228 0 55 4 150
274 0 286 4 151
223 0 57 4 152
222 0 65 4 153
221 0 82 4 154
240 0 42 4 155
224 0 193 4 156
270 0 281 4 157
230 0 47 4 158
228 0 67 4 159
230 0 199 4 160
250 0 78 4 161
229 0 82 4 162
277 0 290 4 163
242 0 36 4 164
267 0 288 4 165
239 0 46 4 166
238 0 202 4 167
242 0 83 4 168
244 0 66 4 169
237 0 82 4 170
278 0 291 4 171
265 0 283 4 172
254 0 41 4 173
248 0 61 4 174
277 0 268 4 175
277 0 288 4 176
245 0 81 4 177
248 0 259 4 178
277 0 263 4 179
306 0 264 4 180
253 0 247 4 181
271 0 258 4 182
256 0 259 4 183
286 0 275 4 184
262 0 263 4 185
286 0 270 4 186
261 0 246 4 187
272 0 249 4 188
284 0 266 4 189
263 0 76 4 190
270 0 45 4 191
273 0 54 4 192
277 0 266 4 193
276 0 63 4 194
270 0 245 4 195
285 0 252 4 196
289 0 47 4 197
276 0 257 4 198
272 0 75 4 199
279 0 46 4 200
278 0 244 4 201
329 0 92 4 202
298 0 240 4 203
284 0 60 4 204
281 0 75 4 205
286 0 244 4 206
290 0 46 4 207
294 0 251 4 208
293 0 58 4 209
297 0 99 4 210
315 0 238 4 211
294 0 74 4 212
306 0 40 4 213
295 0 244 4 214
302 0 97 4 215
307 0 54 4 216
311 0 49 4 217
301 0 70 4 218
303 0 58 4 219
308 0 84 4 220
335 0 120 4 221
338 0 103 4 222
311 0 44 4 223
319 0 68 4 224
333 0 102 4 225
314 0 61 4 226
337 0 96 4 227
322 0 39 4 228
327 0 54 4 229
331 0 41 4 230
351 0 105 4 231
330 0 56 4 232
342 0 67 4 233
353 0 42 4 234
353 0 61 4 235
365 0 94 4 236
349 0 73 4 237
351 0 86 4 238
356 0 102 4 239
365 0 74 4 240
350 0 46 4 241
369 0 78 4 242
376 0 74 4 243
355 0 66 4 244
360 0 45 4 245
379 0 91 4 246
380 0 106 4 247
369 0 52 4 248
381 0 71 4 249
375 0 80 4 250
373 0 48 4 251
380 0 50 4 252
377 0 49 4 253
373 0 64 4 254
387 0 120 4 255
373 0 81 4 256
383 0 90 4 257
382 0 40 4 258
391 0 81 4 259
385 0 82 4 260
386 0 75 4 261
390 0 35 4 262
395 0 56 4 263
388 0 55 4 264
396 0 46 4 265
403 0 99 4 266
406 0 63 4 267
397 0 54 4 268
394 0 83 4 269
407 0 100 4 270
401 0 91 4 271
409 0 90 4 272
402 0 102 4 273
411 0 67 4 274
406 0 95 4 275
413 0 54 4 276
407 0 46 4 277
408 0 64 4 278
415 0 53 4 279
410 0 86 4 280
67 0 233 4 281
68 0 216 4 282
64 0 241 4 283
75 0 207 4 284
62 0 250 4 285
74 0 194 4 286
70 0 268 4 287
81 0 183 4 288
60 0 264 4 289
74 0 284 4 290
94 0 166 4 291
70 0 283 4 292
78 0 167 4 293
97 0 235 4 294
109 0 223 4 295
92 0 248 4 296
110 0 204 4 297
80 0 293 4 298
84 0 252 4 299
109 0 148 4 300
110 0 194 4 301
105 0 277 4 302
77 0 286 4 303
118 0 138 4 304
110 0 175 4 305
89 0 265 4 306
125 0 128 4 307
141 0 164 4 308
99 0 305 4 309
146 0 122 4 310
103 0 279 4 311
148 0 152 4 312
102 0 300 4 313
155 0 114 4 314
124 0 293 4 315
158 0 158 4 316
160 0 121 4 317
124 0 314 4 318
141 0 301 4 319
193 0 143 4 320
194 0 109 4 321
140 0 317 4 322
147 0 299 4 323
204 0 136 4 324
167 0 305 4 325
280 0 312 4 326
220 0 123 4 327
227 0 147 4 328
291 0 317 4 329
237 0 105 4 330
300 0 288 4 331
259 0 161 4 332
307 0 311 4 333
268 0 126 4 334
293 0 300 4 335
271 0 160 4 336
313 0 312 4 337
278 0 120 4 338
319 0 285 4 339
338 0 292 4 340
283 0 159 4 341
290 0 131 4 342
320 0 287 4 343
329 0 309 4 344
303 0 165 4 345
347 0 258 4 346
348 0 293 4 347
308 0 138 4 348
311 0 180 4 349
336 0 263 4 350
315 0 150 4 351
320 0 199 4 352
349 0 295 4 353
337 0 250 4 354
332 0 216 4 355
335 0 233 4 356
346 0 164 4 357
358 0 283 4 358
351 0 180 4 359
367 0 267 4 360
365 0 266 4 361
355 0 196 4 362
360 0 261 4 363
370 0 205 4 364
370 0 239 4 365
360 0 230 4 366
243 6 213 4 367
243 11 214 4 368
212 12 224 4 369
191 9 221 4 370
195 3 229 4 371
199 -2 236 4 372
194 -7 233 4 373
207 -9 236 4 374
226 -9 238 4 375
234 -6 241 4 376
235 -1 248 4 377
238 3 245 4 378
227 6 253 4 379
213 7 255 4 380
202 6 257 4 381
192 3 255 4 382
195 0 262 4 383
184 -3 249 4 384
191 -5 255 4 385
231 -5 269 4 386
231 -4 277 4 387
242 -1 269 4 388
245 1 272 4 389
247 3 274 4 390
234 3 276 4 391
3 0 27 4 392
39 0 31 4 393
82 0 27 4 394
122 0 27 4 395
174 0 36 4 396
244 0 27 4 397
289 0 27 4 398
329 0 27 4 399
388 0 76 4 400
413 0 27 4 401
429 0 42 4 402
429 0 73 4 403
429 0 122 4 404
429 0 166 4 405
429 0 205 4 406
429 0 237 4 407
429 0 268 4 408
429 0 299 4 409
429 0 330 4 410
397 0 330 4 411
366 0 330 4 412
341 0 325 4 413
314 0 314 4 414
148 0 330 4 415
108 0 330 4 416
76 0 326 4 417
49 0 330 4 418
18 0 330 4 419
3 0 315 4 420
3 0 284 4 421
3 0 252 4 422
3 0 221 4 423
3 0 185 4 424
3 0 142 4 425
3 0 98 4 426
3 0 58 4 427
