428
13 0 57 4 0
19 0 50 4 1
13 0 71 4 2
21 0 64 4 3
24 0 63 4 4
21 0 78 4 5
21 0 87 4 6
21 0 97 4 7
16 0 74 4 8
19 0 93 4 9
20 0 79 4 10
20 0 111 4 11
28 0 95 4 12
28 0 103 4 13
28 0 111 4 14
30 0 80 4 15
39 0 74 4 16
40 0 45 4 17
24 0 130 4 18
42 0 60 4 19
48 0 67 4 20
44 0 100 4 21
50 0 54 4 22
29 0 99 4 23
46 0 85 4 24
47 0 104 4 25
52 0 65 4 26
49 0 65 4 27
41 0 118 4 28
64 0 75 4 29
59 0 74 4 30
62 0 53 4 31
44 0 88 4 32
66 0 51 4 33
71 0 102 4 34
49 0 95 4 35
57 0 90 4 36
71 0 68 4 37
76 0 66 4 38
57 0 107 4 39
75 0 80 4 40
49 0 129 4 41
93 0 56 4 42
98 0 87 4 43
89 0 44 4 44
97 0 63 4 45
70 0 123 4 46
94 0 51 4 47
100 0 70 4 48
74 0 126 4 49
97 0 59 4 50
115 0 67 4 51
97 0 70 4 52
116 0 106 4 53
73 0 125 4 54
126 0 84 4 55
117 0 94 4 56
121 0 49 4 57
129 0 72 4 58
84 0 98 4 59
113 0 79 4 60
125 0 75 4 61
110 0 68 4 62
130 0 53 4 63
119 0 49 4 64
128 0 63 4 65
80 0 107 4 66
139 0 54 4 67
132 0 241 4 68
127 0 60 4 69
141 0 63 4 70
124 0 249 4 71
148 0 51 4 72
149 0 69 4 73
153 0 73 4 74
148 0 83 4 75
144 0 70 4 76
153 0 88 4 77
120 0 239 4 78
95 0 108 4 79
137 0 232 4 80
156 0 60 4 81
148 0 255 4 82
145 0 257 4 83
163 0 53 4 84
162 0 254 4 85
165 0 61 4 86
153 0 266 4 87
144 0 263 4 88
163 0 242 4 89
151 0 272 4 90
165 0 256 4 91
147 0 276 4 92
171 0 243 4 93
162 0 253 4 94
140 0 272 4 95
177 0 262 4 96
159 0 257 4 97
138 0 277 4 98
167 0 273 4 99
178 0 82 4 100
183 0 79 4 101
171 0 69 4 102
182 0 50 4 103
180 0 60 4 104
184 0 65 4 105
188 0 83 4 106
176 0 256 4 107
158 0 264 4 108
112 0 262 4 109
190 0 96 4 110
139 0 283 4 111
183 0 58 4 112
197 0 63 4 113
197 0 87 4 114
153 0 278 4 115
200 0 63 4 116
138 0 279 4 117
197 0 59 4 118
206 0 62 4 119
203 0 109 4 120
199 0 204 4 121
196 0 46 4 122
206 0 83 4 123
148 0 275 4 124
212 0 55 4 125
208 0 74 4 126
158 0 292 4 127
215 0 54 4 128
205 0 198 4 129
219 0 105 4 130
220 0 94 4 131
214 0 87 4 132
233 0 51 4 133
180 0 283 4 134
224 0 86 4 135
209 0 190 4 136
201 0 213 4 137
217 0 225 4 138
246 0 75 4 139
221 0 231 4 140
217 0 240 4 141
221 0 248 4 142
216 0 257 4 143
220 0 259 4 144
210 0 265 4 145
226 0 268 4 146
205 0 275 4 147
200 0 278 4 148
195 0 275 4 149
231 0 62 4 150
289 0 280 4 151
225 0 61 4 152
223 0 70 4 153
222 0 87 4 154
246 0 51 4 155
226 0 195 4 156
282 0 276 4 157
232 0 53 4 158
230 0 72 4 159
232 0 203 4 160
256 0 88 4 161
230 0 87 4 162
290 0 285 4 163
246 0 44 4 164
276 0 286 4 165
241 0 53 4 166
240 0 207 4 167
245 0 89 4 168
247 0 73 4 169
238 0 86 4 170
289 0 289 4 171
273 0 282 4 172
259 0 50 4 173
251 0 67 4 174
287 0 265 4 175
287 0 286 4 176
247 0 86 4 177
250 0 262 4 178
285 0 261 4 179
322 0 258 4 180
255 0 250 4 181
278 0 257 4 182
259 0 261 4 183
296 0 273 4 184
265 0 265 4 185
294 0 269 4 186
263 0 249 4 187
277 0 249 4 188
291 0 265 4 189
265 0 81 4 190
273 0 52 4 191
276 0 61 4 192
282 0 267 4 193
280 0 71 4 194
272 0 248 4 195
290 0 252 4 196
295 0 57 4 197
279 0 260 4 198
273 0 81 4 199
282 0 53 4 200
280 0 247 4 201
343 0 113 4 202
304 0 239 4 203
287 0 66 4 204
282 0 81 4 205
289 0 247 4 206
293 0 52 4 207
298 0 253 4 208
296 0 65 4 209
301 0 108 4 210
323 0 237 4 211
296 0 80 4 212
311 0 50 4 213
298 0 247 4 214
305 0 104 4 215
311 0 63 4 216
317 0 59 4 217
304 0 77 4 218
305 0 65 4 219
312 0 92 4 220
346 0 134 4 221
349 0 118 4 222
314 0 51 4 223
324 0 77 4 224
341 0 115 4 225
316 0 67 4 226
344 0 108 4 227
325 0 47 4 228
331 0 63 4 229
335 0 50 4 230
359 0 119 4 231
332 0 63 4 232
347 0 79 4 233
356 0 51 4 234
356 0 69 4 235
371 0 108 4 236
351 0 79 4 237
354 0 93 4 238
360 0 111 4 239
371 0 90 4 240
352 0 52 4 241
374 0 91 4 242
383 0 91 4 243
356 0 71 4 244
362 0 51 4 245
385 0 107 4 246
386 0 123 4 247
372 0 61 4 248
387 0 87 4 249
379 0 92 4 250
375 0 54 4 251
383 0 60 4 252
379 0 57 4 253
375 0 70 4 254
392 0 133 4 255
374 0 86 4 256
386 0 98 4 257
384 0 48 4 258
395 0 94 4 259
388 0 91 4 260
388 0 83 4 261
392 0 43 4 262
398 0 68 4 263
390 0 62 4 264
400 0 56 4 265
408 0 114 4 266
411 0 76 4 267
399 0 61 4 268
395 0 88 4 269
411 0 112 4 270
403 0 99 4 271
413 0 103 4 272
405 0 110 4 273
414 0 78 4 274
408 0 101 4 275
416 0 65 4 276
409 0 53 4 277
409 0 69 4 278
418 0 63 4 279
411 0 91 4 280
66 0 236 4 281
66 0 218 4 282
62 0 243 4 283
75 0 211 4 284
58 0 250 4 285
73 0 199 4 286
68 0 269 4 287
80 0 188 4 288
54 0 261 4 289
69 0 282 4 290
94 0 171 4 291
62 0 278 4 292
71 0 175 4 293
95 0 238 4 294
109 0 228 4 295
88 0 249 4 296
111 0 208 4 297
72 0 288 4 298
76 0 249 4 299
107 0 154 4 300
109 0 200 4 301
100 0 276 4 302
65 0 276 4 303
116 0 144 4 304
106 0 180 4 305
78 0 259 4 306
123 0 133 4 307
141 0 168 4 308
89 0 298 4 309
146 0 127 4 310
93 0 273 4 311
147 0 157 4 312
89 0 289 4 313
154 0 118 4 314
115 0 288 4 315
157 0 166 4 316
157 0 128 4 317
112 0 306 4 318
133 0 297 4 319
195 0 149 4 320
195 0 114 4 321
126 0 308 4 322
136 0 293 4 323
205 0 141 4 324
156 0 300 4 325
297 0 302 4 326
221 0 132 4 327
227 0 154 4 328
306 0 308 4 329
238 0 109 4 330
317 0 279 4 331
263 0 171 4 332
323 0 301 4 333
272 0 135 4 334
304 0 296 4 335
274 0 168 4 336
326 0 304 4 337
280 0 126 4 338
331 0 279 4 339
354 0 280 4 340
284 0 165 4 341
290 0 137 4 342
328 0 285 4 343
339 0 303 4 344
305 0 170 4 345
359 0 253 4 346
359 0 287 4 347
310 0 142 4 348
313 0 185 4 349
342 0 263 4 350
315 0 155 4 351
321 0 203 4 352
358 0 292 4 353
341 0 252 4 354
335 0 220 4 355
338 0 236 4 356
352 0 169 4 357
367 0 280 4 358
355 0 184 4 359
375 0 263 4 360
371 0 266 4 361
357 0 201 4 362
363 0 263 4 363
375 0 207 4 364
375 0 239 4 365
362 0 234 4 366
246 5 217 4 367
249 9 217 4 368
212 10 228 4 369
188 7 223 4 370
195 3 232 4 371
199 -1 240 4 372
193 -6 236 4 373
206 -8 238 4 374
228 -7 240 4 375
236 -5 242 4 376
237 -1 250 4 377
241 2 246 4 378
229 5 254 4 379
213 6 256 4 380
201 5 258 4 381
189 2 254 4 382
194 0 262 4 383
179 -3 245 4 384
187 -4 251 4 385
235 -4 268 4 386
234 -3 276 4 387
247 -1 266 4 388
251 1 268 4 389
255 2 270 4 390
239 3 272 4 391
3 0 36 4 392
38 0 42 4 393
81 0 36 4 394
119 0 36 4 395
172 0 48 4 396
250 0 36 4 397
294 0 36 4 398
332 0 36 4 399
396 0 98 4 400
415 0 36 4 401
429 0 50 4 402
429 0 78 4 403
429 0 128 4 404
429 0 172 4 405
429 0 209 4 406
429 0 237 4 407
429 0 265 4 408
429 0 293 4 409
429 0 321 4 410
401 0 321 4 411
373 0 321 4 412
354 0 315 4 413
331 0 301 4 414
134 0 321 4 415
96 0 321 4 416
67 0 315 4 417
45 0 321 4 418
17 0 321 4 419
3 0 307 4 420
3 0 279 4 421
3 0 251 4 422
3 0 224 4 423
3 0 190 4 424
3 0 147 4 425
3 0 103 4 426
3 0 64 4 427
