428
18 0 15 4 0
19 0 20 4 1
18 0 30 4 2
20 0 36 4 3
20 0 43 4 4
20 0 53 4 5
20 0 62 4 6
20 0 71 4 7
24 0 18 4 8
29 0 35 4 9
31 0 18 4 10
31 0 49 4 11
33 0 53 4 12
33 0 60 4 13
33 0 67 4 14
35 0 33 4 15
39 0 43 4 16
41 0 11 4 17
39 0 68 4 18
42 0 28 4 19
47 0 42 4 20
48 0 63 4 21
50 0 27 4 22
47 0 19 4 23
51 0 44 4 24
53 0 64 4 25
56 0 28 4 26
57 0 14 4 27
57 0 57 4 28
60 0 55 4 29
60 0 43 4 30
62 0 26 4 31
62 0 17 4 32
71 0 11 4 33
74 0 73 4 34
71 0 24 4 35
73 0 29 4 36
75 0 32 4 37
76 0 39 4 38
73 0 53 4 39
75 0 55 4 40
71 0 71 4 41
93 0 31 4 42
95 0 67 4 43
94 0 9 4 44
99 0 33 4 45
96 0 68 4 46
101 0 12 4 47
105 0 37 4 48
103 0 65 4 49
107 0 16 4 50
116 0 42 4 51
115 0 21 4 52
120 0 72 4 53
115 0 49 4 54
124 0 63 4 55
124 0 59 4 56
126 0 18 4 57
128 0 51 4 58
121 0 30 4 59
126 0 39 4 60
130 0 45 4 61
130 0 20 4 62
133 0 26 4 63
132 0 9 4 64
133 0 33 4 65
128 0 22 4 66
141 0 28 4 67
140 0 234 4 68
140 0 18 4 69
142 0 33 4 70
140 0 249 4 71
148 0 22 4 72
149 0 44 4 73
149 0 52 4 74
148 0 61 4 75
149 0 37 4 76
150 0 69 4 77
146 0 246 4 78
142 0 25 4 79
149 0 233 4 80
155 0 38 4 81
155 0 249 4 82
156 0 253 4 83
160 0 16 4 84
160 0 238 4 85
162 0 40 4 86
161 0 259 4 87
162 0 264 4 88
167 0 236 4 89
166 0 271 4 90
171 0 251 4 91
168 0 277 4 92
175 0 237 4 93
173 0 256 4 94
171 0 281 4 95
178 0 252 4 96
175 0 262 4 97
173 0 289 4 98
179 0 272 4 99
182 0 47 4 100
183 0 54 4 101
181 0 18 4 102
183 0 20 4 103
183 0 29 4 104
184 0 37 4 105
184 0 60 4 106
183 0 251 4 107
180 0 275 4 108
174 0 292 4 109
187 0 68 4 110
183 0 300 4 111
191 0 15 4 112
194 0 43 4 113
194 0 68 4 114
187 0 291 4 115
198 0 33 4 116
189 0 303 4 117
199 0 27 4 118
201 0 42 4 119
201 0 72 4 120
200 0 188 4 121
201 0 12 4 122
202 0 61 4 123
193 0 296 4 124
205 0 20 4 125
205 0 54 4 126
198 0 307 4 127
208 0 27 4 128
206 0 187 4 129
210 0 54 4 130
211 0 46 4 131
210 0 68 4 132
214 0 12 4 133
205 0 300 4 134
215 0 41 4 135
212 0 185 4 136
211 0 197 4 137
213 0 205 4 138
219 0 30 4 139
215 0 216 4 140
214 0 222 4 141
215 0 236 4 142
214 0 242 4 143
215 0 247 4 144
213 0 257 4 145
216 0 262 4 146
212 0 276 4 147
211 0 282 4 148
210 0 286 4 149
218 0 32 4 150
227 0 306 4 151
219 0 41 4 152
219 0 47 4 153
218 0 67 4 154
222 0 11 4 155
220 0 185 4 156
229 0 298 4 157
222 0 26 4 158
223 0 51 4 159
225 0 187 4 160
230 0 44 4 161
225 0 67 4 162
235 0 305 4 163
230 0 9 4 164
235 0 296 4 165
231 0 25 4 166
231 0 187 4 167
233 0 60 4 168
234 0 42 4 169
233 0 66 4 170
241 0 301 4 171
239 0 288 4 172
238 0 10 4 173
239 0 41 4 174
246 0 278 4 175
246 0 296 4 176
241 0 66 4 177
241 0 251 4 178
250 0 271 4 179
255 0 286 4 180
246 0 239 4 181
251 0 262 4 182
249 0 251 4 183
255 0 283 4 184
251 0 257 4 185
259 0 275 4 186
254 0 238 4 187
256 0 249 4 188
261 0 268 4 189
259 0 57 4 190
262 0 23 4 191
262 0 30 4 192
263 0 262 4 193
264 0 38 4 194
262 0 236 4 195
266 0 253 4 196
269 0 13 4 197
267 0 249 4 198
267 0 56 4 199
270 0 25 4 200
270 0 235 4 201
282 0 26 4 202
276 0 244 4 203
275 0 39 4 204
276 0 56 4 205
279 0 234 4 206
280 0 24 4 207
281 0 246 4 208
284 0 37 4 209
285 0 71 4 210
289 0 242 4 211
286 0 54 4 212
290 0 9 4 213
288 0 234 4 214
290 0 73 4 215
291 0 24 4 216
294 0 16 4 217
293 0 49 4 218
294 0 37 4 219
295 0 59 4 220
300 0 74 4 221
305 0 52 4 222
301 0 21 4 223
303 0 37 4 224
307 0 60 4 225
306 0 41 4 226
314 0 59 4 227
312 0 14 4 228
313 0 23 4 229
318 0 10 4 230
324 0 61 4 231
321 0 33 4 232
324 0 28 4 233
342 0 11 4 234
343 0 34 4 235
345 0 48 4 236
342 0 53 4 237
343 0 63 4 238
344 0 75 4 239
346 0 23 4 240
343 0 24 4 241
352 0 33 4 242
354 0 17 4 243
350 0 48 4 244
353 0 22 4 245
359 0 38 4 246
360 0 52 4 247
358 0 21 4 248
361 0 17 4 249
361 0 41 4 250
367 0 28 4 251
370 0 18 4 252
369 0 23 4 253
369 0 46 4 254
372 0 78 4 255
369 0 66 4 256
374 0 61 4 257
375 0 16 4 258
377 0 38 4 259
377 0 55 4 260
378 0 47 4 261
382 0 8 4 262
383 0 19 4 263
382 0 32 4 264
385 0 13 4 265
388 0 52 4 266
392 0 19 4 267
390 0 31 4 268
390 0 65 4 269
393 0 58 4 270
392 0 62 4 271
396 0 50 4 272
395 0 75 4 273
399 0 32 4 274
400 0 73 4 275
402 0 17 4 276
403 0 25 4 277
403 0 44 4 278
406 0 22 4 279
406 0 69 4 280
71 0 225 4 281
72 0 208 4 282
72 0 237 4 283
75 0 196 4 284
73 0 250 4 285
78 0 181 4 286
78 0 265 4 287
85 0 168 4 288
80 0 275 4 289
89 0 289 4 290
95 0 151 4 291
95 0 299 4 292
98 0 141 4 293
103 0 227 4 294
106 0 209 4 295
104 0 248 4 296
109 0 190 4 297
106 0 310 4 298
107 0 262 4 299
114 0 128 4 300
114 0 176 4 301
119 0 278 4 302
114 0 317 4 303
124 0 120 4 304
123 0 160 4 305
124 0 286 4 306
133 0 112 4 307
138 0 148 4 308
130 0 329 4 309
146 0 106 4 310
138 0 299 4 311
151 0 137 4 312
145 0 335 4 313
158 0 99 4 314
154 0 309 4 315
164 0 131 4 316
169 0 97 4 317
163 0 342 4 318
169 0 316 4 319
185 0 123 4 320
190 0 92 4 321
182 0 346 4 322
185 0 319 4 323
203 0 120 4 324
203 0 321 4 325
225 0 346 4 326
215 0 92 4 327
224 0 122 4 328
242 0 347 4 329
233 0 90 4 330
246 0 317 4 331
247 0 127 4 332
258 0 343 4 333
254 0 97 4 334
259 0 315 4 335
262 0 132 4 336
271 0 340 4 337
270 0 102 4 338
281 0 304 4 339
287 0 331 4 340
279 0 139 4 341
288 0 112 4 342
294 0 294 4 343
297 0 328 4 344
294 0 150 4 345
310 0 276 4 346
311 0 316 4 347
304 0 122 4 348
305 0 167 4 349
317 0 263 4 350
314 0 134 4 351
316 0 186 4 352
322 0 307 4 353
322 0 244 4 354
323 0 206 4 355
324 0 225 4 356
329 0 146 4 357
331 0 295 4 358
337 0 162 4 359
340 0 280 4 360
346 0 269 4 361
346 0 181 4 362
350 0 254 4 363
353 0 200 4 364
354 0 237 4 365
352 0 220 4 366
233 10 202 4 367
226 17 205 4 368
211 18 210 4 369
199 14 213 4 370
196 5 217 4 371
196 -3 222 4 372
199 -11 225 4 373
209 -15 228 4 374
220 -14 232 4 375
226 -9 236 4 376
229 -1 240 4 377
228 5 243 4 378
222 10 248 4 379
214 12 251 4 380
206 10 255 4 381
201 5 258 4 382
201 0 262 4 383
201 -5 263 4 384
206 -8 267 4 385
219 -8 273 4 386
221 -6 278 4 387
225 -2 280 4 388
225 1 283 4 389
223 4 287 4 390
219 5 291 4 391
0 0 -5 4 392
43 0 -4 4 393
88 0 -5 4 394
132 0 -5 4 395
178 0 -3 4 396
228 0 -5 4 397
273 0 -5 4 398
317 0 -5 4 399
365 0 5 4 400
405 0 -5 4 401
426 0 16 4 402
426 0 58 4 403
426 0 104 4 404
426 0 149 4 405
426 0 192 4 406
426 0 234 4 407
426 0 276 4 408
426 0 319 4 409
426 0 361 4 410
384 0 361 4 411
342 0 361 4 412
301 0 360 4 413
260 0 357 4 414
190 0 361 4 415
147 0 361 4 416
104 0 360 4 417
63 0 361 4 418
21 0 361 4 419
0 0 339 4 420
0 0 297 4 421
0 0 255 4 422
0 0 213 4 423
0 0 171 4 424
0 0 126 4 425
0 0 81 4 426
0 0 37 4 427
