428
16 0 33 4 0
19 0 33 4 1
16 0 48 4 2
20 0 48 4 3
22 0 52 4 4
20 0 64 4 5
20 0 73 4 6
20 0 82 4 7
21 0 42 4 8
24 0 60 4 9
27 0 44 4 10
27 0 76 4 11
31 0 71 4 12
31 0 78 4 13
31 0 86 4 14
33 0 53 4 15
39 0 57 4 16
41 0 26 4 17
32 0 95 4 18
42 0 42 4 19
47 0 53 4 20
46 0 79 4 21
50 0 39 4 22
39 0 53 4 23
49 0 62 4 24
50 0 81 4 25
54 0 44 4 26
53 0 36 4 27
50 0 83 4 28
62 0 64 4 29
60 0 57 4 30
62 0 38 4 31
54 0 48 4 32
69 0 28 4 33
73 0 86 4 34
62 0 55 4 35
66 0 55 4 36
73 0 48 4 37
76 0 51 4 38
66 0 76 4 39
75 0 66 4 40
62 0 96 4 41
93 0 42 4 42
96 0 76 4 43
92 0 24 4 44
98 0 46 4 45
85 0 92 4 46
98 0 29 4 47
103 0 51 4 48
90 0 91 4 49
103 0 34 4 50
116 0 53 4 51
107 0 42 4 52
118 0 87 4 53
97 0 82 4 54
125 0 72 4 55
121 0 74 4 56
124 0 31 4 57
128 0 60 4 58
105 0 59 4 59
121 0 56 4 60
128 0 58 4 61
121 0 41 4 62
131 0 38 4 63
127 0 26 4 64
131 0 46 4 65
108 0 59 4 66
140 0 39 4 67
136 0 237 4 68
134 0 36 4 69
142 0 46 4 70
133 0 249 4 71
148 0 35 4 72
149 0 55 4 73
151 0 61 4 74
148 0 71 4 75
146 0 51 4 76
151 0 77 4 77
135 0 243 4 78
122 0 61 4 79
144 0 232 4 80
155 0 47 4 81
152 0 251 4 82
151 0 255 4 83
161 0 32 4 84
161 0 245 4 85
163 0 49 4 86
157 0 262 4 87
154 0 264 4 88
165 0 238 4 89
160 0 271 4 90
169 0 253 4 91
159 0 276 4 92
173 0 239 4 93
169 0 255 4 94
158 0 277 4 95
178 0 257 4 96
168 0 260 4 97
158 0 284 4 98
174 0 272 4 99
180 0 62 4 100
183 0 65 4 101
177 0 40 4 102
182 0 33 4 103
182 0 42 4 104
184 0 49 4 105
186 0 70 4 106
180 0 253 4 107
170 0 270 4 108
147 0 279 4 109
188 0 80 4 110
164 0 293 4 111
188 0 34 4 112
196 0 52 4 113
195 0 77 4 114
172 0 285 4 115
199 0 46 4 116
167 0 292 4 117
198 0 41 4 118
204 0 50 4 119
202 0 88 4 120
200 0 195 4 121
199 0 27 4 122
204 0 71 4 123
174 0 287 4 124
208 0 35 4 125
206 0 62 4 126
181 0 300 4 127
211 0 39 4 128
206 0 192 4 129
214 0 76 4 130
216 0 67 4 131
212 0 77 4 132
222 0 29 4 133
194 0 293 4 134
219 0 60 4 135
211 0 187 4 136
207 0 204 4 137
215 0 213 4 138
230 0 49 4 139
218 0 222 4 140
215 0 230 4 141
218 0 241 4 142
215 0 248 4 143
218 0 252 4 144
212 0 260 4 145
220 0 265 4 146
209 0 276 4 147
206 0 280 4 148
204 0 281 4 149
223 0 45 4 150
254 0 295 4 151
221 0 50 4 152
220 0 57 4 153
220 0 76 4 154
232 0 28 4 155
222 0 190 4 156
252 0 289 4 157
226 0 38 4 158
226 0 60 4 159
228 0 194 4 160
241 0 63 4 161
228 0 76 4 162
259 0 296 4 163
237 0 24 4 164
253 0 291 4 165
235 0 37 4 166
235 0 195 4 167
238 0 73 4 168
240 0 55 4 169
235 0 75 4 170
262 0 296 4 171
254 0 285 4 172
247 0 28 4 173
244 0 52 4 174
264 0 272 4 175
263 0 291 4 176
243 0 74 4 177
245 0 256 4 178
265 0 266 4 179
284 0 274 4 180
250 0 244 4 181
262 0 260 4 182
253 0 255 4 183
273 0 278 4 184
257 0 260 4 185
274 0 273 4 186
258 0 242 4 187
265 0 249 4 188
274 0 267 4 189
261 0 68 4 190
267 0 36 4 191
268 0 43 4 192
271 0 264 4 193
271 0 52 4 194
266 0 241 4 195
277 0 252 4 196
280 0 32 4 197
272 0 254 4 198
270 0 67 4 199
275 0 37 4 200
275 0 240 4 201
308 0 64 4 202
288 0 242 4 203
280 0 51 4 204
279 0 67 4 205
283 0 239 4 206
286 0 36 4 207
288 0 249 4 208
289 0 49 4 209
292 0 87 4 210
304 0 240 4 211
291 0 65 4 212
299 0 27 4 213
292 0 239 4 214
296 0 86 4 215
300 0 41 4 216
304 0 34 4 217
297 0 61 4 218
299 0 49 4 219
302 0 73 4 220
320 0 100 4 221
324 0 81 4 222
307 0 34 4 223
312 0 54 4 224
322 0 84 4 225
311 0 52 4 226
327 0 80 4 227
318 0 28 4 228
321 0 40 4 229
325 0 28 4 230
339 0 86 4 231
326 0 46 4 232
334 0 50 4 233
348 0 28 4 234
348 0 49 4 235
356 0 74 4 236
346 0 64 4 237
347 0 76 4 238
351 0 90 4 239
357 0 52 4 240
347 0 36 4 241
362 0 58 4 242
366 0 49 4 243
353 0 58 4 244
357 0 35 4 245
370 0 68 4 246
371 0 83 4 247
364 0 38 4 248
372 0 47 4 249
369 0 63 4 250
370 0 39 4 251
375 0 36 4 252
374 0 38 4 253
371 0 56 4 254
380 0 102 4 255
372 0 74 4 256
379 0 77 4 257
379 0 30 4 258
385 0 62 4 259
381 0 70 4 260
382 0 63 4 261
386 0 23 4 262
389 0 40 4 263
386 0 45 4 264
392 0 32 4 265
396 0 78 4 266
400 0 43 4 267
394 0 44 4 268
392 0 75 4 269
401 0 81 4 270
397 0 78 4 271
403 0 73 4 272
399 0 90 4 273
405 0 52 4 274
403 0 85 4 275
408 0 38 4 276
405 0 37 4 277
406 0 55 4 278
411 0 39 4 279
409 0 78 4 280
69 0 230 4 281
70 0 213 4 282
67 0 239 4 283
75 0 202 4 284
66 0 250 4 285
75 0 188 4 286
73 0 267 4 287
83 0 177 4 288
69 0 269 4 289
80 0 286 4 290
95 0 160 4 291
81 0 290 4 292
87 0 156 4 293
100 0 232 4 294
107 0 217 4 295
97 0 248 4 296
110 0 198 4 297
91 0 301 4 298
94 0 256 4 299
111 0 139 4 300
112 0 186 4 301
111 0 277 4 302
93 0 299 4 303
120 0 130 4 304
116 0 169 4 305
105 0 274 4 306
129 0 121 4 307
139 0 157 4 308
112 0 315 4 309
146 0 115 4 310
118 0 288 4 311
149 0 146 4 312
121 0 315 4 313
156 0 108 4 314
137 0 300 4 315
161 0 146 4 316
164 0 110 4 317
141 0 326 4 318
154 0 307 4 319
190 0 134 4 320
193 0 101 4 321
158 0 329 4 322
164 0 308 4 323
204 0 129 4 324
183 0 312 4 325
256 0 327 4 326
218 0 110 4 327
225 0 136 4 328
269 0 330 4 329
236 0 98 4 330
277 0 300 4 331
254 0 146 4 332
286 0 325 4 333
262 0 113 4 334
279 0 307 4 335
267 0 148 4 336
295 0 324 4 337
274 0 112 4 338
303 0 293 4 339
316 0 309 4 340
281 0 150 4 341
289 0 123 4 342
309 0 290 4 343
315 0 317 4 344
299 0 159 4 345
331 0 266 4 346
332 0 303 4 347
306 0 131 4 348
308 0 175 4 349
328 0 263 4 350
314 0 143 4 351
318 0 193 4 352
337 0 300 4 353
330 0 247 4 354
328 0 212 4 355
330 0 230 4 356
339 0 156 4 357
347 0 288 4 358
345 0 172 4 359
355 0 273 4 360
357 0 267 4 361
351 0 190 4 362
356 0 258 4 363
362 0 203 4 364
363 0 238 4 365
356 0 226 4 366
239 8 208 4 367
236 13 210 4 368
212 14 218 4 369
195 11 217 4 370
195 4 224 4 371
198 -2 230 4 372
197 -9 230 4 373
208 -12 233 4 374
223 -11 235 4 375
230 -7 238 4 376
233 -1 245 4 377
234 4 244 4 378
225 8 250 4 379
213 9 253 4 380
204 8 256 4 381
196 4 256 4 382
198 0 262 4 383
191 -4 255 4 384
198 -7 260 4 385
225 -6 271 4 386
227 -4 277 4 387
235 -1 274 4 388
236 1 277 4 389
237 3 280 4 390
227 4 283 4 391
1 0 13 4 392
41 0 16 4 393
85 0 13 4 394
127 0 13 4 395
176 0 19 4 396
237 0 13 4 397
282 0 13 4 398
323 0 13 4 399
378 0 45 4 400
410 0 13 4 401
427 0 31 4 402
427 0 67 4 403
427 0 114 4 404
427 0 159 4 405
427 0 199 4 406
427 0 236 4 407
427 0 272 4 408
427 0 308 4 409
427 0 344 4 410
391 0 344 4 411
355 0 344 4 412
324 0 340 4 413
290 0 333 4 414
166 0 344 4 415
125 0 344 4 416
88 0 340 4 417
55 0 344 4 418
19 0 344 4 419
1 0 325 4 420
1 0 289 4 421
1 0 253 4 422
1 0 217 4 423
1 0 179 4 424
1 0 135 4 425
1 0 90 4 426
1 0 49 4 427
