428
18 0 19 4 0
19 0 24 4 1
18 0 35 4 2
20 0 39 4 3
21 0 45 4 4
20 0 55 4 5
20 0 64 4 6
20 0 74 4 7
23 0 24 4 8
28 0 41 4 9
30 0 25 4 10
30 0 56 4 11
32 0 57 4 12
32 0 64 4 13
32 0 72 4 14
35 0 38 4 15
39 0 47 4 16
41 0 15 4 17
37 0 74 4 18
42 0 31 4 19
47 0 44 4 20
47 0 67 4 21
50 0 30 4 22
45 0 28 4 23
51 0 48 4 24
53 0 68 4 25
55 0 32 4 26
56 0 19 4 27
55 0 64 4 28
61 0 57 4 29
60 0 47 4 30
62 0 29 4 31
60 0 25 4 32
71 0 15 4 33
74 0 76 4 34
69 0 31 4 35
71 0 36 4 36
74 0 36 4 37
76 0 42 4 38
71 0 59 4 39
75 0 58 4 40
69 0 77 4 41
93 0 34 4 42
95 0 69 4 43
94 0 13 4 44
99 0 36 4 45
94 0 74 4 46
100 0 16 4 47
105 0 41 4 48
100 0 72 4 49
106 0 20 4 50
116 0 44 4 51
113 0 26 4 52
119 0 76 4 53
111 0 57 4 54
124 0 65 4 55
123 0 63 4 56
126 0 21 4 57
128 0 53 4 58
117 0 37 4 59
125 0 43 4 60
129 0 48 4 61
128 0 25 4 62
133 0 29 4 63
131 0 13 4 64
133 0 36 4 65
123 0 31 4 66
141 0 31 4 67
139 0 235 4 68
139 0 22 4 69
142 0 36 4 70
139 0 249 4 71
148 0 25 4 72
149 0 47 4 73
150 0 54 4 74
148 0 63 4 75
148 0 41 4 76
150 0 71 4 77
143 0 245 4 78
137 0 34 4 79
148 0 233 4 80
155 0 40 4 81
154 0 249 4 82
155 0 254 4 83
160 0 20 4 84
160 0 239 4 85
162 0 42 4 86
160 0 260 4 87
160 0 264 4 88
166 0 236 4 89
165 0 271 4 90
171 0 252 4 91
166 0 277 4 92
174 0 237 4 93
172 0 256 4 94
167 0 280 4 95
178 0 253 4 96
174 0 262 4 97
170 0 288 4 98
178 0 272 4 99
181 0 51 4 100
183 0 56 4 101
180 0 23 4 102
183 0 24 4 103
183 0 32 4 104
184 0 40 4 105
185 0 62 4 106
182 0 252 4 107
178 0 274 4 108
167 0 289 4 109
187 0 71 4 110
178 0 298 4 111
190 0 20 4 112
194 0 45 4 113
194 0 70 4 114
183 0 289 4 115
198 0 36 4 116
183 0 300 4 117
199 0 30 4 118
202 0 44 4 119
201 0 76 4 120
200 0 189 4 121
200 0 16 4 122
203 0 63 4 123
188 0 294 4 124
206 0 23 4 125
205 0 56 4 126
194 0 305 4 127
209 0 30 4 128
206 0 188 4 129
211 0 59 4 130
212 0 51 4 131
211 0 70 4 132
216 0 16 4 133
203 0 298 4 134
216 0 45 4 135
212 0 186 4 136
210 0 199 4 137
214 0 207 4 138
221 0 34 4 139
216 0 217 4 140
214 0 224 4 141
216 0 237 4 142
214 0 244 4 143
215 0 248 4 144
213 0 258 4 145
217 0 263 4 146
211 0 276 4 147
210 0 281 4 148
209 0 285 4 149
220 0 36 4 150
233 0 303 4 151
220 0 43 4 152
219 0 50 4 153
219 0 69 4 154
225 0 15 4 155
220 0 186 4 156
235 0 296 4 157
223 0 29 4 158
224 0 53 4 159
226 0 188 4 160
232 0 49 4 161
226 0 69 4 162
241 0 303 4 163
231 0 13 4 164
240 0 294 4 165
232 0 28 4 166
232 0 189 4 167
234 0 63 4 168
235 0 45 4 169
233 0 69 4 170
246 0 300 4 171
243 0 287 4 172
241 0 15 4 173
240 0 43 4 174
250 0 277 4 175
250 0 294 4 176
241 0 68 4 177
242 0 253 4 178
253 0 270 4 179
262 0 283 4 180
247 0 241 4 181
254 0 262 4 182
250 0 252 4 183
259 0 282 4 184
253 0 258 4 185
262 0 275 4 186
255 0 239 4 187
259 0 249 4 188
264 0 268 4 189
259 0 60 4 190
263 0 26 4 191
264 0 33 4 192
265 0 262 4 193
265 0 41 4 194
263 0 237 4 195
269 0 253 4 196
271 0 18 4 197
268 0 250 4 198
267 0 59 4 199
271 0 28 4 200
271 0 236 4 201
288 0 36 4 202
279 0 244 4 203
276 0 42 4 204
276 0 59 4 205
280 0 235 4 206
281 0 27 4 207
283 0 247 4 208
285 0 40 4 209
286 0 75 4 210
293 0 242 4 211
287 0 57 4 212
292 0 14 4 213
289 0 235 4 214
291 0 76 4 215
293 0 28 4 216
296 0 20 4 217
294 0 52 4 218
295 0 40 4 219
297 0 62 4 220
305 0 81 4 221
310 0 59 4 222
302 0 24 4 223
306 0 41 4 224
311 0 66 4 225
307 0 43 4 226
317 0 64 4 227
313 0 17 4 228
315 0 27 4 229
320 0 15 4 230
328 0 67 4 231
322 0 36 4 232
326 0 34 4 233
344 0 15 4 234
344 0 38 4 235
348 0 54 4 236
343 0 55 4 237
344 0 66 4 238
345 0 78 4 239
349 0 30 4 240
344 0 27 4 241
354 0 39 4 242
357 0 25 4 243
350 0 50 4 244
354 0 25 4 245
361 0 45 4 246
362 0 60 4 247
360 0 25 4 248
364 0 25 4 249
363 0 47 4 250
368 0 31 4 251
371 0 22 4 252
370 0 27 4 253
369 0 49 4 254
374 0 84 4 255
370 0 68 4 256
375 0 65 4 257
376 0 19 4 258
379 0 44 4 259
378 0 58 4 260
379 0 51 4 261
383 0 11 4 262
384 0 24 4 263
383 0 36 4 264
387 0 18 4 265
390 0 58 4 266
394 0 25 4 267
391 0 34 4 268
390 0 68 4 269
395 0 64 4 270
393 0 66 4 271
398 0 55 4 272
396 0 78 4 273
400 0 37 4 274
401 0 76 4 275
404 0 22 4 276
403 0 28 4 277
403 0 47 4 278
407 0 26 4 279
407 0 71 4 280
71 0 226 4 281
72 0 209 4 282
71 0 237 4 283
75 0 197 4 284
71 0 250 4 285
77 0 183 4 286
77 0 266 4 287
84 0 171 4 288
78 0 273 4 289
87 0 288 4 290
95 0 153 4 291
92 0 297 4 292
95 0 145 4 293
102 0 229 4 294
106 0 211 4 295
103 0 248 4 296
109 0 192 4 297
102 0 308 4 298
104 0 261 4 299
113 0 131 4 300
114 0 179 4 301
117 0 278 4 302
109 0 313 4 303
123 0 123 4 304
121 0 162 4 305
120 0 283 4 306
132 0 114 4 307
138 0 150 4 308
125 0 325 4 309
146 0 108 4 310
133 0 296 4 311
150 0 139 4 312
139 0 330 4 313
157 0 101 4 314
150 0 307 4 315
163 0 135 4 316
168 0 100 4 317
158 0 338 4 318
165 0 314 4 319
186 0 125 4 320
191 0 94 4 321
177 0 342 4 322
180 0 317 4 323
203 0 122 4 324
198 0 319 4 325
233 0 341 4 326
216 0 97 4 327
224 0 125 4 328
249 0 343 4 329
234 0 92 4 330
254 0 313 4 331
248 0 132 4 332
265 0 339 4 333
256 0 101 4 334
264 0 313 4 335
263 0 136 4 336
277 0 336 4 337
271 0 105 4 338
287 0 301 4 339
294 0 325 4 340
279 0 141 4 341
288 0 115 4 342
298 0 293 4 343
301 0 325 4 344
295 0 152 4 345
315 0 273 4 346
316 0 313 4 347
304 0 125 4 348
306 0 169 4 349
319 0 263 4 350
314 0 136 4 351
316 0 188 4 352
325 0 305 4 353
324 0 245 4 354
324 0 208 4 355
326 0 226 4 356
331 0 148 4 357
335 0 293 4 358
339 0 164 4 359
344 0 278 4 360
349 0 268 4 361
347 0 183 4 362
351 0 255 4 363
355 0 201 4 364
356 0 237 4 365
353 0 222 4 366
234 9 203 4 367
228 16 206 4 368
211 17 212 4 369
198 13 214 4 370
196 5 219 4 371
197 -3 224 4 372
199 -10 226 4 373
209 -14 229 4 374
220 -13 233 4 375
227 -8 236 4 376
230 -1 241 4 377
230 5 243 4 378
223 10 248 4 379
214 11 252 4 380
205 9 255 4 381
199 4 257 4 382
200 0 262 4 383
198 -5 261 4 384
204 -8 266 4 385
220 -8 273 4 386
222 -5 278 4 387
227 -2 278 4 388
228 1 282 4 389
227 4 285 4 390
220 5 289 4 391
0 0 -1 4 392
43 0 1 4 393
87 0 -1 4 394
131 0 -1 4 395
178 0 2 4 396
230 0 -1 4 397
275 0 -1 4 398
318 0 -1 4 399
368 0 15 4 400
406 0 -1 4 401
426 0 20 4 402
426 0 60 4 403
426 0 107 4 404
426 0 151 4 405
426 0 194 4 406
426 0 234 4 407
426 0 275 4 408
426 0 316 4 409
426 0 357 4 410
386 0 357 4 411
345 0 357 4 412
306 0 355 4 413
267 0 352 4 414
185 0 357 4 415
141 0 357 4 416
100 0 355 4 417
61 0 357 4 418
20 0 357 4 419
0 0 336 4 420
0 0 295 4 421
0 0 254 4 422
0 0 214 4 423
0 0 173 4 424
0 0 128 4 425
0 0 83 4 426
0 0 40 4 427
