428
13 0 63 4 0
19 0 54 4 1
13 0 76 4 2
21 0 68 4 3
25 0 66 4 4
21 0 82 4 5
21 0 91 4 6
21 0 100 4 7
15 0 81 4 8
17 0 100 4 9
19 0 87 4 10
19 0 119 4 11
28 0 100 4 12
28 0 109 4 13
28 0 117 4 14
29 0 86 4 15
39 0 78 4 16
40 0 50 4 17
22 0 138 4 18
42 0 64 4 19
48 0 71 4 20
43 0 105 4 21
50 0 58 4 22
26 0 109 4 23
45 0 91 4 24
46 0 110 4 25
52 0 70 4 26
48 0 72 4 27
39 0 126 4 28
64 0 78 4 29
59 0 78 4 30
62 0 57 4 31
42 0 97 4 32
65 0 56 4 33
70 0 106 4 34
46 0 105 4 35
55 0 98 4 36
70 0 73 4 37
76 0 70 4 38
55 0 114 4 39
75 0 84 4 40
46 0 137 4 41
93 0 60 4 42
99 0 90 4 43
88 0 49 4 44
97 0 67 4 45
67 0 131 4 46
93 0 57 4 47
99 0 75 4 48
70 0 134 4 49
95 0 65 4 50
115 0 71 4 51
95 0 76 4 52
116 0 110 4 53
68 0 136 4 54
127 0 87 4 55
116 0 99 4 56
121 0 53 4 57
129 0 75 4 58
79 0 107 4 59
112 0 85 4 60
125 0 79 4 61
108 0 74 4 62
129 0 57 4 63
118 0 55 4 64
128 0 67 4 65
74 0 118 4 66
139 0 58 4 67
131 0 242 4 68
125 0 65 4 69
141 0 67 4 70
122 0 249 4 71
148 0 55 4 72
149 0 72 4 73
154 0 76 4 74
148 0 86 4 75
143 0 75 4 76
153 0 90 4 77
117 0 238 4 78
89 0 119 4 79
135 0 231 4 80
156 0 63 4 81
147 0 255 4 82
143 0 257 4 83
164 0 58 4 84
162 0 256 4 85
166 0 64 4 86
152 0 266 4 87
141 0 263 4 88
162 0 243 4 89
149 0 272 4 90
164 0 257 4 91
144 0 275 4 92
171 0 243 4 93
161 0 253 4 94
136 0 271 4 95
177 0 263 4 96
157 0 256 4 97
133 0 275 4 98
166 0 273 4 99
178 0 87 4 100
183 0 83 4 101
169 0 76 4 102
181 0 54 4 103
179 0 65 4 104
184 0 69 4 105
188 0 86 4 106
175 0 257 4 107
155 0 262 4 108
104 0 257 4 109
190 0 100 4 110
133 0 280 4 111
182 0 64 4 112
198 0 66 4 113
198 0 90 4 114
149 0 276 4 115
201 0 67 4 116
131 0 275 4 117
196 0 64 4 118
207 0 65 4 119
203 0 114 4 120
199 0 206 4 121
195 0 50 4 122
206 0 86 4 123
142 0 272 4 124
213 0 60 4 125
209 0 77 4 126
153 0 290 4 127
216 0 58 4 128
205 0 199 4 129
220 0 112 4 130
222 0 101 4 131
215 0 90 4 132
235 0 57 4 133
176 0 280 4 134
225 0 92 4 135
208 0 191 4 136
200 0 214 4 137
217 0 228 4 138
249 0 81 4 139
222 0 233 4 140
218 0 242 4 141
222 0 249 4 142
216 0 258 4 143
221 0 261 4 144
210 0 265 4 145
227 0 268 4 146
204 0 275 4 147
198 0 278 4 148
193 0 274 4 149
233 0 66 4 150
297 0 277 4 151
225 0 64 4 152
223 0 74 4 153
222 0 90 4 154
249 0 56 4 155
227 0 196 4 156
289 0 273 4 157
233 0 57 4 158
231 0 75 4 159
233 0 205 4 160
259 0 94 4 161
231 0 90 4 162
297 0 282 4 163
248 0 49 4 164
282 0 284 4 165
243 0 57 4 166
241 0 210 4 167
247 0 93 4 168
249 0 77 4 169
239 0 89 4 170
295 0 287 4 171
278 0 281 4 172
261 0 56 4 173
252 0 70 4 174
293 0 263 4 175
292 0 284 4 176
248 0 89 4 177
251 0 263 4 178
290 0 260 4 179
330 0 254 4 180
256 0 251 4 181
281 0 256 4 182
260 0 262 4 183
302 0 272 4 184
267 0 265 4 185
299 0 268 4 186
264 0 250 4 187
279 0 249 4 188
295 0 265 4 189
266 0 85 4 190
274 0 56 4 191
278 0 65 4 192
284 0 268 4 193
282 0 75 4 194
273 0 249 4 195
293 0 251 4 196
298 0 63 4 197
280 0 261 4 198
274 0 84 4 199
284 0 57 4 200
282 0 249 4 201
351 0 124 4 202
308 0 238 4 203
288 0 70 4 204
283 0 84 4 205
290 0 248 4 206
294 0 56 4 207
301 0 254 4 208
297 0 69 4 209
303 0 113 4 210
328 0 236 4 211
298 0 83 4 212
314 0 55 4 213
299 0 248 4 214
307 0 108 4 215
314 0 69 4 216
320 0 65 4 217
305 0 81 4 218
307 0 69 4 219
314 0 96 4 220
352 0 142 4 221
354 0 127 4 222
316 0 55 4 223
326 0 82 4 224
345 0 122 4 225
318 0 70 4 226
348 0 114 4 227
327 0 51 4 228
334 0 68 4 229
337 0 56 4 230
364 0 127 4 231
334 0 67 4 232
350 0 86 4 233
358 0 56 4 234
357 0 74 4 235
374 0 116 4 236
352 0 82 4 237
355 0 98 4 238
362 0 116 4 239
374 0 99 4 240
353 0 56 4 241
377 0 99 4 242
386 0 101 4 243
357 0 74 4 244
363 0 55 4 245
389 0 116 4 246
389 0 132 4 247
374 0 67 4 248
390 0 97 4 249
382 0 99 4 250
376 0 58 4 251
384 0 65 4 252
381 0 62 4 253
376 0 73 4 254
395 0 140 4 255
375 0 89 4 256
388 0 103 4 257
385 0 52 4 258
398 0 102 4 259
389 0 96 4 260
390 0 88 4 261
394 0 48 4 262
400 0 74 4 263
391 0 66 4 264
402 0 62 4 265
411 0 122 4 266
413 0 84 4 267
400 0 66 4 268
395 0 92 4 269
414 0 120 4 270
405 0 104 4 271
415 0 110 4 272
406 0 115 4 273
416 0 84 4 274
409 0 105 4 275
418 0 72 4 276
410 0 57 4 277
410 0 73 4 278
420 0 68 4 279
412 0 94 4 280
65 0 237 4 281
65 0 219 4 282
60 0 243 4 283
75 0 213 4 284
56 0 250 4 285
72 0 201 4 286
67 0 269 4 287
80 0 190 4 288
51 0 259 4 289
66 0 281 4 290
94 0 174 4 291
58 0 275 4 292
68 0 180 4 293
94 0 239 4 294
110 0 230 4 295
86 0 249 4 296
111 0 210 4 297
68 0 285 4 298
72 0 247 4 299
106 0 157 4 300
108 0 203 4 301
98 0 276 4 302
59 0 270 4 303
115 0 147 4 304
103 0 182 4 305
72 0 255 4 306
121 0 136 4 307
142 0 171 4 308
84 0 294 4 309
146 0 130 4 310
87 0 270 4 311
147 0 160 4 312
82 0 283 4 313
154 0 121 4 314
110 0 285 4 315
156 0 171 4 316
156 0 133 4 317
105 0 301 4 318
128 0 294 4 319
197 0 152 4 320
196 0 117 4 321
119 0 302 4 322
129 0 290 4 323
205 0 144 4 324
150 0 297 4 325
306 0 296 4 326
222 0 138 4 327
228 0 159 4 328
314 0 303 4 329
239 0 111 4 330
326 0 273 4 331
265 0 177 4 332
331 0 295 4 333
274 0 140 4 334
310 0 294 4 335
276 0 173 4 336
333 0 299 4 337
281 0 129 4 338
338 0 276 4 339
362 0 273 4 340
285 0 168 4 341
291 0 140 4 342
332 0 283 4 343
345 0 300 4 344
307 0 173 4 345
365 0 249 4 346
366 0 283 4 347
311 0 145 4 348
314 0 187 4 349
346 0 262 4 350
315 0 158 4 351
322 0 205 4 352
362 0 290 4 353
344 0 253 4 354
336 0 221 4 355
340 0 237 4 356
355 0 172 4 357
371 0 278 4 358
358 0 187 4 359
380 0 261 4 360
374 0 265 4 361
359 0 203 4 362
365 0 264 4 363
378 0 207 4 364
378 0 239 4 365
363 0 235 4 366
247 5 219 4 367
252 8 218 4 368
212 8 230 4 369
187 6 224 4 370
195 2 234 4 371
200 -1 242 4 372
192 -5 237 4 373
206 -7 239 4 374
229 -6 241 4 375
237 -4 243 4 376
238 0 251 4 377
243 2 246 4 378
230 5 255 4 379
213 5 257 4 380
200 4 258 4 381
188 2 254 4 382
193 0 262 4 383
177 -2 242 4 384
184 -4 249 4 385
237 -4 267 4 386
236 -2 276 4 387
250 -1 264 4 388
255 0 266 4 389
259 2 268 4 390
242 2 270 4 391
4 0 42 4 392
38 0 49 4 393
80 0 42 4 394
118 0 42 4 395
171 0 55 4 396
252 0 42 4 397
296 0 42 4 398
334 0 42 4 399
400 0 110 4 400
416 0 42 4 401
430 0 55 4 402
430 0 81 4 403
430 0 131 4 404
430 0 175 4 405
430 0 212 4 406
430 0 238 4 407
430 0 264 4 408
430 0 290 4 409
430 0 316 4 410
404 0 316 4 411
378 0 316 4 412
361 0 309 4 413
341 0 294 4 414
127 0 316 4 415
89 0 316 4 416
62 0 309 4 417
43 0 316 4 418
17 0 316 4 419
4 0 303 4 420
4 0 277 4 421
4 0 251 4 422
4 0 225 4 423
4 0 193 4 424
4 0 150 4 425
4 0 106 4 426
4 0 68 4 427
