428
17 0 26 4 0
19 0 28 4 1
17 0 41 4 2
20 0 44 4 3
21 0 49 4 4
20 0 59 4 5
20 0 68 4 6
20 0 78 4 7
22 0 33 4 8
26 0 50 4 9
28 0 34 4 10
28 0 66 4 11
31 0 64 4 12
31 0 71 4 13
31 0 79 4 14
34 0 45 4 15
39 0 52 4 16
41 0 20 4 17
35 0 84 4 18
42 0 36 4 19
47 0 48 4 20
47 0 73 4 21
50 0 34 4 22
42 0 40 4 23
50 0 55 4 24
52 0 74 4 25
55 0 38 4 26
55 0 27 4 27
52 0 73 4 28
61 0 61 4 29
60 0 52 4 30
62 0 33 4 31
57 0 36 4 32
70 0 22 4 33
73 0 81 4 34
65 0 43 4 35
68 0 45 4 36
74 0 42 4 37
76 0 46 4 38
68 0 67 4 39
75 0 62 4 40
65 0 87 4 41
93 0 38 4 42
96 0 73 4 43
93 0 19 4 44
99 0 41 4 45
89 0 83 4 46
99 0 23 4 47
104 0 46 4 48
95 0 81 4 49
105 0 27 4 50
116 0 48 4 51
110 0 34 4 52
119 0 81 4 53
104 0 69 4 54
125 0 69 4 55
122 0 69 4 56
125 0 26 4 57
128 0 57 4 58
111 0 48 4 59
123 0 49 4 60
128 0 53 4 61
125 0 33 4 62
132 0 33 4 63
129 0 19 4 64
132 0 41 4 65
115 0 45 4 66
141 0 35 4 67
138 0 236 4 68
136 0 29 4 69
142 0 41 4 70
136 0 249 4 71
148 0 30 4 72
149 0 51 4 73
150 0 57 4 74
148 0 67 4 75
147 0 46 4 76
151 0 74 4 77
139 0 244 4 78
130 0 47 4 79
146 0 233 4 80
155 0 44 4 81
153 0 250 4 82
153 0 254 4 83
161 0 26 4 84
160 0 242 4 85
163 0 45 4 86
159 0 261 4 87
157 0 264 4 88
166 0 237 4 89
162 0 271 4 90
170 0 253 4 91
163 0 277 4 92
174 0 238 4 93
170 0 255 4 94
162 0 278 4 95
178 0 255 4 96
171 0 261 4 97
164 0 286 4 98
176 0 272 4 99
181 0 57 4 100
183 0 60 4 101
179 0 31 4 102
183 0 28 4 103
182 0 37 4 104
184 0 44 4 105
185 0 66 4 106
181 0 253 4 107
174 0 272 4 108
157 0 284 4 109
188 0 76 4 110
171 0 295 4 111
189 0 27 4 112
195 0 49 4 113
195 0 73 4 114
178 0 287 4 115
199 0 41 4 116
175 0 296 4 117
198 0 36 4 118
203 0 47 4 119
201 0 82 4 120
200 0 192 4 121
199 0 21 4 122
203 0 67 4 123
181 0 291 4 124
207 0 29 4 125
206 0 59 4 126
187 0 303 4 127
210 0 34 4 128
206 0 190 4 129
213 0 67 4 130
214 0 59 4 131
211 0 73 4 132
219 0 23 4 133
199 0 295 4 134
217 0 53 4 135
211 0 187 4 136
208 0 201 4 137
214 0 210 4 138
225 0 42 4 139
217 0 220 4 140
215 0 227 4 141
217 0 239 4 142
214 0 246 4 143
216 0 250 4 144
212 0 259 4 145
219 0 264 4 146
210 0 276 4 147
208 0 281 4 148
206 0 283 4 149
221 0 40 4 150
243 0 299 4 151
220 0 46 4 152
220 0 53 4 153
220 0 73 4 154
228 0 22 4 155
221 0 188 4 156
243 0 292 4 157
225 0 33 4 158
225 0 57 4 159
227 0 191 4 160
237 0 56 4 161
227 0 73 4 162
250 0 299 4 163
234 0 19 4 164
246 0 293 4 165
233 0 32 4 166
233 0 192 4 167
236 0 68 4 168
238 0 50 4 169
234 0 72 4 170
254 0 298 4 171
248 0 286 4 172
244 0 21 4 173
242 0 48 4 174
257 0 275 4 175
257 0 293 4 176
242 0 71 4 177
244 0 254 4 178
259 0 268 4 179
273 0 278 4 180
248 0 242 4 181
258 0 261 4 182
251 0 253 4 183
266 0 280 4 184
255 0 259 4 185
268 0 274 4 186
257 0 241 4 187
262 0 249 4 188
269 0 267 4 189
260 0 64 4 190
265 0 31 4 191
266 0 38 4 192
268 0 263 4 193
268 0 47 4 194
265 0 239 4 195
273 0 253 4 196
276 0 25 4 197
270 0 252 4 198
268 0 63 4 199
273 0 32 4 200
273 0 238 4 201
298 0 49 4 202
284 0 243 4 203
278 0 46 4 204
277 0 63 4 205
281 0 237 4 206
283 0 32 4 207
286 0 248 4 208
287 0 44 4 209
289 0 81 4 210
298 0 241 4 211
289 0 61 4 212
295 0 20 4 213
290 0 237 4 214
294 0 81 4 215
297 0 35 4 216
300 0 27 4 217
296 0 56 4 218
297 0 44 4 219
299 0 68 4 220
313 0 90 4 221
317 0 70 4 222
305 0 29 4 223
309 0 48 4 224
316 0 75 4 225
309 0 48 4 226
322 0 72 4 227
315 0 23 4 228
318 0 34 4 229
322 0 21 4 230
334 0 76 4 231
324 0 41 4 232
330 0 42 4 233
346 0 22 4 234
346 0 44 4 235
352 0 64 4 236
345 0 60 4 237
346 0 71 4 238
348 0 84 4 239
353 0 41 4 240
345 0 32 4 241
358 0 49 4 242
362 0 37 4 243
351 0 54 4 244
356 0 30 4 245
366 0 56 4 246
367 0 71 4 247
362 0 31 4 248
368 0 36 4 249
366 0 55 4 250
369 0 35 4 251
373 0 29 4 252
372 0 32 4 253
370 0 53 4 254
377 0 93 4 255
371 0 71 4 256
377 0 71 4 257
378 0 24 4 258
382 0 53 4 259
380 0 64 4 260
380 0 57 4 261
384 0 17 4 262
387 0 32 4 263
384 0 40 4 264
389 0 25 4 265
393 0 68 4 266
397 0 34 4 267
392 0 39 4 268
391 0 71 4 269
398 0 73 4 270
395 0 72 4 271
400 0 64 4 272
397 0 84 4 273
403 0 44 4 274
402 0 81 4 275
406 0 30 4 276
404 0 32 4 277
404 0 51 4 278
409 0 33 4 279
408 0 75 4 280
70 0 228 4 281
71 0 211 4 282
69 0 238 4 283
75 0 200 4 284
69 0 250 4 285
76 0 186 4 286
75 0 266 4 287
83 0 174 4 288
73 0 271 4 289
83 0 287 4 290
95 0 157 4 291
86 0 294 4 292
91 0 150 4 293
101 0 230 4 294
107 0 214 4 295
100 0 248 4 296
109 0 195 4 297
97 0 304 4 298
99 0 259 4 299
112 0 135 4 300
113 0 182 4 301
114 0 278 4 302
101 0 306 4 303
122 0 127 4 304
118 0 166 4 305
112 0 279 4 306
131 0 118 4 307
139 0 153 4 308
119 0 320 4 309
146 0 111 4 310
126 0 292 4 311
150 0 143 4 312
130 0 322 4 313
157 0 104 4 314
143 0 303 4 315
162 0 141 4 316
166 0 105 4 317
150 0 333 4 318
160 0 311 4 319
188 0 130 4 320
192 0 98 4 321
168 0 336 4 322
172 0 312 4 323
203 0 125 4 324
191 0 315 4 325
244 0 334 4 326
217 0 103 4 327
225 0 131 4 328
259 0 337 4 329
235 0 95 4 330
265 0 307 4 331
251 0 139 4 332
275 0 332 4 333
259 0 107 4 334
271 0 310 4 335
265 0 141 4 336
286 0 330 4 337
273 0 109 4 338
295 0 297 4 339
305 0 317 4 340
280 0 146 4 341
289 0 119 4 342
303 0 291 4 343
308 0 321 4 344
297 0 156 4 345
323 0 270 4 346
324 0 308 4 347
305 0 128 4 348
307 0 172 4 349
323 0 263 4 350
314 0 139 4 351
317 0 190 4 352
331 0 303 4 353
327 0 246 4 354
326 0 210 4 355
328 0 228 4 356
335 0 152 4 357
341 0 291 4 358
342 0 168 4 359
350 0 276 4 360
353 0 268 4 361
349 0 186 4 362
354 0 257 4 363
359 0 202 4 364
359 0 237 4 365
355 0 224 4 366
236 9 206 4 367
232 15 208 4 368
212 16 215 4 369
196 12 215 4 370
195 5 221 4 371
197 -3 227 4 372
198 -9 228 4 373
208 -13 231 4 374
222 -12 234 4 375
229 -8 237 4 376
231 -1 243 4 377
232 4 244 4 378
224 9 249 4 379
214 10 253 4 380
205 8 256 4 381
198 4 257 4 382
199 0 262 4 383
195 -5 258 4 384
201 -7 263 4 385
222 -7 272 4 386
225 -5 278 4 387
231 -1 276 4 388
232 1 279 4 389
232 4 283 4 390
224 5 286 4 391
1 0 6 4 392
42 0 8 4 393
86 0 6 4 394
129 0 6 4 395
177 0 10 4 396
234 0 6 4 397
278 0 6 4 398
321 0 6 4 399
373 0 30 4 400
408 0 6 4 401
427 0 25 4 402
427 0 64 4 403
427 0 110 4 404
427 0 155 4 405
427 0 197 4 406
427 0 235 4 407
427 0 273 4 408
427 0 312 4 409
427 0 350 4 410
389 0 350 4 411
350 0 350 4 412
315 0 348 4 413
279 0 342 4 414
176 0 350 4 415
133 0 350 4 416
94 0 348 4 417
58 0 350 4 418
20 0 350 4 419
1 0 331 4 420
1 0 292 4 421
1 0 254 4 422
1 0 216 4 423
1 0 176 4 424
1 0 131 4 425
1 0 87 4 426
1 0 44 4 427
