428
18 0 21 4 0
19 0 25 4 1
18 0 36 4 2
20 0 40 4 3
21 0 46 4 4
20 0 56 4 5
20 0 65 4 6
20 0 75 4 7
23 0 26 4 8
27 0 43 4 9
30 0 27 4 10
30 0 58 4 11
32 0 59 4 12
32 0 66 4 13
32 0 73 4 14
35 0 39 4 15
39 0 48 4 16
41 0 16 4 17
37 0 77 4 18
42 0 32 4 19
47 0 45 4 20
47 0 68 4 21
50 0 31 4 22
44 0 30 4 23
51 0 50 4 24
52 0 69 4 25
55 0 33 4 26
56 0 21 4 27
54 0 66 4 28
61 0 58 4 29
60 0 48 4 30
62 0 30 4 31
59 0 27 4 32
71 0 17 4 33
73 0 77 4 34
68 0 34 4 35
70 0 38 4 36
74 0 37 4 37
76 0 43 4 38
70 0 61 4 39
75 0 59 4 40
68 0 79 4 41
93 0 35 4 42
96 0 70 4 43
94 0 14 4 44
99 0 38 4 45
93 0 76 4 46
100 0 18 4 47
105 0 42 4 48
99 0 74 4 49
106 0 22 4 50
116 0 45 4 51
112 0 28 4 52
119 0 77 4 53
109 0 59 4 54
124 0 66 4 55
123 0 64 4 56
126 0 22 4 57
128 0 54 4 58
116 0 40 4 59
124 0 44 4 60
129 0 50 4 61
127 0 27 4 62
132 0 30 4 63
130 0 14 4 64
133 0 38 4 65
121 0 34 4 66
141 0 32 4 67
139 0 235 4 68
138 0 24 4 69
142 0 38 4 70
138 0 249 4 71
148 0 26 4 72
149 0 48 4 73
150 0 55 4 74
148 0 64 4 75
148 0 42 4 76
150 0 72 4 77
142 0 245 4 78
136 0 37 4 79
147 0 233 4 80
155 0 41 4 81
154 0 249 4 82
155 0 254 4 83
161 0 21 4 84
160 0 240 4 85
163 0 43 4 86
160 0 260 4 87
159 0 264 4 88
166 0 237 4 89
164 0 271 4 90
170 0 252 4 91
165 0 277 4 92
174 0 237 4 93
172 0 256 4 94
166 0 280 4 95
178 0 254 4 96
173 0 262 4 97
168 0 287 4 98
178 0 272 4 99
181 0 52 4 100
183 0 57 4 101
180 0 25 4 102
183 0 25 4 103
182 0 33 4 104
184 0 41 4 105
185 0 63 4 106
182 0 252 4 107
177 0 274 4 108
165 0 288 4 109
187 0 72 4 110
177 0 298 4 111
190 0 21 4 112
195 0 46 4 113
195 0 71 4 114
182 0 289 4 115
198 0 38 4 116
181 0 299 4 117
199 0 32 4 118
202 0 44 4 119
201 0 77 4 120
200 0 190 4 121
200 0 17 4 122
203 0 64 4 123
186 0 293 4 124
206 0 25 4 125
206 0 56 4 126
192 0 304 4 127
209 0 31 4 128
206 0 188 4 129
212 0 61 4 130
213 0 53 4 131
211 0 71 4 132
217 0 18 4 133
202 0 298 4 134
216 0 47 4 135
211 0 186 4 136
209 0 200 4 137
214 0 207 4 138
222 0 36 4 139
216 0 218 4 140
215 0 225 4 141
216 0 237 4 142
214 0 244 4 143
216 0 249 4 144
213 0 258 4 145
217 0 263 4 146
211 0 276 4 147
210 0 281 4 148
208 0 285 4 149
220 0 37 4 150
236 0 302 4 151
220 0 44 4 152
219 0 50 4 153
219 0 70 4 154
225 0 17 4 155
220 0 187 4 156
236 0 295 4 157
224 0 30 4 158
224 0 54 4 159
226 0 189 4 160
233 0 50 4 161
226 0 70 4 162
243 0 302 4 163
232 0 14 4 164
241 0 294 4 165
232 0 29 4 166
232 0 189 4 167
235 0 64 4 168
236 0 46 4 169
233 0 69 4 170
248 0 299 4 171
244 0 287 4 172
241 0 16 4 173
241 0 44 4 174
252 0 276 4 175
251 0 294 4 176
242 0 68 4 177
242 0 253 4 178
255 0 269 4 179
265 0 282 4 180
247 0 241 4 181
255 0 262 4 182
250 0 252 4 183
261 0 281 4 184
253 0 258 4 185
264 0 274 4 186
256 0 239 4 187
259 0 249 4 188
265 0 268 4 189
260 0 61 4 190
263 0 27 4 191
264 0 34 4 192
266 0 262 4 193
266 0 43 4 194
264 0 237 4 195
270 0 253 4 196
272 0 19 4 197
268 0 250 4 198
268 0 60 4 199
272 0 29 4 200
272 0 237 4 201
290 0 39 4 202
280 0 244 4 203
277 0 43 4 204
277 0 60 4 205
280 0 236 4 206
282 0 28 4 207
283 0 247 4 208
286 0 41 4 209
287 0 76 4 210
294 0 242 4 211
288 0 58 4 212
293 0 15 4 213
289 0 236 4 214
292 0 77 4 215
294 0 30 4 216
297 0 22 4 217
294 0 53 4 218
295 0 41 4 219
297 0 64 4 220
307 0 83 4 221
311 0 62 4 222
303 0 26 4 223
306 0 43 4 224
312 0 68 4 225
308 0 44 4 226
318 0 66 4 227
314 0 19 4 228
316 0 29 4 229
320 0 16 4 230
329 0 69 4 231
322 0 38 4 232
327 0 36 4 233
344 0 17 4 234
345 0 39 4 235
349 0 57 4 236
344 0 56 4 237
344 0 67 4 238
346 0 80 4 239
350 0 32 4 240
344 0 28 4 241
355 0 41 4 242
358 0 28 4 243
351 0 51 4 244
355 0 26 4 245
362 0 48 4 246
363 0 62 4 247
360 0 26 4 248
365 0 27 4 249
364 0 49 4 250
368 0 32 4 251
372 0 24 4 252
371 0 28 4 253
370 0 50 4 254
374 0 86 4 255
370 0 68 4 256
376 0 66 4 257
376 0 20 4 258
380 0 46 4 259
378 0 60 4 260
379 0 52 4 261
383 0 13 4 262
385 0 26 4 263
383 0 37 4 264
387 0 19 4 265
390 0 60 4 266
395 0 27 4 267
391 0 35 4 268
390 0 68 4 269
396 0 66 4 270
393 0 67 4 271
398 0 57 4 272
396 0 80 4 273
401 0 38 4 274
401 0 77 4 275
404 0 24 4 276
404 0 29 4 277
404 0 48 4 278
408 0 27 4 279
407 0 72 4 280
71 0 226 4 281
71 0 210 4 282
70 0 237 4 283
75 0 198 4 284
71 0 250 4 285
77 0 183 4 286
76 0 266 4 287
84 0 171 4 288
77 0 273 4 289
86 0 288 4 290
95 0 154 4 291
90 0 296 4 292
94 0 146 4 293
102 0 229 4 294
107 0 212 4 295
102 0 248 4 296
109 0 193 4 297
101 0 307 4 298
103 0 260 4 299
113 0 132 4 300
114 0 180 4 301
116 0 278 4 302
107 0 311 4 303
123 0 124 4 304
121 0 163 4 305
118 0 282 4 306
132 0 115 4 307
139 0 151 4 308
124 0 324 4 309
146 0 109 4 310
131 0 295 4 311
150 0 140 4 312
137 0 328 4 313
157 0 102 4 314
148 0 306 4 315
163 0 136 4 316
167 0 101 4 317
156 0 337 4 318
164 0 313 4 319
187 0 126 4 320
191 0 95 4 321
175 0 341 4 322
178 0 316 4 323
203 0 123 4 324
197 0 318 4 325
236 0 340 4 326
216 0 98 4 327
225 0 127 4 328
251 0 341 4 329
234 0 93 4 330
256 0 312 4 331
249 0 133 4 332
267 0 337 4 333
257 0 102 4 334
266 0 312 4 335
264 0 137 4 336
279 0 335 4 337
272 0 106 4 338
288 0 300 4 339
297 0 323 4 340
279 0 142 4 341
288 0 116 4 342
299 0 292 4 343
303 0 324 4 344
295 0 153 4 345
317 0 273 4 346
318 0 312 4 347
305 0 125 4 348
306 0 170 4 349
320 0 263 4 350
314 0 137 4 351
316 0 188 4 352
327 0 304 4 353
325 0 245 4 354
325 0 208 4 355
326 0 226 4 356
332 0 149 4 357
336 0 292 4 358
340 0 165 4 359
345 0 278 4 360
350 0 268 4 361
347 0 184 4 362
352 0 255 4 363
356 0 201 4 364
357 0 237 4 365
354 0 222 4 366
235 9 204 4 367
229 16 206 4 368
211 17 213 4 369
198 13 214 4 370
195 5 219 4 371
197 -3 225 4 372
199 -10 226 4 373
208 -14 230 4 374
220 -13 233 4 375
228 -8 237 4 376
230 -1 242 4 377
230 5 243 4 378
223 9 249 4 379
214 11 252 4 380
205 9 255 4 381
199 4 257 4 382
200 0 262 4 383
198 -5 260 4 384
203 -8 265 4 385
220 -8 273 4 386
223 -5 278 4 387
228 -1 278 4 388
229 1 281 4 389
228 4 285 4 390
221 5 288 4 391
1 0 1 4 392
43 0 2 4 393
87 0 1 4 394
130 0 1 4 395
177 0 4 4 396
231 0 1 4 397
276 0 1 4 398
319 0 1 4 399
369 0 18 4 400
407 0 1 4 401
427 0 21 4 402
427 0 61 4 403
427 0 107 4 404
427 0 152 4 405
427 0 194 4 406
427 0 235 4 407
427 0 275 4 408
427 0 315 4 409
427 0 355 4 410
386 0 355 4 411
346 0 355 4 412
308 0 353 4 413
270 0 349 4 414
183 0 355 4 415
139 0 355 4 416
99 0 353 4 417
60 0 355 4 418
20 0 355 4 419
1 0 335 4 420
1 0 295 4 421
1 0 254 4 422
1 0 214 4 423
1 0 173 4 424
1 0 129 4 425
1 0 84 4 426
1 0 41 4 427
