428
10 0 84 4 0
18 0 70 4 1
10 0 96 4 2
22 0 83 4 3
26 0 76 4 4
22 0 95 4 5
22 0 104 4 6
22 0 113 4 7
11 0 109 4 8
12 0 130 4 9
13 0 118 4 10
13 0 150 4 11
25 0 122 4 12
25 0 131 4 13
25 0 139 4 14
26 0 110 4 15
39 0 93 4 16
40 0 67 4 17
15 0 170 4 18
41 0 81 4 19
49 0 84 4 20
41 0 124 4 21
50 0 71 4 22
17 0 150 4 23
42 0 112 4 24
43 0 131 4 25
50 0 90 4 26
44 0 98 4 27
31 0 157 4 28
66 0 88 4 29
58 0 93 4 30
61 0 71 4 31
33 0 133 4 32
62 0 76 4 33
69 0 120 4 34
35 0 141 4 35
47 0 129 4 36
68 0 91 4 37
77 0 83 4 38
47 0 141 4 39
75 0 97 4 40
35 0 167 4 41
93 0 73 4 42
100 0 100 4 43
86 0 67 4 44
96 0 82 4 45
54 0 159 4 46
90 0 77 4 47
96 0 92 4 48
55 0 165 4 49
90 0 87 4 50
114 0 84 4 51
86 0 101 4 52
114 0 128 4 53
46 0 175 4 54
128 0 98 4 55
113 0 117 4 56
118 0 69 4 57
130 0 86 4 58
60 0 142 4 59
105 0 106 4 60
122 0 94 4 61
98 0 99 4 62
127 0 71 4 63
111 0 76 4 64
125 0 82 4 65
50 0 161 4 66
138 0 72 4 67
127 0 246 4 68
118 0 87 4 69
141 0 82 4 70
113 0 249 4 71
148 0 70 4 72
149 0 85 4 73
156 0 87 4 74
147 0 98 4 75
141 0 92 4 76
154 0 100 4 77
104 0 234 4 78
65 0 161 4 79
129 0 230 4 80
157 0 74 4 81
144 0 258 4 82
137 0 259 4 83
165 0 78 4 84
163 0 264 4 85
167 0 75 4 86
147 0 270 4 87
132 0 262 4 88
160 0 246 4 89
141 0 273 4 90
161 0 259 4 91
133 0 274 4 92
169 0 246 4 93
155 0 251 4 94
121 0 266 4 95
176 0 268 4 96
149 0 253 4 97
115 0 268 4 98
160 0 273 4 99
176 0 105 4 100
183 0 96 4 101
164 0 103 4 102
181 0 70 4 103
178 0 81 4 104
185 0 83 4 105
190 0 98 4 106
171 0 259 4 107
143 0 256 4 108
73 0 242 4 109
191 0 115 4 110
111 0 271 4 111
178 0 86 4 112
199 0 76 4 113
199 0 100 4 114
132 0 269 4 115
202 0 82 4 116
105 0 263 4 117
195 0 80 4 118
209 0 75 4 119
204 0 134 4 120
198 0 214 4 121
193 0 68 4 122
208 0 98 4 123
120 0 261 4 124
217 0 78 4 125
210 0 87 4 126
132 0 282 4 127
219 0 71 4 128
204 0 205 4 129
224 0 138 4 130
227 0 125 4 131
217 0 100 4 132
245 0 77 4 133
163 0 271 4 134
230 0 116 4 135
207 0 193 4 136
195 0 222 4 137
219 0 238 4 138
264 0 105 4 139
225 0 241 4 140
219 0 251 4 141
225 0 255 4 142
217 0 266 4 143
224 0 267 4 144
209 0 269 4 145
233 0 271 4 146
201 0 274 4 147
192 0 276 4 148
185 0 268 4 149
239 0 82 4 150
329 0 264 4 151
229 0 75 4 152
226 0 85 4 153
225 0 100 4 154
261 0 76 4 155
230 0 201 4 156
316 0 262 4 157
238 0 71 4 158
234 0 86 4 159
236 0 213 4 160
272 0 116 4 161
233 0 100 4 162
325 0 272 4 163
256 0 67 4 164
302 0 279 4 165
248 0 71 4 166
245 0 220 4 167
253 0 108 4 168
256 0 93 4 169
242 0 99 4 170
320 0 280 4 171
295 0 277 4 172
272 0 76 4 173
258 0 84 4 174
314 0 257 4 175
313 0 279 4 176
251 0 99 4 177
256 0 268 4 178
308 0 255 4 179
364 0 239 4 180
260 0 256 4 181
295 0 253 4 182
265 0 268 4 183
323 0 267 4 184
274 0 269 4 185
317 0 265 4 186
269 0 255 4 187
290 0 249 4 188
311 0 263 4 189
269 0 97 4 190
280 0 70 4 191
284 0 81 4 192
293 0 270 4 193
290 0 92 4 194
278 0 255 4 195
306 0 250 4 196
311 0 86 4 197
286 0 267 4 198
277 0 97 4 199
290 0 71 4 200
287 0 255 4 201
383 0 168 4 202
322 0 235 4 203
294 0 83 4 204
286 0 97 4 205
295 0 255 4 206
301 0 71 4 207
309 0 258 4 208
303 0 83 4 209
311 0 132 4 210
345 0 234 4 211
303 0 96 4 212
325 0 76 4 213
304 0 255 4 214
315 0 124 4 215
324 0 89 4 216
331 0 87 4 217
311 0 95 4 218
313 0 83 4 219
323 0 113 4 220
375 0 173 4 221
377 0 161 4 222
322 0 70 4 223
337 0 102 4 224
362 0 150 4 225
323 0 84 4 226
364 0 139 4 227
333 0 68 4 228
343 0 88 4 229
346 0 76 4 230
382 0 156 4 231
340 0 82 4 232
362 0 112 4 233
365 0 76 4 234
364 0 91 4 235
387 0 146 4 236
357 0 96 4 237
361 0 113 4 238
370 0 134 4 239
387 0 133 4 240
357 0 71 4 241
389 0 129 4 242
401 0 139 4 243
360 0 86 4 244
368 0 70 4 245
402 0 151 4 246
402 0 168 4 247
381 0 88 4 248
403 0 132 4 249
391 0 124 4 250
379 0 72 4 251
391 0 87 4 252
386 0 79 4 253
379 0 85 4 254
405 0 168 4 255
377 0 99 4 256
394 0 123 4 257
390 0 69 4 258
407 0 131 4 259
395 0 114 4 260
395 0 106 4 261
399 0 66 4 262
408 0 99 4 263
395 0 82 4 264
409 0 84 4 265
421 0 154 4 266
423 0 113 4 267
404 0 81 4 268
398 0 103 4 269
423 0 147 4 270
411 0 124 4 271
424 0 137 4 272
411 0 133 4 273
424 0 108 4 274
413 0 120 4 275
425 0 96 4 276
413 0 71 4 277
413 0 86 4 278
426 0 90 4 279
414 0 105 4 280
62 0 243 4 281
62 0 224 4 282
55 0 246 4 283
74 0 221 4 284
49 0 250 4 285
70 0 210 4 286
62 0 271 4 287
77 0 200 4 288
38 0 251 4 289
57 0 277 4 290
93 0 183 4 291
41 0 264 4 292
54 0 196 4 293
90 0 244 4 294
111 0 239 4 295
77 0 249 4 296
112 0 219 4 297
51 0 274 4 298
56 0 241 4 299
103 0 170 4 300
105 0 216 4 301
88 0 275 4 302
34 0 249 4 303
111 0 159 4 304
95 0 192 4 305
49 0 241 4 306
116 0 147 4 307
143 0 181 4 308
63 0 279 4 309
146 0 141 4 310
64 0 257 4 311
145 0 170 4 312
54 0 260 4 313
152 0 131 4 314
90 0 274 4 315
152 0 187 4 316
150 0 149 4 317
79 0 282 4 318
109 0 284 4 319
202 0 166 4 320
198 0 128 4 321
90 0 283 4 322
104 0 276 4 323
206 0 155 4 324
126 0 286 4 325
342 0 274 4 326
225 0 158 4 327
229 0 175 4 328
346 0 283 4 329
241 0 121 4 330
362 0 254 4 331
274 0 199 4 332
364 0 273 4 333
283 0 159 4 334
333 0 284 4 335
282 0 191 4 336
361 0 281 4 337
286 0 141 4 338
363 0 263 4 339
396 0 248 4 340
288 0 181 4 341
292 0 153 4 342
349 0 279 4 343
366 0 287 4 344
313 0 182 4 345
390 0 238 4 346
390 0 268 4 347
314 0 155 4 348
318 0 196 4 349
359 0 262 4 350
316 0 169 4 351
325 0 213 4 352
381 0 282 4 353
353 0 257 4 354
342 0 228 4 355
347 0 243 4 356
366 0 183 4 357
389 0 270 4 358
367 0 199 4 359
398 0 252 4 360
386 0 263 4 361
365 0 213 4 362
372 0 269 4 363
389 0 211 4 364
389 0 240 4 365
368 0 242 4 366
254 2 227 4 367
263 4 224 4 368
212 4 239 4 369
181 3 230 4 370
194 1 241 4 371
201 0 251 4 372
189 -2 243 4 373
204 -3 244 4 374
233 -3 245 4 375
242 -2 246 4 376
242 0 256 4 377
249 1 248 4 378
234 2 258 4 379
212 3 259 4 380
197 2 260 4 381
182 1 252 4 382
189 0 262 4 383
166 -1 233 4 384
175 -2 241 4 385
246 -2 265 4 386
242 -1 275 4 387
262 0 257 4 388
268 0 258 4 389
275 1 259 4 390
253 1 260 4 391
5 0 63 4 392
35 0 72 4 393
76 0 63 4 394
111 0 63 4 395
168 0 82 4 396
264 0 63 4 397
307 0 63 4 398
342 0 63 4 399
416 0 158 4 400
421 0 63 4 401
431 0 72 4 402
431 0 91 4 403
431 0 143 4 404
431 0 185 4 405
431 0 221 4 406
431 0 239 4 407
431 0 258 4 408
431 0 277 4 409
431 0 296 4 410
412 0 296 4 411
394 0 296 4 412
388 0 286 4 413
377 0 265 4 414
98 0 296 4 415
63 0 296 4 416
44 0 286 4 417
34 0 296 4 418
15 0 296 4 419
5 0 287 4 420
5 0 268 4 421
5 0 249 4 422
5 0 230 4 423
5 0 203 4 424
5 0 161 4 425
5 0 117 4 426
5 0 82 4 427
