428
9 0 90 4 0
18 0 73 4 1
9 0 101 4 2
22 0 86 4 3
27 0 78 4 4
22 0 98 4 5
22 0 107 4 6
22 0 116 4 7
10 0 116 4 8
11 0 137 4 9
12 0 125 4 10
12 0 157 4 11
25 0 127 4 12
25 0 136 4 13
25 0 145 4 14
25 0 116 4 15
39 0 97 4 16
40 0 72 4 17
13 0 178 4 18
41 0 85 4 19
49 0 87 4 20
41 0 128 4 21
50 0 75 4 22
15 0 160 4 23
41 0 117 4 24
42 0 136 4 25
50 0 94 4 26
43 0 104 4 27
30 0 164 4 28
66 0 90 4 29
58 0 97 4 30
61 0 75 4 31
31 0 142 4 32
61 0 81 4 33
68 0 124 4 34
32 0 150 4 35
46 0 136 4 36
68 0 95 4 37
77 0 87 4 38
46 0 148 4 39
75 0 100 4 40
32 0 174 4 41
93 0 76 4 42
101 0 102 4 43
85 0 71 4 44
96 0 86 4 45
50 0 166 4 46
89 0 82 4 47
95 0 96 4 48
52 0 172 4 49
89 0 92 4 50
114 0 87 4 51
84 0 107 4 52
114 0 132 4 53
41 0 183 4 54
128 0 101 4 55
112 0 121 4 56
117 0 73 4 57
130 0 89 4 58
55 0 151 4 59
104 0 111 4 60
122 0 98 4 61
95 0 105 4 62
127 0 75 4 63
110 0 81 4 64
124 0 86 4 65
44 0 172 4 66
137 0 75 4 67
126 0 246 4 68
117 0 92 4 69
140 0 86 4 70
111 0 249 4 71
147 0 74 4 72
149 0 88 4 73
156 0 89 4 74
147 0 101 4 75
140 0 96 4 76
155 0 102 4 77
101 0 234 4 78
59 0 172 4 79
127 0 230 4 80
157 0 77 4 81
143 0 259 4 82
136 0 260 4 83
166 0 82 4 84
163 0 266 4 85
168 0 77 4 86
146 0 271 4 87
130 0 262 4 88
160 0 247 4 89
139 0 273 4 90
161 0 260 4 91
130 0 274 4 92
169 0 247 4 93
154 0 251 4 94
117 0 265 4 95
176 0 269 4 96
147 0 252 4 97
110 0 267 4 98
159 0 273 4 99
176 0 109 4 100
183 0 99 4 101
163 0 109 4 102
180 0 73 4 103
177 0 85 4 104
185 0 86 4 105
190 0 101 4 106
170 0 260 4 107
141 0 255 4 108
65 0 238 4 109
192 0 118 4 110
105 0 269 4 111
177 0 92 4 112
200 0 78 4 113
200 0 102 4 114
128 0 267 4 115
202 0 86 4 116
99 0 260 4 117
195 0 84 4 118
210 0 78 4 119
204 0 138 4 120
198 0 216 4 121
192 0 72 4 122
208 0 101 4 123
114 0 259 4 124
218 0 83 4 125
211 0 90 4 126
128 0 280 4 127
220 0 75 4 128
204 0 207 4 129
225 0 144 4 130
228 0 132 4 131
217 0 102 4 132
248 0 82 4 133
160 0 269 4 134
232 0 122 4 135
206 0 194 4 136
194 0 224 4 137
219 0 241 4 138
267 0 111 4 139
226 0 243 4 140
220 0 254 4 141
226 0 256 4 142
217 0 267 4 143
225 0 268 4 144
209 0 270 4 145
234 0 271 4 146
200 0 274 4 147
191 0 275 4 148
183 0 266 4 149
241 0 85 4 150
337 0 261 4 151
230 0 77 4 152
227 0 88 4 153
225 0 102 4 154
264 0 81 4 155
231 0 202 4 156
323 0 259 4 157
239 0 75 4 158
235 0 89 4 159
237 0 215 4 160
276 0 122 4 161
234 0 102 4 162
331 0 270 4 163
258 0 71 4 164
307 0 278 4 165
250 0 74 4 166
246 0 223 4 167
255 0 112 4 168
257 0 97 4 169
243 0 102 4 170
326 0 279 4 171
300 0 276 4 172
274 0 81 4 173
260 0 87 4 174
319 0 255 4 175
318 0 278 4 176
251 0 102 4 177
257 0 269 4 178
313 0 254 4 179
372 0 236 4 180
261 0 257 4 181
298 0 252 4 182
267 0 269 4 183
328 0 266 4 184
276 0 270 4 185
322 0 264 4 186
270 0 257 4 187
292 0 249 4 188
315 0 263 4 189
269 0 100 4 190
282 0 74 4 191
286 0 85 4 192
296 0 271 4 193
292 0 96 4 194
279 0 256 4 195
309 0 250 4 196
315 0 91 4 197
288 0 269 4 198
278 0 100 4 199
292 0 74 4 200
288 0 256 4 201
390 0 179 4 202
326 0 234 4 203
296 0 87 4 204
287 0 100 4 205
297 0 256 4 206
303 0 74 4 207
312 0 258 4 208
305 0 86 4 209
313 0 136 4 210
349 0 233 4 211
304 0 99 4 212
328 0 81 4 213
306 0 256 4 214
317 0 128 4 215
326 0 94 4 216
334 0 92 4 217
312 0 98 4 218
314 0 86 4 219
325 0 117 4 220
381 0 180 4 221
382 0 169 4 222
324 0 74 4 223
339 0 107 4 224
366 0 157 4 225
324 0 87 4 226
368 0 145 4 227
335 0 72 4 228
345 0 93 4 229
348 0 81 4 230
386 0 163 4 231
341 0 86 4 232
365 0 118 4 233
367 0 81 4 234
365 0 95 4 235
390 0 154 4 236
358 0 99 4 237
362 0 117 4 238
372 0 139 4 239
390 0 141 4 240
358 0 74 4 241
391 0 136 4 242
405 0 148 4 243
361 0 89 4 244
369 0 74 4 245
406 0 160 4 246
406 0 177 4 247
383 0 93 4 248
406 0 141 4 249
393 0 131 4 250
380 0 75 4 251
392 0 92 4 252
387 0 84 4 253
379 0 88 4 254
408 0 175 4 255
378 0 102 4 256
396 0 127 4 257
391 0 73 4 258
409 0 138 4 259
396 0 119 4 260
396 0 110 4 261
401 0 71 4 262
410 0 105 4 263
396 0 85 4 264
411 0 90 4 265
424 0 161 4 266
425 0 120 4 267
405 0 85 4 268
399 0 106 4 269
425 0 154 4 270
412 0 128 4 271
426 0 144 4 272
413 0 138 4 273
426 0 114 4 274
414 0 123 4 275
427 0 102 4 276
413 0 74 4 277
414 0 89 4 278
428 0 95 4 279
415 0 108 4 280
61 0 245 4 281
62 0 225 4 282
54 0 247 4 283
74 0 223 4 284
47 0 250 4 285
69 0 212 4 286
61 0 272 4 287
77 0 203 4 288
34 0 250 4 289
54 0 277 4 290
93 0 185 4 291
37 0 262 4 292
51 0 201 4 293
89 0 245 4 294
112 0 242 4 295
75 0 249 4 296
112 0 222 4 297
47 0 271 4 298
52 0 239 4 299
102 0 173 4 300
104 0 219 4 301
86 0 274 4 302
28 0 244 4 303
110 0 162 4 304
92 0 194 4 305
43 0 237 4 306
115 0 150 4 307
144 0 183 4 308
58 0 275 4 309
146 0 143 4 310
58 0 254 4 311
145 0 172 4 312
47 0 254 4 313
152 0 133 4 314
85 0 271 4 315
151 0 192 4 316
148 0 153 4 317
72 0 277 4 318
105 0 282 4 319
203 0 169 4 320
199 0 131 4 321
83 0 278 4 322
98 0 273 4 323
206 0 157 4 324
120 0 283 4 325
351 0 268 4 326
226 0 163 4 327
230 0 179 4 328
354 0 278 4 329
242 0 123 4 330
371 0 249 4 331
276 0 204 4 332
372 0 268 4 333
285 0 164 4 334
338 0 282 4 335
284 0 196 4 336
367 0 277 4 337
287 0 144 4 338
369 0 260 4 339
404 0 241 4 340
289 0 184 4 341
292 0 156 4 342
354 0 277 4 343
372 0 284 4 344
314 0 184 4 345
396 0 235 4 346
396 0 264 4 347
314 0 158 4 348
319 0 199 4 349
362 0 262 4 350
316 0 171 4 351
326 0 215 4 352
385 0 280 4 353
356 0 258 4 354
344 0 230 4 355
349 0 245 4 356
369 0 186 4 357
394 0 268 4 358
369 0 202 4 359
402 0 250 4 360
389 0 263 4 361
366 0 215 4 362
373 0 270 4 363
392 0 212 4 364
392 0 241 4 365
369 0 244 4 366
256 2 229 4 367
266 3 225 4 368
212 3 242 4 369
180 2 231 4 370
194 1 243 4 371
202 0 254 4 372
188 -2 245 4 373
204 -2 245 4 374
234 -2 246 4 375
243 -1 247 4 376
243 0 257 4 377
251 1 248 4 378
235 2 259 4 379
212 2 260 4 380
196 1 260 4 381
181 1 251 4 382
188 0 262 4 383
163 -1 230 4 384
172 -1 239 4 385
248 -1 264 4 386
244 -1 274 4 387
264 0 255 4 388
272 0 256 4 389
278 0 257 4 390
256 1 258 4 391
6 0 68 4 392
34 0 78 4 393
75 0 68 4 394
110 0 68 4 395
168 0 88 4 396
266 0 68 4 397
310 0 68 4 398
344 0 68 4 399
420 0 169 4 400
423 0 68 4 401
432 0 76 4 402
432 0 93 4 403
432 0 146 4 404
432 0 188 4 405
432 0 223 4 406
432 0 240 4 407
432 0 257 4 408
432 0 274 4 409
432 0 291 4 410
415 0 291 4 411
398 0 291 4 412
394 0 280 4 413
386 0 258 4 414
91 0 291 4 415
57 0 291 4 416
39 0 281 4 417
32 0 291 4 418
15 0 291 4 419
6 0 283 4 420
6 0 266 4 421
6 0 249 4 422
6 0 232 4 423
6 0 206 4 424
6 0 164 4 425
6 0 120 4 426
6 0 85 4 427
