428
9 0 93 4 0
18 0 76 4 1
9 0 105 4 2
22 0 89 4 3
27 0 80 4 4
22 0 100 4 5
22 0 109 4 6
22 0 119 4 7
10 0 121 4 8
10 0 142 4 9
11 0 130 4 10
11 0 162 4 11
25 0 131 4 12
25 0 139 4 13
25 0 148 4 14
25 0 120 4 15
39 0 100 4 16
40 0 74 4 17
12 0 182 4 18
41 0 87 4 19
49 0 89 4 20
40 0 131 4 21
50 0 77 4 22
13 0 166 4 23
41 0 121 4 24
41 0 139 4 25
49 0 97 4 26
42 0 108 4 27
28 0 169 4 28
67 0 92 4 29
58 0 100 4 30
61 0 77 4 31
29 0 148 4 32
61 0 85 4 33
68 0 126 4 34
31 0 156 4 35
44 0 141 4 36
67 0 98 4 37
77 0 89 4 38
44 0 153 4 39
75 0 102 4 40
31 0 179 4 41
93 0 78 4 42
101 0 104 4 43
84 0 74 4 44
96 0 88 4 45
48 0 170 4 46
88 0 85 4 47
95 0 99 4 48
49 0 177 4 49
88 0 95 4 50
114 0 89 4 51
82 0 111 4 52
113 0 135 4 53
38 0 190 4 54
128 0 103 4 55
111 0 124 4 56
117 0 76 4 57
130 0 91 4 58
52 0 156 4 59
102 0 114 4 60
122 0 100 4 61
94 0 109 4 62
127 0 77 4 63
108 0 84 4 64
124 0 88 4 65
40 0 179 4 66
137 0 77 4 67
125 0 247 4 68
116 0 96 4 69
140 0 88 4 70
110 0 249 4 71
147 0 76 4 72
149 0 90 4 73
157 0 91 4 74
147 0 103 4 75
140 0 99 4 76
155 0 104 4 77
99 0 233 4 78
55 0 178 4 79
126 0 230 4 80
158 0 79 4 81
142 0 259 4 82
135 0 260 4 83
166 0 85 4 84
164 0 268 4 85
168 0 79 4 86
146 0 271 4 87
128 0 262 4 88
159 0 247 4 89
137 0 273 4 90
160 0 260 4 91
129 0 274 4 92
168 0 247 4 93
153 0 251 4 94
115 0 265 4 95
176 0 270 4 96
146 0 252 4 97
108 0 266 4 98
158 0 273 4 99
175 0 112 4 100
183 0 101 4 101
162 0 113 4 102
180 0 76 4 103
177 0 87 4 104
185 0 89 4 105
191 0 102 4 106
170 0 260 4 107
139 0 254 4 108
60 0 235 4 109
192 0 121 4 110
101 0 268 4 111
177 0 95 4 112
200 0 80 4 113
200 0 104 4 114
125 0 266 4 115
202 0 88 4 116
95 0 258 4 117
195 0 87 4 118
210 0 79 4 119
204 0 141 4 120
198 0 218 4 121
192 0 75 4 122
209 0 103 4 123
111 0 257 4 124
218 0 86 4 125
211 0 91 4 126
124 0 279 4 127
220 0 77 4 128
204 0 208 4 129
226 0 148 4 130
229 0 136 4 131
218 0 104 4 132
249 0 85 4 133
158 0 268 4 134
232 0 125 4 135
206 0 194 4 136
193 0 225 4 137
220 0 242 4 138
269 0 114 4 139
227 0 244 4 140
220 0 255 4 141
227 0 257 4 142
218 0 269 4 143
226 0 269 4 144
208 0 271 4 145
235 0 272 4 146
199 0 274 4 147
190 0 275 4 148
181 0 265 4 149
242 0 88 4 150
342 0 258 4 151
230 0 79 4 152
227 0 90 4 153
225 0 104 4 154
266 0 85 4 155
232 0 203 4 156
327 0 257 4 157
240 0 77 4 158
236 0 91 4 159
238 0 217 4 160
278 0 125 4 161
234 0 104 4 162
336 0 268 4 163
259 0 74 4 164
311 0 277 4 165
250 0 77 4 166
247 0 224 4 167
256 0 114 4 168
258 0 100 4 169
243 0 103 4 170
330 0 278 4 171
302 0 276 4 172
276 0 84 4 173
261 0 89 4 174
322 0 254 4 175
321 0 277 4 176
252 0 103 4 177
257 0 270 4 178
315 0 253 4 179
378 0 233 4 180
262 0 258 4 181
301 0 252 4 182
268 0 270 4 183
331 0 265 4 184
277 0 271 4 185
324 0 264 4 186
271 0 258 4 187
294 0 249 4 188
317 0 263 4 189
270 0 102 4 190
283 0 76 4 191
287 0 88 4 192
297 0 272 4 193
293 0 99 4 194
280 0 257 4 195
311 0 250 4 196
317 0 95 4 197
289 0 270 4 198
279 0 102 4 199
293 0 77 4 200
289 0 257 4 201
395 0 185 4 202
328 0 234 4 203
297 0 89 4 204
288 0 102 4 205
297 0 257 4 206
304 0 77 4 207
313 0 259 4 208
306 0 89 4 209
314 0 139 4 210
352 0 232 4 211
305 0 102 4 212
329 0 84 4 213
306 0 257 4 214
319 0 131 4 215
328 0 97 4 216
336 0 95 4 217
313 0 101 4 218
315 0 89 4 219
326 0 120 4 220
385 0 184 4 221
386 0 174 4 222
325 0 76 4 223
341 0 111 4 224
369 0 161 4 225
325 0 89 4 226
370 0 149 4 227
336 0 75 4 228
347 0 97 4 229
349 0 84 4 230
389 0 168 4 231
342 0 88 4 232
367 0 123 4 233
368 0 85 4 234
367 0 98 4 235
392 0 159 4 236
359 0 101 4 237
363 0 120 4 238
373 0 142 4 239
392 0 147 4 240
359 0 77 4 241
393 0 141 4 242
407 0 154 4 243
362 0 90 4 244
370 0 76 4 245
408 0 165 4 246
408 0 182 4 247
384 0 96 4 248
408 0 147 4 249
395 0 135 4 250
381 0 77 4 251
394 0 96 4 252
388 0 86 4 253
380 0 90 4 254
410 0 179 4 255
378 0 103 4 256
397 0 130 4 257
391 0 75 4 258
411 0 143 4 259
397 0 122 4 260
397 0 113 4 261
401 0 74 4 262
412 0 109 4 263
397 0 88 4 264
412 0 93 4 265
426 0 166 4 266
426 0 125 4 267
406 0 88 4 268
399 0 108 4 269
427 0 158 4 270
413 0 131 4 271
427 0 148 4 272
413 0 141 4 273
428 0 118 4 274
414 0 126 4 275
428 0 106 4 276
414 0 77 4 277
415 0 91 4 278
429 0 98 4 279
415 0 110 4 280
61 0 246 4 281
61 0 226 4 282
53 0 247 4 283
74 0 224 4 284
46 0 250 4 285
69 0 213 4 286
60 0 272 4 287
77 0 204 4 288
32 0 248 4 289
52 0 276 4 290
93 0 187 4 291
34 0 260 4 292
48 0 203 4 293
89 0 246 4 294
112 0 243 4 295
74 0 249 4 296
112 0 223 4 297
44 0 269 4 298
50 0 238 4 299
101 0 176 4 300
104 0 221 4 301
84 0 274 4 302
24 0 240 4 303
109 0 164 4 304
91 0 196 4 305
39 0 235 4 306
114 0 152 4 307
144 0 185 4 308
55 0 272 4 309
146 0 145 4 310
55 0 251 4 311
144 0 174 4 312
42 0 250 4 313
151 0 135 4 314
82 0 269 4 315
151 0 194 4 316
147 0 155 4 317
68 0 274 4 318
102 0 280 4 319
204 0 171 4 320
199 0 133 4 321
79 0 275 4 322
94 0 271 4 323
206 0 159 4 324
116 0 281 4 325
357 0 265 4 326
227 0 166 4 327
230 0 181 4 328
360 0 275 4 329
242 0 125 4 330
376 0 246 4 331
277 0 208 4 332
377 0 264 4 333
287 0 167 4 334
342 0 280 4 335
285 0 199 4 336
372 0 274 4 337
288 0 146 4 338
374 0 258 4 339
410 0 237 4 340
289 0 186 4 341
292 0 158 4 342
356 0 277 4 343
375 0 282 4 344
315 0 186 4 345
400 0 233 4 346
400 0 262 4 347
315 0 159 4 348
319 0 200 4 349
364 0 262 4 350
316 0 173 4 351
326 0 217 4 352
388 0 279 4 353
357 0 259 4 354
345 0 231 4 355
350 0 246 4 356
371 0 187 4 357
397 0 267 4 358
371 0 203 4 359
405 0 249 4 360
391 0 263 4 361
367 0 217 4 362
374 0 270 4 363
393 0 212 4 364
393 0 241 4 365
370 0 245 4 366
257 1 230 4 367
268 2 226 4 368
212 2 243 4 369
179 2 232 4 370
194 0 244 4 371
202 0 255 4 372
187 -1 246 4 373
204 -2 246 4 374
235 -2 247 4 375
244 -1 247 4 376
244 0 258 4 377
252 0 248 4 378
235 1 259 4 379
212 1 260 4 380
196 1 260 4 381
180 0 251 4 382
187 0 262 4 383
161 0 229 4 384
171 -1 237 4 385
250 -1 263 4 386
245 0 274 4 387
266 0 254 4 388
274 0 255 4 389
281 0 256 4 390
257 0 256 4 391
6 0 72 4 392
34 0 82 4 393
74 0 72 4 394
109 0 72 4 395
167 0 92 4 396
268 0 72 4 397
312 0 72 4 398
346 0 72 4 399
422 0 177 4 400
423 0 72 4 401
432 0 79 4 402
432 0 95 4 403
432 0 148 4 404
432 0 190 4 405
432 0 224 4 406
432 0 240 4 407
432 0 256 4 408
432 0 272 4 409
432 0 287 4 410
416 0 287 4 411
400 0 287 4 412
398 0 276 4 413
392 0 253 4 414
87 0 287 4 415
53 0 287 4 416
36 0 277 4 417
30 0 287 4 418
14 0 287 4 419
6 0 280 4 420
6 0 264 4 421
6 0 249 4 422
6 0 233 4 423
6 0 208 4 424
6 0 165 4 425
6 0 122 4 426
6 0 88 4 427
