428
9 0 91 4 0
18 0 74 4 1
9 0 103 4 2
22 0 87 4 3
27 0 79 4 4
22 0 99 4 5
22 0 108 4 6
22 0 117 4 7
10 0 118 4 8
11 0 139 4 9
11 0 127 4 10
11 0 159 4 11
25 0 128 4 12
25 0 137 4 13
25 0 146 4 14
25 0 117 4 15
39 0 98 4 16
40 0 73 4 17
13 0 180 4 18
41 0 85 4 19
49 0 88 4 20
41 0 129 4 21
50 0 76 4 22
14 0 162 4 23
41 0 119 4 24
42 0 137 4 25
49 0 95 4 26
42 0 106 4 27
29 0 166 4 28
67 0 91 4 29
58 0 98 4 30
61 0 75 4 31
30 0 144 4 32
61 0 82 4 33
68 0 125 4 34
32 0 152 4 35
45 0 138 4 36
68 0 96 4 37
77 0 88 4 38
45 0 150 4 39
75 0 100 4 40
32 0 176 4 41
93 0 76 4 42
101 0 103 4 43
85 0 72 4 44
96 0 87 4 45
50 0 167 4 46
89 0 83 4 47
95 0 97 4 48
51 0 174 4 49
88 0 93 4 50
114 0 88 4 51
83 0 109 4 52
113 0 133 4 53
40 0 185 4 54
128 0 102 4 55
112 0 122 4 56
117 0 74 4 57
130 0 90 4 58
54 0 153 4 59
103 0 112 4 60
122 0 99 4 61
95 0 106 4 62
127 0 75 4 63
109 0 82 4 64
124 0 87 4 65
42 0 174 4 66
137 0 76 4 67
125 0 247 4 68
116 0 93 4 69
140 0 87 4 70
111 0 249 4 71
147 0 75 4 72
149 0 89 4 73
156 0 90 4 74
147 0 101 4 75
140 0 97 4 76
155 0 103 4 77
100 0 233 4 78
58 0 174 4 79
127 0 230 4 80
157 0 78 4 81
143 0 259 4 82
136 0 260 4 83
166 0 83 4 84
163 0 267 4 85
168 0 78 4 86
146 0 271 4 87
129 0 262 4 88
160 0 247 4 89
138 0 273 4 90
160 0 260 4 91
130 0 274 4 92
168 0 247 4 93
153 0 251 4 94
116 0 265 4 95
176 0 270 4 96
146 0 252 4 97
109 0 267 4 98
158 0 273 4 99
175 0 110 4 100
183 0 100 4 101
162 0 111 4 102
180 0 74 4 103
177 0 86 4 104
185 0 87 4 105
191 0 101 4 106
170 0 260 4 107
140 0 254 4 108
64 0 237 4 109
192 0 119 4 110
104 0 269 4 111
177 0 93 4 112
200 0 79 4 113
200 0 103 4 114
127 0 267 4 115
202 0 87 4 116
98 0 259 4 117
195 0 85 4 118
210 0 78 4 119
204 0 139 4 120
198 0 217 4 121
192 0 73 4 122
209 0 101 4 123
113 0 258 4 124
218 0 84 4 125
211 0 90 4 126
126 0 280 4 127
220 0 76 4 128
204 0 207 4 129
225 0 146 4 130
228 0 133 4 131
217 0 103 4 132
248 0 83 4 133
159 0 269 4 134
232 0 123 4 135
206 0 194 4 136
194 0 224 4 137
220 0 241 4 138
268 0 112 4 139
226 0 243 4 140
220 0 254 4 141
226 0 257 4 142
217 0 268 4 143
225 0 269 4 144
208 0 270 4 145
234 0 271 4 146
199 0 274 4 147
191 0 275 4 148
182 0 266 4 149
242 0 86 4 150
339 0 260 4 151
230 0 78 4 152
227 0 89 4 153
225 0 103 4 154
264 0 82 4 155
231 0 203 4 156
324 0 258 4 157
240 0 75 4 158
235 0 90 4 159
237 0 216 4 160
276 0 123 4 161
234 0 103 4 162
333 0 269 4 163
258 0 72 4 164
309 0 278 4 165
250 0 75 4 166
247 0 223 4 167
255 0 113 4 168
258 0 98 4 169
243 0 102 4 170
327 0 279 4 171
301 0 276 4 172
275 0 82 4 173
260 0 88 4 174
320 0 255 4 175
319 0 278 4 176
252 0 102 4 177
257 0 269 4 178
314 0 253 4 179
374 0 235 4 180
262 0 257 4 181
299 0 252 4 182
267 0 269 4 183
329 0 265 4 184
276 0 270 4 185
323 0 264 4 186
270 0 257 4 187
293 0 249 4 188
316 0 263 4 189
270 0 101 4 190
282 0 75 4 191
287 0 86 4 192
296 0 271 4 193
293 0 97 4 194
279 0 257 4 195
309 0 250 4 196
315 0 93 4 197
288 0 269 4 198
278 0 101 4 199
292 0 75 4 200
288 0 257 4 201
392 0 181 4 202
327 0 234 4 203
296 0 88 4 204
287 0 101 4 205
297 0 256 4 206
303 0 75 4 207
312 0 259 4 208
305 0 87 4 209
314 0 137 4 210
350 0 233 4 211
304 0 100 4 212
328 0 82 4 213
306 0 256 4 214
318 0 129 4 215
327 0 95 4 216
335 0 93 4 217
313 0 99 4 218
314 0 87 4 219
325 0 118 4 220
383 0 181 4 221
383 0 171 4 222
324 0 75 4 223
340 0 108 4 224
367 0 158 4 225
324 0 88 4 226
369 0 147 4 227
335 0 73 4 228
346 0 94 4 229
348 0 82 4 230
387 0 165 4 231
341 0 87 4 232
366 0 120 4 233
367 0 82 4 234
366 0 96 4 235
391 0 155 4 236
358 0 100 4 237
363 0 118 4 238
373 0 140 4 239
391 0 143 4 240
359 0 75 4 241
392 0 138 4 242
405 0 150 4 243
361 0 89 4 244
369 0 75 4 245
406 0 162 4 246
406 0 179 4 247
383 0 94 4 248
407 0 143 4 249
394 0 132 4 250
381 0 76 4 251
393 0 93 4 252
387 0 85 4 253
380 0 89 4 254
409 0 176 4 255
378 0 102 4 256
396 0 128 4 257
391 0 73 4 258
410 0 140 4 259
397 0 120 4 260
397 0 111 4 261
401 0 72 4 262
411 0 107 4 263
397 0 86 4 264
411 0 91 4 265
425 0 163 4 266
425 0 122 4 267
406 0 86 4 268
399 0 107 4 269
426 0 155 4 270
412 0 129 4 271
426 0 145 4 272
413 0 139 4 273
427 0 115 4 274
414 0 124 4 275
427 0 104 4 276
414 0 75 4 277
414 0 89 4 278
428 0 96 4 279
415 0 109 4 280
61 0 245 4 281
61 0 226 4 282
54 0 247 4 283
74 0 223 4 284
47 0 250 4 285
69 0 212 4 286
60 0 272 4 287
77 0 203 4 288
34 0 249 4 289
53 0 276 4 290
93 0 186 4 291
36 0 261 4 292
50 0 202 4 293
89 0 245 4 294
112 0 242 4 295
75 0 249 4 296
112 0 222 4 297
46 0 270 4 298
52 0 239 4 299
102 0 174 4 300
104 0 220 4 301
85 0 274 4 302
27 0 243 4 303
109 0 163 4 304
92 0 195 4 305
42 0 237 4 306
114 0 151 4 307
144 0 184 4 308
57 0 274 4 309
146 0 144 4 310
57 0 253 4 311
144 0 173 4 312
45 0 253 4 313
151 0 134 4 314
84 0 270 4 315
151 0 192 4 316
148 0 154 4 317
71 0 276 4 318
104 0 281 4 319
203 0 170 4 320
199 0 132 4 321
82 0 277 4 322
97 0 272 4 323
206 0 158 4 324
119 0 282 4 325
353 0 267 4 326
226 0 164 4 327
230 0 180 4 328
356 0 277 4 329
242 0 124 4 330
373 0 248 4 331
276 0 206 4 332
374 0 267 4 333
286 0 165 4 334
339 0 281 4 335
284 0 197 4 336
369 0 276 4 337
287 0 145 4 338
371 0 259 4 339
406 0 240 4 340
289 0 185 4 341
292 0 157 4 342
355 0 277 4 343
373 0 283 4 344
314 0 185 4 345
397 0 234 4 346
398 0 263 4 347
315 0 158 4 348
319 0 199 4 349
363 0 262 4 350
316 0 172 4 351
326 0 216 4 352
386 0 280 4 353
356 0 258 4 354
344 0 230 4 355
349 0 245 4 356
370 0 186 4 357
395 0 268 4 358
370 0 202 4 359
403 0 249 4 360
390 0 263 4 361
366 0 216 4 362
374 0 270 4 363
392 0 212 4 364
392 0 241 4 365
369 0 244 4 366
256 1 229 4 367
267 3 226 4 368
212 3 242 4 369
179 2 231 4 370
194 1 244 4 371
202 0 254 4 372
188 -2 245 4 373
204 -2 246 4 374
235 -2 246 4 375
243 -1 247 4 376
244 0 258 4 377
251 1 248 4 378
235 1 259 4 379
212 2 260 4 380
196 1 260 4 381
181 0 251 4 382
188 0 262 4 383
163 -1 230 4 384
172 -1 238 4 385
249 -1 264 4 386
244 -1 274 4 387
265 0 255 4 388
272 0 256 4 389
279 0 256 4 390
256 1 257 4 391
6 0 70 4 392
34 0 80 4 393
75 0 70 4 394
109 0 70 4 395
167 0 90 4 396
267 0 70 4 397
310 0 70 4 398
345 0 70 4 399
420 0 172 4 400
423 0 70 4 401
432 0 77 4 402
432 0 94 4 403
432 0 146 4 404
432 0 189 4 405
432 0 223 4 406
432 0 240 4 407
432 0 256 4 408
432 0 273 4 409
432 0 290 4 410
415 0 290 4 411
399 0 290 4 412
396 0 279 4 413
388 0 256 4 414
90 0 290 4 415
55 0 290 4 416
38 0 280 4 417
31 0 290 4 418
15 0 290 4 419
6 0 282 4 420
6 0 265 4 421
6 0 249 4 422
6 0 232 4 423
6 0 207 4 424
6 0 164 4 425
6 0 121 4 426
6 0 86 4 427
