428
8 0 99 4 0
18 0 80 4 1
8 0 110 4 2
23 0 92 4 3
28 0 82 4 4
23 0 104 4 5
23 0 113 4 6
23 0 122 4 7
9 0 128 4 8
9 0 149 4 9
9 0 138 4 10
9 0 170 4 11
24 0 136 4 12
24 0 145 4 13
24 0 154 4 14
24 0 126 4 15
39 0 104 4 16
40 0 79 4 17
10 0 190 4 18
41 0 91 4 19
50 0 93 4 20
40 0 136 4 21
50 0 80 4 22
11 0 176 4 23
40 0 126 4 24
40 0 144 4 25
49 0 102 4 26
41 0 115 4 27
26 0 177 4 28
67 0 94 4 29
57 0 104 4 30
61 0 80 4 31
27 0 157 4 32
60 0 90 4 33
68 0 130 4 34
28 0 165 4 35
42 0 149 4 36
67 0 103 4 37
77 0 92 4 38
42 0 159 4 39
75 0 105 4 40
28 0 185 4 41
93 0 81 4 42
101 0 106 4 43
84 0 79 4 44
95 0 92 4 45
45 0 177 4 46
88 0 90 4 47
94 0 103 4 48
46 0 184 4 49
86 0 101 4 50
113 0 93 4 51
80 0 117 4 52
113 0 139 4 53
32 0 199 4 54
128 0 106 4 55
111 0 129 4 56
116 0 79 4 57
131 0 94 4 58
47 0 165 4 59
101 0 119 4 60
121 0 104 4 61
91 0 115 4 62
126 0 80 4 63
107 0 89 4 64
123 0 92 4 65
34 0 188 4 66
137 0 80 4 67
124 0 248 4 68
114 0 101 4 69
140 0 92 4 70
108 0 249 4 71
147 0 80 4 72
149 0 93 4 73
157 0 94 4 74
147 0 105 4 75
139 0 103 4 76
155 0 106 4 77
96 0 232 4 78
50 0 188 4 79
125 0 230 4 80
158 0 82 4 81
142 0 260 4 82
134 0 261 4 83
166 0 90 4 84
164 0 270 4 85
168 0 82 4 86
145 0 272 4 87
126 0 262 4 88
159 0 248 4 89
135 0 273 4 90
159 0 260 4 91
126 0 274 4 92
168 0 248 4 93
151 0 250 4 94
111 0 263 4 95
175 0 271 4 96
144 0 251 4 97
103 0 264 4 98
156 0 273 4 99
175 0 117 4 100
183 0 105 4 101
160 0 120 4 102
180 0 80 4 103
177 0 91 4 104
185 0 92 4 105
191 0 105 4 106
169 0 260 4 107
136 0 252 4 108
53 0 231 4 109
192 0 124 4 110
96 0 265 4 111
176 0 101 4 112
200 0 82 4 113
200 0 106 4 114
121 0 265 4 115
202 0 92 4 116
88 0 255 4 117
195 0 91 4 118
211 0 82 4 119
205 0 146 4 120
197 0 220 4 121
191 0 79 4 122
209 0 105 4 123
105 0 254 4 124
219 0 90 4 125
211 0 94 4 126
119 0 277 4 127
220 0 80 4 128
203 0 209 4 129
227 0 155 4 130
230 0 142 4 131
218 0 106 4 132
252 0 90 4 133
155 0 265 4 134
234 0 131 4 135
206 0 194 4 136
192 0 227 4 137
220 0 245 4 138
273 0 120 4 139
227 0 246 4 140
220 0 257 4 141
227 0 259 4 142
218 0 270 4 143
227 0 271 4 144
208 0 272 4 145
236 0 272 4 146
198 0 274 4 147
188 0 274 4 148
180 0 264 4 149
244 0 92 4 150
350 0 255 4 151
231 0 82 4 152
228 0 93 4 153
226 0 106 4 154
269 0 90 4 155
232 0 204 4 156
334 0 254 4 157
241 0 80 4 158
236 0 94 4 159
238 0 219 4 160
281 0 131 4 161
235 0 106 4 162
343 0 266 4 163
261 0 79 4 164
316 0 276 4 165
252 0 80 4 166
248 0 227 4 167
257 0 118 4 168
260 0 103 4 169
244 0 106 4 170
336 0 276 4 171
307 0 275 4 172
278 0 89 4 173
262 0 93 4 174
328 0 252 4 175
327 0 276 4 176
253 0 106 4 177
258 0 271 4 178
320 0 252 4 179
386 0 230 4 180
263 0 259 4 181
304 0 251 4 182
269 0 271 4 183
337 0 264 4 184
279 0 272 4 185
329 0 263 4 186
272 0 259 4 187
296 0 249 4 188
321 0 262 4 189
271 0 105 4 190
284 0 80 4 191
289 0 91 4 192
299 0 272 4 193
295 0 103 4 194
281 0 259 4 195
314 0 250 4 196
320 0 101 4 197
290 0 271 4 198
280 0 105 4 199
295 0 80 4 200
290 0 259 4 201
403 0 196 4 202
332 0 233 4 203
298 0 92 4 204
289 0 105 4 205
299 0 259 4 206
305 0 80 4 207
315 0 260 4 208
307 0 92 4 209
316 0 144 4 210
356 0 232 4 211
306 0 105 4 212
332 0 89 4 213
308 0 259 4 214
320 0 134 4 215
331 0 102 4 216
339 0 101 4 217
315 0 104 4 218
316 0 92 4 219
328 0 124 4 220
391 0 192 4 221
391 0 182 4 222
327 0 80 4 223
343 0 116 4 224
373 0 168 4 225
326 0 93 4 226
374 0 155 4 227
338 0 79 4 228
349 0 102 4 229
351 0 89 4 230
393 0 175 4 231
343 0 92 4 232
370 0 129 4 233
370 0 90 4 234
368 0 103 4 235
395 0 166 4 236
360 0 105 4 237
365 0 124 4 238
375 0 146 4 239
395 0 155 4 240
360 0 80 4 241
396 0 148 4 242
411 0 164 4 243
363 0 93 4 244
371 0 80 4 245
411 0 174 4 246
411 0 191 4 247
386 0 101 4 248
411 0 156 4 249
397 0 141 4 250
382 0 80 4 251
395 0 101 4 252
389 0 91 4 253
381 0 93 4 254
412 0 185 4 255
379 0 106 4 256
398 0 135 4 257
392 0 79 4 258
413 0 150 4 259
399 0 126 4 260
399 0 118 4 261
403 0 78 4 262
413 0 115 4 263
398 0 92 4 264
414 0 99 4 265
428 0 174 4 266
429 0 132 4 267
407 0 92 4 268
400 0 111 4 269
429 0 165 4 270
414 0 136 4 271
429 0 155 4 272
415 0 145 4 273
429 0 124 4 274
415 0 129 4 275
430 0 113 4 276
415 0 80 4 277
416 0 94 4 278
430 0 103 4 279
416 0 113 4 280
60 0 247 4 281
60 0 227 4 282
52 0 248 4 283
74 0 226 4 284
44 0 250 4 285
68 0 216 4 286
59 0 273 4 287
76 0 207 4 288
29 0 247 4 289
50 0 275 4 290
92 0 189 4 291
30 0 257 4 292
45 0 208 4 293
88 0 247 4 294
112 0 245 4 295
72 0 249 4 296
113 0 225 4 297
40 0 266 4 298
46 0 236 4 299
101 0 179 4 300
103 0 224 4 301
82 0 274 4 302
18 0 235 4 303
108 0 167 4 304
89 0 198 4 305
33 0 232 4 306
112 0 155 4 307
144 0 188 4 308
50 0 268 4 309
146 0 148 4 310
49 0 248 4 311
144 0 176 4 312
35 0 245 4 313
151 0 137 4 314
77 0 266 4 315
150 0 199 4 316
146 0 159 4 317
62 0 270 4 318
97 0 278 4 319
205 0 175 4 320
200 0 136 4 321
72 0 270 4 322
88 0 267 4 323
207 0 162 4 324
110 0 278 4 325
366 0 259 4 326
227 0 171 4 327
230 0 185 4 328
368 0 270 4 329
243 0 127 4 330
385 0 241 4 331
279 0 214 4 332
385 0 259 4 333
289 0 172 4 334
347 0 278 4 335
286 0 203 4 336
379 0 269 4 337
289 0 149 4 338
380 0 255 4 339
418 0 231 4 340
290 0 190 4 341
292 0 161 4 342
361 0 276 4 343
380 0 279 4 344
316 0 188 4 345
406 0 230 4 346
406 0 258 4 347
316 0 162 4 348
320 0 202 4 349
367 0 262 4 350
317 0 176 4 351
327 0 219 4 352
393 0 277 4 353
360 0 260 4 354
346 0 232 4 355
352 0 247 4 356
374 0 190 4 357
401 0 265 4 358
373 0 206 4 359
409 0 246 4 360
395 0 262 4 361
368 0 219 4 362
376 0 272 4 363
396 0 213 4 364
396 0 241 4 365
371 0 246 4 366
258 1 232 4 367
271 1 228 4 368
212 1 245 4 369
177 1 233 4 370
194 0 246 4 371
202 0 257 4 372
186 -1 247 4 373
204 -1 247 4 374
236 -1 248 4 375
245 0 248 4 376
245 0 259 4 377
253 0 249 4 378
236 1 260 4 379
212 1 260 4 380
195 1 261 4 381
179 0 250 4 382
187 0 262 4 383
159 0 227 4 384
168 0 235 4 385
252 0 263 4 386
247 0 274 4 387
269 0 253 4 388
277 0 253 4 389
285 0 253 4 390
260 0 254 4 391
6 0 77 4 392
33 0 88 4 393
73 0 77 4 394
107 0 77 4 395
166 0 99 4 396
271 0 77 4 397
314 0 77 4 398
348 0 77 4 399
426 0 188 4 400
425 0 77 4 401
432 0 83 4 402
432 0 97 4 403
432 0 151 4 404
432 0 193 4 405
432 0 226 4 406
432 0 240 4 407
432 0 254 4 408
432 0 268 4 409
432 0 282 4 410
418 0 282 4 411
404 0 282 4 412
405 0 271 4 413
401 0 246 4 414
80 0 282 4 415
46 0 282 4 416
31 0 272 4 417
28 0 282 4 418
14 0 282 4 419
6 0 276 4 420
6 0 262 4 421
6 0 248 4 422
6 0 234 4 423
6 0 210 4 424
6 0 168 4 425
6 0 125 4 426
6 0 91 4 427
