428
59 0 229 3 0
69 0 135 3 1
68 0 219 5 2
74 0 229 14 3
77 0 209 3 4
78 0 127 4 5
87 0 200 2 6
89 0 123 5 7
90 0 230 2 8
94 0 191 3 9
99 0 128 1 10
101 0 181 1 11
102 0 229 5 12
107 0 171 14 13
110 0 136 4 14
111 0 159 15 15
113 0 146 4 16
114 0 229 15 17
123 0 229 2 18
144 0 165 4 19
144 0 180 2 20
146 0 192 5 21
147 0 151 3 22
149 0 206 4 23
151 0 140 14 24
154 0 222 14 25
158 0 131 2 26
165 0 230 3 27
174 0 124 1 28
175 0 234 2 29
190 0 230 1 30
193 0 130 2 31
197 0 223 1 32
201 0 140 2 33
203 0 211 15 34
205 0 154 1 35
205 0 195 2 36
207 0 166 3 37
207 0 180 1 38
229 0 166 14 39
229 0 180 4 40
231 0 192 15 41
232 0 152 5 42
234 0 206 14 43
236 0 141 3 44
240 0 222 2 45
244 0 131 4 46
250 0 230 14 47
260 0 124 4 48
261 0 235 5 49
276 0 230 4 50
278 0 129 4 51
282 0 222 3 52
286 0 139 4 53
288 0 211 2 54
290 0 153 4 55
291 0 195 5 56
293 0 166 5 57
292 0 179 3 58
316 0 165 3 59
316 0 178 1 60
318 0 192 3 61
318 0 150 1 62
321 0 204 3 63
323 0 141 14 64
327 0 221 5 65
331 0 131 1 66
338 0 231 2 67
346 0 123 15 68
348 0 234 1 69
362 0 228 15 70
366 0 130 1 71
369 0 221 14 72
374 0 140 15 73
375 0 209 14 74
377 0 153 15 75
377 0 194 1 76
381 0 166 2 77
380 0 180 15 78
40 0 110 4 79
49 0 110 14 80
58 0 110 1 81
67 0 110 3 82
76 0 110 5 83
84 0 110 14 84
93 0 110 1 85
103 0 110 3 86
112 0 110 5 87
121 0 109 15 88
130 0 109 1 89
139 0 109 3 90
148 0 109 5 91
157 0 110 15 92
165 0 110 1 93
174 0 110 3 94
183 0 110 5 95
192 0 110 15 96
201 0 110 2 97
210 0 109 3 98
219 0 110 5 99
227 0 110 14 100
236 0 110 1 101
245 0 110 3 102
254 0 110 4 103
262 0 110 14 104
272 0 110 1 105
280 0 110 3 106
289 0 110 4 107
299 0 110 14 108
307 0 109 1 109
316 0 110 3 110
326 0 110 5 111
334 0 110 14 112
343 0 110 1 113
353 0 110 3 114
362 0 110 5 115
369 0 110 14 116
379 0 110 1 117
388 0 110 3 118
397 0 110 5 119
400 0 116 1 120
400 0 125 5 121
400 0 134 14 122
400 0 143 1 123
399 0 151 3 124
399 0 160 15 125
399 0 169 15 126
400 0 179 4 127
399 0 186 4 128
399 0 195 5 129
400 0 205 5 130
400 0 213 5 131
400 0 222 14 132
400 0 231 1 133
400 0 241 5 134
399 0 248 5 135
390 0 248 4 136
382 0 249 2 137
372 0 249 15 138
363 0 249 5 139
354 0 249 3 140
344 0 247 3 141
337 0 249 15 142
328 0 249 5 143
319 0 249 3 144
310 0 249 2 145
301 0 249 15 146
292 0 249 5 147
283 0 248 3 148
274 0 248 1 149
265 0 249 15 150
255 0 248 5 151
247 0 249 3 152
238 0 249 1 153
229 0 248 14 154
220 0 249 5 155
212 0 248 4 156
203 0 249 2 157
194 0 249 15 158
185 0 248 5 159
176 0 249 4 160
167 0 249 2 161
158 0 248 15 162
150 0 248 5 163
141 0 248 4 164
132 0 249 2 165
123 0 248 15 166
114 0 248 5 167
104 0 249 3 168
96 0 248 2 169
88 0 248 15 170
79 0 248 5 171
70 0 248 3 172
60 0 249 1 173
51 0 248 15 174
42 0 248 5 175
41 0 240 4 176
40 0 233 3 177
41 0 223 5 178
41 0 214 4 179
42 0 204 4 180
41 0 196 5 181
40 0 187 3 182
40 0 180 2 183
42 0 169 15 184
40 0 161 4 185
40 0 152 2 186
40 0 144 14 187
40 0 135 4 188
40 0 126 3 189
24 0 97 15 190
33 0 98 2 191
42 0 98 4 192
53 0 97 14 193
60 0 98 15 194
68 0 98 2 195
77 0 98 4 196
87 0 98 14 197
96 0 98 1 198
105 0 98 2 199
114 0 98 4 200
122 0 98 14 201
132 0 98 1 202
140 0 98 2 203
150 0 98 4 204
159 0 98 14 205
167 0 98 1 206
176 0 98 3 207
185 0 98 4 208
194 0 98 14 209
203 0 98 1 210
212 0 98 3 211
220 0 98 4 212
229 0 98 5 213
238 0 98 15 214
247 0 98 2 215
256 0 98 4 216
264 0 98 5 217
273 0 98 15 218
282 0 98 2 219
291 0 97 4 220
300 0 98 14 221
310 0 98 1 222
318 0 98 2 223
328 0 98 4 224
336 0 98 14 225
346 0 98 1 226
353 0 97 2 227
364 0 98 4 228
373 0 98 14 229
380 0 97 1 230
390 0 98 3 231
399 0 98 4 232
409 0 98 14 233
416 0 98 1 234
417 0 108 2 235
415 0 116 4 236
415 0 126 1 237
415 0 135 2 238
415 0 144 4 239
415 0 152 15 240
415 0 161 2 241
414 0 169 3 242
415 0 179 15 243
415 0 187 1 244
415 0 196 2 245
416 0 206 1 246
415 0 214 1 247
415 0 223 2 248
416 0 233 1 249
417 0 243 1 250
417 0 252 2 251
417 0 262 1 252
409 0 262 14 253
400 0 262 5 254
391 0 262 3 255
381 0 262 1 256
373 0 261 14 257
364 0 261 4 258
354 0 263 2 259
346 0 261 1 260
337 0 261 14 261
328 0 261 4 262
319 0 261 2 263
310 0 261 1 264
301 0 261 14 265
292 0 262 4 266
283 0 261 2 267
274 0 260 15 268
265 0 261 14 269
256 0 261 4 270
247 0 261 2 271
238 0 260 15 272
229 0 261 5 273
220 0 261 4 274
212 0 261 3 275
203 0 260 1 276
194 0 261 14 277
185 0 261 4 278
176 0 261 3 279
167 0 261 1 280
158 0 261 14 281
149 0 262 4 282
140 0 261 2 283
131 0 261 1 284
122 0 261 14 285
113 0 261 4 286
105 0 261 2 287
95 0 261 15 288
87 0 261 14 289
77 0 261 4 290
70 0 260 2 291
60 0 261 15 292
51 0 260 14 293
41 0 262 4 294
33 0 263 2 295
22 0 263 15 296
23 0 252 1 297
25 0 242 15 298
25 0 233 15 299
25 0 223 1 300
24 0 215 15 301
24 0 206 15 302
24 0 197 1 303
25 0 188 3 304
25 0 180 14 305
24 0 171 3 306
24 0 162 1 307
25 0 153 15 308
24 0 145 15 309
24 0 136 1 310
24 0 127 15 311
24 0 118 15 312
24 0 109 1 313
7 0 85 15 314
18 0 85 2 315
29 0 85 4 316
41 0 85 15 317
52 0 85 2 318
62 0 86 4 319
73 0 86 14 320
83 0 86 1 321
94 0 86 3 322
106 0 85 14 323
116 0 86 1 324
126 0 86 3 325
137 0 86 5 326
148 0 86 15 327
158 0 86 2 328
169 0 86 4 329
180 0 86 14 330
191 0 86 2 331
201 0 86 4 332
212 0 85 14 333
222 0 86 15 334
233 0 86 2 335
243 0 86 4 336
254 0 86 14 337
264 0 86 1 338
275 0 86 4 339
286 0 86 14 340
297 0 86 1 341
308 0 86 3 342
318 0 86 5 343
329 0 86 15 344
340 0 86 3 345
351 0 86 5 346
360 0 85 15 347
371 0 85 2 348
383 0 86 4 349
393 0 85 14 350
404 0 85 1 351
416 0 85 4 352
427 0 85 14 353
433 0 90 4 354
433 0 101 15 355
433 0 112 5 356
433 0 123 3 357
433 0 134 5 358
433 0 145 4 359
433 0 155 4 360
433 0 166 5 361
433 0 177 3 362
433 0 187 4 363
433 0 198 5 364
433 0 208 3 365
433 0 219 15 366
433 0 230 15 367
433 0 241 4 368
433 0 252 5 369
433 0 263 4 370
433 0 274 15 371
423 0 275 5 372
411 0 275 3 373
400 0 275 1 374
389 0 275 5 375
379 0 274 3 376
368 0 274 1 377
357 0 274 14 378
346 0 275 4 379
335 0 274 2 380
324 0 275 14 381
314 0 275 4 382
303 0 275 2 383
292 0 275 15 384
282 0 273 5 385
271 0 273 3 386
260 0 275 1 387
250 0 273 14 388
239 0 274 3 389
228 0 275 1 390
218 0 274 15 391
207 0 274 5 392
197 0 275 3 393
186 0 273 1 394
175 0 273 5 395
164 0 275 3 396
154 0 273 1 397
143 0 275 14 398
132 0 273 4 399
122 0 274 2 400
111 0 275 15 401
100 0 274 4 402
89 0 274 2 403
78 0 274 15 404
67 0 274 5 405
56 0 274 3 406
47 0 275 1 407
35 0 275 5 408
24 0 275 3 409
13 0 274 1 410
7 0 269 4 411
7 0 258 15 412
8 0 246 15 413
7 0 236 3 414
7 0 225 5 415
7 0 214 4 416
7 0 204 4 417
7 0 193 5 418
9 0 181 3 419
7 0 173 4 420
7 0 162 5 421
7 0 151 3 422
7 0 140 5 423
7 0 129 15 424
7 0 119 4 425
7 0 108 5 426
7 0 96 3 427
