428
61 0 227 2 0
73 0 131 14 1
70 0 216 5 2
75 0 229 14 3
84 0 200 1 4
82 0 123 4 5
91 0 194 1 6
97 0 116 4 7
90 0 230 2 8
101 0 182 1 9
102 0 125 2 10
106 0 175 3 11
103 0 229 5 12
110 0 167 4 13
113 0 133 5 14
113 0 155 4 15
115 0 143 15 16
115 0 227 5 17
125 0 226 15 18
146 0 162 5 19
147 0 177 3 20
149 0 189 15 21
150 0 146 4 22
150 0 204 4 23
153 0 136 14 24
155 0 220 14 25
159 0 130 2 26
166 0 227 2 27
175 0 123 1 28
176 0 231 14 29
190 0 228 1 30
194 0 129 2 31
197 0 221 1 32
201 0 140 2 33
203 0 210 15 34
205 0 154 1 35
205 0 194 2 36
207 0 163 3 37
207 0 178 1 38
228 0 163 14 39
229 0 179 4 40
230 0 190 2 41
231 0 149 5 42
233 0 206 14 43
236 0 140 1 44
239 0 220 1 45
243 0 130 4 46
248 0 227 3 47
259 0 123 3 48
260 0 234 5 49
274 0 227 1 50
276 0 125 1 51
281 0 218 5 52
282 0 134 3 53
287 0 208 2 54
288 0 149 2 55
289 0 192 4 56
291 0 164 5 57
290 0 176 4 58
311 0 159 4 59
311 0 172 4 60
317 0 189 5 61
313 0 144 4 62
317 0 198 3 63
321 0 139 4 64
324 0 217 14 65
330 0 130 1 66
337 0 231 2 67
340 0 118 15 68
344 0 227 1 69
356 0 220 4 70
363 0 128 4 71
363 0 214 4 72
371 0 138 15 73
368 0 202 1 74
372 0 149 5 75
371 0 188 2 76
379 0 165 1 77
376 0 176 15 78
44 0 108 5 79
51 0 109 15 80
60 0 109 1 81
69 0 109 3 82
78 0 109 5 83
85 0 110 14 84
94 0 109 1 85
105 0 108 3 86
114 0 108 5 87
125 0 106 15 88
135 0 105 2 89
142 0 106 4 90
150 0 106 5 91
159 0 106 15 92
166 0 109 2 93
176 0 107 4 94
183 0 109 5 95
192 0 110 15 96
201 0 108 2 97
210 0 106 3 98
219 0 110 5 99
227 0 109 14 100
236 0 108 1 101
244 0 109 2 102
253 0 108 4 103
261 0 107 14 104
271 0 109 1 105
278 0 107 2 106
286 0 107 4 107
299 0 110 14 108
303 0 106 15 109
314 0 108 2 110
326 0 110 5 111
331 0 107 14 112
340 0 107 1 113
351 0 109 3 114
360 0 109 5 115
365 0 107 14 116
376 0 108 1 117
385 0 108 3 118
393 0 108 4 119
397 0 114 15 120
396 0 122 3 121
395 0 131 15 122
395 0 140 5 123
394 0 148 3 124
391 0 154 3 125
391 0 163 4 126
397 0 176 4 127
394 0 181 2 128
394 0 190 14 129
398 0 203 15 130
395 0 209 3 131
396 0 218 15 132
396 0 227 5 133
398 0 238 3 134
395 0 244 15 135
387 0 245 5 136
380 0 247 4 137
370 0 245 2 138
362 0 246 15 139
353 0 246 5 140
338 0 239 5 141
336 0 248 15 142
326 0 246 15 143
318 0 248 3 144
310 0 249 2 145
299 0 246 1 146
291 0 248 5 147
281 0 243 2 148
272 0 245 3 149
265 0 248 15 150
254 0 243 3 151
246 0 248 3 152
237 0 246 3 153
228 0 242 5 154
220 0 248 5 155
212 0 245 14 156
203 0 246 4 157
194 0 248 15 158
185 0 244 15 159
176 0 248 4 160
168 0 246 4 161
160 0 245 2 162
153 0 242 5 163
143 0 245 14 164
133 0 246 4 165
125 0 245 2 166
118 0 244 1 167
105 0 248 3 168
100 0 244 4 169
94 0 242 15 170
84 0 243 5 171
76 0 242 4 172
63 0 245 4 173
54 0 244 2 174
46 0 242 5 175
47 0 232 5 176
42 0 230 15 177
46 0 217 1 178
46 0 208 4 179
51 0 194 15 180
46 0 190 1 181
45 0 183 3 182
44 0 176 4 183
51 0 162 15 184
45 0 158 15 185
44 0 149 3 186
43 0 141 15 187
44 0 132 15 188
43 0 124 3 189
28 0 92 1 190
35 0 96 1 191
46 0 95 4 192
61 0 92 1 193
62 0 97 1 194
70 0 97 2 195
79 0 97 4 196
91 0 96 14 197
98 0 96 15 198
107 0 96 2 199
115 0 96 3 200
124 0 97 14 201
136 0 95 1 202
141 0 98 3 203
152 0 95 4 204
161 0 95 14 205
169 0 96 15 206
178 0 95 2 207
186 0 96 4 208
194 0 97 14 209
203 0 98 1 210
212 0 98 3 211
220 0 97 4 212
229 0 96 4 213
238 0 97 15 214
246 0 96 1 215
255 0 96 3 216
263 0 95 4 217
272 0 96 14 218
279 0 95 15 219
287 0 94 2 220
299 0 97 5 221
309 0 97 15 222
317 0 97 2 223
328 0 98 4 224
333 0 96 4 225
345 0 98 1 226
345 0 93 15 227
363 0 98 4 228
371 0 97 14 229
372 0 93 5 230
386 0 94 1 231
398 0 96 3 232
407 0 97 14 233
413 0 93 14 234
416 0 108 2 235
407 0 111 15 236
410 0 123 14 237
410 0 132 3 238
410 0 141 3 239
411 0 149 14 240
410 0 157 3 241
405 0 163 15 242
409 0 174 14 243
410 0 183 14 244
409 0 191 2 245
413 0 203 3 246
407 0 207 14 247
409 0 217 2 248
413 0 230 3 249
417 0 243 1 250
416 0 252 2 251
418 0 267 15 252
408 0 262 14 253
399 0 262 4 254
390 0 263 3 255
380 0 264 15 256
371 0 259 2 257
362 0 259 15 258
352 0 266 1 259
345 0 260 1 260
335 0 259 2 261
327 0 261 4 262
317 0 261 2 263
309 0 261 15 264
300 0 261 14 265
292 0 262 4 266
283 0 261 2 267
272 0 256 3 268
265 0 261 14 269
256 0 261 4 270
247 0 261 2 271
236 0 256 3 272
229 0 261 5 273
220 0 261 4 274
212 0 261 3 275
204 0 254 2 276
194 0 261 14 277
185 0 261 4 278
176 0 261 3 279
167 0 261 1 280
158 0 261 14 281
149 0 262 4 282
141 0 259 14 283
131 0 261 1 284
123 0 260 14 285
114 0 261 4 286
106 0 259 14 287
96 0 260 1 288
90 0 257 2 289
79 0 259 15 290
75 0 255 4 291
64 0 257 4 292
55 0 257 2 293
41 0 262 4 294
36 0 268 3 295
20 0 268 14 296
23 0 252 1 297
30 0 236 15 298
30 0 227 2 299
33 0 216 5 300
27 0 212 1 301
28 0 203 4 302
28 0 194 2 303
30 0 183 15 304
30 0 175 1 305
29 0 167 2 306
29 0 159 4 307
29 0 150 15 308
29 0 141 4 309
29 0 133 2 310
28 0 124 15 311
28 0 115 4 312
25 0 108 1 313
5 0 81 4 314
18 0 81 15 315
30 0 81 2 316
45 0 81 5 317
58 0 81 1 318
66 0 83 3 319
79 0 83 5 320
83 0 86 1 321
97 0 84 2 322
111 0 82 5 323
118 0 85 1 324
128 0 85 3 325
137 0 85 5 326
150 0 84 5 327
160 0 85 2 328
170 0 85 4 329
180 0 86 14 330
191 0 85 2 331
201 0 86 4 332
212 0 82 4 333
222 0 85 15 334
232 0 84 15 335
242 0 85 4 336
253 0 85 14 337
263 0 84 14 338
274 0 85 3 339
283 0 84 3 340
297 0 86 1 341
306 0 85 3 342
317 0 85 5 343
327 0 85 15 344
337 0 84 15 345
350 0 86 5 346
352 0 81 3 347
364 0 81 5 348
382 0 85 4 349
387 0 81 3 350
399 0 81 5 351
415 0 81 2 352
427 0 81 4 353
435 0 85 1 354
435 0 98 5 355
435 0 111 14 356
432 0 123 3 357
432 0 134 5 358
433 0 145 4 359
435 0 153 5 360
433 0 166 5 361
435 0 175 5 362
433 0 186 4 363
433 0 197 5 364
435 0 207 5 365
433 0 219 15 366
435 0 229 1 367
432 0 240 4 368
435 0 251 14 369
435 0 264 4 370
435 0 277 14 371
425 0 279 4 372
410 0 279 1 373
397 0 279 5 374
385 0 279 3 375
378 0 275 3 376
366 0 276 14 377
355 0 276 4 378
342 0 279 1 379
333 0 277 14 380
320 0 279 4 381
311 0 278 2 382
300 0 278 15 383
288 0 279 4 384
282 0 273 5 385
271 0 273 3 386
258 0 278 5 387
250 0 273 14 388
238 0 274 3 389
226 0 278 14 390
218 0 274 15 391
207 0 274 5 392
197 0 279 1 393
186 0 273 1 394
175 0 273 5 395
165 0 278 1 396
154 0 273 1 397
145 0 279 4 398
133 0 272 4 399
123 0 277 15 400
113 0 279 5 401
101 0 277 3 402
90 0 276 15 403
79 0 275 15 404
68 0 275 5 405
57 0 274 3 406
51 0 279 15 407
35 0 279 3 408
23 0 279 1 409
11 0 276 14 410
5 0 269 3 411
5 0 257 14 412
12 0 242 5 413
8 0 236 3 414
5 0 224 4 415
5 0 212 3 416
7 0 204 4 417
7 0 193 5 418
15 0 177 4 419
7 0 173 4 420
5 0 161 4 421
7 0 151 3 422
8 0 140 5 423
5 0 128 3 424
9 0 118 4 425
5 0 106 4 426
5 0 93 2 427
