428
60 0 229 5 0
69 0 134 5 1
68 0 218 15 2
74 0 229 1 3
78 0 207 14 4
78 0 126 14 5
87 0 199 2 6
91 0 122 1 7
90 0 230 4 8
95 0 189 5 9
99 0 127 3 10
102 0 180 3 11
102 0 229 15 12
107 0 171 1 13
110 0 135 14 14
111 0 158 2 15
113 0 145 14 16
114 0 229 2 17
123 0 228 4 18
144 0 165 14 19
144 0 179 4 20
146 0 191 2 21
147 0 150 5 22
149 0 205 14 23
151 0 140 1 24
155 0 221 1 25
158 0 131 4 26
165 0 230 5 27
174 0 124 3 28
175 0 234 4 29
190 0 230 3 30
193 0 130 4 31
197 0 222 3 32
201 0 140 4 33
203 0 211 2 34
205 0 154 3 35
205 0 195 4 36
207 0 165 5 37
207 0 180 3 38
229 0 165 1 39
229 0 180 14 40
231 0 191 4 41
232 0 151 15 42
234 0 206 1 43
236 0 141 5 44
240 0 221 4 45
244 0 131 14 46
249 0 230 15 47
260 0 124 14 48
261 0 235 15 49
275 0 229 14 50
278 0 129 14 51
282 0 222 5 52
285 0 138 14 53
288 0 210 4 54
290 0 153 14 55
290 0 194 15 56
292 0 166 15 57
292 0 179 5 58
315 0 164 5 59
315 0 177 3 60
318 0 191 15 61
317 0 150 3 62
320 0 204 5 63
323 0 141 1 64
327 0 221 15 65
331 0 131 3 66
338 0 231 4 67
345 0 122 2 68
347 0 233 3 69
361 0 227 15 70
365 0 129 3 71
368 0 220 1 72
374 0 139 2 73
374 0 208 15 74
377 0 153 2 75
376 0 193 3 76
380 0 166 4 77
379 0 179 1 78
41 0 110 15 79
49 0 110 1 80
58 0 110 3 81
67 0 110 5 82
76 0 110 15 83
84 0 110 1 84
93 0 110 3 85
103 0 110 5 86
112 0 110 15 87
122 0 109 2 88
131 0 109 4 89
140 0 109 5 90
148 0 109 15 91
157 0 109 2 92
165 0 110 3 93
175 0 109 5 94
183 0 110 15 95
192 0 110 2 96
201 0 110 4 97
210 0 109 5 98
219 0 110 15 99
227 0 110 1 100
236 0 110 3 101
245 0 110 5 102
253 0 110 14 103
262 0 109 1 104
272 0 110 3 105
280 0 109 5 106
289 0 109 14 107
299 0 110 1 108
306 0 109 3 109
316 0 110 5 110
326 0 110 15 111
333 0 109 1 112
342 0 109 3 113
352 0 110 5 114
361 0 110 15 115
369 0 109 1 116
379 0 110 3 117
388 0 110 5 118
396 0 110 15 119
399 0 116 2 120
399 0 124 5 121
399 0 133 15 122
399 0 142 2 123
399 0 151 5 124
398 0 159 2 125
397 0 168 15 126
399 0 178 5 127
399 0 185 14 128
398 0 194 15 129
400 0 205 15 130
399 0 213 14 131
399 0 222 15 132
399 0 231 2 133
400 0 240 15 134
398 0 247 2 135
390 0 248 14 136
381 0 249 4 137
372 0 248 2 138
363 0 248 15 139
354 0 248 5 140
343 0 246 5 141
337 0 249 2 142
327 0 248 15 143
319 0 249 5 144
310 0 249 4 145
300 0 248 2 146
292 0 249 15 147
282 0 247 15 148
273 0 248 3 149
265 0 249 2 150
255 0 247 2 151
247 0 249 5 152
238 0 248 3 153
228 0 247 3 154
220 0 249 15 155
212 0 248 14 156
203 0 248 4 157
194 0 249 2 158
185 0 248 15 159
176 0 249 14 160
167 0 248 4 161
159 0 248 2 162
150 0 247 2 163
141 0 248 14 164
132 0 248 4 165
123 0 248 2 166
115 0 247 2 167
104 0 249 5 168
97 0 248 4 169
89 0 247 4 170
79 0 247 2 171
71 0 247 1 172
60 0 248 3 173
51 0 248 2 174
43 0 247 2 175
42 0 239 5 176
40 0 232 5 177
41 0 222 15 178
42 0 213 14 179
43 0 202 2 180
42 0 195 15 181
41 0 186 14 182
41 0 179 5 183
43 0 168 15 184
41 0 161 15 185
41 0 152 5 186
40 0 143 1 187
41 0 134 15 188
40 0 126 5 189
25 0 96 1 190
33 0 98 4 191
43 0 97 14 192
54 0 96 15 193
60 0 98 2 194
69 0 98 4 195
78 0 98 14 196
88 0 98 1 197
96 0 98 3 198
105 0 98 4 199
114 0 98 14 200
123 0 98 1 201
133 0 97 3 202
140 0 98 4 203
150 0 97 14 204
159 0 97 1 205
168 0 98 3 206
177 0 97 5 207
185 0 98 14 208
194 0 98 1 209
203 0 98 3 210
212 0 98 5 211
220 0 98 14 212
229 0 98 15 213
238 0 98 2 214
247 0 98 4 215
256 0 98 14 216
264 0 97 15 217
273 0 98 2 218
282 0 97 4 219
290 0 97 14 220
300 0 98 1 221
310 0 98 3 222
318 0 98 4 223
328 0 98 14 224
336 0 98 1 225
346 0 98 3 226
352 0 96 3 227
363 0 98 14 228
372 0 98 1 229
379 0 97 2 230
389 0 97 4 231
399 0 98 14 232
408 0 98 1 233
415 0 97 3 234
417 0 108 4 235
413 0 115 5 236
414 0 125 2 237
415 0 134 4 238
415 0 143 14 239
415 0 152 2 240
414 0 161 3 241
413 0 168 3 242
414 0 178 1 243
415 0 187 3 244
414 0 195 3 245
415 0 205 3 246
414 0 213 2 247
414 0 222 3 248
416 0 232 3 249
417 0 243 3 250
417 0 252 4 251
417 0 263 3 252
409 0 262 1 253
400 0 262 15 254
391 0 262 5 255
381 0 263 3 256
372 0 260 1 257
363 0 261 14 258
354 0 263 4 259
345 0 261 3 260
336 0 261 1 261
328 0 261 14 262
318 0 261 4 263
310 0 261 3 264
301 0 261 1 265
292 0 262 14 266
283 0 261 4 267
273 0 260 2 268
265 0 261 1 269
256 0 261 14 270
247 0 261 4 271
237 0 260 2 272
229 0 261 15 273
220 0 261 14 274
212 0 261 5 275
203 0 259 14 276
194 0 261 1 277
185 0 261 14 278
176 0 261 5 279
167 0 261 3 280
158 0 261 1 281
149 0 262 14 282
140 0 261 4 283
131 0 261 3 284
122 0 261 1 285
113 0 261 14 286
105 0 261 4 287
96 0 261 3 288
87 0 260 1 289
78 0 261 14 290
71 0 259 1 291
61 0 260 3 292
52 0 260 1 293
41 0 262 14 294
33 0 264 3 295
22 0 264 1 296
23 0 252 3 297
25 0 241 2 298
26 0 232 3 299
26 0 222 4 300
25 0 215 2 301
25 0 206 2 302
25 0 197 3 303
26 0 187 3 304
26 0 179 2 305
25 0 171 5 306
25 0 162 3 307
25 0 153 2 308
25 0 144 5 309
25 0 135 3 310
25 0 126 2 311
25 0 117 2 312
24 0 109 3 313
6 0 84 15 314
18 0 84 2 315
29 0 84 4 316
42 0 84 15 317
53 0 84 2 318
63 0 85 14 319
74 0 85 1 320
83 0 86 3 321
95 0 86 5 322
106 0 85 1 323
116 0 86 3 324
126 0 86 5 325
137 0 86 15 326
148 0 86 2 327
159 0 86 4 328
169 0 86 14 329
180 0 86 1 330
191 0 86 4 331
201 0 86 14 332
212 0 85 1 333
222 0 86 2 334
232 0 86 4 335
243 0 86 14 336
254 0 86 1 337
264 0 86 3 338
275 0 86 14 339
285 0 85 1 340
297 0 86 3 341
307 0 86 5 342
318 0 86 15 343
329 0 86 2 344
339 0 86 4 345
351 0 86 15 346
358 0 84 14 347
370 0 84 2 348
383 0 86 14 349
392 0 84 14 350
403 0 84 1 351
415 0 84 4 352
427 0 84 14 353
434 0 89 14 354
434 0 100 14 355
434 0 112 15 356
432 0 123 5 357
433 0 134 15 358
433 0 145 14 359
434 0 155 14 360
433 0 166 15 361
434 0 177 5 362
433 0 187 14 363
433 0 198 15 364
434 0 208 5 365
433 0 219 2 366
434 0 230 2 367
433 0 241 14 368
434 0 252 15 369
434 0 263 14 370
434 0 275 2 371
423 0 276 5 372
411 0 276 3 373
399 0 276 15 374
388 0 276 5 375
379 0 274 5 376
367 0 274 3 377
357 0 275 1 378
345 0 276 4 379
335 0 275 4 380
323 0 276 14 381
313 0 275 14 382
302 0 275 4 383
291 0 276 15 384
282 0 273 15 385
271 0 273 5 386
260 0 275 3 387
250 0 273 1 388
239 0 274 5 389
227 0 275 3 390
218 0 274 2 391
207 0 274 15 392
197 0 276 3 393
186 0 273 3 394
175 0 273 15 395
165 0 275 5 396
154 0 273 3 397
143 0 276 14 398
132 0 273 14 399
122 0 275 4 400
111 0 276 15 401
100 0 275 14 402
89 0 274 4 403
78 0 274 2 404
67 0 274 15 405
57 0 274 5 406
47 0 276 1 407
35 0 276 5 408
24 0 276 3 409
12 0 274 3 410
6 0 269 14 411
6 0 258 2 412
9 0 245 2 413
7 0 236 5 414
6 0 225 15 415
6 0 214 14 416
7 0 204 14 417
7 0 193 15 418
10 0 180 5 419
7 0 173 14 420
6 0 162 15 421
7 0 151 5 422
7 0 140 15 423
6 0 129 2 424
8 0 119 14 425
6 0 107 15 426
6 0 96 5 427
