428
62 0 226 5 0
77 0 127 15 1
71 0 214 14 2
75 0 228 2 3
90 0 192 3 4
86 0 119 2 5
95 0 188 14 6
103 0 111 14 7
90 0 230 5 8
106 0 176 14 9
105 0 123 4 10
111 0 169 3 11
103 0 228 1 12
113 0 164 1 13
115 0 131 3 14
115 0 153 15 15
117 0 141 4 16
117 0 225 2 17
128 0 223 4 18
148 0 159 3 19
149 0 175 15 20
152 0 186 1 21
152 0 141 4 22
152 0 202 4 23
155 0 133 2 24
156 0 218 5 25
160 0 128 2 26
167 0 224 5 27
176 0 122 5 28
177 0 228 2 29
191 0 226 3 30
195 0 127 2 31
197 0 219 14 32
200 0 139 4 33
203 0 209 3 34
205 0 154 4 35
205 0 194 5 36
207 0 161 14 37
208 0 177 4 38
227 0 161 2 39
228 0 178 15 40
229 0 188 4 41
231 0 146 2 42
233 0 205 2 43
235 0 140 4 44
239 0 218 14 45
243 0 128 4 46
247 0 224 14 47
258 0 122 14 48
260 0 232 1 49
273 0 224 4 50
274 0 122 2 51
279 0 215 4 52
280 0 129 1 53
286 0 206 14 54
285 0 146 14 55
288 0 190 2 56
290 0 162 1 57
288 0 174 14 58
308 0 154 3 59
307 0 166 4 60
315 0 187 5 61
308 0 139 4 62
313 0 193 5 63
320 0 137 15 64
321 0 214 14 65
329 0 129 3 66
337 0 230 5 67
335 0 115 5 68
340 0 222 4 69
351 0 214 5 70
360 0 126 15 71
358 0 208 5 72
369 0 136 2 73
363 0 196 1 74
368 0 146 1 75
366 0 183 15 76
378 0 164 4 77
373 0 174 2 78
47 0 106 2 79
54 0 107 3 80
62 0 107 5 81
71 0 107 15 82
79 0 107 1 83
85 0 109 2 84
95 0 109 4 85
107 0 106 15 86
116 0 106 2 87
129 0 103 14 88
138 0 102 1 89
145 0 103 2 90
153 0 104 4 91
161 0 104 14 92
166 0 109 5 93
177 0 105 15 94
184 0 108 1 95
193 0 110 3 96
201 0 107 5 97
209 0 104 1 98
219 0 110 1 99
227 0 108 2 100
235 0 106 4 101
244 0 108 5 102
252 0 106 15 103
259 0 104 3 104
271 0 109 4 105
276 0 104 15 106
284 0 104 1 107
298 0 110 2 108
299 0 103 4 109
312 0 106 5 110
325 0 110 1 111
328 0 105 1 112
337 0 105 3 113
350 0 109 14 114
359 0 108 15 115
361 0 105 1 116
374 0 107 3 117
383 0 107 5 118
391 0 106 15 119
394 0 113 2 120
392 0 120 14 121
391 0 129 2 122
391 0 137 15 123
390 0 145 14 124
385 0 150 4 125
385 0 158 1 126
394 0 174 14 127
390 0 179 5 128
389 0 187 5 129
397 0 202 3 130
392 0 206 14 131
392 0 215 14 132
393 0 224 15 133
396 0 236 14 134
392 0 240 14 135
384 0 242 4 136
379 0 245 14 137
368 0 243 1 138
360 0 244 3 139
351 0 244 1 140
332 0 233 1 141
335 0 247 5 142
325 0 244 3 143
318 0 247 1 144
310 0 249 5 145
298 0 244 4 146
291 0 247 3 147
280 0 240 5 148
271 0 242 3 149
265 0 248 3 150
253 0 239 5 151
246 0 247 1 152
237 0 244 14 153
227 0 238 15 154
220 0 247 3 155
212 0 243 14 156
203 0 244 15 157
194 0 248 3 158
185 0 241 15 159
176 0 248 15 160
169 0 244 15 161
161 0 243 3 162
155 0 238 15 163
144 0 243 14 164
134 0 244 15 165
127 0 243 3 166
121 0 240 2 167
106 0 247 2 168
103 0 241 5 169
98 0 238 3 170
88 0 239 1 171
80 0 238 14 172
65 0 243 4 173
57 0 241 3 174
49 0 238 15 175
52 0 225 3 176
44 0 228 3 177
50 0 212 1 178
51 0 203 5 179
58 0 187 3 180
50 0 186 1 181
49 0 180 15 182
47 0 174 1 183
58 0 156 3 184
48 0 155 1 185
48 0 146 1 186
45 0 140 1 187
48 0 130 4 188
46 0 122 15 189
31 0 87 1 190
37 0 95 5 191
49 0 93 15 192
67 0 87 1 193
64 0 95 3 194
71 0 96 5 195
80 0 96 14 196
93 0 94 2 197
101 0 95 4 198
108 0 95 5 199
117 0 95 15 200
125 0 95 1 201
138 0 92 5 202
141 0 97 14 203
154 0 94 15 204
163 0 92 3 205
170 0 95 3 206
179 0 94 5 207
187 0 95 15 208
195 0 95 1 209
203 0 98 4 210
212 0 98 14 211
221 0 95 14 212
229 0 95 15 213
237 0 95 2 214
245 0 95 4 215
254 0 95 5 216
261 0 94 15 217
270 0 95 2 218
277 0 93 3 219
284 0 92 5 220
297 0 96 15 221
308 0 97 3 222
315 0 96 4 223
328 0 98 15 224
331 0 95 15 225
344 0 98 3 226
339 0 89 2 227
362 0 97 15 228
370 0 97 2 229
367 0 90 1 230
382 0 92 4 231
396 0 95 14 232
406 0 97 2 233
410 0 88 14 234
415 0 107 5 235
401 0 107 2 236
405 0 120 2 237
406 0 130 5 238
406 0 138 3 239
407 0 147 2 240
405 0 154 2 241
398 0 158 3 242
404 0 171 4 243
406 0 180 1 244
405 0 187 2 245
410 0 200 14 246
402 0 202 4 247
405 0 213 2 248
411 0 228 14 249
417 0 243 4 250
416 0 252 5 251
418 0 272 15 252
408 0 262 2 253
399 0 263 15 254
389 0 264 4 255
379 0 266 2 256
370 0 257 5 257
361 0 258 3 258
350 0 268 5 259
344 0 259 14 260
334 0 258 4 261
327 0 260 15 262
316 0 260 5 263
309 0 261 3 264
299 0 261 1 265
292 0 262 15 266
282 0 261 5 267
271 0 253 4 268
265 0 261 2 269
256 0 261 15 270
246 0 261 5 271
235 0 253 4 272
229 0 261 1 273
220 0 261 15 274
212 0 261 14 275
204 0 250 5 276
195 0 261 2 277
185 0 261 15 278
176 0 261 14 279
167 0 261 4 280
158 0 261 2 281
149 0 262 15 282
142 0 258 2 283
131 0 261 4 284
123 0 259 5 285
114 0 260 15 286
108 0 258 2 287
97 0 259 15 288
92 0 255 4 289
80 0 258 3 290
80 0 251 1 291
66 0 255 14 292
58 0 255 4 293
41 0 262 15 294
38 0 273 2 295
18 0 272 5 296
23 0 252 4 297
34 0 231 1 298
35 0 222 14 299
38 0 210 5 300
30 0 209 3 301
31 0 200 1 302
32 0 191 1 303
35 0 180 4 304
35 0 172 1 305
33 0 164 14 306
32 0 156 5 307
33 0 147 5 308
32 0 139 14 309
33 0 131 1 310
31 0 123 4 311
31 0 113 1 312
26 0 107 5 313
4 0 77 15 314
17 0 77 3 315
31 0 77 14 316
49 0 77 2 317
63 0 77 5 318
70 0 81 14 319
83 0 80 2 320
83 0 86 4 321
99 0 83 5 322
115 0 79 1 323
119 0 83 2 324
129 0 84 4 325
138 0 85 1 326
151 0 83 2 327
160 0 84 3 328
170 0 85 15 329
180 0 85 2 330
192 0 83 3 331
201 0 86 15 332
212 0 79 15 333
222 0 83 1 334
232 0 83 3 335
242 0 84 5 336
253 0 84 15 337
261 0 82 2 338
272 0 83 4 339
281 0 82 14 340
297 0 86 4 341
305 0 85 14 342
316 0 85 1 343
325 0 84 1 344
335 0 83 3 345
349 0 85 15 346
345 0 77 5 347
359 0 77 15 348
380 0 84 5 349
382 0 77 5 350
396 0 77 1 351
414 0 77 4 352
427 0 77 15 353
436 0 82 2 354
436 0 96 15 355
436 0 109 2 356
431 0 122 14 357
432 0 133 1 358
433 0 145 15 359
436 0 151 15 360
433 0 166 1 361
436 0 174 1 362
433 0 186 15 363
433 0 197 1 364
436 0 205 1 365
433 0 219 3 366
436 0 228 4 367
432 0 240 15 368
436 0 251 2 369
436 0 265 15 370
436 0 279 2 371
427 0 283 15 372
409 0 283 3 373
395 0 283 1 374
381 0 283 5 375
378 0 276 4 376
365 0 277 2 377
354 0 278 14 378
340 0 283 4 379
331 0 280 2 380
317 0 283 14 381
309 0 280 4 382
298 0 281 2 383
285 0 283 15 384
281 0 272 1 385
270 0 273 14 386
257 0 281 1 387
250 0 273 2 388
238 0 274 14 389
225 0 281 2 390
218 0 274 3 391
207 0 274 1 392
197 0 283 4 393
186 0 273 4 394
175 0 273 1 395
166 0 281 5 396
154 0 272 4 397
146 0 283 1 398
133 0 271 4 399
124 0 280 3 400
114 0 283 1 401
102 0 279 14 402
90 0 278 3 403
79 0 277 1 404
68 0 276 14 405
57 0 275 14 406
54 0 283 3 407
36 0 283 15 408
22 0 283 4 409
9 0 278 1 410
4 0 269 14 411
4 0 256 2 412
16 0 238 1 413
8 0 235 15 414
4 0 223 15 415
4 0 210 5 416
7 0 204 15 417
7 0 192 1 418
19 0 173 2 419
7 0 172 3 420
4 0 160 2 421
7 0 151 14 422
8 0 139 1 423
4 0 127 14 424
10 0 118 15 425
4 0 104 2 426
4 0 91 14 427
