428
63 0 224 3 0
84 0 121 5 1
74 0 210 3 2
76 0 227 14 3
99 0 180 1 4
93 0 113 4 5
103 0 180 2 6
115 0 101 1 7
90 0 230 3 8
116 0 163 15 9
109 0 118 4 10
119 0 158 2 11
104 0 227 4 12
117 0 158 2 13
119 0 126 14 14
118 0 148 14 15
120 0 137 15 16
120 0 223 15 17
131 0 219 5 18
151 0 153 14 19
153 0 171 2 20
156 0 182 14 21
157 0 134 1 22
154 0 199 15 23
158 0 127 15 24
158 0 215 15 25
161 0 126 1 26
170 0 218 5 27
177 0 121 3 28
178 0 223 5 29
191 0 223 1 30
196 0 125 1 31
197 0 216 4 32
200 0 138 2 33
203 0 206 2 34
204 0 154 2 35
205 0 192 3 36
207 0 158 14 37
208 0 175 3 38
226 0 157 2 39
228 0 177 5 40
228 0 184 14 41
231 0 142 3 42
233 0 205 15 43
235 0 138 2 44
238 0 214 1 45
243 0 126 2 46
246 0 219 14 47
257 0 121 4 48
260 0 230 2 49
272 0 220 2 50
270 0 116 1 51
276 0 209 1 52
275 0 122 1 53
283 0 202 14 54
282 0 140 14 55
285 0 187 4 56
289 0 159 15 57
285 0 169 15 58
302 0 146 15 59
301 0 156 15 60
312 0 183 1 61
300 0 130 3 62
307 0 184 1 63
317 0 135 4 64
317 0 208 2 65
326 0 127 5 66
337 0 229 3 67
325 0 108 14 68
335 0 213 15 69
343 0 202 4 70
355 0 122 3 71
350 0 197 4 72
364 0 132 1 73
353 0 185 3 74
360 0 140 14 75
357 0 176 4 76
376 0 162 2 77
367 0 169 2 78
52 0 103 3 79
57 0 105 2 80
66 0 105 4 81
74 0 105 5 82
82 0 105 15 83
86 0 108 1 84
97 0 107 3 85
110 0 103 15 86
119 0 104 2 87
134 0 99 2 88
144 0 96 3 89
150 0 98 5 90
156 0 99 15 91
164 0 99 1 92
167 0 108 3 93
179 0 101 15 94
184 0 107 14 95
193 0 110 1 96
201 0 104 5 97
209 0 99 3 98
218 0 110 14 99
227 0 106 15 100
235 0 103 4 101
244 0 107 3 102
250 0 103 15 103
256 0 100 5 104
270 0 107 2 105
272 0 100 1 106
280 0 100 3 107
298 0 109 15 108
294 0 98 5 109
308 0 103 4 110
325 0 110 14 111
323 0 102 15 112
332 0 102 2 113
349 0 108 3 114
356 0 107 5 115
353 0 101 14 116
369 0 104 2 117
378 0 104 4 118
385 0 103 14 119
389 0 110 4 120
387 0 117 3 121
385 0 124 2 122
385 0 133 4 123
383 0 140 3 124
375 0 142 4 125
374 0 149 14 126
389 0 170 14 127
382 0 172 5 128
381 0 180 1 129
394 0 199 5 130
386 0 200 14 131
386 0 209 2 132
387 0 218 14 133
393 0 233 4 134
387 0 233 3 135
380 0 236 1 136
377 0 242 1 137
365 0 238 5 138
357 0 241 4 139
348 0 241 2 140
323 0 222 5 141
334 0 245 2 142
323 0 241 4 143
317 0 246 14 144
309 0 249 2 145
296 0 241 14 146
290 0 246 1 147
278 0 233 2 148
270 0 237 15 149
264 0 246 2 150
250 0 231 15 151
246 0 246 14 152
236 0 241 1 153
225 0 230 2 154
220 0 246 1 155
211 0 238 3 156
203 0 241 2 157
195 0 246 3 158
186 0 236 5 159
176 0 246 15 160
170 0 241 2 161
163 0 238 15 162
159 0 230 3 163
147 0 238 4 164
137 0 241 3 165
131 0 238 1 166
127 0 234 1 167
108 0 246 15 168
108 0 236 3 169
107 0 230 15 170
95 0 232 1 171
89 0 230 3 172
69 0 238 2 173
61 0 235 2 174
55 0 230 3 175
61 0 214 2 176
47 0 224 15 177
58 0 203 4 178
59 0 194 2 179
71 0 175 4 180
58 0 179 15 181
55 0 174 15 182
52 0 169 3 183
72 0 145 4 184
54 0 149 14 185
54 0 141 3 186
50 0 136 15 187
54 0 126 15 188
50 0 119 14 189
36 0 80 5 190
41 0 93 4 191
54 0 89 15 192
79 0 80 14 193
67 0 93 2 194
74 0 95 3 195
82 0 95 5 196
98 0 91 2 197
104 0 92 3 198
111 0 93 4 199
119 0 93 5 200
127 0 93 15 201
144 0 88 15 202
142 0 96 3 203
157 0 90 15 204
167 0 88 5 205
171 0 93 2 206
181 0 90 5 207
188 0 92 14 208
195 0 93 14 209
203 0 97 2 210
213 0 97 4 211
221 0 93 4 212
229 0 92 14 213
237 0 93 15 214
244 0 92 2 215
252 0 93 3 216
259 0 90 5 217
268 0 92 15 218
273 0 90 1 219
279 0 87 5 220
295 0 94 5 221
306 0 96 15 222
313 0 94 1 223
327 0 98 5 224
327 0 93 4 225
343 0 97 1 226
329 0 83 14 227
360 0 96 4 228
368 0 95 5 229
356 0 84 5 230
376 0 87 4 231
393 0 93 3 232
405 0 96 14 233
405 0 81 1 234
414 0 107 2 235
390 0 100 4 236
398 0 116 1 237
399 0 125 5 238
399 0 134 14 239
400 0 142 2 240
397 0 148 4 241
385 0 149 2 242
396 0 164 14 243
399 0 175 5 244
396 0 180 4 245
405 0 196 1 246
391 0 193 5 247
396 0 205 5 248
406 0 224 1 249
417 0 243 2 250
415 0 252 3 251
419 0 279 3 252
407 0 262 15 253
398 0 264 4 254
388 0 266 2 255
376 0 269 1 256
368 0 253 15 257
359 0 256 15 258
346 0 273 5 259
342 0 258 4 260
332 0 256 2 261
326 0 259 1 262
314 0 259 5 263
309 0 261 1 264
298 0 260 14 265
292 0 262 5 266
282 0 260 3 267
269 0 248 1 268
265 0 260 15 269
255 0 260 5 270
246 0 260 3 271
234 0 247 3 272
230 0 260 15 273
220 0 260 5 274
211 0 260 4 275
204 0 242 2 276
195 0 260 15 277
186 0 260 14 278
177 0 260 4 279
168 0 260 2 280
159 0 260 15 281
149 0 262 5 282
143 0 256 15 283
132 0 261 2 284
124 0 257 3 285
115 0 259 1 286
110 0 255 5 287
99 0 258 5 288
97 0 250 3 289
82 0 256 2 290
88 0 243 15 291
71 0 250 5 292
63 0 250 3 293
41 0 262 5 294
42 0 280 14 295
14 0 279 15 296
23 0 251 2 297
42 0 223 14 298
43 0 213 5 299
49 0 199 15 300
35 0 205 3 301
36 0 195 5 302
38 0 185 4 303
43 0 173 5 304
43 0 165 14 305
40 0 158 15 306
38 0 150 3 307
40 0 141 15 308
39 0 134 5 309
40 0 126 4 310
37 0 119 4 311
37 0 110 5 312
29 0 105 3 313
2 0 71 4 314
17 0 71 15 315
33 0 71 3 316
56 0 71 1 317
72 0 71 4 318
76 0 78 14 319
90 0 76 3 320
84 0 86 2 321
103 0 81 4 322
122 0 75 3 323
122 0 81 1 324
131 0 82 3 325
139 0 83 4 326
154 0 80 15 327
162 0 82 2 328
171 0 84 4 329
181 0 84 14 330
193 0 81 1 331
201 0 85 5 332
213 0 74 15 333
223 0 81 14 334
232 0 81 1 335
241 0 82 3 336
252 0 83 5 337
259 0 80 14 338
270 0 81 2 339
277 0 78 3 340
296 0 86 2 341
303 0 84 1 342
314 0 84 3 343
323 0 82 5 344
331 0 81 15 345
347 0 84 3 346
334 0 71 14 347
349 0 71 2 348
378 0 82 2 349
373 0 71 15 350
389 0 71 3 351
412 0 71 1 352
428 0 71 4 353
438 0 76 2 354
438 0 91 14 355
438 0 107 15 356
429 0 121 3 357
431 0 133 14 358
433 0 145 5 359
438 0 147 14 360
433 0 165 14 361
438 0 171 2 362
434 0 185 5 363
434 0 196 14 364
438 0 203 2 365
432 0 218 1 366
438 0 227 15 367
431 0 238 4 368
438 0 251 15 369
438 0 266 5 370
438 0 282 15 371
430 0 289 5 372
407 0 289 15 373
391 0 289 4 374
376 0 289 1 375
377 0 277 2 376
362 0 280 14 377
352 0 281 4 378
335 0 289 15 379
327 0 284 1 380
311 0 289 2 381
306 0 285 4 382
294 0 285 1 383
279 0 289 2 384
281 0 272 14 385
269 0 273 3 386
254 0 286 15 387
250 0 273 15 388
238 0 274 4 389
222 0 286 1 390
219 0 274 1 391
207 0 274 14 392
198 0 289 1 393
187 0 273 2 394
175 0 273 14 395
167 0 285 5 396
155 0 272 2 397
149 0 289 5 398
135 0 268 2 399
127 0 284 4 400
117 0 289 14 401
104 0 282 4 402
91 0 280 2 403
80 0 279 14 404
68 0 277 4 405
58 0 275 4 406
59 0 289 1 407
36 0 289 4 408
21 0 289 1 409
6 0 281 14 410
2 0 270 4 411
2 0 254 5 412
22 0 232 1 413
8 0 234 5 414
2 0 222 5 415
2 0 206 4 416
7 0 204 5 417
6 0 192 14 418
28 0 166 3 419
6 0 172 1 420
2 0 158 15 421
7 0 151 4 422
9 0 138 14 423
2 0 126 4 424
12 0 117 14 425
2 0 102 15 426
2 0 86 15 427
