428
60 0 228 2 0
73 0 131 5 1
69 0 216 4 2
75 0 229 5 3
83 0 201 15 4
82 0 123 3 5
91 0 195 15 6
96 0 117 15 7
90 0 230 1 8
100 0 183 14 9
102 0 125 1 10
106 0 176 2 11
103 0 229 4 12
110 0 168 3 13
112 0 133 4 14
113 0 156 3 15
115 0 143 14 16
115 0 227 4 17
125 0 226 14 18
146 0 162 4 19
146 0 177 2 20
149 0 189 14 21
149 0 146 3 22
150 0 204 3 23
153 0 137 5 24
155 0 220 5 25
159 0 130 1 26
166 0 227 1 27
175 0 123 15 28
176 0 232 2 29
190 0 228 15 30
194 0 129 1 31
197 0 221 15 32
201 0 140 1 33
203 0 210 14 34
205 0 154 15 35
205 0 194 1 36
207 0 164 2 37
207 0 179 15 38
228 0 163 5 39
229 0 179 3 40
230 0 190 1 41
232 0 149 4 42
234 0 206 5 43
236 0 140 15 44
239 0 220 15 45
244 0 130 3 46
249 0 227 2 47
259 0 123 2 48
261 0 234 4 49
275 0 227 1 50
276 0 126 15 51
281 0 219 4 52
283 0 134 2 53
287 0 208 1 54
288 0 150 1 55
289 0 193 3 56
292 0 164 4 57
290 0 177 2 58
312 0 160 3 59
312 0 173 15 60
317 0 189 4 61
313 0 145 15 62
317 0 199 2 63
322 0 139 3 64
324 0 218 5 65
330 0 130 15 66
338 0 231 1 67
341 0 119 14 68
344 0 228 2 69
357 0 221 3 70
363 0 128 3 71
364 0 215 3 72
371 0 138 14 73
369 0 203 15 74
373 0 150 4 75
372 0 189 1 76
379 0 165 15 77
377 0 177 5 78
43 0 108 4 79
51 0 109 14 80
60 0 109 15 81
69 0 109 2 82
77 0 109 4 83
85 0 110 5 84
94 0 109 15 85
105 0 108 2 86
114 0 108 4 87
125 0 107 14 88
134 0 106 1 89
142 0 106 3 90
150 0 107 4 91
159 0 107 14 92
166 0 110 1 93
176 0 107 3 94
183 0 109 4 95
192 0 110 14 96
201 0 108 1 97
210 0 107 2 98
219 0 110 4 99
227 0 109 5 100
236 0 108 15 101
245 0 109 2 102
253 0 108 3 103
261 0 107 5 104
271 0 109 15 105
278 0 107 1 106
287 0 107 3 107
299 0 110 5 108
303 0 106 14 109
314 0 108 1 110
326 0 110 4 111
331 0 108 5 112
340 0 108 15 113
352 0 110 2 114
360 0 109 4 115
365 0 107 5 116
376 0 108 15 117
385 0 108 2 118
394 0 108 3 119
397 0 114 14 120
396 0 123 2 121
396 0 131 14 122
396 0 140 4 123
395 0 148 3 124
392 0 155 2 125
392 0 164 3 126
397 0 176 3 127
395 0 182 2 128
394 0 191 5 129
399 0 203 14 130
396 0 210 2 131
396 0 219 14 132
396 0 228 14 133
398 0 239 2 134
396 0 244 14 135
387 0 245 4 136
380 0 247 3 137
370 0 246 1 138
362 0 247 14 139
353 0 247 4 140
338 0 240 5 141
336 0 248 14 142
326 0 247 14 143
318 0 248 2 144
310 0 249 1 145
299 0 247 15 146
291 0 248 4 147
281 0 244 4 148
273 0 245 2 149
265 0 248 14 150
254 0 244 5 151
247 0 248 2 152
237 0 247 2 153
228 0 243 4 154
220 0 248 4 155
212 0 246 5 156
203 0 247 3 157
194 0 248 14 158
185 0 245 14 159
176 0 248 3 160
168 0 247 3 161
160 0 246 1 162
152 0 243 4 163
142 0 246 5 164
133 0 247 3 165
125 0 246 1 166
117 0 244 15 167
105 0 248 2 168
99 0 245 3 169
93 0 243 14 170
83 0 244 15 171
75 0 243 2 172
62 0 246 3 173
54 0 245 1 174
45 0 243 3 175
46 0 233 4 176
42 0 230 14 177
45 0 218 14 178
46 0 209 3 179
50 0 196 5 180
45 0 191 14 181
44 0 183 2 182
43 0 177 2 183
50 0 163 5 184
44 0 158 14 185
44 0 150 2 186
42 0 142 14 187
44 0 132 14 188
43 0 124 2 189
27 0 92 15 190
35 0 97 1 191
45 0 95 2 192
59 0 92 14 193
62 0 97 15 194
70 0 97 1 195
79 0 97 3 196
90 0 96 4 197
98 0 96 14 198
106 0 97 2 199
115 0 97 3 200
124 0 97 5 201
135 0 95 14 202
141 0 98 2 203
152 0 96 3 204
161 0 95 5 205
168 0 97 15 206
178 0 96 1 207
186 0 96 3 208
194 0 97 5 209
203 0 98 15 210
212 0 98 2 211
220 0 97 3 212
229 0 96 3 213
238 0 97 14 214
246 0 96 15 215
255 0 97 3 216
263 0 96 3 217
272 0 96 5 218
280 0 96 15 219
288 0 95 1 220
299 0 97 4 221
309 0 98 14 222
317 0 97 1 223
328 0 98 3 224
334 0 97 4 225
345 0 98 15 226
346 0 93 14 227
363 0 98 3 228
371 0 97 5 229
373 0 94 4 230
386 0 95 15 231
398 0 97 3 232
408 0 98 5 233
413 0 93 5 234
416 0 108 1 235
408 0 112 14 236
411 0 123 5 237
411 0 132 2 238
411 0 141 2 239
411 0 150 5 240
410 0 158 2 241
407 0 164 14 242
410 0 175 14 243
411 0 184 14 244
410 0 192 15 245
413 0 203 2 246
408 0 208 4 247
410 0 218 2 248
413 0 230 2 249
417 0 243 15 250
416 0 252 1 251
418 0 267 14 252
408 0 262 5 253
399 0 262 3 254
390 0 263 2 255
380 0 264 14 256
371 0 259 1 257
362 0 260 3 258
352 0 265 15 259
345 0 260 15 260
335 0 260 5 261
327 0 261 3 262
317 0 261 1 263
310 0 261 15 264
300 0 261 5 265
292 0 262 3 266
283 0 261 1 267
272 0 257 2 268
265 0 261 5 269
256 0 261 3 270
247 0 261 1 271
237 0 257 2 272
229 0 261 4 273
220 0 261 3 274
212 0 261 2 275
203 0 255 1 276
194 0 261 5 277
185 0 261 3 278
176 0 261 2 279
167 0 261 15 280
158 0 261 5 281
149 0 262 3 282
141 0 260 2 283
131 0 261 15 284
123 0 260 5 285
114 0 261 3 286
106 0 259 5 287
96 0 260 15 288
89 0 258 1 289
79 0 260 3 290
75 0 255 3 291
63 0 258 3 292
54 0 258 1 293
41 0 262 3 294
35 0 268 1 295
20 0 267 4 296
23 0 252 15 297
29 0 237 14 298
30 0 228 3 299
32 0 217 4 300
27 0 213 15 301
27 0 203 3 302
28 0 194 1 303
30 0 184 15 304
29 0 176 15 305
28 0 168 1 306
28 0 159 3 307
29 0 150 14 308
28 0 142 3 309
29 0 133 1 310
28 0 125 15 311
28 0 116 3 312
25 0 108 15 313
5 0 81 3 314
18 0 81 14 315
30 0 81 1 316
45 0 81 4 317
57 0 81 15 318
66 0 84 2 319
78 0 83 4 320
83 0 86 15 321
97 0 85 3 322
110 0 83 3 323
117 0 85 15 324
127 0 85 2 325
137 0 85 4 326
150 0 84 4 327
159 0 85 1 328
170 0 86 3 329
180 0 86 5 330
191 0 85 1 331
201 0 86 3 332
212 0 82 3 333
222 0 85 14 334
232 0 85 1 335
243 0 85 3 336
253 0 85 5 337
263 0 84 5 338
274 0 85 2 339
283 0 84 2 340
297 0 86 15 341
307 0 86 2 342
317 0 86 4 343
327 0 85 14 344
337 0 85 1 345
350 0 86 4 346
353 0 81 2 347
365 0 81 5 348
382 0 85 3 349
388 0 81 2 350
400 0 81 5 351
415 0 81 1 352
427 0 81 3 353
435 0 86 15 354
435 0 98 4 355
435 0 111 5 356
432 0 123 2 357
432 0 134 4 358
433 0 145 3 359
435 0 153 4 360
433 0 166 4 361
435 0 175 4 362
433 0 186 3 363
433 0 197 4 364
435 0 207 4 365
433 0 219 14 366
435 0 229 15 367
432 0 240 3 368
435 0 252 5 369
435 0 264 3 370
435 0 276 5 371
425 0 279 3 372
410 0 279 15 373
398 0 279 4 374
385 0 279 2 375
378 0 275 2 376
366 0 276 5 377
356 0 276 3 378
343 0 279 15 379
333 0 277 5 380
321 0 279 3 381
312 0 277 1 382
300 0 277 14 383
288 0 279 3 384
282 0 273 4 385
271 0 273 2 386
258 0 278 4 387
250 0 273 5 388
238 0 274 2 389
226 0 278 5 390
218 0 274 14 391
207 0 274 4 392
197 0 279 15 393
186 0 273 15 394
175 0 273 4 395
165 0 277 15 396
154 0 273 15 397
145 0 279 3 398
133 0 272 3 399
123 0 277 14 400
112 0 279 4 401
101 0 276 2 402
89 0 276 14 403
79 0 275 14 404
68 0 275 4 405
57 0 274 2 406
50 0 279 5 407
35 0 279 2 408
23 0 279 15 409
11 0 276 5 410
5 0 269 2 411
5 0 257 5 412
12 0 242 4 413
7 0 236 2 414
5 0 224 3 415
5 0 212 2 416
7 0 204 3 417
7 0 193 4 418
14 0 178 3 419
7 0 173 3 420
5 0 161 3 421
7 0 151 2 422
8 0 140 4 423
5 0 128 2 424
9 0 118 3 425
5 0 106 3 426
5 0 94 1 427
