428
60 0 229 4 0
69 0 135 4 1
68 0 218 14 2
74 0 229 15 3
78 0 208 4 4
78 0 127 5 5
87 0 200 3 6
90 0 122 14 7
90 0 230 3 8
95 0 190 4 9
99 0 127 2 10
101 0 180 2 11
102 0 229 14 12
107 0 171 15 13
110 0 135 5 14
111 0 158 1 15
113 0 145 5 16
114 0 229 1 17
123 0 228 3 18
144 0 165 5 19
144 0 179 3 20
146 0 191 1 21
147 0 150 4 22
149 0 206 5 23
151 0 140 15 24
154 0 222 15 25
158 0 131 3 26
165 0 230 4 27
174 0 124 2 28
175 0 234 3 29
190 0 230 2 30
193 0 130 3 31
197 0 223 2 32
201 0 140 3 33
203 0 211 1 34
205 0 154 2 35
205 0 195 3 36
207 0 165 4 37
207 0 180 2 38
229 0 165 15 39
229 0 180 5 40
231 0 192 1 41
232 0 151 14 42
234 0 206 15 43
236 0 141 4 44
240 0 222 3 45
244 0 131 5 46
249 0 230 14 47
260 0 124 5 48
261 0 235 14 49
275 0 229 5 50
278 0 129 5 51
282 0 222 4 52
286 0 138 5 53
288 0 210 3 54
290 0 153 5 55
290 0 194 14 56
292 0 166 14 57
292 0 179 4 58
315 0 164 4 59
315 0 178 2 60
318 0 191 14 61
318 0 150 2 62
320 0 204 4 63
323 0 141 15 64
327 0 221 14 65
331 0 131 2 66
338 0 231 3 67
345 0 123 1 68
347 0 233 2 69
361 0 227 14 70
366 0 130 2 71
368 0 220 15 72
374 0 140 1 73
374 0 208 14 74
377 0 153 1 75
376 0 193 2 76
380 0 166 3 77
379 0 179 15 78
41 0 110 14 79
49 0 110 15 80
58 0 110 2 81
67 0 110 4 82
76 0 110 14 83
84 0 110 15 84
93 0 110 2 85
103 0 110 4 86
112 0 110 14 87
122 0 109 1 88
131 0 109 3 89
139 0 109 4 90
148 0 109 14 91
157 0 109 1 92
165 0 110 2 93
175 0 109 4 94
183 0 110 14 95
192 0 110 1 96
201 0 110 3 97
210 0 109 4 98
219 0 110 14 99
227 0 110 15 100
236 0 110 2 101
245 0 110 4 102
254 0 110 5 103
262 0 109 15 104
272 0 110 2 105
280 0 109 4 106
289 0 109 5 107
299 0 110 15 108
306 0 109 2 109
316 0 110 4 110
326 0 110 14 111
334 0 109 15 112
343 0 109 2 113
352 0 110 4 114
361 0 110 14 115
369 0 109 15 116
379 0 110 2 117
388 0 110 4 118
396 0 110 14 119
400 0 116 2 120
399 0 124 4 121
399 0 133 14 122
399 0 142 1 123
399 0 151 4 124
398 0 159 1 125
398 0 168 14 126
400 0 178 5 127
399 0 185 5 128
399 0 194 14 129
400 0 205 14 130
399 0 213 5 131
399 0 222 14 132
399 0 231 1 133
400 0 240 14 134
398 0 248 14 135
390 0 248 5 136
381 0 249 3 137
372 0 248 1 138
363 0 248 14 139
354 0 248 4 140
343 0 246 4 141
337 0 249 1 142
327 0 248 14 143
319 0 249 4 144
310 0 249 3 145
300 0 248 1 146
292 0 249 14 147
282 0 247 14 148
273 0 248 2 149
265 0 249 1 150
255 0 247 1 151
247 0 249 4 152
238 0 248 2 153
229 0 247 2 154
220 0 249 14 155
212 0 248 5 156
203 0 248 3 157
194 0 249 1 158
185 0 248 14 159
176 0 249 5 160
167 0 248 3 161
159 0 248 1 162
150 0 247 1 163
141 0 248 5 164
132 0 248 3 165
123 0 248 1 166
115 0 248 14 167
104 0 249 4 168
97 0 248 3 169
89 0 247 3 170
79 0 247 1 171
71 0 247 15 172
60 0 248 2 173
51 0 248 1 174
43 0 247 1 175
42 0 239 4 176
40 0 232 4 177
41 0 222 14 178
41 0 213 5 179
43 0 203 1 180
41 0 195 14 181
41 0 187 5 182
41 0 179 4 183
43 0 168 14 184
41 0 161 14 185
41 0 152 4 186
40 0 143 15 187
41 0 134 14 188
40 0 126 4 189
25 0 96 15 190
33 0 98 3 191
43 0 97 5 192
54 0 96 14 193
60 0 98 1 194
69 0 98 3 195
78 0 98 5 196
87 0 98 15 197
96 0 98 2 198
105 0 98 3 199
114 0 98 5 200
123 0 98 15 201
133 0 97 2 202
140 0 98 3 203
150 0 97 5 204
159 0 97 15 205
168 0 98 2 206
177 0 97 4 207
185 0 98 5 208
194 0 98 15 209
203 0 98 2 210
212 0 98 4 211
220 0 98 5 212
229 0 98 14 213
238 0 98 1 214
247 0 98 3 215
256 0 98 5 216
264 0 97 14 217
273 0 98 1 218
282 0 97 3 219
290 0 97 5 220
300 0 98 15 221
310 0 98 2 222
318 0 98 3 223
328 0 98 5 224
336 0 98 15 225
346 0 98 2 226
352 0 97 3 227
364 0 98 5 228
372 0 98 15 229
379 0 97 1 230
389 0 97 3 231
399 0 98 5 232
408 0 98 15 233
416 0 97 2 234
417 0 108 3 235
414 0 115 4 236
415 0 125 2 237
415 0 134 3 238
415 0 143 5 239
415 0 152 1 240
415 0 161 3 241
413 0 169 4 242
414 0 179 15 243
415 0 187 2 244
414 0 195 2 245
416 0 205 2 246
414 0 213 1 247
414 0 222 2 248
416 0 232 2 249
417 0 243 2 250
417 0 252 3 251
417 0 263 2 252
409 0 262 15 253
400 0 262 14 254
391 0 262 4 255
381 0 262 2 256
372 0 261 15 257
363 0 261 5 258
354 0 263 3 259
346 0 261 2 260
336 0 261 15 261
328 0 261 5 262
318 0 261 3 263
310 0 261 2 264
301 0 261 15 265
292 0 262 5 266
283 0 261 3 267
273 0 260 1 268
265 0 261 15 269
256 0 261 5 270
247 0 261 3 271
237 0 260 1 272
229 0 261 14 273
220 0 261 5 274
212 0 261 4 275
203 0 259 5 276
194 0 261 15 277
185 0 261 5 278
176 0 261 4 279
167 0 261 2 280
158 0 261 15 281
149 0 262 5 282
140 0 261 3 283
131 0 261 2 284
122 0 261 15 285
113 0 261 5 286
105 0 261 3 287
95 0 261 1 288
87 0 260 15 289
78 0 261 5 290
70 0 259 14 291
60 0 260 1 292
52 0 260 15 293
41 0 262 5 294
33 0 264 2 295
22 0 264 15 296
23 0 252 2 297
25 0 241 1 298
25 0 232 1 299
26 0 222 3 300
24 0 215 1 301
25 0 206 1 302
25 0 197 2 303
25 0 187 1 304
25 0 179 15 305
25 0 171 4 306
25 0 162 2 307
25 0 153 1 308
25 0 144 4 309
25 0 135 2 310
25 0 126 1 311
25 0 117 1 312
24 0 109 2 313
6 0 85 1 314
18 0 85 3 315
29 0 85 5 316
41 0 85 1 317
53 0 85 3 318
63 0 85 5 319
74 0 85 15 320
83 0 86 2 321
95 0 86 4 322
106 0 85 15 323
116 0 86 2 324
126 0 86 4 325
137 0 86 14 326
148 0 86 1 327
159 0 86 3 328
169 0 86 5 329
180 0 86 15 330
191 0 86 3 331
201 0 86 5 332
212 0 85 15 333
222 0 86 1 334
232 0 86 3 335
243 0 86 5 336
254 0 86 15 337
264 0 86 2 338
275 0 86 5 339
285 0 86 15 340
297 0 86 2 341
308 0 86 4 342
318 0 86 14 343
329 0 86 1 344
339 0 86 3 345
351 0 86 14 346
359 0 85 15 347
370 0 85 3 348
383 0 86 5 349
392 0 85 15 350
403 0 85 2 351
416 0 85 5 352
427 0 85 15 353
434 0 89 5 354
434 0 101 1 355
434 0 112 14 356
433 0 123 4 357
433 0 134 14 358
433 0 145 5 359
434 0 155 5 360
433 0 166 14 361
434 0 177 4 362
433 0 187 5 363
433 0 198 14 364
434 0 208 4 365
433 0 219 1 366
434 0 230 1 367
433 0 241 5 368
434 0 252 14 369
434 0 263 5 370
434 0 275 1 371
423 0 275 14 372
411 0 275 4 373
400 0 275 2 374
388 0 275 14 375
379 0 274 4 376
368 0 274 2 377
357 0 274 15 378
345 0 275 5 379
335 0 275 3 380
323 0 275 15 381
313 0 275 5 382
302 0 275 3 383
291 0 275 1 384
282 0 273 14 385
271 0 273 4 386
260 0 275 2 387
250 0 273 15 388
239 0 274 4 389
227 0 275 2 390
218 0 274 1 391
207 0 274 14 392
197 0 275 4 393
186 0 273 2 394
175 0 273 14 395
165 0 275 4 396
154 0 273 2 397
143 0 275 15 398
132 0 273 5 399
122 0 275 3 400
111 0 275 1 401
100 0 275 5 402
89 0 274 3 403
78 0 274 1 404
67 0 274 14 405
57 0 274 4 406
47 0 275 2 407
35 0 275 14 408
24 0 275 4 409
12 0 274 2 410
6 0 269 5 411
6 0 258 1 412
9 0 245 1 413
7 0 236 4 414
6 0 225 14 415
6 0 214 5 416
7 0 204 5 417
7 0 193 14 418
10 0 180 4 419
7 0 173 5 420
6 0 162 14 421
7 0 151 4 422
7 0 140 14 423
6 0 129 1 424
8 0 119 5 425
6 0 107 14 426
6 0 96 4 427
