428
62 0 226 14 0
78 0 127 1 1
72 0 213 15 2
75 0 228 3 3
91 0 190 15 4
87 0 119 3 5
96 0 187 5 6
105 0 109 15 7
90 0 230 14 8
108 0 174 15 9
105 0 122 5 10
112 0 167 2 11
103 0 228 2 12
113 0 163 2 13
115 0 130 4 14
115 0 152 15 15
117 0 140 3 16
117 0 225 3 17
128 0 222 5 18
148 0 158 4 19
149 0 175 1 20
152 0 185 2 21
153 0 140 3 22
152 0 201 5 23
155 0 132 5 24
157 0 217 14 25
160 0 128 3 26
168 0 223 14 27
176 0 122 14 28
177 0 228 3 29
191 0 226 4 30
195 0 127 3 31
197 0 218 15 32
200 0 139 5 33
203 0 208 4 34
205 0 154 5 35
205 0 193 14 36
207 0 161 15 37
208 0 177 5 38
227 0 161 3 39
228 0 178 1 40
229 0 187 2 41
231 0 146 3 42
233 0 205 3 43
235 0 139 5 44
239 0 217 15 45
243 0 128 5 46
247 0 223 15 47
258 0 122 15 48
260 0 232 2 49
273 0 224 5 50
273 0 121 3 51
279 0 214 5 52
279 0 128 5 53
285 0 205 15 54
285 0 145 15 55
287 0 190 3 56
290 0 162 2 57
288 0 173 15 58
307 0 153 4 59
306 0 165 5 60
315 0 186 14 61
307 0 138 5 62
313 0 192 14 63
319 0 137 15 64
321 0 213 15 65
328 0 128 1 66
337 0 230 14 67
333 0 114 5 68
340 0 221 5 69
350 0 212 14 70
359 0 125 15 71
357 0 206 15 72
368 0 135 3 73
362 0 195 2 74
367 0 145 2 75
365 0 182 1 76
378 0 164 5 77
372 0 173 3 78
48 0 106 3 79
54 0 107 4 80
63 0 107 14 81
71 0 107 1 82
80 0 107 2 83
86 0 109 4 84
95 0 108 5 85
107 0 106 1 86
116 0 106 3 87
129 0 103 15 88
139 0 101 2 89
146 0 102 4 90
153 0 103 5 91
161 0 103 15 92
166 0 109 14 93
177 0 104 3 94
184 0 108 2 95
193 0 110 4 96
201 0 106 14 97
209 0 103 2 98
218 0 110 2 99
227 0 108 3 100
235 0 106 5 101
244 0 108 14 102
251 0 106 1 103
259 0 103 4 104
270 0 108 5 105
275 0 104 1 106
283 0 104 2 107
298 0 110 3 108
299 0 102 5 109
311 0 106 14 110
325 0 110 2 111
327 0 105 2 112
336 0 105 4 113
350 0 109 15 114
358 0 108 1 115
360 0 104 4 116
373 0 106 4 117
382 0 106 14 118
390 0 106 1 119
393 0 112 1 120
392 0 120 15 121
390 0 128 15 122
390 0 136 1 123
389 0 144 2 124
384 0 149 4 125
383 0 157 1 126
393 0 173 15 127
389 0 178 5 128
388 0 186 14 129
396 0 201 4 130
391 0 205 15 131
392 0 214 15 132
392 0 223 1 133
396 0 236 15 134
391 0 239 14 135
384 0 241 5 136
379 0 245 15 137
368 0 242 2 138
360 0 244 4 139
351 0 244 2 140
331 0 231 5 141
335 0 247 14 142
325 0 244 3 143
318 0 247 2 144
310 0 249 14 145
298 0 244 5 146
291 0 247 4 147
280 0 239 5 148
271 0 241 4 149
265 0 247 14 150
252 0 238 14 151
246 0 247 2 152
237 0 244 15 153
226 0 237 1 154
220 0 247 4 155
212 0 242 15 156
203 0 244 1 157
195 0 247 14 158
185 0 241 1 159
176 0 247 3 160
169 0 244 1 161
161 0 242 4 162
155 0 237 1 163
145 0 242 15 164
135 0 244 1 165
128 0 242 4 166
122 0 240 3 167
106 0 247 3 168
104 0 241 14 169
100 0 237 4 170
89 0 238 2 171
82 0 237 1 172
65 0 242 5 173
57 0 240 4 174
50 0 237 1 175
54 0 224 4 176
44 0 227 2 177
51 0 211 2 178
52 0 202 14 179
60 0 185 4 180
51 0 185 3 181
50 0 179 1 182
48 0 173 2 183
60 0 154 4 184
49 0 154 2 185
48 0 146 2 186
46 0 139 3 187
48 0 129 5 188
46 0 122 1 189
31 0 86 2 190
38 0 95 14 191
49 0 93 1 192
69 0 86 2 193
64 0 95 4 194
72 0 96 14 195
80 0 96 15 196
94 0 94 3 197
101 0 94 5 198
109 0 95 14 199
117 0 95 1 200
125 0 95 2 201
139 0 91 14 202
141 0 97 15 203
154 0 93 1 204
164 0 92 4 205
170 0 95 4 206
179 0 93 14 207
187 0 94 1 208
195 0 95 2 209
203 0 98 5 210
212 0 98 15 211
221 0 95 15 212
229 0 94 1 213
237 0 95 3 214
245 0 94 5 215
254 0 95 14 216
261 0 93 1 217
270 0 94 3 218
277 0 93 4 219
283 0 91 14 220
297 0 95 1 221
308 0 97 4 222
315 0 96 5 223
328 0 98 1 224
331 0 95 1 225
344 0 97 4 226
338 0 89 3 227
361 0 97 1 228
370 0 96 2 229
365 0 89 2 230
381 0 91 5 231
396 0 95 15 232
406 0 97 3 233
409 0 87 14 234
415 0 107 14 235
399 0 106 2 236
404 0 119 2 237
405 0 129 14 238
405 0 138 4 239
406 0 146 3 240
404 0 153 2 241
396 0 157 4 242
403 0 170 5 243
405 0 180 2 244
404 0 186 2 245
409 0 199 4 246
400 0 201 5 247
404 0 212 2 248
410 0 227 5 249
417 0 243 5 250
416 0 252 14 251
418 0 273 1 252
407 0 262 3 253
398 0 263 1 254
389 0 264 5 255
378 0 267 3 256
370 0 256 14 257
361 0 258 4 258
349 0 269 5 259
343 0 259 15 260
334 0 258 5 261
326 0 260 1 262
316 0 260 14 263
309 0 261 4 264
299 0 261 2 265
292 0 262 1 266
282 0 261 14 267
271 0 252 5 268
265 0 261 3 269
255 0 261 1 270
246 0 261 14 271
235 0 252 5 272
229 0 261 2 273
220 0 261 1 274
212 0 261 15 275
204 0 249 14 276
195 0 261 3 277
185 0 261 1 278
176 0 261 15 279
167 0 261 5 280
158 0 261 3 281
149 0 262 1 282
142 0 258 3 283
132 0 261 5 284
123 0 259 14 285
115 0 260 1 286
108 0 257 3 287
98 0 259 1 288
93 0 254 5 289
80 0 258 5 290
81 0 250 3 291
67 0 254 15 292
58 0 254 5 293
41 0 262 1 294
38 0 274 3 295
17 0 273 14 296
23 0 251 5 297
35 0 230 2 298
36 0 221 1 299
40 0 208 14 300
31 0 209 5 301
31 0 199 15 302
33 0 190 2 303
36 0 179 14 304
36 0 171 3 305
34 0 163 15 306
33 0 155 14 307
34 0 146 14 308
33 0 138 15 309
34 0 130 2 310
32 0 122 5 311
32 0 113 2 312
27 0 107 14 313
3 0 76 3 314
17 0 76 14 315
31 0 76 2 316
50 0 76 5 317
64 0 76 1 318
70 0 81 15 319
84 0 79 3 320
83 0 86 5 321
100 0 83 14 322
116 0 79 3 323
120 0 83 3 324
129 0 84 5 325
138 0 84 15 326
152 0 82 3 327
161 0 84 5 328
170 0 85 1 329
181 0 85 4 330
192 0 83 4 331
201 0 85 1 332
212 0 78 1 333
222 0 83 2 334
232 0 83 4 335
242 0 84 14 336
253 0 84 1 337
261 0 82 3 338
272 0 83 5 339
280 0 81 15 340
297 0 86 5 341
305 0 85 15 342
316 0 85 2 343
325 0 84 2 344
334 0 83 3 345
348 0 85 1 346
344 0 76 15 347
358 0 76 3 348
380 0 83 14 349
381 0 76 1 350
395 0 76 4 351
413 0 76 15 352
427 0 76 3 353
437 0 81 3 354
437 0 95 1 355
437 0 109 3 356
430 0 122 15 357
432 0 133 2 358
433 0 145 1 359
437 0 150 1 360
433 0 166 2 361
437 0 174 2 362
434 0 185 1 363
434 0 197 2 364
437 0 205 2 365
433 0 219 4 366
437 0 228 5 367
432 0 239 15 368
437 0 251 3 369
437 0 265 1 370
437 0 279 3 371
427 0 284 3 372
409 0 284 14 373
395 0 284 4 374
381 0 284 1 375
377 0 276 5 376
364 0 278 2 377
354 0 279 15 378
339 0 284 14 379
330 0 280 3 380
316 0 284 2 381
309 0 281 5 382
297 0 281 3 383
284 0 284 2 384
281 0 272 2 385
270 0 273 15 386
256 0 282 2 387
250 0 273 3 388
238 0 274 15 389
224 0 282 2 390
218 0 274 4 391
207 0 274 2 392
197 0 284 15 393
187 0 273 5 394
175 0 273 2 395
166 0 281 14 396
154 0 272 5 397
147 0 284 4 398
134 0 270 5 399
125 0 280 4 400
114 0 284 4 401
103 0 279 15 402
90 0 278 4 403
79 0 277 2 404
68 0 276 15 405
57 0 275 15 406
55 0 284 14 407
36 0 284 3 408
22 0 284 15 409
9 0 278 2 410
3 0 269 15 411
3 0 256 3 412
17 0 237 2 413
8 0 235 1 414
3 0 223 1 415
3 0 209 14 416
7 0 204 1 417
6 0 192 2 418
21 0 172 15 419
7 0 172 4 420
3 0 160 3 421
7 0 151 15 422
8 0 139 2 423
3 0 127 15 424
10 0 117 2 425
3 0 104 3 426
3 0 90 15 427
