428
72 0 212 1 0
121 0 88 15 1
91 0 188 1 2
80 0 221 3 3
153 0 110 4 4
130 0 80 14 5
141 0 128 1 6
175 0 47 3 7
91 0 229 1 8
168 0 95 5 9
134 0 96 5 10
162 0 100 5 11
108 0 223 2 12
142 0 125 1 13
140 0 104 3 14
136 0 124 14 15
139 0 115 3 16
135 0 208 5 17
152 0 195 4 18
170 0 124 5 19
175 0 151 14 20
181 0 159 5 21
180 0 93 15 22
168 0 182 5 23
176 0 97 1 24
167 0 198 15 25
167 0 115 2 26
183 0 190 5 27
184 0 113 5 28
185 0 197 3 29
193 0 208 3 30
201 0 114 2 31
197 0 199 14 32
197 0 134 14 33
204 0 195 15 34
203 0 152 5 35
206 0 185 15 36
207 0 139 1 37
210 0 163 1 38
220 0 137 3 39
225 0 169 14 40
221 0 168 3 41
227 0 120 3 42
229 0 201 14 43
233 0 131 15 44
235 0 197 14 45
239 0 115 1 46
237 0 192 14 47
252 0 113 4 48
256 0 219 5 49
263 0 198 4 50
250 0 86 4 51
262 0 177 2 52
248 0 81 1 53
270 0 180 4 54
261 0 110 4 55
273 0 170 1 56
279 0 142 2 57
269 0 144 15 58
268 0 102 15 59
265 0 104 15 60
297 0 163 4 61
257 0 81 3 62
276 0 135 15 63
302 0 120 4 64
293 0 176 2 65
313 0 116 2 66
333 0 223 4 67
276 0 73 2 68
303 0 166 5 69
296 0 142 14 70
330 0 105 4 71
303 0 140 5 72
340 0 115 1 73
302 0 129 15 74
319 0 107 1 75
309 0 131 1 76
366 0 153 3 77
338 0 145 4 78
82 0 87 14 79
78 0 94 1 80
84 0 94 2 81
91 0 94 4 82
98 0 94 5 83
92 0 104 1 84
104 0 100 15 85
127 0 88 1 86
136 0 89 15 87
166 0 73 2 88
177 0 65 15 89
176 0 71 1 90
177 0 74 4 91
182 0 75 5 92
171 0 101 3 93
190 0 79 4 94
187 0 98 3 95
195 0 109 5 96
201 0 91 14 97
206 0 73 3 98
216 0 109 3 99
226 0 97 3 100
233 0 88 15 101
240 0 98 14 102
241 0 86 2 103
241 0 76 2 104
264 0 100 3 105
252 0 78 2 106
258 0 77 3 107
295 0 106 4 108
262 0 71 3 109
289 0 87 4 110
322 0 108 2 111
297 0 84 4 112
306 0 84 14 113
339 0 101 15 114
344 0 100 5 115
315 0 81 1 116
345 0 91 14 117
354 0 91 15 118
358 0 88 4 119
364 0 96 1 120
355 0 98 1 121
350 0 102 3 122
349 0 109 15 123
342 0 112 14 124
317 0 100 15 125
315 0 103 3 126
363 0 149 1 127
342 0 136 14 128
336 0 145 4 129
378 0 186 5 130
352 0 168 1 131
355 0 179 15 132
356 0 186 1 133
377 0 214 5 134
357 0 198 2 135
355 0 207 1 136
366 0 225 4 137
348 0 214 14 138
343 0 222 14 139
334 0 223 4 140
273 0 162 14 141
327 0 236 1 142
311 0 223 15 143
312 0 239 5 144
308 0 247 1 145
285 0 223 2 146
287 0 239 15 147
267 0 196 5 148
261 0 209 2 149
263 0 239 2 150
237 0 192 14 151
242 0 239 5 152
231 0 223 5 153
217 0 189 5 154
220 0 239 1 155
210 0 212 15 156
204 0 223 15 157
197 0 239 4 158
187 0 206 3 159
176 0 239 15 160
175 0 223 1 161
174 0 213 15 162
181 0 188 5 163
162 0 212 5 164
150 0 223 3 165
149 0 213 2 166
156 0 201 15 167
115 0 237 1 168
137 0 206 15 169
153 0 188 14 170
136 0 193 1 171
135 0 188 2 172
91 0 214 5 173
86 0 204 4 174
84 0 189 14 175
110 0 152 15 176
63 0 204 14 177
98 0 158 2 178
104 0 149 14 179
141 0 104 4 180
100 0 138 15 181
90 0 140 5 182
81 0 145 3 183
143 0 86 4 184
87 0 121 3 185
85 0 115 14 186
73 0 118 1 187
85 0 105 4 188
75 0 103 4 189
64 0 39 5 190
60 0 81 14 191
81 0 69 3 192
142 0 39 15 193
85 0 82 4 194
86 0 88 15 195
93 0 88 1 196
125 0 74 15 197
125 0 77 5 198
126 0 81 14 199
133 0 81 15 200
138 0 82 1 201
171 0 64 15 202
147 0 91 2 203
174 0 72 15 204
185 0 65 1 205
180 0 80 2 206
191 0 72 4 207
195 0 79 5 208
198 0 82 14 209
202 0 95 5 210
214 0 94 15 211
223 0 82 3 212
229 0 79 4 213
234 0 82 5 214
236 0 79 14 215
245 0 81 1 216
245 0 72 15 217
255 0 77 3 218
253 0 71 1 219
249 0 63 15 220
282 0 83 1 221
298 0 90 3 222
300 0 84 5 223
326 0 97 2 224
307 0 80 14 225
338 0 93 3 226
271 0 50 14 227
351 0 91 15 228
357 0 88 4 229
299 0 52 4 230
344 0 63 5 231
379 0 80 14 232
395 0 90 2 233
380 0 40 5 234
407 0 103 15 235
331 0 62 3 236
355 0 92 1 237
360 0 103 5 238
359 0 112 2 239
362 0 116 5 240
354 0 118 15 241
317 0 99 15 242
350 0 129 3 243
360 0 145 2 244
352 0 142 3 245
380 0 173 14 246
334 0 145 3 247
352 0 164 1 248
382 0 202 2 249
416 0 243 14 250
410 0 254 14 251
422 0 320 14 252
401 0 264 2 253
392 0 269 1 254
382 0 275 2 255
363 0 286 5 256
357 0 236 15 257
348 0 243 14 258
328 0 297 2 259
333 0 250 4 260
322 0 244 4 261
320 0 253 2 262
303 0 254 5 263
305 0 259 1 264
292 0 258 5 265
291 0 263 2 266
279 0 258 2 267
259 0 217 5 268
266 0 258 15 269
253 0 258 4 270
244 0 258 2 271
225 0 216 14 272
231 0 258 15 273
220 0 258 5 274
210 0 258 3 275
208 0 198 1 276
197 0 258 1 277
187 0 258 14 278
178 0 258 4 279
169 0 258 2 280
160 0 258 15 281
148 0 262 2 282
151 0 243 3 283
134 0 259 2 284
128 0 248 14 285
121 0 254 5 286
123 0 241 4 287
108 0 250 2 288
120 0 226 4 289
94 0 243 5 290
131 0 203 2 291
98 0 226 15 292
90 0 224 5 293
42 0 264 1 294
62 0 321 5 295
-6 0 316 14 296
24 0 247 1 297
83 0 178 2 298
87 0 168 5 299
106 0 141 4 300
60 0 180 4 301
64 0 168 15 302
70 0 157 3 303
88 0 134 5 304
85 0 129 14 305
76 0 127 2 306
72 0 122 15 307
78 0 112 3 308
74 0 110 2 309
77 0 104 5 310
68 0 101 3 311
68 0 90 15 312
42 0 95 1 313
-10 0 36 5 314
16 0 36 4 315
42 0 36 2 316
92 0 36 5 317
118 0 36 3 318
107 0 59 4 319
131 0 52 15 320
87 0 84 5 321
126 0 68 4 322
161 0 49 14 323
138 0 70 15 324
142 0 73 4 325
145 0 76 4 326
169 0 66 5 327
171 0 73 3 328
176 0 78 2 329
184 0 79 3 330
198 0 70 5 331
201 0 81 15 332
214 0 46 4 333
225 0 70 2 334
230 0 68 3 335
235 0 73 1 336
246 0 76 3 337
245 0 65 14 338
257 0 70 2 339
257 0 61 2 340
294 0 84 3 341
293 0 77 3 342
305 0 78 14 343
307 0 72 5 344
311 0 68 5 345
338 0 78 5 346
272 0 36 5 347
298 0 36 3 348
365 0 71 3 349
327 0 36 2 350
354 0 36 15 351
403 0 36 3 352
430 0 36 1 353
450 0 42 14 354
450 0 68 5 355
450 0 94 5 356
420 0 117 15 357
426 0 129 4 358
432 0 144 5 359
450 0 129 2 360
434 0 161 3 361
450 0 159 2 362
436 0 180 2 363
436 0 193 4 364
450 0 190 2 365
431 0 216 5 366
450 0 219 2 367
426 0 233 1 368
450 0 248 15 369
450 0 274 2 370
450 0 300 2 371
447 0 324 5 372
398 0 324 2 373
371 0 324 4 374
345 0 324 14 375
371 0 284 15 376
349 0 294 5 377
339 0 298 4 378
310 0 324 14 379
307 0 306 14 380
281 0 324 15 381
288 0 309 2 382
273 0 311 14 383
249 0 324 15 384
279 0 268 14 385
266 0 271 4 386
240 0 314 2 387
250 0 272 4 388
236 0 274 1 389
211 0 313 4 390
219 0 274 5 391
205 0 274 2 392
200 0 324 5 393
189 0 272 14 394
175 0 271 15 395
172 0 311 1 396
158 0 268 4 397
162 0 324 5 398
140 0 257 3 399
139 0 307 1 400
130 0 324 5 401
115 0 301 5 402
96 0 295 5 403
83 0 290 3 404
71 0 284 4 405
60 0 279 14 406
89 0 324 4 407
40 0 324 1 408
13 0 324 3 409
-8 0 296 14 410
-10 0 272 1 411
-10 0 245 1 412
54 0 198 5 413
12 0 228 14 414
-10 0 213 5 415
-10 0 187 5 416
7 0 204 2 417
4 0 188 4 418
74 0 127 1 419
5 0 170 4 420
-10 0 150 4 421
7 0 150 1 422
13 0 134 4 423
-10 0 118 5 424
24 0 112 14 425
-10 0 89 5 426
-10 0 62 5 427
