428
75 0 209 15 0
132 0 78 15 1
95 0 182 4 2
81 0 220 4 3
167 0 90 14 4
141 0 70 1 5
151 0 114 14 6
192 0 32 15 7
91 0 229 1 8
183 0 76 5 9
141 0 90 1 10
174 0 84 1 11
109 0 222 2 12
149 0 116 5 13
146 0 98 2 14
141 0 118 1 15
144 0 109 2 16
139 0 203 3 17
157 0 189 15 18
175 0 116 3 19
181 0 146 2 20
188 0 153 3 21
186 0 82 4 22
172 0 178 14 23
181 0 89 2 24
169 0 193 15 25
169 0 112 15 26
186 0 182 2 27
186 0 111 4 28
187 0 190 14 29
194 0 204 4 30
203 0 111 15 31
197 0 194 14 32
196 0 133 14 33
204 0 192 15 34
203 0 152 5 35
206 0 183 14 36
207 0 134 1 37
211 0 160 4 38
219 0 132 5 39
224 0 167 3 40
220 0 163 3 41
226 0 113 14 42
228 0 200 14 43
232 0 129 15 44
233 0 192 5 45
238 0 112 14 46
234 0 185 4 47
250 0 111 2 48
255 0 216 5 49
260 0 191 14 50
245 0 78 1 51
258 0 168 3 52
241 0 69 14 53
267 0 175 4 54
256 0 102 5 55
270 0 164 14 56
276 0 138 15 57
264 0 137 4 58
258 0 89 2 59
255 0 89 2 60
293 0 157 5 61
245 0 67 14 62
267 0 122 3 63
298 0 115 14 64
286 0 167 2 65
310 0 113 2 66
332 0 222 4 67
263 0 63 3 68
295 0 153 3 69
283 0 125 15 70
323 0 100 1 71
290 0 124 1 72
334 0 110 4 73
288 0 114 4 74
307 0 98 5 75
296 0 118 3 76
363 0 151 1 77
329 0 139 3 78
90 0 83 5 79
83 0 91 3 80
90 0 91 4 81
96 0 91 14 82
102 0 91 15 83
93 0 103 1 84
106 0 98 1 85
132 0 84 15 86
141 0 84 2 87
174 0 65 14 88
186 0 57 14 89
184 0 64 2 90
182 0 67 1 91
187 0 69 3 92
172 0 99 15 93
194 0 73 15 94
188 0 96 2 95
196 0 109 14 96
201 0 87 2 97
205 0 66 5 98
216 0 109 3 99
226 0 95 2 100
232 0 84 5 101
239 0 96 4 102
239 0 82 14 103
237 0 70 5 104
263 0 98 3 105
247 0 71 15 106
251 0 71 1 107
294 0 105 3 108
254 0 64 1 109
284 0 83 1 110
321 0 107 2 111
290 0 78 3 112
298 0 78 4 113
336 0 99 4 114
341 0 97 5 115
305 0 75 1 116
339 0 87 15 117
348 0 87 2 118
351 0 84 1 119
357 0 92 1 120
347 0 93 5 121
340 0 96 4 122
339 0 103 15 123
331 0 104 14 124
302 0 89 4 125
298 0 91 3 126
356 0 143 4 127
330 0 126 3 128
324 0 135 2 129
374 0 182 3 130
342 0 159 1 131
346 0 170 2 132
348 0 178 5 133
372 0 209 3 134
349 0 189 2 135
348 0 199 15 136
363 0 221 3 137
343 0 207 5 138
339 0 217 15 139
330 0 217 14 140
259 0 145 2 141
325 0 233 2 142
308 0 217 1 143
311 0 236 5 144
308 0 246 1 145
282 0 217 3 146
285 0 236 15 147
263 0 186 3 148
258 0 201 5 149
263 0 237 2 150
234 0 181 3 151
241 0 236 5 152
230 0 217 15 153
215 0 178 15 154
220 0 236 1 155
210 0 205 15 156
204 0 217 2 157
197 0 237 4 158
187 0 197 4 159
176 0 237 15 160
177 0 217 4 161
178 0 206 1 162
187 0 178 2 163
166 0 205 14 164
153 0 217 14 165
155 0 206 3 166
165 0 191 1 167
117 0 235 3 168
145 0 197 2 169
165 0 177 4 170
147 0 183 1 171
147 0 177 1 172
97 0 207 14 173
93 0 196 14 174
93 0 178 4 175
124 0 135 5 176
68 0 198 1 177
110 0 146 1 178
116 0 137 4 179
161 0 84 14 180
111 0 126 2 181
100 0 130 2 182
89 0 139 5 183
163 0 70 5 184
97 0 113 2 185
94 0 107 14 186
79 0 113 5 187
94 0 99 5 188
82 0 99 3 189
72 0 28 2 190
65 0 78 15 191
89 0 64 4 192
159 0 28 5 193
90 0 79 5 194
89 0 85 15 195
97 0 85 2 196
132 0 70 14 197
130 0 73 1 198
130 0 78 14 199
137 0 78 1 200
142 0 79 2 201
178 0 58 4 202
148 0 90 2 203
179 0 67 15 204
191 0 59 15 205
183 0 76 5 206
194 0 67 3 207
197 0 75 1 208
199 0 79 14 209
202 0 94 5 210
214 0 93 15 211
224 0 79 3 212
229 0 75 14 213
233 0 79 5 214
234 0 75 15 215
243 0 78 15 216
241 0 67 5 217
251 0 73 4 218
247 0 66 14 219
241 0 56 15 220
278 0 80 15 221
296 0 88 14 222
296 0 81 4 223
326 0 97 2 224
301 0 77 5 225
336 0 92 4 226
256 0 40 1 227
349 0 90 14 228
353 0 86 3 229
283 0 43 15 230
335 0 57 15 231
375 0 77 14 232
392 0 88 4 233
373 0 28 5 234
405 0 102 15 235
314 0 52 15 236
344 0 86 1 237
350 0 97 15 238
348 0 105 15 239
351 0 109 1 240
342 0 110 14 241
298 0 85 14 242
337 0 119 4 243
349 0 137 15 244
339 0 131 15 245
373 0 167 5 246
318 0 131 3 247
339 0 153 4 248
376 0 196 14 249
416 0 243 14 250
409 0 254 5 251
424 0 332 1 252
400 0 264 2 253
391 0 270 1 254
380 0 278 15 255
360 0 291 2 256
354 0 231 3 257
345 0 239 5 258
322 0 304 2 259
331 0 248 4 260
319 0 241 15 261
319 0 252 1 262
300 0 253 5 263
304 0 258 15 264
290 0 257 5 265
291 0 263 2 266
278 0 257 2 267
256 0 209 1 268
266 0 257 15 269
253 0 257 4 270
243 0 257 2 271
222 0 207 2 272
231 0 257 15 273
220 0 257 5 274
210 0 257 3 275
209 0 186 15 276
198 0 257 1 277
187 0 257 14 278
178 0 257 4 279
169 0 257 2 280
160 0 257 15 281
148 0 262 2 282
153 0 239 2 283
134 0 258 2 284
129 0 245 1 285
122 0 253 5 286
127 0 237 4 287
110 0 248 2 288
126 0 220 14 289
97 0 240 14 290
143 0 192 2 291
105 0 220 1 292
98 0 217 2 293
42 0 264 1 294
68 0 332 1 295
-11 0 327 5 296
24 0 246 1 297
95 0 166 14 298
99 0 156 14 299
122 0 125 4 300
67 0 172 3 301
72 0 161 2 302
79 0 149 1 303
100 0 124 5 304
97 0 119 14 305
86 0 118 4 306
82 0 114 14 307
89 0 104 15 308
83 0 104 14 309
87 0 98 4 310
76 0 96 1 311
76 0 85 5 312
45 0 92 2 313
-13 0 27 14 314
16 0 27 5 315
45 0 27 3 316
102 0 27 1 317
131 0 27 15 318
116 0 54 4 319
142 0 46 4 320
88 0 83 5 321
132 0 65 5 322
172 0 41 15 323
142 0 67 15 324
145 0 71 1 325
147 0 74 5 326
174 0 62 15 327
173 0 71 15 328
177 0 76 4 329
185 0 78 3 330
199 0 67 4 331
201 0 80 15 332
214 0 39 15 333
225 0 67 2 334
230 0 65 3 335
234 0 70 4 336
245 0 73 3 337
241 0 60 2 338
253 0 67 15 339
251 0 56 2 340
293 0 83 3 341
290 0 75 5 342
302 0 76 15 343
303 0 69 4 344
305 0 65 4 345
335 0 77 5 346
255 0 27 3 347
284 0 27 1 348
362 0 68 1 349
315 0 27 1 350
344 0 27 14 351
401 0 27 4 352
430 0 27 3 353
453 0 32 2 354
453 0 62 14 355
453 0 91 14 356
418 0 116 2 357
425 0 128 1 358
432 0 144 5 359
453 0 124 5 360
434 0 160 5 361
453 0 155 14 362
436 0 178 2 363
436 0 191 14 364
453 0 186 14 365
431 0 215 2 366
453 0 217 2 367
425 0 231 4 368
453 0 247 2 369
453 0 276 15 370
453 0 306 15 371
452 0 333 15 372
395 0 333 3 373
366 0 333 4 374
337 0 333 5 375
370 0 287 15 376
346 0 298 14 377
335 0 303 15 378
303 0 333 5 379
302 0 313 15 380
273 0 333 14 381
283 0 316 15 382
267 0 319 4 383
240 0 333 15 384
279 0 267 5 385
265 0 270 4 386
236 0 321 4 387
250 0 272 4 388
235 0 274 1 389
208 0 320 14 390
219 0 274 5 391
205 0 274 2 392
201 0 333 15 393
190 0 272 14 394
175 0 270 15 395
173 0 319 15 396
159 0 267 3 397
166 0 333 15 398
142 0 254 2 399
142 0 313 4 400
134 0 333 15 401
118 0 306 4 402
97 0 300 2 403
84 0 293 2 404
72 0 287 4 405
61 0 280 15 406
98 0 333 15 407
41 0 333 3 408
11 0 333 4 409
-13 0 300 1 410
-13 0 272 1 411
-13 0 243 5 412
63 0 188 2 413
13 0 226 4 414
-13 0 211 4 415
-13 0 182 4 416
7 0 204 2 417
4 0 187 1 418
86 0 116 15 419
5 0 170 4 420
-13 0 148 5 421
7 0 150 1 422
14 0 133 4 423
-13 0 116 1 424
27 0 111 15 425
-13 0 85 1 426
-13 0 56 14 427
