428
66 0 220 3 0
95 0 111 1 1
79 0 203 15 2
77 0 225 5 3
115 0 159 15 4
104 0 103 5 5
114 0 165 5 6
132 0 85 4 7
91 0 230 3 8
131 0 143 4 9
117 0 112 14 10
132 0 141 4 11
105 0 226 3 12
125 0 148 14 13
125 0 120 14 14
123 0 141 2 15
126 0 130 3 16
124 0 218 2 17
137 0 212 2 18
157 0 145 14 19
159 0 165 15 20
164 0 176 15 21
163 0 122 14 22
158 0 194 15 23
163 0 119 15 24
161 0 210 14 25
163 0 123 14 26
174 0 210 1 27
179 0 118 3 28
180 0 216 14 29
192 0 219 2 30
197 0 122 14 31
197 0 211 14 32
199 0 137 1 33
204 0 203 4 34
204 0 153 1 35
206 0 190 5 36
207 0 152 1 37
209 0 171 5 38
224 0 151 3 39
227 0 174 5 40
226 0 180 4 41
230 0 136 15 42
232 0 203 2 43
234 0 136 15 44
237 0 209 14 45
242 0 123 15 46
243 0 211 15 47
256 0 118 4 48
259 0 227 5 49
269 0 214 14 50
264 0 108 14 51
272 0 199 1 52
267 0 110 15 53
279 0 195 2 54
276 0 132 4 55
282 0 182 1 56
286 0 154 3 57
280 0 162 3 58
292 0 133 5 59
290 0 141 15 60
308 0 178 14 61
287 0 116 14 62
298 0 170 1 63
313 0 130 4 64
310 0 198 2 65
322 0 124 2 66
336 0 227 15 67
311 0 98 1 68
325 0 199 5 69
329 0 184 4 70
348 0 117 1 71
336 0 180 5 72
357 0 127 3 73
338 0 170 2 74
348 0 130 4 75
343 0 163 1 76
373 0 160 2 77
359 0 162 4 78
61 0 98 1 79
63 0 102 4 80
71 0 102 14 81
79 0 102 15 82
87 0 102 2 83
88 0 107 15 84
99 0 105 2 85
115 0 99 4 86
124 0 99 14 87
144 0 91 3 88
154 0 87 1 89
158 0 90 14 90
162 0 92 15 91
169 0 92 1 92
168 0 106 2 93
182 0 94 3 94
185 0 104 15 95
194 0 110 15 96
201 0 100 1 97
208 0 91 2 98
218 0 110 5 99
226 0 104 1 100
234 0 99 14 101
243 0 104 4 102
247 0 98 2 103
252 0 93 2 104
268 0 105 15 105
266 0 94 5 106
273 0 93 14 107
297 0 108 14 108
284 0 90 2 109
303 0 98 14 110
324 0 109 4 111
316 0 97 2 112
324 0 97 3 113
346 0 106 2 114
353 0 105 3 115
342 0 95 14 116
362 0 100 4 117
371 0 100 14 118
377 0 99 15 119
382 0 106 2 120
377 0 111 1 121
374 0 118 14 122
374 0 126 14 123
371 0 131 2 124
358 0 130 14 125
356 0 136 4 126
382 0 164 2 127
370 0 161 15 128
368 0 170 1 129
389 0 195 3 130
376 0 190 3 131
377 0 200 3 132
378 0 208 14 133
388 0 227 3 134
378 0 223 1 135
372 0 228 2 136
374 0 237 5 137
360 0 231 15 138
353 0 235 2 139
344 0 236 14 140
308 0 204 15 141
332 0 242 5 142
319 0 236 1 143
315 0 244 5 144
309 0 248 1 145
293 0 236 3 146
289 0 244 14 147
275 0 222 2 148
267 0 228 2 149
264 0 244 1 150
246 0 220 3 151
245 0 244 5 152
234 0 236 5 153
222 0 218 15 154
220 0 244 15 155
211 0 230 14 156
204 0 236 15 157
195 0 244 2 158
186 0 227 14 159
176 0 244 14 160
171 0 236 1 161
166 0 231 4 162
165 0 218 3 163
151 0 230 1 164
141 0 236 2 165
136 0 231 5 166
135 0 224 2 167
110 0 243 3 168
117 0 227 14 169
120 0 218 1 170
107 0 221 4 171
102 0 218 5 172
75 0 231 14 173
69 0 226 3 174
63 0 218 4 175
76 0 195 5 176
52 0 218 2 177
70 0 190 5 178
72 0 181 2 179
92 0 154 15 180
70 0 167 3 181
66 0 164 3 182
61 0 162 2 183
93 0 127 15 184
64 0 141 4 185
63 0 134 2 186
56 0 131 3 187
63 0 120 1 188
58 0 114 3 189
44 0 68 3 190
46 0 89 5 191
62 0 83 2 192
97 0 68 15 193
72 0 90 3 194
77 0 93 3 195
85 0 93 4 196
106 0 86 14 197
110 0 88 14 198
115 0 89 4 199
123 0 89 14 200
130 0 90 15 201
152 0 81 14 202
144 0 95 2 203
162 0 85 3 204
172 0 81 3 205
174 0 89 2 206
184 0 85 15 207
190 0 88 1 208
196 0 90 15 209
202 0 97 1 210
213 0 96 2 211
222 0 90 4 212
229 0 88 1 213
236 0 90 15 214
242 0 88 4 215
250 0 89 3 216
255 0 85 15 217
264 0 88 1 218
267 0 84 15 219
270 0 80 1 220
291 0 91 4 221
304 0 94 5 222
309 0 91 15 223
327 0 98 4 224
321 0 89 3 225
342 0 96 14 226
312 0 73 4 227
357 0 95 2 228
365 0 93 4 229
339 0 74 2 230
367 0 80 14 231
389 0 89 2 232
402 0 94 4 233
398 0 69 4 234
412 0 105 1 235
372 0 89 14 236
385 0 109 3 237
388 0 119 2 238
387 0 128 2 239
389 0 134 3 240
384 0 140 2 241
365 0 134 14 242
382 0 154 1 243
387 0 167 3 244
383 0 169 4 245
398 0 189 15 246
374 0 180 5 247
383 0 193 2 248
399 0 217 15 249
416 0 243 1 250
413 0 253 1 251
420 0 291 2 252
405 0 263 14 253
396 0 265 3 254
386 0 269 2 255
372 0 274 2 256
365 0 248 14 257
356 0 252 4 258
341 0 280 1 259
339 0 255 15 260
329 0 252 5 261
324 0 257 14 262
311 0 258 4 263
308 0 260 15 264
296 0 260 5 265
291 0 262 4 266
281 0 260 2 267
266 0 239 5 268
266 0 260 14 269
255 0 260 4 270
245 0 260 2 271
231 0 238 5 272
230 0 260 14 273
220 0 260 4 274
211 0 260 3 275
205 0 229 4 276
196 0 260 15 277
186 0 260 5 278
177 0 260 3 279
168 0 260 1 280
159 0 260 14 281
148 0 262 4 282
145 0 252 4 283
132 0 260 1 284
125 0 254 15 285
117 0 258 1 286
114 0 251 5 287
102 0 255 3 288
103 0 243 2 289
86 0 252 15 290
101 0 231 5 291
79 0 243 4 292
71 0 242 3 293
42 0 263 4 294
48 0 292 4 295
8 0 290 4 296
24 0 250 1 297
54 0 209 5 298
56 0 200 3 299
66 0 181 1 300
42 0 197 5 301
44 0 187 4 302
47 0 178 4 303
56 0 162 1 304
55 0 154 14 305
50 0 149 4 306
48 0 142 1 307
51 0 133 15 308
49 0 127 5 309
51 0 120 14 310
46 0 114 1 311
46 0 104 1 312
33 0 102 5 313
-2 0 61 2 314
17 0 61 14 315
36 0 61 3 316
67 0 61 2 317
85 0 61 5 318
85 0 72 5 319
102 0 69 2 320
85 0 85 1 321
110 0 77 4 322
134 0 67 15 323
127 0 78 1 324
134 0 80 2 325
141 0 81 4 326
159 0 76 2 327
165 0 80 1 328
172 0 82 3 329
182 0 83 5 330
194 0 78 15 331
201 0 84 2 332
213 0 66 2 333
223 0 78 5 334
231 0 77 15 335
239 0 79 1 336
250 0 81 4 337
255 0 75 15 338
266 0 78 15 339
271 0 73 3 340
296 0 85 1 341
300 0 82 15 342
312 0 82 2 343
318 0 79 3 344
325 0 77 5 345
344 0 82 1 346
316 0 61 2 347
334 0 61 5 348
374 0 79 15 349
360 0 61 4 350
379 0 61 15 351
409 0 61 14 352
428 0 61 3 353
442 0 66 5 354
442 0 84 15 355
442 0 103 2 356
426 0 120 3 357
429 0 132 14 358
432 0 144 15 359
442 0 142 2 360
434 0 164 5 361
442 0 168 15 362
434 0 183 3 363
434 0 195 5 364
442 0 199 15 365
432 0 218 15 366
442 0 224 15 367
429 0 237 2 368
442 0 250 15 369
442 0 269 14 370
442 0 287 2 371
435 0 299 5 372
404 0 299 5 373
386 0 299 2 374
367 0 299 5 375
375 0 279 1 376
359 0 284 14 377
348 0 286 4 378
328 0 299 4 379
321 0 290 3 380
302 0 299 14 381
301 0 292 5 382
288 0 293 2 383
270 0 299 15 384
281 0 270 2 385
268 0 272 2 386
250 0 294 2 387
250 0 273 14 388
237 0 274 3 389
220 0 294 3 390
219 0 274 15 391
206 0 274 5 392
198 0 299 15 393
188 0 273 1 394
175 0 272 5 395
168 0 293 15 396
156 0 270 14 397
153 0 299 5 398
136 0 265 1 399
130 0 291 15 400
121 0 299 14 401
107 0 288 3 402
92 0 285 3 403
81 0 282 14 404
69 0 279 3 405
58 0 277 1 406
68 0 299 2 407
37 0 299 3 408
19 0 299 14 409
2 0 285 14 410
-2 0 270 2 411
-2 0 251 3 412
31 0 222 3 413
9 0 232 4 414
-2 0 219 5 415
-2 0 200 5 416
7 0 204 4 417
6 0 191 15 418
41 0 154 4 419
6 0 172 15 420
-2 0 156 2 421
7 0 151 3 422
10 0 137 5 423
-2 0 124 1 424
16 0 115 2 425
-2 0 98 2 426
-2 0 79 3 427
