428
67 0 219 15 0
100 0 107 4 1
81 0 201 3 2
78 0 225 15 3
122 0 150 15 4
109 0 99 5 5
119 0 158 3 6
140 0 78 5 7
91 0 230 5 8
138 0 134 5 9
120 0 109 1 10
137 0 133 5 11
106 0 226 14 12
128 0 144 5 13
128 0 117 2 14
126 0 138 3 15
128 0 128 2 16
126 0 216 5 17
140 0 209 3 18
159 0 141 4 19
162 0 163 3 20
167 0 173 3 21
167 0 117 3 22
160 0 192 2 23
166 0 115 14 24
162 0 208 1 25
164 0 121 1 26
175 0 206 4 27
180 0 117 5 28
181 0 212 14 29
192 0 217 4 30
198 0 121 1 31
197 0 209 1 32
199 0 137 3 33
204 0 202 14 34
204 0 153 3 35
206 0 189 15 36
207 0 150 3 37
209 0 170 15 38
223 0 149 5 39
227 0 173 15 40
225 0 178 14 41
229 0 133 1 42
231 0 203 4 43
234 0 135 2 44
237 0 207 2 45
241 0 121 2 46
242 0 208 2 47
255 0 117 14 48
258 0 225 15 49
268 0 211 15 50
262 0 104 3 51
270 0 195 3 52
263 0 104 3 53
278 0 193 4 54
273 0 128 2 55
280 0 180 3 56
284 0 152 3 57
278 0 158 14 58
287 0 127 5 59
285 0 134 14 60
306 0 175 2 61
282 0 109 5 62
294 0 164 15 63
311 0 128 3 64
307 0 194 3 65
321 0 122 4 66
335 0 227 2 67
305 0 93 1 68
321 0 193 14 69
323 0 177 4 70
345 0 115 14 71
330 0 173 15 72
354 0 125 4 73
332 0 162 1 74
343 0 126 2 75
337 0 157 4 76
372 0 159 4 77
355 0 159 1 78
65 0 96 2 79
66 0 100 4 80
74 0 101 1 81
81 0 100 15 82
89 0 101 4 83
89 0 107 2 84
100 0 104 14 85
117 0 97 15 86
126 0 97 2 87
148 0 88 2 88
158 0 83 2 89
161 0 87 5 90
165 0 88 5 91
172 0 89 4 92
169 0 105 4 93
184 0 92 14 94
185 0 103 2 95
194 0 110 2 96
201 0 99 3 97
208 0 88 15 98
217 0 110 15 99
226 0 103 3 100
234 0 97 1 101
242 0 103 14 102
246 0 96 3 103
250 0 90 5 104
267 0 104 4 105
264 0 91 15 106
270 0 90 2 107
297 0 108 1 108
280 0 87 15 109
300 0 96 15 110
324 0 109 14 111
312 0 94 2 112
321 0 94 4 113
344 0 105 3 114
351 0 104 15 115
337 0 92 1 116
359 0 99 5 117
368 0 99 15 118
374 0 97 1 119
379 0 104 5 120
373 0 109 2 121
370 0 115 4 122
369 0 123 14 123
366 0 128 15 124
351 0 124 3 125
349 0 130 14 126
378 0 161 3 127
365 0 157 3 128
362 0 166 15 129
387 0 194 5 130
371 0 186 1 131
373 0 196 2 132
374 0 204 1 133
386 0 225 5 134
374 0 219 4 135
369 0 224 1 136
373 0 235 1 137
358 0 228 1 138
351 0 233 4 139
342 0 233 2 140
302 0 196 2 141
331 0 241 15 142
318 0 233 4 143
315 0 243 4 144
309 0 248 3 145
292 0 233 14 146
289 0 243 5 147
273 0 217 5 148
266 0 225 2 149
264 0 243 15 150
245 0 215 4 151
244 0 243 3 152
234 0 233 1 153
221 0 213 14 154
220 0 243 14 155
211 0 227 14 156
204 0 233 3 157
196 0 243 2 158
186 0 223 1 159
176 0 243 5 160
172 0 233 4 161
168 0 227 4 162
168 0 212 3 163
153 0 227 1 164
142 0 233 5 165
139 0 227 5 166
139 0 220 5 167
111 0 242 14 168
120 0 223 1 169
126 0 212 2 170
112 0 216 2 171
108 0 212 5 172
78 0 228 2 173
72 0 222 14 174
67 0 213 4 175
82 0 187 15 176
54 0 215 1 177
75 0 184 5 178
78 0 176 14 179
101 0 145 4 180
76 0 162 15 181
70 0 160 15 182
64 0 159 14 183
102 0 120 4 184
68 0 137 5 185
67 0 130 15 186
60 0 129 5 187
67 0 117 4 188
61 0 112 4 189
48 0 63 15 190
49 0 88 3 191
65 0 81 4 192
105 0 63 4 193
75 0 88 1 194
79 0 92 14 195
87 0 92 1 196
110 0 84 14 197
113 0 86 2 198
117 0 88 3 199
125 0 88 4 200
132 0 89 3 201
155 0 78 1 202
144 0 94 4 203
164 0 83 3 204
175 0 78 5 205
175 0 87 15 206
185 0 83 15 207
191 0 87 4 208
196 0 88 5 209
202 0 96 2 210
213 0 96 4 211
222 0 88 2 212
229 0 87 3 213
236 0 88 5 214
241 0 87 14 215
249 0 88 15 216
253 0 83 14 217
262 0 86 3 218
265 0 82 2 219
266 0 77 2 220
289 0 89 5 221
303 0 93 15 222
307 0 90 2 223
327 0 98 14 224
319 0 87 15 225
341 0 95 1 226
305 0 69 2 227
356 0 94 4 228
363 0 92 14 229
332 0 70 15 230
363 0 77 15 231
387 0 87 15 232
400 0 93 14 233
395 0 63 14 234
411 0 105 3 235
365 0 84 1 236
380 0 106 4 237
383 0 116 14 238
382 0 125 3 239
384 0 131 14 240
379 0 136 3 241
356 0 127 5 242
376 0 149 1 243
382 0 163 4 244
378 0 164 3 245
395 0 186 14 246
367 0 173 15 247
378 0 187 2 248
396 0 215 14 249
416 0 243 3 250
413 0 253 3 251
420 0 297 4 252
404 0 263 15 253
395 0 266 5 254
385 0 270 4 255
371 0 277 2 256
364 0 246 2 257
355 0 250 14 258
338 0 283 2 259
338 0 254 2 260
328 0 251 15 261
323 0 257 1 262
310 0 257 14 263
307 0 260 2 264
295 0 259 3 265
291 0 262 14 266
281 0 259 15 267
265 0 235 1 268
266 0 259 4 269
254 0 259 1 270
245 0 259 15 271
230 0 234 1 272
230 0 259 4 273
220 0 259 2 274
211 0 259 1 275
206 0 223 5 276
196 0 259 5 277
186 0 259 3 278
177 0 259 1 279
168 0 259 14 280
159 0 259 4 281
148 0 262 14 282
146 0 250 15 283
133 0 260 3 284
126 0 253 3 285
118 0 257 3 286
116 0 249 1 287
103 0 254 5 288
107 0 240 5 289
87 0 250 2 290
106 0 226 14 291
83 0 240 15 292
74 0 239 4 293
42 0 263 14 294
50 0 297 15 295
6 0 295 5 296
24 0 249 3 297
59 0 203 5 298
62 0 194 4 299
73 0 175 5 300
45 0 194 15 301
48 0 183 14 302
51 0 174 1 303
62 0 157 14 304
61 0 150 2 305
55 0 145 1 306
53 0 138 2 307
56 0 129 5 308
54 0 124 15 309
55 0 117 1 310
50 0 112 1 311
50 0 101 3 312
34 0 101 15 313
-3 0 56 5 314
17 0 56 2 315
37 0 56 14 316
71 0 56 14 317
91 0 56 3 318
89 0 70 1 319
107 0 66 4 320
85 0 85 3 321
113 0 75 2 322
139 0 64 4 323
129 0 77 3 324
135 0 79 4 325
142 0 80 14 326
161 0 74 5 327
166 0 79 4 328
173 0 81 5 329
182 0 82 15 330
195 0 76 4 331
201 0 83 4 332
213 0 62 5 333
223 0 77 15 334
231 0 75 4 335
239 0 78 3 336
249 0 80 5 337
253 0 73 1 338
264 0 77 1 339
268 0 71 1 340
295 0 85 3 341
299 0 81 1 342
310 0 81 4 343
316 0 78 5 344
322 0 75 1 345
343 0 82 3 346
308 0 56 3 347
328 0 56 15 348
373 0 77 2 349
354 0 56 5 350
374 0 56 2 351
408 0 56 2 352
428 0 56 14 353
443 0 61 1 354
443 0 81 2 355
443 0 102 4 356
425 0 119 5 357
429 0 131 1 358
432 0 144 2 359
443 0 140 2 360
434 0 163 15 361
443 0 166 2 362
435 0 182 14 363
435 0 195 1 364
443 0 197 2 365
432 0 217 2 366
443 0 223 2 367
429 0 236 4 368
443 0 250 2 369
443 0 270 1 370
443 0 290 1 371
437 0 304 1 372
403 0 304 1 373
383 0 304 4 374
363 0 304 15 375
374 0 280 2 376
357 0 286 1 377
346 0 289 3 378
325 0 304 15 379
319 0 293 3 380
298 0 304 1 381
299 0 295 14 382
285 0 296 5 383
266 0 304 2 384
280 0 270 4 385
268 0 272 4 386
248 0 298 4 387
250 0 273 1 388
237 0 274 5 389
218 0 297 14 390
219 0 274 2 391
206 0 274 15 392
199 0 304 3 393
188 0 273 3 394
175 0 272 15 395
169 0 296 3 396
156 0 270 1 397
155 0 304 1 398
137 0 264 3 399
132 0 294 2 400
122 0 304 2 401
109 0 290 5 402
93 0 287 5 403
81 0 283 1 404
70 0 280 5 405
59 0 277 3 406
72 0 304 14 407
38 0 304 14 408
18 0 304 2 409
0 0 287 15 410
-3 0 271 4 411
-3 0 250 5 412
35 0 217 15 413
10 0 231 2 414
-3 0 218 15 415
-3 0 198 5 416
7 0 204 14 417
5 0 190 1 418
47 0 149 14 419
6 0 171 2 420
-3 0 155 4 421
7 0 150 5 422
11 0 136 1 423
-3 0 123 3 424
17 0 115 4 425
-3 0 96 3 426
-3 0 76 15 427
