428
67 0 219 15 0
99 0 107 4 1
81 0 201 3 2
78 0 225 15 3
121 0 151 15 4
108 0 99 5 5
118 0 159 3 6
139 0 79 5 7
91 0 230 5 8
137 0 135 5 9
119 0 109 1 10
137 0 134 5 11
106 0 226 14 12
127 0 144 5 13
127 0 117 2 14
125 0 139 2 15
128 0 128 2 16
126 0 216 5 17
140 0 209 3 18
159 0 141 4 19
162 0 163 3 20
166 0 173 3 21
166 0 117 3 22
160 0 192 2 23
165 0 115 5 24
162 0 208 1 25
163 0 122 1 26
175 0 207 4 27
180 0 118 5 28
181 0 213 14 29
192 0 217 4 30
198 0 121 1 31
197 0 209 1 32
199 0 137 3 33
204 0 202 14 34
204 0 153 3 35
206 0 189 15 36
207 0 150 3 37
209 0 170 15 38
224 0 149 5 39
227 0 174 15 40
225 0 178 14 41
229 0 133 1 42
231 0 203 4 43
234 0 135 2 44
237 0 207 2 45
241 0 122 2 46
242 0 208 2 47
255 0 118 14 48
258 0 226 15 49
268 0 211 15 50
262 0 104 3 51
271 0 195 3 52
264 0 105 1 53
278 0 193 4 54
273 0 128 2 55
280 0 180 3 56
285 0 152 4 57
278 0 159 14 58
288 0 128 5 59
286 0 135 14 60
306 0 175 2 61
282 0 110 5 62
294 0 165 15 63
311 0 128 3 64
307 0 194 3 65
321 0 122 4 66
335 0 227 2 67
305 0 94 1 68
322 0 194 14 69
323 0 178 4 70
345 0 115 14 71
330 0 174 15 72
354 0 125 4 73
333 0 163 1 74
343 0 126 2 75
338 0 157 4 76
372 0 159 4 77
355 0 160 1 78
64 0 97 3 79
66 0 101 15 80
73 0 101 1 81
81 0 101 3 82
89 0 101 4 83
89 0 107 2 84
100 0 104 14 85
117 0 97 15 86
126 0 97 2 87
147 0 88 2 88
157 0 84 2 89
161 0 87 5 90
165 0 89 2 91
171 0 90 4 92
169 0 105 4 93
184 0 92 14 94
185 0 103 2 95
194 0 110 2 96
201 0 99 3 97
208 0 88 15 98
217 0 110 15 99
226 0 103 3 100
234 0 97 1 101
242 0 103 14 102
246 0 96 3 103
250 0 90 5 104
267 0 104 4 105
264 0 91 15 106
271 0 91 2 107
297 0 108 1 108
281 0 87 15 109
300 0 97 1 110
324 0 109 14 111
313 0 94 2 112
321 0 94 4 113
345 0 105 4 114
351 0 104 15 115
338 0 93 15 116
359 0 99 5 117
368 0 99 15 118
374 0 97 1 119
379 0 104 5 120
374 0 109 2 121
370 0 115 4 122
370 0 123 15 123
366 0 128 15 124
351 0 125 4 125
350 0 131 15 126
379 0 161 3 127
366 0 157 3 128
363 0 166 15 129
387 0 194 5 130
372 0 186 1 131
373 0 196 2 132
374 0 205 1 133
386 0 225 5 134
375 0 219 5 135
370 0 224 2 136
373 0 235 1 137
358 0 228 1 138
352 0 233 4 139
343 0 233 2 140
302 0 197 2 141
331 0 241 15 142
318 0 233 4 143
315 0 243 4 144
309 0 248 3 145
292 0 233 14 146
289 0 243 5 147
273 0 218 5 148
266 0 225 2 149
264 0 243 15 150
245 0 215 4 151
244 0 243 3 152
234 0 233 1 153
221 0 214 14 154
220 0 243 14 155
211 0 227 14 156
204 0 233 3 157
196 0 243 2 158
186 0 223 1 159
176 0 243 5 160
172 0 233 4 161
168 0 228 14 162
168 0 213 3 163
153 0 227 1 164
142 0 233 5 165
138 0 228 15 166
139 0 220 5 167
111 0 242 14 168
120 0 223 1 169
126 0 213 2 170
112 0 216 2 171
108 0 213 5 172
78 0 228 2 173
71 0 223 14 174
67 0 214 4 175
81 0 188 3 176
54 0 216 4 177
74 0 185 5 178
77 0 177 5 179
100 0 146 3 180
75 0 162 14 181
70 0 160 15 182
64 0 160 14 183
101 0 121 3 184
68 0 138 5 185
67 0 131 15 186
59 0 129 5 187
67 0 117 4 188
60 0 113 5 189
48 0 63 15 190
49 0 88 3 191
65 0 81 4 192
104 0 63 4 193
74 0 89 5 194
79 0 92 14 195
87 0 92 1 196
109 0 84 14 197
113 0 86 2 198
117 0 88 3 199
125 0 88 4 200
132 0 89 3 201
155 0 78 1 202
144 0 94 4 203
164 0 83 3 204
174 0 79 5 205
175 0 87 15 206
185 0 83 15 207
191 0 87 4 208
196 0 89 2 209
202 0 96 2 210
213 0 96 4 211
222 0 89 14 212
229 0 87 3 213
236 0 89 2 214
241 0 87 14 215
249 0 88 15 216
253 0 83 14 217
263 0 86 3 218
265 0 82 2 219
267 0 77 2 220
290 0 89 14 221
303 0 93 15 222
308 0 90 2 223
327 0 98 14 224
319 0 88 15 225
341 0 95 1 226
305 0 69 2 227
356 0 94 4 228
363 0 92 14 229
333 0 71 15 230
363 0 78 15 231
388 0 88 15 232
401 0 93 14 233
395 0 64 14 234
411 0 105 3 235
366 0 85 3 236
380 0 106 4 237
383 0 116 14 238
383 0 125 3 239
384 0 131 14 240
379 0 136 3 241
357 0 128 5 242
377 0 150 1 243
383 0 163 4 244
378 0 165 3 245
395 0 186 14 246
368 0 174 15 247
378 0 188 5 248
396 0 215 14 249
416 0 243 3 250
413 0 253 3 251
420 0 296 4 252
404 0 263 15 253
395 0 266 5 254
386 0 270 4 255
371 0 276 2 256
364 0 246 2 257
355 0 250 14 258
339 0 283 2 259
338 0 255 2 260
328 0 251 15 261
323 0 257 1 262
310 0 257 14 263
307 0 260 2 264
296 0 259 3 265
291 0 262 14 266
281 0 259 15 267
265 0 235 1 268
266 0 259 4 269
254 0 259 1 270
245 0 259 15 271
230 0 234 1 272
230 0 259 4 273
220 0 259 2 274
211 0 259 1 275
206 0 224 5 276
196 0 259 5 277
186 0 259 3 278
177 0 259 1 279
168 0 259 14 280
159 0 259 4 281
148 0 262 14 282
146 0 250 15 283
133 0 260 3 284
126 0 253 3 285
118 0 257 3 286
115 0 249 15 287
103 0 255 5 288
106 0 241 5 289
87 0 251 2 290
106 0 227 14 291
82 0 241 15 292
74 0 239 4 293
42 0 263 14 294
50 0 297 15 295
6 0 294 5 296
24 0 249 3 297
59 0 204 2 298
61 0 195 4 299
72 0 176 5 300
45 0 194 15 301
48 0 184 15 302
51 0 174 1 303
61 0 157 14 304
60 0 150 1 305
54 0 145 1 306
52 0 139 2 307
56 0 129 5 308
53 0 125 1 309
55 0 117 1 310
50 0 112 1 311
50 0 102 3 312
34 0 101 15 313
-3 0 57 15 314
17 0 57 4 315
37 0 57 1 316
71 0 57 1 317
91 0 57 5 318
89 0 70 1 319
107 0 66 4 320
85 0 85 3 321
112 0 76 2 322
138 0 64 4 323
129 0 77 3 324
135 0 79 4 325
142 0 80 14 326
160 0 74 4 327
166 0 79 4 328
173 0 81 5 329
182 0 82 15 330
195 0 77 2 331
201 0 83 4 332
213 0 63 5 333
223 0 77 15 334
231 0 76 4 335
239 0 78 3 336
250 0 80 14 337
253 0 73 1 338
264 0 77 1 339
269 0 71 1 340
295 0 85 3 341
299 0 81 1 342
310 0 81 4 343
316 0 78 5 344
323 0 76 1 345
343 0 82 3 346
308 0 57 5 347
328 0 57 2 348
373 0 77 2 349
355 0 57 1 350
375 0 57 5 351
408 0 57 4 352
428 0 57 1 353
443 0 62 1 354
443 0 82 2 355
443 0 102 4 356
425 0 120 5 357
429 0 131 1 358
432 0 144 2 359
443 0 140 2 360
434 0 164 15 361
443 0 166 2 362
435 0 182 14 363
435 0 195 1 364
443 0 197 2 365
432 0 217 2 366
443 0 223 2 367
429 0 236 4 368
443 0 250 2 369
443 0 270 1 370
443 0 290 1 371
437 0 303 3 372
403 0 303 3 373
383 0 303 14 374
363 0 303 2 375
374 0 280 2 376
357 0 286 1 377
346 0 288 3 378
325 0 303 2 379
319 0 293 3 380
299 0 303 3 381
299 0 295 14 382
285 0 296 5 383
267 0 303 4 384
280 0 270 4 385
268 0 272 4 386
248 0 297 4 387
250 0 273 1 388
237 0 274 5 389
218 0 297 14 390
219 0 274 2 391
206 0 274 15 392
199 0 303 5 393
188 0 273 3 394
175 0 272 15 395
169 0 296 3 396
156 0 270 1 397
154 0 303 3 398
137 0 264 3 399
132 0 293 2 400
122 0 303 4 401
109 0 290 5 402
93 0 287 5 403
81 0 283 1 404
69 0 280 5 405
59 0 277 3 406
72 0 303 1 407
38 0 303 1 408
18 0 303 4 409
0 0 287 15 410
-3 0 270 4 411
-3 0 250 5 412
35 0 218 15 413
10 0 231 2 414
-3 0 218 15 415
-3 0 198 5 416
7 0 204 14 417
5 0 190 1 418
47 0 150 14 419
6 0 171 2 420
-3 0 155 4 421
7 0 150 5 422
11 0 137 1 423
-3 0 123 3 424
17 0 115 4 425
-3 0 97 4 426
-3 0 77 5 427
