428
72 0 212 1 0
120 0 89 3 1
90 0 189 15 2
80 0 222 3 3
151 0 112 4 4
129 0 81 14 5
139 0 130 3 6
173 0 49 1 7
91 0 229 1 8
166 0 97 14 9
133 0 97 14 10
160 0 102 15 11
108 0 223 2 12
141 0 126 1 13
139 0 105 1 14
135 0 125 14 15
138 0 116 3 16
134 0 208 5 17
151 0 196 4 18
169 0 125 14 19
174 0 152 14 20
180 0 160 4 21
179 0 95 15 22
168 0 182 5 23
175 0 98 15 24
166 0 198 15 25
167 0 115 2 26
182 0 191 5 27
184 0 113 5 28
185 0 198 3 29
193 0 208 3 30
201 0 115 2 31
197 0 199 14 32
197 0 134 14 33
204 0 196 15 34
203 0 152 5 35
206 0 186 15 36
207 0 139 1 37
210 0 163 1 38
220 0 138 3 39
225 0 169 14 40
221 0 169 5 41
227 0 121 2 42
229 0 201 14 43
233 0 132 15 44
235 0 198 14 45
239 0 115 1 46
237 0 193 14 47
252 0 113 4 48
256 0 219 5 49
263 0 199 4 50
251 0 87 4 51
263 0 178 2 52
249 0 82 1 53
271 0 181 4 54
262 0 111 4 55
274 0 170 1 56
279 0 143 2 57
269 0 145 4 58
269 0 103 15 59
266 0 106 5 60
298 0 164 4 61
259 0 83 3 62
277 0 137 15 63
302 0 120 4 64
294 0 177 1 65
314 0 117 14 66
333 0 224 4 67
278 0 74 2 68
305 0 168 14 69
298 0 144 14 70
331 0 106 4 71
305 0 142 1 72
341 0 116 1 73
304 0 131 15 74
320 0 108 2 75
311 0 133 15 76
366 0 154 3 77
339 0 146 4 78
81 0 88 14 79
77 0 94 1 80
84 0 95 2 81
91 0 94 4 82
97 0 95 5 83
91 0 104 1 84
104 0 101 3 85
127 0 88 1 86
136 0 89 15 87
164 0 74 1 88
176 0 66 15 89
175 0 72 15 90
176 0 75 4 91
181 0 76 5 92
171 0 101 3 93
190 0 80 4 94
187 0 98 3 95
195 0 109 5 96
201 0 91 14 97
206 0 74 3 98
217 0 109 3 99
226 0 98 3 100
233 0 88 15 101
240 0 98 14 102
242 0 87 2 103
242 0 77 15 104
265 0 101 15 105
253 0 79 2 106
258 0 78 3 107
295 0 106 4 108
264 0 72 3 109
290 0 88 5 110
322 0 108 2 111
298 0 84 4 112
307 0 84 14 113
339 0 101 15 114
345 0 100 14 115
317 0 81 1 116
346 0 91 14 117
355 0 91 1 118
359 0 88 4 119
365 0 97 3 120
357 0 98 1 121
351 0 103 3 122
350 0 110 1 123
344 0 113 1 124
320 0 102 4 125
317 0 105 1 126
364 0 150 1 127
343 0 137 14 128
338 0 146 4 129
379 0 186 5 130
353 0 169 3 131
356 0 180 15 132
357 0 187 1 133
377 0 214 5 134
358 0 200 4 135
356 0 208 15 136
367 0 226 4 137
348 0 215 14 138
344 0 222 14 139
335 0 223 5 140
275 0 164 15 141
327 0 236 1 142
311 0 223 15 143
312 0 239 5 144
308 0 247 1 145
286 0 223 2 146
287 0 239 15 147
267 0 198 5 148
261 0 210 2 149
263 0 240 3 150
238 0 193 14 151
242 0 239 5 152
231 0 223 5 153
218 0 191 5 154
220 0 239 1 155
210 0 213 15 156
204 0 223 15 157
196 0 240 5 158
187 0 207 3 159
176 0 240 1 160
175 0 223 1 161
174 0 214 15 162
180 0 190 4 163
162 0 213 5 164
149 0 223 3 165
149 0 214 2 166
155 0 202 14 167
115 0 237 1 168
136 0 207 15 169
151 0 189 14 170
134 0 195 15 171
133 0 189 2 172
90 0 215 4 173
85 0 205 3 174
83 0 191 14 175
108 0 155 1 176
63 0 204 14 177
97 0 160 2 178
102 0 151 14 179
139 0 107 1 180
98 0 140 15 181
89 0 141 15 182
80 0 146 2 183
140 0 88 3 184
86 0 122 3 185
84 0 116 14 186
72 0 119 1 187
84 0 106 4 188
74 0 104 4 189
63 0 41 14 190
59 0 81 14 191
80 0 70 2 192
139 0 41 15 193
84 0 82 4 194
85 0 88 14 195
93 0 88 1 196
124 0 75 15 197
124 0 78 5 198
126 0 81 14 199
133 0 81 15 200
138 0 83 1 201
170 0 65 5 202
147 0 91 2 203
174 0 73 3 204
185 0 66 1 205
180 0 80 2 206
191 0 73 15 207
195 0 79 5 208
198 0 82 14 209
202 0 95 5 210
214 0 94 15 211
223 0 82 3 212
229 0 79 4 213
234 0 82 5 214
237 0 79 14 215
245 0 81 1 216
245 0 73 3 217
255 0 78 3 218
254 0 71 1 219
250 0 64 1 220
282 0 84 1 221
298 0 90 3 222
300 0 84 5 223
326 0 97 2 224
308 0 81 14 225
338 0 94 3 226
274 0 51 14 227
352 0 91 15 228
357 0 89 1 229
301 0 53 5 230
345 0 64 14 231
380 0 81 15 232
395 0 90 2 233
381 0 41 14 234
407 0 103 15 235
333 0 63 3 236
357 0 93 15 237
362 0 104 5 238
361 0 113 5 239
363 0 117 2 240
356 0 119 1 241
319 0 100 15 242
351 0 130 3 243
361 0 146 2 244
353 0 143 3 245
381 0 174 14 246
336 0 147 4 247
353 0 166 1 248
383 0 203 2 249
416 0 243 14 250
410 0 254 14 251
422 0 319 15 252
402 0 264 2 253
393 0 269 1 254
382 0 275 2 255
364 0 286 5 256
358 0 237 15 257
349 0 243 14 258
328 0 296 2 259
334 0 250 4 260
322 0 244 4 261
321 0 254 2 262
304 0 254 5 263
305 0 259 1 264
292 0 258 5 265
291 0 263 2 266
279 0 258 2 267
259 0 218 5 268
266 0 258 15 269
254 0 258 4 270
244 0 258 2 271
225 0 217 14 272
231 0 258 15 273
220 0 258 5 274
210 0 258 3 275
208 0 200 3 276
197 0 258 1 277
187 0 258 14 278
178 0 258 4 279
169 0 258 2 280
160 0 258 15 281
148 0 262 2 282
150 0 243 2 283
133 0 259 2 284
128 0 248 14 285
120 0 254 4 286
123 0 242 4 287
107 0 250 2 288
119 0 227 4 289
94 0 244 1 290
129 0 205 5 291
97 0 227 15 292
89 0 225 5 293
42 0 264 1 294
61 0 319 14 295
-5 0 315 2 296
24 0 248 14 297
82 0 180 2 298
85 0 170 14 299
104 0 143 3 300
59 0 180 4 301
63 0 169 2 302
69 0 158 3 303
86 0 136 5 304
84 0 130 14 305
75 0 128 1 306
71 0 123 15 307
77 0 113 5 308
72 0 111 2 309
75 0 105 2 310
67 0 102 3 311
67 0 91 15 312
41 0 95 1 313
-10 0 37 4 314
16 0 37 3 315
42 0 37 1 316
91 0 37 4 317
116 0 37 2 318
106 0 59 4 319
129 0 53 14 320
87 0 84 5 321
125 0 69 4 322
160 0 50 5 323
137 0 71 15 324
141 0 74 4 325
145 0 77 2 326
169 0 67 5 327
170 0 74 2 328
176 0 78 2 329
184 0 79 3 330
198 0 70 5 331
201 0 82 15 332
214 0 47 4 333
224 0 71 2 334
230 0 69 4 335
236 0 73 1 336
247 0 76 3 337
245 0 65 14 338
257 0 71 2 339
257 0 62 2 340
294 0 84 3 341
293 0 77 3 342
305 0 78 14 343
308 0 72 5 344
311 0 69 14 345
338 0 79 5 346
274 0 37 4 347
300 0 37 3 348
366 0 72 3 349
329 0 37 1 350
355 0 37 15 351
404 0 37 2 352
429 0 37 15 353
450 0 43 14 354
450 0 69 14 355
450 0 95 5 356
421 0 117 15 357
426 0 129 4 358
432 0 144 5 359
450 0 130 2 360
434 0 162 3 361
450 0 159 2 362
435 0 180 2 363
435 0 193 4 364
450 0 190 2 365
431 0 216 5 366
450 0 219 2 367
426 0 233 1 368
450 0 248 15 369
450 0 274 2 370
450 0 300 2 371
447 0 323 4 372
398 0 323 1 373
372 0 323 3 374
346 0 323 5 375
372 0 284 15 376
350 0 293 14 377
339 0 298 4 378
311 0 323 5 379
308 0 305 14 380
282 0 323 14 381
289 0 308 2 382
274 0 310 14 383
250 0 323 15 384
280 0 268 14 385
266 0 271 4 386
241 0 313 2 387
250 0 272 4 388
236 0 274 1 389
212 0 312 4 390
219 0 274 5 391
205 0 274 2 392
200 0 323 4 393
189 0 272 14 394
175 0 271 15 395
172 0 310 1 396
158 0 268 4 397
162 0 323 4 398
140 0 258 3 399
138 0 306 1 400
130 0 323 4 401
114 0 301 5 402
96 0 295 5 403
83 0 289 3 404
71 0 284 4 405
60 0 279 14 406
88 0 323 3 407
40 0 323 15 408
14 0 323 2 409
-8 0 296 14 410
-10 0 271 5 411
-10 0 246 1 412
53 0 199 5 413
12 0 228 14 414
-10 0 213 5 415
-10 0 188 1 416
7 0 204 2 417
5 0 188 4 418
72 0 128 1 419
5 0 170 4 420
-10 0 150 4 421
7 0 150 1 422
13 0 134 4 423
-10 0 118 5 424
24 0 112 14 425
-10 0 89 5 426
-10 0 63 5 427
