428
74 0 211 3 0
126 0 84 2 1
93 0 186 1 2
81 0 221 15 3
159 0 102 3 4
135 0 76 5 5
145 0 122 3 6
182 0 40 4 7
91 0 229 4 8
174 0 87 14 9
137 0 94 2 10
167 0 93 1 11
109 0 222 5 12
145 0 121 3 13
142 0 102 15 14
138 0 122 2 15
141 0 113 15 16
136 0 206 3 17
154 0 193 15 18
172 0 121 2 19
177 0 149 3 20
184 0 157 1 21
183 0 89 5 22
170 0 180 1 23
178 0 93 3 24
168 0 196 3 25
168 0 113 5 26
184 0 187 5 27
185 0 112 14 28
186 0 194 15 29
194 0 206 15 30
202 0 113 5 31
197 0 197 2 32
197 0 133 2 33
204 0 194 3 34
203 0 152 1 35
206 0 184 3 36
207 0 137 4 37
211 0 162 5 38
220 0 135 14 39
225 0 168 15 40
220 0 166 14 41
227 0 117 14 42
229 0 200 2 43
232 0 130 3 44
234 0 195 1 45
239 0 113 4 46
235 0 189 4 47
251 0 112 5 48
256 0 217 1 49
261 0 195 15 50
248 0 82 4 51
261 0 173 14 52
245 0 76 14 53
269 0 179 14 54
259 0 106 14 55
272 0 167 2 56
278 0 141 5 57
267 0 141 3 58
264 0 96 5 59
261 0 98 14 60
296 0 160 2 61
252 0 75 15 62
272 0 130 4 63
300 0 118 15 64
290 0 172 1 65
312 0 115 5 66
333 0 223 15 67
270 0 69 1 68
300 0 161 1 69
290 0 135 14 70
327 0 103 1 71
297 0 133 15 72
338 0 113 3 73
296 0 123 5 74
314 0 103 5 75
304 0 126 15 76
365 0 152 5 77
334 0 143 2 78
85 0 85 2 79
80 0 92 5 80
87 0 93 14 81
93 0 92 1 82
100 0 93 1 83
92 0 103 4 84
105 0 99 3 85
129 0 86 4 86
138 0 87 14 87
169 0 70 2 88
181 0 62 5 89
179 0 68 3 90
179 0 71 4 91
184 0 73 1 92
172 0 100 3 93
192 0 77 1 94
187 0 97 14 95
196 0 109 2 96
201 0 89 2 97
206 0 70 3 98
216 0 109 14 99
226 0 96 5 100
232 0 86 3 101
240 0 97 2 102
240 0 85 5 103
240 0 74 5 104
264 0 99 14 105
250 0 75 15 106
255 0 74 1 107
295 0 106 15 108
259 0 68 4 109
287 0 85 15 110
322 0 107 5 111
294 0 81 14 112
303 0 81 1 113
338 0 100 15 114
343 0 99 1 115
311 0 78 3 116
343 0 89 1 117
352 0 89 3 118
355 0 86 15 119
361 0 94 4 120
352 0 96 2 121
346 0 100 2 122
345 0 107 3 123
338 0 108 1 124
311 0 95 1 125
308 0 98 1 126
360 0 146 5 127
337 0 132 3 128
331 0 141 2 129
376 0 184 1 130
348 0 164 3 131
351 0 175 3 132
353 0 182 2 133
375 0 212 1 134
354 0 194 4 135
352 0 204 3 136
365 0 224 15 137
346 0 211 1 138
342 0 220 2 139
333 0 220 15 140
267 0 154 15 141
326 0 235 5 142
310 0 220 3 143
312 0 238 1 144
308 0 246 4 145
284 0 220 4 146
286 0 238 3 147
265 0 192 1 148
259 0 205 5 149
263 0 238 5 150
236 0 187 1 151
242 0 238 1 152
231 0 220 1 153
216 0 184 5 154
220 0 238 4 155
210 0 209 2 156
204 0 220 3 157
197 0 238 15 158
187 0 202 2 159
176 0 238 3 160
176 0 220 5 161
176 0 210 3 162
183 0 183 4 163
164 0 209 15 164
151 0 220 15 165
152 0 210 5 166
160 0 197 1 167
116 0 236 5 168
140 0 202 14 169
158 0 183 14 170
140 0 189 14 171
140 0 183 2 172
93 0 211 15 173
89 0 201 3 174
88 0 184 15 175
116 0 145 14 176
65 0 201 5 177
103 0 153 3 178
109 0 144 15 179
150 0 96 4 180
105 0 133 4 181
94 0 136 2 182
84 0 143 2 183
151 0 79 15 184
91 0 118 1 185
89 0 112 1 186
76 0 116 1 187
89 0 102 3 188
78 0 101 1 189
67 0 35 3 190
62 0 80 3 191
85 0 67 5 192
149 0 35 5 193
87 0 80 1 194
87 0 87 3 195
95 0 87 4 196
128 0 73 4 197
127 0 76 4 198
128 0 80 2 199
135 0 80 3 200
140 0 81 4 201
174 0 62 3 202
147 0 91 5 203
176 0 70 4 204
188 0 62 14 205
182 0 78 14 206
192 0 70 15 207
196 0 77 2 208
198 0 80 2 209
202 0 95 1 210
214 0 94 3 211
224 0 80 14 212
229 0 77 15 213
234 0 80 1 214
236 0 77 2 215
244 0 80 3 216
243 0 70 2 217
253 0 76 15 218
250 0 69 4 219
246 0 60 14 220
280 0 82 4 221
297 0 89 14 222
298 0 83 15 223
326 0 97 5 224
304 0 79 1 225
337 0 93 14 226
265 0 46 3 227
350 0 91 3 228
355 0 87 15 229
293 0 48 1 230
340 0 61 1 231
378 0 79 2 232
394 0 89 4 233
377 0 35 1 234
406 0 102 3 235
324 0 58 15 236
350 0 90 3 237
356 0 101 15 238
354 0 109 4 239
358 0 113 15 240
349 0 114 5 241
309 0 93 15 242
344 0 125 1 243
355 0 141 15 244
347 0 137 3 245
377 0 171 4 246
328 0 139 14 247
347 0 159 5 248
380 0 200 5 249
416 0 243 2 250
410 0 254 2 251
423 0 325 3 252
401 0 264 5 253
392 0 269 4 254
381 0 276 3 255
362 0 288 5 256
356 0 234 4 257
347 0 241 2 258
325 0 300 1 259
332 0 249 15 260
321 0 243 4 261
320 0 253 5 262
302 0 254 1 263
305 0 258 4 264
291 0 258 1 265
291 0 263 5 266
279 0 258 5 267
258 0 213 5 268
266 0 258 3 269
253 0 258 15 270
243 0 258 5 271
223 0 212 5 272
231 0 258 3 273
220 0 258 1 274
210 0 258 14 275
208 0 193 4 276
198 0 258 4 277
187 0 258 2 278
178 0 258 15 279
169 0 258 5 280
160 0 258 3 281
148 0 262 5 282
151 0 241 14 283
134 0 258 5 284
129 0 247 4 285
121 0 254 1 286
125 0 239 14 287
109 0 249 5 288
123 0 224 1 289
95 0 242 1 290
136 0 199 4 291
101 0 224 4 292
94 0 221 2 293
42 0 264 4 294
65 0 325 2 295
-8 0 321 1 296
24 0 247 4 297
88 0 173 15 298
92 0 163 2 299
112 0 134 14 300
63 0 177 1 301
67 0 165 4 302
74 0 154 4 303
93 0 130 4 304
90 0 125 15 305
80 0 123 4 306
76 0 119 5 307
82 0 109 15 308
78 0 108 14 309
81 0 102 2 310
71 0 99 4 311
71 0 88 15 312
43 0 94 4 313
-12 0 32 4 314
16 0 32 3 315
43 0 32 1 316
96 0 32 5 317
124 0 32 3 318
111 0 57 1 319
135 0 50 3 320
87 0 83 1 321
128 0 67 15 322
166 0 46 5 323
140 0 69 3 324
143 0 72 4 325
146 0 75 1 326
171 0 64 3 327
172 0 72 3 328
176 0 77 5 329
184 0 79 14 330
198 0 68 15 331
201 0 81 3 332
214 0 43 4 333
225 0 69 14 334
230 0 67 14 335
235 0 72 1 336
246 0 75 14 337
243 0 63 2 338
255 0 69 5 339
254 0 59 15 340
294 0 83 14 341
292 0 76 1 342
304 0 77 1 343
305 0 71 1 344
308 0 67 15 345
336 0 78 1 346
265 0 32 3 347
292 0 32 1 348
364 0 70 5 349
322 0 32 15 350
350 0 32 14 351
402 0 32 2 352
430 0 32 1 353
452 0 38 1 354
452 0 65 1 355
452 0 93 1 356
419 0 116 5 357
426 0 129 15 358
432 0 144 1 359
452 0 127 2 360
434 0 161 14 361
452 0 157 5 362
436 0 179 5 363
436 0 192 15 364
452 0 188 5 365
431 0 216 1 366
452 0 218 5 367
426 0 232 4 368
452 0 248 3 369
452 0 275 5 370
452 0 303 5 371
449 0 328 4 372
397 0 328 1 373
369 0 328 2 374
342 0 328 4 375
371 0 285 3 376
348 0 296 2 377
337 0 300 3 378
307 0 328 4 379
305 0 309 2 380
277 0 328 5 381
286 0 312 15 382
270 0 314 4 383
245 0 328 14 384
279 0 267 1 385
265 0 270 15 386
238 0 317 1 387
250 0 272 15 388
235 0 274 4 389
210 0 316 3 390
219 0 274 1 391
205 0 274 5 392
200 0 328 4 393
190 0 272 2 394
175 0 270 3 395
172 0 314 14 396
158 0 267 14 397
164 0 328 4 398
141 0 256 15 399
140 0 310 4 400
132 0 328 5 401
116 0 303 2 402
96 0 297 2 403
84 0 291 14 404
71 0 285 15 405
60 0 280 2 406
93 0 328 4 407
40 0 328 15 408
13 0 328 2 409
-10 0 298 1 410
-12 0 272 4 411
-12 0 244 4 412
58 0 194 2 413
12 0 227 15 414
-12 0 212 1 415
-12 0 185 1 416
7 0 204 5 417
4 0 188 15 418
79 0 122 4 419
5 0 170 15 420
-12 0 149 15 421
7 0 150 4 422
14 0 133 15 423
-12 0 117 1 424
25 0 111 2 425
-12 0 87 4 426
-12 0 60 4 427
