428
64 0 223 4 0
86 0 119 1 1
75 0 208 4 2
76 0 227 15 3
103 0 176 4 4
95 0 111 3 5
105 0 177 3 6
118 0 98 15 7
90 0 230 4 8
119 0 159 3 9
111 0 117 14 10
121 0 155 1 11
104 0 227 5 12
119 0 156 15 13
120 0 125 15 14
119 0 147 15 15
121 0 135 2 16
121 0 222 2 17
132 0 217 14 18
152 0 152 14 19
154 0 170 3 20
158 0 180 15 21
158 0 132 4 22
155 0 198 1 23
159 0 126 1 24
159 0 214 1 25
161 0 126 2 26
171 0 217 15 27
177 0 120 5 28
178 0 222 14 29
191 0 222 2 30
196 0 125 2 31
197 0 215 2 32
200 0 138 3 33
203 0 206 3 34
204 0 154 3 35
205 0 192 4 36
207 0 157 15 37
208 0 174 4 38
226 0 156 15 39
228 0 176 15 40
228 0 183 14 41
230 0 141 4 42
232 0 204 1 43
235 0 138 3 44
238 0 213 2 45
242 0 126 3 46
245 0 218 15 47
257 0 120 14 48
259 0 230 2 49
271 0 219 5 50
269 0 115 4 51
276 0 207 3 52
273 0 119 2 53
282 0 200 15 54
281 0 139 5 55
285 0 186 5 56
288 0 158 1 57
284 0 168 5 58
300 0 143 4 59
299 0 153 15 60
311 0 182 2 61
298 0 127 15 62
306 0 181 1 63
316 0 134 5 64
315 0 206 4 65
325 0 126 14 66
336 0 229 4 67
323 0 106 14 68
333 0 211 14 69
340 0 199 3 70
354 0 121 3 71
347 0 194 4 72
363 0 131 2 73
351 0 182 3 74
358 0 138 14 75
354 0 173 4 76
376 0 162 3 77
366 0 168 1 78
54 0 102 4 79
58 0 105 3 80
67 0 105 5 81
75 0 105 14 82
83 0 105 1 83
87 0 108 2 84
97 0 107 4 85
111 0 102 2 86
120 0 103 3 87
136 0 97 4 88
146 0 94 5 89
152 0 97 15 90
157 0 98 1 91
165 0 98 2 92
167 0 107 4 93
180 0 99 5 94
184 0 106 15 95
193 0 110 2 96
201 0 104 14 97
209 0 97 4 98
218 0 110 15 99
227 0 106 1 100
235 0 102 5 101
243 0 106 4 102
249 0 102 15 103
255 0 98 14 104
269 0 107 2 105
271 0 99 2 106
279 0 99 3 107
298 0 109 1 108
292 0 97 14 109
307 0 102 5 110
325 0 109 15 111
322 0 101 1 112
330 0 101 3 113
348 0 107 4 114
356 0 107 14 115
351 0 100 4 116
368 0 104 3 117
377 0 104 5 118
384 0 102 14 119
388 0 109 5 120
385 0 116 15 121
383 0 123 2 122
383 0 131 14 123
380 0 138 4 124
371 0 140 2 125
370 0 147 1 126
388 0 169 15 127
380 0 170 14 128
378 0 179 1 129
393 0 199 14 130
384 0 198 4 131
385 0 207 4 132
385 0 216 15 133
392 0 232 5 134
385 0 231 15 135
378 0 235 2 136
376 0 241 2 137
364 0 237 5 138
357 0 240 5 139
348 0 240 3 140
320 0 218 1 141
334 0 245 3 142
322 0 240 5 143
317 0 246 15 144
309 0 248 3 145
295 0 240 15 146
290 0 246 2 147
277 0 231 14 148
269 0 235 1 149
264 0 246 3 150
249 0 229 15 151
245 0 246 15 152
236 0 240 2 153
224 0 228 2 154
220 0 246 2 155
211 0 236 4 156
203 0 240 3 157
195 0 246 4 158
186 0 234 15 159
176 0 246 1 160
170 0 240 3 161
164 0 237 1 162
160 0 228 4 163
148 0 236 5 164
138 0 240 4 165
132 0 237 2 166
128 0 232 2 167
108 0 245 1 168
110 0 234 5 169
110 0 228 1 170
98 0 230 14 171
92 0 228 5 172
70 0 237 3 173
63 0 233 3 174
56 0 228 5 175
64 0 210 2 176
48 0 223 1 177
60 0 201 5 178
62 0 192 4 179
75 0 171 1 180
61 0 177 2 181
57 0 172 5 182
54 0 168 2 183
76 0 141 2 184
56 0 148 2 185
55 0 140 2 186
51 0 135 2 187
55 0 125 1 188
52 0 118 1 189
38 0 78 14 190
42 0 92 14 191
55 0 88 4 192
82 0 78 1 193
68 0 93 3 194
74 0 95 4 195
83 0 95 14 196
100 0 90 3 197
105 0 91 4 198
112 0 92 14 199
120 0 92 15 200
128 0 93 1 201
145 0 86 1 202
142 0 96 4 203
158 0 89 1 204
168 0 87 14 205
172 0 92 4 206
181 0 89 14 207
188 0 92 15 208
195 0 93 15 209
203 0 97 3 210
213 0 97 5 211
221 0 93 5 212
229 0 92 15 213
237 0 93 1 214
243 0 92 3 215
252 0 92 5 216
258 0 89 14 217
267 0 91 1 218
272 0 89 2 219
277 0 86 14 220
294 0 93 5 221
306 0 95 1 222
312 0 93 2 223
327 0 98 14 224
326 0 92 14 225
343 0 97 2 226
325 0 81 15 227
359 0 96 4 228
367 0 95 14 229
353 0 82 5 230
374 0 86 4 231
393 0 92 5 232
404 0 95 14 233
404 0 78 1 234
414 0 106 3 235
386 0 98 4 236
395 0 114 2 237
397 0 124 5 238
396 0 133 15 239
397 0 140 15 240
395 0 147 14 241
381 0 146 3 242
393 0 162 14 243
397 0 174 14 244
394 0 178 4 245
404 0 194 1 246
388 0 190 15 247
394 0 203 1 248
405 0 222 2 249
417 0 243 3 250
415 0 252 4 251
419 0 282 4 252
406 0 262 1 253
397 0 264 5 254
388 0 266 3 255
375 0 270 2 256
367 0 252 1 257
358 0 255 14 258
345 0 274 14 259
341 0 257 5 260
332 0 255 1 261
325 0 259 2 262
313 0 259 14 263
308 0 260 2 264
298 0 260 15 265
292 0 262 14 266
282 0 260 4 267
269 0 246 4 268
265 0 260 1 269
255 0 260 14 270
246 0 260 4 271
233 0 245 4 272
230 0 260 1 273
220 0 260 14 274
211 0 260 5 275
205 0 239 2 276
195 0 260 1 277
186 0 260 15 278
177 0 260 5 279
168 0 260 3 280
159 0 260 1 281
149 0 262 14 282
144 0 255 14 283
132 0 260 3 284
124 0 257 4 285
116 0 259 3 286
111 0 254 15 287
100 0 257 14 288
98 0 249 4 289
83 0 255 1 290
90 0 241 1 291
73 0 249 14 292
64 0 248 4 293
41 0 262 14 294
43 0 282 15 295
13 0 281 1 296
23 0 251 3 297
44 0 220 15 298
46 0 211 14 299
52 0 195 2 300
36 0 203 1 301
38 0 193 14 302
40 0 184 5 303
46 0 171 3 304
45 0 163 15 305
42 0 156 14 306
40 0 149 4 307
43 0 140 15 308
41 0 133 15 309
42 0 125 14 310
39 0 118 5 311
39 0 108 14 312
30 0 104 14 313
1 0 69 5 314
17 0 69 1 315
33 0 69 4 316
58 0 69 2 317
74 0 69 5 318
77 0 77 15 319
93 0 74 5 320
84 0 85 3 321
105 0 80 5 322
124 0 73 4 323
123 0 81 2 324
131 0 82 4 325
140 0 83 5 326
155 0 79 1 327
163 0 82 3 328
171 0 83 5 329
181 0 84 15 330
193 0 81 2 331
201 0 85 14 332
213 0 72 5 333
223 0 81 15 334
232 0 80 2 335
241 0 82 4 336
251 0 83 14 337
258 0 79 15 338
269 0 81 2 339
276 0 77 4 340
296 0 85 3 341
303 0 83 2 342
314 0 83 4 343
322 0 81 14 344
330 0 80 1 345
346 0 84 4 346
330 0 69 15 347
346 0 69 3 348
377 0 81 3 349
371 0 69 1 350
387 0 69 4 351
411 0 69 2 352
428 0 69 5 353
439 0 74 3 354
439 0 90 15 355
439 0 106 1 356
428 0 121 4 357
431 0 132 2 358
433 0 145 14 359
439 0 146 15 360
433 0 165 15 361
439 0 171 3 362
434 0 184 14 363
434 0 196 15 364
439 0 202 3 365
432 0 218 2 366
439 0 226 1 367
431 0 238 5 368
439 0 251 1 369
439 0 267 14 370
439 0 283 1 371
431 0 291 14 372
407 0 291 1 373
390 0 291 5 374
374 0 291 1 375
376 0 277 3 376
362 0 281 15 377
351 0 282 5 378
334 0 291 15 379
326 0 285 2 380
309 0 291 2 381
305 0 286 5 382
293 0 287 2 383
277 0 291 3 384
281 0 271 4 385
269 0 272 4 386
253 0 288 5 387
250 0 273 1 388
238 0 274 5 389
222 0 287 2 390
219 0 274 2 391
207 0 274 15 392
198 0 291 2 393
187 0 273 3 394
175 0 272 15 395
167 0 287 14 396
155 0 271 15 397
150 0 291 14 398
135 0 268 3 399
127 0 285 5 400
117 0 291 15 401
105 0 283 5 402
91 0 281 3 403
80 0 279 15 404
69 0 277 5 405
58 0 276 3 406
61 0 291 3 407
37 0 291 5 408
20 0 291 1 409
6 0 282 15 410
1 0 270 5 411
1 0 254 14 412
24 0 230 5 413
9 0 233 14 414
1 0 221 14 415
1 0 205 5 416
7 0 204 14 417
6 0 192 15 418
31 0 163 5 419
6 0 172 2 420
1 0 158 1 421
7 0 151 5 422
9 0 138 15 423
1 0 125 5 424
13 0 116 3 425
1 0 101 1 426
1 0 85 1 427
