428
66 0 220 3 0
96 0 111 2 1
79 0 203 15 2
77 0 225 5 3
116 0 158 1 4
105 0 103 5 5
114 0 164 5 6
133 0 84 2 7
91 0 230 3 8
132 0 142 4 9
117 0 112 14 10
132 0 140 2 11
105 0 226 3 12
125 0 148 14 13
125 0 120 14 14
124 0 141 2 15
126 0 130 3 16
124 0 218 2 17
138 0 211 1 18
157 0 144 2 19
160 0 165 15 20
164 0 175 15 21
164 0 121 14 22
159 0 193 15 23
164 0 118 15 24
161 0 209 14 25
163 0 123 14 26
174 0 210 1 27
179 0 118 3 28
180 0 215 3 29
192 0 219 2 30
197 0 122 14 31
197 0 210 14 32
199 0 137 1 33
204 0 203 4 34
204 0 153 1 35
206 0 190 5 36
207 0 152 1 37
209 0 171 5 38
224 0 151 3 39
227 0 174 5 40
226 0 180 4 41
230 0 135 15 42
232 0 203 2 43
234 0 136 15 44
237 0 209 14 45
242 0 123 15 46
243 0 211 15 47
256 0 118 4 48
259 0 227 5 49
269 0 213 14 50
264 0 107 14 51
272 0 199 1 52
266 0 109 15 53
279 0 195 2 54
275 0 131 4 55
282 0 181 1 56
286 0 154 3 57
280 0 161 3 58
291 0 132 15 59
290 0 140 5 60
308 0 177 14 61
287 0 115 14 62
298 0 170 1 63
312 0 130 4 64
309 0 198 1 65
322 0 123 2 66
336 0 227 15 67
310 0 97 1 68
325 0 199 5 69
328 0 183 3 70
348 0 117 1 71
335 0 180 5 72
357 0 127 3 73
338 0 169 2 74
347 0 130 4 75
342 0 162 1 76
373 0 160 2 77
358 0 162 4 78
61 0 98 1 79
64 0 102 4 80
71 0 102 14 81
79 0 102 15 82
87 0 102 2 83
88 0 107 15 84
99 0 105 2 85
115 0 99 4 86
124 0 99 14 87
144 0 91 3 88
154 0 87 1 89
158 0 90 14 90
163 0 91 15 91
170 0 92 1 92
168 0 106 2 93
183 0 94 3 94
185 0 104 15 95
194 0 110 15 96
201 0 100 1 97
208 0 91 2 98
218 0 110 5 99
226 0 104 1 100
234 0 99 14 101
243 0 104 4 102
247 0 98 2 103
252 0 92 3 104
268 0 105 15 105
266 0 93 5 106
273 0 93 14 107
297 0 108 14 108
284 0 90 2 109
302 0 98 14 110
324 0 109 4 111
315 0 96 1 112
324 0 96 2 113
346 0 106 2 114
353 0 105 3 115
342 0 95 14 116
362 0 100 4 117
371 0 100 14 118
377 0 99 15 119
382 0 106 2 120
377 0 111 1 121
374 0 118 14 122
374 0 125 14 123
370 0 131 2 124
357 0 129 14 125
356 0 135 4 126
381 0 163 2 127
370 0 161 15 128
367 0 170 1 129
389 0 195 3 130
375 0 190 3 131
377 0 199 1 132
377 0 208 14 133
388 0 227 3 134
378 0 223 1 135
372 0 227 15 136
374 0 237 5 137
360 0 231 15 138
353 0 235 2 139
344 0 235 15 140
307 0 203 3 141
332 0 242 5 142
319 0 235 2 143
315 0 244 5 144
309 0 248 1 145
293 0 235 4 146
289 0 244 14 147
274 0 222 1 148
267 0 228 2 149
264 0 244 1 150
246 0 219 5 151
245 0 244 5 152
234 0 235 14 153
222 0 218 15 154
220 0 244 15 155
211 0 230 14 156
204 0 235 1 157
195 0 244 2 158
186 0 227 14 159
176 0 244 14 160
171 0 235 2 161
167 0 230 4 162
166 0 217 4 163
152 0 230 1 164
141 0 235 3 165
136 0 230 5 166
136 0 224 3 167
110 0 243 3 168
117 0 227 14 169
121 0 217 2 170
108 0 220 4 171
103 0 217 5 172
76 0 231 15 173
69 0 226 3 174
64 0 218 4 175
76 0 195 5 176
52 0 218 2 177
70 0 189 5 178
73 0 180 2 179
93 0 153 15 180
71 0 167 4 181
66 0 163 3 182
61 0 162 2 183
94 0 127 15 184
64 0 141 4 185
63 0 133 2 186
57 0 131 3 187
63 0 119 1 188
58 0 114 3 189
45 0 67 3 190
47 0 89 5 191
62 0 83 2 192
98 0 67 15 193
73 0 90 3 194
77 0 93 3 195
86 0 93 5 196
107 0 86 14 197
111 0 87 15 198
116 0 89 5 199
124 0 89 14 200
131 0 90 1 201
152 0 80 14 202
144 0 95 2 203
162 0 85 3 204
172 0 81 3 205
174 0 89 2 206
184 0 85 15 207
190 0 88 1 208
196 0 90 15 209
202 0 97 1 210
213 0 96 2 211
222 0 90 4 212
229 0 88 1 213
236 0 90 15 214
241 0 88 4 215
250 0 89 3 216
254 0 85 14 217
264 0 87 1 218
267 0 84 15 219
270 0 80 1 220
291 0 90 4 221
304 0 94 5 222
309 0 91 15 223
327 0 98 4 224
321 0 89 3 225
342 0 96 14 226
311 0 73 4 227
357 0 95 2 228
364 0 93 3 229
338 0 74 2 230
366 0 80 14 231
389 0 89 2 232
402 0 94 4 233
398 0 68 3 234
412 0 105 1 235
372 0 88 2 236
385 0 108 3 237
387 0 119 2 238
387 0 127 2 239
388 0 134 3 240
384 0 139 2 241
364 0 133 5 242
382 0 153 1 243
387 0 166 3 244
383 0 169 4 245
398 0 188 15 246
373 0 179 5 247
383 0 192 2 248
399 0 217 15 249
416 0 243 1 250
413 0 253 1 251
420 0 292 1 252
405 0 263 14 253
396 0 265 3 254
386 0 269 2 255
372 0 275 2 256
365 0 248 14 257
356 0 252 4 258
341 0 280 1 259
339 0 255 15 260
329 0 252 5 261
324 0 257 14 262
311 0 258 4 263
308 0 260 15 264
296 0 260 5 265
291 0 262 4 266
281 0 260 2 267
266 0 238 5 268
266 0 260 14 269
255 0 260 4 270
245 0 260 2 271
231 0 237 5 272
230 0 260 14 273
220 0 260 4 274
211 0 260 3 275
205 0 228 4 276
196 0 260 15 277
186 0 260 5 278
177 0 260 3 279
168 0 260 1 280
159 0 260 14 281
148 0 262 4 282
146 0 252 5 283
132 0 260 1 284
125 0 254 15 285
117 0 258 1 286
114 0 251 5 287
102 0 255 3 288
104 0 243 2 289
86 0 252 15 290
101 0 231 5 291
80 0 243 4 292
71 0 242 3 293
42 0 263 4 294
48 0 293 4 295
8 0 290 4 296
24 0 250 1 297
55 0 209 5 298
57 0 199 1 299
67 0 181 1 300
42 0 197 5 301
45 0 186 4 302
48 0 177 4 303
57 0 161 1 304
56 0 154 15 305
51 0 148 14 306
49 0 142 1 307
52 0 132 2 308
50 0 127 5 309
51 0 120 14 310
47 0 114 1 311
47 0 104 1 312
33 0 102 5 313
-2 0 60 5 314
17 0 60 2 315
36 0 60 14 316
67 0 60 5 317
86 0 60 2 318
85 0 72 5 319
103 0 68 1 320
85 0 85 1 321
110 0 77 4 322
134 0 67 15 323
127 0 78 1 324
134 0 80 2 325
141 0 81 4 326
159 0 76 2 327
165 0 80 1 328
173 0 82 3 329
182 0 83 5 330
194 0 78 15 331
201 0 84 2 332
213 0 65 2 333
223 0 78 5 334
231 0 77 15 335
239 0 79 1 336
250 0 81 4 337
254 0 75 14 338
266 0 78 15 339
271 0 73 3 340
295 0 85 1 341
300 0 82 15 342
311 0 82 2 343
318 0 79 3 344
325 0 77 5 345
344 0 82 1 346
315 0 60 5 347
334 0 60 1 348
374 0 78 15 349
359 0 60 14 350
378 0 60 3 351
409 0 60 2 352
428 0 60 14 353
442 0 65 5 354
442 0 84 15 355
442 0 103 2 356
426 0 120 3 357
429 0 132 14 358
432 0 144 15 359
442 0 142 2 360
434 0 164 5 361
442 0 167 15 362
434 0 183 3 363
434 0 195 5 364
442 0 199 15 365
432 0 218 15 366
442 0 224 15 367
429 0 237 2 368
442 0 250 15 369
442 0 269 14 370
442 0 288 14 371
435 0 300 1 372
404 0 300 1 373
385 0 300 5 374
366 0 300 1 375
375 0 279 1 376
358 0 284 14 377
348 0 287 4 378
327 0 300 15 379
321 0 291 3 380
302 0 300 2 381
301 0 292 5 382
287 0 293 2 383
270 0 300 3 384
281 0 270 2 385
268 0 272 2 386
250 0 295 2 387
250 0 273 14 388
237 0 274 3 389
220 0 294 3 390
219 0 274 15 391
206 0 274 5 392
198 0 300 3 393
188 0 273 1 394
175 0 272 5 395
168 0 293 15 396
156 0 270 14 397
153 0 300 1 398
136 0 265 1 399
130 0 291 15 400
121 0 300 2 401
108 0 288 3 402
92 0 285 3 403
81 0 282 14 404
69 0 279 3 405
58 0 277 1 406
69 0 300 5 407
37 0 300 14 408
18 0 300 2 409
2 0 285 14 410
-2 0 270 2 411
-2 0 251 3 412
32 0 221 3 413
9 0 232 4 414
-2 0 219 5 415
-2 0 200 5 416
7 0 204 4 417
6 0 191 15 418
42 0 154 4 419
6 0 172 15 420
-2 0 156 2 421
7 0 151 3 422
10 0 137 5 423
-2 0 123 1 424
16 0 115 2 425
-2 0 98 2 426
-2 0 79 3 427
