428
74 0 210 3 0
126 0 83 2 1
93 0 185 1 2
81 0 221 15 3
160 0 100 15 4
135 0 75 5 5
146 0 121 4 6
183 0 39 4 7
91 0 229 4 8
175 0 85 14 9
137 0 93 2 10
168 0 92 2 11
109 0 222 5 12
145 0 121 3 13
143 0 101 15 14
138 0 121 2 15
141 0 112 5 16
137 0 206 3 17
154 0 192 15 18
172 0 120 3 19
178 0 149 3 20
184 0 156 5 21
183 0 88 1 22
170 0 180 1 23
178 0 93 3 24
168 0 195 3 25
168 0 113 5 26
184 0 186 5 27
185 0 112 14 28
186 0 193 15 29
194 0 206 15 30
202 0 113 5 31
197 0 196 2 32
197 0 133 2 33
204 0 194 3 34
203 0 152 1 35
206 0 184 3 36
207 0 136 4 37
211 0 161 5 38
220 0 135 14 39
225 0 168 15 40
220 0 166 14 41
227 0 117 14 42
229 0 200 2 43
232 0 130 3 44
234 0 195 1 45
239 0 113 4 46
235 0 188 4 47
251 0 112 5 48
256 0 217 1 49
261 0 195 15 50
247 0 82 4 51
260 0 173 14 52
244 0 75 5 53
269 0 178 14 54
259 0 106 14 55
271 0 167 2 56
277 0 140 3 57
266 0 141 3 58
263 0 95 5 59
260 0 97 14 60
295 0 160 2 61
251 0 74 15 62
271 0 129 4 63
300 0 118 15 64
289 0 172 15 65
312 0 115 5 66
333 0 223 15 67
269 0 68 14 68
299 0 160 2 69
289 0 133 5 70
327 0 103 1 71
296 0 132 2 72
337 0 113 3 73
295 0 122 5 74
313 0 103 5 75
303 0 125 15 76
365 0 152 5 77
334 0 142 2 78
86 0 85 3 79
80 0 92 5 80
87 0 93 14 81
94 0 92 1 82
100 0 93 1 83
92 0 103 4 84
105 0 99 3 85
130 0 86 4 86
139 0 87 14 87
170 0 69 2 88
181 0 61 5 89
180 0 67 3 90
179 0 71 4 91
184 0 72 5 92
172 0 100 3 93
192 0 76 3 94
187 0 97 14 95
196 0 109 2 96
201 0 89 2 97
206 0 70 3 98
216 0 109 14 99
226 0 96 5 100
232 0 86 3 101
240 0 97 2 102
240 0 84 3 103
239 0 73 4 104
264 0 99 14 105
249 0 75 14 106
255 0 74 1 107
295 0 106 15 108
258 0 67 4 109
286 0 85 15 110
322 0 107 5 111
294 0 81 14 112
302 0 81 1 113
337 0 100 15 114
342 0 99 1 115
310 0 78 3 116
342 0 89 1 117
351 0 89 3 118
355 0 86 15 119
361 0 94 4 120
351 0 95 2 121
345 0 99 2 122
344 0 106 2 123
337 0 108 1 124
310 0 94 1 125
306 0 97 1 126
360 0 146 5 127
336 0 131 3 128
330 0 140 15 129
376 0 184 1 130
347 0 164 3 131
350 0 174 3 132
352 0 181 2 133
374 0 211 14 134
353 0 194 4 135
352 0 203 14 136
365 0 223 15 137
345 0 210 1 138
341 0 219 4 139
332 0 220 15 140
266 0 153 15 141
326 0 234 5 142
309 0 220 2 143
311 0 238 1 144
308 0 246 4 145
284 0 220 4 146
286 0 238 3 147
265 0 191 3 148
259 0 205 5 149
263 0 238 5 150
236 0 186 1 151
242 0 238 1 152
230 0 220 1 153
216 0 183 4 154
220 0 238 4 155
210 0 209 2 156
204 0 220 3 157
197 0 238 15 158
187 0 202 2 159
176 0 238 3 160
176 0 220 5 161
176 0 210 3 162
184 0 182 4 163
164 0 209 15 164
151 0 220 15 165
152 0 210 5 166
160 0 196 1 167
116 0 236 5 168
141 0 202 15 169
159 0 182 14 170
141 0 188 15 171
141 0 182 3 172
94 0 210 15 173
89 0 200 3 174
88 0 183 14 175
117 0 144 2 176
66 0 201 14 177
104 0 152 2 178
110 0 143 15 179
151 0 94 5 180
106 0 132 15 181
95 0 135 2 182
85 0 142 2 183
153 0 78 15 184
92 0 117 1 185
90 0 111 1 186
76 0 116 1 187
90 0 102 3 188
78 0 101 1 189
68 0 34 3 190
63 0 79 3 191
85 0 67 5 192
150 0 34 5 193
87 0 80 1 194
88 0 87 3 195
95 0 87 4 196
129 0 72 1 197
127 0 75 4 198
128 0 79 2 199
135 0 79 3 200
140 0 81 4 201
174 0 61 3 202
148 0 91 5 203
177 0 70 4 204
188 0 62 14 205
182 0 78 14 206
192 0 70 15 207
196 0 77 2 208
198 0 80 2 209
202 0 95 1 210
214 0 94 3 211
224 0 80 14 212
229 0 77 15 213
234 0 80 1 214
235 0 77 2 215
244 0 79 3 216
243 0 70 2 217
253 0 75 15 218
250 0 68 3 219
245 0 59 14 220
280 0 82 4 221
297 0 89 14 222
298 0 83 15 223
326 0 97 5 224
304 0 79 1 225
337 0 93 14 226
264 0 45 2 227
350 0 91 3 228
355 0 87 15 229
291 0 47 1 230
340 0 60 4 231
377 0 79 2 232
393 0 89 4 233
377 0 34 1 234
406 0 102 3 235
322 0 57 15 236
350 0 89 3 237
355 0 100 4 238
354 0 109 4 239
357 0 113 15 240
348 0 114 5 241
307 0 92 1 242
343 0 124 15 243
354 0 141 14 244
346 0 136 3 245
377 0 170 4 246
326 0 138 14 247
346 0 158 5 248
379 0 199 2 249
416 0 243 2 250
409 0 254 1 251
423 0 326 3 252
401 0 264 5 253
392 0 269 4 254
381 0 277 3 255
362 0 289 5 256
356 0 234 4 257
347 0 241 2 258
325 0 301 1 259
332 0 249 15 260
321 0 242 4 261
320 0 253 5 262
302 0 254 1 263
305 0 258 4 264
291 0 258 1 265
291 0 263 5 266
279 0 258 5 267
258 0 213 5 268
266 0 258 3 269
253 0 258 15 270
243 0 258 5 271
223 0 211 4 272
231 0 258 3 273
220 0 258 1 274
210 0 258 14 275
208 0 192 4 276
198 0 258 4 277
187 0 258 2 278
178 0 258 15 279
169 0 258 5 280
160 0 258 3 281
148 0 262 5 282
152 0 241 14 283
134 0 258 5 284
129 0 246 4 285
121 0 254 1 286
125 0 239 14 287
109 0 249 5 288
123 0 223 1 289
96 0 242 2 290
137 0 198 4 291
102 0 223 4 292
94 0 221 2 293
42 0 264 4 294
65 0 326 2 295
-9 0 321 1 296
24 0 247 4 297
89 0 172 3 298
93 0 162 2 299
114 0 133 14 300
63 0 176 2 301
68 0 165 4 302
74 0 153 4 303
94 0 129 4 304
91 0 124 15 305
81 0 122 5 306
77 0 118 5 307
83 0 108 15 308
78 0 107 14 309
82 0 101 2 310
72 0 99 4 311
72 0 87 15 312
43 0 94 4 313
-12 0 31 4 314
16 0 31 3 315
44 0 31 1 316
97 0 31 5 317
125 0 31 3 318
112 0 56 14 319
136 0 49 4 320
87 0 83 1 321
129 0 67 15 322
167 0 45 5 323
140 0 69 3 324
143 0 72 4 325
146 0 75 1 326
171 0 64 3 327
172 0 72 3 328
177 0 77 5 329
184 0 79 14 330
198 0 68 15 331
201 0 81 3 332
214 0 43 4 333
225 0 69 14 334
230 0 67 14 335
235 0 71 1 336
246 0 75 14 337
243 0 63 2 338
255 0 69 5 339
254 0 59 15 340
293 0 83 14 341
292 0 76 1 342
303 0 77 1 343
305 0 71 1 344
308 0 67 15 345
336 0 78 1 346
263 0 31 2 347
291 0 31 1 348
364 0 70 5 349
321 0 31 15 350
349 0 31 5 351
402 0 31 2 352
430 0 31 1 353
452 0 37 1 354
452 0 65 1 355
452 0 93 1 356
419 0 116 5 357
425 0 129 15 358
432 0 144 1 359
452 0 127 2 360
434 0 161 14 361
452 0 157 5 362
436 0 179 5 363
436 0 192 15 364
452 0 188 5 365
431 0 216 1 366
452 0 218 5 367
425 0 232 4 368
452 0 248 3 369
452 0 275 5 370
452 0 303 5 371
450 0 329 5 372
396 0 329 1 373
369 0 329 2 374
341 0 329 4 375
371 0 285 3 376
348 0 296 2 377
337 0 301 3 378
307 0 329 4 379
304 0 309 1 380
277 0 329 5 381
286 0 313 15 382
270 0 315 4 383
245 0 329 14 384
279 0 267 1 385
265 0 270 15 386
238 0 317 1 387
250 0 272 15 388
235 0 274 4 389
209 0 317 3 390
219 0 274 1 391
205 0 274 5 392
201 0 329 5 393
190 0 272 2 394
175 0 270 3 395
172 0 315 14 396
158 0 267 14 397
164 0 329 4 398
141 0 256 15 399
141 0 310 5 400
132 0 329 5 401
116 0 304 15 402
97 0 297 2 403
84 0 291 14 404
71 0 285 15 405
60 0 280 2 406
93 0 329 4 407
40 0 329 15 408
12 0 329 2 409
-10 0 298 1 410
-12 0 272 4 411
-12 0 244 4 412
58 0 193 2 413
12 0 227 15 414
-12 0 212 1 415
-12 0 184 1 416
7 0 204 5 417
4 0 188 15 418
80 0 121 4 419
5 0 170 15 420
-12 0 149 15 421
7 0 150 4 422
14 0 133 15 423
-12 0 117 1 424
26 0 111 3 425
-12 0 87 4 426
-12 0 59 4 427
