428
75 0 209 14 0
130 0 79 5 1
95 0 183 3 2
81 0 220 3 3
166 0 93 4 4
139 0 71 14 5
150 0 116 4 6
190 0 34 2 7
91 0 229 15 8
181 0 78 2 9
140 0 91 14 10
173 0 86 2 11
109 0 222 1 12
148 0 117 1 13
145 0 99 15 14
140 0 119 14 15
143 0 110 1 16
138 0 204 14 17
156 0 190 14 18
174 0 117 14 19
180 0 146 15 20
187 0 154 2 21
186 0 84 3 22
171 0 179 5 23
180 0 90 15 24
169 0 194 14 25
169 0 112 14 26
186 0 183 1 27
185 0 111 2 28
186 0 190 5 29
194 0 204 3 30
203 0 112 14 31
197 0 195 5 32
196 0 133 5 33
204 0 193 14 34
203 0 152 4 35
206 0 184 14 36
207 0 134 15 37
211 0 160 3 38
219 0 132 4 39
224 0 167 2 40
220 0 164 2 41
226 0 114 5 42
228 0 200 5 43
232 0 130 14 44
234 0 193 4 45
238 0 112 5 46
234 0 186 3 47
250 0 111 1 48
255 0 216 4 49
260 0 192 3 50
245 0 79 15 51
259 0 169 4 52
241 0 71 5 53
267 0 176 3 54
257 0 103 4 55
270 0 165 5 56
276 0 138 14 57
265 0 138 3 58
260 0 91 2 59
256 0 91 1 60
294 0 158 4 61
246 0 69 14 62
268 0 123 2 63
298 0 116 5 64
287 0 168 1 65
310 0 114 1 66
332 0 222 3 67
264 0 64 2 68
296 0 155 2 69
284 0 127 14 70
324 0 101 3 71
291 0 126 1 72
335 0 111 4 73
290 0 115 4 74
309 0 99 4 75
298 0 120 2 76
364 0 151 15 77
330 0 140 3 78
89 0 83 4 79
82 0 91 2 80
89 0 92 3 81
95 0 91 4 82
102 0 92 14 83
93 0 103 15 84
106 0 99 15 85
131 0 84 14 86
140 0 85 2 87
173 0 66 5 88
185 0 58 4 89
183 0 65 15 90
181 0 68 15 91
186 0 70 2 92
172 0 99 14 93
193 0 74 14 94
188 0 96 1 95
196 0 109 5 96
201 0 88 1 97
205 0 67 4 98
216 0 109 2 99
226 0 95 1 100
232 0 84 4 101
239 0 96 3 102
239 0 82 5 103
238 0 71 4 104
263 0 99 2 105
247 0 72 14 106
252 0 71 15 107
294 0 105 2 108
255 0 65 15 109
284 0 83 15 110
321 0 107 1 111
291 0 79 2 112
299 0 79 3 113
336 0 99 3 114
341 0 98 4 115
306 0 76 15 116
340 0 88 15 117
349 0 88 1 118
352 0 84 15 119
358 0 93 14 120
348 0 93 4 121
341 0 97 4 122
340 0 104 15 123
333 0 105 3 124
304 0 90 3 125
300 0 92 3 126
357 0 144 3 127
332 0 127 2 128
326 0 136 2 129
374 0 183 2 130
344 0 160 15 131
347 0 171 1 132
349 0 179 4 133
373 0 209 2 134
350 0 190 2 135
349 0 200 1 136
364 0 221 2 137
344 0 208 3 138
340 0 217 15 139
331 0 218 5 140
260 0 147 2 141
326 0 233 1 142
308 0 218 15 143
311 0 237 4 144
308 0 246 15 145
283 0 218 2 146
286 0 237 14 147
264 0 187 2 148
258 0 202 4 149
263 0 238 1 150
234 0 182 2 151
241 0 237 4 152
230 0 218 14 153
215 0 180 14 154
220 0 237 15 155
210 0 206 14 156
204 0 218 1 157
197 0 238 3 158
187 0 198 3 159
176 0 238 14 160
177 0 218 3 161
177 0 207 15 162
186 0 179 1 163
166 0 206 5 164
153 0 218 5 165
154 0 207 2 166
164 0 192 5 167
117 0 235 2 168
144 0 198 1 169
164 0 178 3 170
145 0 184 15 171
146 0 178 15 172
96 0 208 4 173
92 0 197 5 174
92 0 180 3 175
122 0 137 4 176
67 0 199 15 177
108 0 147 15 178
114 0 138 2 179
159 0 87 14 180
110 0 128 15 181
99 0 132 1 182
88 0 140 4 183
160 0 72 3 184
96 0 114 1 185
93 0 108 5 186
79 0 114 4 187
93 0 100 4 188
81 0 99 2 189
71 0 30 3 190
65 0 78 14 191
88 0 64 3 192
157 0 30 14 193
89 0 79 4 194
89 0 86 14 195
96 0 86 1 196
132 0 70 5 197
129 0 74 15 198
130 0 78 5 199
136 0 78 15 200
141 0 80 1 201
177 0 59 3 202
148 0 90 1 203
178 0 68 14 204
190 0 59 5 205
183 0 76 4 206
193 0 68 2 207
196 0 76 15 208
199 0 79 5 209
202 0 94 4 210
214 0 93 14 211
224 0 79 2 212
229 0 76 5 213
233 0 79 4 214
235 0 76 15 215
243 0 78 14 216
242 0 68 4 217
251 0 74 3 218
248 0 66 5 219
242 0 57 1 220
278 0 81 14 221
296 0 88 5 222
296 0 81 3 223
326 0 97 1 224
302 0 77 4 225
336 0 93 2 226
258 0 41 1 227
349 0 90 5 228
354 0 87 2 229
285 0 44 15 230
336 0 58 14 231
376 0 77 5 232
392 0 88 3 233
374 0 30 14 234
406 0 102 14 235
316 0 53 15 236
345 0 87 1 237
351 0 98 14 238
349 0 106 14 239
353 0 110 15 240
343 0 111 5 241
300 0 86 14 242
338 0 120 3 243
350 0 138 15 244
341 0 132 15 245
374 0 168 4 246
320 0 133 1 247
341 0 154 4 248
377 0 197 5 249
416 0 243 5 250
409 0 254 4 251
423 0 330 2 252
400 0 264 1 253
391 0 270 15 254
380 0 278 14 255
360 0 290 1 256
355 0 232 15 257
346 0 239 4 258
323 0 303 3 259
331 0 248 3 260
320 0 241 15 261
319 0 252 15 262
301 0 253 4 263
304 0 258 14 264
290 0 257 4 265
291 0 263 1 266
278 0 257 1 267
257 0 210 15 268
266 0 257 14 269
253 0 257 3 270
243 0 257 1 271
222 0 208 15 272
231 0 257 14 273
220 0 257 4 274
210 0 257 2 275
209 0 187 14 276
198 0 257 15 277
187 0 257 5 278
178 0 257 3 279
169 0 257 1 280
160 0 257 14 281
148 0 262 1 282
152 0 239 1 283
134 0 258 1 284
129 0 245 15 285
122 0 253 4 286
127 0 238 3 287
110 0 248 1 288
126 0 221 5 289
97 0 240 5 290
142 0 193 1 291
105 0 221 15 292
97 0 218 1 293
42 0 264 15 294
67 0 330 2 295
-11 0 325 4 296
24 0 247 15 297
93 0 167 5 298
97 0 157 1 299
120 0 127 2 300
66 0 173 14 301
71 0 162 1 302
78 0 150 15 303
98 0 125 5 304
96 0 120 5 305
85 0 119 2 306
80 0 115 4 307
87 0 105 4 308
82 0 105 3 309
86 0 99 3 310
75 0 97 15 311
75 0 85 3 312
45 0 92 1 313
-13 0 28 5 314
16 0 28 4 315
45 0 28 2 316
101 0 28 15 317
130 0 28 5 318
115 0 54 2 319
140 0 47 2 320
88 0 83 4 321
131 0 65 4 322
171 0 42 14 323
142 0 68 14 324
144 0 71 15 325
147 0 75 4 326
173 0 63 14 327
173 0 71 14 328
177 0 76 3 329
185 0 78 2 330
199 0 67 3 331
201 0 81 14 332
214 0 40 14 333
225 0 68 1 334
230 0 65 2 335
234 0 70 3 336
245 0 74 2 337
242 0 61 5 338
253 0 68 14 339
252 0 57 3 340
293 0 83 2 341
291 0 75 4 342
302 0 76 14 343
303 0 69 3 344
306 0 65 3 345
335 0 77 4 346
257 0 28 2 347
286 0 28 1 348
362 0 69 1 349
316 0 28 15 350
345 0 28 14 351
401 0 28 3 352
430 0 28 2 353
453 0 34 5 354
453 0 62 5 355
453 0 91 5 356
418 0 116 1 357
425 0 129 3 358
432 0 144 4 359
453 0 125 5 360
434 0 161 2 361
453 0 155 5 362
436 0 178 1 363
436 0 192 3 364
453 0 186 5 365
431 0 215 1 366
453 0 217 1 367
425 0 231 3 368
453 0 247 1 369
453 0 276 14 370
453 0 305 14 371
451 0 332 14 372
395 0 332 2 373
366 0 332 3 374
338 0 332 4 375
370 0 286 14 376
346 0 297 5 377
335 0 302 14 378
304 0 332 4 379
302 0 312 14 380
274 0 332 5 381
284 0 315 2 382
268 0 318 3 383
241 0 332 14 384
279 0 267 4 385
265 0 270 3 386
237 0 320 3 387
250 0 272 3 388
235 0 274 15 389
208 0 319 14 390
219 0 274 4 391
205 0 274 1 392
201 0 332 14 393
190 0 272 5 394
175 0 270 14 395
173 0 318 14 396
159 0 267 2 397
165 0 332 5 398
142 0 255 1 399
142 0 313 3 400
133 0 332 14 401
117 0 306 3 402
97 0 299 5 403
84 0 292 1 404
72 0 286 3 405
61 0 280 14 406
97 0 332 14 407
40 0 332 1 408
12 0 332 3 409
-12 0 300 15 410
-13 0 272 15 411
-13 0 243 4 412
62 0 190 1 413
13 0 226 3 414
-13 0 211 3 415
-13 0 182 3 416
7 0 204 1 417
4 0 188 3 418
85 0 117 2 419
5 0 170 3 420
-13 0 148 4 421
7 0 150 15 422
14 0 133 3 423
-13 0 116 15 424
27 0 111 14 425
-13 0 85 15 426
-13 0 57 15 427
