428
73 0 211 1 0
123 0 86 1 1
91 0 187 14 2
80 0 221 4 3
155 0 106 5 4
132 0 78 1 5
143 0 126 2 6
178 0 44 2 7
91 0 229 2 8
171 0 91 1 9
135 0 95 14 10
164 0 97 14 11
108 0 223 3 12
143 0 124 1 13
141 0 103 5 14
137 0 123 15 15
139 0 114 4 16
135 0 207 15 17
153 0 194 5 18
170 0 123 14 19
176 0 150 1 20
182 0 158 14 21
181 0 91 3 22
169 0 181 14 23
177 0 96 1 24
167 0 197 1 25
167 0 114 3 26
183 0 189 14 27
184 0 112 4 28
185 0 196 4 29
193 0 207 5 30
202 0 114 3 31
197 0 198 15 32
197 0 134 15 33
204 0 195 1 34
203 0 152 14 35
206 0 185 1 36
207 0 138 2 37
210 0 162 2 38
220 0 136 4 39
225 0 168 5 40
221 0 167 4 41
227 0 119 4 42
229 0 200 15 43
233 0 131 1 44
234 0 196 14 45
239 0 114 2 46
236 0 191 2 47
251 0 112 3 48
256 0 218 14 49
262 0 197 5 50
249 0 85 4 51
262 0 176 4 52
247 0 79 2 53
270 0 180 5 54
260 0 109 5 55
273 0 169 2 56
278 0 142 3 57
268 0 143 1 58
266 0 99 5 59
263 0 101 15 60
297 0 162 5 61
255 0 79 4 62
274 0 133 15 63
301 0 119 5 64
291 0 175 3 65
313 0 116 3 66
333 0 223 5 67
274 0 71 14 68
302 0 164 14 69
294 0 139 4 70
329 0 104 14 71
301 0 137 14 72
339 0 114 1 73
300 0 127 5 74
317 0 106 2 75
307 0 129 2 76
366 0 153 4 77
336 0 144 1 78
83 0 86 15 79
79 0 93 2 80
85 0 94 3 81
92 0 93 5 82
99 0 94 14 83
92 0 104 2 84
105 0 100 1 85
128 0 87 2 86
137 0 88 4 87
167 0 71 15 88
178 0 64 2 89
178 0 70 2 90
178 0 73 5 91
183 0 74 14 92
171 0 101 4 93
191 0 78 14 94
187 0 98 4 95
195 0 109 14 96
201 0 90 15 97
206 0 72 1 98
216 0 109 4 99
226 0 97 4 100
233 0 87 1 101
240 0 98 15 102
241 0 86 3 103
241 0 75 3 104
264 0 100 4 105
251 0 77 3 106
256 0 76 14 107
295 0 106 5 108
261 0 70 4 109
288 0 86 5 110
322 0 107 3 111
296 0 83 5 112
304 0 83 14 113
338 0 101 1 114
344 0 99 14 115
313 0 80 1 116
344 0 90 14 117
353 0 90 1 118
357 0 87 5 119
363 0 95 2 120
354 0 97 1 121
348 0 101 3 122
347 0 108 1 123
340 0 110 15 124
315 0 98 1 125
312 0 101 3 126
362 0 148 3 127
340 0 134 15 128
334 0 143 15 129
377 0 185 14 130
350 0 167 2 131
353 0 177 15 132
355 0 184 2 133
376 0 213 14 134
356 0 197 3 135
354 0 206 1 136
366 0 225 5 137
347 0 213 15 138
343 0 221 15 139
334 0 222 5 140
270 0 159 2 141
327 0 235 3 142
310 0 222 1 143
312 0 238 14 144
308 0 246 2 145
285 0 222 3 146
286 0 238 1 147
266 0 195 14 148
260 0 207 4 149
263 0 239 3 150
237 0 190 2 151
242 0 238 14 152
231 0 222 14 153
217 0 187 3 154
220 0 238 2 155
210 0 211 15 156
204 0 222 1 157
197 0 239 5 158
187 0 204 4 159
176 0 239 1 160
176 0 222 3 161
175 0 212 1 162
182 0 186 3 163
163 0 211 5 164
150 0 222 4 165
150 0 212 3 166
158 0 199 14 167
116 0 237 3 168
138 0 204 1 169
155 0 185 4 170
138 0 191 4 171
137 0 185 1 172
92 0 213 14 173
87 0 203 1 174
86 0 187 5 175
112 0 149 2 176
64 0 203 3 177
100 0 156 15 178
106 0 147 2 179
145 0 101 5 180
102 0 136 2 181
92 0 138 15 182
82 0 144 15 183
146 0 83 4 184
89 0 120 5 185
87 0 114 1 186
74 0 117 2 187
87 0 104 1 188
76 0 102 14 189
66 0 37 15 190
61 0 80 1 191
83 0 68 3 192
145 0 37 1 193
86 0 81 14 194
86 0 87 1 195
94 0 87 2 196
126 0 74 2 197
126 0 77 15 198
127 0 80 15 199
134 0 80 1 200
139 0 82 2 201
172 0 63 1 202
147 0 91 3 203
175 0 71 1 204
186 0 64 4 205
181 0 79 4 206
191 0 71 5 207
195 0 78 14 208
198 0 81 15 209
202 0 95 14 210
214 0 94 1 211
223 0 81 4 212
229 0 78 5 213
234 0 81 14 214
236 0 78 15 215
244 0 80 1 216
244 0 71 15 217
254 0 77 3 218
252 0 70 2 219
248 0 62 1 220
281 0 83 2 221
298 0 89 4 222
299 0 83 5 223
326 0 97 3 224
306 0 80 15 225
337 0 93 4 226
269 0 48 1 227
351 0 91 1 228
356 0 88 5 229
297 0 50 5 230
342 0 62 14 231
379 0 80 15 232
394 0 89 2 233
379 0 38 5 234
407 0 102 1 235
328 0 60 14 236
353 0 91 1 237
359 0 102 5 238
357 0 111 3 239
360 0 115 14 240
352 0 117 1 241
313 0 96 14 242
347 0 127 15 243
358 0 144 5 244
350 0 140 2 245
379 0 172 2 246
332 0 143 15 247
350 0 162 2 248
381 0 201 3 249
416 0 243 15 250
410 0 254 15 251
423 0 322 15 252
401 0 264 3 253
392 0 269 2 254
382 0 276 1 255
363 0 287 14 256
357 0 235 2 257
348 0 242 15 258
327 0 298 3 259
333 0 249 5 260
322 0 243 2 261
320 0 253 3 262
303 0 254 14 263
305 0 258 2 264
292 0 258 14 265
291 0 263 3 266
279 0 258 3 267
259 0 216 14 268
266 0 258 1 269
253 0 258 5 270
244 0 258 3 271
224 0 214 3 272
231 0 258 1 273
220 0 258 14 274
210 0 258 4 275
208 0 196 2 276
197 0 258 2 277
187 0 258 15 278
178 0 258 5 279
169 0 258 3 280
160 0 258 1 281
148 0 262 3 282
151 0 242 4 283
134 0 258 3 284
128 0 247 2 285
121 0 254 14 286
124 0 240 5 287
108 0 249 3 288
121 0 225 14 289
95 0 243 14 290
133 0 201 3 291
99 0 225 1 292
92 0 223 15 293
42 0 264 2 294
63 0 323 14 295
-7 0 318 15 296
24 0 247 2 297
85 0 176 4 298
89 0 166 14 299
108 0 138 3 300
61 0 178 14 301
66 0 167 2 302
72 0 156 2 303
90 0 132 1 304
87 0 127 5 305
78 0 125 3 306
74 0 121 1 307
80 0 111 4 308
75 0 109 3 309
78 0 103 14 310
69 0 100 1 311
69 0 89 1 312
42 0 94 2 313
-11 0 35 14 314
16 0 35 5 315
43 0 35 3 316
94 0 35 14 317
120 0 35 4 318
109 0 58 5 319
133 0 51 1 320
87 0 83 14 321
127 0 68 5 322
163 0 47 2 323
139 0 70 1 324
142 0 73 5 325
146 0 76 14 326
170 0 65 14 327
171 0 73 4 328
176 0 77 3 329
184 0 79 4 330
198 0 69 14 331
201 0 81 1 332
214 0 45 5 333
225 0 70 4 334
230 0 68 4 335
235 0 72 14 336
246 0 75 4 337
244 0 64 15 338
256 0 70 3 339
256 0 60 14 340
294 0 83 4 341
293 0 77 4 342
304 0 77 14 343
306 0 71 14 344
310 0 68 14 345
337 0 78 14 346
269 0 35 5 347
296 0 35 4 348
365 0 71 4 349
325 0 35 3 350
352 0 35 1 351
403 0 35 4 352
430 0 35 3 353
451 0 40 14 354
451 0 67 14 355
451 0 94 14 356
420 0 117 1 357
426 0 129 5 358
432 0 144 14 359
451 0 128 15 360
434 0 161 4 361
451 0 158 3 362
436 0 179 3 363
436 0 192 5 364
451 0 189 3 365
431 0 216 14 366
451 0 218 3 367
426 0 232 2 368
451 0 248 1 369
451 0 275 3 370
451 0 301 3 371
448 0 325 14 372
397 0 325 3 373
370 0 325 5 374
344 0 325 14 375
371 0 285 1 376
349 0 295 14 377
338 0 299 5 378
309 0 325 14 379
306 0 307 15 380
279 0 325 15 381
287 0 310 3 382
272 0 313 2 383
247 0 325 1 384
279 0 267 14 385
265 0 270 5 386
239 0 315 2 387
250 0 272 5 388
236 0 274 2 389
211 0 314 5 390
219 0 274 14 391
205 0 274 3 392
200 0 325 14 393
189 0 272 15 394
175 0 270 1 395
172 0 313 4 396
158 0 267 4 397
163 0 325 14 398
141 0 257 5 399
139 0 308 2 400
131 0 325 15 401
115 0 302 14 402
96 0 296 15 403
84 0 290 4 404
71 0 285 5 405
60 0 280 15 406
91 0 325 14 407
40 0 325 2 408
13 0 325 4 409
-9 0 297 15 410
-11 0 272 2 411
-11 0 245 2 412
56 0 196 15 413
12 0 227 5 414
-11 0 213 14 415
-11 0 186 14 416
7 0 204 3 417
4 0 188 5 418
76 0 125 3 419
5 0 170 5 420
-11 0 150 5 421
7 0 150 2 422
13 0 134 5 423
-11 0 117 14 424
25 0 112 15 425
-11 0 88 2 426
-11 0 61 14 427
