428
68 0 218 2 0
104 0 103 2 1
83 0 198 3 2
78 0 224 2 3
127 0 143 15 4
113 0 95 15 5
123 0 153 3 6
146 0 72 1 7
91 0 230 15 8
143 0 127 15 9
122 0 107 4 10
142 0 127 15 11
106 0 225 1 12
130 0 140 5 13
130 0 115 15 14
127 0 136 5 15
130 0 125 4 16
128 0 215 4 17
142 0 206 15 18
161 0 138 5 19
164 0 161 5 20
169 0 170 1 21
169 0 113 1 22
162 0 190 15 23
167 0 111 14 24
163 0 206 4 25
164 0 120 4 26
177 0 203 3 27
181 0 117 1 28
182 0 209 15 29
192 0 215 3 30
199 0 120 4 31
197 0 207 4 32
198 0 136 5 33
204 0 201 1 34
204 0 153 5 35
206 0 189 2 36
207 0 148 14 37
209 0 169 2 38
223 0 147 1 39
226 0 173 2 40
224 0 176 1 41
229 0 130 5 42
231 0 203 14 43
234 0 135 4 44
236 0 205 4 45
241 0 120 5 46
241 0 205 5 47
254 0 117 15 48
258 0 224 2 49
267 0 208 2 50
260 0 100 2 51
269 0 191 14 52
261 0 100 2 53
276 0 190 1 54
271 0 124 3 55
279 0 178 4 56
283 0 150 5 57
277 0 156 5 58
284 0 123 5 59
282 0 129 2 60
304 0 173 3 61
277 0 104 1 62
291 0 159 4 63
309 0 127 4 64
304 0 190 14 65
319 0 121 5 66
335 0 226 4 67
299 0 90 2 68
318 0 188 2 69
318 0 171 2 70
342 0 113 15 71
325 0 167 2 72
352 0 123 5 73
327 0 156 1 74
338 0 122 2 75
332 0 152 1 76
371 0 158 14 77
352 0 157 2 78
68 0 95 5 79
68 0 99 14 80
75 0 100 15 81
83 0 99 2 82
91 0 100 4 83
89 0 106 4 84
101 0 104 2 85
119 0 95 1 86
128 0 96 3 87
151 0 85 5 88
161 0 80 5 89
164 0 84 5 90
167 0 86 1 91
173 0 87 2 92
169 0 104 1 93
185 0 89 1 94
186 0 102 5 95
194 0 110 4 96
201 0 97 5 97
207 0 85 2 98
217 0 110 2 99
226 0 102 5 100
234 0 95 2 101
242 0 102 1 102
245 0 94 5 103
248 0 87 2 104
267 0 104 14 105
262 0 88 5 106
268 0 88 14 107
296 0 108 3 108
277 0 84 14 109
298 0 95 1 110
323 0 109 1 111
310 0 92 5 112
318 0 92 14 113
343 0 104 15 114
350 0 103 2 115
333 0 90 2 116
357 0 97 15 117
366 0 97 2 118
371 0 95 2 119
376 0 103 15 120
370 0 107 4 121
366 0 113 5 122
366 0 120 2 123
361 0 125 1 124
345 0 120 5 125
343 0 125 4 126
376 0 159 15 127
361 0 153 1 128
357 0 162 1 129
385 0 192 15 130
368 0 182 1 131
370 0 192 4 132
371 0 201 14 133
385 0 223 14 134
371 0 215 3 135
367 0 221 3 136
371 0 233 3 137
356 0 225 1 138
350 0 231 2 139
341 0 231 15 140
296 0 189 5 141
330 0 240 2 142
316 0 231 2 143
314 0 242 5 144
309 0 248 5 145
290 0 231 4 146
288 0 242 15 147
272 0 214 4 148
265 0 222 4 149
264 0 243 2 150
243 0 211 4 151
244 0 242 5 152
233 0 231 14 153
220 0 209 15 154
220 0 242 1 155
211 0 224 1 156
204 0 231 1 157
196 0 243 4 158
186 0 220 3 159
176 0 243 15 160
173 0 231 2 161
169 0 225 14 162
170 0 208 4 163
155 0 224 3 164
144 0 231 3 165
140 0 225 15 166
142 0 217 3 167
112 0 241 1 168
123 0 220 4 169
131 0 208 4 170
117 0 212 2 171
113 0 208 15 172
80 0 225 2 173
74 0 219 3 174
70 0 209 5 175
87 0 181 2 176
55 0 213 4 177
79 0 180 15 178
83 0 171 5 179
108 0 138 1 180
80 0 158 4 181
74 0 156 15 182
67 0 157 2 183
109 0 114 3 184
72 0 134 1 185
70 0 127 14 186
62 0 127 5 187
70 0 115 2 188
63 0 111 14 189
51 0 59 14 190
51 0 87 14 191
68 0 79 15 192
112 0 59 4 193
76 0 87 4 194
80 0 91 1 195
88 0 91 3 196
112 0 82 2 197
115 0 84 2 198
119 0 87 5 199
127 0 87 15 200
133 0 88 1 201
158 0 75 14 202
145 0 94 14 203
166 0 81 14 204
176 0 76 3 205
176 0 86 3 206
186 0 81 3 207
192 0 85 14 208
197 0 87 15 209
202 0 96 4 210
213 0 96 14 211
222 0 87 4 212
229 0 85 5 213
235 0 87 15 214
240 0 85 1 215
248 0 87 2 216
251 0 81 1 217
261 0 84 3 218
263 0 80 3 219
263 0 74 5 220
288 0 88 3 221
302 0 93 2 222
306 0 89 4 223
327 0 98 1 224
317 0 86 2 225
340 0 95 3 226
299 0 65 1 227
355 0 94 14 228
362 0 92 1 229
326 0 67 15 230
359 0 75 3 231
386 0 86 2 232
399 0 93 15 233
392 0 59 3 234
410 0 105 5 235
359 0 80 1 236
375 0 103 15 237
379 0 114 15 238
378 0 122 3 239
380 0 128 5 240
374 0 132 14 241
349 0 122 4 242
371 0 146 3 243
378 0 159 15 244
373 0 160 14 245
392 0 183 14 246
361 0 168 2 247
373 0 183 2 248
394 0 212 15 249
416 0 243 5 250
412 0 253 5 251
421 0 301 2 252
404 0 263 2 253
395 0 266 15 254
385 0 271 14 255
369 0 278 3 256
362 0 244 4 257
353 0 249 15 258
337 0 286 14 259
337 0 254 4 260
327 0 250 2 261
323 0 256 3 262
308 0 257 15 263
307 0 260 4 264
295 0 259 5 265
291 0 262 1 266
280 0 259 2 267
264 0 231 5 268
266 0 259 14 269
254 0 259 3 270
245 0 259 2 271
229 0 230 5 272
230 0 259 14 273
220 0 259 4 274
211 0 259 3 275
206 0 219 2 276
196 0 259 15 277
186 0 259 5 278
177 0 259 3 279
168 0 259 1 280
159 0 259 14 281
148 0 262 1 282
147 0 249 2 283
133 0 260 5 284
126 0 252 5 285
118 0 257 5 286
117 0 248 3 287
104 0 254 15 288
109 0 238 14 289
89 0 249 4 290
111 0 222 2 291
85 0 238 1 292
77 0 236 15 293
42 0 263 1 294
52 0 301 14 295
4 0 298 15 296
24 0 249 5 297
64 0 199 14 298
66 0 189 2 299
79 0 169 4 300
48 0 191 5 301
51 0 180 2 302
55 0 171 14 303
67 0 153 14 304
65 0 146 5 305
59 0 141 15 306
56 0 135 5 307
60 0 126 4 308
57 0 122 3 309
59 0 115 15 310
53 0 110 4 311
53 0 99 3 312
36 0 100 15 313
-5 0 53 14 314
17 0 53 4 315
38 0 53 1 316
75 0 53 1 317
96 0 53 14 318
92 0 68 3 319
112 0 63 1 320
85 0 85 5 321
115 0 74 4 322
143 0 61 15 323
130 0 76 15 324
136 0 78 15 325
142 0 80 1 326
162 0 73 15 327
167 0 78 14 328
174 0 81 15 329
183 0 82 2 330
195 0 75 14 331
201 0 83 14 332
213 0 59 3 333
224 0 76 4 334
231 0 74 14 335
238 0 77 5 336
249 0 79 15 337
251 0 72 15 338
263 0 76 5 339
266 0 69 3 340
295 0 85 5 341
298 0 80 3 342
309 0 81 5 343
314 0 77 14 344
320 0 74 3 345
342 0 81 5 346
301 0 53 4 347
322 0 53 1 348
371 0 76 14 349
349 0 53 14 350
370 0 53 4 351
407 0 53 4 352
429 0 53 1 353
445 0 58 15 354
445 0 79 5 355
445 0 100 4 356
424 0 119 14 357
428 0 131 3 358
432 0 144 4 359
445 0 138 5 360
434 0 163 2 361
445 0 165 5 362
435 0 181 1 363
435 0 194 3 364
445 0 196 5 365
432 0 217 4 366
445 0 223 5 367
428 0 235 15 368
445 0 249 5 369
445 0 270 4 370
445 0 292 3 371
439 0 307 3 372
402 0 307 3 373
381 0 307 14 374
360 0 307 2 375
374 0 281 4 376
356 0 287 3 377
345 0 290 5 378
322 0 307 1 379
316 0 296 14 380
295 0 307 3 381
297 0 298 2 382
283 0 299 14 383
263 0 307 3 384
280 0 270 14 385
267 0 272 14 386
247 0 301 2 387
250 0 273 3 388
237 0 274 15 389
217 0 300 4 390
219 0 274 4 391
206 0 274 2 392
199 0 307 5 393
188 0 273 5 394
175 0 272 2 395
169 0 299 5 396
156 0 270 3 397
156 0 307 4 398
138 0 263 14 399
133 0 296 5 400
124 0 307 4 401
110 0 292 14 402
94 0 288 4 403
82 0 284 5 404
70 0 281 15 405
59 0 277 5 406
75 0 307 1 407
38 0 307 1 408
17 0 307 4 409
-1 0 289 14 410
-5 0 271 5 411
-5 0 249 14 412
39 0 214 15 413
10 0 231 4 414
-5 0 217 1 415
-5 0 196 14 416
7 0 204 1 417
5 0 190 3 418
52 0 145 3 419
6 0 171 4 420
-5 0 154 5 421
7 0 150 15 422
11 0 136 3 423
-5 0 122 4 424
19 0 114 14 425
-5 0 95 4 426
-5 0 74 1 427
