428
72 0 213 15 0
119 0 89 2 1
90 0 189 14 2
80 0 222 2 3
150 0 113 4 4
128 0 81 5 5
139 0 131 2 6
172 0 49 15 7
91 0 229 15 8
166 0 98 5 9
133 0 98 5 10
160 0 103 14 11
108 0 223 1 12
141 0 127 15 13
139 0 106 15 14
135 0 126 5 15
138 0 116 2 16
134 0 208 4 17
151 0 196 3 18
169 0 126 5 19
174 0 152 5 20
180 0 160 3 21
179 0 95 14 22
167 0 183 4 23
175 0 99 14 24
166 0 199 14 25
167 0 115 1 26
182 0 191 4 27
184 0 113 4 28
185 0 198 2 29
193 0 209 2 30
201 0 115 1 31
197 0 200 15 32
197 0 134 5 33
204 0 196 14 34
203 0 152 4 35
206 0 186 14 36
207 0 140 15 37
210 0 164 15 38
220 0 138 2 39
225 0 169 5 40
221 0 169 4 41
227 0 121 1 42
229 0 201 5 43
233 0 132 14 44
235 0 198 5 45
239 0 115 15 46
237 0 193 5 47
252 0 113 3 48
256 0 219 4 49
263 0 199 3 50
251 0 88 3 51
263 0 179 1 52
249 0 83 15 53
271 0 181 3 54
262 0 112 3 55
274 0 170 15 56
279 0 143 1 57
269 0 145 3 58
269 0 104 14 59
267 0 107 4 60
298 0 164 3 61
259 0 83 2 62
277 0 138 14 63
303 0 120 3 64
294 0 178 15 65
314 0 117 5 66
333 0 224 3 67
279 0 74 1 68
305 0 169 15 69
298 0 145 2 70
331 0 106 3 71
305 0 143 15 72
342 0 116 15 73
305 0 132 15 74
321 0 109 1 75
312 0 133 14 76
367 0 154 2 77
339 0 147 3 78
80 0 88 4 79
77 0 94 15 80
83 0 95 1 81
90 0 94 2 82
97 0 95 4 83
91 0 104 15 84
104 0 101 2 85
126 0 89 4 86
135 0 89 5 87
164 0 74 15 88
175 0 67 5 89
175 0 72 14 90
176 0 75 3 91
181 0 77 2 92
171 0 101 2 93
190 0 80 3 94
187 0 99 2 95
195 0 109 4 96
201 0 91 5 97
206 0 75 2 98
217 0 109 2 99
226 0 98 2 100
233 0 89 3 101
240 0 99 5 102
242 0 87 1 103
242 0 77 14 104
265 0 101 14 105
253 0 79 1 106
259 0 78 2 107
295 0 106 3 108
264 0 72 2 109
290 0 88 4 110
322 0 108 1 111
299 0 84 3 112
307 0 84 5 113
339 0 101 14 114
345 0 100 5 115
317 0 82 15 116
347 0 91 5 117
356 0 91 15 118
360 0 89 1 119
365 0 97 2 120
357 0 99 15 121
351 0 104 2 122
351 0 110 15 123
344 0 113 15 124
320 0 102 3 125
318 0 106 15 126
365 0 150 1 127
344 0 138 5 128
339 0 147 3 129
379 0 186 4 130
353 0 170 2 131
356 0 180 14 132
358 0 187 15 133
377 0 215 4 134
359 0 200 3 135
356 0 209 14 136
367 0 226 3 137
349 0 215 5 138
344 0 223 5 139
335 0 223 4 140
275 0 165 14 141
327 0 236 15 142
311 0 223 14 143
312 0 239 4 144
308 0 247 15 145
286 0 223 1 146
287 0 239 14 147
267 0 198 4 148
261 0 210 1 149
263 0 240 2 150
238 0 194 5 151
242 0 239 4 152
231 0 223 4 153
218 0 191 4 154
220 0 239 15 155
210 0 214 14 156
204 0 223 14 157
196 0 240 4 158
187 0 207 2 159
176 0 240 15 160
175 0 223 15 161
174 0 214 14 162
180 0 190 3 163
161 0 214 4 164
149 0 223 2 165
148 0 214 1 166
155 0 202 5 167
115 0 238 15 168
135 0 207 14 169
150 0 190 4 170
134 0 195 14 171
132 0 190 1 172
90 0 215 3 173
85 0 206 2 174
83 0 191 5 175
108 0 155 15 176
63 0 205 5 177
96 0 161 14 178
101 0 152 5 179
138 0 107 15 180
98 0 140 14 181
89 0 142 14 182
79 0 147 1 183
139 0 89 14 184
86 0 122 2 185
84 0 116 5 186
72 0 119 15 187
84 0 106 3 188
74 0 104 3 189
63 0 41 5 190
59 0 82 5 191
80 0 70 1 192
138 0 41 14 193
84 0 82 3 194
85 0 88 5 195
93 0 88 15 196
124 0 75 14 197
124 0 78 4 198
125 0 82 4 199
132 0 82 14 200
138 0 83 15 201
169 0 65 4 202
147 0 91 1 203
173 0 73 2 204
184 0 66 15 205
180 0 80 1 206
190 0 73 5 207
195 0 79 4 208
198 0 82 5 209
202 0 95 4 210
214 0 94 14 211
223 0 82 2 212
229 0 79 3 213
234 0 82 4 214
237 0 79 5 215
245 0 82 15 216
246 0 73 2 217
255 0 78 2 218
254 0 72 15 219
251 0 64 15 220
282 0 84 15 221
298 0 90 2 222
300 0 84 4 223
326 0 97 1 224
308 0 81 5 225
338 0 94 2 226
274 0 51 5 227
352 0 91 14 228
357 0 89 15 229
302 0 53 4 230
346 0 65 4 231
380 0 81 14 232
395 0 90 1 233
381 0 42 5 234
407 0 103 14 235
334 0 64 2 236
357 0 93 14 237
362 0 105 2 238
361 0 113 4 239
364 0 118 1 240
356 0 120 15 241
320 0 101 3 242
352 0 130 2 243
362 0 147 1 244
354 0 144 2 245
381 0 174 5 246
337 0 147 3 247
354 0 166 15 248
384 0 203 1 249
416 0 243 5 250
410 0 254 5 251
422 0 318 14 252
402 0 264 1 253
393 0 269 15 254
382 0 275 1 255
364 0 285 4 256
358 0 237 14 257
349 0 243 5 258
329 0 296 1 259
334 0 250 3 260
323 0 245 3 261
321 0 254 1 262
304 0 254 4 263
305 0 259 15 264
292 0 258 4 265
291 0 263 1 266
279 0 258 1 267
260 0 219 5 268
266 0 258 14 269
254 0 258 3 270
244 0 258 1 271
225 0 217 5 272
231 0 258 14 273
220 0 258 4 274
210 0 258 2 275
208 0 200 2 276
197 0 258 15 277
187 0 258 5 278
178 0 258 3 279
169 0 258 1 280
160 0 258 14 281
148 0 262 1 282
150 0 243 1 283
133 0 259 1 284
128 0 248 5 285
120 0 254 3 286
123 0 242 3 287
107 0 250 1 288
119 0 228 5 289
94 0 244 15 290
129 0 205 4 291
97 0 228 1 292
89 0 226 4 293
42 0 264 15 294
61 0 319 5 295
-5 0 314 1 296
24 0 248 5 297
81 0 180 1 298
85 0 171 5 299
103 0 144 2 300
59 0 180 3 301
63 0 170 1 302
68 0 159 2 303
85 0 136 3 304
83 0 131 5 305
74 0 128 15 306
71 0 123 14 307
76 0 114 4 308
72 0 112 1 309
75 0 106 1 310
66 0 102 2 311
66 0 91 14 312
41 0 95 15 313
-10 0 38 3 314
16 0 38 2 315
42 0 38 15 316
90 0 38 2 317
116 0 38 1 318
106 0 60 3 319
129 0 53 5 320
87 0 84 4 321
124 0 69 3 322
159 0 50 4 323
137 0 71 14 324
141 0 74 3 325
145 0 77 1 326
169 0 67 4 327
170 0 74 1 328
176 0 78 1 329
184 0 79 2 330
198 0 70 4 331
201 0 82 14 332
214 0 48 3 333
224 0 71 1 334
230 0 69 3 335
236 0 73 15 336
247 0 76 2 337
246 0 65 5 338
257 0 71 1 339
258 0 62 1 340
294 0 84 2 341
294 0 77 2 342
305 0 78 5 343
308 0 72 4 344
312 0 69 5 345
338 0 79 4 346
275 0 38 4 347
301 0 38 2 348
366 0 72 2 349
330 0 38 1 350
355 0 38 14 351
404 0 38 1 352
429 0 38 14 353
450 0 43 5 354
450 0 69 5 355
450 0 95 4 356
421 0 117 14 357
426 0 129 3 358
432 0 144 4 359
450 0 130 1 360
434 0 162 2 361
450 0 159 1 362
435 0 180 1 363
435 0 193 3 364
450 0 190 1 365
431 0 216 4 366
450 0 219 1 367
426 0 233 15 368
450 0 248 14 369
450 0 274 1 370
450 0 300 1 371
446 0 322 3 372
398 0 322 15 373
372 0 322 2 374
347 0 322 4 375
372 0 284 14 376
350 0 293 5 377
339 0 297 3 378
311 0 322 4 379
308 0 305 5 380
282 0 322 5 381
289 0 308 1 382
274 0 310 5 383
250 0 322 14 384
280 0 268 14 385
266 0 271 3 386
241 0 312 1 387
250 0 272 3 388
236 0 274 15 389
212 0 312 3 390
219 0 274 4 391
205 0 274 1 392
200 0 322 3 393
189 0 272 5 394
175 0 271 14 395
171 0 310 15 396
158 0 268 3 397
162 0 322 3 398
140 0 258 2 399
138 0 306 15 400
129 0 322 3 401
114 0 300 4 402
96 0 295 4 403
83 0 289 2 404
71 0 284 3 405
60 0 279 5 406
88 0 322 2 407
40 0 322 14 408
14 0 322 1 409
-8 0 295 4 410
-10 0 271 4 411
-10 0 246 15 412
52 0 200 14 413
12 0 228 5 414
-10 0 214 4 415
-10 0 188 15 416
7 0 204 1 417
5 0 189 3 418
71 0 129 3 419
5 0 170 3 420
-10 0 150 3 421
7 0 150 15 422
13 0 134 3 423
-10 0 118 4 424
24 0 112 5 425
-10 0 89 4 426
-10 0 64 4 427
