428
71 0 214 5 0
115 0 93 5 1
88 0 192 2 2
79 0 222 15 3
144 0 122 4 4
124 0 85 4 5
134 0 137 4 6
165 0 56 3 7
91 0 229 5 8
159 0 106 2 9
130 0 100 2 10
155 0 110 1 11
107 0 224 14 12
138 0 131 15 13
136 0 108 5 14
133 0 129 14 15
136 0 119 4 16
132 0 210 2 17
148 0 199 15 18
167 0 129 14 19
171 0 155 4 20
177 0 163 14 21
176 0 100 5 22
166 0 185 3 23
173 0 102 15 24
165 0 201 5 25
166 0 117 3 26
180 0 195 14 27
183 0 114 2 28
184 0 201 2 29
193 0 211 15 30
200 0 116 5 31
197 0 202 5 32
197 0 135 3 33
204 0 197 4 34
203 0 153 3 35
206 0 186 4 36
207 0 142 15 37
210 0 165 5 38
221 0 141 2 39
225 0 170 3 40
222 0 171 2 41
228 0 123 14 42
230 0 201 4 43
233 0 132 4 44
235 0 200 5 45
240 0 117 3 46
238 0 197 3 47
253 0 114 1 48
257 0 221 15 49
264 0 202 3 50
254 0 91 5 51
265 0 182 15 52
253 0 88 1 53
273 0 184 2 54
265 0 115 4 55
275 0 173 3 56
280 0 145 4 57
271 0 148 2 58
273 0 109 3 59
271 0 113 5 60
300 0 166 2 61
264 0 89 15 62
281 0 144 15 63
304 0 122 15 64
297 0 181 14 65
316 0 118 4 66
334 0 224 1 67
285 0 79 14 68
309 0 175 2 69
304 0 152 15 70
334 0 108 1 71
311 0 150 2 72
344 0 118 2 73
311 0 139 4 74
326 0 113 2 75
317 0 138 5 76
368 0 155 15 77
343 0 150 1 78
77 0 90 14 79
74 0 96 4 80
81 0 96 14 81
88 0 96 15 82
95 0 96 1 83
91 0 105 3 84
103 0 101 15 85
124 0 91 1 86
133 0 91 3 87
160 0 77 2 88
171 0 71 4 89
172 0 76 15 90
173 0 78 5 91
179 0 80 14 92
170 0 102 14 93
188 0 83 1 94
187 0 100 15 95
195 0 109 2 96
201 0 93 2 97
206 0 78 5 98
217 0 109 15 99
226 0 99 15 100
233 0 91 1 101
241 0 100 3 102
243 0 89 3 103
244 0 80 4 104
265 0 101 4 105
256 0 81 15 106
261 0 81 1 107
295 0 107 1 108
268 0 76 4 109
292 0 90 14 110
322 0 108 14 111
302 0 87 4 112
310 0 87 14 113
340 0 102 5 114
346 0 101 14 115
322 0 84 14 116
349 0 93 2 117
358 0 93 4 118
363 0 91 14 119
368 0 98 15 120
361 0 101 2 121
356 0 106 14 122
355 0 113 1 123
349 0 116 14 124
327 0 107 15 125
325 0 111 15 126
368 0 152 14 127
348 0 142 14 128
344 0 151 1 129
381 0 188 14 130
357 0 174 5 131
360 0 183 5 132
361 0 191 2 133
379 0 217 5 134
362 0 204 14 135
359 0 212 5 136
368 0 228 3 137
351 0 218 15 138
346 0 225 4 139
337 0 226 2 140
281 0 172 15 141
328 0 237 5 142
313 0 226 4 143
313 0 240 3 144
308 0 247 5 145
287 0 226 14 146
287 0 240 5 147
269 0 202 4 148
262 0 213 15 149
263 0 240 15 150
240 0 199 4 151
243 0 240 3 152
232 0 226 2 153
219 0 196 15 154
220 0 240 14 155
210 0 217 15 156
204 0 226 4 157
196 0 240 2 158
187 0 211 14 159
176 0 240 5 160
174 0 226 5 161
172 0 217 15 162
177 0 195 14 163
160 0 217 4 164
147 0 226 15 165
146 0 217 2 166
151 0 206 15 167
114 0 239 5 168
132 0 211 2 169
145 0 195 14 170
129 0 200 5 171
127 0 195 3 172
87 0 218 4 173
82 0 210 14 174
79 0 196 15 175
102 0 163 5 176
61 0 207 3 177
92 0 166 3 178
96 0 157 14 179
130 0 116 5 180
93 0 145 2 181
84 0 146 15 182
76 0 150 5 183
131 0 96 2 184
82 0 126 15 185
80 0 119 14 186
69 0 121 3 187
80 0 108 15 188
71 0 106 14 189
59 0 46 5 190
57 0 83 3 191
77 0 73 2 192
131 0 46 14 193
82 0 84 1 194
84 0 89 15 195
91 0 89 2 196
120 0 77 1 197
121 0 80 2 198
124 0 83 2 199
131 0 83 4 200
136 0 84 5 201
166 0 68 2 202
146 0 92 14 203
171 0 75 15 204
182 0 69 14 205
179 0 82 14 206
189 0 75 3 207
194 0 81 2 208
198 0 84 3 209
202 0 95 2 210
214 0 95 4 211
223 0 84 15 212
229 0 81 1 213
234 0 84 2 214
238 0 81 3 215
246 0 83 5 216
247 0 75 15 217
257 0 80 15 218
256 0 74 2 219
254 0 67 4 220
284 0 85 15 221
299 0 91 15 222
302 0 86 4 223
326 0 97 14 224
310 0 82 4 225
339 0 94 15 226
281 0 55 5 227
353 0 92 4 228
359 0 89 5 229
309 0 57 5 230
349 0 68 2 231
382 0 82 4 232
396 0 91 14 233
384 0 47 14 234
408 0 103 4 235
341 0 69 2 236
363 0 96 5 237
367 0 107 1 238
366 0 115 3 239
368 0 121 14 240
361 0 123 5 241
328 0 107 15 242
357 0 135 14 243
366 0 150 14 244
359 0 148 5 245
384 0 177 2 246
344 0 153 2 247
359 0 171 1 248
386 0 206 4 249
416 0 243 3 250
411 0 253 3 251
422 0 313 15 252
402 0 263 15 253
393 0 268 5 254
383 0 274 14 255
366 0 283 1 256
359 0 239 4 257
350 0 245 15 258
331 0 293 14 259
335 0 251 2 260
324 0 246 1 261
321 0 254 14 262
305 0 255 3 263
306 0 259 5 264
293 0 258 2 265
291 0 263 14 266
279 0 258 14 267
261 0 222 1 268
266 0 258 4 269
254 0 258 1 270
244 0 258 14 271
226 0 221 1 272
231 0 258 4 273
220 0 258 2 274
210 0 258 15 275
207 0 205 4 276
197 0 258 5 277
187 0 258 3 278
178 0 258 1 279
169 0 258 14 280
160 0 258 4 281
148 0 262 14 282
149 0 245 2 283
133 0 259 14 284
127 0 249 3 285
120 0 255 1 286
121 0 243 1 287
106 0 251 14 288
116 0 231 3 289
92 0 245 5 290
124 0 210 15 291
93 0 231 5 292
86 0 229 4 293
42 0 263 14 294
59 0 314 5 295
-2 0 310 5 296
24 0 248 3 297
76 0 185 14 298
79 0 176 14 299
96 0 151 2 300
56 0 183 1 301
59 0 173 2 302
65 0 162 4 303
80 0 141 2 304
78 0 135 15 305
70 0 132 15 306
67 0 127 4 307
72 0 117 5 308
68 0 115 15 309
70 0 108 5 310
63 0 104 14 311
63 0 93 2 312
39 0 97 5 313
-8 0 42 3 314
16 0 42 1 315
41 0 42 14 316
86 0 42 1 317
110 0 42 5 318
102 0 62 4 319
124 0 56 2 320
86 0 84 2 321
122 0 70 1 322
155 0 53 1 323
135 0 72 3 324
140 0 75 15 325
144 0 77 14 326
167 0 68 2 327
169 0 75 14 328
175 0 79 5 329
183 0 80 15 330
197 0 72 2 331
201 0 82 4 332
214 0 51 14 333
224 0 72 14 334
231 0 70 1 335
236 0 74 5 336
247 0 77 5 337
247 0 67 3 338
259 0 72 14 339
260 0 64 15 340
294 0 84 15 341
295 0 78 1 342
306 0 79 3 343
310 0 74 14 344
314 0 70 3 345
339 0 79 2 346
282 0 42 4 347
307 0 42 2 348
367 0 73 3 349
335 0 42 1 350
360 0 42 14 351
405 0 42 1 352
429 0 42 5 353
448 0 48 5 354
448 0 72 2 355
448 0 96 1 356
422 0 118 4 357
427 0 130 1 358
432 0 144 2 359
448 0 132 5 360
434 0 162 15 361
448 0 161 3 362
435 0 180 14 363
435 0 193 1 364
448 0 192 3 365
431 0 216 2 366
448 0 220 3 367
427 0 234 5 368
448 0 248 3 369
448 0 273 5 370
448 0 297 2 371
444 0 318 1 372
399 0 318 14 373
375 0 318 2 374
350 0 318 4 375
372 0 283 2 376
352 0 292 3 377
341 0 295 1 378
314 0 318 3 379
311 0 303 14 380
286 0 318 5 381
291 0 305 15 382
276 0 307 4 383
254 0 318 5 384
280 0 268 4 385
266 0 271 1 386
242 0 309 4 387
250 0 272 1 388
236 0 274 5 389
213 0 308 14 390
219 0 274 2 391
206 0 274 15 392
200 0 318 2 393
189 0 272 3 394
175 0 271 4 395
171 0 307 5 396
157 0 268 1 397
160 0 318 1 398
139 0 259 15 399
137 0 303 15 400
128 0 318 2 401
113 0 298 14 402
95 0 293 1 403
83 0 288 15 404
71 0 283 14 405
60 0 279 3 406
84 0 318 15 407
39 0 318 5 408
15 0 318 15 409
-6 0 293 2 410
-8 0 271 3 411
-8 0 247 14 412
49 0 204 15 413
11 0 229 3 414
-8 0 215 3 415
-8 0 190 14 416
7 0 204 14 417
5 0 189 1 418
66 0 133 5 419
5 0 171 1 420
-8 0 151 2 421
7 0 150 5 422
12 0 135 1 423
-8 0 119 3 424
22 0 113 5 425
-8 0 91 3 426
-8 0 66 2 427
