428
65 0 221 1 0
92 0 114 2 1
78 0 205 3 2
77 0 226 4 3
111 0 164 4 4
101 0 106 2 5
111 0 168 4 6
128 0 89 14 7
91 0 230 2 8
128 0 148 14 9
115 0 113 14 10
129 0 145 14 11
105 0 226 2 12
123 0 150 4 13
124 0 121 4 14
122 0 143 1 15
124 0 132 1 16
123 0 219 1 17
136 0 213 1 18
155 0 147 4 19
158 0 167 14 20
162 0 177 5 21
162 0 125 14 22
157 0 195 14 23
162 0 121 5 24
160 0 211 4 25
162 0 124 5 26
173 0 212 1 27
179 0 119 2 28
180 0 217 5 29
192 0 220 14 30
197 0 123 5 31
197 0 212 14 32
199 0 137 15 33
204 0 204 15 34
204 0 153 15 35
206 0 191 4 36
207 0 154 1 37
209 0 172 4 38
225 0 153 4 39
227 0 175 4 40
226 0 181 3 41
230 0 137 14 42
232 0 204 5 43
234 0 137 14 44
237 0 211 5 45
242 0 124 14 46
244 0 213 15 47
256 0 119 3 48
259 0 228 14 49
270 0 215 14 50
266 0 110 14 51
273 0 201 2 52
269 0 112 14 53
280 0 197 2 54
277 0 134 1 55
283 0 183 15 56
286 0 155 2 57
282 0 163 2 58
294 0 136 4 59
293 0 145 3 60
309 0 179 5 61
290 0 119 3 62
300 0 174 5 63
314 0 131 3 64
311 0 200 3 65
323 0 124 1 66
336 0 228 1 67
314 0 100 15 68
328 0 203 14 69
332 0 188 15 70
350 0 119 1 71
339 0 184 5 72
359 0 129 5 73
342 0 174 14 74
351 0 132 4 75
346 0 166 1 76
374 0 160 1 77
361 0 164 4 78
59 0 100 14 79
62 0 103 3 80
70 0 103 4 81
78 0 103 14 82
86 0 103 1 83
88 0 107 14 84
98 0 106 1 85
114 0 100 3 86
123 0 100 5 87
141 0 93 1 88
151 0 89 4 89
156 0 92 5 90
161 0 93 5 91
168 0 94 14 92
168 0 106 1 93
182 0 96 2 94
185 0 105 4 95
194 0 110 14 96
201 0 101 3 97
208 0 93 15 98
218 0 110 4 99
226 0 104 15 100
234 0 100 5 101
243 0 105 1 102
248 0 99 1 103
253 0 94 1 104
268 0 106 14 105
268 0 95 4 106
275 0 95 14 107
297 0 108 5 108
287 0 92 2 109
304 0 100 5 110
324 0 109 3 111
317 0 98 1 112
326 0 98 3 113
346 0 106 1 114
354 0 105 2 115
345 0 96 14 116
364 0 101 14 117
373 0 101 1 118
379 0 100 14 119
384 0 107 1 120
380 0 113 3 121
377 0 119 14 122
377 0 127 14 123
373 0 133 14 124
362 0 133 4 125
361 0 139 4 126
383 0 165 1 127
373 0 164 14 128
371 0 173 5 129
390 0 196 3 130
378 0 192 15 131
379 0 202 2 132
380 0 211 14 133
390 0 229 5 134
380 0 226 1 135
374 0 230 1 136
375 0 238 5 137
361 0 233 3 138
354 0 237 15 139
345 0 237 14 140
312 0 208 14 141
332 0 243 4 142
320 0 237 1 143
316 0 244 4 144
309 0 248 15 145
294 0 237 2 146
289 0 244 5 147
275 0 225 1 148
268 0 230 1 149
264 0 245 15 150
247 0 223 2 151
245 0 244 4 152
235 0 237 5 153
223 0 221 4 154
220 0 244 14 155
211 0 232 2 156
204 0 237 14 157
195 0 245 1 158
186 0 229 15 159
176 0 245 5 160
171 0 237 15 161
166 0 232 15 162
164 0 221 15 163
150 0 232 3 164
140 0 237 15 165
135 0 232 15 166
133 0 227 1 167
109 0 244 5 168
115 0 229 14 169
117 0 220 5 170
105 0 223 2 171
99 0 220 1 172
74 0 233 2 173
67 0 228 4 174
61 0 221 1 175
72 0 200 5 176
50 0 219 15 177
67 0 193 2 178
69 0 184 1 179
87 0 159 1 180
68 0 170 4 181
63 0 166 1 182
59 0 164 15 183
88 0 132 1 184
62 0 143 3 185
61 0 135 1 186
55 0 132 1 187
61 0 121 14 188
56 0 116 2 189
42 0 71 3 190
45 0 90 3 191
60 0 85 2 192
93 0 71 14 193
71 0 91 2 194
76 0 93 2 195
85 0 93 3 196
104 0 87 4 197
109 0 89 2 198
114 0 90 3 199
122 0 90 5 200
130 0 91 14 201
150 0 82 4 202
143 0 95 1 203
161 0 86 2 204
171 0 83 2 205
173 0 90 1 206
183 0 86 14 207
190 0 89 4 208
196 0 91 14 209
202 0 97 15 210
213 0 96 1 211
222 0 91 3 212
229 0 89 4 213
236 0 91 14 214
242 0 89 15 215
251 0 90 2 216
256 0 86 14 217
265 0 89 5 218
269 0 86 1 219
272 0 82 15 220
292 0 91 3 221
304 0 94 4 222
310 0 92 15 223
327 0 98 3 224
323 0 90 2 225
342 0 96 5 226
316 0 76 4 227
358 0 95 1 228
365 0 94 3 229
343 0 77 15 230
369 0 82 5 231
390 0 90 2 232
402 0 94 3 233
400 0 71 4 234
412 0 106 15 235
377 0 92 14 236
388 0 110 2 237
391 0 120 2 238
390 0 129 5 239
391 0 136 3 240
387 0 142 4 241
370 0 137 14 242
385 0 156 1 243
390 0 169 5 244
386 0 172 4 245
400 0 190 15 246
378 0 182 5 247
386 0 196 2 248
401 0 219 15 249
416 0 243 15 250
414 0 253 15 251
420 0 289 1 252
405 0 263 5 253
396 0 265 2 254
387 0 268 1 255
373 0 273 1 256
366 0 250 5 257
357 0 253 3 258
342 0 278 15 259
340 0 256 2 260
330 0 253 5 261
324 0 258 5 262
312 0 258 3 263
308 0 260 14 264
297 0 260 4 265
291 0 262 3 266
281 0 260 1 267
267 0 241 5 268
266 0 260 5 269
255 0 260 3 270
245 0 260 1 271
232 0 240 5 272
230 0 260 5 273
220 0 260 3 274
211 0 260 2 275
205 0 232 15 276
196 0 260 14 277
186 0 260 4 278
177 0 260 2 279
168 0 260 15 280
159 0 260 5 281
148 0 262 3 282
145 0 253 3 283
132 0 260 15 284
125 0 255 14 285
117 0 258 15 286
113 0 252 4 287
101 0 256 4 288
102 0 245 4 289
85 0 253 5 290
98 0 234 15 291
77 0 245 14 292
69 0 244 4 293
42 0 263 3 294
46 0 289 4 295
9 0 287 14 296
24 0 250 15 297
51 0 212 5 298
53 0 203 1 299
62 0 186 15 300
40 0 199 3 301
42 0 189 14 302
45 0 180 2 303
53 0 164 14 304
52 0 157 1 305
48 0 151 3 306
46 0 144 15 307
49 0 135 5 308
47 0 129 15 309
48 0 121 3 310
44 0 115 14 311
44 0 105 4 312
32 0 103 4 313
-1 0 63 1 314
17 0 63 5 315
35 0 63 1 316
64 0 63 15 317
82 0 63 4 318
83 0 74 15 319
99 0 70 15 320
85 0 85 15 321
108 0 78 3 322
131 0 69 15 323
126 0 79 15 324
133 0 80 1 325
141 0 82 3 326
158 0 77 14 327
164 0 80 15 328
172 0 82 2 329
182 0 83 4 330
194 0 79 14 331
201 0 84 1 332
213 0 68 1 333
223 0 79 4 334
232 0 78 14 335
240 0 80 1 336
251 0 81 3 337
256 0 76 14 338
267 0 79 14 339
273 0 75 2 340
296 0 85 15 341
301 0 82 14 342
312 0 82 1 343
319 0 80 2 344
326 0 78 4 345
345 0 83 1 346
320 0 63 2 347
338 0 63 5 348
375 0 79 15 349
363 0 63 3 350
381 0 63 15 351
410 0 63 14 352
428 0 63 2 353
441 0 68 4 354
441 0 86 1 355
441 0 104 1 356
427 0 120 2 357
430 0 132 14 358
432 0 145 3 359
441 0 143 1 360
434 0 164 4 361
441 0 169 1 362
434 0 183 2 363
434 0 195 4 364
441 0 200 1 365
432 0 218 14 366
441 0 225 14 367
430 0 237 2 368
441 0 250 14 369
441 0 268 5 370
441 0 286 1 371
434 0 297 3 372
405 0 297 5 373
387 0 297 1 374
369 0 297 4 375
375 0 279 15 376
359 0 283 3 377
349 0 285 3 378
330 0 297 4 379
322 0 289 2 380
304 0 297 5 381
302 0 290 5 382
289 0 291 2 383
272 0 297 14 384
281 0 271 1 385
269 0 272 1 386
251 0 292 1 387
250 0 273 5 388
237 0 274 2 389
220 0 292 2 390
219 0 274 14 391
206 0 274 4 392
198 0 297 14 393
187 0 273 15 394
175 0 272 4 395
168 0 291 15 396
156 0 271 5 397
152 0 297 4 398
136 0 266 15 399
129 0 289 14 400
120 0 297 4 401
107 0 286 5 402
92 0 284 2 403
81 0 281 5 404
69 0 279 2 405
58 0 276 15 406
66 0 297 1 407
37 0 297 2 408
19 0 297 5 409
3 0 284 5 410
-1 0 270 1 411
-1 0 252 2 412
29 0 224 1 413
9 0 232 3 414
-1 0 220 2 415
-1 0 202 4 416
7 0 204 3 417
6 0 191 14 418
38 0 157 5 419
6 0 172 14 420
-1 0 156 1 421
7 0 151 2 422
10 0 137 4 423
-1 0 124 15 424
15 0 116 15 425
-1 0 99 1 426
-1 0 81 2 427
