428
73 0 211 2 0
125 0 84 2 1
92 0 186 15 2
81 0 221 14 3
158 0 103 2 4
134 0 76 2 5
144 0 124 2 6
181 0 42 4 7
91 0 229 3 8
173 0 88 5 9
136 0 94 1 10
166 0 94 15 11
109 0 223 4 12
144 0 122 2 13
142 0 102 14 14
138 0 122 1 15
140 0 113 5 16
136 0 206 2 17
153 0 193 14 18
171 0 121 1 19
177 0 149 2 20
183 0 157 15 21
182 0 90 4 22
169 0 180 15 23
178 0 94 2 24
168 0 196 2 25
168 0 114 4 26
184 0 187 4 27
184 0 112 5 28
185 0 194 5 29
193 0 206 14 30
202 0 113 4 31
197 0 197 1 32
197 0 134 1 33
204 0 194 2 34
203 0 152 15 35
206 0 185 2 36
207 0 137 3 37
210 0 162 3 38
220 0 135 5 39
225 0 168 14 40
221 0 166 5 41
227 0 118 5 42
229 0 200 1 43
233 0 131 2 44
234 0 195 15 45
239 0 114 3 46
236 0 190 3 47
251 0 112 4 48
256 0 218 15 49
262 0 196 14 50
248 0 83 3 51
261 0 174 5 52
245 0 77 3 53
269 0 179 5 54
260 0 107 14 55
272 0 168 1 56
278 0 141 4 57
267 0 142 2 58
265 0 97 14 59
262 0 99 5 60
296 0 161 14 61
253 0 76 14 62
273 0 131 3 63
300 0 118 14 64
290 0 173 4 65
312 0 115 4 66
333 0 223 14 67
272 0 69 15 68
300 0 162 15 69
291 0 136 5 70
328 0 103 15 71
298 0 134 14 72
338 0 113 2 73
297 0 124 4 74
315 0 104 5 75
305 0 127 15 76
365 0 153 5 77
335 0 143 2 78
84 0 86 1 79
79 0 93 3 80
86 0 93 5 81
93 0 93 14 82
99 0 93 15 83
92 0 104 3 84
105 0 100 2 85
129 0 86 3 86
138 0 87 5 87
169 0 70 1 88
180 0 62 3 89
179 0 69 3 90
178 0 72 3 91
184 0 73 15 92
172 0 100 2 93
191 0 77 15 94
187 0 97 5 95
195 0 109 15 96
201 0 90 1 97
206 0 71 2 98
216 0 109 5 99
226 0 97 5 100
233 0 86 2 101
240 0 97 1 102
240 0 85 4 103
240 0 74 4 104
264 0 100 5 105
250 0 76 14 106
255 0 75 15 107
295 0 106 14 108
259 0 69 4 109
287 0 86 14 110
322 0 107 4 111
295 0 82 14 112
303 0 82 15 113
338 0 100 14 114
343 0 99 15 115
312 0 79 2 116
343 0 90 15 117
352 0 90 2 118
356 0 86 14 119
362 0 95 3 120
352 0 96 1 121
346 0 100 1 122
346 0 107 2 123
339 0 109 15 124
312 0 96 15 125
309 0 99 15 126
361 0 147 4 127
338 0 133 15 128
332 0 142 1 129
377 0 185 15 130
349 0 165 2 131
352 0 176 2 132
353 0 183 1 133
375 0 212 15 134
355 0 195 4 135
353 0 204 2 136
365 0 224 14 137
346 0 211 15 138
342 0 220 1 139
333 0 221 14 140
268 0 156 14 141
327 0 235 4 142
310 0 221 2 143
312 0 238 15 144
308 0 246 3 145
284 0 221 3 146
286 0 238 2 147
266 0 193 15 148
260 0 206 5 149
263 0 239 4 150
236 0 188 3 151
242 0 238 15 152
231 0 221 15 153
216 0 185 4 154
220 0 238 3 155
210 0 210 1 156
204 0 221 2 157
197 0 239 14 158
187 0 203 1 159
176 0 239 2 160
176 0 221 4 161
175 0 211 1 162
183 0 184 4 163
164 0 210 14 164
151 0 221 14 165
151 0 211 4 166
159 0 198 15 167
116 0 236 4 168
140 0 203 5 169
157 0 184 14 170
139 0 190 5 171
139 0 184 2 172
93 0 211 14 173
88 0 201 2 174
87 0 185 14 175
115 0 146 4 176
65 0 202 4 177
102 0 154 2 178
108 0 145 3 179
148 0 97 4 180
104 0 134 3 181
94 0 137 1 182
84 0 143 1 183
150 0 81 5 184
91 0 118 15 185
88 0 112 15 186
75 0 117 3 187
88 0 103 2 188
77 0 102 15 189
67 0 36 2 190
62 0 80 2 191
84 0 67 4 192
147 0 36 4 193
87 0 81 15 194
87 0 87 2 195
94 0 87 3 196
128 0 73 3 197
126 0 76 3 198
128 0 80 1 199
134 0 80 2 200
139 0 81 3 201
173 0 62 2 202
147 0 91 4 203
176 0 71 3 204
187 0 63 5 205
181 0 78 5 206
192 0 71 14 207
195 0 78 15 208
198 0 81 1 209
202 0 95 15 210
214 0 94 2 211
223 0 81 5 212
229 0 78 14 213
234 0 81 15 214
236 0 78 1 215
244 0 80 2 216
244 0 71 1 217
253 0 76 14 218
251 0 69 3 219
247 0 60 5 220
280 0 82 3 221
297 0 89 5 222
298 0 83 14 223
326 0 97 4 224
305 0 79 1 225
337 0 93 5 226
266 0 46 2 227
350 0 91 2 228
356 0 88 14 229
294 0 49 5 230
341 0 61 15 231
378 0 79 1 232
394 0 89 3 233
378 0 36 15 234
407 0 102 2 235
325 0 59 15 236
351 0 90 2 237
357 0 101 14 238
355 0 110 4 239
358 0 114 14 240
350 0 115 5 241
310 0 94 15 242
345 0 125 1 243
356 0 142 14 244
348 0 138 2 245
378 0 171 3 246
329 0 140 5 247
348 0 160 4 248
380 0 200 4 249
416 0 243 1 250
410 0 254 1 251
423 0 324 2 252
401 0 264 4 253
392 0 269 3 254
381 0 276 2 255
362 0 288 4 256
356 0 234 3 257
347 0 241 1 258
326 0 300 15 259
332 0 249 14 260
321 0 243 3 261
320 0 253 4 262
302 0 254 15 263
305 0 258 3 264
291 0 258 15 265
291 0 263 4 266
279 0 258 4 267
258 0 214 4 268
266 0 258 2 269
253 0 258 14 270
244 0 258 4 271
224 0 213 4 272
231 0 258 2 273
220 0 258 15 274
210 0 258 5 275
208 0 194 3 276
197 0 258 3 277
187 0 258 1 278
178 0 258 14 279
169 0 258 4 280
160 0 258 2 281
148 0 262 4 282
151 0 241 5 283
134 0 258 4 284
129 0 247 3 285
121 0 254 15 286
125 0 240 14 287
109 0 249 4 288
122 0 224 15 289
95 0 242 15 290
135 0 199 2 291
101 0 224 3 292
93 0 222 1 293
42 0 264 3 294
64 0 324 1 295
-8 0 320 15 296
24 0 247 3 297
87 0 174 14 298
91 0 164 1 299
111 0 136 5 300
62 0 177 15 301
67 0 166 3 302
73 0 154 3 303
92 0 131 3 304
89 0 126 14 305
79 0 124 3 306
75 0 119 3 307
82 0 109 14 308
77 0 108 5 309
80 0 102 15 310
71 0 100 3 311
71 0 88 14 312
43 0 94 3 313
-11 0 33 15 314
16 0 33 14 315
43 0 33 4 316
95 0 33 15 317
123 0 33 14 318
110 0 57 14 319
134 0 50 2 320
87 0 83 15 321
128 0 67 14 322
165 0 46 3 323
139 0 69 2 324
143 0 73 14 325
146 0 76 15 326
171 0 65 1 327
172 0 73 5 328
176 0 77 4 329
184 0 79 5 330
198 0 69 15 331
201 0 81 2 332
214 0 44 3 333
225 0 69 5 334
230 0 67 5 335
235 0 72 15 336
246 0 75 5 337
244 0 63 1 338
255 0 69 4 339
255 0 59 15 340
294 0 83 5 341
292 0 76 15 342
304 0 77 15 343
305 0 71 15 344
309 0 67 14 345
337 0 78 15 346
266 0 33 14 347
293 0 33 4 348
364 0 70 4 349
323 0 33 3 350
350 0 33 2 351
402 0 33 5 352
430 0 33 4 353
451 0 39 15 354
451 0 66 15 355
451 0 93 15 356
419 0 116 1 357
426 0 129 14 358
432 0 144 15 359
451 0 128 1 360
434 0 161 5 361
451 0 157 4 362
436 0 179 4 363
436 0 192 14 364
451 0 188 4 365
431 0 216 15 366
451 0 218 4 367
426 0 232 3 368
451 0 248 2 369
451 0 275 4 370
451 0 302 4 371
449 0 327 15 372
397 0 327 4 373
369 0 327 5 374
342 0 327 15 375
371 0 285 2 376
348 0 295 15 377
337 0 300 2 378
308 0 327 15 379
305 0 308 1 380
278 0 327 1 381
287 0 312 14 382
271 0 314 3 383
246 0 327 2 384
279 0 267 15 385
265 0 270 14 386
239 0 316 15 387
250 0 272 14 388
235 0 274 3 389
210 0 315 5 390
219 0 274 15 391
205 0 274 4 392
200 0 327 15 393
189 0 272 1 394
175 0 270 2 395
172 0 314 5 396
158 0 267 5 397
163 0 327 15 398
141 0 256 14 399
140 0 309 3 400
131 0 327 1 401
116 0 303 1 402
96 0 297 1 403
84 0 291 5 404
71 0 285 14 405
60 0 280 1 406
92 0 327 15 407
40 0 327 3 408
13 0 327 5 409
-10 0 298 15 410
-11 0 272 3 411
-11 0 244 3 412
57 0 195 1 413
12 0 227 14 414
-11 0 212 15 415
-11 0 185 15 416
7 0 204 4 417
4 0 188 14 418
78 0 123 3 419
5 0 170 14 420
-11 0 149 14 421
7 0 150 3 422
14 0 133 14 423
-11 0 117 15 424
25 0 112 1 425
-11 0 87 3 426
-11 0 60 3 427
