428
64 0 223 5 0
87 0 119 2 1
76 0 208 14 2
76 0 227 1 3
103 0 175 5 4
96 0 111 5 5
105 0 176 5 6
119 0 97 1 7
90 0 230 5 8
120 0 158 4 9
111 0 117 15 10
122 0 154 2 11
104 0 227 14 12
119 0 155 1 13
120 0 125 1 14
119 0 147 1 15
122 0 135 3 16
121 0 222 3 17
133 0 217 15 18
153 0 151 15 19
155 0 170 4 20
158 0 180 1 21
158 0 131 5 22
155 0 198 2 23
159 0 125 2 24
159 0 214 2 25
161 0 125 3 26
171 0 216 1 27
178 0 120 14 28
179 0 221 15 29
191 0 222 3 30
196 0 125 3 31
197 0 215 3 32
200 0 138 4 33
203 0 206 4 34
204 0 154 4 35
205 0 192 5 36
207 0 156 5 37
208 0 174 5 38
226 0 156 1 39
228 0 176 1 40
227 0 183 15 41
230 0 141 5 42
232 0 204 2 43
235 0 138 4 44
238 0 213 3 45
242 0 125 4 46
245 0 217 1 47
257 0 120 15 48
259 0 229 3 49
271 0 219 14 50
269 0 114 5 51
275 0 206 4 52
273 0 119 3 53
282 0 200 1 54
280 0 138 14 55
285 0 186 14 56
288 0 158 2 57
284 0 167 14 58
299 0 143 4 59
298 0 153 1 60
311 0 181 3 61
297 0 127 1 62
305 0 180 2 63
316 0 134 14 64
315 0 205 5 65
325 0 126 15 66
336 0 229 5 67
322 0 106 15 68
332 0 210 15 69
339 0 198 3 70
354 0 121 4 71
346 0 193 5 72
362 0 131 3 73
350 0 181 4 74
357 0 137 15 75
354 0 173 5 76
376 0 162 4 77
365 0 168 2 78
54 0 102 5 79
59 0 104 14 80
67 0 105 14 81
75 0 104 2 82
83 0 105 2 83
87 0 108 3 84
97 0 107 5 85
111 0 102 3 86
120 0 103 4 87
137 0 97 5 88
146 0 94 14 89
152 0 96 15 90
158 0 97 2 91
165 0 98 3 92
167 0 107 5 93
180 0 99 14 94
184 0 106 1 95
193 0 110 3 96
201 0 103 15 97
209 0 97 5 98
218 0 110 1 99
227 0 106 2 100
235 0 102 14 101
243 0 106 5 102
249 0 102 1 103
255 0 98 15 104
269 0 107 3 105
271 0 99 3 106
278 0 98 4 107
298 0 109 2 108
291 0 96 14 109
307 0 102 14 110
325 0 109 1 111
321 0 101 2 112
330 0 101 4 113
348 0 107 5 114
356 0 107 15 115
351 0 100 5 116
367 0 103 4 117
376 0 103 14 118
384 0 102 15 119
388 0 109 14 120
384 0 115 15 121
382 0 123 3 122
382 0 131 15 123
380 0 138 5 124
371 0 139 3 125
370 0 146 2 126
387 0 168 14 127
379 0 169 14 128
378 0 178 2 129
393 0 198 15 130
383 0 197 5 131
384 0 207 4 132
385 0 216 1 133
392 0 231 2 134
385 0 231 1 135
378 0 234 3 136
376 0 241 3 137
364 0 237 14 138
356 0 239 5 139
347 0 240 4 140
319 0 217 1 141
333 0 244 4 142
322 0 240 14 143
316 0 246 1 144
309 0 248 4 145
295 0 240 1 146
290 0 246 3 147
277 0 230 15 148
269 0 235 2 149
264 0 246 4 150
249 0 229 1 151
245 0 246 1 152
235 0 240 3 153
224 0 228 3 154
220 0 246 3 155
211 0 236 5 156
203 0 240 4 157
195 0 246 5 158
186 0 234 1 159
176 0 246 2 160
170 0 240 4 161
164 0 236 2 162
161 0 227 4 163
148 0 236 14 164
138 0 240 5 165
132 0 236 3 166
129 0 232 3 167
108 0 245 2 168
110 0 234 14 169
110 0 227 15 170
98 0 229 15 171
92 0 227 4 172
71 0 237 5 173
63 0 233 4 174
57 0 228 14 175
65 0 209 3 176
48 0 223 2 177
61 0 200 15 178
62 0 191 15 179
76 0 170 3 180
61 0 177 3 181
58 0 172 14 182
54 0 168 3 183
77 0 141 3 184
57 0 147 3 185
56 0 139 4 186
51 0 135 3 187
56 0 124 2 188
52 0 118 2 189
38 0 77 15 190
42 0 92 15 191
56 0 88 14 192
83 0 77 2 193
68 0 92 5 194
74 0 95 5 195
83 0 95 15 196
100 0 90 4 197
106 0 91 14 198
112 0 92 15 199
120 0 92 1 200
128 0 93 2 201
145 0 86 2 202
143 0 96 5 203
158 0 89 2 204
168 0 86 15 205
172 0 92 5 206
181 0 89 15 207
189 0 91 1 208
195 0 92 2 209
203 0 97 4 210
213 0 97 14 211
221 0 92 15 212
229 0 91 1 213
237 0 92 3 214
243 0 91 4 215
252 0 92 14 216
258 0 89 15 217
267 0 91 2 218
272 0 88 14 219
277 0 86 15 220
294 0 93 14 221
306 0 95 2 222
312 0 93 3 223
327 0 98 15 224
326 0 92 15 225
343 0 97 3 226
325 0 81 1 227
359 0 96 5 228
367 0 95 15 229
352 0 82 14 230
374 0 86 5 231
392 0 92 14 232
404 0 95 15 233
404 0 78 2 234
413 0 106 4 235
386 0 97 5 236
395 0 114 3 237
397 0 124 14 238
396 0 133 1 239
397 0 140 1 240
394 0 146 14 241
381 0 145 4 242
393 0 162 15 243
396 0 173 15 244
393 0 178 5 245
404 0 194 2 246
387 0 190 1 247
393 0 202 2 248
404 0 222 2 249
417 0 243 4 250
414 0 252 4 251
419 0 282 5 252
406 0 262 2 253
397 0 264 14 254
388 0 267 4 255
375 0 270 3 256
367 0 252 2 257
358 0 255 15 258
345 0 274 15 259
341 0 257 14 260
332 0 255 2 261
325 0 259 3 262
313 0 259 15 263
308 0 260 3 264
298 0 260 1 265
292 0 262 15 266
282 0 260 5 267
269 0 245 5 268
265 0 260 2 269
255 0 260 15 270
246 0 260 5 271
233 0 245 5 272
230 0 260 2 273
220 0 260 15 274
211 0 260 14 275
205 0 238 3 276
195 0 260 2 277
186 0 260 1 278
177 0 260 14 279
168 0 260 4 280
159 0 260 2 281
149 0 262 15 282
144 0 255 15 283
132 0 260 4 284
124 0 256 5 285
116 0 259 4 286
111 0 254 1 287
100 0 257 15 288
98 0 249 5 289
83 0 255 2 290
91 0 240 3 291
73 0 249 15 292
65 0 248 5 293
41 0 262 15 294
43 0 283 1 295
13 0 281 2 296
23 0 251 4 297
45 0 219 3 298
46 0 210 15 299
53 0 195 3 300
36 0 203 2 301
38 0 193 15 302
40 0 183 5 303
46 0 170 4 304
46 0 162 2 305
42 0 156 15 306
41 0 148 15 307
43 0 139 1 308
41 0 133 1 309
42 0 125 15 310
39 0 118 14 311
39 0 108 15 312
30 0 104 15 313
1 0 68 5 314
17 0 68 1 315
34 0 68 4 316
58 0 68 2 317
75 0 68 5 318
78 0 76 3 319
93 0 74 14 320
84 0 85 4 321
105 0 80 14 322
125 0 73 5 323
123 0 81 3 324
131 0 82 5 325
140 0 83 14 326
155 0 79 2 327
163 0 82 4 328
171 0 83 14 329
181 0 84 1 330
193 0 80 3 331
201 0 85 15 332
213 0 72 14 333
223 0 81 1 334
232 0 80 3 335
240 0 81 5 336
251 0 83 15 337
258 0 79 1 338
269 0 81 3 339
276 0 77 5 340
296 0 85 4 341
303 0 83 3 342
314 0 83 5 343
321 0 81 15 344
330 0 80 2 345
346 0 84 5 346
329 0 68 14 347
346 0 68 3 348
377 0 81 4 349
370 0 68 1 350
387 0 68 4 351
411 0 68 2 352
428 0 68 5 353
439 0 73 4 354
439 0 90 1 355
439 0 106 2 356
428 0 121 5 357
430 0 132 3 358
433 0 145 15 359
439 0 146 1 360
433 0 165 1 361
439 0 171 4 362
434 0 184 15 363
434 0 196 1 364
439 0 202 4 365
432 0 218 3 366
439 0 226 2 367
430 0 238 14 368
439 0 250 2 369
439 0 267 15 370
439 0 283 2 371
431 0 292 14 372
406 0 292 1 373
390 0 292 5 374
374 0 292 1 375
376 0 277 4 376
361 0 281 1 377
351 0 282 14 378
333 0 292 15 379
325 0 285 3 380
309 0 292 2 381
305 0 286 14 382
292 0 287 3 383
277 0 292 3 384
281 0 271 5 385
269 0 272 5 386
253 0 288 14 387
250 0 273 2 388
238 0 274 14 389
222 0 288 15 390
219 0 274 3 391
207 0 274 1 392
198 0 292 2 393
187 0 273 4 394
175 0 272 1 395
167 0 287 15 396
155 0 271 1 397
150 0 292 14 398
135 0 268 4 399
128 0 286 14 400
118 0 292 15 401
105 0 284 1 402
91 0 281 4 403
80 0 279 1 404
69 0 277 14 405
58 0 276 4 406
61 0 292 3 407
37 0 292 5 408
20 0 292 1 409
5 0 282 15 410
1 0 270 14 411
1 0 253 15 412
24 0 229 14 413
9 0 233 15 414
1 0 221 15 415
1 0 205 14 416
7 0 204 15 417
6 0 192 1 418
31 0 163 14 419
6 0 172 3 420
1 0 158 2 421
7 0 151 14 422
9 0 138 1 423
1 0 125 14 424
13 0 116 4 425
1 0 101 2 426
1 0 85 2 427
