428
64 0 224 4 0
85 0 120 15 1
75 0 209 4 2
76 0 227 15 3
101 0 178 3 4
94 0 112 3 5
104 0 178 3 6
117 0 99 15 7
90 0 230 4 8
118 0 161 1 9
110 0 118 5 10
120 0 156 15 11
104 0 227 5 12
118 0 156 15 13
119 0 126 15 14
119 0 148 15 15
121 0 136 2 16
120 0 222 1 17
132 0 218 14 18
152 0 152 14 19
154 0 171 3 20
157 0 181 15 21
157 0 133 2 22
155 0 198 1 23
159 0 126 1 24
158 0 214 1 25
161 0 126 2 26
170 0 217 14 27
177 0 121 4 28
178 0 222 14 29
191 0 223 2 30
196 0 125 2 31
197 0 215 2 32
200 0 138 3 33
203 0 206 3 34
204 0 154 3 35
205 0 192 4 36
207 0 157 15 37
208 0 175 4 38
226 0 157 3 39
228 0 177 14 40
228 0 184 15 41
230 0 141 4 42
232 0 205 1 43
235 0 138 3 44
238 0 214 2 45
242 0 126 3 46
245 0 218 15 47
257 0 121 5 48
259 0 230 2 49
271 0 219 5 50
269 0 115 4 51
276 0 207 3 52
274 0 120 2 53
283 0 201 15 54
281 0 139 5 55
285 0 186 5 56
288 0 158 1 57
285 0 168 14 58
300 0 145 1 59
299 0 155 15 60
312 0 182 2 61
299 0 128 15 62
306 0 182 1 63
316 0 134 5 64
316 0 206 4 65
326 0 126 14 66
336 0 229 4 67
324 0 107 14 68
334 0 212 15 69
341 0 200 5 70
355 0 122 4 71
348 0 195 4 72
363 0 132 2 73
352 0 183 3 74
359 0 138 14 75
355 0 174 5 76
376 0 162 3 77
366 0 169 3 78
53 0 103 4 79
58 0 105 3 80
66 0 105 5 81
75 0 105 14 82
83 0 105 1 83
87 0 108 2 84
97 0 107 4 85
111 0 103 2 86
120 0 103 3 87
135 0 98 3 88
145 0 95 4 89
151 0 97 15 90
157 0 98 1 91
165 0 99 2 92
167 0 107 4 93
180 0 100 5 94
184 0 106 15 95
193 0 110 2 96
201 0 104 14 97
209 0 98 4 98
218 0 110 15 99
227 0 106 1 100
235 0 103 5 101
243 0 106 4 102
250 0 102 1 103
256 0 99 14 104
269 0 107 2 105
271 0 99 2 106
279 0 99 3 107
298 0 109 1 108
293 0 97 14 109
308 0 103 5 110
325 0 110 15 111
322 0 101 1 112
331 0 101 3 113
348 0 107 4 114
356 0 107 14 115
352 0 100 4 116
368 0 104 3 117
377 0 104 5 118
385 0 103 15 119
389 0 110 5 120
386 0 116 15 121
384 0 124 2 122
383 0 132 14 123
381 0 139 4 124
373 0 141 4 125
372 0 148 1 126
388 0 169 15 127
381 0 171 14 128
379 0 180 1 129
393 0 199 14 130
384 0 198 4 131
385 0 208 3 132
386 0 217 15 133
393 0 232 5 134
386 0 232 4 135
379 0 235 2 136
377 0 241 2 137
364 0 237 5 138
357 0 240 5 139
348 0 240 3 140
321 0 219 1 141
334 0 245 3 142
322 0 240 5 143
317 0 246 15 144
309 0 249 3 145
296 0 240 15 146
290 0 246 2 147
277 0 231 14 148
269 0 236 15 149
264 0 246 3 150
250 0 230 1 151
245 0 246 15 152
236 0 240 2 153
225 0 229 3 154
220 0 246 2 155
211 0 237 4 156
203 0 240 3 157
195 0 246 4 158
186 0 235 15 159
176 0 246 1 160
170 0 240 3 161
164 0 237 1 162
160 0 229 4 163
148 0 237 5 164
137 0 240 4 165
131 0 237 2 166
128 0 233 2 167
108 0 245 1 168
109 0 235 5 169
109 0 229 1 170
97 0 231 14 171
91 0 229 5 172
70 0 237 3 173
62 0 234 3 174
56 0 229 5 175
63 0 212 3 176
47 0 223 1 177
59 0 202 5 178
61 0 193 4 179
74 0 172 1 180
60 0 178 1 181
56 0 173 2 182
53 0 169 4 183
74 0 143 1 184
55 0 148 1 185
55 0 140 2 186
50 0 136 1 187
55 0 125 1 188
51 0 119 1 189
37 0 79 14 190
41 0 93 5 191
55 0 89 1 192
81 0 79 1 193
68 0 93 3 194
74 0 95 4 195
83 0 95 14 196
99 0 90 3 197
105 0 91 4 198
112 0 93 5 199
120 0 93 14 200
128 0 93 1 201
144 0 87 1 202
142 0 96 4 203
158 0 90 1 204
167 0 87 14 205
172 0 92 4 206
181 0 90 14 207
188 0 92 15 208
195 0 93 15 209
203 0 97 3 210
213 0 97 5 211
221 0 93 5 212
229 0 92 15 213
237 0 93 1 214
243 0 92 3 215
252 0 93 4 216
258 0 90 14 217
267 0 91 1 218
273 0 89 2 219
278 0 86 14 220
294 0 93 5 221
306 0 96 1 222
312 0 94 2 223
327 0 98 14 224
327 0 92 14 225
343 0 97 2 226
327 0 82 15 227
360 0 96 5 228
367 0 95 14 229
354 0 83 5 230
375 0 87 5 231
393 0 92 5 232
404 0 96 14 233
405 0 79 2 234
414 0 107 3 235
388 0 99 4 236
396 0 115 2 237
398 0 125 14 238
397 0 133 15 239
398 0 141 2 240
396 0 147 14 241
383 0 147 3 242
394 0 163 14 243
398 0 174 14 244
395 0 179 5 245
405 0 195 2 246
389 0 191 15 247
395 0 204 14 248
405 0 223 2 249
417 0 243 3 250
415 0 252 4 251
419 0 281 4 252
406 0 262 1 253
397 0 264 5 254
388 0 266 3 255
376 0 270 2 256
368 0 253 1 257
359 0 255 14 258
346 0 274 14 259
342 0 258 5 260
332 0 256 3 261
325 0 259 2 262
314 0 259 14 263
308 0 261 2 264
298 0 260 15 265
292 0 262 14 266
282 0 260 4 267
269 0 246 4 268
265 0 260 1 269
255 0 260 14 270
246 0 260 4 271
233 0 246 4 272
230 0 260 1 273
220 0 260 14 274
211 0 260 5 275
205 0 240 3 276
195 0 260 1 277
186 0 260 15 278
177 0 260 5 279
168 0 260 3 280
159 0 260 1 281
149 0 262 14 282
144 0 255 14 283
132 0 261 3 284
124 0 257 4 285
116 0 259 3 286
111 0 255 15 287
99 0 258 14 288
97 0 250 4 289
83 0 255 1 290
89 0 242 1 291
72 0 250 14 292
64 0 249 4 293
41 0 262 14 294
42 0 281 15 295
13 0 280 1 296
23 0 251 3 297
43 0 221 15 298
45 0 212 14 299
51 0 197 2 300
35 0 204 4 301
37 0 194 14 302
39 0 184 5 303
45 0 172 2 304
44 0 164 15 305
41 0 157 2 306
40 0 149 4 307
42 0 140 15 308
40 0 134 14 309
41 0 126 14 310
38 0 119 5 311
38 0 109 14 312
29 0 105 4 313
1 0 69 5 314
17 0 69 1 315
33 0 69 4 316
57 0 69 2 317
73 0 69 5 318
77 0 77 15 319
92 0 75 5 320
84 0 86 3 321
104 0 80 5 322
123 0 74 4 323
123 0 81 2 324
131 0 82 4 325
139 0 83 5 326
155 0 80 1 327
162 0 82 3 328
171 0 84 5 329
181 0 84 15 330
193 0 81 2 331
201 0 85 14 332
213 0 73 1 333
223 0 81 15 334
232 0 80 2 335
241 0 82 4 336
252 0 83 14 337
258 0 79 15 338
269 0 81 2 339
276 0 78 4 340
296 0 86 3 341
303 0 83 2 342
314 0 84 4 343
322 0 82 14 344
330 0 80 1 345
347 0 84 4 346
332 0 69 15 347
348 0 69 3 348
377 0 81 3 349
372 0 69 1 350
388 0 69 4 351
412 0 69 2 352
428 0 69 5 353
439 0 74 3 354
439 0 90 15 355
439 0 106 1 356
429 0 121 4 357
431 0 133 15 358
433 0 145 14 359
439 0 147 15 360
433 0 165 15 361
439 0 171 3 362
434 0 184 14 363
434 0 196 15 364
439 0 202 3 365
432 0 218 2 366
439 0 226 1 367
431 0 238 5 368
439 0 251 1 369
439 0 267 14 370
439 0 283 1 371
431 0 291 14 372
407 0 291 1 373
391 0 291 5 374
375 0 291 2 375
376 0 277 3 376
362 0 280 15 377
351 0 282 5 378
334 0 291 15 379
326 0 285 2 380
310 0 291 3 381
305 0 286 5 382
293 0 286 2 383
278 0 291 3 384
281 0 272 15 385
269 0 273 4 386
254 0 287 1 387
250 0 273 1 388
238 0 274 5 389
222 0 287 2 390
219 0 274 2 391
207 0 274 15 392
198 0 291 2 393
187 0 273 3 394
175 0 273 15 395
167 0 286 14 396
155 0 272 3 397
149 0 291 14 398
135 0 268 3 399
127 0 285 5 400
117 0 291 15 401
105 0 283 5 402
91 0 281 3 403
80 0 279 15 404
68 0 277 5 405
58 0 275 5 406
60 0 291 2 407
36 0 291 5 408
20 0 291 1 409
6 0 281 15 410
1 0 270 5 411
1 0 254 14 412
23 0 231 5 413
9 0 234 14 414
1 0 222 14 415
1 0 205 5 416
7 0 204 14 417
6 0 192 15 418
30 0 164 4 419
6 0 172 2 420
1 0 158 1 421
7 0 151 5 422
9 0 138 15 423
1 0 126 5 424
13 0 117 15 425
1 0 102 1 426
1 0 85 1 427
