428
65 0 222 14 0
89 0 116 14 1
77 0 207 1 2
77 0 226 2 3
107 0 170 3 4
98 0 108 14 5
108 0 172 3 6
123 0 93 2 7
90 0 230 14 8
124 0 153 3 9
113 0 115 4 10
125 0 149 2 11
105 0 227 15 12
121 0 153 3 13
122 0 123 2 14
121 0 145 3 15
123 0 134 4 16
122 0 220 4 17
134 0 215 5 18
154 0 149 1 19
156 0 168 4 20
160 0 179 2 21
160 0 128 3 22
156 0 196 4 23
161 0 123 3 24
159 0 212 3 25
162 0 125 4 26
172 0 214 14 27
178 0 120 15 28
179 0 219 3 29
191 0 221 4 30
196 0 124 3 31
197 0 213 4 32
199 0 138 5 33
203 0 205 5 34
204 0 154 5 35
205 0 191 1 36
207 0 155 14 37
208 0 173 14 38
225 0 154 2 39
227 0 176 2 40
227 0 182 1 41
230 0 139 4 42
232 0 204 3 43
235 0 137 5 44
238 0 212 4 45
242 0 125 5 46
244 0 215 5 47
257 0 120 1 48
259 0 229 4 49
270 0 217 15 50
267 0 112 4 51
274 0 204 4 52
271 0 116 15 53
281 0 199 15 54
279 0 136 14 55
284 0 184 14 56
287 0 157 3 57
283 0 165 15 58
297 0 140 3 59
295 0 149 1 60
310 0 180 4 61
294 0 123 15 62
303 0 178 2 63
315 0 132 2 64
313 0 203 1 65
324 0 125 15 66
336 0 228 14 67
318 0 103 2 68
330 0 207 2 69
336 0 193 4 70
352 0 120 14 71
343 0 188 15 72
361 0 130 4 73
346 0 178 4 74
354 0 135 15 75
350 0 169 2 76
375 0 161 5 77
363 0 166 2 78
57 0 101 15 79
60 0 104 15 80
68 0 104 2 81
76 0 104 4 82
85 0 104 5 83
87 0 108 4 84
98 0 106 14 85
112 0 101 4 86
121 0 101 14 87
139 0 95 5 88
149 0 92 1 89
154 0 94 1 90
159 0 95 2 91
167 0 96 4 92
168 0 107 14 93
181 0 98 1 94
185 0 105 2 95
193 0 110 4 96
201 0 102 1 97
208 0 95 5 98
218 0 110 2 99
227 0 105 3 100
235 0 101 15 101
243 0 105 14 102
249 0 101 2 103
254 0 96 14 104
269 0 106 4 105
269 0 97 3 106
277 0 97 5 107
297 0 109 3 108
289 0 94 14 109
305 0 101 15 110
324 0 109 1 111
319 0 99 14 112
328 0 99 1 113
347 0 107 14 114
355 0 106 1 115
348 0 98 5 116
366 0 102 5 117
375 0 102 15 118
382 0 101 1 119
386 0 108 15 120
382 0 114 1 121
380 0 121 4 122
379 0 129 15 123
377 0 136 5 124
366 0 136 3 125
365 0 143 5 126
385 0 167 15 127
376 0 167 5 128
374 0 176 3 129
391 0 197 1 130
381 0 195 14 131
382 0 204 5 132
382 0 213 5 133
391 0 230 3 134
382 0 228 1 135
376 0 232 4 136
376 0 240 4 137
363 0 235 1 138
355 0 238 14 139
346 0 238 4 140
316 0 213 14 141
333 0 244 5 142
321 0 238 14 143
316 0 245 2 144
309 0 248 5 145
295 0 238 1 146
290 0 245 4 147
276 0 227 14 148
268 0 233 3 149
264 0 245 5 150
248 0 226 15 151
245 0 245 2 152
235 0 238 3 153
224 0 224 2 154
220 0 245 4 155
211 0 234 15 156
203 0 238 4 157
195 0 245 14 158
186 0 231 5 159
176 0 245 3 160
170 0 238 4 161
165 0 234 4 162
162 0 224 5 163
149 0 234 1 164
139 0 238 5 165
133 0 234 5 166
131 0 229 1 167
109 0 244 3 168
112 0 231 4 169
114 0 224 2 170
101 0 226 15 171
96 0 224 14 172
72 0 235 15 173
65 0 231 1 174
59 0 224 5 175
68 0 205 14 176
49 0 221 3 177
64 0 197 14 178
66 0 188 2 179
81 0 165 3 180
64 0 173 5 181
60 0 169 15 182
56 0 166 5 183
82 0 136 3 184
59 0 145 4 185
58 0 137 5 186
53 0 134 4 187
58 0 123 3 188
54 0 117 3 189
40 0 74 3 190
44 0 91 1 191
58 0 86 15 192
88 0 74 14 193
70 0 92 14 194
75 0 94 14 195
84 0 94 1 196
102 0 89 14 197
107 0 90 15 198
113 0 91 1 199
121 0 91 3 200
129 0 92 4 201
147 0 84 2 202
143 0 95 14 203
159 0 88 14 204
169 0 85 1 205
173 0 91 14 206
182 0 88 4 207
189 0 90 2 208
196 0 92 4 209
203 0 97 5 210
213 0 97 15 211
221 0 92 1 212
229 0 90 2 213
236 0 92 4 214
243 0 90 5 215
251 0 91 15 216
257 0 88 4 217
266 0 90 3 218
270 0 87 15 219
274 0 84 5 220
293 0 92 1 221
305 0 95 3 222
311 0 92 5 223
327 0 98 1 224
324 0 91 15 225
343 0 96 3 226
320 0 78 1 227
359 0 95 14 228
366 0 94 1 229
348 0 79 14 230
372 0 84 4 231
391 0 91 15 232
403 0 95 1 233
402 0 75 5 234
413 0 106 5 235
381 0 95 4 236
391 0 112 1 237
394 0 122 14 238
393 0 131 3 239
394 0 138 1 240
391 0 144 3 241
375 0 141 15 242
389 0 159 2 243
393 0 171 3 244
390 0 175 15 245
402 0 192 3 246
383 0 186 5 247
390 0 199 1 248
403 0 221 3 249
417 0 243 5 250
414 0 252 5 251
419 0 285 1 252
406 0 262 3 253
397 0 265 15 254
387 0 267 5 255
374 0 272 14 256
367 0 251 3 257
358 0 254 1 258
344 0 276 5 259
341 0 257 15 260
331 0 254 3 261
325 0 258 4 262
313 0 258 1 263
308 0 260 4 264
297 0 260 2 265
292 0 262 1 266
281 0 260 14 267
268 0 243 3 268
265 0 260 3 269
255 0 260 1 270
246 0 260 14 271
232 0 242 3 272
230 0 260 3 273
220 0 260 1 274
211 0 260 15 275
205 0 235 5 276
195 0 260 3 277
186 0 260 2 278
177 0 260 15 279
168 0 260 5 280
159 0 260 3 281
149 0 262 1 282
144 0 254 1 283
132 0 260 5 284
125 0 256 14 285
116 0 258 5 286
112 0 253 2 287
100 0 257 1 288
100 0 247 1 289
84 0 254 3 290
94 0 237 3 291
75 0 247 3 292
67 0 246 2 293
41 0 262 1 294
45 0 286 4 295
11 0 284 5 296
23 0 250 5 297
48 0 216 5 298
49 0 207 2 299
57 0 190 15 300
38 0 201 3 301
40 0 191 3 302
42 0 181 15 303
50 0 167 3 304
49 0 160 5 305
45 0 153 1 306
43 0 146 1 307
46 0 137 3 308
44 0 131 4 309
45 0 123 15 310
42 0 117 1 311
42 0 107 2 312
31 0 103 2 313
0 0 66 5 314
17 0 66 2 315
34 0 66 5 316
61 0 66 4 317
78 0 66 15 318
80 0 75 4 319
96 0 72 5 320
84 0 85 5 321
107 0 79 1 322
128 0 71 4 323
124 0 80 4 324
132 0 81 14 325
140 0 82 15 326
156 0 78 4 327
163 0 81 5 328
172 0 83 15 329
181 0 83 2 330
193 0 80 4 331
201 0 84 14 332
213 0 70 15 333
223 0 80 2 334
232 0 79 4 335
240 0 81 14 336
251 0 82 1 337
257 0 77 2 338
268 0 80 4 339
274 0 76 15 340
296 0 85 5 341
302 0 83 4 342
313 0 83 14 343
320 0 80 1 344
328 0 79 2 345
346 0 83 14 346
325 0 66 15 347
342 0 66 3 348
376 0 80 5 349
367 0 66 1 350
384 0 66 4 351
411 0 66 3 352
428 0 66 14 353
440 0 71 3 354
440 0 88 14 355
440 0 105 4 356
428 0 121 14 357
430 0 132 4 358
433 0 145 1 359
440 0 145 3 360
433 0 164 2 361
440 0 170 14 362
434 0 184 1 363
434 0 196 2 364
440 0 201 14 365
432 0 218 4 366
440 0 226 4 367
430 0 238 15 368
440 0 250 4 369
440 0 267 2 370
440 0 285 14 371
433 0 294 15 372
406 0 294 2 373
389 0 294 5 374
371 0 294 2 375
376 0 278 5 376
360 0 282 2 377
350 0 284 2 378
332 0 294 1 379
324 0 287 3 380
307 0 294 3 381
304 0 288 3 382
291 0 289 1 383
275 0 294 4 384
281 0 271 14 385
269 0 272 14 386
252 0 290 15 387
250 0 273 3 388
237 0 274 15 389
221 0 290 1 390
219 0 274 4 391
207 0 274 2 392
198 0 294 3 393
187 0 273 5 394
175 0 272 2 395
167 0 289 5 396
155 0 271 2 397
151 0 294 1 398
135 0 267 4 399
128 0 287 15 400
119 0 294 1 401
106 0 285 3 402
92 0 283 5 403
80 0 280 2 404
69 0 278 15 405
58 0 276 5 406
64 0 294 4 407
37 0 294 14 408
20 0 294 2 409
4 0 283 1 410
0 0 270 14 411
0 0 253 15 412
26 0 227 14 413
9 0 233 1 414
0 0 221 15 415
0 0 203 2 416
7 0 204 1 417
6 0 191 4 418
35 0 160 2 419
6 0 172 4 420
0 0 157 2 421
7 0 151 15 422
10 0 138 2 423
0 0 125 14 424
14 0 116 5 425
0 0 100 14 426
0 0 83 15 427
