428
69 0 217 3 0
105 0 102 3 1
84 0 197 4 2
78 0 224 3 3
130 0 140 14 4
114 0 94 1 5
124 0 150 3 6
149 0 70 2 7
91 0 229 1 8
146 0 124 1 9
123 0 106 5 10
144 0 125 1 11
106 0 225 2 12
131 0 139 15 13
131 0 114 2 14
128 0 135 14 15
131 0 124 5 16
128 0 214 5 17
143 0 205 1 18
162 0 137 14 19
165 0 160 1 20
170 0 169 2 21
170 0 111 15 22
162 0 189 1 23
168 0 110 15 24
163 0 205 5 25
164 0 120 5 26
177 0 202 4 27
181 0 116 5 28
182 0 208 1 29
192 0 215 4 30
199 0 119 5 31
197 0 206 5 32
198 0 136 14 33
204 0 200 2 34
204 0 153 14 35
206 0 188 3 36
207 0 147 15 37
209 0 168 1 38
223 0 146 2 39
226 0 172 14 40
224 0 175 2 41
229 0 129 14 42
231 0 202 15 43
234 0 134 5 44
236 0 204 5 45
241 0 120 14 46
240 0 204 14 47
254 0 116 4 48
258 0 224 3 49
266 0 207 4 50
259 0 99 2 51
268 0 190 15 52
259 0 98 2 53
276 0 189 2 54
270 0 123 4 55
278 0 177 5 56
283 0 150 14 57
276 0 155 14 58
282 0 121 14 59
280 0 126 15 60
304 0 172 15 61
275 0 102 2 62
289 0 157 4 63
308 0 126 5 64
303 0 189 15 65
319 0 121 14 66
335 0 226 5 67
297 0 88 14 68
317 0 186 15 69
316 0 168 1 70
341 0 112 14 71
323 0 165 2 72
351 0 122 14 73
324 0 154 1 74
337 0 121 3 75
330 0 150 2 76
370 0 157 15 77
350 0 156 15 78
69 0 94 14 79
69 0 99 15 80
76 0 99 2 81
84 0 99 3 82
91 0 99 5 83
89 0 106 5 84
101 0 103 3 85
120 0 95 2 86
129 0 95 4 87
152 0 84 4 88
163 0 79 14 89
165 0 83 14 90
168 0 85 2 91
174 0 86 3 92
169 0 104 2 93
186 0 88 14 94
186 0 102 14 95
194 0 109 5 96
201 0 97 14 97
207 0 84 1 98
217 0 109 3 99
226 0 101 14 100
234 0 95 3 101
242 0 102 2 102
245 0 94 14 103
248 0 86 3 104
267 0 103 15 105
261 0 87 14 106
267 0 87 15 107
296 0 107 4 108
276 0 83 15 109
297 0 94 2 110
323 0 108 2 111
308 0 91 5 112
317 0 91 15 113
343 0 104 1 114
349 0 103 2 115
332 0 89 3 116
356 0 97 1 117
365 0 97 3 118
370 0 95 3 119
375 0 102 1 120
369 0 106 4 121
365 0 112 4 122
364 0 119 2 123
360 0 124 1 124
342 0 118 5 125
340 0 123 4 126
374 0 158 15 127
359 0 151 15 128
355 0 160 4 129
385 0 192 1 130
366 0 181 2 131
368 0 191 14 132
369 0 200 14 133
384 0 222 15 134
370 0 213 4 135
366 0 220 4 136
371 0 233 4 137
355 0 224 2 138
349 0 230 2 139
340 0 230 1 140
294 0 187 2 141
330 0 240 3 142
316 0 230 3 143
314 0 242 14 144
309 0 247 1 145
290 0 230 5 146
288 0 242 1 147
271 0 212 5 148
264 0 221 4 149
264 0 242 3 150
243 0 209 5 151
244 0 242 14 152
233 0 230 15 153
220 0 207 2 154
220 0 242 2 155
211 0 223 2 156
204 0 230 2 157
196 0 242 5 158
186 0 219 14 159
176 0 242 1 160
173 0 230 3 161
170 0 224 15 162
171 0 206 15 163
156 0 223 5 164
144 0 230 4 165
141 0 224 2 166
144 0 215 1 167
112 0 241 2 168
125 0 219 15 169
133 0 206 14 170
118 0 210 2 171
115 0 206 2 172
81 0 224 4 173
75 0 218 4 174
72 0 207 1 175
89 0 179 3 176
56 0 212 5 177
81 0 178 2 178
85 0 169 14 179
111 0 134 3 180
82 0 156 3 181
75 0 154 1 182
69 0 156 15 183
112 0 111 3 184
73 0 133 2 185
72 0 126 1 186
63 0 126 14 187
72 0 114 4 188
64 0 110 15 189
52 0 57 15 190
52 0 86 15 191
70 0 78 1 192
115 0 57 5 193
77 0 87 5 194
81 0 91 3 195
89 0 91 4 196
114 0 82 3 197
116 0 84 4 198
120 0 86 14 199
127 0 86 1 200
134 0 87 2 201
159 0 74 15 202
145 0 93 15 203
167 0 80 15 204
177 0 75 4 205
177 0 85 4 206
187 0 80 4 207
192 0 85 15 208
197 0 87 1 209
202 0 96 5 210
213 0 95 15 211
222 0 87 5 212
229 0 85 14 213
235 0 87 1 214
240 0 85 2 215
248 0 86 3 216
251 0 80 2 217
260 0 84 4 218
262 0 79 4 219
262 0 73 14 220
287 0 88 4 221
302 0 92 4 222
305 0 88 1 223
327 0 97 2 224
316 0 86 3 225
340 0 95 4 226
296 0 64 3 227
355 0 93 15 228
361 0 91 2 229
324 0 66 15 230
358 0 74 4 231
385 0 86 3 232
399 0 92 2 233
391 0 57 4 234
410 0 104 1 235
356 0 78 2 236
374 0 102 15 237
377 0 113 1 238
376 0 121 4 239
378 0 127 5 240
372 0 131 15 241
346 0 120 14 242
369 0 144 14 243
377 0 158 1 244
371 0 158 15 245
391 0 182 15 246
359 0 166 2 247
371 0 181 3 248
393 0 211 15 249
416 0 243 14 250
412 0 253 14 251
421 0 303 3 252
404 0 263 3 253
395 0 267 1 254
385 0 271 15 255
369 0 279 4 256
362 0 243 2 257
353 0 248 1 258
336 0 287 15 259
337 0 253 5 260
326 0 249 3 261
323 0 256 4 262
308 0 256 1 263
307 0 259 1 264
295 0 259 14 265
291 0 263 2 266
280 0 259 3 267
263 0 230 14 268
266 0 259 15 269
254 0 259 4 270
245 0 259 3 271
228 0 229 14 272
230 0 259 15 273
220 0 259 5 274
211 0 259 4 275
206 0 217 3 276
196 0 259 1 277
186 0 259 14 278
177 0 259 4 279
168 0 259 2 280
159 0 259 15 281
148 0 262 2 282
147 0 248 3 283
133 0 259 2 284
126 0 252 14 285
118 0 256 14 286
118 0 247 14 287
104 0 253 1 288
110 0 237 15 289
89 0 249 5 290
113 0 220 3 291
87 0 237 3 292
79 0 235 2 293
42 0 263 2 294
53 0 303 15 295
3 0 300 4 296
24 0 249 14 297
65 0 197 15 298
68 0 187 15 299
81 0 166 4 300
49 0 190 14 301
52 0 180 3 302
56 0 170 1 303
69 0 151 14 304
67 0 144 3 305
60 0 140 14 306
58 0 134 14 307
62 0 125 14 308
59 0 121 4 309
61 0 114 2 310
55 0 109 5 311
55 0 98 4 312
36 0 99 1 313
-5 0 51 15 314
17 0 51 5 315
38 0 51 2 316
76 0 51 3 317
98 0 51 15 318
94 0 67 4 319
113 0 62 2 320
86 0 84 5 321
116 0 74 14 322
144 0 60 4 323
131 0 75 2 324
137 0 77 1 325
143 0 79 2 326
163 0 72 5 327
167 0 77 15 328
174 0 80 1 329
183 0 81 3 330
196 0 75 1 331
201 0 83 15 332
213 0 58 4 333
224 0 75 5 334
231 0 74 15 335
238 0 77 14 336
249 0 79 1 337
251 0 71 1 338
262 0 75 14 339
265 0 68 3 340
295 0 84 4 341
298 0 80 4 342
309 0 80 14 343
314 0 76 2 344
319 0 74 3 345
342 0 81 14 346
298 0 51 4 347
320 0 51 2 348
371 0 76 15 349
347 0 51 15 350
369 0 51 4 351
407 0 51 5 352
429 0 51 2 353
445 0 56 14 354
445 0 78 14 355
445 0 100 5 356
424 0 119 15 357
428 0 131 4 358
432 0 144 5 359
445 0 137 14 360
434 0 163 3 361
445 0 164 14 362
435 0 181 2 363
435 0 194 4 364
445 0 195 14 365
432 0 217 5 366
445 0 222 14 367
428 0 235 1 368
445 0 249 14 369
445 0 271 5 370
445 0 293 4 371
440 0 309 5 372
402 0 309 4 373
380 0 309 15 374
358 0 309 2 375
374 0 281 5 376
355 0 288 1 377
344 0 291 5 378
321 0 309 2 379
316 0 297 15 380
294 0 309 3 381
296 0 299 3 382
282 0 300 3 383
262 0 309 4 384
280 0 269 15 385
267 0 271 4 386
246 0 302 3 387
250 0 272 4 388
237 0 274 1 389
216 0 301 5 390
219 0 274 5 391
206 0 274 3 392
199 0 309 14 393
188 0 272 14 394
175 0 271 15 395
170 0 300 2 396
157 0 269 4 397
156 0 309 5 398
138 0 262 15 399
134 0 297 14 400
124 0 309 5 401
110 0 293 15 402
94 0 289 5 403
82 0 285 14 404
70 0 281 1 405
59 0 278 14 406
76 0 309 3 407
38 0 309 2 408
17 0 309 5 409
-2 0 289 15 410
-5 0 271 14 411
-5 0 249 15 412
40 0 212 1 413
10 0 230 5 414
-5 0 217 2 415
-5 0 195 15 416
7 0 204 2 417
5 0 190 4 418
54 0 143 15 419
6 0 171 5 420
-5 0 154 14 421
7 0 150 1 422
11 0 136 4 423
-5 0 121 5 424
19 0 114 15 425
-5 0 94 5 426
-5 0 73 2 427
