428
76 0 208 4 0
135 0 76 5 1
97 0 180 1 2
82 0 220 15 3
172 0 84 4 4
144 0 68 3 5
155 0 110 15 6
197 0 27 2 7
91 0 229 4 8
187 0 70 14 9
143 0 89 4 10
178 0 79 5 11
110 0 221 5 12
151 0 113 2 13
148 0 97 5 14
142 0 116 15 15
145 0 107 5 16
140 0 202 14 17
159 0 187 15 18
176 0 114 15 19
183 0 144 1 20
190 0 151 5 21
188 0 79 15 22
173 0 177 2 23
182 0 86 1 24
170 0 192 3 25
169 0 111 3 26
187 0 180 5 27
186 0 110 15 28
187 0 187 14 29
194 0 202 3 30
203 0 110 3 31
197 0 193 2 32
196 0 132 4 33
204 0 192 3 34
203 0 152 1 35
206 0 183 2 36
207 0 132 14 37
211 0 159 15 38
219 0 130 1 39
224 0 166 14 40
220 0 162 14 41
226 0 112 15 42
228 0 199 15 43
232 0 129 3 44
233 0 191 3 45
238 0 111 2 46
233 0 182 14 47
250 0 110 5 48
255 0 215 5 49
259 0 190 1 50
243 0 75 5 51
257 0 165 14 52
238 0 66 15 53
266 0 173 15 54
254 0 99 4 55
269 0 163 1 56
275 0 137 3 57
263 0 135 15 58
256 0 86 1 59
252 0 85 15 60
292 0 155 5 61
241 0 63 2 62
264 0 118 14 63
296 0 114 2 64
284 0 164 4 65
309 0 112 2 66
332 0 222 15 67
258 0 60 1 68
292 0 149 4 69
279 0 120 2 70
321 0 99 4 71
286 0 119 4 72
332 0 109 15 73
284 0 109 4 74
304 0 95 14 75
292 0 115 1 76
362 0 150 4 77
327 0 137 14 78
92 0 81 2 79
85 0 90 14 80
91 0 90 1 81
97 0 90 2 82
104 0 90 3 83
94 0 102 4 84
107 0 98 4 85
133 0 82 3 86
142 0 83 5 87
177 0 63 4 88
189 0 54 15 89
186 0 61 14 90
184 0 65 4 91
188 0 67 5 92
173 0 99 3 93
194 0 71 15 94
188 0 95 5 95
196 0 109 2 96
201 0 86 5 97
205 0 64 2 98
216 0 109 14 99
226 0 94 5 100
232 0 82 1 101
239 0 95 15 102
238 0 81 2 103
236 0 68 15 104
262 0 98 14 105
245 0 70 3 106
250 0 69 4 107
294 0 105 14 108
251 0 61 4 109
282 0 81 4 110
321 0 107 5 111
288 0 77 5 112
296 0 77 15 113
335 0 99 15 114
340 0 97 1 115
301 0 73 3 116
337 0 86 3 117
346 0 86 5 118
348 0 82 3 119
355 0 91 4 120
344 0 91 1 121
337 0 95 14 122
336 0 101 3 123
328 0 102 1 124
297 0 85 2 125
293 0 87 1 126
354 0 141 14 127
327 0 123 4 128
321 0 132 15 129
372 0 181 14 130
340 0 156 1 131
343 0 167 2 132
345 0 175 2 133
371 0 207 15 134
347 0 186 2 135
346 0 197 3 136
362 0 220 14 137
342 0 205 1 138
338 0 215 15 139
329 0 216 1 140
255 0 140 14 141
325 0 232 5 142
307 0 216 4 143
310 0 236 1 144
308 0 246 4 145
281 0 216 14 146
285 0 236 3 147
263 0 183 5 148
257 0 199 14 149
263 0 237 5 150
233 0 179 14 151
241 0 236 1 152
229 0 216 2 153
214 0 175 4 154
220 0 236 4 155
210 0 203 14 156
204 0 216 5 157
197 0 237 15 158
187 0 195 15 159
176 0 237 3 160
177 0 216 15 161
178 0 204 4 162
189 0 174 14 163
168 0 203 5 164
154 0 216 2 165
156 0 204 15 166
167 0 189 5 167
118 0 234 14 168
147 0 195 14 169
169 0 173 2 170
150 0 180 4 171
151 0 173 14 172
99 0 205 2 173
95 0 193 2 174
95 0 175 1 175
128 0 130 4 176
69 0 196 4 177
113 0 142 1 178
119 0 133 15 179
167 0 78 3 180
115 0 123 4 181
103 0 128 3 182
91 0 137 2 183
169 0 65 1 184
99 0 111 3 185
97 0 105 3 186
81 0 112 15 187
97 0 97 2 188
84 0 97 14 189
74 0 25 5 190
67 0 77 4 191
91 0 62 1 192
164 0 25 2 193
91 0 78 2 194
90 0 85 3 195
97 0 85 5 196
135 0 69 2 197
132 0 72 2 198
132 0 77 3 199
138 0 77 4 200
142 0 78 5 201
181 0 56 14 202
149 0 89 5 203
180 0 66 3 204
192 0 57 3 205
184 0 75 1 206
195 0 66 14 207
197 0 74 4 208
199 0 78 2 209
202 0 94 1 210
214 0 93 3 211
224 0 78 14 212
229 0 74 2 213
233 0 78 1 214
234 0 74 3 215
242 0 77 3 216
240 0 66 1 217
250 0 72 4 218
245 0 64 3 219
239 0 54 2 220
277 0 79 3 221
295 0 88 2 222
295 0 80 15 223
326 0 97 5 224
299 0 76 2 225
336 0 92 15 226
251 0 38 3 227
348 0 89 2 228
353 0 86 14 229
279 0 40 1 230
332 0 55 15 231
374 0 76 3 232
391 0 88 15 233
371 0 25 1 234
405 0 101 3 235
309 0 48 4 236
340 0 84 2 237
347 0 96 1 238
345 0 104 5 239
348 0 107 3 240
338 0 107 1 241
292 0 81 14 242
333 0 116 2 243
346 0 134 3 244
336 0 128 15 245
371 0 165 1 246
314 0 127 2 247
336 0 149 14 248
374 0 194 1 249
416 0 243 2 250
408 0 254 1 251
424 0 335 4 252
399 0 264 4 253
390 0 271 4 254
380 0 279 3 255
359 0 292 3 256
353 0 230 14 257
344 0 238 15 258
321 0 306 5 259
330 0 247 2 260
318 0 240 3 261
318 0 252 4 262
299 0 252 15 263
304 0 258 3 264
290 0 257 1 265
291 0 263 5 266
278 0 257 5 267
255 0 206 5 268
266 0 257 3 269
253 0 257 15 270
243 0 257 5 271
221 0 204 5 272
231 0 257 3 273
220 0 257 1 274
210 0 257 14 275
209 0 182 2 276
198 0 257 4 277
187 0 257 2 278
178 0 257 15 279
169 0 257 5 280
160 0 257 3 281
148 0 262 5 282
153 0 238 5 283
134 0 258 5 284
130 0 244 4 285
123 0 252 1 286
128 0 236 15 287
111 0 247 1 288
128 0 218 4 289
98 0 239 1 290
147 0 189 1 291
108 0 218 15 292
100 0 215 2 293
42 0 264 4 294
70 0 335 4 295
-13 0 330 4 296
24 0 246 4 297
98 0 162 3 298
103 0 152 2 299
126 0 120 1 300
69 0 170 14 301
74 0 159 15 302
82 0 147 14 303
103 0 121 2 304
101 0 116 14 305
89 0 115 3 306
84 0 112 15 307
92 0 102 4 308
86 0 102 3 309
90 0 97 15 310
79 0 95 4 311
79 0 83 14 312
46 0 91 14 313
-14 0 24 2 314
16 0 24 1 315
46 0 24 15 316
105 0 24 4 317
135 0 24 3 318
119 0 52 15 319
145 0 44 4 320
88 0 83 1 321
133 0 64 2 322
175 0 39 2 323
144 0 66 3 324
146 0 70 5 325
147 0 74 1 326
175 0 61 3 327
174 0 70 3 328
178 0 76 15 329
185 0 77 14 330
200 0 66 15 331
201 0 80 3 332
214 0 37 3 333
225 0 66 5 334
230 0 64 15 335
233 0 69 15 336
244 0 73 5 337
240 0 59 5 338
252 0 66 3 339
249 0 55 4 340
293 0 83 14 341
289 0 75 15 342
301 0 76 3 343
301 0 68 14 344
303 0 64 15 345
334 0 76 15 346
250 0 24 5 347
280 0 24 4 348
361 0 67 4 349
311 0 24 3 350
341 0 24 2 351
400 0 24 15 352
430 0 24 14 353
454 0 30 5 354
454 0 60 5 355
454 0 90 2 356
417 0 115 5 357
424 0 128 3 358
432 0 144 1 359
454 0 123 1 360
434 0 160 1 361
454 0 154 2 362
436 0 178 5 363
436 0 191 2 364
454 0 185 2 365
431 0 215 5 366
454 0 216 5 367
424 0 231 14 368
454 0 247 5 369
454 0 277 3 370
454 0 307 3 371
453 0 336 3 372
394 0 336 5 373
364 0 336 14 374
334 0 336 15 375
369 0 287 2 376
345 0 299 2 377
334 0 304 15 378
301 0 336 1 379
300 0 314 3 380
270 0 336 2 381
282 0 318 3 382
265 0 321 14 383
238 0 336 2 384
279 0 266 1 385
264 0 270 14 386
235 0 323 15 387
250 0 272 15 388
235 0 274 4 389
207 0 323 2 390
219 0 274 1 391
205 0 274 5 392
201 0 336 3 393
190 0 272 2 394
175 0 270 3 395
174 0 321 2 396
159 0 266 14 397
167 0 336 3 398
142 0 254 5 399
143 0 315 15 400
135 0 336 3 401
119 0 308 15 402
98 0 301 5 403
85 0 294 5 404
72 0 287 15 405
61 0 281 3 406
100 0 336 3 407
41 0 336 14 408
11 0 336 15 409
-14 0 302 4 410
-14 0 272 4 411
-14 0 242 1 412
66 0 186 3 413
13 0 226 15 414
-14 0 210 15 415
-14 0 180 15 416
7 0 204 5 417
4 0 187 4 418
90 0 113 3 419
5 0 170 15 420
-14 0 147 1 421
7 0 150 4 422
15 0 132 2 423
-14 0 115 4 424
28 0 110 3 425
-14 0 84 2 426
-14 0 54 2 427
