428
77 0 207 2 0
138 0 73 3 1
98 0 179 5 2
82 0 219 14 3
177 0 78 2 4
147 0 65 1 5
158 0 105 5 6
202 0 22 15 7
91 0 229 1 8
192 0 64 4 9
145 0 86 4 10
182 0 74 5 11
110 0 221 2 12
153 0 110 4 13
150 0 94 1 14
144 0 114 4 15
147 0 105 3 16
141 0 201 4 17
161 0 185 5 18
178 0 111 2 19
185 0 142 5 20
192 0 149 3 21
190 0 75 14 22
174 0 175 15 23
184 0 83 3 24
171 0 190 3 25
170 0 110 15 26
188 0 178 2 27
187 0 109 4 28
188 0 185 3 29
194 0 201 15 30
204 0 109 15 31
197 0 191 1 32
196 0 132 1 33
204 0 191 2 34
203 0 152 5 35
206 0 182 14 36
207 0 130 3 37
211 0 158 4 38
218 0 128 2 39
224 0 165 3 40
219 0 160 5 41
226 0 110 4 42
228 0 199 4 43
232 0 128 4 44
233 0 189 15 45
238 0 110 14 46
232 0 180 3 47
249 0 109 1 48
255 0 214 2 49
258 0 188 5 50
241 0 72 14 51
256 0 162 3 52
236 0 62 5 53
265 0 171 15 54
252 0 96 15 55
268 0 161 5 56
274 0 135 14 57
261 0 133 4 58
253 0 82 2 59
249 0 80 1 60
291 0 153 2 61
237 0 59 1 62
261 0 113 14 63
295 0 113 14 64
282 0 161 1 65
308 0 111 14 66
332 0 221 4 67
254 0 57 4 68
289 0 145 1 69
275 0 114 2 70
319 0 97 15 71
282 0 114 3 72
330 0 107 4 73
279 0 104 2 74
300 0 92 4 75
288 0 111 2 76
361 0 149 1 77
324 0 135 2 78
95 0 80 14 79
87 0 89 4 80
93 0 89 5 81
99 0 89 14 82
105 0 89 15 83
94 0 102 1 84
108 0 97 1 85
135 0 81 15 86
144 0 82 2 87
180 0 61 1 88
192 0 51 5 89
188 0 59 14 90
186 0 63 3 91
190 0 65 2 92
173 0 98 15 93
195 0 69 4 94
188 0 94 2 95
196 0 109 14 96
201 0 85 2 97
205 0 62 14 98
216 0 109 3 99
226 0 93 2 100
232 0 81 5 101
239 0 94 4 102
237 0 79 14 103
235 0 66 4 104
262 0 97 3 105
243 0 68 5 106
248 0 67 14 107
294 0 105 3 108
248 0 59 3 109
280 0 80 1 110
321 0 107 2 111
286 0 75 4 112
294 0 75 5 113
334 0 98 3 114
339 0 96 3 115
298 0 71 3 116
335 0 85 15 117
344 0 85 1 118
346 0 81 15 119
353 0 90 15 120
341 0 89 5 121
334 0 92 2 122
333 0 99 3 123
324 0 99 1 124
292 0 81 3 125
288 0 83 2 126
352 0 139 1 127
323 0 120 1 128
317 0 129 3 129
371 0 180 3 130
337 0 153 4 131
340 0 164 14 132
342 0 172 1 133
369 0 205 3 134
344 0 183 4 135
344 0 194 14 136
361 0 218 5 137
340 0 203 1 138
337 0 213 4 139
328 0 214 2 140
250 0 134 2 141
324 0 231 4 142
306 0 214 5 143
310 0 235 14 144
308 0 246 1 145
280 0 214 15 146
285 0 235 1 147
262 0 180 2 148
256 0 196 3 149
263 0 236 2 150
232 0 175 4 151
241 0 235 14 152
229 0 214 3 153
213 0 171 4 154
220 0 235 2 155
210 0 201 3 156
204 0 214 14 157
197 0 236 4 158
187 0 192 4 159
176 0 236 15 160
178 0 214 1 161
179 0 202 4 162
191 0 170 15 163
169 0 201 2 164
155 0 214 3 165
158 0 202 15 166
170 0 186 14 167
119 0 233 3 168
150 0 192 3 169
173 0 169 3 170
154 0 177 2 171
155 0 169 14 172
101 0 203 3 173
97 0 190 2 174
98 0 171 2 175
132 0 124 5 176
71 0 194 2 177
117 0 138 4 178
123 0 129 15 179
173 0 72 15 180
119 0 119 3 181
106 0 125 1 182
94 0 135 14 183
175 0 60 3 184
102 0 108 1 185
100 0 103 2 186
83 0 110 4 187
100 0 95 5 188
86 0 96 3 189
77 0 21 3 190
69 0 76 3 191
94 0 60 1 192
170 0 21 15 193
93 0 77 14 194
91 0 84 14 195
98 0 84 15 196
137 0 67 14 197
134 0 71 14 198
133 0 76 2 199
139 0 76 3 200
143 0 77 2 201
183 0 54 3 202
149 0 89 2 203
182 0 64 2 204
194 0 55 5 205
185 0 74 5 206
196 0 64 5 207
198 0 73 1 208
199 0 77 14 209
202 0 94 5 210
214 0 93 15 211
224 0 77 3 212
229 0 73 14 213
233 0 77 5 214
233 0 73 15 215
241 0 76 2 216
239 0 64 5 217
249 0 71 15 218
243 0 62 14 219
236 0 52 14 220
276 0 78 15 221
294 0 87 5 222
294 0 79 3 223
326 0 97 2 224
297 0 75 14 225
335 0 92 4 226
246 0 35 15 227
347 0 89 14 228
352 0 85 3 229
274 0 37 4 230
329 0 53 3 231
373 0 75 15 232
390 0 87 4 233
369 0 21 4 234
404 0 101 14 235
304 0 45 15 236
336 0 82 5 237
343 0 93 4 238
341 0 102 1 239
345 0 105 15 240
334 0 104 14 241
286 0 76 4 242
329 0 113 5 243
342 0 131 1 244
332 0 124 2 245
369 0 163 4 246
309 0 123 4 247
332 0 145 3 248
372 0 192 5 249
416 0 243 14 250
408 0 254 5 251
424 0 339 1 252
399 0 264 1 253
390 0 271 1 254
379 0 280 14 255
358 0 294 15 256
352 0 228 3 257
343 0 237 4 258
319 0 308 1 259
329 0 246 5 260
317 0 239 14 261
318 0 251 1 262
298 0 252 4 263
304 0 258 15 264
289 0 257 4 265
291 0 263 2 266
278 0 257 2 267
254 0 203 4 268
266 0 257 15 269
253 0 257 4 270
243 0 257 2 271
220 0 201 5 272
231 0 257 15 273
220 0 257 5 274
210 0 257 3 275
209 0 179 14 276
198 0 257 1 277
187 0 257 14 278
178 0 257 4 279
169 0 257 2 280
160 0 257 15 281
148 0 262 2 282
154 0 237 2 283
134 0 258 2 284
130 0 243 5 285
123 0 252 5 286
129 0 235 5 287
112 0 246 5 288
130 0 216 1 289
99 0 238 5 290
151 0 185 3 291
110 0 216 4 292
103 0 213 15 293
42 0 264 1 294
72 0 339 2 295
-15 0 333 5 296
24 0 246 1 297
102 0 158 3 298
107 0 148 1 299
131 0 115 2 300
71 0 168 2 301
77 0 156 2 302
85 0 144 14 303
107 0 117 1 304
105 0 113 3 305
92 0 112 14 306
87 0 109 5 307
95 0 99 5 308
89 0 100 4 309
93 0 94 4 310
82 0 93 2 311
82 0 81 4 312
47 0 90 3 313
-15 0 21 5 314
16 0 21 5 315
47 0 21 4 316
108 0 21 2 317
139 0 21 1 318
122 0 50 5 319
149 0 42 2 320
88 0 83 5 321
135 0 63 14 322
179 0 37 15 323
145 0 65 15 324
147 0 69 2 325
148 0 73 5 326
176 0 60 4 327
175 0 69 15 328
178 0 75 4 329
185 0 77 3 330
200 0 65 4 331
201 0 80 15 332
214 0 34 1 333
225 0 65 2 334
230 0 63 4 335
233 0 68 3 336
244 0 72 14 337
239 0 58 1 338
251 0 65 15 339
247 0 53 1 340
293 0 83 3 341
288 0 74 4 342
300 0 75 15 343
300 0 67 3 344
301 0 63 4 345
333 0 76 14 346
244 0 21 15 347
275 0 21 15 348
360 0 66 1 349
307 0 21 14 350
338 0 21 5 351
399 0 21 3 352
430 0 21 3 353
455 0 27 1 354
455 0 58 3 355
455 0 89 15 356
416 0 115 2 357
424 0 128 15 358
432 0 144 5 359
455 0 121 14 360
434 0 160 5 361
455 0 153 15 362
436 0 177 2 363
436 0 191 14 364
455 0 184 15 365
431 0 215 2 366
455 0 215 15 367
424 0 230 3 368
455 0 247 3 369
455 0 278 1 370
455 0 309 1 371
455 0 339 1 372
393 0 339 2 373
362 0 339 3 374
331 0 339 4 375
369 0 288 3 376
344 0 300 1 377
333 0 306 4 378
299 0 339 4 379
298 0 316 3 380
267 0 339 5 381
280 0 320 14 382
263 0 323 2 383
235 0 339 14 384
279 0 266 5 385
264 0 270 3 386
234 0 326 4 387
250 0 272 4 388
235 0 274 1 389
206 0 325 15 390
219 0 274 5 391
205 0 274 2 392
201 0 339 15 393
190 0 272 14 394
175 0 270 15 395
174 0 323 14 396
159 0 266 3 397
168 0 339 15 398
143 0 253 2 399
144 0 317 1 400
136 0 339 1 401
120 0 310 4 402
98 0 302 2 403
85 0 295 2 404
72 0 288 1 405
61 0 281 15 406
103 0 339 1 407
41 0 339 3 408
10 0 339 3 409
-15 0 303 15 410
-15 0 272 15 411
-15 0 241 4 412
69 0 183 14 413
13 0 225 4 414
-15 0 209 3 415
-15 0 179 3 416
7 0 204 2 417
4 0 187 1 418
94 0 109 14 419
5 0 170 4 420
-15 0 146 4 421
7 0 150 1 422
15 0 132 14 423
-15 0 114 15 424
29 0 110 15 425
-15 0 83 5 426
-15 0 52 5 427
