428
76 0 207 14 0
136 0 75 15 1
97 0 180 2 2
82 0 219 3 3
173 0 82 5 4
145 0 67 4 5
156 0 108 2 6
198 0 26 3 7
91 0 229 5 8
189 0 68 14 9
144 0 88 1 10
179 0 77 14 11
110 0 221 14 12
152 0 112 1 13
148 0 96 5 14
143 0 115 1 15
146 0 107 15 16
140 0 202 15 17
159 0 186 1 18
177 0 113 1 19
183 0 144 2 20
191 0 150 15 21
189 0 78 1 22
173 0 176 4 23
183 0 85 2 24
170 0 191 14 25
170 0 110 4 26
188 0 180 14 27
186 0 110 1 28
187 0 186 15 29
194 0 202 4 30
204 0 110 4 31
197 0 192 3 32
196 0 132 5 33
204 0 191 14 34
203 0 152 2 35
206 0 183 3 36
207 0 131 15 37
211 0 158 1 38
218 0 130 2 39
224 0 166 15 40
220 0 161 15 41
226 0 111 1 42
228 0 199 1 43
232 0 129 4 44
233 0 190 4 45
238 0 110 3 46
233 0 182 15 47
249 0 110 5 48
255 0 214 14 49
259 0 189 2 50
242 0 74 14 51
257 0 164 15 52
238 0 65 1 53
265 0 173 1 54
254 0 98 5 55
268 0 162 2 56
275 0 136 4 57
262 0 134 1 58
255 0 84 15 59
251 0 83 14 60
292 0 155 14 61
240 0 62 3 62
263 0 116 3 63
296 0 114 3 64
283 0 163 5 65
308 0 112 3 66
332 0 221 1 67
257 0 59 2 68
291 0 148 14 69
278 0 118 3 70
320 0 98 5 71
285 0 117 5 72
331 0 108 1 73
282 0 107 5 74
303 0 94 15 75
291 0 113 2 76
362 0 150 5 77
326 0 136 15 78
93 0 81 3 79
85 0 89 15 80
92 0 90 2 81
98 0 89 3 82
104 0 90 4 83
94 0 102 5 84
107 0 98 5 85
134 0 82 4 86
143 0 83 14 87
178 0 62 5 88
190 0 53 1 89
187 0 61 15 90
184 0 64 14 91
189 0 66 14 92
173 0 98 4 93
195 0 71 1 94
188 0 95 14 95
196 0 109 3 96
201 0 86 14 97
205 0 63 3 98
216 0 109 15 99
226 0 94 14 100
232 0 82 2 101
239 0 95 1 102
238 0 80 3 103
236 0 67 1 104
262 0 98 15 105
244 0 69 3 106
249 0 68 3 107
294 0 105 15 108
250 0 61 5 109
281 0 81 5 110
321 0 107 14 111
287 0 76 1 112
295 0 76 3 113
335 0 98 1 114
339 0 97 1 115
300 0 73 4 116
336 0 86 4 117
345 0 86 14 118
348 0 82 4 119
354 0 91 4 120
343 0 90 2 121
336 0 94 15 122
335 0 100 1 123
327 0 101 2 124
295 0 84 1 125
291 0 85 2 126
353 0 141 15 127
326 0 122 5 128
319 0 131 15 129
372 0 181 15 130
339 0 155 1 131
342 0 166 3 132
344 0 174 2 133
370 0 206 1 134
346 0 185 3 135
345 0 196 4 136
362 0 219 2 137
341 0 204 2 138
338 0 214 1 139
329 0 215 14 140
253 0 138 14 141
325 0 232 14 142
306 0 215 2 143
310 0 236 2 144
308 0 246 5 145
281 0 215 4 146
285 0 236 4 147
262 0 182 14 148
257 0 198 15 149
263 0 237 14 150
232 0 177 15 151
241 0 236 2 152
229 0 215 15 153
214 0 174 5 154
220 0 236 5 155
210 0 202 15 156
204 0 215 3 157
197 0 237 1 158
187 0 194 1 159
176 0 237 4 160
178 0 215 5 161
179 0 203 1 162
189 0 173 15 163
168 0 202 14 164
155 0 215 15 165
157 0 203 4 166
168 0 188 14 167
118 0 234 15 168
148 0 194 15 169
171 0 172 15 170
151 0 179 14 171
153 0 172 3 172
99 0 204 3 173
96 0 192 4 174
96 0 174 3 175
129 0 128 2 176
70 0 196 5 177
114 0 140 15 178
121 0 131 4 179
169 0 76 14 180
116 0 122 14 181
104 0 127 4 182
92 0 136 3 183
171 0 63 4 184
100 0 110 4 185
98 0 104 14 186
82 0 111 1 187
98 0 97 3 188
85 0 97 15 189
75 0 24 14 190
68 0 76 15 191
92 0 62 2 192
166 0 24 4 193
92 0 77 3 194
91 0 85 5 195
98 0 85 14 196
135 0 68 2 197
132 0 72 3 198
132 0 76 14 199
138 0 76 15 200
143 0 78 14 201
181 0 55 15 202
149 0 89 14 203
181 0 65 5 204
193 0 56 2 205
184 0 74 2 206
195 0 65 15 207
197 0 74 5 208
199 0 77 3 209
202 0 94 2 210
214 0 93 4 211
224 0 77 15 212
229 0 74 3 213
233 0 77 2 214
234 0 74 4 215
242 0 76 14 216
240 0 65 2 217
249 0 72 4 218
245 0 63 4 219
238 0 53 3 220
276 0 79 4 221
295 0 87 3 222
294 0 80 15 223
326 0 97 14 224
299 0 75 3 225
335 0 92 1 226
249 0 37 3 227
348 0 89 3 228
352 0 86 15 229
277 0 39 2 230
331 0 54 1 231
374 0 75 4 232
391 0 87 1 233
370 0 24 2 234
405 0 101 4 235
307 0 47 5 236
339 0 83 2 237
345 0 95 2 238
343 0 103 5 239
347 0 106 4 240
337 0 106 2 241
290 0 79 15 242
331 0 115 3 243
344 0 133 3 244
334 0 126 15 245
370 0 164 2 246
312 0 126 3 247
334 0 148 15 248
373 0 194 2 249
416 0 243 3 250
408 0 254 2 251
424 0 336 5 252
399 0 264 5 253
390 0 271 5 254
379 0 279 3 255
358 0 293 4 256
353 0 229 15 257
344 0 237 1 258
320 0 307 14 259
330 0 247 3 260
318 0 239 3 261
318 0 251 5 262
299 0 252 1 263
304 0 258 4 264
289 0 257 1 265
291 0 263 14 266
278 0 257 14 267
255 0 205 14 268
266 0 257 4 269
253 0 257 1 270
243 0 257 14 271
221 0 203 2 272
231 0 257 4 273
220 0 257 2 274
210 0 257 15 275
209 0 181 3 276
198 0 257 5 277
187 0 257 3 278
178 0 257 1 279
169 0 257 14 280
160 0 257 4 281
148 0 262 14 282
153 0 237 14 283
134 0 258 14 284
130 0 244 5 285
123 0 252 2 286
129 0 236 1 287
111 0 247 2 288
129 0 217 5 289
99 0 238 2 290
148 0 188 2 291
108 0 217 1 292
101 0 214 4 293
42 0 264 5 294
70 0 336 5 295
-14 0 331 5 296
24 0 246 5 297
99 0 160 14 298
104 0 150 3 299
128 0 118 2 300
70 0 169 15 301
75 0 158 1 302
83 0 146 15 303
105 0 119 4 304
102 0 115 15 305
90 0 114 4 306
85 0 111 1 307
93 0 101 5 308
87 0 101 4 309
91 0 96 1 310
80 0 94 5 311
80 0 82 15 312
47 0 91 15 313
-15 0 23 2 314
16 0 23 2 315
46 0 23 1 316
106 0 23 14 317
136 0 23 5 318
120 0 51 1 319
146 0 43 14 320
88 0 83 2 321
134 0 63 3 322
177 0 38 4 323
144 0 66 4 324
146 0 70 14 325
148 0 74 2 326
175 0 61 4 327
174 0 70 4 328
178 0 75 1 329
185 0 77 15 330
200 0 65 1 331
201 0 80 4 332
214 0 36 5 333
225 0 66 14 334
230 0 63 1 335
233 0 69 1 336
244 0 73 14 337
240 0 59 14 338
251 0 66 4 339
249 0 54 5 340
293 0 83 15 341
289 0 74 1 342
301 0 75 4 343
301 0 68 15 344
303 0 63 1 345
334 0 76 3 346
248 0 23 5 347
278 0 23 4 348
360 0 67 5 349
309 0 23 3 350
340 0 23 3 351
400 0 23 1 352
430 0 23 15 353
455 0 29 15 354
455 0 59 15 355
455 0 89 4 356
417 0 115 14 357
424 0 128 4 358
432 0 144 2 359
455 0 122 3 360
434 0 160 2 361
455 0 153 4 362
436 0 177 14 363
436 0 191 3 364
455 0 184 4 365
431 0 215 14 366
455 0 216 15 367
424 0 230 15 368
455 0 247 15 369
455 0 277 5 370
455 0 308 5 371
454 0 337 4 372
394 0 337 14 373
364 0 337 15 374
333 0 337 1 375
369 0 287 3 376
344 0 299 2 377
333 0 305 1 378
300 0 337 2 379
299 0 315 3 380
269 0 337 2 381
281 0 319 4 382
265 0 322 15 383
237 0 337 3 384
279 0 266 2 385
264 0 270 15 386
235 0 324 2 387
250 0 272 1 388
235 0 274 5 389
206 0 323 3 390
219 0 274 2 391
205 0 274 14 392
201 0 337 4 393
190 0 272 3 394
175 0 270 4 395
174 0 322 3 396
159 0 266 15 397
167 0 337 4 398
143 0 253 14 399
144 0 316 5 400
135 0 337 4 401
119 0 309 1 402
98 0 301 14 403
85 0 294 14 404
72 0 287 1 405
61 0 281 4 406
101 0 337 5 407
41 0 337 15 408
11 0 337 1 409
-14 0 302 5 410
-15 0 272 4 411
-15 0 242 1 412
67 0 185 4 413
13 0 225 1 414
-15 0 210 15 415
-15 0 180 15 416
7 0 204 14 417
4 0 187 5 418
92 0 111 3 419
5 0 170 1 420
-15 0 147 1 421
7 0 150 5 422
15 0 132 3 423
-15 0 115 4 424
29 0 110 4 425
-15 0 83 2 426
-15 0 53 2 427
