428
76 0 207 1 0
137 0 73 2 1
98 0 180 4 2
82 0 219 5 3
175 0 80 15 4
146 0 65 15 5
157 0 106 4 6
200 0 24 5 7
91 0 229 15 8
190 0 65 1 9
145 0 87 3 10
180 0 75 3 11
110 0 221 1 12
153 0 111 3 13
149 0 95 15 14
143 0 114 3 15
146 0 106 2 16
141 0 201 3 17
160 0 185 3 18
177 0 112 1 19
184 0 143 4 20
192 0 149 2 21
190 0 76 5 22
174 0 175 14 23
183 0 84 2 24
170 0 190 1 25
170 0 110 14 26
188 0 179 1 27
187 0 109 3 28
188 0 186 2 29
194 0 201 14 30
204 0 110 14 31
197 0 191 15 32
196 0 132 15 33
204 0 191 1 34
203 0 152 4 35
206 0 182 5 36
207 0 131 2 37
211 0 158 3 38
218 0 129 4 39
224 0 165 2 40
219 0 161 2 41
226 0 110 3 42
228 0 199 3 43
232 0 128 3 44
233 0 190 14 45
238 0 110 5 46
233 0 181 2 47
249 0 109 15 48
255 0 214 1 49
259 0 188 4 50
242 0 73 1 51
256 0 163 2 52
237 0 63 4 53
265 0 172 14 54
253 0 97 15 55
268 0 162 4 56
275 0 135 14 57
261 0 133 3 58
253 0 83 1 59
250 0 82 1 60
291 0 154 1 61
239 0 60 15 62
262 0 114 5 63
295 0 113 5 64
282 0 162 15 65
308 0 112 5 66
332 0 221 3 67
255 0 58 4 68
290 0 146 1 69
276 0 116 1 70
319 0 98 14 71
283 0 115 2 72
330 0 108 3 73
280 0 105 15 74
301 0 93 2 75
289 0 112 1 76
362 0 150 15 77
325 0 135 2 78
94 0 80 5 79
86 0 89 3 80
92 0 90 4 81
98 0 89 5 82
105 0 90 14 83
94 0 102 15 84
108 0 97 15 85
134 0 81 14 86
143 0 82 1 87
179 0 62 15 88
191 0 52 4 89
187 0 60 5 90
185 0 63 1 91
189 0 65 1 92
173 0 98 14 93
195 0 70 3 94
188 0 94 1 95
196 0 109 5 96
201 0 85 1 97
205 0 62 5 98
216 0 109 2 99
226 0 94 1 100
232 0 81 4 101
239 0 94 3 102
238 0 79 5 103
235 0 66 3 104
262 0 97 2 105
244 0 68 4 106
248 0 67 5 107
294 0 105 2 108
249 0 60 2 109
281 0 80 15 110
321 0 107 1 111
287 0 76 3 112
295 0 76 5 113
335 0 98 3 114
339 0 96 2 115
299 0 72 2 116
335 0 85 14 117
344 0 85 15 118
347 0 81 14 119
353 0 90 14 120
342 0 90 4 121
335 0 93 2 122
334 0 99 2 123
325 0 100 1 124
293 0 82 2 125
289 0 84 1 126
353 0 140 15 127
324 0 121 14 128
318 0 130 2 129
371 0 180 2 130
337 0 154 3 131
341 0 165 5 132
343 0 173 4 133
369 0 206 2 134
345 0 184 5 135
344 0 195 5 136
362 0 218 4 137
341 0 203 15 138
337 0 214 3 139
328 0 215 1 140
251 0 136 1 141
324 0 232 15 142
306 0 215 4 143
310 0 235 5 144
308 0 246 15 145
281 0 215 14 146
285 0 235 15 147
262 0 181 1 148
257 0 197 2 149
263 0 236 1 150
232 0 176 3 151
241 0 235 5 152
229 0 215 2 153
214 0 172 3 154
220 0 235 1 155
210 0 201 2 156
204 0 215 5 157
197 0 236 3 158
187 0 193 3 159
176 0 236 14 160
178 0 215 15 161
179 0 202 3 162
190 0 171 5 163
169 0 201 1 164
155 0 215 2 165
157 0 202 14 166
169 0 186 5 167
119 0 233 2 168
149 0 193 2 169
172 0 170 2 170
153 0 178 1 171
154 0 170 5 172
100 0 203 1 173
97 0 191 1 174
97 0 172 1 175
131 0 126 5 176
71 0 195 1 177
116 0 139 3 178
122 0 130 14 179
171 0 74 2 180
118 0 120 2 181
105 0 125 14 182
93 0 135 5 183
173 0 61 14 184
102 0 109 15 185
99 0 104 1 186
83 0 111 3 187
99 0 96 4 188
86 0 96 2 189
76 0 22 2 190
68 0 76 2 191
93 0 61 4 192
168 0 22 14 193
92 0 77 5 194
91 0 84 5 195
98 0 84 14 196
136 0 67 5 197
133 0 71 5 198
133 0 76 1 199
139 0 76 2 200
143 0 78 1 201
182 0 54 2 202
149 0 89 1 203
181 0 65 15 204
193 0 55 4 205
184 0 74 4 206
195 0 65 2 207
198 0 73 15 208
199 0 77 5 209
202 0 94 4 210
214 0 93 14 211
224 0 77 2 212
229 0 73 5 213
233 0 77 4 214
233 0 73 14 215
241 0 76 1 216
239 0 65 3 217
249 0 71 14 218
244 0 63 5 219
237 0 52 5 220
276 0 79 14 221
294 0 87 4 222
294 0 80 2 223
326 0 97 1 224
298 0 75 5 225
335 0 92 3 226
247 0 35 14 227
348 0 89 5 228
352 0 85 2 229
275 0 38 4 230
330 0 53 3 231
373 0 75 14 232
391 0 87 3 233
369 0 22 3 234
404 0 101 5 235
305 0 46 15 236
337 0 82 4 237
344 0 94 3 238
342 0 102 15 239
346 0 105 14 240
336 0 105 4 241
288 0 77 1 242
330 0 114 5 243
343 0 132 15 244
333 0 125 2 245
369 0 163 3 246
310 0 124 4 247
333 0 146 2 248
372 0 193 4 249
416 0 243 5 250
408 0 254 4 251
424 0 338 15 252
399 0 264 15 253
390 0 271 15 254
379 0 279 5 255
358 0 294 14 256
353 0 229 2 257
344 0 237 3 258
320 0 308 1 259
330 0 246 5 260
318 0 239 5 261
318 0 251 15 262
299 0 252 3 263
304 0 258 14 264
289 0 257 3 265
291 0 263 1 266
278 0 257 1 267
255 0 204 1 268
266 0 257 14 269
253 0 257 3 270
243 0 257 1 271
221 0 202 4 272
231 0 257 14 273
220 0 257 4 274
210 0 257 2 275
209 0 180 5 276
198 0 257 15 277
187 0 257 5 278
178 0 257 3 279
169 0 257 1 280
160 0 257 14 281
148 0 262 1 282
154 0 237 1 283
134 0 258 1 284
130 0 244 15 285
123 0 252 4 286
129 0 235 4 287
111 0 246 4 288
130 0 216 15 289
99 0 238 4 290
149 0 186 1 291
109 0 216 3 292
102 0 213 14 293
42 0 264 15 294
71 0 338 1 295
-14 0 332 5 296
24 0 246 15 297
101 0 159 2 298
105 0 149 5 299
130 0 116 15 300
71 0 169 3 301
76 0 157 4 302
84 0 145 2 303
106 0 118 15 304
104 0 114 2 305
91 0 113 15 306
87 0 110 4 307
94 0 100 4 308
88 0 100 3 309
92 0 95 3 310
81 0 94 1 311
81 0 82 3 312
47 0 91 2 313
-15 0 22 4 314
16 0 22 4 315
46 0 22 3 316
107 0 22 1 317
138 0 22 15 318
121 0 51 4 319
148 0 42 1 320
88 0 83 4 321
135 0 63 5 322
178 0 38 14 323
145 0 66 14 324
146 0 70 1 325
148 0 73 4 326
176 0 60 3 327
174 0 70 14 328
178 0 75 3 329
185 0 77 2 330
200 0 65 3 331
201 0 80 14 332
214 0 35 15 333
225 0 66 1 334
230 0 63 3 335
233 0 69 3 336
244 0 72 5 337
239 0 58 15 338
251 0 66 14 339
248 0 54 15 340
293 0 83 2 341
289 0 74 3 342
301 0 75 14 343
300 0 68 2 344
302 0 63 3 345
334 0 76 5 346
246 0 22 15 347
276 0 22 14 348
360 0 67 15 349
308 0 22 5 350
339 0 22 4 351
400 0 22 3 352
430 0 22 2 353
455 0 27 15 354
455 0 58 2 355
455 0 89 14 356
417 0 115 1 357
424 0 128 14 358
432 0 144 4 359
455 0 122 5 360
434 0 160 4 361
455 0 153 14 362
436 0 177 1 363
436 0 191 5 364
455 0 184 14 365
431 0 215 1 366
455 0 215 14 367
424 0 230 2 368
455 0 247 2 369
455 0 278 15 370
455 0 308 15 371
455 0 338 15 372
394 0 338 1 373
363 0 338 2 374
332 0 338 3 375
369 0 288 2 376
344 0 300 15 377
333 0 306 3 378
299 0 338 3 379
299 0 316 2 380
268 0 338 4 381
281 0 320 5 382
264 0 322 1 383
236 0 338 5 384
279 0 266 4 385
264 0 270 2 386
234 0 325 3 387
250 0 272 3 388
235 0 274 15 389
206 0 324 14 390
219 0 274 4 391
205 0 274 1 392
201 0 338 14 393
190 0 272 5 394
175 0 270 14 395
174 0 322 5 396
159 0 266 2 397
168 0 338 14 398
143 0 253 1 399
144 0 317 15 400
136 0 338 15 401
119 0 309 3 402
98 0 302 1 403
85 0 294 1 404
72 0 288 15 405
61 0 281 14 406
102 0 338 15 407
41 0 338 2 408
10 0 338 2 409
-15 0 303 14 410
-15 0 272 14 411
-15 0 242 3 412
68 0 183 5 413
13 0 225 3 414
-15 0 210 2 415
-15 0 180 2 416
7 0 204 1 417
4 0 187 15 418
93 0 110 5 419
5 0 170 3 420
-15 0 146 3 421
7 0 150 15 422
15 0 132 5 423
-15 0 114 14 424
29 0 110 14 425
-15 0 83 4 426
-15 0 52 4 427
