428
77 0 206 15 0
141 0 70 14 1
99 0 178 3 2
82 0 219 4 3
181 0 72 15 4
150 0 62 15 5
161 0 101 14 6
207 0 18 1 7
91 0 229 14 8
196 0 58 14 9
147 0 85 3 10
185 0 69 15 11
110 0 221 15 12
155 0 108 2 13
151 0 93 15 14
145 0 112 15 15
148 0 104 3 16
142 0 200 2 17
162 0 183 2 18
179 0 109 15 19
186 0 141 4 20
194 0 147 2 21
192 0 72 2 22
175 0 174 5 23
185 0 81 1 24
171 0 189 1 25
170 0 109 5 26
189 0 176 1 27
187 0 109 2 28
188 0 183 15 29
194 0 200 5 30
204 0 109 5 31
196 0 190 14 32
196 0 132 14 33
204 0 190 15 34
203 0 152 3 35
206 0 182 4 36
207 0 129 1 37
211 0 157 2 38
218 0 127 15 39
224 0 165 1 40
219 0 159 3 41
226 0 108 2 42
228 0 199 2 43
232 0 128 2 44
233 0 188 5 45
238 0 109 4 46
232 0 179 1 47
249 0 109 14 48
255 0 213 15 49
258 0 186 15 50
240 0 70 4 51
255 0 160 3 52
234 0 59 5 53
264 0 170 4 54
251 0 94 5 55
267 0 160 5 56
274 0 134 4 57
260 0 131 4 58
250 0 78 15 59
246 0 76 1 60
290 0 152 14 61
234 0 55 3 62
259 0 109 1 63
294 0 112 1 64
280 0 159 1 65
307 0 111 4 66
332 0 221 2 67
250 0 54 15 68
287 0 141 2 69
271 0 109 4 70
317 0 96 4 71
278 0 109 5 72
328 0 106 1 73
275 0 99 4 74
297 0 90 1 75
284 0 107 14 76
361 0 149 14 77
322 0 133 15 78
97 0 79 5 79
88 0 88 5 80
94 0 89 3 81
100 0 88 15 82
106 0 89 14 83
94 0 102 14 84
108 0 97 14 85
136 0 80 14 86
145 0 81 15 87
182 0 59 3 88
194 0 49 3 89
190 0 57 4 90
187 0 61 1 91
191 0 63 2 92
173 0 98 5 93
196 0 68 2 94
188 0 94 15 95
196 0 109 4 96
200 0 84 5 97
205 0 60 15 98
216 0 109 1 99
226 0 93 15 100
232 0 80 3 101
239 0 94 2 102
237 0 78 4 103
234 0 64 2 104
262 0 97 1 105
242 0 66 3 106
246 0 65 4 107
294 0 105 1 108
246 0 57 1 109
279 0 79 5 110
321 0 107 15 111
284 0 74 1 112
292 0 74 3 113
334 0 98 1 114
338 0 96 1 115
295 0 70 1 116
333 0 84 2 117
342 0 84 4 118
344 0 80 4 119
351 0 89 5 120
339 0 88 5 121
331 0 91 1 122
330 0 97 1 123
321 0 97 14 124
287 0 78 15 125
283 0 79 14 126
350 0 138 14 127
320 0 117 14 128
313 0 126 4 129
370 0 180 1 130
334 0 151 15 131
338 0 162 3 132
340 0 170 14 133
368 0 204 1 134
342 0 180 2 135
342 0 192 4 136
361 0 217 3 137
339 0 201 5 138
336 0 212 2 139
327 0 213 15 140
246 0 129 1 141
324 0 231 2 142
305 0 213 3 143
310 0 235 4 144
308 0 246 14 145
280 0 213 5 146
285 0 235 14 147
261 0 178 15 148
256 0 194 1 149
263 0 236 15 150
231 0 172 5 151
241 0 235 4 152
229 0 213 1 153
213 0 168 15 154
220 0 235 15 155
210 0 199 14 156
204 0 213 4 157
197 0 236 2 158
187 0 190 4 159
175 0 236 5 160
178 0 213 14 161
180 0 200 2 162
192 0 167 3 163
170 0 199 5 164
156 0 213 2 165
159 0 200 5 166
172 0 183 4 167
119 0 233 1 168
152 0 190 4 169
177 0 166 15 170
157 0 174 2 171
159 0 166 3 172
102 0 201 1 173
99 0 188 15 174
100 0 168 5 175
136 0 119 5 176
72 0 193 15 177
120 0 134 2 178
127 0 125 3 179
179 0 66 5 180
122 0 116 5 181
109 0 122 5 182
96 0 133 5 183
181 0 55 1 184
105 0 106 14 185
102 0 101 1 186
85 0 109 2 187
102 0 94 4 188
88 0 95 1 189
79 0 18 3 190
70 0 75 1 191
96 0 59 15 192
175 0 18 1 193
94 0 76 14 194
92 0 84 4 195
99 0 84 5 196
139 0 66 4 197
135 0 70 4 198
134 0 75 15 199
140 0 75 1 200
144 0 77 15 201
185 0 52 1 202
149 0 89 15 203
183 0 63 15 204
195 0 53 3 205
185 0 73 3 206
196 0 63 3 207
198 0 72 3 208
199 0 76 14 209
202 0 94 3 210
214 0 93 5 211
224 0 76 3 212
229 0 72 1 213
233 0 76 5 214
233 0 72 2 215
241 0 75 15 216
238 0 63 3 217
248 0 70 5 218
242 0 61 4 219
234 0 50 3 220
275 0 78 5 221
294 0 87 3 222
293 0 79 1 223
326 0 97 15 224
296 0 74 4 225
335 0 92 2 226
241 0 32 15 227
347 0 89 4 228
351 0 85 1 229
269 0 35 2 230
327 0 51 1 231
372 0 74 5 232
390 0 87 2 233
367 0 18 4 234
404 0 101 4 235
299 0 42 1 236
333 0 80 2 237
340 0 92 3 238
338 0 100 2 239
342 0 103 14 240
331 0 102 4 241
280 0 72 5 242
325 0 110 1 243
339 0 129 5 244
328 0 121 14 245
367 0 161 2 246
304 0 119 2 247
328 0 142 3 248
370 0 191 5 249
416 0 243 4 250
408 0 254 3 251
424 0 342 1 252
399 0 264 14 253
390 0 271 14 254
379 0 280 4 255
357 0 295 5 256
352 0 227 14 257
343 0 236 2 258
318 0 310 14 259
329 0 246 3 260
317 0 238 4 261
318 0 251 14 262
298 0 252 2 263
304 0 258 5 264
289 0 257 2 265
291 0 263 15 266
278 0 257 15 267
254 0 201 2 268
266 0 257 5 269
253 0 257 2 270
243 0 257 15 271
220 0 199 1 272
231 0 257 5 273
221 0 257 3 274
210 0 257 1 275
209 0 176 5 276
198 0 257 14 277
187 0 257 4 278
178 0 257 2 279
169 0 257 15 280
160 0 257 5 281
148 0 262 15 282
154 0 236 15 283
134 0 258 15 284
130 0 243 3 285
123 0 252 3 286
130 0 234 3 287
112 0 246 3 288
132 0 214 4 289
100 0 237 3 290
154 0 182 15 291
112 0 214 15 292
105 0 211 4 293
42 0 264 14 294
73 0 342 2 295
-16 0 336 3 296
24 0 246 14 297
105 0 154 5 298
110 0 144 2 299
136 0 110 14 300
73 0 166 15 301
79 0 154 15 302
87 0 142 5 303
111 0 114 3 304
108 0 110 15 305
95 0 110 4 306
90 0 107 3 307
98 0 97 4 308
92 0 98 3 309
96 0 93 3 310
84 0 92 1 311
84 0 80 2 312
48 0 90 1 313
-16 0 18 5 314
16 0 18 5 315
47 0 18 4 316
111 0 18 3 317
143 0 18 2 318
124 0 49 3 319
152 0 40 15 320
88 0 83 3 321
137 0 62 5 322
182 0 35 15 323
146 0 65 14 324
147 0 69 15 325
148 0 73 3 326
177 0 59 2 327
175 0 69 5 328
178 0 75 2 329
185 0 77 1 330
200 0 64 3 331
200 0 80 5 332
214 0 32 2 333
225 0 65 15 334
230 0 62 2 335
233 0 68 1 336
244 0 72 4 337
238 0 57 14 338
250 0 65 5 339
246 0 52 14 340
293 0 83 1 341
288 0 74 2 342
300 0 75 5 343
299 0 67 15 344
300 0 62 2 345
333 0 76 4 346
239 0 18 14 347
271 0 18 14 348
359 0 66 5 349
303 0 18 5 350
335 0 18 5 351
399 0 18 3 352
430 0 18 3 353
456 0 24 14 354
456 0 56 14 355
456 0 88 1 356
416 0 115 15 357
424 0 128 5 358
432 0 144 3 359
456 0 120 5 360
434 0 160 3 361
456 0 152 4 362
436 0 177 15 363
436 0 191 4 364
456 0 183 4 365
431 0 215 15 366
456 0 215 5 367
424 0 230 1 368
456 0 247 1 369
456 0 278 14 370
456 0 310 14 371
456 0 342 1 372
393 0 342 2 373
361 0 342 3 374
329 0 342 3 375
369 0 288 1 376
343 0 301 14 377
332 0 307 2 378
297 0 342 4 379
297 0 318 1 380
265 0 342 5 381
279 0 322 3 382
262 0 325 1 383
233 0 342 5 384
279 0 266 3 385
264 0 270 1 386
233 0 328 5 387
250 0 272 2 388
235 0 274 14 389
205 0 327 4 390
219 0 274 3 391
205 0 274 15 392
201 0 342 15 393
190 0 272 4 394
175 0 270 5 395
174 0 325 5 396
159 0 266 1 397
169 0 342 15 398
143 0 252 15 399
145 0 319 14 400
137 0 342 1 401
120 0 311 2 402
98 0 303 15 403
85 0 295 15 404
72 0 288 14 405
61 0 281 5 406
105 0 342 1 407
41 0 342 3 408
10 0 342 3 409
-16 0 304 3 410
-16 0 272 5 411
-16 0 241 2 412
71 0 180 5 413
13 0 225 2 414
-16 0 209 1 415
-16 0 178 1 416
6 0 205 15 417
4 0 187 14 418
98 0 106 5 419
5 0 170 2 420
-16 0 146 2 421
7 0 150 14 422
15 0 132 4 423
-16 0 114 5 424
30 0 110 5 425
-16 0 82 3 426
-16 0 50 3 427
