428
77 0 206 1 0
141 0 70 15 1
99 0 178 4 2
82 0 219 5 3
181 0 72 1 4
150 0 62 1 5
161 0 101 15 6
207 0 18 2 7
91 0 229 15 8
196 0 58 15 9
147 0 85 4 10
185 0 69 1 11
110 0 221 1 12
155 0 108 3 13
151 0 93 1 14
145 0 112 1 15
148 0 104 4 16
142 0 200 3 17
162 0 183 3 18
179 0 109 1 19
186 0 141 5 20
194 0 147 3 21
192 0 72 3 22
175 0 174 14 23
185 0 81 2 24
171 0 189 2 25
170 0 109 14 26
189 0 176 2 27
187 0 109 3 28
188 0 183 1 29
194 0 200 14 30
204 0 109 14 31
196 0 190 15 32
196 0 132 15 33
204 0 190 1 34
202 0 151 4 35
206 0 182 5 36
207 0 129 2 37
211 0 157 3 38
218 0 127 1 39
224 0 165 2 40
219 0 159 4 41
226 0 108 3 42
228 0 199 3 43
232 0 128 3 44
233 0 188 14 45
238 0 109 5 46
232 0 179 2 47
249 0 109 15 48
255 0 213 1 49
258 0 186 1 50
240 0 70 5 51
255 0 160 4 52
234 0 59 14 53
264 0 170 5 54
251 0 94 14 55
267 0 160 14 56
274 0 134 5 57
260 0 131 5 58
250 0 78 1 59
246 0 76 2 60
290 0 152 15 61
234 0 55 4 62
259 0 109 2 63
294 0 112 2 64
280 0 159 2 65
307 0 111 5 66
332 0 221 3 67
250 0 54 1 68
287 0 141 3 69
271 0 109 5 70
317 0 96 5 71
278 0 109 14 72
328 0 106 2 73
275 0 99 5 74
297 0 90 2 75
284 0 107 15 76
361 0 149 15 77
322 0 133 1 78
97 0 79 14 79
88 0 88 14 80
94 0 89 4 81
100 0 88 1 82
106 0 89 15 83
94 0 102 15 84
108 0 97 15 85
136 0 80 15 86
145 0 81 1 87
182 0 59 4 88
194 0 49 4 89
190 0 57 5 90
187 0 61 2 91
191 0 63 3 92
173 0 98 14 93
196 0 68 3 94
188 0 94 1 95
196 0 108 5 96
200 0 84 14 97
205 0 60 1 98
215 0 108 2 99
226 0 93 1 100
232 0 80 4 101
239 0 94 3 102
237 0 78 5 103
234 0 64 3 104
262 0 97 2 105
242 0 66 4 106
246 0 65 5 107
294 0 105 2 108
246 0 57 2 109
279 0 79 14 110
321 0 107 1 111
284 0 74 2 112
292 0 74 4 113
334 0 98 2 114
338 0 96 2 115
295 0 70 2 116
333 0 84 3 117
342 0 84 5 118
344 0 80 5 119
351 0 89 14 120
339 0 88 14 121
331 0 91 2 122
330 0 97 2 123
321 0 97 15 124
287 0 78 1 125
283 0 79 15 126
350 0 138 15 127
320 0 117 15 128
313 0 126 5 129
370 0 180 2 130
334 0 151 1 131
338 0 162 4 132
340 0 170 15 133
368 0 204 2 134
342 0 180 3 135
342 0 192 5 136
361 0 217 4 137
339 0 201 14 138
336 0 212 3 139
327 0 213 1 140
246 0 129 2 141
324 0 231 3 142
305 0 213 4 143
310 0 235 5 144
308 0 246 15 145
280 0 213 14 146
285 0 235 15 147
261 0 178 1 148
256 0 194 2 149
263 0 236 1 150
231 0 172 14 151
241 0 235 5 152
229 0 213 2 153
213 0 168 1 154
220 0 235 1 155
209 0 199 15 156
204 0 213 5 157
197 0 236 3 158
187 0 190 5 159
175 0 236 14 160
178 0 213 15 161
180 0 200 3 162
192 0 167 4 163
170 0 199 14 164
156 0 213 3 165
159 0 200 14 166
172 0 183 5 167
119 0 233 2 168
152 0 190 5 169
177 0 166 1 170
157 0 174 3 171
159 0 166 4 172
102 0 201 2 173
99 0 188 1 174
100 0 168 14 175
136 0 119 14 176
72 0 193 1 177
120 0 134 3 178
127 0 125 4 179
179 0 66 14 180
122 0 116 14 181
109 0 122 14 182
96 0 133 14 183
181 0 55 2 184
105 0 106 15 185
102 0 101 2 186
85 0 109 3 187
102 0 94 5 188
88 0 95 2 189
79 0 18 4 190
70 0 75 2 191
96 0 59 1 192
175 0 18 2 193
94 0 76 15 194
92 0 84 5 195
99 0 84 14 196
139 0 66 5 197
135 0 70 5 198
134 0 75 1 199
140 0 75 2 200
144 0 77 1 201
185 0 52 2 202
149 0 89 1 203
183 0 63 1 204
195 0 53 4 205
185 0 73 4 206
196 0 63 4 207
198 0 72 4 208
199 0 76 15 209
201 0 94 4 210
214 0 93 14 211
224 0 76 4 212
229 0 72 2 213
233 0 76 14 214
233 0 72 3 215
241 0 75 1 216
238 0 63 4 217
248 0 70 14 218
242 0 61 5 219
234 0 50 4 220
275 0 78 14 221
294 0 87 4 222
293 0 79 2 223
326 0 96 1 224
296 0 74 5 225
335 0 92 3 226
241 0 32 1 227
347 0 89 5 228
351 0 85 2 229
269 0 35 3 230
327 0 51 2 231
372 0 74 14 232
390 0 87 3 233
367 0 18 5 234
404 0 101 5 235
299 0 42 2 236
333 0 80 3 237
340 0 92 4 238
338 0 100 3 239
342 0 103 15 240
331 0 102 5 241
280 0 72 14 242
325 0 110 2 243
339 0 129 14 244
328 0 121 15 245
367 0 161 3 246
304 0 119 3 247
328 0 142 4 248
370 0 191 14 249
416 0 244 5 250
408 0 255 4 251
424 0 342 2 252
399 0 265 15 253
390 0 271 15 254
379 0 280 5 255
357 0 295 14 256
352 0 227 15 257
343 0 236 3 258
318 0 310 15 259
329 0 246 4 260
317 0 238 5 261
318 0 251 15 262
298 0 252 3 263
304 0 258 14 264
289 0 257 3 265
291 0 264 1 266
278 0 257 1 267
254 0 201 3 268
267 0 257 14 269
253 0 257 3 270
243 0 257 1 271
220 0 199 2 272
232 0 257 14 273
221 0 257 4 274
209 0 257 2 275
209 0 176 14 276
198 0 257 15 277
187 0 257 5 278
178 0 257 3 279
169 0 257 1 280
160 0 257 14 281
147 0 262 1 282
154 0 236 1 283
134 0 258 1 284
130 0 243 4 285
123 0 252 4 286
130 0 234 4 287
112 0 246 4 288
132 0 214 5 289
100 0 237 4 290
154 0 182 1 291
112 0 214 1 292
105 0 211 5 293
42 0 265 15 294
73 0 342 3 295
-16 0 336 4 296
24 0 246 15 297
105 0 154 14 298
110 0 144 3 299
136 0 110 15 300
73 0 166 1 301
79 0 154 1 302
87 0 142 14 303
111 0 114 4 304
108 0 110 1 305
95 0 110 5 306
90 0 107 4 307
98 0 97 5 308
92 0 98 4 309
96 0 93 4 310
84 0 92 2 311
84 0 80 3 312
48 0 90 2 313
-16 0 18 14 314
15 0 18 14 315
47 0 18 5 316
111 0 18 4 317
143 0 18 3 318
124 0 49 4 319
152 0 40 1 320
88 0 83 4 321
137 0 62 14 322
182 0 35 1 323
146 0 65 15 324
147 0 69 1 325
148 0 73 4 326
177 0 59 3 327
175 0 69 14 328
178 0 75 3 329
185 0 77 2 330
200 0 64 4 331
200 0 80 14 332
214 0 32 3 333
225 0 65 1 334
230 0 62 3 335
233 0 68 2 336
244 0 72 5 337
238 0 57 15 338
250 0 65 14 339
246 0 52 15 340
293 0 83 2 341
288 0 74 3 342
300 0 75 14 343
299 0 67 1 344
300 0 62 3 345
333 0 76 5 346
239 0 18 15 347
271 0 18 15 348
359 0 66 14 349
303 0 18 14 350
335 0 18 14 351
399 0 18 4 352
430 0 18 4 353
456 0 24 15 354
456 0 56 15 355
456 0 88 2 356
416 0 115 1 357
424 0 128 14 358
432 0 143 4 359
456 0 120 14 360
435 0 160 4 361
456 0 152 5 362
437 0 177 1 363
437 0 191 5 364
456 0 183 5 365
431 0 215 1 366
456 0 215 14 367
424 0 230 2 368
456 0 247 2 369
456 0 278 15 370
456 0 310 15 371
456 0 342 2 372
393 0 342 3 373
361 0 342 4 374
329 0 342 4 375
369 0 288 2 376
343 0 301 15 377
332 0 307 3 378
297 0 342 5 379
297 0 318 2 380
265 0 342 14 381
279 0 322 4 382
262 0 325 2 383
233 0 342 14 384
279 0 266 4 385
264 0 270 2 386
233 0 328 14 387
251 0 272 3 388
235 0 274 15 389
205 0 327 5 390
219 0 274 4 391
204 0 274 1 392
201 0 342 1 393
190 0 272 5 394
175 0 270 14 395
174 0 325 14 396
159 0 266 2 397
169 0 342 1 398
143 0 252 1 399
145 0 319 15 400
137 0 342 2 401
120 0 311 3 402
98 0 303 1 403
85 0 295 1 404
72 0 288 15 405
61 0 281 14 406
105 0 342 2 407
41 0 342 4 408
10 0 342 4 409
-16 0 304 4 410
-16 0 273 14 411
-16 0 241 3 412
71 0 180 14 413
13 0 225 3 414
-16 0 209 2 415
-16 0 178 2 416
6 0 205 1 417
3 0 187 15 418
98 0 106 14 419
4 0 169 3 420
-16 0 146 3 421
7 0 149 15 422
15 0 132 5 423
-16 0 114 14 424
30 0 110 14 425
-16 0 82 4 426
-16 0 50 4 427
