428
1 0 190 14 0
1 0 174 14 1
6 0 207 14 2
2 0 156 14 3
10 0 225 14 4
10 0 139 14 5
23 0 247 5 6
26 0 108 5 7
40 0 266 4 8
42 0 90 4 9
57 0 280 4 10
67 0 76 3 11
68 0 184 15 12
68 0 196 15 13
69 0 288 3 14
69 0 170 15 15
76 0 209 14 16
72 0 160 14 17
78 0 220 14 18
82 0 80 2 19
79 0 91 1 20
77 0 108 1 21
80 0 293 3 22
75 0 150 14 23
86 0 83 1 24
86 0 89 1 25
83 0 95 1 26
82 0 106 15 27
90 0 231 14 28
92 0 86 1 29
87 0 98 15 30
92 0 76 1 31
92 0 88 15 32
85 0 100 15 33
88 0 109 15 34
96 0 61 2 35
93 0 93 15 36
84 0 140 14 37
96 0 79 1 38
92 0 96 15 39
87 0 103 15 40
93 0 301 2 41
97 0 84 15 42
98 0 180 4 43
97 0 191 4 44
98 0 88 15 45
93 0 173 4 46
94 0 237 5 47
100 0 94 14 48
98 0 101 14 49
101 0 204 4 50
100 0 106 14 51
97 0 160 4 52
103 0 213 4 53
105 0 90 14 54
106 0 98 14 55
98 0 108 14 56
96 0 130 5 57
99 0 152 4 58
108 0 222 4 59
99 0 111 5 60
110 0 216 3 61
104 0 245 5 62
116 0 234 3 63
110 0 141 3 64
113 0 308 1 65
112 0 114 4 66
119 0 253 4 67
124 0 51 1 68
112 0 134 3 69
126 0 235 2 70
124 0 242 3 71
132 0 216 1 72
131 0 75 5 73
130 0 259 4 74
132 0 71 14 75
135 0 81 5 76
133 0 108 3 77
134 0 117 2 78
136 0 64 14 79
137 0 67 14 80
137 0 76 5 81
137 0 70 5 82
141 0 203 15 83
138 0 252 2 84
141 0 78 4 85
143 0 82 4 86
140 0 109 2 87
133 0 312 15 88
147 0 66 5 89
148 0 71 5 90
142 0 84 4 91
136 0 260 3 92
146 0 74 4 93
145 0 103 2 94
146 0 89 3 95
151 0 64 5 96
151 0 94 3 97
153 0 43 15 98
144 0 194 14 99
147 0 186 14 100
153 0 238 15 101
150 0 106 2 102
155 0 215 14 103
151 0 178 5 104
151 0 171 5 105
159 0 203 5 106
152 0 265 2 107
158 0 258 2 108
161 0 101 1 109
160 0 186 5 110
167 0 258 1 111
169 0 108 15 112
168 0 202 4 113
168 0 192 4 114
171 0 186 4 115
172 0 97 1 116
165 0 321 15 117
175 0 71 3 118
173 0 177 3 119
172 0 237 14 120
172 0 271 2 121
176 0 61 4 122
178 0 170 3 123
176 0 76 3 124
174 0 215 4 125
175 0 257 1 126
178 0 68 4 127
178 0 108 15 128
181 0 202 3 129
180 0 57 5 130
180 0 73 3 131
181 0 39 14 132
181 0 61 4 133
181 0 65 4 134
185 0 55 5 135
183 0 70 3 136
184 0 75 3 137
184 0 79 2 138
184 0 83 2 139
168 0 150 5 140
186 0 63 4 141
185 0 108 15 142
187 0 193 2 143
184 0 257 15 144
185 0 94 1 145
188 0 186 2 146
190 0 179 2 147
190 0 60 4 148
186 0 273 1 149
191 0 66 3 150
191 0 74 3 151
192 0 170 1 152
192 0 51 5 153
194 0 152 2 154
195 0 202 2 155
196 0 55 4 156
177 0 141 4 157
196 0 60 4 158
194 0 64 3 159
196 0 70 3 160
194 0 108 14 161
196 0 193 1 162
193 0 236 5 163
198 0 74 2 164
192 0 255 15 165
199 0 79 2 166
201 0 67 3 167
201 0 82 2 168
199 0 86 1 169
199 0 95 15 170
202 0 157 1 171
204 0 62 3 172
200 0 107 14 173
205 0 193 1 174
207 0 214 2 175
198 0 273 1 176
191 0 322 14 177
206 0 185 15 178
211 0 136 3 179
210 0 179 15 180
210 0 200 1 181
203 0 256 14 182
211 0 161 1 183
212 0 171 15 184
213 0 36 14 185
214 0 94 15 186
215 0 107 14 187
220 0 135 3 188
219 0 164 15 189
226 0 272 1 190
220 0 201 1 191
225 0 236 4 192
226 0 257 14 193
224 0 168 15 194
223 0 77 2 195
223 0 67 3 196
225 0 94 15 197
232 0 118 5 198
229 0 201 1 199
228 0 74 2 200
231 0 214 2 201
229 0 64 3 202
232 0 177 15 203
233 0 82 1 204
233 0 135 3 205
232 0 181 15 206
238 0 256 14 207
230 0 69 3 208
233 0 75 2 209
236 0 77 2 210
233 0 190 15 211
247 0 321 14 212
234 0 53 4 213
233 0 58 4 214
231 0 60 4 215
233 0 67 3 216
242 0 272 1 217
239 0 80 2 218
238 0 59 4 219
237 0 66 3 220
244 0 119 5 221
242 0 95 15 222
243 0 72 3 223
240 0 36 14 224
242 0 77 2 225
245 0 236 5 226
245 0 63 4 227
243 0 68 3 228
249 0 256 15 229
247 0 73 3 230
247 0 55 4 231
246 0 59 4 232
247 0 67 3 233
249 0 78 2 234
252 0 138 4 235
250 0 72 3 236
255 0 119 14 237
251 0 57 4 238
253 0 66 3 239
252 0 80 2 240
266 0 92 1 241
257 0 270 1 242
257 0 257 15 243
255 0 204 3 244
255 0 164 2 245
257 0 215 4 246
256 0 196 2 247
257 0 188 2 248
270 0 121 14 249
266 0 141 5 250
263 0 182 3 251
272 0 97 1 252
271 0 321 15 253
267 0 236 14 254
265 0 175 3 255
272 0 268 2 256
269 0 166 4 257
270 0 258 1 258
269 0 39 14 259
280 0 119 15 260
280 0 142 14 261
282 0 78 3 262
284 0 99 2 263
293 0 120 1 264
285 0 256 2 265
289 0 79 4 266
281 0 267 2 267
289 0 316 15 268
280 0 74 4 269
282 0 165 5 270
282 0 215 14 271
295 0 78 4 272
292 0 74 4 273
298 0 104 2 274
288 0 236 15 275
295 0 79 4 276
292 0 148 15 277
297 0 74 5 278
294 0 257 2 279
293 0 159 14 280
293 0 266 3 281
298 0 75 5 282
301 0 80 4 283
302 0 83 4 284
306 0 86 4 285
301 0 105 3 286
311 0 122 2 287
299 0 71 5 288
303 0 74 5 289
305 0 90 4 290
305 0 313 15 291
299 0 254 2 292
304 0 45 1 293
301 0 69 5 294
301 0 64 14 295
309 0 75 5 296
317 0 128 3 297
308 0 259 3 298
306 0 215 1 299
319 0 109 4 300
310 0 247 3 301
313 0 236 2 302
325 0 135 3 303
323 0 96 5 304
321 0 238 3 305
327 0 249 4 306
323 0 307 1 307
335 0 126 4 308
333 0 95 14 309
333 0 105 5 310
331 0 141 3 311
325 0 233 3 312
336 0 109 5 313
336 0 95 14 314
330 0 53 1 315
327 0 215 3 316
339 0 105 14 317
343 0 131 5 318
336 0 150 4 319
329 0 249 4 320
343 0 95 15 321
337 0 91 14 322
343 0 100 14 323
334 0 222 4 324
336 0 305 2 325
336 0 77 15 326
335 0 82 15 327
336 0 85 15 328
340 0 98 14 329
340 0 157 4 330
340 0 93 14 331
337 0 214 4 332
349 0 95 15 333
346 0 100 14 334
339 0 166 4 335
342 0 89 15 336
351 0 137 5 337
341 0 204 4 338
347 0 92 15 339
342 0 174 4 340
351 0 83 1 341
350 0 103 15 342
342 0 183 4 343
342 0 195 4 344
345 0 237 5 345
347 0 298 2 346
349 0 80 1 347
357 0 88 1 348
361 0 146 14 349
359 0 84 1 350
359 0 88 1 351
354 0 229 14 352
361 0 291 3 353
359 0 69 2 354
367 0 155 14 355
365 0 218 15 356
370 0 166 15 357
368 0 207 15 358
373 0 284 3 359
370 0 182 15 360
371 0 194 15 361
375 0 75 3 362
380 0 281 3 363
396 0 88 4 364
391 0 272 4 365
400 0 263 4 366
408 0 101 5 367
408 0 257 5 368
422 0 124 14 369
418 0 245 5 370
429 0 136 14 371
424 0 232 14 372
430 0 217 14 373
435 0 149 14 374
437 0 164 14 375
440 0 180 15 376
439 0 194 14 377
-15 0 24 14 378
14 0 24 3 379
44 0 24 1 380
75 0 24 14 381
108 0 23 4 382
140 0 24 2 383
174 0 23 1 384
207 0 23 15 385
241 0 24 15 386
271 0 23 1 387
311 0 24 3 388
338 0 23 4 389
371 0 23 14 390
402 0 23 2 391
432 0 23 4 392
456 0 29 14 393
457 0 59 4 394
457 0 88 3 395
459 0 128 2 396
460 0 158 2 397
459 0 187 2 398
459 0 216 2 399
455 0 247 2 400
455 0 277 3 401
455 0 307 4 402
454 0 335 14 403
425 0 337 3 404
396 0 336 1 405
366 0 337 14 406
336 0 332 4 407
304 0 337 2 408
274 0 337 1 409
244 0 336 15 410
190 0 336 15 411
155 0 334 1 412
125 0 333 3 413
97 0 336 4 414
67 0 336 14 415
38 0 336 2 416
9 0 337 4 417
-14 0 330 5 418
-15 0 302 4 419
-20 0 267 3 420
-19 0 239 2 421
-19 0 210 2 422
-19 0 181 1 423
-19 0 151 2 424
-20 0 124 2 425
-16 0 84 3 426
-17 0 53 4 427
