428
3 0 187 3 0
4 0 170 3 1
6 0 205 3 2
6 0 151 3 3
13 0 225 3 4
14 0 133 3 5
24 0 246 2 6
29 0 109 2 7
42 0 265 1 8
47 0 90 1 9
60 0 281 15 10
70 0 75 15 11
71 0 181 3 12
72 0 193 3 13
72 0 288 15 14
72 0 167 3 15
77 0 206 3 16
78 0 155 3 17
81 0 219 3 18
84 0 80 5 19
83 0 91 5 20
84 0 108 4 21
84 0 295 14 22
85 0 143 3 23
88 0 83 5 24
88 0 88 5 25
87 0 95 4 26
88 0 106 4 27
91 0 229 2 28
92 0 84 5 29
91 0 98 4 30
94 0 76 5 31
94 0 88 4 32
92 0 101 4 33
94 0 109 3 34
96 0 59 14 35
96 0 93 4 36
94 0 134 2 37
97 0 79 5 38
97 0 96 3 39
96 0 105 3 40
97 0 303 14 41
99 0 84 4 42
99 0 178 1 43
99 0 188 1 44
100 0 88 4 45
99 0 169 1 46
99 0 237 2 47
102 0 94 3 48
101 0 101 3 49
102 0 201 1 50
104 0 106 2 51
103 0 155 15 52
105 0 211 15 53
106 0 89 3 54
108 0 97 3 55
106 0 109 2 56
106 0 123 1 57
108 0 145 15 58
110 0 221 15 59
109 0 113 2 60
112 0 214 15 61
110 0 245 1 62
119 0 233 15 63
118 0 135 15 64
119 0 311 5 65
120 0 115 15 66
122 0 252 1 67
124 0 49 5 68
124 0 127 15 69
129 0 234 14 70
129 0 242 15 71
132 0 214 5 72
134 0 75 2 73
133 0 258 15 74
135 0 70 2 75
136 0 80 2 76
136 0 109 15 77
136 0 118 14 78
137 0 62 3 79
139 0 66 3 80
140 0 75 2 81
140 0 70 2 82
142 0 200 4 83
142 0 252 14 84
144 0 77 1 85
145 0 81 1 86
144 0 111 14 87
143 0 318 4 88
147 0 65 2 89
148 0 69 2 90
146 0 84 1 91
145 0 261 15 92
148 0 73 1 93
148 0 103 14 94
149 0 89 15 95
151 0 62 2 96
151 0 93 15 97
153 0 40 4 98
150 0 190 3 99
153 0 183 2 100
154 0 236 4 101
154 0 107 5 102
156 0 213 3 103
156 0 175 2 104
158 0 167 2 105
159 0 200 2 106
158 0 265 14 107
160 0 257 5 108
161 0 101 5 109
162 0 183 1 110
169 0 257 5 111
170 0 108 4 112
170 0 199 1 113
171 0 189 1 114
172 0 183 15 115
173 0 97 5 116
172 0 325 4 117
175 0 69 1 118
175 0 174 15 119
175 0 236 3 120
175 0 270 14 121
177 0 59 1 122
178 0 166 15 123
178 0 75 15 124
178 0 213 1 125
178 0 257 4 126
179 0 66 1 127
179 0 108 4 128
181 0 200 15 129
181 0 55 2 130
181 0 72 15 131
182 0 35 4 132
182 0 59 1 133
183 0 63 1 134
185 0 52 2 135
185 0 69 15 136
185 0 73 15 137
185 0 77 14 138
185 0 81 14 139
182 0 143 1 140
187 0 61 1 141
187 0 108 3 142
187 0 190 14 143
187 0 257 4 144
188 0 94 5 145
188 0 183 14 146
190 0 176 14 147
190 0 57 1 148
189 0 272 5 149
191 0 63 1 150
192 0 72 15 151
192 0 167 14 152
194 0 49 2 153
194 0 148 15 154
195 0 200 14 155
196 0 53 1 156
191 0 134 1 157
196 0 58 1 158
196 0 63 1 159
196 0 68 15 160
196 0 108 3 161
196 0 190 5 162
196 0 236 2 163
198 0 72 15 164
197 0 256 4 165
199 0 76 14 166
201 0 64 15 167
201 0 80 14 168
200 0 84 5 169
201 0 94 4 170
202 0 153 14 171
204 0 60 1 172
203 0 108 3 173
205 0 190 4 174
205 0 213 14 175
203 0 273 5 176
201 0 326 3 177
206 0 182 4 178
208 0 130 1 179
210 0 176 4 180
210 0 199 5 181
208 0 256 3 182
211 0 158 5 183
212 0 168 4 184
214 0 33 3 185
214 0 93 4 186
215 0 108 3 187
218 0 129 1 188
219 0 160 5 189
220 0 273 5 190
220 0 199 4 191
221 0 235 1 192
222 0 257 3 193
224 0 165 4 194
224 0 76 14 195
225 0 65 15 196
225 0 93 4 197
227 0 110 3 198
228 0 199 5 199
228 0 72 14 200
229 0 213 14 201
229 0 62 15 202
231 0 173 4 203
232 0 80 14 204
232 0 129 1 205
232 0 179 4 206
233 0 256 3 207
232 0 68 15 208
233 0 72 14 209
233 0 76 14 210
233 0 188 4 211
236 0 327 3 212
234 0 50 2 213
233 0 55 1 214
233 0 59 1 215
233 0 64 15 216
236 0 273 5 217
237 0 78 14 218
238 0 57 1 219
237 0 63 15 220
239 0 111 3 221
239 0 94 4 222
240 0 70 15 223
240 0 33 3 224
241 0 75 14 225
242 0 235 1 226
242 0 61 1 227
242 0 66 15 228
244 0 256 4 229
244 0 72 15 230
246 0 52 2 231
246 0 57 1 232
246 0 65 15 233
246 0 76 14 234
247 0 131 1 235
248 0 70 15 236
250 0 111 3 237
250 0 54 1 238
250 0 65 15 239
250 0 78 14 240
254 0 93 5 241
252 0 271 5 242
254 0 257 4 243
254 0 201 15 244
255 0 161 15 245
255 0 213 15 246
256 0 194 14 247
257 0 186 14 248
261 0 111 4 249
261 0 133 2 250
261 0 179 15 251
264 0 97 5 252
264 0 324 4 253
264 0 236 3 254
264 0 171 15 255
266 0 269 14 256
267 0 161 1 257
267 0 257 5 258
269 0 36 4 259
273 0 111 4 260
275 0 136 3 261
276 0 78 15 262
277 0 99 5 263
281 0 111 5 264
279 0 256 5 265
281 0 79 15 266
279 0 266 14 267
281 0 321 4 268
280 0 72 1 269
280 0 160 2 270
280 0 213 2 271
286 0 78 1 272
286 0 74 1 273
287 0 106 14 274
285 0 235 4 275
288 0 78 1 276
288 0 142 3 277
290 0 74 1 278
290 0 257 14 279
290 0 153 3 280
291 0 264 15 281
293 0 74 1 282
294 0 79 1 283
295 0 83 1 284
296 0 86 1 285
295 0 105 14 286
298 0 114 14 287
296 0 70 2 288
297 0 74 2 289
299 0 90 1 290
298 0 317 4 291
298 0 252 14 292
300 0 42 4 293
299 0 67 2 294
300 0 62 3 295
302 0 75 2 296
307 0 121 14 297
304 0 258 15 298
305 0 213 5 299
310 0 110 15 300
308 0 246 15 301
310 0 235 14 302
315 0 128 14 303
318 0 96 1 304
318 0 238 15 305
320 0 250 1 306
319 0 310 5 307
323 0 119 1 308
324 0 96 2 309
324 0 106 1 310
324 0 134 15 311
324 0 231 15 312
327 0 109 1 313
328 0 96 2 314
327 0 51 5 315
327 0 213 15 316
330 0 105 2 317
331 0 123 1 318
330 0 144 15 319
329 0 246 1 320
333 0 96 3 321
332 0 91 3 322
334 0 101 2 323
332 0 221 15 324
333 0 307 14 325
333 0 76 4 326
333 0 80 4 327
333 0 84 3 328
335 0 98 3 329
335 0 152 15 330
336 0 92 3 331
336 0 212 1 332
340 0 95 3 333
339 0 100 3 334
338 0 163 15 335
339 0 88 4 336
341 0 130 2 337
339 0 201 1 338
341 0 92 4 339
340 0 171 1 340
344 0 83 4 341
343 0 103 3 342
342 0 180 1 343
342 0 192 1 344
343 0 236 2 345
343 0 301 14 346
345 0 80 5 347
349 0 88 4 348
352 0 140 2 349
353 0 84 5 350
353 0 88 5 351
352 0 227 3 352
358 0 294 14 353
359 0 66 15 354
362 0 150 3 355
361 0 217 3 356
367 0 162 3 357
368 0 204 4 358
369 0 287 15 359
370 0 180 4 360
370 0 191 4 361
372 0 74 15 362
379 0 281 15 363
391 0 87 1 364
390 0 272 1 365
399 0 264 1 366
404 0 101 2 367
408 0 255 2 368
417 0 117 2 369
416 0 244 2 370
425 0 130 3 371
424 0 230 3 372
430 0 215 3 373
432 0 145 3 374
435 0 161 3 375
437 0 178 3 376
437 0 191 3 377
-16 0 19 3 378
15 0 19 1 379
47 0 19 5 380
78 0 19 3 381
111 0 19 1 382
143 0 19 14 383
175 0 19 5 384
207 0 19 5 385
239 0 19 5 386
271 0 19 5 387
304 0 19 15 388
335 0 19 1 389
368 0 19 3 390
399 0 19 14 391
431 0 19 1 392
456 0 25 3 393
457 0 56 1 394
457 0 88 15 395
457 0 122 14 396
457 0 153 5 397
457 0 184 5 398
457 0 215 14 399
456 0 247 14 400
456 0 278 15 401
456 0 310 2 402
456 0 341 3 403
425 0 341 1 404
393 0 341 5 405
362 0 341 3 406
330 0 340 1 407
298 0 341 14 408
267 0 341 5 409
235 0 341 5 410
199 0 341 5 411
166 0 340 5 412
135 0 340 15 413
104 0 341 1 414
72 0 341 3 415
41 0 341 14 416
9 0 341 1 417
-16 0 335 3 418
-16 0 304 1 419
-17 0 271 15 420
-17 0 240 14 421
-17 0 209 5 422
-17 0 178 5 423
-17 0 147 5 424
-17 0 116 14 425
-16 0 82 15 426
-17 0 50 2 427
