428
3 0 188 4 0
4 0 171 4 1
6 0 205 4 2
6 0 151 4 3
12 0 225 4 4
14 0 134 4 5
24 0 246 3 6
29 0 109 3 7
42 0 265 2 8
47 0 90 2 9
60 0 281 1 10
69 0 75 1 11
71 0 181 4 12
71 0 194 4 13
71 0 288 1 14
72 0 167 4 15
77 0 206 4 16
77 0 155 4 17
81 0 219 4 18
84 0 80 14 19
83 0 91 14 20
83 0 108 5 21
84 0 295 15 22
84 0 144 4 23
88 0 83 14 24
88 0 88 14 25
87 0 95 5 26
88 0 106 5 27
91 0 229 3 28
92 0 84 14 29
91 0 98 5 30
94 0 76 14 31
94 0 88 5 32
92 0 101 5 33
93 0 109 4 34
96 0 59 15 35
96 0 93 5 36
93 0 135 3 37
97 0 79 14 38
97 0 96 4 39
95 0 105 4 40
97 0 303 15 41
99 0 84 5 42
99 0 178 2 43
99 0 189 2 44
100 0 88 5 45
98 0 169 2 46
99 0 237 3 47
102 0 94 4 48
101 0 101 4 49
102 0 201 2 50
104 0 106 3 51
103 0 155 2 52
105 0 211 2 53
106 0 89 4 54
108 0 97 4 55
105 0 109 3 56
105 0 124 2 57
107 0 146 1 58
110 0 221 1 59
108 0 113 3 60
112 0 214 1 61
110 0 245 2 62
118 0 233 1 63
117 0 136 1 64
118 0 310 14 65
119 0 115 2 66
122 0 252 2 67
124 0 49 14 68
123 0 127 1 69
129 0 234 15 70
129 0 242 1 71
132 0 214 14 72
133 0 75 3 73
133 0 258 1 74
135 0 70 4 75
136 0 80 3 76
136 0 109 1 77
136 0 118 15 78
137 0 62 4 79
139 0 66 4 80
140 0 75 3 81
140 0 70 3 82
142 0 200 5 83
142 0 252 15 84
144 0 77 2 85
145 0 81 2 86
144 0 111 15 87
142 0 317 5 88
147 0 65 3 89
148 0 69 3 90
146 0 84 2 91
144 0 261 1 92
148 0 73 2 93
147 0 103 15 94
148 0 89 1 95
151 0 62 3 96
151 0 93 1 97
153 0 41 5 98
150 0 191 4 99
152 0 183 3 100
154 0 236 5 101
154 0 107 14 102
156 0 213 4 103
156 0 175 3 104
157 0 167 3 105
159 0 200 3 106
157 0 265 15 107
160 0 257 14 108
161 0 101 14 109
162 0 184 2 110
169 0 257 14 111
170 0 108 5 112
170 0 199 2 113
170 0 190 2 114
172 0 184 1 115
173 0 97 14 116
172 0 324 5 117
175 0 69 2 118
175 0 175 1 119
174 0 236 4 120
175 0 270 15 121
177 0 59 2 122
178 0 167 1 123
178 0 75 1 124
177 0 213 2 125
178 0 257 5 126
179 0 66 2 127
179 0 108 5 128
181 0 200 1 129
181 0 55 3 130
181 0 72 1 131
182 0 36 4 132
182 0 59 2 133
183 0 63 2 134
185 0 52 3 135
185 0 69 1 136
185 0 73 1 137
185 0 77 15 138
185 0 81 15 139
181 0 143 2 140
187 0 61 2 141
187 0 108 4 142
187 0 190 15 143
186 0 257 5 144
188 0 94 14 145
188 0 183 15 146
190 0 176 15 147
190 0 57 2 148
189 0 272 14 149
191 0 63 2 150
192 0 72 1 151
192 0 168 15 152
194 0 49 3 153
194 0 148 1 154
195 0 200 15 155
196 0 53 2 156
190 0 134 2 157
196 0 58 2 158
196 0 63 2 159
196 0 68 1 160
196 0 108 4 161
196 0 190 14 162
196 0 236 3 163
198 0 72 1 164
196 0 256 5 165
199 0 76 15 166
201 0 64 1 167
201 0 80 15 168
200 0 84 14 169
201 0 94 5 170
202 0 153 15 171
204 0 60 2 172
203 0 108 4 173
205 0 190 5 174
205 0 213 15 175
203 0 273 14 176
201 0 326 4 177
206 0 182 5 178
208 0 131 2 179
210 0 176 5 180
210 0 199 14 181
208 0 256 4 182
211 0 158 14 183
212 0 168 5 184
214 0 33 4 185
214 0 93 5 186
215 0 108 4 187
218 0 129 2 188
219 0 160 14 189
221 0 273 14 190
220 0 199 5 191
221 0 235 2 192
222 0 257 4 193
224 0 166 5 194
224 0 76 15 195
225 0 65 1 196
225 0 93 5 197
227 0 111 4 198
228 0 199 14 199
228 0 72 15 200
229 0 213 15 201
229 0 62 1 202
231 0 173 5 203
232 0 80 15 204
232 0 130 2 205
232 0 179 5 206
233 0 256 4 207
232 0 68 1 208
233 0 72 15 209
234 0 76 15 210
233 0 188 5 211
237 0 326 4 212
234 0 50 3 213
233 0 55 2 214
233 0 59 2 215
233 0 64 1 216
237 0 273 14 217
237 0 78 15 218
238 0 57 2 219
237 0 63 1 220
239 0 112 4 221
239 0 94 5 222
240 0 70 1 223
240 0 33 4 224
241 0 75 15 225
242 0 235 2 226
242 0 61 2 227
242 0 66 1 228
244 0 256 5 229
245 0 72 1 230
246 0 52 3 231
246 0 57 2 232
246 0 65 1 233
246 0 76 15 234
247 0 131 2 235
248 0 70 1 236
250 0 112 4 237
250 0 54 2 238
251 0 65 1 239
250 0 78 15 240
255 0 93 14 241
252 0 271 14 242
254 0 257 5 243
254 0 201 1 244
255 0 161 1 245
255 0 213 1 246
256 0 194 15 247
257 0 186 15 248
262 0 112 5 249
261 0 133 3 250
261 0 179 1 251
264 0 97 14 252
264 0 324 5 253
264 0 236 4 254
264 0 171 1 255
266 0 269 15 256
267 0 161 2 257
268 0 257 14 258
269 0 36 5 259
273 0 112 5 260
275 0 136 4 261
277 0 78 1 262
277 0 99 15 263
282 0 112 14 264
280 0 256 14 265
281 0 79 1 266
279 0 266 15 267
282 0 320 5 268
280 0 72 2 269
280 0 160 3 270
280 0 213 3 271
286 0 78 2 272
286 0 74 2 273
288 0 106 15 274
285 0 235 5 275
289 0 78 2 276
288 0 143 4 277
290 0 74 2 278
290 0 257 15 279
290 0 154 4 280
291 0 264 1 281
293 0 74 2 282
295 0 79 2 283
295 0 83 2 284
297 0 86 2 285
296 0 105 15 286
299 0 115 15 287
296 0 70 3 288
298 0 74 3 289
299 0 90 2 290
299 0 317 5 291
298 0 252 15 292
300 0 42 5 293
299 0 67 3 294
300 0 62 4 295
302 0 75 3 296
308 0 121 15 297
305 0 258 1 298
305 0 213 14 299
310 0 110 1 300
308 0 246 1 301
311 0 235 15 302
316 0 128 15 303
318 0 96 3 304
318 0 238 1 305
320 0 250 2 306
319 0 310 14 307
324 0 119 2 308
324 0 96 3 309
324 0 106 2 310
324 0 135 1 311
324 0 231 1 312
328 0 109 2 313
329 0 96 3 314
328 0 51 14 315
327 0 213 1 316
331 0 105 3 317
332 0 123 2 318
330 0 144 1 319
329 0 246 2 320
333 0 96 4 321
333 0 91 4 322
334 0 101 3 323
332 0 221 2 324
333 0 307 15 325
334 0 76 5 326
333 0 80 5 327
334 0 84 4 328
335 0 98 4 329
336 0 153 1 330
336 0 92 4 331
336 0 212 2 332
341 0 95 4 333
340 0 100 4 334
338 0 163 1 335
339 0 88 5 336
342 0 131 3 337
339 0 201 2 338
342 0 92 5 339
340 0 171 2 340
344 0 83 5 341
344 0 103 4 342
342 0 181 2 343
342 0 192 2 344
343 0 236 3 345
344 0 301 15 346
345 0 80 14 347
350 0 88 5 348
353 0 140 3 349
353 0 84 14 350
353 0 88 14 351
352 0 227 4 352
358 0 294 15 353
359 0 66 15 354
362 0 150 4 355
362 0 217 4 356
368 0 162 4 357
368 0 204 5 358
370 0 287 1 359
370 0 180 5 360
370 0 192 5 361
373 0 74 1 362
379 0 281 1 363
391 0 87 2 364
390 0 272 2 365
399 0 264 2 366
405 0 101 3 367
408 0 255 3 368
417 0 117 3 369
416 0 244 3 370
425 0 130 4 371
424 0 230 4 372
430 0 215 4 373
432 0 145 4 374
435 0 161 4 375
437 0 178 4 376
437 0 192 4 377
-16 0 19 4 378
15 0 19 2 379
46 0 19 14 380
78 0 19 4 381
110 0 19 2 382
142 0 19 15 383
175 0 19 14 384
207 0 19 14 385
239 0 19 14 386
271 0 19 14 387
305 0 19 1 388
336 0 19 2 389
368 0 19 4 390
400 0 19 15 391
431 0 19 2 392
456 0 25 4 393
457 0 56 2 394
457 0 88 1 395
457 0 122 15 396
457 0 153 14 397
457 0 184 14 398
457 0 215 15 399
456 0 247 15 400
456 0 278 1 401
456 0 309 2 402
456 0 340 4 403
425 0 341 2 404
393 0 341 14 405
362 0 341 4 406
331 0 339 2 407
299 0 341 15 408
267 0 341 14 409
236 0 341 14 410
198 0 341 14 411
165 0 340 14 412
134 0 340 1 413
103 0 341 2 414
72 0 341 4 415
41 0 341 15 416
9 0 341 2 417
-16 0 335 4 418
-16 0 304 2 419
-17 0 271 1 420
-17 0 240 15 421
-17 0 209 14 422
-17 0 179 14 423
-17 0 147 15 424
-17 0 116 15 425
-16 0 82 1 426
-17 0 50 3 427
