428
3 0 188 14 0
3 0 171 14 1
6 0 206 14 2
5 0 152 14 3
12 0 225 14 4
13 0 135 14 5
24 0 246 5 6
29 0 109 5 7
42 0 265 4 8
46 0 90 4 9
59 0 281 4 10
69 0 75 3 11
70 0 181 15 12
71 0 194 15 13
71 0 288 3 14
72 0 168 14 15
77 0 207 14 16
76 0 156 14 17
81 0 219 14 18
83 0 80 2 19
82 0 91 1 20
82 0 108 15 21
83 0 295 2 22
82 0 145 14 23
88 0 83 1 24
87 0 88 1 25
86 0 95 15 26
87 0 106 15 27
91 0 230 5 28
92 0 84 1 29
90 0 98 15 30
93 0 76 1 31
93 0 88 15 32
90 0 101 15 33
92 0 109 14 34
96 0 60 2 35
95 0 93 15 36
91 0 136 5 37
97 0 79 1 38
96 0 96 15 39
94 0 105 14 40
96 0 302 2 41
98 0 84 15 42
99 0 179 4 43
98 0 189 4 44
99 0 88 15 45
97 0 170 4 46
98 0 237 5 47
101 0 94 14 48
101 0 101 14 49
102 0 202 4 50
103 0 106 5 51
102 0 156 4 52
104 0 212 4 53
106 0 89 14 54
108 0 97 14 55
104 0 109 5 56
103 0 125 4 57
105 0 147 3 58
109 0 221 3 59
106 0 112 5 60
111 0 215 3 61
109 0 245 4 62
118 0 233 3 63
116 0 137 3 64
117 0 310 1 65
118 0 115 4 66
121 0 252 4 67
124 0 50 1 68
121 0 129 3 69
129 0 234 2 70
128 0 242 3 71
132 0 215 1 72
133 0 75 5 73
132 0 258 3 74
134 0 70 14 75
136 0 80 5 76
135 0 109 3 77
135 0 118 2 78
137 0 62 14 79
138 0 66 14 80
139 0 75 5 81
140 0 70 5 82
142 0 201 15 83
141 0 252 2 84
143 0 77 4 85
145 0 81 4 86
143 0 110 2 87
140 0 316 15 88
147 0 65 5 89
148 0 70 5 90
145 0 84 4 91
142 0 261 3 92
147 0 73 4 93
147 0 103 2 94
148 0 89 3 95
151 0 63 5 96
151 0 93 3 97
153 0 41 15 98
149 0 191 14 99
151 0 184 5 100
154 0 236 15 101
153 0 107 1 102
156 0 214 14 103
155 0 176 5 104
156 0 168 5 105
159 0 201 5 106
156 0 265 2 107
160 0 257 1 108
161 0 101 1 109
162 0 184 4 110
169 0 257 1 111
170 0 108 15 112
169 0 200 4 113
170 0 190 4 114
172 0 184 3 115
173 0 97 1 116
170 0 324 15 117
175 0 70 3 118
174 0 175 3 119
174 0 236 14 120
174 0 270 2 121
177 0 60 4 122
178 0 167 3 123
178 0 75 3 124
177 0 213 4 125
177 0 257 15 126
179 0 67 4 127
179 0 108 15 128
181 0 201 3 129
181 0 56 5 130
181 0 72 3 131
182 0 36 14 132
182 0 60 4 133
183 0 63 4 134
185 0 53 5 135
184 0 69 3 136
185 0 74 3 137
185 0 78 2 138
185 0 81 2 139
178 0 145 4 140
187 0 62 4 141
186 0 108 14 142
187 0 191 2 143
186 0 257 15 144
187 0 94 1 145
188 0 184 2 146
190 0 177 2 147
190 0 58 4 148
189 0 272 1 149
191 0 64 4 150
192 0 72 3 151
192 0 168 2 152
194 0 50 5 153
194 0 149 3 154
195 0 201 2 155
196 0 54 4 156
187 0 136 4 157
196 0 59 4 158
195 0 63 3 159
196 0 69 3 160
195 0 108 14 161
196 0 191 1 162
195 0 236 5 163
198 0 73 3 164
195 0 256 15 165
199 0 77 2 166
201 0 65 3 167
201 0 81 2 168
200 0 84 1 169
200 0 94 15 170
202 0 154 2 171
204 0 61 4 172
203 0 108 14 173
205 0 191 15 174
206 0 213 2 175
202 0 273 1 176
199 0 325 14 177
206 0 183 15 178
209 0 132 3 179
210 0 177 15 180
210 0 199 1 181
207 0 256 14 182
211 0 159 1 183
212 0 169 15 184
214 0 34 14 185
214 0 93 15 186
215 0 108 14 187
219 0 130 4 188
219 0 161 15 189
222 0 273 1 190
220 0 200 1 191
222 0 235 4 192
223 0 257 14 193
224 0 166 15 194
224 0 76 2 195
224 0 65 3 196
225 0 93 15 197
228 0 112 5 198
228 0 200 1 199
228 0 73 2 200
230 0 213 2 201
229 0 63 3 202
231 0 174 15 203
232 0 81 2 204
232 0 131 4 205
232 0 180 15 206
234 0 256 14 207
231 0 68 3 208
233 0 73 2 209
234 0 76 2 210
233 0 189 15 211
239 0 325 14 212
234 0 51 5 213
233 0 56 4 214
232 0 59 4 215
233 0 65 3 216
238 0 273 1 217
238 0 79 2 218
238 0 58 4 219
237 0 64 3 220
240 0 113 14 221
240 0 94 15 222
241 0 70 3 223
240 0 33 14 224
241 0 76 2 225
242 0 235 5 226
243 0 61 4 227
242 0 67 3 228
245 0 256 15 229
245 0 72 3 230
246 0 53 5 231
246 0 58 4 232
246 0 66 3 233
247 0 77 2 234
248 0 133 4 235
249 0 70 3 236
251 0 113 14 237
250 0 55 4 238
251 0 65 3 239
250 0 79 2 240
257 0 93 1 241
253 0 271 1 242
255 0 257 15 243
254 0 202 3 244
255 0 162 2 245
256 0 214 3 246
256 0 195 2 247
257 0 187 2 248
264 0 114 14 249
262 0 135 5 250
262 0 180 3 251
266 0 97 1 252
266 0 323 15 253
265 0 236 14 254
264 0 172 3 255
267 0 269 2 256
268 0 162 4 257
268 0 257 1 258
269 0 36 15 259
275 0 113 15 260
276 0 137 14 261
278 0 78 3 262
279 0 99 2 263
284 0 114 1 264
281 0 256 1 265
283 0 79 4 266
280 0 266 2 267
283 0 319 15 268
280 0 73 4 269
281 0 161 5 270
281 0 214 14 271
288 0 78 4 272
287 0 74 4 273
290 0 105 2 274
286 0 235 15 275
290 0 78 4 276
289 0 144 14 277
292 0 74 4 278
291 0 257 2 279
291 0 155 14 280
291 0 265 3 281
294 0 74 5 282
296 0 79 4 283
297 0 83 4 284
299 0 86 4 285
297 0 105 2 286
301 0 116 2 287
296 0 70 5 288
299 0 74 5 289
300 0 90 4 290
300 0 316 15 291
298 0 253 2 292
301 0 43 15 293
300 0 67 5 294
300 0 63 14 295
304 0 75 5 296
310 0 123 2 297
305 0 258 3 298
305 0 214 1 299
312 0 110 3 300
309 0 246 3 301
311 0 235 2 302
318 0 130 3 303
319 0 96 5 304
319 0 238 3 305
322 0 250 4 306
320 0 309 1 307
326 0 121 4 308
326 0 96 5 309
326 0 106 5 310
326 0 136 3 311
324 0 232 3 312
330 0 109 5 313
330 0 96 5 314
328 0 52 1 315
327 0 213 3 316
333 0 105 5 317
335 0 125 4 318
331 0 145 3 319
329 0 247 4 320
335 0 96 14 321
334 0 91 14 322
336 0 101 14 323
333 0 221 4 324
333 0 306 2 325
334 0 76 15 326
333 0 81 15 327
334 0 84 14 328
336 0 98 14 329
337 0 154 4 330
337 0 92 14 331
336 0 213 4 332
342 0 95 14 333
341 0 100 14 334
338 0 164 3 335
340 0 88 15 336
344 0 132 5 337
340 0 202 4 338
343 0 92 15 339
340 0 172 4 340
346 0 83 15 341
345 0 103 14 342
342 0 181 4 343
342 0 193 4 344
344 0 236 5 345
344 0 300 2 346
346 0 80 1 347
351 0 88 1 348
355 0 141 14 349
354 0 84 1 350
354 0 88 1 351
352 0 227 14 352
359 0 294 2 353
359 0 67 2 354
363 0 151 14 355
362 0 217 14 356
368 0 163 14 357
368 0 205 15 358
370 0 286 3 359
370 0 180 15 360
370 0 192 15 361
373 0 74 3 362
379 0 281 3 363
392 0 87 4 364
390 0 272 4 365
399 0 264 4 366
405 0 101 5 367
408 0 256 5 368
418 0 119 5 369
416 0 244 5 370
426 0 131 14 371
424 0 230 14 372
430 0 216 14 373
433 0 146 14 374
436 0 161 14 375
438 0 179 14 376
437 0 192 14 377
-16 0 20 14 378
15 0 20 4 379
46 0 20 1 380
78 0 20 14 381
110 0 20 4 382
142 0 20 2 383
175 0 20 1 384
207 0 20 1 385
239 0 20 1 386
271 0 20 1 387
306 0 20 3 388
336 0 20 4 389
368 0 20 14 390
400 0 20 2 391
431 0 20 4 392
456 0 26 14 393
457 0 57 4 394
457 0 88 3 395
458 0 123 2 396
458 0 154 1 397
458 0 184 1 398
457 0 215 2 399
456 0 247 2 400
456 0 278 3 401
456 0 309 4 402
455 0 339 14 403
425 0 340 4 404
394 0 340 1 405
363 0 340 14 406
332 0 338 4 407
300 0 340 2 408
269 0 340 1 409
238 0 340 1 410
196 0 340 1 411
163 0 339 1 412
132 0 339 3 413
102 0 340 4 414
71 0 340 14 415
40 0 340 2 416
9 0 340 4 417
-16 0 334 14 418
-16 0 303 4 419
-18 0 270 3 420
-18 0 240 2 421
-17 0 209 1 422
-18 0 179 1 423
-18 0 148 2 424
-18 0 118 2 425
-16 0 83 3 426
-17 0 51 5 427
