428
-14 0 215 3 0
-23 0 203 4 1
1 0 226 2 2
-34 0 200 5 3
-16 0 226 4 4
-30 0 191 5 5
13 0 260 2 6
-6 0 101 4 7
25 0 275 1 8
-3 0 94 3 9
24 0 270 1 10
38 0 83 15 11
44 0 214 4 12
39 0 222 5 13
44 0 284 15 14
39 0 204 5 15
66 0 230 3 16
18 0 204 15 17
47 0 229 5 18
63 0 85 5 19
37 0 91 15 20
17 0 108 1 21
40 0 278 15 22
-11 0 208 3 23
71 0 90 4 24
67 0 100 4 25
48 0 99 14 26
20 0 101 1 27
82 0 251 2 28
85 0 101 2 29
51 0 103 5 30
75 0 81 4 31
71 0 86 4 32
17 0 90 2 33
32 0 107 15 34
89 0 81 3 35
70 0 97 4 36
-1 0 194 2 37
82 0 84 3 38
45 0 94 14 39
7 0 88 3 40
54 0 285 14 41
77 0 85 4 42
90 0 204 15 43
79 0 217 1 44
78 0 91 3 45
40 0 212 5 46
48 0 242 5 47
83 0 99 3 48
67 0 106 4 49
92 0 225 15 50
58 0 107 4 51
35 0 206 5 52
83 0 229 1 53
98 0 99 1 54
91 0 106 1 55
23 0 95 1 56
-4 0 189 2 57
18 0 209 15 58
87 0 233 1 59
12 0 93 2 60
94 0 235 15 61
43 0 241 5 62
87 0 243 1 63
34 0 196 5 64
56 0 281 14 65
38 0 102 14 66
86 0 262 2 67
120 0 72 1 68
1 0 200 2 69
96 0 245 1 70
79 0 240 2 71
127 0 232 4 72
106 0 82 2 73
95 0 270 2 74
111 0 81 1 75
120 0 96 15 76
109 0 101 15 77
114 0 110 14 78
126 0 79 15 79
119 0 79 1 80
114 0 86 1 81
107 0 77 2 82
134 0 225 3 83
97 0 255 1 84
120 0 87 15 85
128 0 96 14 86
104 0 93 1 87
44 0 258 14 88
150 0 79 14 89
153 0 88 5 90
103 0 84 2 91
50 0 252 5 92
127 0 86 15 93
116 0 101 15 94
118 0 94 15 95
153 0 83 5 96
151 0 105 4 97
153 0 71 14 98
84 0 223 1 99
94 0 220 15 100
143 0 253 4 101
110 0 93 1 102
145 0 233 3 103
102 0 211 14 104
92 0 209 15 105
153 0 226 2 106
98 0 265 1 107
143 0 273 14 108
156 0 101 4 109
145 0 212 2 110
152 0 271 5 111
159 0 107 3 112
148 0 223 2 113
142 0 218 2 114
156 0 213 1 115
157 0 96 4 116
96 0 292 3 117
170 0 91 4 118
153 0 204 1 119
147 0 244 3 120
148 0 285 14 121
161 0 77 5 122
181 0 198 5 123
161 0 88 4 124
145 0 230 3 125
153 0 264 4 126
170 0 87 4 127
166 0 107 3 128
187 0 221 14 129
166 0 74 5 130
166 0 87 4 131
171 0 68 14 132
171 0 81 5 133
166 0 80 5 134
178 0 76 5 135
163 0 83 5 136
175 0 92 3 137
177 0 97 3 138
172 0 98 3 139
35 0 215 5 140
176 0 83 4 141
167 0 103 3 142
185 0 217 14 143
155 0 257 4 144
164 0 95 4 145
187 0 207 5 146
194 0 203 4 147
190 0 81 4 148
156 0 282 14 149
190 0 87 3 150
177 0 89 4 151
192 0 195 4 152
177 0 70 5 153
188 0 191 4 154
201 0 222 5 155
198 0 74 4 156
41 0 206 5 157
194 0 81 4 158
174 0 78 5 159
191 0 91 3 160
174 0 107 2 161
194 0 214 5 162
158 0 239 2 163
198 0 93 3 164
141 0 243 4 165
195 0 100 2 166
204 0 91 3 167
203 0 101 2 168
189 0 101 2 169
180 0 105 2 170
202 0 196 3 171
199 0 79 4 172
170 0 97 3 173
207 0 214 4 174
227 0 224 5 175
150 0 266 5 176
98 0 282 2 177
206 0 206 4 178
232 0 190 2 179
213 0 201 3 180
213 0 214 4 181
159 0 250 3 182
206 0 194 3 183
211 0 195 2 184
205 0 71 5 185
212 0 102 1 186
210 0 98 2 187
242 0 196 3 188
225 0 201 3 189
277 0 264 4 190
225 0 217 4 191
263 0 243 1 192
269 0 257 3 193
231 0 195 2 194
211 0 90 3 195
206 0 82 4 196
223 0 106 1 197
279 0 194 15 198
236 0 220 5 199
226 0 95 2 200
249 0 224 14 201
224 0 83 3 202
243 0 212 5 203
244 0 102 2 204
248 0 189 3 205
232 0 204 3 206
281 0 254 3 207
212 0 83 3 208
239 0 96 2 209
264 0 92 3 210
234 0 211 4 211
351 0 268 2 212
234 0 75 4 213
232 0 80 4 214
213 0 75 4 215
229 0 88 3 216
296 0 258 4 217
259 0 96 3 218
238 0 79 4 219
237 0 89 3 220
289 0 192 1 221
263 0 106 2 222
265 0 87 4 223
236 0 68 5 224
253 0 97 3 225
275 0 247 2 226
269 0 78 5 227
253 0 85 4 228
293 0 250 4 229
276 0 86 5 230
254 0 77 4 231
246 0 80 4 232
261 0 86 4 233
272 0 95 4 234
297 0 208 2 235
271 0 87 4 236
301 0 197 2 237
262 0 78 5 238
278 0 81 5 239
267 0 99 3 240
378 0 84 5 241
304 0 263 5 242
292 0 259 4 243
270 0 225 15 244
255 0 198 5 245
276 0 235 1 246
257 0 216 14 247
253 0 209 5 248
352 0 208 15 249
309 0 213 3 250
279 0 220 1 251
343 0 99 1 252
338 0 286 2 253
300 0 242 4 254
276 0 211 15 255
333 0 257 15 256
288 0 210 1 257
299 0 265 5 258
269 0 69 14 259
350 0 193 15 260
326 0 205 4 261
332 0 84 1 262
349 0 101 2 263
400 0 202 5 264
342 0 250 1 265
362 0 81 4 266
300 0 280 14 267
365 0 265 3 268
283 0 94 4 269
298 0 207 2 270
303 0 231 3 271
387 0 77 14 272
356 0 75 4 273
399 0 85 15 274
311 0 246 5 275
354 0 87 3 276
335 0 197 5 277
362 0 75 4 278
333 0 262 15 279
315 0 210 4 280
308 0 283 15 281
344 0 84 2 282
361 0 87 3 283
368 0 88 4 284
392 0 82 14 285
352 0 107 2 286
435 0 196 1 287
329 0 83 1 288
355 0 81 3 289
365 0 93 4 290
362 0 277 4 291
310 0 270 14 292
346 0 69 3 293
321 0 84 1 294
313 0 84 15 295
377 0 82 5 296
416 0 197 14 297
337 0 271 1 298
315 0 234 4 299
410 0 99 15 300
328 0 260 15 301
338 0 244 15 302
414 0 204 14 303
368 0 101 3 304
356 0 243 2 305
394 0 234 5 306
359 0 283 4 307
446 0 194 2 308
423 0 82 2 309
426 0 95 2 310
399 0 200 5 311
335 0 249 15 312
422 0 104 1 313
413 0 87 1 314
357 0 73 4 315
333 0 230 14 316
422 0 99 1 317
458 0 202 3 318
396 0 209 4 319
333 0 270 1 320
438 0 83 3 321
387 0 95 5 322
433 0 90 3 323
352 0 234 1 324
367 0 286 5 325
365 0 92 4 326
350 0 100 2 327
365 0 97 3 328
385 0 104 5 329
390 0 207 4 330
375 0 102 4 331
345 0 231 15 332
428 0 88 2 333
404 0 102 15 334
352 0 200 15 335
366 0 104 3 336
437 0 196 1 337
359 0 227 1 338
401 0 96 15 339
357 0 208 1 340
416 0 81 1 341
409 0 105 15 342
347 0 210 15 343
342 0 219 14 344
361 0 251 2 345
376 0 277 5 346
392 0 87 14 347
433 0 82 3 348
444 0 206 2 349
422 0 82 2 350
424 0 88 2 351
369 0 244 3 352
395 0 260 14 353
363 0 90 3 354
415 0 201 14 355
394 0 228 5 356
397 0 203 4 357
371 0 229 2 358
402 0 251 14 359
373 0 207 2 360
378 0 219 3 361
402 0 88 15 362
392 0 283 15 363
441 0 95 3 364
400 0 275 15 365
412 0 252 15 366
437 0 105 3 367
413 0 276 1 368
467 0 189 4 369
433 0 257 2 370
469 0 197 5 371
426 0 247 1 372
425 0 237 1 373
459 0 191 3 374
453 0 194 3 375
462 0 213 4 376
454 0 221 3 377
-8 0 69 5 378
4 0 68 4 379
17 0 69 3 380
43 0 67 1 381
80 0 66 5 382
115 0 68 2 383
162 0 66 14 384
200 0 64 5 385
256 0 68 5 386
278 0 66 14 387
369 0 67 5 388
367 0 63 5 389
401 0 63 1 390
427 0 65 3 391
441 0 65 4 392
456 0 65 14 393
457 0 82 5 394
458 0 95 5 395
480 0 187 14 396
484 0 201 14 397
480 0 217 14 398
474 0 223 5 399
442 0 247 3 400
445 0 265 4 401
443 0 282 4 402
436 0 282 3 403
430 0 294 4 404
419 0 287 2 405
407 0 297 2 406
388 0 258 5 407
354 0 294 4 408
340 0 295 3 409
325 0 292 2 410
105 0 291 3 411
48 0 272 14 412
36 0 268 15 413
38 0 292 1 414
23 0 293 2 415
14 0 287 3 416
4 0 295 4 417
1 0 282 4 418
-5 0 285 4 419
-44 0 228 14 420
-39 0 229 14 421
-34 0 221 5 422
-36 0 210 5 423
-38 0 192 5 424
-43 0 194 14 425
-15 0 102 4 426
-17 0 75 5 427
