428
-11 0 212 3 0
-19 0 198 4 1
1 0 223 2 2
-29 0 193 4 3
-12 0 226 3 4
-24 0 183 4 5
15 0 258 2 6
-1 0 102 3 7
27 0 273 1 8
4 0 93 3 9
29 0 271 1 10
42 0 82 15 11
48 0 210 4 12
44 0 218 5 13
47 0 285 15 14
43 0 199 4 15
68 0 227 2 16
26 0 197 14 17
51 0 227 4 18
66 0 85 5 19
43 0 91 14 20
26 0 108 15 21
46 0 281 15 22
1 0 199 1 23
73 0 89 4 24
70 0 99 4 25
53 0 98 5 26
29 0 102 15 27
83 0 248 2 28
86 0 99 2 29
56 0 102 5 30
77 0 80 4 31
74 0 86 4 32
27 0 92 1 33
40 0 107 14 34
90 0 78 3 35
74 0 96 3 36
11 0 186 15 37
84 0 83 3 38
52 0 94 5 39
19 0 91 2 40
60 0 287 14 41
80 0 85 3 42
91 0 200 15 43
82 0 213 1 44
81 0 90 3 45
48 0 206 4 46
55 0 241 4 47
85 0 98 2 48
71 0 106 3 49
94 0 222 15 50
64 0 107 4 51
44 0 199 4 52
85 0 227 1 53
99 0 97 1 54
94 0 105 1 55
34 0 97 15 56
11 0 180 15 57
30 0 200 14 58
90 0 232 1 59
25 0 96 1 60
96 0 232 15 61
52 0 242 4 62
91 0 241 1 63
45 0 188 4 64
64 0 285 5 65
49 0 104 5 66
91 0 260 2 67
121 0 69 1 68
17 0 190 15 69
100 0 244 15 70
86 0 240 1 71
127 0 230 4 72
109 0 81 1 73
100 0 269 2 74
114 0 79 1 75
122 0 94 15 76
113 0 102 15 77
116 0 111 14 78
127 0 77 15 79
122 0 77 1 80
118 0 85 1 81
111 0 76 2 82
135 0 222 3 83
103 0 254 15 84
123 0 85 15 85
131 0 94 14 86
109 0 95 1 87
57 0 266 5 88
149 0 77 14 89
152 0 86 5 90
109 0 84 1 91
63 0 253 4 92
130 0 84 15 93
120 0 101 14 94
122 0 94 15 95
153 0 80 14 96
151 0 104 4 97
153 0 67 15 98
92 0 218 15 99
102 0 215 14 100
145 0 250 4 101
115 0 95 15 102
147 0 230 2 103
109 0 206 5 104
101 0 203 14 105
154 0 222 1 106
106 0 265 1 107
146 0 271 5 108
156 0 101 4 109
147 0 208 1 110
154 0 269 5 111
161 0 107 3 112
151 0 220 2 113
146 0 214 2 114
158 0 209 15 115
159 0 96 4 116
106 0 297 3 117
170 0 89 4 118
156 0 200 15 119
151 0 243 3 120
152 0 283 14 121
163 0 75 14 122
180 0 193 5 123
164 0 86 4 124
150 0 228 2 125
156 0 263 4 126
171 0 84 4 127
168 0 107 3 128
186 0 218 14 129
168 0 72 14 130
168 0 85 4 131
172 0 63 14 132
172 0 78 5 133
169 0 78 5 134
179 0 73 5 135
166 0 81 5 136
177 0 90 4 137
178 0 94 3 138
174 0 95 3 139
55 0 205 3 140
177 0 80 4 141
170 0 103 3 142
185 0 213 5 143
159 0 257 3 144
167 0 95 4 145
187 0 204 5 146
193 0 199 4 147
190 0 78 4 148
160 0 280 5 149
190 0 84 4 150
179 0 86 4 151
192 0 191 4 152
180 0 67 14 153
189 0 186 4 154
200 0 219 5 155
198 0 71 5 156
61 0 196 3 157
194 0 78 4 158
176 0 76 5 159
192 0 88 3 160
176 0 107 2 161
194 0 211 5 162
163 0 238 2 163
198 0 90 3 164
149 0 245 3 165
196 0 97 2 166
203 0 87 3 167
203 0 98 2 168
191 0 98 2 169
183 0 103 2 170
202 0 190 3 171
200 0 77 4 172
174 0 99 3 173
207 0 211 4 174
224 0 223 5 175
157 0 267 4 176
112 0 288 2 177
206 0 203 3 178
229 0 182 1 179
212 0 197 2 180
212 0 212 4 181
166 0 251 2 182
207 0 189 2 183
211 0 191 2 184
206 0 66 5 185
212 0 101 2 186
210 0 100 2 187
239 0 187 3 188
224 0 195 2 189
270 0 265 3 190
224 0 215 4 191
257 0 242 1 192
263 0 257 2 193
230 0 191 2 194
213 0 88 3 195
209 0 79 4 196
223 0 104 1 197
272 0 183 14 198
235 0 217 5 199
226 0 92 2 200
246 0 223 14 201
224 0 80 4 202
242 0 207 4 203
243 0 100 2 204
246 0 181 3 205
232 0 200 3 206
275 0 254 3 207
215 0 81 3 208
238 0 93 2 209
260 0 90 3 210
234 0 208 4 211
336 0 276 2 212
234 0 72 4 213
232 0 77 4 214
216 0 73 4 215
230 0 85 3 216
288 0 260 4 217
257 0 94 3 218
238 0 77 4 219
237 0 85 3 220
283 0 181 15 221
260 0 105 2 222
262 0 84 4 223
237 0 63 5 224
252 0 94 3 225
271 0 246 2 226
265 0 76 5 227
252 0 83 4 228
286 0 251 3 229
272 0 84 4 230
253 0 74 5 231
246 0 77 4 232
259 0 83 4 233
268 0 93 4 234
291 0 198 1 235
268 0 85 4 236
294 0 185 1 237
261 0 75 5 238
274 0 79 5 239
264 0 96 3 240
362 0 85 4 241
297 0 264 5 242
287 0 259 4 243
268 0 222 15 244
255 0 193 4 245
273 0 232 1 246
257 0 214 14 247
254 0 206 5 248
340 0 195 14 249
303 0 202 2 250
277 0 214 15 251
333 0 99 15 252
328 0 291 2 253
295 0 241 3 254
275 0 206 15 255
324 0 258 15 256
285 0 203 15 257
295 0 264 5 258
269 0 65 14 259
340 0 182 14 260
319 0 196 4 261
325 0 83 1 262
340 0 101 1 263
384 0 190 3 264
334 0 251 15 265
351 0 81 3 266
297 0 278 14 267
354 0 273 3 268
282 0 92 4 269
296 0 201 1 270
300 0 229 3 271
374 0 77 5 272
347 0 75 3 273
384 0 88 5 274
307 0 244 4 275
345 0 86 2 276
329 0 190 4 277
352 0 75 3 278
327 0 261 15 279
312 0 202 3 280
306 0 281 15 281
337 0 82 2 282
352 0 86 3 283
358 0 87 3 284
380 0 83 5 285
345 0 107 1 286
417 0 185 14 287
325 0 81 1 288
347 0 80 3 289
357 0 92 3 290
354 0 282 3 291
309 0 268 14 292
340 0 65 3 293
319 0 82 15 294
311 0 82 15 295
367 0 81 4 296
401 0 187 5 297
332 0 269 1 298
313 0 231 4 299
397 0 101 14 300
325 0 258 15 301
335 0 243 15 302
401 0 193 5 303
361 0 101 3 304
351 0 242 1 305
384 0 236 4 306
354 0 287 4 307
430 0 184 1 308
410 0 84 1 309
412 0 97 1 310
389 0 191 3 311
333 0 247 15 312
409 0 104 15 313
402 0 88 15 314
353 0 70 4 315
332 0 228 14 316
410 0 100 15 317
441 0 191 2 318
388 0 201 3 319
332 0 267 1 320
424 0 85 2 321
379 0 94 5 322
420 0 91 1 323
349 0 232 1 324
363 0 289 5 325
361 0 90 3 326
347 0 97 2 327
361 0 95 3 328
379 0 103 4 329
382 0 199 3 330
370 0 100 4 331
344 0 229 15 332
416 0 89 1 333
395 0 102 14 334
350 0 195 15 335
362 0 102 3 336
425 0 187 15 337
356 0 223 1 338
393 0 95 14 339
354 0 203 15 340
406 0 81 1 341
400 0 105 14 342
346 0 206 14 343
342 0 215 14 344
359 0 249 2 345
371 0 280 5 346
386 0 86 14 347
422 0 83 2 348
432 0 197 1 349
413 0 82 1 350
414 0 88 1 351
367 0 242 3 352
390 0 264 14 353
362 0 87 4 354
408 0 194 5 355
389 0 227 4 356
393 0 197 4 357
370 0 226 2 358
397 0 256 14 359
372 0 203 2 360
377 0 215 3 361
398 0 86 15 362
390 0 283 14 363
434 0 94 3 364
398 0 274 15 365
410 0 253 15 366
432 0 104 2 367
412 0 273 1 368
460 0 180 4 369
430 0 255 2 370
464 0 188 4 371
426 0 245 1 372
426 0 234 1 373
455 0 185 3 374
451 0 190 3 375
459 0 208 4 376
451 0 217 3 377
-9 0 62 5 378
6 0 61 4 379
21 0 62 3 380
48 0 61 1 381
84 0 60 5 382
118 0 61 2 383
164 0 60 15 384
201 0 58 14 385
254 0 61 14 386
277 0 60 15 387
360 0 61 5 388
363 0 57 5 389
397 0 57 1 390
424 0 59 3 391
439 0 59 5 392
456 0 60 14 393
457 0 78 5 394
458 0 94 5 395
477 0 180 5 396
480 0 194 14 397
477 0 212 5 398
471 0 222 5 399
444 0 247 3 400
447 0 267 4 401
445 0 285 4 402
439 0 290 4 403
430 0 300 4 404
415 0 294 2 405
401 0 303 1 406
380 0 269 5 407
347 0 300 4 408
330 0 301 3 409
313 0 299 2 410
118 0 298 2 411
63 0 281 5 412
49 0 278 14 413
47 0 299 1 414
30 0 299 2 415
18 0 294 3 416
5 0 301 4 417
-2 0 289 4 418
-6 0 287 5 419
-40 0 234 14 420
-36 0 230 14 421
-31 0 220 5 422
-34 0 205 5 423
-35 0 186 5 424
-39 0 184 14 425
-15 0 99 4 426
-17 0 72 14 427
