428
-2 0 195 5 0
-4 0 180 5 1
5 0 211 4 2
-5 0 165 5 3
4 0 225 5 4
2 0 150 5 5
21 0 250 4 6
19 0 107 4 7
37 0 268 3 8
33 0 91 3 9
50 0 278 2 10
61 0 77 2 11
63 0 190 5 12
62 0 202 5 13
64 0 287 2 14
63 0 177 5 15
74 0 213 5 16
61 0 169 14 17
72 0 222 5 18
78 0 81 15 19
70 0 91 15 20
65 0 108 15 21
72 0 290 1 22
58 0 162 14 23
83 0 85 14 24
82 0 91 14 25
76 0 96 14 26
69 0 105 14 27
89 0 235 4 28
90 0 89 5 29
80 0 99 14 30
89 0 77 14 31
87 0 88 14 32
71 0 98 15 33
76 0 109 14 34
94 0 65 15 35
88 0 94 5 36
67 0 151 5 37
93 0 80 14 38
82 0 96 14 39
71 0 100 14 40
85 0 298 15 41
93 0 84 14 42
97 0 185 2 43
93 0 197 2 44
94 0 89 5 45
82 0 180 3 46
84 0 238 4 47
97 0 95 5 48
92 0 102 5 49
99 0 208 2 50
91 0 106 4 51
84 0 170 3 52
99 0 216 2 53
104 0 92 4 54
103 0 99 4 55
82 0 105 5 56
75 0 142 5 57
82 0 164 3 58
103 0 224 2 59
81 0 107 5 60
107 0 220 2 61
91 0 244 4 62
110 0 236 2 63
94 0 153 2 64
101 0 302 15 65
97 0 111 4 66
112 0 255 3 67
123 0 56 5 68
89 0 148 3 69
120 0 237 1 70
115 0 242 2 71
131 0 219 14 72
126 0 77 4 73
122 0 261 2 74
128 0 73 4 75
132 0 84 3 76
128 0 107 1 77
130 0 116 1 78
134 0 67 4 79
133 0 70 4 80
132 0 78 3 81
131 0 72 4 82
140 0 207 5 83
129 0 253 1 84
137 0 80 3 85
140 0 85 2 86
133 0 106 1 87
115 0 301 14 88
148 0 69 3 89
149 0 74 2 90
134 0 84 2 91
118 0 259 2 92
142 0 77 3 93
139 0 103 1 94
140 0 90 2 95
151 0 68 3 96
151 0 96 15 97
153 0 49 4 98
132 0 200 14 99
136 0 193 5 100
151 0 241 14 101
142 0 103 1 102
153 0 219 4 103
141 0 184 4 104
139 0 179 5 105
157 0 208 3 106
141 0 265 1 107
155 0 261 15 108
160 0 101 15 109
157 0 192 3 110
164 0 261 14 111
167 0 108 14 112
164 0 206 3 113
162 0 198 3 114
168 0 192 2 115
169 0 97 14 116
151 0 315 5 117
174 0 75 1 118
169 0 182 2 119
167 0 238 4 120
167 0 274 15 121
173 0 64 2 122
179 0 176 1 123
173 0 79 1 124
168 0 218 3 125
171 0 259 14 126
177 0 72 1 127
175 0 108 5 128
183 0 206 1 129
177 0 60 2 130
177 0 76 1 131
179 0 45 4 132
179 0 65 2 133
178 0 68 2 134
183 0 59 2 135
179 0 73 1 136
182 0 78 15 137
183 0 83 15 138
181 0 86 15 139
140 0 164 5 140
184 0 67 1 141
181 0 107 5 142
187 0 198 15 143
178 0 257 5 144
181 0 94 14 145
188 0 190 15 146
191 0 183 14 147
190 0 64 2 148
180 0 275 15 149
191 0 70 1 150
188 0 77 15 151
192 0 176 14 152
189 0 55 2 153
192 0 160 15 154
197 0 206 15 155
196 0 59 2 156
148 0 155 4 157
196 0 65 1 158
190 0 67 1 159
195 0 75 15 160
190 0 108 4 161
196 0 197 15 162
186 0 237 3 163
198 0 78 15 164
181 0 252 5 165
198 0 83 15 166
202 0 72 1 167
201 0 86 14 168
197 0 89 14 169
195 0 97 5 170
202 0 165 14 171
203 0 65 1 172
194 0 105 4 173
205 0 197 14 174
212 0 216 15 175
188 0 271 14 176
172 0 314 4 177
206 0 189 5 178
215 0 148 15 179
211 0 183 5 180
211 0 203 14 181
194 0 254 4 182
210 0 168 5 183
212 0 176 4 184
212 0 43 3 185
214 0 95 5 186
214 0 105 4 187
224 0 148 15 188
220 0 172 4 189
236 0 271 14 190
221 0 204 14 191
233 0 237 2 192
235 0 257 4 193
226 0 174 4 194
220 0 80 15 195
220 0 70 1 196
225 0 97 5 197
242 0 134 2 198
230 0 205 14 199
228 0 79 15 200
235 0 216 15 201
228 0 68 1 202
234 0 183 5 203
235 0 86 14 204
236 0 147 15 205
232 0 186 5 206
246 0 256 5 207
226 0 72 15 208
235 0 79 15 209
242 0 80 15 210
233 0 195 14 211
268 0 310 3 212
234 0 57 2 213
233 0 62 1 214
227 0 63 1 215
232 0 71 1 216
253 0 269 14 217
243 0 83 15 218
238 0 63 1 219
237 0 71 1 220
253 0 134 2 221
246 0 97 5 222
247 0 75 15 223
239 0 43 3 224
244 0 81 15 225
251 0 238 3 226
250 0 66 1 227
245 0 71 1 228
258 0 254 5 229
253 0 76 15 230
248 0 59 2 231
246 0 64 1 232
250 0 71 1 233
254 0 81 15 234
261 0 153 1 235
255 0 75 1 236
265 0 136 3 237
253 0 61 2 238
258 0 69 1 239
255 0 84 15 240
289 0 91 1 241
267 0 269 15 242
265 0 257 5 243
258 0 208 1 244
255 0 171 15 245
261 0 219 2 246
256 0 200 1 247
256 0 193 15 248
287 0 139 4 249
274 0 156 3 250
266 0 190 1 251
286 0 97 15 252
285 0 314 4 253
274 0 238 4 254
267 0 181 1 255
285 0 266 15 256
273 0 175 2 257
276 0 259 14 258
269 0 45 4 259
295 0 134 5 260
290 0 155 4 261
292 0 80 2 262
297 0 99 1 263
315 0 137 15 264
297 0 254 15 265
304 0 79 3 266
285 0 270 1 267
305 0 305 5 268
281 0 78 1 269
285 0 173 3 270
287 0 218 4 271
314 0 78 3 272
305 0 74 3 273
319 0 100 2 274
293 0 238 14 275
307 0 80 3 276
301 0 158 5 277
310 0 74 3 278
302 0 258 1 279
297 0 170 4 280
296 0 269 1 281
308 0 77 3 282
313 0 81 3 283
316 0 84 3 284
323 0 85 4 285
311 0 105 1 286
336 0 138 2 287
305 0 74 3 288
314 0 76 4 289
317 0 91 3 290
316 0 306 5 291
301 0 257 1 292
313 0 50 14 293
305 0 72 3 294
304 0 68 4 295
323 0 77 4 296
338 0 143 2 297
314 0 262 2 298
308 0 219 14 299
338 0 107 3 300
314 0 250 1 301
318 0 237 1 302
343 0 150 2 303
332 0 97 3 304
329 0 239 2 305
341 0 246 3 306
330 0 302 14 307
358 0 140 4 308
352 0 92 5 309
353 0 103 5 310
345 0 153 2 311
327 0 236 2 312
354 0 108 5 313
352 0 94 5 314
336 0 57 14 315
329 0 218 1 316
356 0 103 5 317
367 0 146 5 318
348 0 162 3 319
330 0 253 3 320
363 0 92 14 321
348 0 92 5 322
362 0 98 14 323
338 0 225 2 324
342 0 301 15 325
342 0 80 5 326
338 0 86 5 327
342 0 88 5 328
349 0 100 5 329
351 0 168 3 330
347 0 95 5 331
338 0 217 2 332
365 0 93 14 333
358 0 100 5 334
342 0 173 2 335
347 0 92 5 336
368 0 149 5 337
345 0 209 2 338
358 0 93 14 339
345 0 181 2 340
364 0 83 15 341
362 0 103 14 342
343 0 189 2 343
342 0 200 2 344
348 0 240 4 345
353 0 294 15 346
358 0 82 15 347
373 0 86 15 348
378 0 159 14 349
372 0 84 1 350
373 0 88 15 351
357 0 232 4 352
368 0 285 1 353
360 0 73 15 354
377 0 165 5 355
371 0 220 5 356
376 0 174 5 357
369 0 211 5 358
379 0 277 1 359
371 0 187 5 360
372 0 199 5 361
381 0 78 2 362
383 0 281 2 363
405 0 89 3 364
393 0 273 2 365
403 0 261 3 366
414 0 102 3 367
409 0 261 3 368
431 0 138 4 369
421 0 248 4 370
437 0 149 5 371
424 0 235 4 372
429 0 221 4 373
440 0 158 5 374
440 0 170 5 375
444 0 187 5 376
442 0 200 5 377
-14 0 33 3 378
12 0 33 1 379
38 0 33 14 380
68 0 32 4 381
102 0 32 1 382
135 0 33 15 383
171 0 32 5 384
205 0 32 4 385
244 0 33 4 386
273 0 32 5 387
323 0 32 1 388
344 0 31 2 389
377 0 31 4 390
407 0 32 14 391
434 0 32 2 392
456 0 36 3 393
457 0 64 2 394
457 0 90 1 395
464 0 140 15 396
465 0 167 15 397
464 0 193 15 398
462 0 217 15 399
452 0 247 15 400
453 0 274 1 401
452 0 302 2 402
450 0 324 3 403
426 0 328 1 404
401 0 326 14 405
375 0 329 4 406
347 0 317 1 407
314 0 328 15 408
288 0 328 14 409
261 0 327 5 410
172 0 327 5 411
133 0 321 14 412
107 0 320 1 413
85 0 327 3 414
58 0 328 4 415
33 0 326 14 416
8 0 328 1 417
-11 0 320 3 418
-13 0 299 2 419
-25 0 259 1 420
-23 0 237 1 421
-22 0 212 15 422
-22 0 187 15 423
-23 0 160 15 424
-25 0 138 15 425
-16 0 88 1 426
-17 0 57 2 427
