428
-7 0 204 4 0
-12 0 189 5 1
3 0 218 4 2
-18 0 180 5 3
-5 0 226 4 4
-12 0 168 5 5
18 0 254 3 6
8 0 104 4 7
32 0 271 2 8
17 0 92 4 9
39 0 274 2 10
51 0 80 1 11
55 0 201 5 12
52 0 211 14 13
55 0 286 1 14
52 0 188 5 15
71 0 221 4 16
42 0 184 14 17
61 0 225 5 18
71 0 83 14 19
55 0 91 15 20
44 0 108 1 21
58 0 285 1 22
27 0 182 1 23
78 0 87 14 24
75 0 95 5 25
64 0 97 14 26
47 0 103 15 27
86 0 242 3 28
88 0 94 4 29
67 0 101 14 30
83 0 79 14 31
80 0 87 5 32
47 0 95 1 33
56 0 108 14 34
92 0 72 5 35
80 0 95 5 36
37 0 171 15 37
88 0 82 5 38
66 0 95 14 39
43 0 95 1 40
71 0 292 15 41
86 0 85 5 42
94 0 193 1 43
87 0 206 2 44
87 0 90 5 45
64 0 194 4 46
68 0 240 5 47
91 0 97 4 48
81 0 104 4 49
96 0 216 1 50
76 0 107 5 51
62 0 185 4 52
91 0 222 2 53
101 0 95 3 54
98 0 102 3 55
56 0 101 15 56
40 0 163 15 57
54 0 183 5 58
96 0 228 2 59
51 0 101 15 60
101 0 227 1 61
70 0 243 5 62
100 0 239 2 63
67 0 173 4 64
81 0 293 14 65
71 0 107 5 66
101 0 258 3 67
122 0 63 4 68
50 0 171 14 69
109 0 241 1 70
99 0 241 2 71
129 0 225 14 72
117 0 79 3 73
110 0 265 2 74
120 0 76 3 75
127 0 89 2 76
120 0 104 1 77
122 0 113 15 78
130 0 72 3 79
127 0 74 3 80
124 0 82 2 81
120 0 74 3 82
137 0 215 5 83
115 0 254 1 84
129 0 83 2 85
135 0 90 1 86
120 0 100 1 87
84 0 282 14 88
149 0 73 1 89
151 0 80 1 90
120 0 84 2 91
88 0 256 4 92
135 0 81 2 93
129 0 102 1 94
130 0 92 1 95
152 0 75 1 96
151 0 100 14 97
153 0 59 2 98
110 0 210 15 99
118 0 205 14 100
148 0 246 5 101
127 0 99 1 102
150 0 225 4 103
124 0 196 5 104
118 0 192 14 105
155 0 216 3 106
122 0 265 2 107
150 0 266 15 108
158 0 101 14 109
152 0 201 3 110
159 0 265 14 111
164 0 107 5 112
157 0 214 3 113
153 0 207 3 114
163 0 201 2 115
164 0 96 14 116
127 0 305 4 117
172 0 83 14 118
162 0 192 1 119
158 0 241 4 120
159 0 279 15 121
168 0 70 1 122
180 0 185 15 123
168 0 83 15 124
158 0 223 3 125
163 0 261 5 126
174 0 79 15 127
171 0 107 4 128
185 0 213 15 129
172 0 66 1 130
172 0 81 15 131
175 0 55 2 132
175 0 72 15 133
173 0 73 15 134
181 0 67 1 135
172 0 77 15 136
179 0 84 14 137
180 0 89 5 138
177 0 91 5 139
94 0 186 1 140
180 0 74 15 141
175 0 105 4 142
186 0 206 15 143
168 0 257 5 144
173 0 95 5 145
187 0 198 14 146
192 0 192 14 147
190 0 72 15 148
169 0 278 15 149
190 0 78 14 150
183 0 82 14 151
192 0 184 5 152
184 0 62 1 153
190 0 175 14 154
199 0 213 15 155
197 0 66 15 156
101 0 178 15 157
195 0 72 15 158
182 0 72 15 159
193 0 82 14 160
182 0 107 4 161
195 0 205 14 162
174 0 238 3 163
198 0 85 5 164
164 0 248 4 165
197 0 91 5 166
203 0 80 14 167
202 0 93 4 168
194 0 94 5 169
188 0 100 4 170
202 0 179 4 171
201 0 71 15 172
183 0 102 4 173
206 0 205 5 174
219 0 220 15 175
171 0 269 14 176
139 0 300 3 177
206 0 197 5 178
222 0 167 4 179
212 0 191 4 180
212 0 208 5 181
179 0 252 4 182
208 0 180 4 183
211 0 184 3 184
209 0 55 1 185
213 0 98 4 186
212 0 102 3 187
232 0 170 4 188
222 0 184 3 189
254 0 268 5 190
223 0 210 14 191
246 0 240 2 192
250 0 257 4 193
228 0 183 3 194
217 0 84 5 195
214 0 75 14 196
224 0 101 3 197
258 0 161 15 198
233 0 212 14 199
227 0 86 5 200
241 0 220 15 201
226 0 75 14 202
238 0 196 5 203
239 0 94 4 204
241 0 166 5 205
232 0 194 4 206
262 0 255 4 207
220 0 77 14 208
237 0 87 5 209
252 0 85 14 210
234 0 202 5 211
305 0 292 3 212
234 0 65 15 213
232 0 70 15 214
220 0 68 15 215
231 0 79 14 216
272 0 264 5 217
251 0 89 5 218
238 0 71 15 219
237 0 79 14 220
269 0 160 1 221
254 0 101 4 222
255 0 80 14 223
238 0 54 1 224
248 0 88 5 225
262 0 242 3 226
258 0 71 15 227
249 0 77 14 228
273 0 252 5 229
263 0 80 14 230
251 0 67 15 231
246 0 71 15 232
255 0 78 14 233
262 0 87 14 234
277 0 178 1 235
262 0 80 14 236
281 0 163 2 237
257 0 69 15 238
267 0 74 15 239
260 0 91 5 240
329 0 88 3 241
283 0 266 14 242
277 0 258 5 243
263 0 216 1 244
255 0 182 14 245
268 0 226 2 246
257 0 208 15 247
255 0 200 15 248
316 0 170 5 249
290 0 181 3 250
272 0 203 1 251
311 0 98 1 252
308 0 302 4 253
285 0 240 4 254
271 0 195 1 255
306 0 262 15 256
280 0 190 2 257
286 0 262 14 258
269 0 56 2 259
319 0 161 14 260
306 0 178 4 261
310 0 82 2 262
320 0 100 1 263
352 0 166 2 264
317 0 252 1 265
330 0 80 3 266
292 0 274 15 267
332 0 288 4 268
282 0 86 15 269
291 0 188 3 270
294 0 224 4 271
347 0 77 5 272
328 0 75 4 273
354 0 93 5 274
301 0 241 14 275
328 0 83 3 276
316 0 176 5 277
333 0 75 4 278
316 0 260 1 279
305 0 187 4 280
301 0 275 1 281
324 0 80 3 282
334 0 84 4 283
339 0 86 4 284
354 0 84 5 285
329 0 106 2 286
380 0 164 5 287
316 0 78 3 288
332 0 78 4 289
339 0 92 3 290
337 0 293 5 291
305 0 263 15 292
328 0 58 5 293
313 0 77 2 294
308 0 76 2 295
347 0 79 5 296
372 0 167 4 297
324 0 266 2 298
311 0 226 14 299
370 0 104 5 300
320 0 254 1 301
327 0 240 1 302
374 0 174 4 303
348 0 99 4 304
341 0 241 2 305
364 0 241 4 306
343 0 294 5 307
397 0 164 14 308
384 0 88 15 309
385 0 100 15 310
369 0 174 3 311
330 0 242 1 312
384 0 106 15 313
379 0 91 15 314
345 0 64 14 315
331 0 223 15 316
385 0 101 15 317
407 0 171 15 318
370 0 183 4 319
331 0 261 2 320
396 0 88 1 321
365 0 93 5 322
394 0 94 1 323
344 0 229 2 324
353 0 294 14 325
352 0 85 5 326
343 0 92 4 327
352 0 92 4 328
365 0 102 5 329
368 0 184 3 330
359 0 98 5 331
341 0 223 1 332
393 0 91 1 333
378 0 101 14 334
346 0 184 1 335
355 0 97 4 336
399 0 170 14 337
351 0 217 2 338
377 0 94 14 339
350 0 193 2 340
387 0 82 1 341
383 0 104 15 342
345 0 198 1 343
342 0 208 1 344
354 0 245 3 345
363 0 286 14 346
373 0 84 15 347
400 0 84 2 348
407 0 180 15 349
394 0 83 2 350
395 0 88 1 351
362 0 237 4 352
380 0 274 15 353
361 0 81 14 354
394 0 180 14 355
381 0 224 5 356
385 0 186 5 357
370 0 219 4 358
389 0 266 15 359
372 0 196 4 360
375 0 208 4 361
390 0 82 1 362
387 0 282 1 363
421 0 92 3 364
396 0 274 1 365
407 0 257 2 366
424 0 103 3 367
411 0 268 3 368
447 0 161 4 369
426 0 252 3 370
452 0 171 5 371
425 0 240 3 372
427 0 228 3 373
448 0 173 4 374
446 0 180 4 375
452 0 198 5 376
447 0 209 4 377
-11 0 49 1 378
9 0 48 14 379
29 0 49 5 380
57 0 48 3 381
92 0 47 15 382
126 0 48 5 383
167 0 47 3 384
203 0 46 2 385
249 0 48 2 386
275 0 47 3 387
343 0 48 15 388
354 0 45 1 389
388 0 45 3 390
416 0 47 5 391
437 0 47 15 392
456 0 49 2 393
457 0 72 1 394
458 0 92 15 395
471 0 162 15 396
473 0 181 15 397
471 0 203 15 398
467 0 220 15 399
448 0 247 5 400
450 0 270 14 401
448 0 293 15 402
444 0 306 15 403
428 0 313 14 404
409 0 309 4 405
389 0 315 3 406
365 0 291 15 407
332 0 313 14 408
311 0 313 5 409
289 0 312 3 410
143 0 311 4 411
95 0 299 14 412
76 0 297 15 413
64 0 312 2 414
43 0 312 4 415
25 0 309 5 416
6 0 313 15 417
-6 0 303 15 418
-9 0 293 15 419
-33 0 245 1 420
-30 0 233 15 421
-27 0 216 15 422
-28 0 197 14 423
-30 0 175 15 424
-33 0 163 15 425
-15 0 94 15 426
-17 0 65 1 427
