428
-9 0 207 2 0
-15 0 193 2 1
2 0 220 1 2
-22 0 185 3 3
-8 0 226 2 4
-16 0 174 2 5
17 0 256 15 6
5 0 103 1 7
30 0 272 15 8
12 0 93 1 9
35 0 273 14 10
48 0 81 5 11
52 0 204 3 12
49 0 214 3 13
52 0 285 5 14
49 0 192 3 15
70 0 223 1 16
36 0 189 4 17
57 0 226 2 18
69 0 84 3 19
51 0 91 5 20
37 0 108 5 21
54 0 283 5 22
18 0 188 14 23
76 0 88 3 24
73 0 97 2 25
60 0 98 4 26
40 0 103 5 27
85 0 244 1 28
87 0 96 1 29
63 0 101 3 30
81 0 79 3 31
78 0 87 3 32
40 0 94 14 33
50 0 108 4 34
91 0 74 2 35
78 0 96 2 36
27 0 176 5 37
87 0 82 2 38
61 0 95 4 39
34 0 93 14 40
67 0 290 4 41
84 0 85 2 42
93 0 196 5 43
85 0 209 14 44
85 0 90 2 45
58 0 198 2 46
63 0 240 2 47
89 0 97 1 48
77 0 105 2 49
95 0 218 14 50
72 0 107 2 51
55 0 190 2 52
89 0 224 14 53
100 0 96 15 54
96 0 103 15 55
48 0 99 5 56
29 0 170 5 57
45 0 189 3 58
94 0 230 14 59
41 0 99 5 60
99 0 229 14 61
63 0 242 2 62
97 0 240 14 63
59 0 179 2 64
75 0 290 4 65
63 0 106 3 66
97 0 259 15 67
121 0 65 1 68
38 0 179 4 69
106 0 242 14 70
94 0 241 15 71
128 0 227 3 72
114 0 80 15 73
106 0 267 15 74
118 0 77 15 75
125 0 91 14 76
117 0 103 5 77
120 0 112 5 78
129 0 74 15 79
125 0 75 15 80
122 0 83 14 81
117 0 75 15 82
136 0 218 2 83
110 0 254 14 84
127 0 84 14 85
133 0 91 5 86
116 0 98 14 87
74 0 276 3 88
149 0 75 5 89
151 0 82 5 90
116 0 84 15 91
79 0 255 2 92
133 0 82 14 93
126 0 102 5 94
127 0 93 5 95
152 0 77 5 96
151 0 102 3 97
153 0 62 14 98
104 0 213 5 99
112 0 209 4 100
147 0 248 3 101
123 0 97 5 102
149 0 227 1 103
118 0 200 3 104
112 0 196 3 105
155 0 218 15 106
116 0 265 14 107
148 0 268 4 108
157 0 101 3 109
150 0 204 15 110
157 0 267 3 111
163 0 107 2 112
155 0 216 15 113
150 0 210 15 114
161 0 204 14 115
162 0 96 3 116
119 0 302 1 117
171 0 85 3 118
160 0 195 14 119
156 0 242 1 120
156 0 280 4 121
166 0 72 5 122
180 0 188 4 123
166 0 84 4 124
155 0 225 15 125
160 0 262 3 126
173 0 81 4 127
170 0 107 1 128
185 0 215 4 129
171 0 68 5 130
171 0 82 4 131
174 0 58 14 132
174 0 74 4 133
171 0 75 4 134
180 0 69 4 135
170 0 79 4 136
178 0 86 3 137
179 0 91 2 138
176 0 93 2 139
79 0 193 15 140
179 0 76 4 141
173 0 104 1 142
186 0 209 4 143
165 0 257 2 144
171 0 95 2 145
187 0 200 3 146
193 0 194 3 147
190 0 74 4 148
166 0 279 4 149
190 0 80 3 150
182 0 84 3 151
192 0 187 2 152
182 0 64 5 153
190 0 179 3 154
199 0 215 4 155
197 0 68 4 156
86 0 184 14 157
195 0 74 3 158
180 0 73 4 159
193 0 84 3 160
180 0 107 1 161
195 0 207 3 162
170 0 238 15 163
198 0 87 2 164
158 0 247 2 165
196 0 93 2 166
203 0 83 2 167
202 0 95 1 168
193 0 96 1 169
186 0 101 1 170
202 0 182 1 171
201 0 73 3 172
180 0 101 1 173
206 0 207 3 174
220 0 221 4 175
166 0 268 3 176
129 0 296 15 177
206 0 199 2 178
225 0 173 15 179
212 0 193 1 180
212 0 209 3 181
174 0 252 1 182
208 0 183 1 183
211 0 186 1 184
208 0 59 5 185
213 0 99 1 186
211 0 101 15 187
235 0 176 1 188
223 0 188 15 189
260 0 267 2 190
223 0 212 3 191
250 0 241 14 192
255 0 257 1 193
229 0 186 1 194
215 0 86 2 195
212 0 77 3 196
224 0 102 15 197
263 0 170 4 198
234 0 214 3 199
227 0 88 2 200
243 0 221 4 201
225 0 77 3 202
240 0 200 2 203
241 0 96 1 204
243 0 172 2 205
232 0 196 2 206
266 0 255 1 207
218 0 78 3 208
237 0 89 2 209
255 0 87 2 210
234 0 204 2 211
316 0 286 15 212
234 0 68 4 213
232 0 73 3 214
219 0 70 4 215
230 0 81 3 216
278 0 263 3 217
253 0 91 2 218
238 0 73 3 219
237 0 81 3 220
274 0 168 5 221
256 0 103 1 222
258 0 82 3 223
237 0 57 5 224
250 0 90 2 225
265 0 244 15 226
261 0 73 4 227
250 0 79 3 228
278 0 252 2 229
266 0 82 3 230
252 0 70 4 231
246 0 73 4 232
256 0 80 3 233
264 0 89 3 234
282 0 185 14 235
264 0 82 3 236
286 0 172 14 237
259 0 71 4 238
269 0 76 4 239
262 0 93 2 240
341 0 87 1 241
288 0 265 4 242
281 0 258 2 243
265 0 218 5 244
255 0 186 3 245
270 0 228 14 246
257 0 210 4 247
254 0 202 4 248
325 0 180 3 249
294 0 189 15 250
274 0 207 14 251
319 0 98 5 252
316 0 298 1 253
289 0 240 2 254
273 0 199 5 255
313 0 260 5 256
282 0 195 14 257
289 0 263 3 258
269 0 59 14 259
327 0 169 3 260
311 0 184 2 261
315 0 82 14 262
328 0 100 14 263
364 0 175 15 264
323 0 252 5 265
338 0 80 1 266
294 0 276 5 267
340 0 282 1 268
282 0 88 4 269
293 0 192 15 270
296 0 226 1 271
357 0 77 3 272
335 0 75 1 273
365 0 91 3 274
303 0 242 3 275
334 0 84 15 276
321 0 180 3 277
340 0 75 2 278
320 0 260 5 279
308 0 193 1 280
303 0 277 5 281
329 0 81 15 282
341 0 85 1 283
346 0 86 1 284
363 0 83 3 285
335 0 106 14 286
393 0 172 3 287
319 0 79 15 288
338 0 79 1 289
345 0 92 1 290
343 0 289 2 291
307 0 265 5 292
332 0 61 2 293
315 0 79 14 294
309 0 78 14 295
354 0 80 2 296
383 0 175 2 297
327 0 267 14 298
312 0 228 3 299
380 0 103 3 300
322 0 256 5 301
330 0 241 5 302
384 0 181 2 303
353 0 100 1 304
345 0 241 14 305
372 0 239 2 306
347 0 291 2 307
409 0 172 4 308
393 0 86 5 309
395 0 99 5 310
376 0 180 1 311
331 0 244 5 312
393 0 105 4 313
388 0 90 5 314
348 0 66 3 315
331 0 225 5 316
394 0 101 5 317
420 0 179 14 318
376 0 189 1 319
332 0 263 14 320
407 0 87 14 321
370 0 94 3 322
403 0 93 14 323
346 0 230 14 324
357 0 292 3 325
355 0 87 2 326
345 0 94 1 327
355 0 93 2 328
370 0 102 2 329
373 0 190 1 330
363 0 99 2 331
342 0 225 14 332
401 0 90 14 333
384 0 101 4 334
348 0 188 5 335
358 0 99 2 336
408 0 177 4 337
353 0 219 14 338
383 0 95 4 339
352 0 197 14 340
394 0 82 14 341
389 0 104 4 342
345 0 201 5 343
342 0 211 5 344
356 0 246 1 345
366 0 284 3 346
378 0 85 4 347
408 0 84 15 348
416 0 186 5 349
401 0 83 14 350
402 0 88 14 351
364 0 239 1 352
384 0 270 4 353
362 0 83 3 354
399 0 185 3 355
384 0 225 3 356
388 0 190 2 357
370 0 222 1 358
392 0 262 5 359
372 0 198 1 360
376 0 210 1 361
393 0 84 5 362
388 0 282 5 363
426 0 93 1 364
397 0 274 14 365
408 0 255 14 366
427 0 104 1 367
411 0 270 15 368
452 0 168 2 369
428 0 253 1 370
456 0 177 2 371
425 0 242 15 372
427 0 230 15 373
451 0 178 2 374
448 0 184 1 375
455 0 202 2 376
449 0 212 2 377
-10 0 54 5 378
8 0 53 3 379
26 0 54 2 380
54 0 52 15 381
89 0 52 4 382
123 0 53 2 383
166 0 52 14 384
202 0 51 14 385
251 0 53 14 386
276 0 52 15 387
349 0 52 4 388
357 0 49 5 389
391 0 49 15 390
419 0 51 2 391
438 0 51 4 392
456 0 53 5 393
457 0 74 4 394
458 0 93 4 395
473 0 168 4 396
476 0 186 4 397
473 0 207 4 398
469 0 221 4 399
446 0 247 2 400
449 0 269 3 401
447 0 290 4 402
442 0 300 4 403
429 0 308 3 404
411 0 303 1 405
394 0 311 15 406
371 0 283 4 407
337 0 308 3 408
318 0 309 2 409
298 0 307 15 410
133 0 306 1 411
83 0 293 3 412
66 0 290 5 413
58 0 307 14 414
38 0 308 1 415
22 0 303 2 416
6 0 309 4 417
-4 0 298 4 418
-8 0 291 4 419
-36 0 241 5 420
-32 0 232 4 421
-29 0 218 4 422
-30 0 200 4 423
-32 0 179 4 424
-35 0 171 4 425
-15 0 96 4 426
-17 0 68 5 427
