428
1 0 191 4 0
0 0 175 4 1
5 0 208 3 2
0 0 158 4 3
8 0 225 3 4
8 0 142 3 5
23 0 248 2 6
24 0 108 2 7
39 0 266 2 8
40 0 90 2 9
55 0 280 1 10
65 0 76 15 11
67 0 185 4 12
67 0 198 4 13
68 0 288 15 14
68 0 172 4 15
76 0 210 3 16
69 0 162 4 17
76 0 220 3 18
81 0 80 14 19
76 0 91 5 20
74 0 108 5 21
78 0 293 15 22
71 0 153 4 23
85 0 84 5 24
85 0 90 5 25
82 0 95 5 26
79 0 106 5 27
90 0 232 3 28
91 0 86 4 29
85 0 98 4 30
91 0 76 5 31
90 0 88 4 32
81 0 100 5 33
85 0 109 4 34
95 0 62 14 35
92 0 93 4 36
80 0 143 3 37
95 0 79 5 38
89 0 96 4 39
83 0 103 4 40
91 0 300 14 41
96 0 84 4 42
98 0 181 1 43
96 0 193 1 44
97 0 88 4 45
90 0 175 2 46
92 0 237 3 47
99 0 94 3 48
96 0 101 3 49
101 0 205 1 50
97 0 106 3 51
94 0 163 1 52
102 0 214 1 53
105 0 90 3 54
106 0 98 3 55
94 0 107 3 56
90 0 133 2 57
95 0 155 1 58
106 0 223 1 59
95 0 110 3 60
109 0 217 15 61
101 0 245 2 62
114 0 234 15 63
106 0 144 1 64
110 0 306 5 65
108 0 113 2 66
117 0 253 1 67
124 0 53 5 68
106 0 137 1 69
125 0 236 15 70
122 0 242 15 71
131 0 217 5 72
130 0 76 2 73
128 0 260 1 74
131 0 71 3 75
134 0 82 2 76
132 0 108 15 77
133 0 117 14 78
135 0 64 3 79
136 0 68 3 80
136 0 76 2 81
136 0 71 2 82
141 0 204 4 83
136 0 252 15 84
140 0 78 1 85
143 0 83 1 86
138 0 108 14 87
128 0 309 4 88
147 0 67 2 89
148 0 72 2 90
140 0 84 1 91
131 0 260 1 92
145 0 75 1 93
143 0 103 14 94
144 0 89 15 95
151 0 65 2 96
151 0 95 15 97
153 0 45 4 98
141 0 195 4 99
144 0 188 3 100
153 0 238 4 101
148 0 105 14 102
155 0 216 3 103
148 0 180 3 104
148 0 173 3 105
158 0 204 2 106
149 0 265 15 107
158 0 259 14 108
160 0 101 5 109
159 0 188 2 110
166 0 259 5 111
169 0 108 4 112
167 0 203 1 113
166 0 194 1 114
170 0 188 1 115
171 0 97 5 116
161 0 320 4 117
174 0 72 15 118
172 0 179 15 119
171 0 237 3 120
171 0 272 14 121
175 0 62 1 122
178 0 171 15 123
176 0 77 15 124
173 0 216 1 125
174 0 258 5 126
178 0 69 15 127
177 0 108 4 128
182 0 203 15 129
179 0 58 1 130
179 0 74 15 131
180 0 40 3 132
180 0 62 1 133
181 0 65 1 134
184 0 56 2 135
182 0 71 15 136
184 0 76 15 137
184 0 80 14 138
183 0 83 14 139
161 0 153 2 140
185 0 64 1 141
184 0 107 4 142
187 0 194 14 143
182 0 257 4 144
184 0 94 5 145
188 0 187 14 146
190 0 180 14 147
190 0 61 1 148
185 0 273 14 149
191 0 67 15 150
190 0 74 15 151
192 0 172 5 152
192 0 52 2 153
193 0 154 14 154
196 0 203 14 155
196 0 56 1 156
169 0 144 2 157
196 0 62 1 158
193 0 65 15 159
196 0 72 15 160
193 0 108 3 161
196 0 194 5 162
191 0 236 2 163
198 0 75 14 164
189 0 254 4 165
199 0 80 14 166
201 0 68 15 167
201 0 83 5 168
199 0 86 5 169
198 0 95 4 170
202 0 159 5 171
204 0 63 15 172
199 0 107 3 173
205 0 194 5 174
209 0 215 14 175
195 0 272 5 176
187 0 320 3 177
206 0 186 4 178
212 0 139 15 179
210 0 180 4 180
210 0 201 5 181
201 0 255 3 182
211 0 163 5 183
212 0 172 4 184
213 0 38 3 185
214 0 94 4 186
214 0 107 3 187
221 0 138 15 188
220 0 166 4 189
228 0 272 5 190
220 0 202 5 191
227 0 236 1 192
229 0 257 3 193
225 0 170 4 194
222 0 78 14 195
222 0 67 15 196
225 0 95 4 197
235 0 122 2 198
229 0 202 5 199
228 0 76 14 200
232 0 215 14 201
229 0 65 15 202
233 0 179 4 203
234 0 83 5 204
234 0 138 15 205
232 0 182 4 206
240 0 256 3 207
229 0 70 15 208
234 0 76 14 209
238 0 78 14 210
233 0 192 4 211
252 0 318 3 212
234 0 54 1 213
233 0 59 1 214
230 0 61 15 215
233 0 68 15 216
245 0 271 5 217
240 0 81 14 218
238 0 60 1 219
237 0 67 15 220
246 0 123 2 221
243 0 96 4 222
244 0 72 15 223
240 0 38 3 224
243 0 78 14 225
246 0 237 2 226
246 0 63 15 227
244 0 69 15 228
251 0 255 4 229
249 0 74 15 230
247 0 56 1 231
246 0 61 1 232
248 0 68 15 233
250 0 79 14 234
254 0 142 1 235
252 0 72 15 236
257 0 124 2 237
252 0 58 1 238
254 0 67 15 239
252 0 81 14 240
272 0 92 14 241
260 0 270 5 242
259 0 257 4 243
256 0 205 15 244
255 0 166 14 245
258 0 216 1 246
256 0 197 15 247
257 0 190 14 248
274 0 125 3 249
268 0 145 2 250
264 0 184 15 251
275 0 97 14 252
274 0 319 3 253
269 0 237 3 254
266 0 177 15 255
275 0 267 14 256
270 0 168 1 257
272 0 258 5 258
269 0 40 3 259
284 0 123 4 260
282 0 146 3 261
284 0 79 1 262
287 0 99 14 263
298 0 124 5 264
288 0 255 14 265
293 0 79 1 266
282 0 268 14 267
293 0 313 4 268
280 0 75 1 269
283 0 167 2 270
284 0 216 3 271
300 0 78 2 272
296 0 74 2 273
303 0 103 15 274
289 0 236 4 275
298 0 79 1 276
295 0 150 4 277
300 0 74 2 278
296 0 257 14 279
294 0 162 3 280
294 0 267 15 281
300 0 75 2 282
304 0 80 2 283
305 0 83 1 284
310 0 86 2 285
303 0 105 15 286
317 0 126 15 287
300 0 72 2 288
306 0 75 2 289
308 0 90 1 290
308 0 311 4 291
300 0 255 14 292
307 0 46 5 293
302 0 69 2 294
302 0 65 3 295
313 0 76 3 296
322 0 132 15 297
309 0 260 1 298
306 0 216 5 299
324 0 109 1 300
311 0 248 15 301
314 0 236 15 302
330 0 139 15 303
325 0 96 2 304
323 0 238 15 305
330 0 248 2 306
325 0 306 5 307
341 0 130 2 308
338 0 94 3 309
338 0 105 3 310
335 0 144 1 311
325 0 234 15 312
341 0 108 3 313
340 0 95 3 314
332 0 54 5 315
328 0 216 15 316
343 0 104 3 317
349 0 134 2 318
339 0 153 1 319
329 0 250 2 320
348 0 94 4 321
340 0 91 3 322
348 0 99 4 323
335 0 223 1 324
338 0 304 14 325
338 0 78 4 326
335 0 83 4 327
338 0 86 4 328
342 0 99 3 329
343 0 160 1 330
341 0 93 3 331
337 0 215 1 332
353 0 94 4 333
349 0 100 4 334
340 0 168 1 335
343 0 90 4 336
355 0 140 3 337
342 0 205 1 338
350 0 92 4 339
342 0 176 1 340
354 0 83 5 341
353 0 103 4 342
342 0 185 1 343
342 0 196 1 344
346 0 238 2 345
348 0 297 14 346
352 0 81 5 347
361 0 87 5 348
365 0 149 3 349
363 0 84 14 350
363 0 88 14 351
355 0 230 3 352
363 0 289 15 353
359 0 70 14 354
370 0 158 4 355
366 0 219 4 356
372 0 168 4 357
368 0 208 4 358
374 0 282 15 359
370 0 183 4 360
371 0 195 4 361
377 0 76 15 362
381 0 281 1 363
398 0 88 2 364
391 0 272 1 365
401 0 262 1 366
409 0 101 2 367
408 0 258 2 368
424 0 127 3 369
418 0 246 2 370
431 0 139 3 371
424 0 233 3 372
430 0 218 3 373
436 0 152 3 374
438 0 166 3 375
441 0 182 4 376
439 0 196 4 377
-15 0 26 3 378
14 0 26 15 379
42 0 26 5 380
73 0 26 3 381
106 0 26 1 382
139 0 26 14 383
173 0 26 5 384
206 0 25 4 385
242 0 26 4 386
272 0 26 5 387
314 0 26 15 388
340 0 25 1 389
372 0 25 3 390
403 0 26 14 391
432 0 26 1 392
456 0 31 3 393
457 0 60 1 394
457 0 89 15 395
461 0 131 14 396
461 0 160 14 397
461 0 188 14 398
459 0 216 14 399
454 0 247 14 400
455 0 276 15 401
454 0 306 1 402
453 0 332 2 403
426 0 334 15 404
397 0 333 5 405
368 0 335 3 406
339 0 328 1 407
306 0 334 14 408
277 0 334 5 409
248 0 334 4 410
185 0 334 4 411
149 0 331 5 412
120 0 330 15 413
94 0 334 1 414
65 0 334 3 415
37 0 333 5 416
9 0 334 1 417
-14 0 327 2 418
-15 0 301 1 419
-21 0 265 15 420
-20 0 239 14 421
-19 0 211 14 422
-20 0 182 14 423
-20 0 154 14 424
-21 0 127 14 425
-16 0 85 15 426
-17 0 54 1 427
