428
0 0 192 14 0
-1 0 176 14 1
5 0 209 5 2
-1 0 160 14 3
8 0 225 5 4
7 0 143 5 5
22 0 248 4 6
23 0 108 5 7
39 0 267 4 8
38 0 90 4 9
54 0 279 3 10
64 0 76 2 11
66 0 186 14 12
66 0 198 14 13
67 0 288 2 14
67 0 173 14 15
75 0 210 5 16
67 0 164 14 17
75 0 221 14 18
80 0 81 1 19
75 0 91 1 20
72 0 108 15 21
77 0 292 2 22
68 0 155 14 23
85 0 84 15 24
84 0 90 15 25
80 0 95 15 26
77 0 105 15 27
90 0 233 5 28
91 0 87 14 29
84 0 99 14 30
91 0 77 15 31
90 0 88 15 32
79 0 99 15 33
83 0 109 14 34
95 0 63 1 35
91 0 93 14 36
77 0 145 5 37
94 0 80 15 38
88 0 96 14 39
80 0 102 15 40
90 0 300 1 41
95 0 84 14 42
98 0 182 3 43
95 0 193 3 44
96 0 88 14 45
89 0 176 4 46
90 0 238 5 47
99 0 95 5 48
95 0 102 5 49
100 0 205 3 50
96 0 106 5 51
92 0 164 4 52
101 0 214 3 53
105 0 91 5 54
105 0 98 5 55
91 0 107 5 56
87 0 135 5 57
92 0 157 4 58
106 0 223 3 59
92 0 109 5 60
109 0 218 2 61
99 0 245 4 62
113 0 235 3 63
103 0 146 3 64
108 0 305 15 65
106 0 113 4 66
116 0 254 3 67
124 0 53 14 68
102 0 140 3 69
124 0 236 2 70
120 0 242 2 71
131 0 217 15 72
129 0 76 4 73
127 0 260 3 74
131 0 72 5 75
133 0 83 4 76
131 0 108 2 77
132 0 117 1 78
135 0 65 5 79
135 0 68 5 80
135 0 77 4 81
135 0 71 4 82
141 0 205 14 83
134 0 252 2 84
140 0 79 4 85
142 0 84 3 86
137 0 108 2 87
125 0 307 14 88
147 0 67 4 89
149 0 72 3 90
139 0 84 3 91
128 0 260 3 92
144 0 75 3 93
142 0 103 2 94
143 0 90 2 95
151 0 66 4 96
151 0 95 1 97
153 0 46 14 98
139 0 196 14 99
143 0 189 5 100
152 0 239 15 101
146 0 105 1 102
154 0 217 5 103
147 0 180 5 104
146 0 174 5 105
158 0 205 4 106
147 0 265 2 107
157 0 260 1 108
160 0 101 15 109
159 0 188 4 110
166 0 259 15 111
168 0 108 14 112
166 0 203 3 113
166 0 194 3 114
169 0 189 3 115
170 0 97 15 116
159 0 319 14 117
174 0 73 2 118
171 0 180 2 119
170 0 237 5 120
170 0 273 1 121
174 0 62 3 122
178 0 172 2 123
175 0 77 2 124
172 0 216 4 125
173 0 258 15 126
178 0 70 2 127
177 0 108 14 128
182 0 204 2 129
178 0 58 3 130
178 0 75 2 131
180 0 41 5 132
180 0 63 3 133
180 0 66 3 134
184 0 56 3 135
181 0 71 2 136
183 0 76 2 137
184 0 81 1 138
183 0 84 1 139
157 0 155 4 140
185 0 65 3 141
183 0 107 14 142
187 0 195 1 143
181 0 257 14 144
184 0 94 15 145
188 0 187 1 146
190 0 180 1 147
190 0 61 3 148
184 0 274 1 149
191 0 67 2 150
189 0 75 2 151
192 0 172 15 152
191 0 53 4 153
193 0 156 1 154
196 0 204 1 155
196 0 57 3 156
165 0 146 4 157
196 0 62 3 158
192 0 66 2 159
195 0 72 2 160
192 0 108 5 161
196 0 194 15 162
190 0 236 4 163
198 0 76 1 164
187 0 254 14 165
199 0 80 1 166
201 0 69 2 167
201 0 84 15 168
198 0 87 15 169
197 0 96 14 170
202 0 160 15 171
203 0 63 2 172
198 0 106 5 173
205 0 194 15 174
209 0 215 1 175
194 0 272 15 176
183 0 319 5 177
206 0 186 14 178
213 0 141 2 179
210 0 180 14 180
210 0 202 15 181
200 0 255 5 182
210 0 164 14 183
212 0 173 14 184
213 0 39 5 185
214 0 94 14 186
214 0 106 5 187
222 0 140 2 188
220 0 167 14 189
230 0 272 15 190
221 0 202 15 191
228 0 236 3 192
230 0 257 5 193
225 0 171 14 194
222 0 78 1 195
221 0 68 2 196
225 0 95 14 197
236 0 125 3 198
229 0 203 15 199
228 0 76 1 200
233 0 215 1 201
228 0 66 2 202
233 0 180 14 203
234 0 84 15 204
235 0 140 2 205
232 0 183 14 206
241 0 256 5 207
228 0 71 2 208
234 0 76 1 209
239 0 79 1 210
233 0 192 14 211
256 0 317 5 212
234 0 55 3 213
233 0 60 3 214
229 0 62 2 215
233 0 68 2 216
247 0 270 15 217
241 0 81 1 218
238 0 61 3 219
237 0 68 2 220
248 0 125 4 221
243 0 96 14 222
245 0 73 2 223
240 0 39 5 224
243 0 79 1 225
247 0 237 4 226
247 0 64 2 227
244 0 69 2 228
252 0 255 14 229
250 0 74 2 230
247 0 57 3 231
246 0 61 3 232
249 0 69 2 233
251 0 79 1 234
256 0 144 3 235
252 0 73 2 236
259 0 126 4 237
252 0 58 3 238
255 0 68 2 239
253 0 82 1 240
276 0 92 1 241
261 0 270 15 242
260 0 257 14 243
257 0 205 2 244
255 0 167 1 245
259 0 217 3 246
256 0 198 2 247
257 0 190 1 248
277 0 128 5 249
269 0 147 3 250
264 0 185 2 251
278 0 97 1 252
277 0 318 5 253
270 0 237 5 254
266 0 178 2 255
277 0 267 1 256
271 0 170 3 257
273 0 258 15 258
269 0 41 5 259
286 0 125 14 260
284 0 148 5 261
286 0 79 3 262
289 0 99 1 263
302 0 127 15 264
290 0 255 1 265
295 0 79 3 266
283 0 268 1 267
296 0 311 14 268
280 0 76 3 269
283 0 168 4 270
284 0 216 5 271
303 0 78 4 272
298 0 74 4 273
306 0 102 2 274
290 0 237 15 275
300 0 79 3 276
296 0 152 14 277
302 0 74 4 278
297 0 258 2 279
295 0 163 5 280
294 0 267 2 281
302 0 76 4 282
306 0 80 4 283
307 0 84 4 284
313 0 86 4 285
305 0 105 2 286
321 0 128 2 287
301 0 72 4 288
307 0 75 4 289
310 0 90 3 290
309 0 310 14 291
300 0 255 2 292
308 0 47 15 293
303 0 70 4 294
302 0 66 5 295
315 0 76 5 296
326 0 134 2 297
310 0 260 3 298
307 0 217 15 299
327 0 108 3 300
312 0 248 2 301
315 0 236 2 302
333 0 141 2 303
327 0 97 4 304
324 0 239 3 305
333 0 247 4 306
326 0 305 15 307
345 0 132 4 308
341 0 94 5 309
341 0 104 5 310
337 0 146 3 311
326 0 234 2 312
344 0 108 5 313
343 0 95 14 314
333 0 55 15 315
328 0 216 2 316
346 0 104 5 317
353 0 137 5 318
341 0 155 3 319
329 0 250 4 320
351 0 94 14 321
342 0 91 14 322
351 0 99 14 323
336 0 223 3 324
339 0 303 1 325
339 0 79 14 326
336 0 84 14 327
339 0 86 14 328
344 0 99 5 329
345 0 162 3 330
343 0 94 14 331
337 0 215 3 332
355 0 94 15 333
351 0 100 14 334
340 0 169 3 335
344 0 91 14 336
358 0 142 5 337
343 0 206 3 338
352 0 92 14 339
343 0 177 3 340
356 0 83 15 341
355 0 103 14 342
343 0 186 3 343
342 0 197 3 344
346 0 239 4 345
349 0 297 1 346
353 0 81 15 347
364 0 87 1 348
368 0 151 14 349
365 0 84 1 350
365 0 88 1 351
355 0 230 5 352
364 0 288 2 353
359 0 70 1 354
371 0 159 14 355
367 0 219 14 356
373 0 169 14 357
368 0 209 14 358
375 0 281 2 359
370 0 184 14 360
371 0 196 14 361
378 0 76 2 362
381 0 281 3 363
400 0 88 4 364
392 0 272 3 365
401 0 262 3 366
410 0 101 4 367
409 0 259 4 368
426 0 129 5 369
419 0 246 5 370
433 0 141 5 371
424 0 233 5 372
429 0 219 5 373
437 0 153 5 374
438 0 167 5 375
442 0 183 14 376
440 0 197 14 377
-15 0 28 5 378
13 0 27 2 379
41 0 28 15 380
72 0 27 5 381
105 0 27 3 382
138 0 27 1 383
173 0 27 15 384
206 0 27 14 385
242 0 27 14 386
272 0 27 15 387
316 0 27 2 388
341 0 26 3 389
373 0 26 5 390
404 0 27 1 391
433 0 27 3 392
456 0 32 4 393
457 0 61 3 394
457 0 89 2 395
461 0 133 1 396
462 0 161 1 397
461 0 189 1 398
460 0 216 1 399
454 0 247 1 400
454 0 276 2 401
454 0 305 3 402
452 0 331 4 403
426 0 333 2 404
398 0 332 15 405
370 0 334 5 406
340 0 326 2 407
308 0 333 1 408
279 0 333 15 409
251 0 333 14 410
182 0 332 14 411
145 0 329 15 412
117 0 328 2 413
92 0 333 3 414
64 0 333 5 415
36 0 332 15 416
8 0 333 3 417
-13 0 326 4 418
-14 0 301 3 419
-22 0 264 2 420
-21 0 238 1 421
-20 0 211 1 422
-20 0 183 1 423
-21 0 155 1 424
-22 0 130 1 425
-16 0 86 2 426
-17 0 55 3 427
