428
-12 0 212 4 0
-20 0 199 5 1
1 0 223 3 2
-30 0 194 14 3
-13 0 226 4 4
-25 0 184 5 5
15 0 258 3 6
-2 0 102 4 7
27 0 274 2 8
3 0 93 4 9
28 0 271 2 10
42 0 82 1 11
47 0 211 5 12
43 0 219 14 13
47 0 285 1 14
42 0 199 5 15
68 0 227 4 16
25 0 198 15 17
51 0 228 5 18
66 0 85 14 19
42 0 91 15 20
25 0 108 1 21
45 0 280 1 22
0 0 200 3 23
73 0 89 5 24
70 0 99 5 25
52 0 98 14 26
28 0 102 1 27
83 0 248 3 28
86 0 99 3 29
55 0 102 14 30
77 0 80 5 31
73 0 86 5 32
26 0 92 2 33
39 0 107 15 34
90 0 78 4 35
73 0 96 4 36
9 0 187 2 37
84 0 83 4 38
51 0 94 15 39
17 0 90 3 40
59 0 287 15 41
80 0 85 5 42
91 0 201 1 43
81 0 214 2 44
81 0 91 4 45
47 0 207 5 46
54 0 241 5 47
85 0 98 3 48
71 0 106 4 49
93 0 222 1 50
63 0 107 5 51
43 0 200 5 52
85 0 227 2 53
99 0 98 2 54
93 0 105 2 55
32 0 97 1 56
9 0 181 2 57
28 0 202 15 58
89 0 232 2 59
23 0 95 2 60
96 0 232 1 61
50 0 242 14 62
91 0 242 2 63
43 0 189 5 64
63 0 284 14 65
47 0 103 14 66
90 0 261 3 67
121 0 70 2 68
15 0 192 1 69
99 0 244 1 70
85 0 240 2 71
127 0 230 5 72
109 0 81 2 73
99 0 269 3 74
114 0 79 2 75
122 0 94 1 76
112 0 102 1 77
116 0 111 15 78
127 0 77 1 79
121 0 78 2 80
117 0 85 2 81
110 0 76 3 82
135 0 222 4 83
102 0 255 2 84
123 0 86 1 85
130 0 94 15 86
108 0 95 2 87
55 0 265 14 88
150 0 77 15 89
152 0 86 14 90
108 0 84 2 91
61 0 253 5 92
130 0 85 1 93
120 0 101 15 94
121 0 94 1 95
153 0 80 15 96
151 0 104 5 97
153 0 68 1 98
91 0 219 1 99
101 0 216 15 100
145 0 251 5 101
115 0 95 1 102
147 0 231 3 103
108 0 207 14 104
100 0 204 15 105
153 0 223 2 106
105 0 265 2 107
145 0 271 14 108
156 0 101 5 109
147 0 209 2 110
154 0 269 14 111
161 0 107 4 112
151 0 220 3 113
145 0 215 3 114
158 0 210 1 115
159 0 96 5 116
105 0 296 4 117
170 0 89 5 118
156 0 201 1 119
150 0 243 4 120
151 0 283 15 121
163 0 75 14 122
181 0 194 14 123
163 0 87 5 124
149 0 228 3 125
156 0 263 5 126
171 0 84 5 127
167 0 107 4 128
187 0 218 15 129
168 0 72 15 130
168 0 85 5 131
172 0 64 15 132
172 0 78 14 133
168 0 78 14 134
179 0 73 14 135
166 0 81 14 136
176 0 90 5 137
178 0 95 4 138
173 0 96 4 139
52 0 207 5 140
177 0 80 5 141
169 0 103 4 142
185 0 214 14 143
159 0 257 4 144
167 0 95 5 145
187 0 204 14 146
193 0 200 5 147
190 0 78 5 148
159 0 281 14 149
190 0 84 5 150
179 0 87 5 151
192 0 192 5 152
179 0 67 15 153
188 0 186 5 154
201 0 219 14 155
198 0 71 14 156
58 0 198 4 157
194 0 79 5 158
176 0 76 14 159
192 0 89 4 160
176 0 107 3 161
194 0 211 14 162
163 0 239 3 163
198 0 90 4 164
148 0 244 4 165
196 0 97 3 166
204 0 88 4 167
203 0 98 3 168
191 0 99 3 169
183 0 103 3 170
202 0 191 4 171
200 0 77 5 172
173 0 99 4 173
207 0 211 5 174
225 0 223 14 175
156 0 267 5 176
110 0 287 3 177
206 0 203 4 178
229 0 184 3 179
213 0 198 4 180
213 0 212 5 181
165 0 250 4 182
207 0 190 3 183
211 0 192 3 184
206 0 66 14 185
212 0 101 3 186
210 0 99 3 187
239 0 188 4 188
224 0 196 3 189
271 0 265 4 190
224 0 215 5 191
258 0 242 2 192
264 0 257 3 193
230 0 192 3 194
213 0 88 4 195
208 0 80 5 196
223 0 105 2 197
273 0 185 15 198
235 0 217 14 199
226 0 93 3 200
247 0 223 15 201
224 0 80 5 202
242 0 208 5 203
243 0 100 3 204
246 0 183 4 205
232 0 201 4 206
275 0 254 4 207
215 0 81 4 208
239 0 93 3 209
261 0 90 4 210
234 0 209 5 211
338 0 275 3 212
234 0 72 5 213
232 0 77 5 214
216 0 73 5 215
230 0 85 4 216
289 0 260 5 217
257 0 94 4 218
238 0 77 5 219
237 0 86 4 220
284 0 183 1 221
260 0 105 3 222
262 0 85 5 223
237 0 64 14 224
252 0 94 4 225
272 0 246 3 226
266 0 76 14 227
252 0 83 5 228
287 0 250 4 229
272 0 84 5 230
253 0 74 14 231
246 0 78 5 232
259 0 83 5 233
269 0 93 5 234
292 0 200 2 235
269 0 85 5 236
295 0 187 2 237
261 0 75 14 238
275 0 79 14 239
265 0 96 4 240
364 0 85 5 241
298 0 264 14 242
288 0 259 5 243
268 0 222 1 244
255 0 193 5 245
273 0 232 2 246
257 0 214 15 247
254 0 207 14 248
342 0 197 15 249
303 0 204 3 250
277 0 215 1 251
334 0 99 2 252
330 0 291 3 253
296 0 242 4 254
275 0 206 1 255
326 0 258 1 256
285 0 204 2 257
295 0 264 14 258
269 0 66 15 259
342 0 183 15 260
320 0 197 5 261
326 0 84 2 262
341 0 101 2 263
387 0 192 4 264
335 0 250 1 265
353 0 81 4 266
297 0 278 15 267
356 0 272 4 268
283 0 92 5 269
296 0 201 2 270
301 0 229 4 271
376 0 77 14 272
348 0 75 4 273
387 0 88 15 274
308 0 244 5 275
346 0 86 3 276
330 0 191 14 277
353 0 75 5 278
328 0 261 1 279
312 0 204 4 280
306 0 281 1 281
338 0 83 3 282
353 0 86 4 283
360 0 87 4 284
381 0 83 14 285
346 0 107 2 286
419 0 187 15 287
326 0 82 2 288
349 0 80 4 289
358 0 93 4 290
355 0 281 4 291
309 0 268 15 292
341 0 66 4 293
319 0 82 1 294
312 0 82 1 295
368 0 81 5 296
404 0 189 14 297
333 0 270 2 298
314 0 231 5 299
399 0 101 15 300
326 0 258 1 301
335 0 243 1 302
403 0 195 14 303
362 0 101 4 304
352 0 242 2 305
386 0 236 5 306
355 0 286 5 307
432 0 185 2 308
412 0 84 2 309
414 0 97 2 310
390 0 192 5 311
333 0 247 1 312
411 0 104 1 313
404 0 88 1 314
354 0 70 5 315
333 0 228 15 316
412 0 99 1 317
443 0 193 3 318
389 0 202 5 319
332 0 267 2 320
427 0 84 3 321
381 0 94 14 322
422 0 91 3 323
350 0 233 2 324
363 0 289 14 325
361 0 90 4 326
348 0 98 3 327
361 0 96 4 328
380 0 104 5 329
384 0 200 4 330
371 0 101 5 331
344 0 229 1 332
418 0 89 2 333
397 0 102 15 334
350 0 195 1 335
363 0 102 4 336
426 0 188 1 337
357 0 224 2 338
394 0 95 15 339
355 0 204 1 340
407 0 81 2 341
401 0 105 15 342
346 0 207 15 343
342 0 216 15 344
359 0 249 3 345
372 0 280 14 346
387 0 86 15 347
424 0 82 3 348
434 0 199 2 349
414 0 82 2 350
416 0 88 2 351
367 0 242 4 352
391 0 264 15 353
362 0 87 5 354
409 0 195 15 355
390 0 227 5 356
394 0 198 5 357
371 0 226 3 358
398 0 255 15 359
373 0 204 3 360
377 0 216 4 361
399 0 86 1 362
391 0 283 15 363
435 0 94 4 364
399 0 275 1 365
411 0 253 1 366
433 0 104 3 367
412 0 273 2 368
461 0 181 5 369
431 0 256 3 370
464 0 189 5 371
426 0 245 2 372
426 0 234 2 373
456 0 186 4 374
451 0 190 4 375
459 0 209 5 376
452 0 218 4 377
-9 0 63 14 378
6 0 62 5 379
20 0 63 4 380
47 0 61 2 381
83 0 61 14 382
118 0 62 3 383
163 0 61 1 384
201 0 59 15 385
254 0 62 15 386
277 0 61 1 387
362 0 61 14 388
363 0 58 14 389
398 0 58 2 390
424 0 60 4 391
440 0 60 14 392
456 0 61 15 393
457 0 79 14 394
458 0 94 14 395
478 0 180 14 396
481 0 195 15 397
478 0 213 15 398
472 0 222 14 399
444 0 247 4 400
447 0 266 5 401
444 0 285 5 402
438 0 289 5 403
430 0 299 5 404
416 0 293 3 405
402 0 302 3 406
382 0 267 14 407
348 0 299 5 408
332 0 300 4 409
315 0 298 3 410
116 0 297 3 411
61 0 280 14 412
47 0 277 15 413
46 0 298 2 414
29 0 299 3 415
17 0 293 4 416
5 0 300 5 417
-1 0 288 5 418
-6 0 287 14 419
-41 0 233 15 420
-36 0 230 15 421
-32 0 220 14 422
-34 0 206 14 423
-35 0 187 14 424
-40 0 185 15 425
-15 0 100 5 426
-17 0 72 15 427
