428
-8 0 206 15 0
-14 0 191 1 1
2 0 219 15 2
-21 0 183 2 3
-7 0 226 1 4
-15 0 172 1 5
17 0 255 14 6
6 0 104 15 7
30 0 271 14 8
14 0 92 15 9
36 0 273 5 10
49 0 80 4 11
53 0 203 1 12
50 0 213 2 13
53 0 286 4 14
50 0 191 2 15
70 0 222 15 16
38 0 187 3 17
58 0 225 1 18
70 0 83 2 19
52 0 91 4 20
40 0 108 4 21
55 0 284 4 22
21 0 186 4 23
76 0 88 2 24
74 0 96 1 25
61 0 97 2 26
43 0 103 4 27
85 0 243 14 28
87 0 96 15 29
64 0 101 2 30
81 0 79 2 31
78 0 87 2 32
42 0 94 4 33
53 0 108 3 34
91 0 73 1 35
79 0 95 1 36
31 0 174 3 37
87 0 82 1 38
62 0 95 2 39
37 0 94 5 40
69 0 291 3 41
85 0 85 1 42
93 0 195 4 43
86 0 208 5 44
86 0 90 1 45
60 0 197 1 46
65 0 240 1 47
89 0 97 15 48
78 0 104 1 49
96 0 217 5 50
73 0 107 1 51
58 0 189 1 52
90 0 223 5 53
101 0 95 14 54
97 0 103 14 55
51 0 100 3 56
33 0 167 3 57
48 0 187 2 58
94 0 229 5 59
45 0 100 4 60
100 0 228 4 61
66 0 243 1 62
98 0 239 5 63
62 0 176 15 64
77 0 291 3 65
66 0 106 2 66
98 0 258 14 67
122 0 65 15 68
42 0 176 2 69
107 0 242 4 70
96 0 241 5 71
128 0 226 2 72
115 0 80 14 73
108 0 266 14 74
119 0 77 14 75
126 0 90 5 76
118 0 104 4 77
121 0 113 4 78
129 0 74 14 79
126 0 75 14 80
123 0 83 5 81
118 0 75 14 82
137 0 217 1 83
112 0 254 5 84
128 0 83 5 85
134 0 91 4 86
117 0 99 5 87
77 0 278 2 88
149 0 74 4 89
151 0 82 4 90
118 0 84 14 91
82 0 255 15 92
134 0 82 5 93
127 0 102 4 94
128 0 92 4 95
152 0 76 4 96
151 0 101 2 97
153 0 61 5 98
106 0 212 3 99
114 0 207 3 100
147 0 247 1 101
125 0 98 4 102
149 0 226 15 103
120 0 198 2 104
114 0 194 2 105
155 0 217 14 106
118 0 265 5 107
149 0 267 3 108
157 0 101 2 109
150 0 203 14 110
157 0 266 2 111
163 0 107 1 112
156 0 215 14 113
151 0 209 14 114
162 0 203 5 115
163 0 96 2 116
122 0 303 15 117
171 0 84 2 118
161 0 194 5 119
157 0 241 15 120
157 0 280 3 121
167 0 71 4 122
180 0 187 3 123
167 0 84 3 124
156 0 225 14 125
161 0 262 2 126
173 0 80 3 127
170 0 107 15 128
185 0 214 3 129
171 0 68 4 130
171 0 82 3 131
174 0 57 5 132
174 0 73 3 133
172 0 75 3 134
180 0 68 3 135
171 0 78 3 136
179 0 86 2 137
180 0 90 1 138
176 0 92 1 139
85 0 190 5 140
179 0 75 3 141
174 0 104 15 142
186 0 208 3 143
166 0 257 1 144
172 0 95 1 145
187 0 199 2 146
192 0 193 2 147
190 0 73 3 148
167 0 278 3 149
190 0 79 2 150
182 0 83 2 151
192 0 186 1 152
183 0 63 4 153
190 0 177 2 154
199 0 214 3 155
197 0 67 3 156
91 0 181 4 157
195 0 74 3 158
181 0 73 3 159
193 0 84 2 160
181 0 107 15 161
195 0 206 2 162
171 0 238 14 163
198 0 86 1 164
160 0 247 1 165
197 0 92 1 166
203 0 82 2 167
202 0 94 15 168
193 0 95 15 169
187 0 101 15 170
202 0 181 15 171
201 0 73 2 172
181 0 101 15 173
206 0 206 2 174
220 0 221 3 175
168 0 268 2 176
133 0 297 14 177
206 0 198 1 178
224 0 171 15 179
212 0 192 15 180
212 0 209 2 181
176 0 252 15 182
208 0 181 15 183
211 0 185 15 184
208 0 58 4 185
213 0 99 15 186
211 0 102 14 187
234 0 174 15 188
223 0 187 14 189
258 0 267 1 190
223 0 211 2 191
249 0 240 5 192
253 0 257 15 193
229 0 185 15 194
216 0 85 1 195
213 0 76 2 196
224 0 102 14 197
262 0 166 3 198
233 0 213 2 199
227 0 88 1 200
242 0 221 3 201
226 0 76 2 202
239 0 199 1 203
240 0 95 15 204
242 0 170 1 205
232 0 195 1 206
265 0 255 15 207
219 0 78 2 208
237 0 88 1 209
254 0 86 2 210
234 0 204 1 211
312 0 288 14 212
234 0 67 3 213
232 0 72 2 214
220 0 69 3 215
231 0 80 2 216
276 0 263 2 217
252 0 90 1 218
238 0 72 3 219
237 0 80 2 220
272 0 165 4 221
255 0 102 15 222
257 0 81 2 223
238 0 56 4 224
249 0 89 1 225
264 0 243 14 226
260 0 73 3 227
250 0 79 2 228
276 0 252 1 229
265 0 81 2 230
251 0 69 3 231
246 0 73 3 232
256 0 79 2 233
263 0 89 2 234
280 0 182 5 235
264 0 82 2 236
284 0 169 5 237
258 0 70 3 238
268 0 75 3 239
261 0 92 1 240
336 0 87 14 241
287 0 266 2 242
279 0 258 1 243
264 0 217 4 244
255 0 185 2 245
269 0 227 5 246
257 0 209 3 247
255 0 202 3 248
321 0 176 2 249
293 0 186 14 250
273 0 206 4 251
316 0 98 4 252
313 0 299 15 253
288 0 240 1 254
272 0 197 4 255
310 0 261 4 256
281 0 193 5 257
288 0 262 2 258
269 0 58 5 259
324 0 166 2 260
309 0 181 15 261
313 0 82 5 262
325 0 100 5 263
360 0 172 14 264
321 0 252 4 265
335 0 80 15 266
293 0 275 4 267
337 0 284 15 268
282 0 87 3 269
292 0 191 14 270
296 0 225 15 271
353 0 77 1 272
332 0 75 15 273
361 0 92 1 274
302 0 242 2 275
332 0 84 14 276
319 0 179 1 277
337 0 75 15 278
318 0 260 4 279
307 0 191 15 280
303 0 277 4 281
327 0 80 14 282
338 0 84 15 283
343 0 86 15 284
360 0 84 2 285
333 0 106 5 286
388 0 169 1 287
318 0 79 14 288
336 0 79 15 289
343 0 92 15 290
341 0 290 1 291
306 0 264 4 292
331 0 60 1 293
314 0 79 5 294
309 0 77 5 295
352 0 80 1 296
379 0 172 15 297
326 0 267 5 298
311 0 227 2 299
376 0 103 2 300
321 0 255 4 301
329 0 241 4 302
381 0 179 1 303
351 0 99 15 304
343 0 241 5 305
369 0 240 1 306
346 0 292 1 307
405 0 169 3 308
390 0 87 4 309
391 0 99 4 310
374 0 178 15 311
331 0 243 4 312
390 0 105 3 313
384 0 90 3 314
347 0 65 2 315
331 0 225 4 316
391 0 101 3 317
415 0 176 4 318
374 0 187 15 319
331 0 262 5 320
403 0 87 5 321
368 0 93 2 322
400 0 93 5 323
345 0 230 5 324
356 0 293 2 325
354 0 86 1 326
344 0 93 15 327
354 0 93 1 328
368 0 102 1 329
371 0 188 15 330
362 0 98 1 331
342 0 225 5 332
398 0 90 5 333
382 0 101 3 334
347 0 187 4 335
357 0 98 15 336
405 0 174 3 337
352 0 218 5 338
381 0 94 3 339
351 0 195 5 340
391 0 82 4 341
387 0 104 3 342
345 0 200 4 343
342 0 210 4 344
355 0 246 15 345
365 0 285 2 346
376 0 85 3 347
405 0 84 5 348
413 0 183 4 349
399 0 83 5 350
400 0 88 5 351
364 0 239 15 352
382 0 271 3 353
361 0 82 2 354
397 0 184 2 355
383 0 225 1 356
387 0 189 1 357
370 0 221 15 358
391 0 263 4 359
372 0 197 15 360
375 0 209 15 361
392 0 83 4 362
388 0 282 4 363
424 0 92 15 364
396 0 274 5 365
408 0 256 5 366
426 0 103 15 367
411 0 269 14 368
450 0 165 1 369
427 0 253 14 370
454 0 175 1 371
425 0 242 14 372
427 0 229 14 373
450 0 176 1 374
447 0 183 15 375
454 0 201 1 376
448 0 211 1 377
-11 0 52 4 378
8 0 51 2 379
27 0 52 1 380
55 0 51 14 381
90 0 50 3 382
124 0 51 1 383
166 0 50 14 384
202 0 49 5 385
251 0 51 5 386
276 0 50 14 387
347 0 51 3 388
356 0 48 4 389
390 0 48 14 390
418 0 50 1 391
437 0 50 3 392
456 0 52 4 393
457 0 73 4 394
458 0 93 3 395
473 0 166 3 396
475 0 184 3 397
473 0 205 3 398
468 0 220 3 399
447 0 247 1 400
449 0 269 2 401
447 0 291 3 402
443 0 302 3 403
429 0 310 2 404
410 0 305 15 405
392 0 312 14 406
369 0 286 3 407
335 0 310 2 408
315 0 310 1 409
295 0 309 14 410
137 0 308 15 411
88 0 295 2 412
69 0 293 3 413
60 0 309 5 414
40 0 309 15 415
23 0 305 1 416
6 0 310 3 417
-5 0 300 3 418
-8 0 291 3 419
-35 0 243 4 420
-31 0 232 3 421
-28 0 217 3 422
-30 0 199 3 423
-31 0 178 3 424
-34 0 168 3 425
-15 0 95 3 426
-17 0 67 4 427
