428
-5 0 202 1 0
-10 0 186 2 1
3 0 216 1 2
-14 0 176 2 3
-2 0 225 1 4
-8 0 163 1 5
19 0 253 15 6
11 0 105 1 7
33 0 270 14 8
22 0 92 15 9
42 0 275 14 10
53 0 79 5 11
57 0 198 2 12
55 0 208 2 13
57 0 286 5 14
55 0 185 2 15
72 0 219 1 16
47 0 180 3 17
64 0 224 2 18
73 0 83 3 19
59 0 91 4 20
50 0 108 4 21
62 0 287 5 22
35 0 177 4 23
79 0 87 2 24
77 0 94 2 25
67 0 97 3 26
53 0 104 4 27
87 0 240 15 28
88 0 93 1 29
71 0 100 3 30
84 0 78 3 31
82 0 87 2 32
54 0 96 4 33
62 0 108 3 34
92 0 70 2 35
83 0 95 2 36
45 0 165 3 37
89 0 81 2 38
70 0 95 3 39
51 0 97 4 40
75 0 294 4 41
88 0 84 2 42
95 0 191 5 43
89 0 203 14 44
89 0 89 2 45
69 0 190 1 46
73 0 239 1 47
92 0 96 1 48
84 0 104 1 49
97 0 214 5 50
80 0 106 1 51
68 0 181 1 52
93 0 220 14 53
102 0 94 15 54
100 0 101 15 55
63 0 102 3 56
50 0 157 3 57
62 0 178 1 58
98 0 227 14 59
59 0 103 3 60
103 0 225 5 61
76 0 243 1 62
102 0 238 14 63
75 0 167 15 64
86 0 295 3 65
78 0 108 1 66
104 0 257 15 67
122 0 61 1 68
61 0 165 2 69
112 0 240 5 70
104 0 241 14 71
129 0 223 3 72
119 0 79 15 73
113 0 264 14 74
122 0 75 15 75
128 0 88 14 76
122 0 105 5 77
124 0 114 4 78
131 0 71 15 79
129 0 73 15 80
127 0 81 14 81
123 0 74 15 82
138 0 213 1 83
119 0 253 5 84
131 0 82 14 85
137 0 89 5 86
124 0 102 5 87
92 0 287 2 88
148 0 72 14 89
150 0 79 5 90
124 0 84 14 91
96 0 257 15 92
137 0 80 14 93
131 0 102 4 94
133 0 92 5 95
152 0 73 5 96
151 0 99 3 97
153 0 56 15 98
116 0 207 3 99
123 0 202 3 100
149 0 244 2 101
131 0 100 5 102
151 0 223 1 103
128 0 193 2 104
124 0 188 2 105
156 0 213 15 106
127 0 265 5 107
152 0 265 3 108
158 0 101 3 109
153 0 198 14 110
160 0 264 3 111
165 0 108 2 112
159 0 212 14 113
156 0 204 14 114
164 0 199 5 115
165 0 97 3 116
133 0 308 1 117
172 0 81 4 118
164 0 189 5 119
161 0 240 1 120
161 0 278 4 121
169 0 68 5 122
179 0 182 4 123
170 0 82 4 124
161 0 222 15 125
165 0 261 2 126
175 0 77 4 127
172 0 108 1 128
184 0 211 4 129
173 0 65 5 130
173 0 80 4 131
176 0 52 14 132
176 0 70 4 133
175 0 72 4 134
181 0 64 5 135
174 0 76 4 136
180 0 83 3 137
181 0 87 3 138
178 0 89 3 139
107 0 180 4 140
181 0 72 4 141
177 0 105 1 142
186 0 204 4 143
170 0 257 2 144
175 0 94 2 145
188 0 196 3 146
192 0 189 3 147
190 0 69 4 148
172 0 277 3 149
191 0 75 3 150
184 0 80 3 151
192 0 181 2 152
186 0 60 5 153
191 0 171 3 154
198 0 211 3 155
197 0 64 4 156
114 0 171 3 157
195 0 70 4 158
184 0 71 4 159
194 0 80 3 160
184 0 108 1 161
195 0 203 3 162
177 0 237 15 163
198 0 83 3 164
168 0 249 1 165
197 0 88 2 166
202 0 78 3 167
202 0 91 2 168
195 0 92 2 169
190 0 99 1 170
202 0 175 1 171
202 0 70 4 172
186 0 103 1 173
206 0 203 2 174
217 0 219 3 175
176 0 269 3 176
148 0 304 15 177
206 0 195 2 178
220 0 162 1 179
211 0 188 1 180
211 0 207 2 181
183 0 253 1 182
209 0 177 1 183
212 0 181 15 184
210 0 52 5 185
213 0 97 1 186
212 0 103 15 187
230 0 164 1 188
222 0 180 15 189
249 0 269 2 190
222 0 208 2 191
242 0 239 14 192
246 0 257 1 193
228 0 180 15 194
218 0 83 2 195
216 0 73 3 196
224 0 100 1 197
254 0 154 4 198
232 0 210 3 199
227 0 84 2 200
239 0 219 4 201
226 0 73 3 202
237 0 192 2 203
238 0 92 2 204
240 0 161 2 205
232 0 191 1 206
258 0 255 1 207
221 0 76 3 208
236 0 84 2 209
249 0 84 3 210
233 0 200 2 211
295 0 297 14 212
234 0 63 4 213
233 0 68 4 214
222 0 67 4 215
231 0 76 3 216
267 0 265 2 217
249 0 87 2 218
238 0 69 4 219
237 0 76 3 220
265 0 153 5 221
252 0 100 1 222
253 0 78 3 223
238 0 51 14 224
247 0 86 2 225
259 0 241 15 226
256 0 70 4 227
248 0 76 3 228
269 0 253 1 229
261 0 79 3 230
250 0 65 4 231
246 0 69 4 232
254 0 76 4 233
259 0 86 3 234
273 0 171 5 235
260 0 79 3 236
276 0 156 14 237
256 0 66 4 238
264 0 73 4 239
258 0 89 2 240
318 0 89 14 241
279 0 267 3 242
274 0 258 2 243
262 0 214 5 244
255 0 180 3 245
266 0 224 14 246
256 0 206 4 247
255 0 198 4 248
308 0 161 2 249
286 0 174 14 250
270 0 199 5 251
305 0 98 4 252
302 0 305 1 253
282 0 239 1 254
270 0 191 5 255
300 0 263 4 256
278 0 185 5 257
284 0 261 3 258
269 0 53 14 259
313 0 153 2 260
301 0 172 1 261
305 0 81 14 262
314 0 100 5 263
342 0 158 5 264
312 0 253 4 265
322 0 80 15 266
290 0 273 4 267
324 0 292 1 268
281 0 84 4 269
289 0 184 14 270
292 0 222 1 271
338 0 78 1 272
322 0 74 15 273
344 0 95 1 274
298 0 240 2 275
322 0 82 15 276
312 0 171 2 277
327 0 74 1 278
312 0 259 5 279
303 0 182 1 280
300 0 274 5 281
319 0 79 15 282
328 0 83 15 283
332 0 85 15 284
346 0 84 1 285
324 0 106 5 286
368 0 157 1 287
313 0 77 14 288
327 0 78 15 289
333 0 91 15 290
331 0 297 2 291
304 0 261 4 292
324 0 56 2 293
311 0 76 14 294
307 0 74 14 295
340 0 79 1 296
363 0 161 15 297
321 0 265 14 298
310 0 224 3 299
361 0 105 2 300
318 0 253 5 301
325 0 239 5 302
366 0 167 15 303
343 0 99 15 304
338 0 240 14 305
358 0 242 1 306
339 0 296 2 307
386 0 158 2 308
375 0 89 4 309
376 0 101 3 310
362 0 168 15 311
329 0 240 5 312
376 0 106 3 313
372 0 92 3 314
343 0 62 3 315
330 0 222 4 316
377 0 102 3 317
396 0 164 3 318
364 0 178 15 319
331 0 259 14 320
387 0 89 5 321
360 0 93 2 322
385 0 95 4 323
342 0 228 14 324
350 0 296 3 325
350 0 84 2 326
341 0 90 1 327
350 0 91 1 328
361 0 101 2 329
363 0 180 15 330
356 0 97 2 331
340 0 222 5 332
385 0 91 4 333
372 0 101 3 334
345 0 181 5 335
353 0 96 1 336
391 0 164 3 337
349 0 214 14 338
372 0 94 3 339
348 0 190 5 340
381 0 82 4 341
377 0 104 3 342
344 0 196 5 343
342 0 206 5 344
352 0 244 15 345
360 0 289 3 346
369 0 84 3 347
392 0 85 5 348
399 0 174 3 349
388 0 83 5 350
389 0 88 5 351
361 0 236 1 352
377 0 277 4 353
361 0 78 3 354
389 0 177 2 355
378 0 223 2 356
383 0 182 2 357
369 0 217 1 358
386 0 269 4 359
371 0 193 1 360
374 0 205 1 361
388 0 81 5 362
386 0 282 5 363
416 0 91 15 364
395 0 273 5 365
406 0 258 14 366
421 0 103 15 367
410 0 266 14 368
442 0 154 1 369
424 0 251 15 370
448 0 165 1 371
425 0 239 15 372
428 0 226 15 373
446 0 169 1 374
444 0 178 1 375
450 0 195 2 376
445 0 207 1 377
-12 0 44 5 378
10 0 44 4 379
31 0 44 2 380
60 0 44 15 381
95 0 43 4 382
128 0 44 2 383
168 0 43 15 384
203 0 42 14 385
248 0 44 14 386
275 0 43 15 387
337 0 44 4 388
352 0 41 5 389
385 0 41 15 390
414 0 43 2 391
436 0 43 4 392
456 0 45 14 393
457 0 69 5 394
457 0 92 4 395
469 0 156 4 396
471 0 178 4 397
469 0 200 4 398
465 0 219 3 399
449 0 247 2 400
451 0 271 3 401
449 0 295 4 402
446 0 311 5 403
428 0 317 3 404
406 0 313 1 405
385 0 319 15 406
360 0 298 4 407
327 0 317 3 408
304 0 317 2 409
281 0 316 15 410
151 0 316 1 411
105 0 305 3 412
84 0 303 4 413
70 0 316 14 414
47 0 316 1 415
27 0 313 2 416
7 0 317 4 417
-8 0 308 5 418
-10 0 294 4 419
-31 0 249 5 420
-28 0 234 4 421
-25 0 215 3 422
-27 0 194 3 423
-28 0 171 3 424
-30 0 157 4 425
-16 0 92 4 426
-17 0 63 5 427
