428
1 0 191 1 0
1 0 174 1 1
6 0 208 1 2
2 0 157 2 3
9 0 225 1 4
9 0 140 1 5
23 0 248 15 6
25 0 108 15 7
40 0 266 15 8
41 0 90 15 9
56 0 280 14 10
66 0 76 5 11
68 0 184 2 12
68 0 197 2 13
68 0 288 5 14
69 0 171 2 15
76 0 209 1 16
71 0 161 2 17
77 0 220 1 18
81 0 80 4 19
78 0 91 3 20
76 0 108 3 21
79 0 293 5 22
74 0 151 1 23
86 0 84 3 24
85 0 89 3 25
83 0 95 3 26
81 0 106 2 27
90 0 232 1 28
91 0 86 2 29
87 0 98 2 30
92 0 76 3 31
91 0 88 2 32
84 0 100 2 33
86 0 109 2 34
95 0 62 4 35
93 0 93 2 36
83 0 141 1 37
95 0 79 3 38
91 0 96 2 39
86 0 103 2 40
92 0 301 4 41
96 0 84 2 42
98 0 180 14 43
97 0 192 14 44
97 0 88 2 45
92 0 174 14 46
93 0 237 15 47
100 0 94 1 48
97 0 101 1 49
101 0 204 14 50
99 0 106 1 51
96 0 161 14 52
102 0 213 14 53
105 0 90 1 54
106 0 98 1 55
96 0 107 1 56
94 0 131 15 57
97 0 153 14 58
107 0 222 14 59
97 0 111 1 60
110 0 217 5 61
103 0 245 15 62
115 0 234 5 63
108 0 143 5 64
111 0 307 3 65
111 0 114 14 66
118 0 253 14 67
124 0 52 3 68
110 0 135 5 69
126 0 235 5 70
123 0 242 5 71
132 0 216 3 72
130 0 76 15 73
129 0 259 14 74
132 0 71 1 75
134 0 82 15 76
133 0 108 5 77
133 0 117 4 78
136 0 64 1 79
137 0 67 1 80
137 0 76 15 81
137 0 71 15 82
141 0 203 2 83
137 0 252 5 84
141 0 78 14 85
143 0 83 14 86
140 0 109 4 87
131 0 311 2 88
147 0 67 15 89
148 0 71 15 90
141 0 84 14 91
134 0 260 5 92
145 0 74 14 93
144 0 103 4 94
145 0 89 5 95
151 0 64 15 96
151 0 94 5 97
153 0 44 2 98
143 0 194 1 99
146 0 187 1 100
153 0 238 2 101
149 0 105 4 102
155 0 215 1 103
150 0 179 1 104
150 0 172 1 105
159 0 203 15 106
151 0 265 5 107
158 0 259 4 108
161 0 101 3 109
160 0 187 15 110
167 0 259 3 111
169 0 108 2 112
167 0 202 14 113
167 0 193 14 114
170 0 187 14 115
171 0 97 3 116
163 0 321 2 117
175 0 72 5 118
172 0 178 5 119
172 0 237 1 120
172 0 272 4 121
175 0 61 14 122
178 0 170 5 123
176 0 76 5 124
174 0 215 14 125
175 0 258 3 126
178 0 68 5 127
178 0 108 2 128
181 0 203 5 129
179 0 57 14 130
179 0 74 5 131
181 0 39 1 132
181 0 62 14 133
181 0 65 14 134
184 0 55 15 135
182 0 71 5 136
184 0 75 5 137
184 0 79 4 138
184 0 83 4 139
165 0 151 15 140
186 0 64 14 141
185 0 108 2 142
187 0 193 4 143
183 0 257 2 144
185 0 94 3 145
188 0 186 4 146
190 0 179 4 147
190 0 60 14 148
186 0 273 3 149
191 0 66 5 150
190 0 74 5 151
192 0 171 3 152
192 0 51 15 153
194 0 153 4 154
195 0 203 4 155
196 0 55 14 156
174 0 142 15 157
196 0 61 14 158
193 0 65 5 159
196 0 71 5 160
193 0 108 1 161
196 0 193 3 162
192 0 236 15 163
198 0 74 4 164
190 0 255 2 165
199 0 79 4 166
201 0 67 5 167
201 0 82 3 168
199 0 86 3 169
198 0 95 2 170
202 0 158 3 171
204 0 62 5 172
200 0 107 1 173
205 0 193 3 174
208 0 214 4 175
197 0 272 3 176
189 0 321 1 177
206 0 185 2 178
211 0 137 5 179
210 0 179 2 180
210 0 201 3 181
202 0 256 1 182
211 0 162 3 183
212 0 171 2 184
213 0 37 1 185
214 0 94 2 186
215 0 107 1 187
220 0 136 5 188
220 0 165 2 189
227 0 272 3 190
220 0 201 3 191
226 0 236 14 192
227 0 257 1 193
225 0 169 2 194
222 0 78 4 195
223 0 67 5 196
225 0 94 2 197
233 0 120 15 198
229 0 202 3 199
228 0 75 4 200
231 0 214 4 201
229 0 64 5 202
232 0 177 2 203
233 0 83 3 204
234 0 136 5 205
232 0 181 2 206
238 0 256 1 207
230 0 70 5 208
233 0 75 4 209
237 0 78 4 210
233 0 191 2 211
249 0 320 1 212
234 0 53 14 213
233 0 58 14 214
231 0 61 14 215
233 0 67 5 216
243 0 271 3 217
240 0 80 4 218
238 0 60 14 219
237 0 66 5 220
245 0 120 15 221
242 0 95 2 222
243 0 72 5 223
240 0 37 1 224
242 0 78 4 225
245 0 236 15 226
245 0 63 14 227
243 0 68 5 228
250 0 256 2 229
248 0 74 5 230
247 0 55 14 231
246 0 60 14 232
248 0 67 5 233
249 0 78 4 234
253 0 140 14 235
251 0 72 5 236
256 0 121 15 237
251 0 57 14 238
253 0 67 5 239
252 0 80 4 240
269 0 92 4 241
258 0 270 3 242
258 0 257 2 243
256 0 204 5 244
255 0 165 4 245
258 0 216 14 246
256 0 197 5 247
257 0 189 4 248
272 0 123 1 249
266 0 142 15 250
263 0 183 5 251
273 0 97 3 252
272 0 320 2 253
268 0 236 1 254
265 0 175 5 255
273 0 268 4 256
270 0 167 14 257
271 0 258 3 258
269 0 39 1 259
282 0 121 2 260
281 0 144 1 261
283 0 78 14 262
285 0 99 4 263
295 0 122 3 264
287 0 256 4 265
290 0 79 14 266
282 0 268 4 267
291 0 314 2 268
280 0 75 14 269
282 0 165 15 270
283 0 215 1 271
297 0 78 14 272
294 0 74 15 273
300 0 103 5 274
288 0 236 2 275
296 0 79 14 276
293 0 149 2 277
298 0 74 15 278
295 0 257 4 279
293 0 160 1 280
293 0 266 5 281
299 0 75 15 282
302 0 80 15 283
303 0 83 14 284
307 0 86 14 285
302 0 105 5 286
313 0 124 4 287
299 0 71 15 288
304 0 75 15 289
306 0 90 14 290
306 0 313 2 291
299 0 254 4 292
305 0 45 3 293
302 0 69 15 294
301 0 65 1 295
310 0 76 15 296
319 0 130 5 297
308 0 259 5 298
306 0 216 3 299
321 0 109 14 300
310 0 248 5 301
314 0 236 4 302
327 0 137 5 303
324 0 96 15 304
322 0 238 5 305
328 0 248 14 306
323 0 307 3 307
337 0 128 14 308
335 0 94 1 309
335 0 105 15 310
332 0 142 5 311
325 0 233 5 312
338 0 109 15 313
338 0 95 1 314
331 0 54 3 315
327 0 215 5 316
341 0 105 1 317
346 0 132 15 318
337 0 151 14 319
329 0 249 14 320
345 0 95 2 321
338 0 91 1 322
345 0 100 1 323
334 0 222 14 324
337 0 305 4 325
337 0 78 2 326
335 0 82 2 327
337 0 85 2 328
341 0 98 1 329
341 0 159 14 330
340 0 93 1 331
337 0 214 14 332
350 0 94 2 333
347 0 100 2 334
340 0 167 14 335
342 0 90 2 336
352 0 138 15 337
341 0 204 14 338
348 0 92 2 339
342 0 175 14 340
352 0 83 3 341
351 0 103 2 342
342 0 184 14 343
342 0 195 14 344
345 0 238 15 345
347 0 298 4 346
350 0 81 3 347
359 0 88 3 348
363 0 147 1 349
361 0 84 4 350
361 0 88 3 351
354 0 229 1 352
362 0 290 5 353
359 0 69 4 354
368 0 156 2 355
365 0 218 2 356
371 0 167 2 357
368 0 207 2 358
373 0 283 5 359
370 0 182 2 360
371 0 194 2 361
376 0 76 5 362
380 0 281 14 363
397 0 88 15 364
391 0 272 14 365
400 0 263 14 366
408 0 101 15 367
408 0 258 15 368
423 0 125 1 369
418 0 245 15 370
430 0 137 1 371
424 0 232 1 372
430 0 218 1 373
435 0 150 1 374
437 0 165 1 375
440 0 181 2 376
439 0 195 1 377
-15 0 25 1 378
14 0 25 5 379
43 0 25 3 380
74 0 24 1 381
107 0 24 14 382
139 0 25 4 383
174 0 24 3 384
206 0 24 2 385
241 0 25 2 386
272 0 24 3 387
312 0 24 5 388
339 0 24 14 389
371 0 24 1 390
403 0 24 4 391
432 0 24 14 392
456 0 29 1 393
457 0 59 14 394
457 0 89 5 395
460 0 129 4 396
460 0 159 4 397
460 0 187 4 398
459 0 216 4 399
454 0 247 4 400
455 0 277 5 401
455 0 306 14 402
454 0 334 1 403
425 0 336 5 404
396 0 335 3 405
367 0 336 1 406
337 0 331 14 407
305 0 336 4 408
275 0 336 3 409
246 0 335 2 410
188 0 335 2 411
152 0 333 3 412
123 0 332 5 413
96 0 335 14 414
66 0 336 1 415
38 0 335 3 416
9 0 336 14 417
-14 0 329 15 418
-15 0 302 14 419
-20 0 266 5 420
-20 0 239 4 421
-19 0 210 4 422
-19 0 181 3 423
-20 0 152 4 424
-20 0 125 4 425
-16 0 84 5 426
-17 0 53 14 427
