428
-12 0 213 5 0
-20 0 199 14 1
1 0 224 4 2
-30 0 195 15 3
-14 0 226 5 4
-26 0 185 14 5
14 0 259 4 6
-3 0 102 5 7
26 0 274 3 8
2 0 93 5 9
27 0 271 3 10
41 0 82 2 11
47 0 211 14 12
42 0 220 15 13
46 0 285 2 14
42 0 200 14 15
67 0 228 5 16
24 0 199 1 17
50 0 228 14 18
65 0 85 15 19
41 0 91 2 20
24 0 108 2 21
44 0 280 2 22
-2 0 202 4 23
72 0 89 14 24
69 0 99 14 25
51 0 98 15 26
26 0 102 2 27
83 0 249 4 28
86 0 100 4 29
55 0 102 15 30
77 0 80 14 31
73 0 86 14 32
24 0 91 3 33
37 0 107 1 34
90 0 79 5 35
73 0 96 14 36
7 0 188 3 37
84 0 83 5 38
50 0 94 1 39
16 0 90 4 40
58 0 286 1 41
79 0 85 14 42
91 0 201 2 43
81 0 215 3 44
80 0 91 5 45
46 0 208 14 46
53 0 241 14 47
85 0 98 4 48
70 0 106 5 49
93 0 223 2 50
62 0 107 14 51
41 0 201 15 52
85 0 228 3 53
99 0 98 3 54
93 0 105 3 55
30 0 96 2 56
7 0 182 3 57
26 0 203 1 58
89 0 232 3 59
21 0 95 3 60
95 0 233 2 61
49 0 242 15 62
90 0 242 3 63
42 0 191 14 64
62 0 284 15 65
46 0 103 1 66
89 0 261 4 67
121 0 70 3 68
12 0 193 2 69
99 0 244 2 70
84 0 240 3 71
127 0 231 14 72
108 0 81 3 73
98 0 269 4 74
113 0 80 3 75
122 0 94 2 76
112 0 102 2 77
116 0 111 1 78
127 0 78 2 79
121 0 78 3 80
117 0 85 3 81
110 0 76 4 82
135 0 223 5 83
101 0 255 3 84
122 0 86 2 85
130 0 94 1 86
108 0 94 3 87
53 0 264 15 88
150 0 78 1 89
152 0 86 15 90
107 0 84 3 91
59 0 253 14 92
129 0 85 2 93
119 0 101 1 94
121 0 94 2 95
153 0 81 1 96
151 0 104 14 97
153 0 68 2 98
90 0 220 2 99
100 0 216 1 100
144 0 251 14 101
114 0 94 2 102
146 0 231 5 103
107 0 207 15 104
98 0 205 1 105
153 0 223 4 106
104 0 265 3 107
145 0 271 15 108
156 0 101 14 109
146 0 210 4 110
153 0 270 15 111
160 0 107 5 112
150 0 221 4 113
144 0 216 4 114
158 0 210 2 115
159 0 96 14 116
103 0 295 5 117
170 0 89 14 118
155 0 201 2 119
150 0 243 5 120
151 0 283 1 121
163 0 76 15 122
181 0 195 15 123
163 0 87 14 124
148 0 229 4 125
155 0 263 14 126
171 0 85 14 127
167 0 107 5 128
187 0 219 1 129
168 0 72 1 130
168 0 85 14 131
172 0 65 1 132
172 0 79 15 133
168 0 79 15 134
179 0 74 15 135
165 0 82 15 136
176 0 90 14 137
178 0 95 5 138
173 0 96 5 139
49 0 208 14 140
177 0 81 14 141
169 0 103 5 142
185 0 214 15 143
158 0 257 5 144
166 0 95 14 145
187 0 205 15 146
193 0 200 14 147
190 0 79 14 148
159 0 281 15 149
190 0 85 14 150
179 0 87 14 151
192 0 193 14 152
179 0 68 1 153
188 0 187 14 154
201 0 220 15 155
198 0 72 15 156
55 0 199 5 157
194 0 79 14 158
176 0 76 15 159
192 0 89 5 160
176 0 107 4 161
194 0 212 15 162
162 0 239 4 163
198 0 91 5 164
147 0 244 5 165
196 0 98 4 166
204 0 88 5 167
203 0 99 4 168
190 0 99 4 169
182 0 104 4 170
202 0 192 5 171
200 0 77 14 172
173 0 98 5 173
207 0 212 14 174
225 0 223 15 175
155 0 267 14 176
108 0 286 4 177
206 0 204 5 178
230 0 185 4 179
213 0 198 5 180
213 0 212 14 181
164 0 250 5 182
207 0 190 4 183
211 0 192 4 184
206 0 67 15 185
212 0 101 3 186
210 0 99 4 187
240 0 190 5 188
224 0 197 4 189
272 0 265 14 190
224 0 216 14 191
259 0 242 3 192
265 0 257 4 193
230 0 192 4 194
212 0 89 5 195
208 0 80 14 196
223 0 105 3 197
274 0 186 1 198
235 0 218 15 199
226 0 93 4 200
247 0 223 1 201
224 0 81 5 202
242 0 208 14 203
243 0 100 4 204
246 0 184 5 205
232 0 201 5 206
276 0 254 5 207
214 0 81 5 208
239 0 94 4 209
261 0 90 5 210
234 0 209 14 211
340 0 274 4 212
234 0 73 14 213
232 0 78 14 214
215 0 73 14 215
230 0 86 5 216
290 0 260 14 217
257 0 95 5 218
238 0 77 14 219
237 0 86 5 220
285 0 184 2 221
261 0 105 4 222
263 0 85 14 223
237 0 65 15 224
252 0 95 5 225
272 0 246 4 226
266 0 77 15 227
252 0 83 14 228
288 0 250 5 229
273 0 85 14 230
253 0 75 15 231
246 0 78 14 232
259 0 84 14 233
269 0 93 14 234
293 0 201 3 235
269 0 86 14 236
296 0 189 3 237
261 0 76 15 238
275 0 79 15 239
265 0 97 5 240
367 0 85 14 241
299 0 264 15 242
289 0 259 14 243
268 0 223 2 244
255 0 194 14 245
274 0 233 3 246
257 0 214 1 247
254 0 207 15 248
344 0 199 1 249
304 0 205 4 250
278 0 216 2 251
336 0 99 3 252
331 0 290 4 253
297 0 242 5 254
275 0 207 2 255
327 0 258 2 256
286 0 205 3 257
296 0 264 15 258
269 0 66 1 259
343 0 185 1 260
321 0 198 14 261
327 0 84 3 262
343 0 101 3 263
389 0 193 14 264
336 0 250 2 265
354 0 81 5 266
298 0 279 1 267
357 0 271 5 268
283 0 92 14 269
297 0 202 4 270
301 0 230 5 271
378 0 77 15 272
349 0 75 5 273
389 0 87 1 274
308 0 245 15 275
348 0 86 4 276
331 0 192 15 277
355 0 75 14 278
329 0 261 2 279
313 0 205 5 280
307 0 281 2 281
339 0 83 4 282
354 0 86 5 283
361 0 87 5 284
383 0 83 1 285
347 0 107 3 286
422 0 189 2 287
326 0 82 3 288
350 0 80 5 289
359 0 93 5 290
356 0 281 5 291
309 0 269 1 292
342 0 66 5 293
319 0 83 2 294
312 0 82 2 295
370 0 81 15 296
406 0 190 15 297
334 0 270 3 298
314 0 232 14 299
401 0 100 1 300
326 0 259 2 301
336 0 243 2 302
405 0 196 15 303
363 0 101 5 304
353 0 242 3 305
387 0 236 14 306
355 0 286 14 307
435 0 187 3 308
414 0 83 3 309
416 0 96 3 310
392 0 193 14 311
334 0 248 2 312
413 0 104 2 313
405 0 88 2 314
354 0 71 14 315
333 0 229 1 316
413 0 99 3 317
446 0 195 4 318
390 0 203 14 319
332 0 268 3 320
429 0 84 5 321
382 0 94 15 322
424 0 91 4 323
350 0 233 3 324
364 0 288 15 325
362 0 90 5 326
348 0 98 4 327
362 0 96 5 328
381 0 104 14 329
385 0 201 5 330
372 0 101 14 331
344 0 229 2 332
420 0 89 4 333
398 0 102 1 334
351 0 196 2 335
363 0 102 5 336
428 0 189 2 337
357 0 224 3 338
395 0 95 1 339
355 0 205 2 340
409 0 81 3 341
403 0 105 1 342
346 0 207 1 343
342 0 216 1 344
360 0 249 4 345
373 0 279 15 346
388 0 86 1 347
425 0 82 4 348
435 0 200 3 349
416 0 82 3 350
417 0 88 3 351
368 0 243 5 352
391 0 263 1 353
362 0 88 14 354
410 0 196 1 355
391 0 227 14 356
394 0 199 14 357
371 0 227 4 358
399 0 254 1 359
373 0 204 4 360
377 0 216 5 361
399 0 87 2 362
391 0 283 2 363
436 0 94 5 364
399 0 275 2 365
411 0 253 2 366
434 0 104 4 367
412 0 274 3 368
462 0 182 14 369
431 0 256 4 370
465 0 191 14 371
426 0 246 3 372
426 0 235 3 373
456 0 187 5 374
452 0 191 5 375
460 0 210 14 376
452 0 218 5 377
-9 0 64 15 378
5 0 63 14 379
20 0 64 5 380
46 0 62 3 381
83 0 62 15 382
117 0 63 4 383
163 0 62 2 384
201 0 60 1 385
255 0 63 1 386
277 0 62 2 387
363 0 62 15 388
364 0 59 15 389
398 0 59 3 390
425 0 61 5 391
440 0 61 15 392
456 0 61 1 393
457 0 79 15 394
458 0 94 15 395
478 0 181 15 396
481 0 196 1 397
478 0 213 1 398
472 0 222 15 399
443 0 247 5 400
446 0 266 14 401
444 0 284 14 402
438 0 288 14 403
430 0 298 14 404
416 0 292 4 405
403 0 301 4 406
383 0 266 15 407
349 0 298 14 408
333 0 299 5 409
317 0 297 4 410
114 0 296 4 411
59 0 278 15 412
45 0 275 1 413
44 0 297 3 414
28 0 298 4 415
17 0 292 5 416
5 0 299 14 417
-1 0 287 14 418
-6 0 287 15 419
-41 0 232 1 420
-37 0 230 1 421
-32 0 220 15 422
-34 0 207 15 423
-36 0 188 15 424
-40 0 187 1 425
-15 0 100 14 426
-17 0 73 1 427
