428
-10 0 209 5 0
-16 0 195 5 1
2 0 221 4 2
-24 0 188 14 3
-9 0 226 5 4
-19 0 178 5 5
16 0 257 3 6
2 0 103 5 7
29 0 272 3 8
9 0 93 4 9
33 0 272 2 10
46 0 81 2 11
51 0 206 14 12
47 0 215 14 13
50 0 285 2 14
47 0 194 14 15
69 0 224 4 16
33 0 192 15 17
55 0 226 14 18
68 0 84 15 19
48 0 91 1 20
33 0 108 2 21
51 0 282 1 22
12 0 192 2 23
75 0 88 14 24
72 0 97 14 25
57 0 98 15 26
36 0 103 1 27
84 0 245 4 28
87 0 97 4 29
61 0 101 14 30
80 0 79 14 31
76 0 87 14 32
35 0 93 2 33
47 0 108 15 34
91 0 75 5 35
76 0 96 5 36
22 0 180 1 37
86 0 82 5 38
57 0 95 15 39
29 0 92 3 40
65 0 289 1 41
83 0 85 5 42
92 0 197 1 43
84 0 210 3 44
84 0 90 5 45
54 0 201 5 46
60 0 240 14 47
88 0 97 4 48
75 0 105 5 49
95 0 219 2 50
69 0 107 5 51
51 0 194 5 52
88 0 225 3 53
100 0 96 3 54
95 0 104 3 55
43 0 98 1 56
23 0 174 1 57
39 0 193 15 58
92 0 230 2 59
35 0 98 2 60
98 0 230 2 61
59 0 242 14 62
95 0 240 2 63
54 0 181 5 64
71 0 288 15 65
58 0 105 14 66
95 0 259 3 67
121 0 67 4 68
30 0 182 1 69
104 0 243 2 70
91 0 241 3 71
128 0 228 14 72
112 0 80 3 73
104 0 267 3 74
117 0 78 3 75
124 0 92 2 76
116 0 103 2 77
119 0 112 1 78
128 0 75 2 79
124 0 76 3 80
120 0 84 2 81
115 0 75 3 82
136 0 219 5 83
108 0 254 2 84
126 0 84 2 85
132 0 92 1 86
114 0 97 2 87
68 0 273 14 88
149 0 76 1 89
151 0 83 15 90
114 0 84 3 91
73 0 254 5 92
132 0 83 2 93
124 0 102 1 94
125 0 93 1 95
152 0 78 1 96
151 0 102 14 97
153 0 64 2 98
100 0 215 1 99
108 0 211 15 100
146 0 249 14 101
120 0 96 2 102
148 0 228 4 103
115 0 202 14 104
108 0 198 15 105
154 0 220 3 106
113 0 265 2 107
147 0 269 15 108
157 0 101 14 109
149 0 205 3 110
156 0 268 14 111
162 0 107 5 112
154 0 217 3 113
149 0 211 3 114
160 0 206 2 115
161 0 96 14 116
115 0 300 5 117
171 0 86 14 118
159 0 197 2 119
154 0 242 5 120
155 0 281 1 121
165 0 73 1 122
180 0 190 15 123
165 0 85 15 124
153 0 226 4 125
159 0 262 14 126
172 0 82 14 127
169 0 107 4 128
186 0 216 1 129
170 0 69 1 130
170 0 83 14 131
173 0 60 1 132
173 0 75 15 133
170 0 76 15 134
180 0 70 15 135
169 0 80 15 136
178 0 87 14 137
179 0 92 5 138
175 0 94 5 139
71 0 197 4 140
178 0 77 15 141
172 0 104 5 142
186 0 210 15 143
163 0 257 5 144
170 0 95 5 145
187 0 201 14 146
193 0 196 14 147
190 0 75 14 148
164 0 279 15 149
190 0 81 14 150
181 0 85 14 151
192 0 188 5 152
181 0 65 1 153
189 0 181 14 154
200 0 216 15 155
197 0 69 15 156
77 0 188 3 157
195 0 76 14 158
179 0 74 15 159
193 0 86 5 160
179 0 107 4 161
195 0 208 14 162
168 0 238 3 163
198 0 88 5 164
155 0 246 5 165
196 0 94 4 166
203 0 84 5 167
202 0 96 4 168
192 0 97 4 169
185 0 102 4 170
202 0 185 4 171
201 0 74 14 172
178 0 100 5 173
206 0 208 14 174
222 0 222 15 175
163 0 268 14 176
123 0 293 3 177
206 0 200 5 178
226 0 177 3 179
212 0 195 4 180
212 0 210 14 181
171 0 251 4 182
208 0 185 4 183
211 0 188 4 184
207 0 61 15 185
213 0 100 4 186
211 0 101 4 187
236 0 180 4 188
223 0 191 4 189
263 0 266 5 190
223 0 213 14 191
253 0 241 2 192
258 0 257 4 193
229 0 188 4 194
214 0 87 5 195
211 0 78 14 196
224 0 103 3 197
267 0 175 15 198
234 0 215 14 199
227 0 90 5 200
244 0 222 15 201
225 0 78 14 202
240 0 202 14 203
241 0 97 4 204
244 0 176 5 205
232 0 198 5 206
269 0 255 5 207
217 0 79 14 208
238 0 90 5 209
257 0 88 5 210
234 0 206 5 211
323 0 282 3 212
234 0 69 15 213
232 0 74 14 214
218 0 71 14 215
230 0 82 5 216
281 0 262 14 217
254 0 92 5 218
238 0 74 14 219
237 0 83 5 220
277 0 173 1 221
257 0 103 4 222
259 0 83 14 223
237 0 60 1 224
250 0 91 5 225
267 0 244 4 226
262 0 74 15 227
251 0 80 14 228
281 0 251 5 229
268 0 83 14 230
252 0 71 15 231
246 0 75 14 232
257 0 81 14 233
266 0 90 14 234
285 0 189 2 235
266 0 83 14 236
289 0 177 2 237
259 0 72 15 238
271 0 77 15 239
263 0 94 5 240
348 0 86 4 241
292 0 265 15 242
283 0 258 14 243
266 0 219 2 244
255 0 188 14 245
271 0 229 3 246
257 0 211 15 247
254 0 204 15 248
330 0 184 15 249
297 0 193 3 250
275 0 210 2 251
324 0 98 2 252
320 0 296 4 253
291 0 241 5 254
273 0 201 1 255
317 0 260 1 256
283 0 198 2 257
291 0 263 15 258
269 0 61 1 259
332 0 174 15 260
314 0 188 5 261
319 0 83 2 262
332 0 100 2 263
371 0 180 4 264
327 0 251 1 265
342 0 80 4 266
295 0 277 1 267
345 0 279 5 268
282 0 89 15 269
294 0 195 3 270
298 0 227 5 271
363 0 77 14 272
339 0 75 4 273
372 0 90 14 274
305 0 243 14 275
338 0 85 4 276
324 0 184 14 277
344 0 75 5 278
322 0 260 2 279
309 0 196 5 280
304 0 278 2 281
332 0 81 3 282
345 0 85 4 283
350 0 86 5 284
369 0 83 14 285
338 0 106 3 286
402 0 177 15 287
321 0 80 3 288
341 0 79 4 289
349 0 92 4 290
347 0 287 5 291
307 0 266 1 292
335 0 62 5 293
316 0 80 2 294
310 0 79 2 295
359 0 80 14 296
389 0 180 5 297
329 0 268 3 298
312 0 229 14 299
386 0 102 15 300
323 0 257 1 301
332 0 242 1 302
390 0 185 14 303
356 0 100 4 304
347 0 241 3 305
376 0 238 5 306
349 0 290 14 307
417 0 176 1 308
399 0 85 2 309
401 0 98 1 310
381 0 184 5 311
332 0 245 2 312
399 0 105 1 313
393 0 89 1 314
350 0 67 14 315
332 0 226 1 316
400 0 100 1 317
427 0 183 2 318
380 0 193 5 319
332 0 264 3 320
413 0 86 3 321
373 0 94 14 322
409 0 92 2 323
347 0 231 2 324
359 0 291 14 325
357 0 88 5 326
346 0 95 4 327
357 0 94 5 328
373 0 103 14 329
376 0 193 4 330
366 0 99 5 331
343 0 226 2 332
407 0 90 2 333
388 0 101 15 334
349 0 190 1 335
359 0 100 5 336
414 0 180 1 337
354 0 221 3 338
386 0 95 15 339
353 0 199 2 340
398 0 82 2 341
393 0 104 15 342
345 0 203 1 343
342 0 212 1 344
357 0 247 4 345
368 0 283 15 346
381 0 85 15 347
413 0 83 3 348
422 0 190 2 349
405 0 83 2 350
407 0 88 2 351
365 0 240 4 352
386 0 268 15 353
362 0 84 14 354
402 0 189 15 355
386 0 226 14 356
390 0 193 14 357
370 0 223 4 358
394 0 260 1 359
372 0 200 4 360
376 0 212 4 361
395 0 85 1 362
389 0 282 1 363
429 0 93 4 364
397 0 274 2 365
409 0 255 2 366
429 0 104 4 367
411 0 271 3 368
455 0 172 5 369
429 0 254 4 370
459 0 181 5 371
425 0 243 3 372
427 0 231 3 373
452 0 180 5 374
449 0 186 4 375
456 0 204 5 376
450 0 214 5 377
-10 0 57 1 378
7 0 56 14 379
24 0 57 5 380
51 0 55 3 381
87 0 55 15 382
121 0 56 4 383
165 0 55 2 384
202 0 53 1 385
252 0 56 1 386
276 0 55 2 387
353 0 55 15 388
359 0 52 15 389
393 0 52 3 390
421 0 54 5 391
438 0 54 15 392
456 0 55 1 393
457 0 76 15 394
458 0 93 15 395
475 0 172 15 396
477 0 189 15 397
475 0 209 15 398
470 0 221 15 399
445 0 247 5 400
448 0 268 14 401
446 0 288 15 402
441 0 296 15 403
429 0 305 14 404
413 0 300 4 405
396 0 308 3 406
374 0 278 15 407
341 0 305 14 408
322 0 306 5 409
304 0 304 4 410
128 0 303 4 411
76 0 288 15 412
60 0 286 1 413
54 0 304 2 414
35 0 305 4 415
21 0 300 5 416
6 0 306 14 417
-3 0 295 15 418
-7 0 290 15 419
-37 0 239 1 420
-33 0 231 15 421
-30 0 218 15 422
-31 0 202 15 423
-33 0 181 15 424
-37 0 176 15 425
-15 0 97 15 426
-17 0 69 1 427
