428
-14 0 216 4 0
-23 0 203 5 1
0 0 226 3 2
-34 0 200 14 3
-16 0 226 5 4
-30 0 191 14 5
13 0 260 3 6
-6 0 101 5 7
24 0 275 2 8
-3 0 94 4 9
24 0 270 2 10
38 0 83 1 11
44 0 215 5 12
39 0 222 14 13
43 0 284 1 14
38 0 204 14 15
66 0 230 4 16
18 0 204 1 17
47 0 229 14 18
63 0 85 14 19
37 0 91 1 20
17 0 108 2 21
40 0 278 1 22
-12 0 208 4 23
70 0 90 5 24
67 0 100 5 25
47 0 99 15 26
19 0 101 2 27
82 0 251 3 28
85 0 101 3 29
51 0 103 14 30
75 0 81 5 31
71 0 86 5 32
17 0 90 3 33
31 0 107 1 34
89 0 81 4 35
70 0 97 5 36
-2 0 194 3 37
82 0 84 4 38
45 0 94 15 39
7 0 88 4 40
54 0 285 15 41
77 0 85 5 42
90 0 204 1 43
79 0 217 2 44
78 0 91 4 45
40 0 212 14 46
47 0 242 14 47
83 0 99 4 48
67 0 106 5 49
92 0 225 1 50
58 0 107 5 51
34 0 206 14 52
82 0 229 2 53
98 0 99 2 54
91 0 106 2 55
22 0 95 2 56
-4 0 189 3 57
17 0 209 1 58
87 0 233 2 59
11 0 93 3 60
94 0 235 1 61
42 0 241 14 62
87 0 243 2 63
33 0 197 14 64
55 0 281 15 65
38 0 102 15 66
86 0 262 3 67
120 0 72 2 68
0 0 201 3 69
95 0 246 2 70
79 0 240 3 71
126 0 232 5 72
105 0 82 3 73
94 0 270 3 74
111 0 81 2 75
120 0 96 1 76
109 0 101 1 77
113 0 110 15 78
125 0 79 1 79
119 0 79 2 80
114 0 86 2 81
106 0 77 3 82
134 0 225 4 83
96 0 255 2 84
120 0 87 1 85
128 0 96 15 86
104 0 93 2 87
44 0 258 15 88
150 0 79 15 89
153 0 88 14 90
103 0 84 3 91
50 0 252 14 92
127 0 86 1 93
116 0 101 1 94
118 0 94 1 95
153 0 83 14 96
151 0 105 5 97
153 0 71 15 98
83 0 223 2 99
94 0 220 1 100
143 0 253 5 101
109 0 93 2 102
145 0 233 4 103
102 0 211 15 104
92 0 209 1 105
153 0 226 3 106
98 0 265 2 107
143 0 273 15 108
155 0 101 5 109
144 0 212 3 110
151 0 271 14 111
159 0 107 4 112
148 0 223 3 113
142 0 218 3 114
156 0 213 2 115
157 0 96 5 116
96 0 292 4 117
169 0 92 5 118
153 0 204 2 119
147 0 244 4 120
148 0 285 15 121
161 0 77 14 122
181 0 198 14 123
161 0 88 5 124
145 0 231 4 125
153 0 264 5 126
170 0 87 5 127
166 0 107 4 128
187 0 221 15 129
166 0 74 14 130
166 0 87 5 131
170 0 68 15 132
170 0 81 14 133
166 0 80 14 134
178 0 76 14 135
163 0 83 14 136
175 0 92 4 137
177 0 97 4 138
172 0 98 4 139
34 0 216 15 140
175 0 83 5 141
167 0 102 4 142
185 0 217 15 143
155 0 257 5 144
164 0 95 5 145
187 0 207 14 146
194 0 203 5 147
190 0 81 5 148
155 0 282 15 149
190 0 87 4 150
177 0 89 5 151
192 0 195 5 152
177 0 70 14 153
188 0 192 5 154
201 0 222 14 155
198 0 74 5 156
40 0 207 14 157
194 0 81 5 158
173 0 78 14 159
191 0 91 4 160
173 0 107 3 161
194 0 214 14 162
158 0 239 3 163
198 0 93 4 164
141 0 243 5 165
195 0 100 3 166
204 0 91 4 167
203 0 101 3 168
189 0 101 3 169
180 0 105 3 170
202 0 196 4 171
199 0 79 5 172
169 0 97 4 173
207 0 214 5 174
227 0 225 14 175
150 0 266 14 176
97 0 282 4 177
206 0 206 5 178
232 0 191 3 179
213 0 201 4 180
213 0 214 5 181
159 0 250 4 182
206 0 194 4 183
211 0 195 3 184
205 0 71 14 185
212 0 102 2 186
209 0 98 3 187
242 0 197 4 188
225 0 201 4 189
278 0 264 5 190
225 0 217 5 191
263 0 243 2 192
269 0 257 4 193
231 0 195 3 194
211 0 90 4 195
206 0 82 4 196
223 0 106 2 197
279 0 195 1 198
236 0 220 14 199
226 0 95 3 200
249 0 225 15 201
224 0 83 4 202
243 0 212 14 203
244 0 103 3 204
248 0 190 5 205
232 0 204 4 206
281 0 254 4 207
212 0 83 4 208
239 0 96 3 209
264 0 92 4 210
234 0 211 5 211
352 0 268 3 212
234 0 75 5 213
232 0 80 5 214
213 0 75 5 215
229 0 88 4 216
296 0 258 5 217
260 0 96 4 218
238 0 80 5 219
237 0 89 4 220
290 0 192 2 221
263 0 106 3 222
265 0 87 5 223
236 0 68 14 224
253 0 97 4 225
276 0 247 3 226
269 0 78 14 227
254 0 85 5 228
293 0 250 5 229
276 0 86 14 230
254 0 77 5 231
246 0 80 5 232
261 0 86 5 233
272 0 95 5 234
298 0 209 3 235
271 0 87 5 236
302 0 197 3 237
262 0 78 14 238
278 0 81 14 239
267 0 99 4 240
379 0 84 14 241
304 0 263 14 242
293 0 259 5 243
270 0 225 1 244
255 0 198 14 245
276 0 235 2 246
257 0 217 15 247
253 0 209 14 248
353 0 209 1 249
309 0 213 4 250
279 0 220 2 251
344 0 99 2 252
339 0 286 3 253
300 0 242 5 254
276 0 211 1 255
334 0 257 1 256
288 0 210 2 257
299 0 265 14 258
269 0 70 15 259
351 0 193 1 260
327 0 205 14 261
333 0 84 2 262
350 0 101 3 263
401 0 203 14 264
343 0 250 2 265
362 0 81 5 266
300 0 280 15 267
366 0 265 4 268
283 0 95 5 269
298 0 207 3 270
303 0 231 4 271
388 0 77 15 272
356 0 75 5 273
400 0 85 1 274
311 0 246 14 275
354 0 87 4 276
335 0 198 14 277
362 0 75 5 278
333 0 262 2 279
315 0 210 5 280
309 0 283 1 281
345 0 84 3 282
361 0 87 4 283
369 0 88 5 284
393 0 82 15 285
353 0 107 3 286
436 0 197 2 287
330 0 83 2 288
355 0 81 4 289
366 0 93 5 290
362 0 277 5 291
310 0 270 15 292
346 0 69 4 293
322 0 84 2 294
313 0 85 1 295
377 0 82 14 296
417 0 198 15 297
337 0 271 2 298
315 0 234 5 299
411 0 99 1 300
328 0 260 1 301
339 0 244 1 302
414 0 204 15 303
368 0 101 4 304
357 0 243 3 305
395 0 234 14 306
359 0 283 5 307
447 0 194 3 308
424 0 82 3 309
427 0 95 3 310
399 0 200 14 311
335 0 249 1 312
422 0 103 2 313
414 0 87 2 314
357 0 73 5 315
333 0 231 15 316
423 0 99 2 317
459 0 203 5 318
397 0 210 14 319
333 0 270 2 320
439 0 83 5 321
387 0 95 14 322
434 0 89 4 323
352 0 234 2 324
367 0 286 14 325
365 0 92 5 326
350 0 100 3 327
365 0 97 4 328
386 0 104 14 329
390 0 207 5 330
376 0 102 5 331
345 0 231 1 332
428 0 88 3 333
404 0 102 1 334
352 0 200 1 335
366 0 104 4 336
438 0 196 2 337
359 0 227 2 338
401 0 96 1 339
357 0 209 2 340
416 0 81 3 341
409 0 105 1 342
347 0 210 1 343
342 0 219 15 344
361 0 251 3 345
376 0 277 14 346
392 0 87 15 347
434 0 82 4 348
445 0 207 3 349
422 0 82 3 350
424 0 88 3 351
370 0 245 4 352
395 0 260 15 353
363 0 90 4 354
415 0 201 15 355
394 0 229 14 356
397 0 203 5 357
371 0 229 3 358
402 0 251 15 359
373 0 207 3 360
378 0 219 4 361
402 0 88 1 362
392 0 283 1 363
441 0 95 4 364
400 0 275 1 365
412 0 252 1 366
437 0 105 4 367
413 0 276 2 368
467 0 190 5 369
433 0 257 3 370
470 0 198 14 371
426 0 248 2 372
425 0 237 2 373
459 0 191 4 374
453 0 194 4 375
462 0 213 5 376
454 0 221 4 377
-8 0 69 14 378
4 0 68 5 379
17 0 69 4 380
43 0 67 2 381
80 0 66 14 382
114 0 68 3 383
162 0 66 15 384
200 0 65 14 385
257 0 68 14 386
278 0 66 15 387
369 0 67 14 388
367 0 63 14 389
402 0 63 2 390
428 0 65 4 391
441 0 65 5 392
456 0 65 15 393
457 0 82 14 394
458 0 95 14 395
480 0 188 15 396
484 0 201 15 397
480 0 217 15 398
474 0 223 14 399
442 0 247 4 400
445 0 265 5 401
443 0 281 5 402
436 0 282 4 403
431 0 294 4 404
419 0 287 3 405
408 0 297 3 406
388 0 258 14 407
355 0 294 5 408
341 0 295 4 409
326 0 292 3 410
105 0 291 4 411
47 0 271 15 412
36 0 268 1 413
38 0 292 2 414
23 0 293 3 415
14 0 287 4 416
4 0 295 5 417
1 0 282 5 418
-5 0 285 5 419
-44 0 228 15 420
-39 0 229 15 421
-34 0 221 14 422
-36 0 210 14 423
-38 0 192 14 424
-43 0 195 15 425
-15 0 102 5 426
-17 0 75 14 427
