428
-1 0 195 4 0
-3 0 179 4 1
5 0 211 3 2
-4 0 164 4 3
5 0 225 4 4
3 0 149 4 5
21 0 250 3 6
20 0 107 3 7
37 0 267 2 8
34 0 91 2 9
51 0 278 1 10
61 0 77 15 11
64 0 189 4 12
63 0 201 4 13
64 0 287 15 14
64 0 177 4 15
74 0 213 3 16
62 0 168 4 17
72 0 221 4 18
78 0 81 14 19
71 0 91 14 20
66 0 108 14 21
73 0 291 15 22
59 0 161 5 23
83 0 85 5 24
82 0 91 5 25
77 0 96 5 26
70 0 105 5 27
89 0 235 3 28
90 0 89 4 29
81 0 99 5 30
89 0 77 5 31
88 0 88 5 32
72 0 98 5 33
77 0 109 5 34
94 0 65 14 35
89 0 94 4 36
69 0 150 4 37
93 0 80 5 38
83 0 96 5 39
73 0 101 5 40
86 0 298 14 41
93 0 84 4 42
97 0 184 1 43
94 0 196 1 44
94 0 88 4 45
83 0 180 2 46
85 0 238 3 47
97 0 95 4 48
92 0 102 4 49
100 0 208 1 50
92 0 106 3 51
85 0 169 2 52
99 0 216 1 53
104 0 91 3 54
104 0 99 3 55
84 0 105 4 56
77 0 141 3 57
84 0 162 2 58
104 0 224 1 59
83 0 108 4 60
107 0 220 1 61
93 0 244 3 62
110 0 235 1 63
96 0 152 1 64
102 0 303 14 65
99 0 112 3 66
113 0 254 2 67
123 0 55 4 68
91 0 146 2 69
121 0 237 15 70
116 0 242 1 71
131 0 219 5 72
126 0 77 3 73
123 0 261 1 74
128 0 73 3 75
132 0 84 2 76
129 0 107 15 77
130 0 116 15 78
134 0 67 3 79
134 0 69 3 80
133 0 78 2 81
132 0 72 3 82
140 0 207 4 83
130 0 252 15 84
137 0 79 2 85
141 0 85 1 86
134 0 106 15 87
117 0 302 5 88
147 0 69 2 89
149 0 74 1 90
135 0 84 1 91
120 0 259 1 92
142 0 76 2 93
139 0 103 15 94
141 0 90 1 95
151 0 68 2 96
151 0 96 14 97
153 0 48 3 98
133 0 199 4 99
137 0 192 4 100
151 0 240 5 101
142 0 103 14 102
153 0 218 3 103
142 0 183 3 104
140 0 178 4 105
158 0 207 2 106
142 0 265 15 107
156 0 261 14 108
160 0 101 14 109
157 0 191 2 110
164 0 261 5 111
167 0 108 4 112
164 0 206 2 113
163 0 197 2 114
168 0 191 1 115
169 0 97 5 116
152 0 316 4 117
174 0 75 15 118
169 0 181 1 119
168 0 238 3 120
168 0 274 14 121
173 0 64 1 122
178 0 175 15 123
174 0 78 15 124
169 0 218 2 125
171 0 259 5 126
177 0 72 15 127
176 0 108 4 128
182 0 206 15 129
177 0 60 1 130
177 0 76 15 131
179 0 44 3 132
179 0 65 1 133
179 0 68 1 134
183 0 59 1 135
179 0 73 15 136
183 0 78 14 137
183 0 82 14 138
182 0 85 14 139
143 0 162 3 140
184 0 67 15 141
182 0 107 4 142
187 0 197 14 143
178 0 257 4 144
181 0 94 5 145
188 0 190 14 146
191 0 182 5 147
190 0 64 1 148
181 0 274 14 149
191 0 70 15 150
188 0 76 14 151
192 0 175 5 152
190 0 55 1 153
193 0 160 14 154
196 0 206 14 155
196 0 59 1 156
151 0 153 3 157
196 0 64 15 158
190 0 67 15 159
195 0 74 14 160
190 0 108 3 161
196 0 197 14 162
186 0 236 2 163
198 0 78 14 164
182 0 253 4 165
198 0 83 14 166
201 0 71 15 167
201 0 86 5 168
197 0 88 5 169
195 0 97 4 170
202 0 164 5 171
203 0 65 15 172
195 0 105 3 173
205 0 197 5 174
211 0 216 14 175
189 0 271 5 176
174 0 315 3 177
206 0 189 4 178
215 0 146 14 179
210 0 182 4 180
210 0 203 5 181
195 0 255 3 182
210 0 167 4 183
212 0 175 3 184
212 0 43 2 185
214 0 95 4 186
214 0 106 3 187
224 0 147 14 188
220 0 171 3 189
235 0 271 5 190
221 0 204 5 191
232 0 237 1 192
234 0 257 3 193
226 0 173 3 194
220 0 80 14 195
220 0 69 15 196
225 0 96 4 197
241 0 132 1 198
230 0 205 5 199
228 0 78 14 200
234 0 216 14 201
228 0 68 15 202
234 0 182 4 203
235 0 86 5 204
236 0 145 14 205
232 0 185 4 206
246 0 256 4 207
226 0 72 14 208
234 0 79 14 209
241 0 80 14 210
233 0 194 5 211
266 0 311 2 212
234 0 57 1 213
233 0 62 15 214
227 0 63 15 215
232 0 71 15 216
252 0 269 5 217
243 0 83 14 218
238 0 63 15 219
237 0 70 15 220
252 0 132 1 221
246 0 97 4 222
247 0 74 14 223
239 0 42 2 224
244 0 81 14 225
250 0 238 2 226
249 0 66 15 227
245 0 71 15 228
257 0 255 4 229
253 0 76 15 230
248 0 59 1 231
246 0 63 1 232
250 0 71 15 233
253 0 81 14 234
260 0 151 1 235
254 0 75 15 236
264 0 134 2 237
253 0 61 1 238
257 0 69 15 239
254 0 84 14 240
287 0 91 15 241
266 0 269 14 242
264 0 257 4 243
258 0 208 15 244
255 0 171 14 245
261 0 219 1 246
256 0 200 15 247
256 0 192 14 248
285 0 137 3 249
274 0 154 2 250
266 0 189 15 251
285 0 97 14 252
283 0 314 3 253
273 0 237 3 254
267 0 181 15 255
283 0 266 14 256
273 0 174 1 257
276 0 259 5 258
269 0 44 3 259
293 0 133 4 260
289 0 154 3 261
291 0 79 1 262
296 0 99 15 263
312 0 135 14 264
296 0 255 14 265
302 0 79 2 266
285 0 270 15 267
303 0 306 4 268
280 0 78 15 269
285 0 173 2 270
286 0 218 3 271
312 0 78 2 272
304 0 74 2 273
316 0 100 1 274
292 0 238 5 275
306 0 80 2 276
300 0 157 4 277
309 0 74 2 278
301 0 258 15 279
297 0 168 3 280
296 0 269 15 281
307 0 76 2 282
312 0 81 2 283
314 0 84 2 284
322 0 85 2 285
310 0 105 15 286
334 0 136 1 287
304 0 73 2 288
312 0 76 3 289
316 0 90 2 290
315 0 307 4 291
301 0 257 15 292
312 0 49 5 293
305 0 72 2 294
303 0 68 3 295
322 0 77 3 296
335 0 141 1 297
313 0 261 1 298
307 0 219 5 299
336 0 107 2 300
313 0 250 15 301
318 0 237 15 302
341 0 148 1 303
331 0 97 2 304
328 0 239 1 305
339 0 246 2 306
329 0 303 5 307
356 0 139 3 308
350 0 92 4 309
351 0 103 4 310
344 0 152 1 311
327 0 236 1 312
352 0 108 4 313
350 0 94 4 314
335 0 57 5 315
328 0 218 15 316
354 0 104 4 317
365 0 144 3 318
347 0 161 1 319
330 0 253 2 320
360 0 93 5 321
346 0 92 4 322
360 0 98 5 323
337 0 224 1 324
342 0 301 14 325
342 0 80 4 326
337 0 85 4 327
342 0 87 4 328
348 0 99 4 329
349 0 167 2 330
346 0 94 4 331
338 0 217 1 332
363 0 93 5 333
356 0 100 4 334
342 0 173 1 335
346 0 92 4 336
367 0 148 4 337
344 0 208 1 338
357 0 93 5 339
344 0 180 1 340
363 0 83 14 341
361 0 103 5 342
343 0 188 1 343
342 0 199 1 344
348 0 240 3 345
352 0 294 14 346
357 0 82 5 347
371 0 87 14 348
376 0 157 4 349
371 0 84 14 350
371 0 88 14 351
357 0 232 3 352
367 0 285 15 353
360 0 73 14 354
376 0 164 4 355
370 0 220 4 356
375 0 173 4 357
368 0 211 4 358
378 0 278 15 359
370 0 186 4 360
372 0 198 4 361
380 0 78 1 362
382 0 281 1 363
404 0 89 2 364
392 0 272 1 365
402 0 261 2 366
413 0 102 2 367
409 0 261 2 368
430 0 136 3 369
420 0 247 3 370
437 0 148 3 371
424 0 235 3 372
429 0 221 3 373
439 0 157 4 374
440 0 170 4 375
444 0 186 4 376
441 0 199 4 377
-14 0 32 2 378
12 0 32 15 379
39 0 32 5 380
69 0 32 3 381
103 0 31 1 382
135 0 32 14 383
172 0 31 4 384
205 0 31 4 385
244 0 32 4 386
273 0 31 4 387
321 0 32 15 388
344 0 30 1 389
376 0 30 3 390
407 0 31 5 391
433 0 31 1 392
456 0 35 2 393
457 0 63 1 394
457 0 90 15 395
463 0 139 14 396
464 0 166 14 397
463 0 192 14 398
461 0 217 14 399
452 0 247 14 400
453 0 275 15 401
453 0 302 1 402
451 0 325 2 403
426 0 329 15 404
400 0 327 5 405
374 0 330 3 406
345 0 319 15 407
313 0 329 14 408
286 0 329 5 409
259 0 328 4 410
174 0 328 4 411
135 0 322 5 412
109 0 321 15 413
86 0 328 2 414
59 0 328 3 415
34 0 327 5 416
8 0 329 15 417
-12 0 321 2 418
-13 0 299 1 419
-24 0 260 15 420
-23 0 237 15 421
-21 0 212 14 422
-22 0 186 14 423
-23 0 159 14 424
-24 0 137 14 425
-16 0 87 15 426
-17 0 57 1 427
