428
-7 0 204 4 0
-12 0 189 5 1
3 0 217 4 2
-18 0 180 5 3
-4 0 226 4 4
-12 0 168 5 5
18 0 254 3 6
9 0 104 4 7
32 0 271 2 8
18 0 92 4 9
39 0 274 2 10
51 0 80 1 11
55 0 200 5 12
53 0 210 14 13
55 0 286 1 14
53 0 188 5 15
71 0 220 4 16
43 0 183 14 17
61 0 225 5 18
72 0 83 14 19
56 0 91 15 20
45 0 108 1 21
58 0 285 1 22
28 0 181 1 23
78 0 87 14 24
76 0 95 5 25
64 0 97 14 26
48 0 103 15 27
86 0 242 3 28
88 0 94 4 29
67 0 101 14 30
83 0 79 14 31
80 0 87 5 32
48 0 95 1 33
57 0 108 14 34
92 0 72 5 35
81 0 95 5 36
38 0 170 15 37
88 0 82 5 38
66 0 95 14 39
44 0 95 1 40
72 0 292 15 41
86 0 85 5 42
94 0 193 1 43
87 0 205 2 44
87 0 90 5 45
64 0 194 4 46
69 0 240 5 47
91 0 97 4 48
81 0 104 4 49
96 0 215 1 50
77 0 107 5 51
63 0 185 4 52
92 0 222 2 53
101 0 95 3 54
98 0 102 3 55
57 0 101 15 56
42 0 162 14 57
55 0 182 5 58
96 0 228 2 59
52 0 101 15 60
101 0 226 1 61
71 0 243 5 62
100 0 239 2 63
68 0 172 4 64
82 0 293 14 65
72 0 107 5 66
101 0 258 3 67
122 0 63 4 68
51 0 170 5 69
110 0 241 1 70
100 0 241 2 71
129 0 225 14 72
117 0 79 3 73
111 0 265 2 74
121 0 76 3 75
127 0 89 2 76
120 0 104 1 77
123 0 113 15 78
130 0 72 3 79
127 0 74 3 80
125 0 82 2 81
121 0 74 3 82
137 0 215 5 83
115 0 254 1 84
130 0 83 2 85
135 0 90 1 86
120 0 100 1 87
85 0 283 14 88
149 0 73 1 89
151 0 80 1 90
121 0 84 2 91
89 0 256 4 92
136 0 81 2 93
129 0 102 1 94
131 0 92 1 95
152 0 74 1 96
151 0 100 14 97
153 0 58 2 98
111 0 209 15 99
118 0 204 14 100
148 0 246 5 101
128 0 99 1 102
150 0 225 4 103
124 0 195 5 104
119 0 191 14 105
155 0 215 3 106
123 0 265 1 107
150 0 266 15 108
158 0 101 14 109
152 0 200 3 110
159 0 265 14 111
164 0 107 5 112
157 0 213 3 113
154 0 206 3 114
163 0 201 2 115
164 0 96 14 116
128 0 306 4 117
172 0 82 14 118
162 0 191 1 119
159 0 241 4 120
159 0 279 15 121
168 0 70 1 122
180 0 184 15 123
168 0 83 15 124
159 0 223 3 125
163 0 261 5 126
174 0 78 15 127
171 0 107 4 128
185 0 212 15 129
172 0 66 1 130
172 0 81 15 131
175 0 54 2 132
175 0 72 15 133
173 0 73 15 134
181 0 66 1 135
172 0 77 15 136
179 0 84 14 137
180 0 89 14 138
177 0 91 5 139
96 0 185 1 140
180 0 74 15 141
175 0 105 4 142
186 0 206 15 143
168 0 257 5 144
174 0 95 5 145
187 0 197 14 146
192 0 191 14 147
190 0 71 15 148
170 0 278 15 149
190 0 77 14 150
183 0 82 14 151
192 0 183 5 152
184 0 61 1 153
190 0 174 14 154
199 0 213 14 155
197 0 65 15 156
103 0 177 15 157
195 0 72 15 158
183 0 72 15 159
193 0 82 14 160
183 0 107 4 161
195 0 204 14 162
174 0 238 3 163
198 0 84 5 164
164 0 248 4 165
197 0 90 5 166
203 0 80 14 167
202 0 92 5 168
194 0 94 5 169
189 0 100 4 170
202 0 179 4 171
201 0 71 15 172
184 0 102 4 173
206 0 204 5 174
219 0 220 15 175
172 0 269 14 176
141 0 300 3 177
206 0 196 5 178
222 0 166 4 179
212 0 190 4 180
212 0 208 5 181
179 0 252 4 182
208 0 179 4 183
211 0 183 3 184
209 0 55 1 185
213 0 98 4 186
212 0 102 3 187
232 0 169 4 188
222 0 184 3 189
254 0 268 5 190
223 0 210 14 191
246 0 240 2 192
250 0 257 4 193
228 0 182 3 194
217 0 84 5 195
214 0 75 14 196
224 0 101 3 197
258 0 160 15 198
233 0 211 14 199
227 0 86 5 200
241 0 220 15 201
226 0 74 14 202
238 0 196 5 203
239 0 93 4 204
241 0 165 5 205
232 0 193 4 206
261 0 255 4 207
220 0 77 14 208
237 0 86 5 209
251 0 85 14 210
234 0 202 5 211
303 0 292 3 212
234 0 65 15 213
232 0 70 15 214
221 0 68 15 215
231 0 78 14 216
271 0 264 5 217
250 0 89 5 218
238 0 70 15 219
237 0 78 14 220
269 0 159 1 221
253 0 101 4 222
255 0 80 14 223
238 0 53 1 224
248 0 88 5 225
261 0 242 3 226
258 0 71 15 227
249 0 77 14 228
273 0 252 5 229
263 0 80 14 230
251 0 67 15 231
246 0 71 15 232
255 0 77 14 233
261 0 87 14 234
277 0 177 1 235
262 0 80 14 236
280 0 162 2 237
257 0 68 15 238
266 0 74 15 239
260 0 90 5 240
327 0 88 3 241
283 0 266 14 242
276 0 258 5 243
263 0 215 1 244
255 0 182 14 245
267 0 226 2 246
257 0 207 15 247
255 0 200 15 248
315 0 169 5 249
289 0 180 2 250
272 0 203 1 251
310 0 98 1 252
307 0 302 4 253
285 0 240 4 254
271 0 194 1 255
305 0 262 15 256
279 0 189 2 257
286 0 262 14 258
269 0 55 2 259
318 0 160 14 260
305 0 177 4 261
309 0 82 2 262
319 0 100 1 263
351 0 165 2 264
316 0 252 1 265
329 0 80 3 266
291 0 274 15 267
331 0 288 4 268
282 0 85 15 269
291 0 187 3 270
294 0 224 4 271
345 0 77 5 272
327 0 75 4 273
353 0 94 4 274
300 0 241 14 275
327 0 83 3 276
316 0 175 5 277
332 0 75 4 278
315 0 260 1 279
305 0 186 4 280
301 0 275 1 281
323 0 80 3 282
333 0 84 3 283
338 0 86 4 284
353 0 84 5 285
329 0 106 2 286
378 0 163 4 287
315 0 78 3 288
331 0 78 4 289
338 0 92 3 290
336 0 293 5 291
305 0 263 15 292
327 0 58 5 293
312 0 77 2 294
308 0 75 2 295
346 0 79 5 296
371 0 166 4 297
323 0 266 2 298
311 0 225 14 299
369 0 104 5 300
320 0 254 1 301
327 0 240 1 302
373 0 173 4 303
347 0 99 4 304
340 0 241 2 305
363 0 241 4 306
343 0 294 5 307
396 0 163 14 308
382 0 88 15 309
384 0 100 15 310
368 0 173 3 311
330 0 242 1 312
383 0 106 14 313
378 0 91 15 314
345 0 64 14 315
331 0 223 15 316
384 0 101 15 317
406 0 170 15 318
369 0 182 3 319
331 0 260 2 320
395 0 88 1 321
364 0 93 5 322
392 0 94 1 323
344 0 229 2 324
353 0 295 14 325
352 0 85 5 326
343 0 92 4 327
352 0 92 4 328
365 0 102 5 329
367 0 184 3 330
359 0 98 5 331
341 0 223 1 332
392 0 91 1 333
377 0 101 14 334
346 0 184 1 335
355 0 97 4 336
398 0 169 14 337
351 0 216 2 338
376 0 94 14 339
350 0 192 2 340
386 0 82 1 341
382 0 104 14 342
345 0 198 1 343
342 0 208 1 344
354 0 245 3 345
362 0 287 14 346
373 0 84 15 347
399 0 84 2 348
406 0 179 15 349
393 0 83 1 350
394 0 88 1 351
362 0 237 4 352
379 0 274 15 353
361 0 80 14 354
393 0 180 14 355
380 0 224 5 356
385 0 186 5 357
370 0 219 4 358
388 0 266 15 359
372 0 195 4 360
375 0 207 4 361
390 0 82 1 362
387 0 282 1 363
420 0 92 3 364
396 0 274 1 365
407 0 257 2 366
423 0 103 3 367
411 0 267 3 368
446 0 160 4 369
426 0 252 3 370
451 0 170 5 371
425 0 240 3 372
427 0 228 3 373
448 0 173 4 374
446 0 180 4 375
452 0 198 5 376
447 0 209 4 377
-11 0 48 1 378
9 0 48 14 379
29 0 48 5 380
58 0 47 3 381
93 0 47 15 382
126 0 48 5 383
167 0 47 3 384
203 0 46 2 385
249 0 48 2 386
275 0 47 3 387
342 0 47 15 388
354 0 45 1 389
387 0 45 3 390
416 0 46 5 391
437 0 46 15 392
456 0 49 2 393
457 0 71 1 394
458 0 92 15 395
471 0 161 15 396
473 0 181 15 397
471 0 203 15 398
467 0 220 15 399
448 0 247 5 400
450 0 270 14 401
448 0 293 15 402
444 0 306 15 403
428 0 313 14 404
408 0 309 4 405
389 0 315 3 406
364 0 292 15 407
331 0 313 14 408
310 0 314 5 409
288 0 312 3 410
144 0 312 4 411
97 0 300 14 412
77 0 298 15 413
65 0 312 2 414
43 0 313 4 415
25 0 309 5 416
6 0 314 15 417
-6 0 304 15 418
-9 0 293 15 419
-33 0 246 1 420
-30 0 233 15 421
-27 0 216 14 422
-28 0 196 14 423
-29 0 174 14 424
-32 0 162 15 425
-15 0 94 15 426
-17 0 65 1 427
