428
-1 0 194 3 0
-3 0 179 3 1
5 0 210 2 2
-4 0 164 3 3
5 0 225 2 4
3 0 148 2 5
21 0 249 2 6
20 0 107 2 7
38 0 267 1 8
34 0 91 1 9
51 0 278 15 10
62 0 77 14 11
64 0 189 3 12
63 0 201 3 13
65 0 287 14 14
64 0 176 3 15
74 0 212 2 16
63 0 168 3 17
73 0 221 3 18
79 0 81 5 19
71 0 91 5 20
67 0 108 4 21
73 0 291 14 22
60 0 160 4 23
84 0 85 4 24
83 0 91 4 25
77 0 96 4 26
71 0 105 4 27
89 0 235 2 28
90 0 88 3 29
81 0 99 4 30
89 0 77 4 31
88 0 88 4 32
73 0 98 4 33
78 0 109 3 34
94 0 65 5 35
89 0 94 3 36
70 0 150 3 37
93 0 80 4 38
84 0 96 4 39
73 0 101 4 40
86 0 298 5 41
93 0 84 3 42
97 0 184 15 43
94 0 196 15 44
94 0 88 3 45
84 0 180 1 46
86 0 238 2 47
97 0 95 3 48
93 0 102 2 49
100 0 207 15 50
92 0 106 2 51
86 0 168 1 52
99 0 216 15 53
104 0 91 2 54
104 0 99 2 55
85 0 106 3 56
78 0 140 2 57
85 0 162 1 58
104 0 224 15 59
84 0 108 3 60
107 0 219 14 61
93 0 244 2 62
111 0 235 15 63
97 0 151 15 64
103 0 303 5 65
99 0 112 1 66
113 0 254 1 67
123 0 55 3 68
93 0 146 1 69
121 0 237 14 70
116 0 242 15 71
131 0 219 4 72
127 0 77 2 73
123 0 261 15 74
129 0 73 2 75
132 0 84 1 76
129 0 107 14 77
130 0 116 14 78
134 0 66 2 79
134 0 69 2 80
133 0 78 1 81
132 0 72 2 82
140 0 207 3 83
131 0 252 14 84
138 0 79 1 85
141 0 85 15 86
134 0 106 14 87
118 0 303 4 88
147 0 68 1 89
149 0 74 15 90
135 0 84 15 91
121 0 259 15 92
143 0 76 1 93
140 0 103 14 94
141 0 90 15 95
151 0 67 1 96
151 0 96 5 97
153 0 48 2 98
134 0 199 3 99
138 0 192 3 100
151 0 240 4 101
143 0 104 5 102
153 0 218 2 103
142 0 183 2 104
141 0 178 2 105
158 0 207 1 106
143 0 265 14 107
156 0 261 5 108
160 0 101 5 109
158 0 191 1 110
165 0 260 4 111
167 0 108 3 112
164 0 205 1 113
163 0 197 15 114
168 0 191 15 115
169 0 97 4 116
153 0 316 3 117
174 0 75 14 118
169 0 181 15 119
168 0 238 2 120
168 0 274 5 121
173 0 64 15 122
178 0 175 14 123
174 0 78 14 124
169 0 217 1 125
171 0 259 4 126
177 0 71 14 127
176 0 108 3 128
182 0 205 14 129
177 0 60 15 130
177 0 76 14 131
179 0 44 2 132
179 0 65 15 133
179 0 67 15 134
183 0 58 15 135
179 0 72 14 136
183 0 78 5 137
183 0 82 5 138
182 0 85 5 139
145 0 161 2 140
184 0 67 14 141
182 0 107 3 142
187 0 197 5 143
179 0 257 3 144
182 0 94 4 145
188 0 189 5 146
191 0 182 4 147
190 0 63 15 148
181 0 274 5 149
191 0 69 14 150
188 0 76 5 151
192 0 175 4 152
190 0 54 15 153
193 0 159 5 154
196 0 206 5 155
196 0 58 15 156
153 0 152 2 157
196 0 64 14 158
190 0 67 14 159
195 0 74 5 160
190 0 108 2 161
196 0 196 4 162
187 0 236 1 163
198 0 77 5 164
183 0 253 3 165
198 0 82 5 166
201 0 71 14 167
201 0 85 4 168
197 0 88 4 169
196 0 97 3 170
202 0 164 4 171
203 0 65 14 172
195 0 105 2 173
205 0 196 4 174
211 0 216 5 175
190 0 271 4 176
175 0 315 2 177
206 0 188 3 178
215 0 146 5 179
210 0 182 3 180
210 0 203 4 181
196 0 255 2 182
210 0 167 3 183
212 0 175 2 184
212 0 42 1 185
214 0 95 3 186
214 0 106 2 187
224 0 146 5 188
220 0 170 3 189
235 0 271 4 190
221 0 204 4 191
231 0 237 15 192
234 0 257 2 193
226 0 173 2 194
221 0 79 5 195
220 0 69 14 196
225 0 96 3 197
240 0 132 15 198
230 0 204 4 199
228 0 78 5 200
234 0 216 5 201
228 0 67 14 202
234 0 182 3 203
235 0 86 4 204
236 0 145 5 205
232 0 185 3 206
245 0 256 3 207
227 0 72 5 208
234 0 78 5 209
241 0 80 5 210
233 0 194 3 211
265 0 312 1 212
234 0 57 15 213
233 0 62 14 214
228 0 63 14 215
232 0 70 14 216
251 0 269 4 217
243 0 83 5 218
238 0 63 14 219
237 0 70 14 220
252 0 132 15 221
245 0 97 3 222
247 0 74 5 223
239 0 42 2 224
244 0 81 5 225
250 0 238 1 226
249 0 65 14 227
245 0 71 14 228
256 0 255 3 229
252 0 75 14 230
248 0 59 15 231
246 0 63 15 232
250 0 70 14 233
253 0 81 5 234
260 0 151 15 235
254 0 74 14 236
263 0 133 1 237
253 0 60 15 238
257 0 69 14 239
254 0 83 5 240
286 0 91 14 241
265 0 269 5 242
264 0 257 3 243
258 0 207 14 244
255 0 170 5 245
260 0 219 15 246
256 0 200 14 247
256 0 192 5 248
284 0 136 2 249
273 0 153 1 250
266 0 188 14 251
284 0 97 5 252
283 0 315 2 253
273 0 237 2 254
267 0 180 14 255
283 0 266 5 256
272 0 174 15 257
275 0 259 4 258
269 0 44 2 259
293 0 132 3 260
288 0 153 2 261
290 0 79 15 262
295 0 99 14 263
311 0 134 5 264
295 0 255 5 265
301 0 79 1 266
284 0 269 14 267
302 0 307 3 268
280 0 78 14 269
285 0 172 1 270
286 0 218 2 271
311 0 78 1 272
303 0 74 1 273
315 0 101 15 274
292 0 238 4 275
305 0 80 1 276
300 0 156 3 277
308 0 74 1 278
301 0 258 14 279
297 0 168 2 280
295 0 269 14 281
306 0 76 1 282
311 0 81 1 283
313 0 84 1 284
321 0 85 1 285
310 0 105 14 286
332 0 135 15 287
304 0 73 1 288
312 0 76 1 289
315 0 90 1 290
315 0 307 3 291
301 0 257 14 292
312 0 49 4 293
305 0 71 1 294
303 0 68 2 295
321 0 77 2 296
334 0 140 15 297
313 0 261 15 298
307 0 218 4 299
335 0 107 1 300
313 0 249 14 301
317 0 237 14 302
340 0 147 15 303
331 0 97 1 304
328 0 239 15 305
339 0 246 1 306
329 0 303 4 307
354 0 138 2 308
349 0 93 3 309
350 0 103 3 310
343 0 151 15 311
327 0 236 15 312
351 0 108 3 313
350 0 94 3 314
335 0 57 4 315
328 0 217 14 316
353 0 104 3 317
363 0 143 2 318
346 0 160 15 319
330 0 252 1 320
359 0 93 4 321
346 0 92 3 322
359 0 98 4 323
337 0 224 15 324
341 0 302 5 325
341 0 80 3 326
337 0 85 3 327
341 0 87 3 328
348 0 99 3 329
349 0 166 1 330
346 0 94 3 331
338 0 217 15 332
362 0 93 4 333
356 0 100 3 334
341 0 172 15 335
346 0 92 3 336
366 0 147 2 337
344 0 208 15 338
356 0 93 4 339
344 0 180 15 340
362 0 83 5 341
360 0 103 4 342
343 0 188 15 343
342 0 199 15 344
348 0 240 2 345
352 0 295 5 346
357 0 82 4 347
370 0 87 5 348
375 0 157 3 349
370 0 84 5 350
371 0 88 5 351
356 0 231 2 352
367 0 286 14 353
360 0 72 5 354
375 0 163 3 355
370 0 220 3 356
375 0 172 3 357
368 0 211 3 358
378 0 278 14 359
370 0 186 3 360
372 0 198 3 361
380 0 77 15 362
382 0 281 15 363
404 0 89 1 364
392 0 272 15 365
402 0 261 1 366
413 0 102 1 367
409 0 260 1 368
430 0 135 2 369
420 0 247 2 370
436 0 147 2 371
424 0 234 2 372
429 0 221 2 373
439 0 157 3 374
440 0 169 3 375
444 0 186 3 376
441 0 199 3 377
-14 0 32 1 378
12 0 31 14 379
39 0 32 4 380
69 0 31 2 381
103 0 31 15 382
136 0 31 5 383
172 0 31 3 384
205 0 30 3 385
243 0 31 3 386
273 0 31 3 387
321 0 31 14 388
343 0 30 15 389
376 0 30 2 390
406 0 31 4 391
433 0 31 15 392
456 0 35 1 393
457 0 63 15 394
457 0 90 14 395
463 0 138 5 396
464 0 165 5 397
463 0 192 5 398
461 0 217 5 399
453 0 247 5 400
453 0 275 14 401
453 0 303 15 402
451 0 326 1 403
426 0 329 14 404
400 0 327 4 405
373 0 330 2 406
345 0 319 14 407
312 0 329 5 408
285 0 329 4 409
258 0 329 3 410
175 0 328 3 411
136 0 323 4 412
110 0 322 14 413
87 0 329 1 414
60 0 329 2 415
34 0 327 4 416
8 0 329 14 417
-12 0 322 1 418
-13 0 299 15 419
-24 0 260 14 420
-23 0 237 5 421
-21 0 212 5 422
-22 0 186 5 423
-22 0 159 5 424
-24 0 136 5 425
-16 0 87 14 426
-17 0 57 15 427
