428
-4 0 199 3 0
-7 0 183 3 1
4 0 213 2 2
-10 0 171 4 3
1 0 225 3 4
-3 0 157 3 5
20 0 252 2 6
15 0 106 2 7
35 0 269 1 8
27 0 91 2 9
46 0 276 15 10
57 0 78 15 11
60 0 194 4 12
59 0 205 4 13
60 0 287 15 14
59 0 181 4 15
73 0 216 3 16
54 0 175 4 17
67 0 223 3 18
76 0 82 5 19
64 0 91 5 20
57 0 108 5 21
67 0 288 14 22
46 0 170 5 23
81 0 86 4 24
80 0 93 4 25
71 0 96 5 26
61 0 104 5 27
88 0 238 2 28
89 0 91 3 29
75 0 100 4 30
86 0 78 4 31
84 0 87 4 32
62 0 97 5 33
69 0 108 4 34
93 0 68 4 35
85 0 94 4 36
55 0 159 4 37
91 0 81 4 38
76 0 95 4 39
60 0 98 14 40
80 0 296 14 41
90 0 84 4 42
96 0 188 15 43
91 0 200 1 44
91 0 89 3 45
75 0 185 2 46
78 0 239 3 47
94 0 96 3 48
87 0 103 3 49
98 0 211 15 50
85 0 106 3 51
76 0 176 2 52
96 0 218 1 53
103 0 93 2 54
101 0 100 2 55
72 0 103 4 56
62 0 150 4 57
71 0 171 2 58
100 0 226 15 59
70 0 105 4 60
105 0 222 15 61
83 0 244 3 62
106 0 237 15 63
84 0 160 1 64
93 0 299 5 65
87 0 110 3 66
108 0 256 1 67
123 0 59 3 68
74 0 157 2 69
116 0 239 15 70
109 0 241 15 71
130 0 221 4 72
122 0 78 2 73
118 0 263 1 74
125 0 74 2 75
130 0 86 1 76
125 0 106 15 77
127 0 115 14 78
132 0 69 2 79
131 0 71 2 80
129 0 80 1 81
127 0 73 2 82
139 0 210 3 83
124 0 253 15 84
134 0 81 1 85
138 0 87 15 86
128 0 104 15 87
103 0 294 4 88
148 0 71 1 89
150 0 77 15 90
129 0 84 1 91
107 0 258 1 92
140 0 78 1 93
135 0 102 14 94
136 0 91 15 95
152 0 70 15 96
151 0 98 5 97
153 0 53 2 98
123 0 203 4 99
129 0 198 4 100
150 0 243 4 101
136 0 101 14 102
152 0 221 3 103
134 0 189 3 104
131 0 183 3 105
157 0 211 2 106
134 0 265 15 107
153 0 263 5 108
159 0 101 5 109
155 0 195 1 110
162 0 263 5 111
166 0 108 4 112
161 0 209 1 113
159 0 201 1 114
166 0 195 15 115
167 0 97 4 116
142 0 312 3 117
173 0 78 14 118
166 0 186 15 119
164 0 239 3 120
164 0 276 14 121
171 0 66 15 122
179 0 179 14 123
171 0 80 14 124
165 0 220 1 125
168 0 260 4 126
176 0 74 14 127
174 0 108 3 128
183 0 208 14 129
175 0 63 15 130
175 0 78 14 131
177 0 48 1 132
177 0 68 15 133
176 0 70 14 134
182 0 62 15 135
176 0 75 14 136
181 0 81 5 137
182 0 85 5 138
180 0 88 5 139
123 0 172 4 140
182 0 70 14 141
179 0 106 3 142
186 0 201 14 143
174 0 257 4 144
178 0 94 4 145
188 0 193 5 146
191 0 186 4 147
190 0 67 14 148
176 0 276 5 149
191 0 73 14 150
186 0 79 5 151
192 0 179 4 152
187 0 57 15 153
192 0 166 5 154
197 0 209 5 155
197 0 61 15 156
130 0 163 4 157
195 0 68 14 158
187 0 69 14 159
194 0 78 5 160
187 0 108 3 161
195 0 200 5 162
181 0 237 1 163
198 0 80 5 164
174 0 251 3 165
198 0 86 4 166
202 0 75 5 167
202 0 88 4 168
196 0 91 4 169
193 0 98 3 170
202 0 170 4 171
202 0 68 14 172
190 0 104 3 173
206 0 200 4 174
215 0 218 5 175
182 0 270 4 176
160 0 309 2 177
206 0 192 3 178
218 0 155 4 179
211 0 186 3 180
211 0 205 4 181
188 0 254 3 182
209 0 173 3 183
212 0 179 2 184
211 0 48 1 185
213 0 96 3 186
213 0 104 2 187
227 0 156 4 188
221 0 177 2 189
243 0 270 4 190
222 0 206 4 191
238 0 238 1 192
241 0 257 2 193
227 0 178 2 194
219 0 82 4 195
218 0 72 5 196
224 0 98 3 197
248 0 144 14 198
231 0 207 5 199
227 0 82 4 200
237 0 218 14 201
227 0 70 14 202
236 0 188 3 203
237 0 89 4 204
238 0 154 5 205
232 0 189 3 206
252 0 255 3 207
224 0 74 5 208
235 0 82 4 209
246 0 82 5 210
233 0 198 4 211
282 0 303 1 212
234 0 60 15 213
233 0 65 14 214
225 0 65 14 215
232 0 74 5 216
260 0 267 4 217
246 0 85 4 218
238 0 66 14 219
237 0 74 5 220
259 0 144 15 221
249 0 99 3 222
250 0 77 5 223
239 0 47 1 224
246 0 84 5 225
255 0 240 2 226
253 0 68 14 227
247 0 74 14 228
264 0 254 3 229
257 0 78 5 230
249 0 62 15 231
246 0 67 14 232
252 0 73 14 233
257 0 84 5 234
267 0 163 15 235
258 0 77 14 236
271 0 146 1 237
255 0 64 15 238
261 0 71 14 239
257 0 86 5 240
304 0 90 15 241
273 0 268 5 242
269 0 258 4 243
260 0 211 15 244
255 0 176 5 245
263 0 222 1 246
256 0 203 14 247
256 0 196 5 248
298 0 151 3 249
280 0 166 1 250
268 0 195 15 251
296 0 98 14 252
294 0 309 2 253
278 0 238 3 254
269 0 186 14 255
293 0 264 14 256
275 0 180 15 257
280 0 260 5 258
269 0 49 2 259
304 0 144 4 260
296 0 164 2 261
299 0 80 15 262
306 0 100 14 263
329 0 148 14 264
305 0 254 14 265
314 0 80 1 266
287 0 272 14 267
315 0 299 3 268
281 0 81 14 269
287 0 179 1 270
290 0 220 3 271
327 0 78 2 272
314 0 74 2 273
332 0 98 1 274
296 0 239 4 275
315 0 81 1 276
307 0 165 3 277
319 0 74 2 278
307 0 259 14 279
300 0 177 3 280
298 0 272 15 281
314 0 78 1 282
321 0 82 2 283
324 0 85 2 284
335 0 85 3 285
318 0 106 15 286
353 0 148 1 287
309 0 75 1 288
321 0 77 2 289
326 0 91 1 290
324 0 301 4 291
303 0 259 14 292
319 0 53 4 293
308 0 74 1 294
305 0 71 1 295
332 0 78 3 296
351 0 152 1 297
317 0 263 15 298
309 0 221 4 299
350 0 106 3 300
316 0 252 15 301
322 0 238 14 302
355 0 159 1 303
338 0 98 2 304
333 0 240 15 305
350 0 244 2 306
335 0 299 4 307
373 0 149 3 308
364 0 90 5 309
365 0 102 4 310
354 0 161 1 311
328 0 238 15 312
365 0 107 4 313
362 0 93 4 314
339 0 60 5 315
329 0 220 14 316
367 0 103 4 317
382 0 155 4 318
357 0 171 1 319
330 0 256 1 320
375 0 91 5 321
354 0 92 4 322
374 0 96 5 323
340 0 226 15 324
347 0 299 5 325
346 0 82 4 326
340 0 88 3 327
346 0 89 3 328
355 0 100 3 329
357 0 174 1 330
352 0 96 3 331
339 0 220 15 332
375 0 92 5 333
365 0 101 4 334
344 0 178 15 335
350 0 94 3 336
380 0 157 4 337
347 0 212 1 338
365 0 93 4 339
347 0 185 15 340
373 0 82 14 341
370 0 104 4 342
344 0 192 15 343
342 0 203 15 344
350 0 242 2 345
356 0 291 5 346
364 0 83 5 347
383 0 86 14 348
389 0 167 5 349
381 0 83 14 350
381 0 88 14 351
359 0 234 2 352
373 0 280 14 353
360 0 76 5 354
383 0 171 4 355
374 0 222 4 356
379 0 179 3 357
369 0 214 3 358
382 0 273 14 359
371 0 190 3 360
373 0 202 3 361
384 0 80 15 362
384 0 282 15 363
411 0 90 2 364
394 0 273 15 365
404 0 259 1 366
417 0 102 2 367
410 0 263 1 368
437 0 146 3 369
423 0 249 2 370
443 0 157 3 371
425 0 237 2 372
428 0 224 2 373
443 0 164 3 374
442 0 175 3 375
447 0 191 3 376
444 0 203 3 377
-13 0 39 1 378
11 0 39 14 379
35 0 39 4 380
64 0 38 2 381
98 0 38 14 382
131 0 39 4 383
170 0 38 3 384
204 0 37 2 385
246 0 39 2 386
274 0 38 3 387
330 0 38 14 388
348 0 36 15 389
381 0 36 2 390
411 0 38 4 391
435 0 38 14 392
456 0 41 1 393
457 0 67 15 394
457 0 91 14 395
467 0 149 5 396
468 0 173 5 397
467 0 197 5 398
464 0 218 5 399
450 0 247 5 400
452 0 273 14 401
451 0 298 15 402
448 0 317 15 403
427 0 322 14 404
404 0 319 4 405
380 0 324 2 406
354 0 307 14 407
321 0 322 5 408
296 0 322 4 409
272 0 321 3 410
161 0 321 3 411
118 0 313 4 412
95 0 311 14 413
77 0 321 1 414
52 0 322 3 415
30 0 319 4 416
7 0 322 14 417
-9 0 314 15 418
-11 0 296 14 419
-28 0 254 14 420
-26 0 235 14 421
-24 0 214 5 422
-25 0 190 5 423
-25 0 166 5 424
-28 0 148 14 425
-16 0 90 14 426
-17 0 60 15 427
