428
-15 0 217 2 0
-25 0 205 3 1
0 0 227 1 2
-37 0 203 4 3
-18 0 226 3 4
-33 0 195 4 5
13 0 261 1 6
-9 0 100 3 7
23 0 275 15 8
-6 0 94 3 9
21 0 269 15 10
36 0 84 14 11
42 0 217 4 12
37 0 224 4 13
42 0 284 14 14
36 0 206 4 15
66 0 232 2 16
14 0 207 14 17
44 0 229 4 18
62 0 86 4 19
34 0 91 14 20
13 0 108 1 21
37 0 277 14 22
-18 0 212 3 23
69 0 91 3 24
66 0 101 3 25
45 0 99 5 26
15 0 101 1 27
81 0 252 1 28
84 0 103 1 29
48 0 103 4 30
74 0 81 3 31
69 0 86 3 32
12 0 90 1 33
27 0 107 14 34
88 0 82 2 35
68 0 97 3 36
-8 0 198 1 37
81 0 84 2 38
41 0 94 5 39
1 0 87 2 40
51 0 283 5 41
76 0 85 3 42
89 0 206 14 43
78 0 219 15 44
77 0 91 2 45
36 0 215 4 46
44 0 242 4 47
82 0 99 2 48
64 0 107 3 49
92 0 227 14 50
55 0 107 4 51
30 0 210 5 52
81 0 231 15 53
97 0 99 15 54
90 0 107 15 55
17 0 94 1 56
-12 0 193 2 57
11 0 214 15 58
85 0 234 15 59
5 0 92 2 60
92 0 236 15 61
38 0 241 5 62
85 0 243 15 63
28 0 201 5 64
51 0 279 5 65
32 0 101 14 66
83 0 262 2 67
120 0 74 15 68
-8 0 205 2 69
93 0 246 15 70
76 0 240 1 71
126 0 234 3 72
104 0 83 1 73
92 0 271 1 74
109 0 81 15 75
119 0 97 14 76
107 0 100 14 77
112 0 109 5 78
125 0 81 14 79
118 0 80 15 80
112 0 87 15 81
104 0 78 1 82
133 0 227 2 83
93 0 255 15 84
118 0 87 14 85
127 0 97 5 86
101 0 91 15 87
37 0 254 5 88
150 0 80 5 89
153 0 89 4 90
100 0 84 1 91
44 0 251 5 92
126 0 87 14 93
114 0 101 14 94
116 0 95 14 95
153 0 84 4 96
151 0 106 3 97
153 0 73 5 98
79 0 225 15 99
90 0 222 14 100
143 0 254 3 101
106 0 92 15 102
145 0 234 2 103
98 0 213 5 104
88 0 212 14 105
152 0 228 1 106
94 0 265 1 107
142 0 274 5 108
155 0 101 3 109
143 0 214 1 110
150 0 272 4 111
159 0 107 2 112
147 0 225 1 113
140 0 220 2 114
155 0 215 15 115
156 0 96 3 116
91 0 290 3 117
169 0 93 3 118
152 0 206 15 119
145 0 245 2 120
146 0 286 5 121
160 0 79 4 122
181 0 200 4 123
160 0 89 3 124
143 0 232 2 125
151 0 265 3 126
169 0 88 3 127
165 0 107 2 128
188 0 222 5 129
165 0 75 4 130
165 0 88 3 131
170 0 70 5 132
170 0 82 4 133
165 0 82 4 134
177 0 78 4 135
162 0 84 4 136
175 0 93 2 137
176 0 98 2 138
171 0 99 2 139
24 0 221 14 140
175 0 84 3 141
166 0 102 2 142
185 0 219 5 143
153 0 257 3 144
162 0 95 3 145
187 0 209 4 146
194 0 205 3 147
190 0 83 3 148
153 0 282 5 149
190 0 89 2 150
176 0 90 3 151
192 0 197 3 152
176 0 71 4 153
187 0 195 3 154
202 0 223 4 155
198 0 75 3 156
30 0 212 5 157
194 0 83 3 158
172 0 79 4 159
191 0 93 2 160
172 0 107 1 161
194 0 216 4 162
156 0 239 1 163
198 0 94 1 164
138 0 242 3 165
195 0 102 1 166
204 0 93 1 167
203 0 102 1 168
189 0 102 1 169
179 0 105 1 170
202 0 199 2 171
199 0 80 3 172
167 0 97 2 173
207 0 216 3 174
229 0 225 4 175
146 0 265 4 176
91 0 279 2 177
206 0 208 3 178
234 0 195 2 179
213 0 203 2 180
213 0 215 3 181
156 0 249 2 182
206 0 196 2 183
211 0 197 1 184
204 0 73 3 185
212 0 103 15 186
209 0 98 1 187
244 0 201 3 188
226 0 204 2 189
281 0 263 3 190
225 0 219 3 191
266 0 244 15 192
272 0 257 2 193
232 0 197 2 194
210 0 91 2 195
205 0 83 2 196
223 0 107 15 197
283 0 200 14 198
237 0 221 4 199
226 0 97 1 200
250 0 225 5 201
223 0 84 2 202
244 0 215 4 203
245 0 104 1 204
249 0 194 3 205
232 0 206 2 206
284 0 254 2 207
211 0 84 2 208
240 0 98 1 209
266 0 93 2 210
234 0 213 3 211
359 0 264 2 212
234 0 77 3 213
232 0 82 2 214
212 0 76 3 215
229 0 90 2 216
300 0 257 4 217
261 0 98 2 218
238 0 81 3 219
237 0 91 2 220
293 0 198 15 221
265 0 107 1 222
267 0 88 3 223
236 0 71 4 224
254 0 98 1 225
278 0 248 2 226
271 0 80 4 227
254 0 86 3 228
296 0 249 3 229
278 0 87 4 230
255 0 79 3 231
246 0 82 3 232
262 0 87 3 233
274 0 96 3 234
301 0 214 1 235
273 0 89 3 236
305 0 203 1 237
263 0 80 3 238
280 0 82 4 239
268 0 100 2 240
387 0 83 5 241
308 0 262 5 242
295 0 259 3 243
271 0 227 14 244
255 0 200 4 245
277 0 236 1 246
257 0 218 5 247
253 0 211 4 248
359 0 215 15 249
312 0 219 3 250
281 0 223 15 251
349 0 99 1 252
343 0 284 2 253
303 0 243 3 254
277 0 214 14 255
338 0 256 15 256
289 0 213 15 257
301 0 266 4 258
269 0 72 4 259
356 0 199 14 260
330 0 210 4 261
336 0 85 1 262
355 0 101 1 263
409 0 209 5 264
347 0 249 15 265
368 0 81 3 266
301 0 281 14 267
371 0 262 3 268
283 0 96 3 269
300 0 210 1 270
305 0 233 3 271
394 0 77 14 272
361 0 75 3 273
407 0 84 15 274
313 0 246 4 275
358 0 88 2 276
338 0 201 5 277
367 0 75 4 278
336 0 262 15 279
317 0 214 3 280
310 0 284 14 281
348 0 84 2 282
365 0 88 3 283
374 0 88 3 284
399 0 82 14 285
356 0 107 1 286
445 0 202 1 287
332 0 84 15 288
359 0 82 3 289
370 0 93 3 290
367 0 274 3 291
311 0 272 5 292
349 0 71 3 293
323 0 86 15 294
314 0 86 14 295
382 0 83 4 296
424 0 203 14 297
339 0 272 1 298
315 0 235 4 299
418 0 99 15 300
329 0 261 14 301
340 0 245 14 302
421 0 209 14 303
371 0 102 3 304
359 0 243 1 305
399 0 233 4 306
362 0 281 3 307
455 0 199 2 308
431 0 81 2 309
433 0 95 2 310
404 0 204 4 311
335 0 251 14 312
428 0 103 1 313
419 0 86 1 314
359 0 74 3 315
334 0 232 5 316
429 0 98 1 317
467 0 208 3 318
401 0 214 4 319
333 0 272 15 320
446 0 82 3 321
391 0 95 5 322
441 0 89 2 323
353 0 235 15 324
370 0 285 4 325
367 0 93 3 326
351 0 101 1 327
367 0 98 2 328
389 0 105 4 329
394 0 210 3 330
378 0 102 3 331
346 0 232 14 332
434 0 87 2 333
409 0 102 14 334
353 0 202 14 335
368 0 105 2 336
444 0 200 1 337
360 0 229 15 338
405 0 96 14 339
358 0 211 15 340
421 0 81 1 341
413 0 105 14 342
347 0 212 14 343
342 0 221 5 344
363 0 252 2 345
378 0 275 4 346
395 0 88 5 347
439 0 81 3 348
451 0 211 2 349
427 0 82 1 350
429 0 88 1 351
371 0 246 2 352
397 0 257 5 353
363 0 92 2 354
419 0 205 14 355
396 0 229 4 356
399 0 206 4 357
371 0 231 2 358
404 0 248 5 359
373 0 209 1 360
379 0 221 2 361
404 0 89 14 362
393 0 283 14 363
444 0 96 3 364
400 0 275 14 365
413 0 251 14 366
439 0 105 2 367
413 0 277 15 368
470 0 195 4 369
434 0 258 1 370
473 0 202 4 371
426 0 249 15 372
425 0 238 15 373
461 0 194 3 374
455 0 197 2 375
464 0 216 3 376
455 0 223 2 377
-7 0 72 4 378
4 0 71 3 379
15 0 72 2 380
40 0 70 15 381
78 0 69 4 382
113 0 71 1 383
161 0 69 5 384
199 0 68 4 385
258 0 71 4 386
279 0 69 5 387
374 0 70 4 388
369 0 66 4 389
404 0 66 15 390
429 0 68 2 391
441 0 68 3 392
456 0 68 5 393
457 0 84 4 394
458 0 96 4 395
482 0 192 5 396
486 0 204 5 397
482 0 219 5 398
475 0 224 4 399
441 0 247 2 400
445 0 264 3 401
442 0 280 3 402
435 0 278 2 403
431 0 291 2 404
421 0 283 1 405
411 0 294 1 406
392 0 252 4 407
358 0 291 3 408
346 0 292 2 409
332 0 289 1 410
99 0 288 2 411
39 0 267 14 412
29 0 263 14 413
34 0 289 15 414
20 0 290 1 415
12 0 283 2 416
4 0 292 3 417
2 0 278 3 418
-4 0 284 3 419
-46 0 225 14 420
-40 0 228 5 421
-35 0 222 4 422
-37 0 212 4 423
-39 0 195 5 424
-45 0 200 5 425
-15 0 103 3 426
-17 0 77 4 427
