428
-3 0 198 2 0
-6 0 182 2 1
4 0 213 1 2
-9 0 170 2 3
2 0 225 2 4
-2 0 156 2 5
20 0 251 1 6
16 0 106 1 7
35 0 269 15 8
28 0 91 1 9
47 0 277 14 10
58 0 78 14 11
61 0 193 3 12
59 0 204 3 13
61 0 287 14 14
60 0 180 3 15
73 0 215 2 16
55 0 174 3 17
68 0 223 2 18
76 0 82 4 19
66 0 91 4 20
58 0 108 4 21
68 0 289 5 22
48 0 168 4 23
81 0 86 3 24
80 0 93 3 25
72 0 96 4 26
62 0 104 4 27
88 0 237 1 28
89 0 91 2 29
76 0 100 3 30
87 0 78 3 31
85 0 87 3 32
64 0 97 4 33
70 0 108 3 34
93 0 67 4 35
86 0 94 2 36
58 0 157 3 37
91 0 81 3 38
77 0 95 3 39
62 0 99 4 40
81 0 296 5 41
91 0 84 3 42
96 0 187 14 43
91 0 199 15 44
92 0 89 2 45
76 0 184 1 46
79 0 239 2 47
95 0 96 2 48
88 0 103 2 49
98 0 210 14 50
87 0 106 2 51
77 0 175 1 52
96 0 218 14 53
103 0 93 1 54
102 0 100 1 55
74 0 104 3 56
64 0 149 2 57
74 0 170 1 58
101 0 226 14 59
72 0 105 3 60
105 0 222 14 61
85 0 244 2 62
107 0 237 14 63
86 0 159 15 64
95 0 299 4 65
89 0 110 1 66
109 0 256 15 67
123 0 58 2 68
77 0 155 1 69
117 0 238 5 70
110 0 241 14 71
130 0 221 3 72
123 0 78 1 73
119 0 263 15 74
126 0 74 1 75
130 0 86 15 76
126 0 106 14 77
127 0 115 5 78
133 0 69 1 79
131 0 71 1 80
130 0 79 15 81
128 0 73 1 82
139 0 210 2 83
125 0 253 14 84
135 0 81 15 85
139 0 87 14 86
129 0 104 5 87
105 0 295 3 88
148 0 70 15 89
150 0 76 14 90
130 0 84 15 91
109 0 258 15 92
140 0 78 15 93
136 0 102 5 94
137 0 91 14 95
152 0 70 15 96
151 0 98 4 97
153 0 52 1 98
125 0 203 3 99
130 0 197 3 100
150 0 242 3 101
137 0 102 5 102
152 0 221 1 103
135 0 188 2 104
133 0 182 2 105
157 0 210 1 106
135 0 265 14 107
154 0 263 4 108
159 0 101 4 109
155 0 194 15 110
162 0 262 4 111
166 0 108 3 112
162 0 208 15 113
160 0 200 15 114
166 0 195 14 115
167 0 97 3 116
143 0 312 2 117
173 0 78 5 118
167 0 185 14 119
164 0 239 2 120
165 0 276 5 121
171 0 66 14 122
179 0 179 5 123
172 0 80 5 124
165 0 220 15 125
168 0 260 3 126
176 0 74 5 127
174 0 108 2 128
183 0 208 5 129
175 0 62 14 130
175 0 78 5 131
178 0 48 15 132
178 0 67 14 133
177 0 70 5 134
182 0 61 14 135
177 0 74 5 136
181 0 80 4 137
182 0 85 4 138
180 0 87 4 139
126 0 171 3 140
183 0 69 5 141
179 0 106 2 142
186 0 200 4 143
175 0 257 2 144
179 0 94 3 145
188 0 192 4 146
191 0 186 3 147
190 0 66 5 148
177 0 276 4 149
191 0 72 5 150
186 0 78 4 151
192 0 178 3 152
188 0 57 14 153
192 0 165 4 154
197 0 208 4 155
197 0 61 14 156
134 0 162 2 157
195 0 67 5 158
187 0 69 5 159
194 0 77 4 160
187 0 108 1 161
195 0 199 4 162
182 0 237 15 163
198 0 80 4 164
176 0 251 2 165
198 0 85 3 166
202 0 74 4 167
202 0 88 3 168
196 0 90 3 169
193 0 98 2 170
202 0 169 3 171
202 0 67 5 172
191 0 104 2 173
206 0 199 3 174
214 0 217 4 175
183 0 270 3 176
162 0 310 1 177
206 0 191 2 178
218 0 154 3 179
211 0 185 2 180
211 0 205 3 181
189 0 254 2 182
209 0 172 2 183
212 0 179 1 184
211 0 47 15 185
213 0 96 2 186
213 0 104 1 187
227 0 155 3 188
221 0 176 1 189
242 0 270 3 190
222 0 206 3 191
237 0 238 15 192
240 0 257 1 193
227 0 177 1 194
220 0 81 3 195
218 0 71 4 196
224 0 98 2 197
247 0 142 5 198
231 0 207 3 199
227 0 81 3 200
237 0 217 5 201
227 0 70 5 202
236 0 187 2 203
237 0 89 3 204
238 0 153 4 205
232 0 188 2 206
251 0 255 2 207
224 0 74 4 208
235 0 81 4 209
245 0 82 4 210
233 0 197 3 211
280 0 304 15 212
234 0 60 14 213
233 0 65 5 214
225 0 65 5 215
232 0 73 4 216
259 0 267 3 217
246 0 85 3 218
238 0 66 5 219
237 0 73 4 220
258 0 142 14 221
248 0 99 2 222
250 0 76 4 223
239 0 46 15 224
246 0 83 4 225
254 0 240 15 226
252 0 68 5 227
246 0 73 5 228
263 0 254 2 229
256 0 77 4 230
249 0 62 14 231
246 0 66 5 232
252 0 73 5 233
256 0 83 4 234
266 0 161 14 235
257 0 77 5 236
270 0 144 15 237
255 0 63 14 238
261 0 71 5 239
256 0 86 4 240
301 0 90 14 241
272 0 268 4 242
268 0 258 3 243
260 0 210 14 244
255 0 175 4 245
263 0 221 15 246
256 0 203 5 247
256 0 195 4 248
296 0 149 2 249
279 0 164 15 250
268 0 194 14 251
294 0 98 5 252
292 0 310 1 253
277 0 238 2 254
269 0 185 5 255
291 0 264 5 256
275 0 180 14 257
279 0 260 4 258
269 0 48 1 259
302 0 142 3 260
295 0 162 1 261
298 0 80 14 262
304 0 100 5 263
326 0 146 5 264
303 0 254 5 265
312 0 80 15 266
287 0 271 5 267
313 0 300 2 268
281 0 81 5 269
287 0 178 15 270
289 0 220 2 271
324 0 78 1 272
312 0 74 1 273
330 0 98 15 274
295 0 239 3 275
313 0 81 15 276
306 0 164 2 277
317 0 74 1 278
306 0 259 5 279
300 0 175 2 280
298 0 271 14 281
313 0 78 15 282
320 0 82 1 283
323 0 85 1 284
333 0 85 1 285
317 0 106 14 286
350 0 146 15 287
308 0 75 15 288
319 0 77 1 289
324 0 91 15 290
323 0 302 3 291
303 0 259 5 292
317 0 52 3 293
308 0 74 15 294
305 0 71 15 295
330 0 78 2 296
348 0 150 15 297
317 0 263 14 298
309 0 221 3 299
348 0 106 1 300
316 0 251 5 301
321 0 238 5 302
353 0 157 15 303
337 0 98 1 304
332 0 240 14 305
348 0 244 1 306
334 0 300 3 307
370 0 148 2 308
362 0 91 3 309
363 0 102 3 310
352 0 160 15 311
328 0 238 14 312
363 0 107 3 313
360 0 93 3 314
339 0 59 3 315
329 0 220 5 316
365 0 103 3 317
379 0 153 3 318
355 0 169 15 319
330 0 255 15 320
373 0 91 4 321
353 0 92 2 322
372 0 97 4 323
340 0 226 14 324
346 0 299 4 325
345 0 82 2 326
339 0 88 2 327
345 0 89 2 328
354 0 100 2 329
356 0 173 15 330
351 0 96 2 331
339 0 219 14 332
373 0 92 4 333
364 0 101 3 334
343 0 177 14 335
349 0 94 2 336
378 0 156 3 337
347 0 211 15 338
364 0 93 3 339
346 0 184 14 340
371 0 82 5 341
368 0 104 3 342
344 0 192 14 343
342 0 202 14 344
350 0 242 1 345
356 0 292 4 346
363 0 83 4 347
381 0 86 5 348
387 0 165 3 349
379 0 83 5 350
380 0 88 5 351
359 0 234 1 352
372 0 281 5 353
360 0 75 4 354
382 0 170 3 355
374 0 221 2 356
379 0 178 2 357
369 0 214 2 358
382 0 274 5 359
371 0 190 2 360
373 0 202 2 361
384 0 79 14 362
384 0 282 14 363
410 0 90 1 364
394 0 273 14 365
404 0 259 15 366
417 0 102 1 367
410 0 263 15 368
436 0 145 1 369
422 0 249 1 370
442 0 156 2 371
425 0 237 1 372
428 0 223 1 373
442 0 163 2 374
442 0 174 2 375
447 0 190 2 376
443 0 203 2 377
-13 0 38 15 378
11 0 38 5 379
35 0 38 3 380
65 0 37 1 381
99 0 37 5 382
132 0 38 3 383
170 0 37 2 384
204 0 36 1 385
246 0 38 1 386
274 0 37 2 387
329 0 37 5 388
347 0 35 14 389
380 0 35 1 390
410 0 36 3 391
435 0 36 5 392
456 0 40 15 393
457 0 66 14 394
457 0 91 5 395
466 0 147 4 396
467 0 172 4 397
466 0 196 4 398
463 0 218 4 399
451 0 247 4 400
452 0 273 5 401
451 0 299 14 402
448 0 318 14 403
427 0 323 5 404
403 0 320 3 405
379 0 325 1 406
352 0 309 5 407
320 0 323 4 408
295 0 324 3 409
269 0 322 2 410
163 0 322 2 411
121 0 314 3 412
97 0 313 5 413
79 0 322 15 414
53 0 323 2 415
31 0 320 3 416
7 0 324 5 417
-10 0 315 14 418
-12 0 297 14 419
-27 0 255 5 420
-25 0 236 5 421
-23 0 214 4 422
-24 0 190 4 423
-25 0 164 4 424
-27 0 146 4 425
-16 0 90 5 426
-17 0 60 14 427
