428
-6 0 203 2 0
-11 0 188 3 1
3 0 216 2 2
-16 0 178 3 3
-3 0 225 2 4
-10 0 166 3 5
18 0 254 1 6
10 0 105 2 7
32 0 270 15 8
20 0 92 1 9
40 0 275 15 10
52 0 79 14 11
56 0 199 3 12
54 0 209 3 13
56 0 286 14 14
54 0 187 3 15
71 0 219 2 16
45 0 181 4 17
62 0 224 3 18
73 0 83 4 19
58 0 91 5 20
47 0 108 5 21
60 0 286 14 22
32 0 179 5 23
78 0 87 4 24
77 0 95 3 25
65 0 97 4 26
51 0 104 5 27
86 0 241 1 28
88 0 94 2 29
69 0 100 4 30
83 0 78 4 31
81 0 87 3 32
51 0 95 5 33
60 0 108 4 34
92 0 71 3 35
82 0 95 3 36
41 0 167 4 37
89 0 81 3 38
68 0 95 4 39
47 0 96 14 40
74 0 293 5 41
87 0 84 3 42
94 0 192 14 43
88 0 204 15 44
88 0 89 3 45
66 0 192 2 46
71 0 239 3 47
91 0 96 2 48
82 0 104 2 49
97 0 214 14 50
79 0 106 3 51
66 0 183 2 52
93 0 221 15 53
102 0 94 1 54
99 0 102 1 55
60 0 101 4 56
46 0 160 4 57
58 0 180 3 58
97 0 228 15 59
55 0 102 5 60
102 0 225 14 61
73 0 243 3 62
101 0 238 15 63
72 0 169 1 64
84 0 294 4 65
75 0 108 3 66
102 0 257 1 67
122 0 62 2 68
56 0 168 3 69
111 0 240 14 70
102 0 241 15 71
129 0 224 4 72
118 0 79 1 73
112 0 265 15 74
122 0 76 1 75
127 0 89 15 76
121 0 105 14 77
124 0 114 5 78
131 0 72 1 79
128 0 73 1 80
126 0 81 15 81
122 0 74 1 82
138 0 214 2 83
117 0 253 14 84
131 0 82 15 85
136 0 89 14 86
122 0 101 14 87
88 0 285 3 88
148 0 73 14 89
150 0 80 14 90
123 0 84 15 91
93 0 256 1 92
137 0 80 15 93
130 0 102 5 94
132 0 92 14 95
152 0 73 14 96
151 0 100 4 97
153 0 57 1 98
114 0 208 5 99
120 0 203 4 100
148 0 245 3 101
130 0 99 14 102
150 0 224 2 103
126 0 194 3 104
122 0 189 3 105
156 0 214 1 106
125 0 265 14 107
151 0 266 5 108
158 0 101 4 109
152 0 199 1 110
159 0 265 4 111
164 0 108 3 112
158 0 212 1 113
155 0 205 1 114
163 0 200 15 115
164 0 97 4 116
130 0 307 2 117
172 0 81 5 118
163 0 190 14 119
160 0 240 2 120
160 0 278 5 121
168 0 69 14 122
179 0 183 5 123
169 0 82 5 124
160 0 223 1 125
164 0 261 3 126
174 0 77 5 127
172 0 108 2 128
184 0 211 5 129
173 0 66 14 130
173 0 80 5 131
176 0 53 15 132
176 0 71 5 133
174 0 73 5 134
181 0 65 14 135
173 0 77 5 136
180 0 84 4 137
181 0 88 4 138
178 0 90 3 139
101 0 182 5 140
181 0 73 5 141
176 0 105 2 142
186 0 205 5 143
169 0 257 3 144
175 0 94 3 145
188 0 196 4 146
192 0 190 4 147
190 0 70 5 148
171 0 277 4 149
191 0 76 4 150
184 0 81 4 151
192 0 182 3 152
185 0 60 14 153
191 0 172 4 154
198 0 212 4 155
197 0 64 5 156
108 0 174 5 157
195 0 71 5 158
184 0 71 5 159
194 0 81 4 160
184 0 108 2 161
195 0 203 4 162
175 0 237 1 163
198 0 83 3 164
166 0 249 2 165
197 0 89 3 166
202 0 79 4 167
202 0 91 3 168
194 0 93 3 169
190 0 100 2 170
202 0 177 2 171
202 0 71 5 172
185 0 102 2 173
206 0 203 3 174
218 0 219 4 175
174 0 269 4 176
145 0 302 1 177
206 0 195 3 178
221 0 164 2 179
211 0 189 2 180
211 0 207 3 181
181 0 253 2 182
209 0 178 2 183
212 0 182 1 184
209 0 54 14 185
213 0 98 2 186
212 0 103 1 187
231 0 166 2 188
222 0 182 1 189
252 0 268 3 190
222 0 209 3 191
244 0 239 15 192
248 0 257 2 193
228 0 181 1 194
217 0 84 3 195
215 0 74 4 196
224 0 100 2 197
256 0 157 5 198
232 0 210 4 199
227 0 85 3 200
240 0 219 5 201
226 0 73 4 202
238 0 194 3 203
239 0 92 3 204
241 0 163 3 205
232 0 192 2 206
259 0 255 2 207
221 0 76 4 208
236 0 85 3 209
250 0 85 4 210
233 0 201 3 211
299 0 294 15 212
234 0 64 5 213
233 0 69 5 214
222 0 68 5 215
231 0 77 4 216
269 0 265 3 217
249 0 88 3 218
238 0 69 5 219
237 0 77 4 220
267 0 156 14 221
252 0 101 2 222
254 0 79 4 223
238 0 52 14 224
248 0 87 3 225
260 0 242 1 226
257 0 71 5 227
248 0 77 4 228
271 0 253 2 229
262 0 80 4 230
250 0 66 5 231
246 0 70 5 232
254 0 76 4 233
260 0 87 4 234
275 0 174 14 235
261 0 80 4 236
278 0 159 15 237
257 0 67 5 238
265 0 74 5 239
259 0 89 3 240
322 0 88 15 241
281 0 267 4 242
275 0 258 3 243
263 0 214 14 244
255 0 181 4 245
266 0 225 15 246
256 0 206 5 247
255 0 199 5 248
311 0 165 3 249
287 0 177 15 250
271 0 201 14 251
308 0 98 14 252
305 0 303 2 253
284 0 239 2 254
271 0 192 14 255
303 0 262 5 256
278 0 187 14 257
285 0 261 4 258
269 0 54 15 259
316 0 156 3 260
303 0 174 2 261
307 0 81 15 262
317 0 100 14 263
347 0 162 14 264
314 0 253 5 265
325 0 80 1 266
290 0 274 5 267
327 0 290 2 268
281 0 84 5 269
290 0 185 1 270
293 0 223 2 271
341 0 78 2 272
324 0 74 1 273
349 0 95 2 274
299 0 241 4 275
324 0 83 1 276
314 0 173 3 277
329 0 74 2 278
313 0 259 14 279
304 0 184 2 280
301 0 275 14 281
321 0 79 1 282
331 0 83 1 283
335 0 85 1 284
349 0 84 3 285
327 0 106 15 286
373 0 160 2 287
314 0 77 1 288
329 0 78 2 289
335 0 91 1 290
333 0 295 3 291
305 0 262 5 292
325 0 57 3 293
311 0 77 15 294
307 0 74 15 295
343 0 79 3 296
367 0 164 1 297
322 0 265 15 298
310 0 224 4 299
365 0 104 3 300
319 0 254 14 301
326 0 240 14 302
370 0 170 2 303
345 0 99 1 304
339 0 240 15 305
361 0 241 2 306
341 0 295 3 307
391 0 161 4 308
378 0 88 5 309
380 0 100 4 310
365 0 171 1 311
330 0 241 14 312
379 0 106 4 313
375 0 91 4 314
344 0 63 4 315
330 0 223 5 316
381 0 102 4 317
401 0 167 5 318
366 0 180 1 319
331 0 259 15 320
391 0 89 14 321
362 0 93 3 322
388 0 95 5 323
343 0 228 15 324
352 0 296 4 325
351 0 85 3 326
342 0 91 2 327
351 0 91 2 328
363 0 101 3 329
365 0 182 1 330
358 0 97 3 331
341 0 223 14 332
388 0 91 14 333
375 0 101 4 334
346 0 183 14 335
354 0 97 2 336
394 0 167 4 337
350 0 215 15 338
374 0 94 4 339
349 0 191 15 340
383 0 82 14 341
379 0 104 4 342
344 0 197 14 343
342 0 207 14 344
353 0 244 1 345
361 0 288 4 346
371 0 84 4 347
395 0 85 15 348
403 0 177 5 349
391 0 83 14 350
392 0 88 14 351
362 0 237 2 352
378 0 275 5 353
361 0 79 4 354
391 0 179 4 355
379 0 223 3 356
384 0 184 3 357
369 0 218 2 358
387 0 267 5 359
371 0 194 2 360
374 0 206 2 361
389 0 82 14 362
386 0 282 14 363
418 0 91 1 364
395 0 273 14 365
406 0 257 15 366
422 0 103 1 367
410 0 266 15 368
444 0 157 2 369
425 0 251 1 370
449 0 167 3 371
425 0 240 1 372
428 0 227 1 373
447 0 171 2 374
445 0 180 2 375
451 0 197 3 376
446 0 208 2 377
-12 0 46 14 378
9 0 46 5 379
30 0 46 3 380
59 0 45 1 381
94 0 45 5 382
127 0 46 3 383
168 0 45 1 384
203 0 44 15 385
249 0 46 15 386
275 0 45 1 387
340 0 45 5 388
353 0 43 14 389
386 0 43 1 390
415 0 44 3 391
436 0 44 5 392
456 0 47 15 393
457 0 70 14 394
457 0 92 5 395
470 0 158 5 396
472 0 180 5 397
470 0 202 5 398
466 0 219 4 399
448 0 247 3 400
450 0 271 4 401
449 0 294 5 402
445 0 308 5 403
428 0 315 4 404
407 0 311 2 405
387 0 317 1 406
362 0 295 5 407
329 0 315 4 408
307 0 316 3 409
285 0 314 1 410
147 0 314 2 411
101 0 303 4 412
80 0 301 5 413
68 0 314 15 414
45 0 315 2 415
26 0 311 3 416
7 0 316 5 417
-7 0 306 14 418
-10 0 293 5 419
-32 0 248 14 420
-29 0 234 5 421
-26 0 216 4 422
-28 0 195 4 423
-28 0 172 4 424
-31 0 160 5 425
-16 0 93 5 426
-17 0 64 14 427
