428
0 0 193 15 0
-1 0 177 15 1
5 0 209 14 2
-1 0 160 15 3
7 0 225 14 4
6 0 144 14 5
22 0 249 14 6
23 0 108 14 7
39 0 267 5 8
38 0 90 5 9
53 0 279 4 10
64 0 76 3 11
66 0 187 15 12
65 0 199 15 13
66 0 288 3 14
66 0 174 15 15
75 0 211 14 16
66 0 164 15 17
75 0 221 15 18
80 0 81 2 19
74 0 91 2 20
71 0 108 1 21
76 0 292 3 22
66 0 156 15 23
85 0 84 1 24
84 0 90 1 25
80 0 95 1 26
75 0 105 1 27
89 0 233 14 28
91 0 87 15 29
84 0 99 15 30
90 0 77 1 31
89 0 88 1 32
78 0 99 1 33
82 0 109 15 34
95 0 63 2 35
91 0 93 15 36
76 0 146 14 37
94 0 80 1 38
87 0 96 15 39
79 0 102 1 40
89 0 300 2 41
95 0 84 15 42
97 0 182 4 43
95 0 194 4 44
96 0 88 15 45
88 0 177 5 46
89 0 238 14 47
98 0 95 14 48
95 0 102 14 49
100 0 206 4 50
95 0 106 14 51
90 0 165 5 52
101 0 215 4 53
105 0 91 14 54
105 0 98 14 55
90 0 106 14 56
85 0 136 14 57
91 0 158 5 58
105 0 223 4 59
90 0 109 14 60
108 0 218 3 61
98 0 245 5 62
113 0 235 4 63
102 0 147 4 64
107 0 305 1 65
104 0 113 5 66
115 0 254 4 67
124 0 54 15 68
100 0 141 4 69
123 0 236 3 70
120 0 242 3 71
131 0 218 1 72
128 0 76 5 73
126 0 260 4 74
130 0 72 14 75
133 0 83 5 76
131 0 108 3 77
132 0 117 2 78
135 0 65 14 79
135 0 68 14 80
135 0 77 5 81
134 0 71 5 82
141 0 205 15 83
133 0 252 3 84
139 0 79 5 85
142 0 84 4 86
137 0 107 3 87
124 0 306 15 88
147 0 68 5 89
149 0 73 4 90
138 0 84 4 91
127 0 260 4 92
144 0 75 5 93
142 0 103 3 94
143 0 90 3 95
151 0 66 5 96
151 0 95 2 97
153 0 46 15 98
138 0 197 15 99
142 0 190 14 100
152 0 239 1 101
146 0 104 2 102
154 0 217 14 103
146 0 181 14 104
145 0 175 14 105
158 0 205 5 106
146 0 265 3 107
157 0 260 2 108
160 0 101 2 109
159 0 189 5 110
166 0 260 1 111
168 0 108 15 112
166 0 204 4 113
165 0 195 4 114
169 0 189 4 115
170 0 97 1 116
158 0 318 15 117
174 0 73 3 118
171 0 180 3 119
169 0 237 14 120
170 0 273 2 121
174 0 62 4 122
178 0 173 3 123
175 0 77 3 124
171 0 216 5 125
173 0 258 1 126
177 0 70 3 127
177 0 108 15 128
182 0 204 3 129
178 0 59 4 130
178 0 75 3 131
180 0 42 14 132
180 0 63 4 133
180 0 66 4 134
184 0 57 4 135
181 0 72 3 136
183 0 77 3 137
184 0 81 2 138
183 0 84 2 139
154 0 157 14 140
185 0 65 4 141
183 0 107 15 142
187 0 195 2 143
181 0 257 15 144
183 0 94 1 145
188 0 188 2 146
190 0 181 2 147
190 0 62 4 148
183 0 274 2 149
191 0 68 3 150
189 0 75 2 151
192 0 173 1 152
191 0 53 5 153
193 0 156 2 154
196 0 204 2 155
196 0 57 4 156
162 0 148 5 157
196 0 63 4 158
192 0 66 3 159
195 0 73 3 160
192 0 108 14 161
196 0 195 1 162
189 0 236 5 163
198 0 76 2 164
186 0 254 15 165
199 0 81 2 166
201 0 69 3 167
201 0 84 1 168
198 0 87 1 169
197 0 96 15 170
202 0 161 1 171
203 0 64 3 172
197 0 106 14 173
205 0 195 1 174
210 0 215 2 175
193 0 272 1 176
182 0 318 14 177
206 0 187 15 178
213 0 142 2 179
210 0 180 15 180
210 0 202 1 181
199 0 255 14 182
210 0 165 15 183
212 0 173 15 184
212 0 40 14 185
214 0 94 15 186
214 0 106 14 187
222 0 142 2 188
220 0 168 15 189
231 0 272 1 190
221 0 203 1 191
229 0 236 4 192
231 0 257 14 193
225 0 171 15 194
221 0 79 2 195
221 0 68 3 196
225 0 95 15 197
237 0 126 4 198
229 0 203 1 199
228 0 77 2 200
233 0 215 2 201
228 0 66 3 202
233 0 180 15 203
234 0 84 1 204
235 0 141 3 205
232 0 183 15 206
242 0 256 14 207
228 0 71 3 208
234 0 77 2 209
239 0 79 2 210
233 0 193 15 211
258 0 316 14 212
234 0 55 4 213
233 0 60 4 214
229 0 62 3 215
233 0 69 3 216
248 0 270 1 217
241 0 81 2 218
238 0 61 4 219
237 0 68 3 220
249 0 127 5 221
244 0 96 15 222
245 0 73 3 223
240 0 39 14 224
243 0 79 2 225
248 0 237 5 226
247 0 64 3 227
244 0 70 3 228
253 0 255 15 229
250 0 75 3 230
247 0 57 4 231
246 0 62 4 232
249 0 69 3 233
251 0 80 2 234
257 0 146 4 235
253 0 73 3 236
260 0 128 5 237
252 0 59 4 238
256 0 68 3 239
253 0 82 2 240
278 0 91 2 241
262 0 270 1 242
261 0 257 15 243
257 0 206 3 244
255 0 168 2 245
259 0 217 4 246
256 0 198 3 247
257 0 191 2 248
279 0 130 14 249
270 0 148 4 250
265 0 186 3 251
279 0 97 2 252
278 0 317 14 253
271 0 237 14 254
266 0 179 3 255
278 0 267 2 256
271 0 170 4 257
273 0 258 1 258
269 0 42 14 259
288 0 127 15 260
285 0 149 14 261
287 0 79 4 262
291 0 99 2 263
304 0 129 1 264
291 0 255 2 265
296 0 79 4 266
283 0 269 2 267
297 0 310 15 268
280 0 76 4 269
284 0 169 5 270
285 0 217 14 271
305 0 78 5 272
299 0 74 5 273
308 0 102 3 274
290 0 237 1 275
301 0 79 4 276
297 0 153 15 277
303 0 74 5 278
298 0 258 3 279
295 0 164 14 280
294 0 268 3 281
303 0 76 5 282
307 0 80 5 283
309 0 84 5 284
315 0 86 5 285
306 0 105 3 286
324 0 130 3 287
302 0 72 5 288
308 0 75 5 289
311 0 90 4 290
311 0 310 15 291
300 0 256 3 292
309 0 47 1 293
303 0 70 5 294
302 0 66 14 295
316 0 76 14 296
328 0 136 3 297
311 0 260 4 298
307 0 217 1 299
329 0 108 5 300
312 0 249 3 301
316 0 237 3 302
334 0 142 4 303
327 0 97 5 304
325 0 239 4 305
334 0 247 5 306
326 0 305 1 307
347 0 133 5 308
343 0 93 15 309
343 0 104 14 310
338 0 147 4 311
326 0 235 3 312
345 0 108 14 313
344 0 94 15 314
333 0 55 1 315
328 0 216 3 316
348 0 104 14 317
355 0 138 14 318
342 0 156 4 319
329 0 251 5 320
353 0 94 15 321
343 0 91 15 322
353 0 99 15 323
336 0 223 4 324
339 0 303 2 325
339 0 79 15 326
336 0 84 15 327
339 0 86 15 328
345 0 99 14 329
346 0 163 4 330
343 0 94 15 331
338 0 216 4 332
357 0 94 1 333
352 0 100 15 334
341 0 170 4 335
344 0 91 15 336
360 0 143 14 337
343 0 206 4 338
353 0 92 15 339
343 0 178 4 340
357 0 83 1 341
356 0 103 15 342
343 0 186 4 343
342 0 197 4 344
347 0 239 14 345
350 0 296 2 346
354 0 81 1 347
365 0 87 2 348
370 0 152 15 349
366 0 84 2 350
366 0 88 2 351
355 0 230 14 352
365 0 288 3 353
359 0 71 2 354
372 0 160 15 355
368 0 219 15 356
373 0 170 15 357
368 0 209 15 358
376 0 281 3 359
370 0 185 15 360
371 0 197 15 361
378 0 77 3 362
381 0 281 4 363
400 0 88 5 364
392 0 272 4 365
401 0 262 4 366
411 0 101 5 367
409 0 259 5 368
426 0 131 14 369
419 0 246 14 370
433 0 143 14 371
424 0 233 14 372
429 0 219 14 373
437 0 154 14 374
439 0 167 14 375
442 0 184 15 376
440 0 197 15 377
-15 0 28 14 378
13 0 28 3 379
41 0 28 1 380
72 0 28 14 381
105 0 28 4 382
137 0 28 2 383
173 0 28 15 384
206 0 27 15 385
242 0 28 15 386
272 0 28 1 387
317 0 28 3 388
341 0 27 4 389
374 0 27 14 390
405 0 28 2 391
433 0 28 4 392
456 0 32 5 393
457 0 61 4 394
457 0 89 3 395
462 0 134 2 396
462 0 162 2 397
462 0 190 2 398
460 0 216 2 399
453 0 247 2 400
454 0 276 3 401
454 0 304 4 402
452 0 330 5 403
426 0 332 3 404
398 0 331 1 405
371 0 333 14 406
341 0 324 3 407
309 0 332 2 408
281 0 332 1 409
252 0 332 15 410
181 0 332 15 411
143 0 327 1 412
116 0 327 3 413
91 0 332 4 414
63 0 332 14 415
36 0 331 1 416
8 0 332 4 417
-13 0 325 5 418
-14 0 300 4 419
-22 0 263 3 420
-21 0 238 2 421
-20 0 211 2 422
-21 0 184 2 423
-21 0 156 2 424
-22 0 131 2 425
-16 0 86 3 426
-17 0 55 4 427
