428
-15 0 218 4 0
-25 0 206 5 1
0 0 228 3 2
-38 0 204 14 3
-19 0 226 5 4
-34 0 197 14 5
12 0 261 3 6
-10 0 100 5 7
23 0 276 2 8
-7 0 94 5 9
20 0 268 2 10
35 0 84 1 11
42 0 218 14 12
36 0 225 14 13
41 0 284 1 14
35 0 207 14 15
65 0 233 4 16
12 0 208 2 17
43 0 230 14 18
61 0 86 14 19
32 0 91 1 20
11 0 108 3 21
36 0 277 1 22
-21 0 214 5 23
69 0 91 5 24
65 0 101 5 25
44 0 99 15 26
13 0 101 3 27
81 0 253 3 28
84 0 103 3 29
47 0 103 15 30
73 0 81 5 31
68 0 86 5 32
10 0 89 3 33
26 0 107 1 34
88 0 83 4 35
68 0 97 5 36
-11 0 200 4 37
81 0 84 4 38
40 0 94 1 39
-1 0 87 5 40
50 0 283 15 41
75 0 85 5 42
89 0 206 1 43
77 0 220 2 44
76 0 91 4 45
34 0 216 14 46
43 0 242 14 47
81 0 99 4 48
63 0 107 5 49
91 0 228 1 50
53 0 107 14 51
28 0 211 15 52
80 0 231 2 53
97 0 100 2 54
90 0 107 3 55
14 0 94 3 56
-14 0 195 4 57
9 0 215 2 58
84 0 234 2 59
2 0 91 4 60
92 0 237 2 61
36 0 241 15 62
84 0 244 3 63
25 0 202 15 64
50 0 278 15 65
30 0 101 1 66
82 0 263 4 67
120 0 75 2 68
-11 0 207 4 69
92 0 247 2 70
75 0 240 3 71
126 0 234 5 72
103 0 83 3 73
91 0 271 3 74
108 0 82 2 75
119 0 97 1 76
107 0 100 1 77
111 0 109 1 78
124 0 81 1 79
117 0 80 2 80
112 0 88 2 81
103 0 78 3 82
133 0 227 4 83
92 0 255 2 84
117 0 88 1 85
127 0 97 15 86
100 0 91 3 87
35 0 252 15 88
150 0 80 15 89
153 0 90 14 90
99 0 84 3 91
41 0 251 15 92
125 0 87 1 93
113 0 101 1 94
115 0 95 1 95
153 0 85 14 96
151 0 106 5 97
153 0 74 15 98
77 0 226 3 99
88 0 223 1 100
142 0 254 5 101
105 0 92 2 102
144 0 235 4 103
97 0 214 15 104
86 0 213 1 105
152 0 228 3 106
92 0 265 3 107
142 0 274 15 108
155 0 101 5 109
143 0 215 3 110
150 0 272 14 111
158 0 107 4 112
146 0 226 3 113
139 0 221 4 114
155 0 216 2 115
156 0 96 5 116
89 0 289 5 117
169 0 94 5 118
151 0 207 2 119
145 0 245 5 120
146 0 286 1 121
160 0 79 14 122
181 0 201 14 123
160 0 89 5 124
142 0 232 4 125
151 0 265 14 126
169 0 89 5 127
165 0 107 4 128
188 0 223 15 129
165 0 76 14 130
165 0 88 5 131
169 0 71 15 132
169 0 83 14 133
165 0 82 14 134
177 0 79 14 135
161 0 84 14 136
174 0 94 4 137
176 0 99 4 138
171 0 99 4 139
21 0 222 1 140
174 0 85 5 141
165 0 102 4 142
185 0 219 15 143
152 0 257 5 144
161 0 95 5 145
187 0 210 14 146
194 0 205 5 147
190 0 84 5 148
152 0 283 15 149
190 0 90 4 150
176 0 90 5 151
192 0 198 5 152
176 0 72 14 153
187 0 196 5 154
202 0 224 14 155
198 0 76 5 156
26 0 213 15 157
194 0 84 5 158
171 0 79 14 159
191 0 94 4 160
171 0 107 3 161
194 0 217 14 162
155 0 239 3 163
198 0 95 3 164
136 0 242 5 165
195 0 103 3 166
204 0 93 3 167
203 0 103 2 168
188 0 102 3 169
178 0 106 3 170
202 0 200 4 171
199 0 81 5 172
166 0 96 5 173
207 0 217 5 174
230 0 226 14 175
145 0 265 14 176
88 0 278 4 177
206 0 209 5 178
234 0 196 4 179
213 0 203 4 180
213 0 215 5 181
155 0 249 4 182
206 0 197 4 183
211 0 197 4 184
204 0 74 5 185
212 0 103 2 186
209 0 97 3 187
244 0 203 5 188
226 0 205 4 189
283 0 263 5 190
225 0 219 5 191
267 0 244 2 192
274 0 257 4 193
232 0 198 4 194
210 0 91 3 195
204 0 83 4 196
223 0 107 2 197
284 0 202 1 198
237 0 222 14 199
226 0 98 3 200
251 0 226 15 201
223 0 85 4 202
244 0 216 14 203
245 0 105 3 204
249 0 195 5 205
232 0 206 4 206
286 0 254 4 207
210 0 84 4 208
240 0 99 3 209
267 0 93 4 210
234 0 214 5 211
362 0 262 4 212
234 0 77 5 213
232 0 82 4 214
211 0 76 5 215
229 0 91 4 216
302 0 257 14 217
262 0 98 4 218
238 0 82 5 219
237 0 91 4 220
294 0 200 2 221
266 0 107 3 222
267 0 88 5 223
236 0 72 14 224
254 0 99 3 225
279 0 248 4 226
271 0 80 14 227
255 0 87 4 228
297 0 249 5 229
279 0 87 14 230
255 0 79 5 231
246 0 83 5 232
262 0 88 5 233
274 0 97 4 234
302 0 216 4 235
274 0 89 5 236
306 0 205 4 237
263 0 81 5 238
280 0 82 14 239
268 0 101 4 240
390 0 83 15 241
309 0 262 15 242
296 0 259 14 243
271 0 228 2 244
255 0 201 14 245
278 0 237 3 246
257 0 219 15 247
253 0 212 14 248
361 0 217 2 249
314 0 221 5 250
281 0 224 2 251
351 0 99 3 252
345 0 283 4 253
304 0 243 5 254
277 0 215 1 255
340 0 256 2 256
290 0 214 2 257
302 0 266 14 258
269 0 73 14 259
358 0 201 2 260
331 0 212 14 261
338 0 85 3 262
357 0 101 3 263
412 0 211 15 264
348 0 249 2 265
370 0 81 14 266
302 0 281 1 267
374 0 260 5 268
283 0 97 5 269
300 0 212 3 270
306 0 233 5 271
397 0 77 1 272
363 0 75 5 273
410 0 83 2 274
313 0 247 14 275
360 0 88 4 276
340 0 203 15 277
369 0 75 14 278
337 0 262 2 279
317 0 216 5 280
310 0 285 1 281
349 0 85 4 282
367 0 88 5 283
375 0 88 14 284
402 0 82 1 285
358 0 107 3 286
448 0 205 4 287
333 0 84 2 288
361 0 82 5 289
372 0 93 5 290
368 0 273 5 291
311 0 272 1 292
351 0 71 5 293
324 0 86 2 294
314 0 87 1 295
384 0 83 15 296
427 0 205 1 297
340 0 272 3 298
316 0 236 14 299
420 0 98 2 300
330 0 261 1 301
341 0 245 1 302
423 0 211 1 303
372 0 102 5 304
360 0 243 3 305
401 0 233 14 306
363 0 281 5 307
458 0 201 4 308
433 0 81 4 309
436 0 94 4 310
406 0 206 14 311
336 0 251 1 312
431 0 103 3 313
421 0 86 3 314
360 0 75 5 315
334 0 232 15 316
431 0 98 3 317
470 0 210 14 318
403 0 216 14 319
333 0 273 2 320
449 0 82 5 321
392 0 95 15 322
443 0 88 5 323
354 0 235 2 324
371 0 284 14 325
368 0 93 5 326
351 0 102 3 327
368 0 98 4 328
390 0 105 14 329
395 0 212 5 330
379 0 103 5 331
346 0 233 1 332
436 0 87 4 333
410 0 102 1 334
353 0 203 1 335
368 0 105 4 336
447 0 202 3 337
361 0 229 2 338
407 0 96 1 339
358 0 212 2 340
423 0 81 3 341
415 0 105 1 342
347 0 213 1 343
342 0 221 15 344
363 0 252 4 345
379 0 274 14 346
397 0 88 15 347
442 0 81 5 348
453 0 213 4 349
429 0 82 4 350
431 0 88 4 351
371 0 246 4 352
398 0 256 15 353
363 0 93 4 354
420 0 206 1 355
397 0 230 14 356
400 0 207 14 357
371 0 231 4 358
405 0 248 15 359
373 0 209 3 360
379 0 221 4 361
405 0 89 1 362
393 0 283 1 363
445 0 96 5 364
401 0 275 1 365
413 0 251 1 366
440 0 105 4 367
413 0 278 2 368
471 0 196 14 369
434 0 258 3 370
474 0 204 14 371
426 0 249 2 372
425 0 239 2 373
461 0 196 5 374
455 0 198 4 375
464 0 217 5 376
455 0 224 4 377
-7 0 73 14 378
3 0 72 5 379
14 0 73 4 380
39 0 72 2 381
77 0 71 14 382
112 0 72 3 383
161 0 71 15 384
199 0 69 14 385
258 0 72 14 386
279 0 71 15 387
375 0 72 15 388
370 0 67 14 389
405 0 67 2 390
430 0 70 4 391
442 0 70 5 392
456 0 69 15 393
457 0 84 14 394
458 0 96 14 395
483 0 194 15 396
486 0 205 15 397
483 0 220 15 398
475 0 224 14 399
441 0 247 4 400
444 0 264 5 401
442 0 279 5 402
434 0 276 4 403
431 0 289 4 404
421 0 282 3 405
412 0 293 3 406
394 0 250 14 407
360 0 289 5 408
347 0 290 4 409
334 0 288 3 410
96 0 287 4 411
36 0 265 1 412
27 0 261 2 413
32 0 288 2 414
19 0 288 3 415
12 0 282 4 416
4 0 290 5 417
2 0 277 4 418
-3 0 283 5 419
-46 0 224 1 420
-41 0 227 15 421
-35 0 222 14 422
-38 0 213 15 423
-40 0 197 15 424
-45 0 202 15 425
-15 0 104 5 426
-17 0 77 14 427
