428
-15 0 219 14 0
-26 0 206 15 1
0 0 228 5 2
-39 0 205 2 3
-20 0 226 15 4
-35 0 197 1 5
12 0 262 5 6
-10 0 100 15 7
23 0 276 5 8
-8 0 94 15 9
20 0 268 4 10
35 0 84 3 11
41 0 218 1 12
36 0 226 2 13
40 0 284 3 14
35 0 208 1 15
65 0 233 14 16
12 0 209 4 17
43 0 230 1 18
61 0 86 1 19
32 0 91 3 20
10 0 108 5 21
35 0 277 3 22
-22 0 215 15 23
69 0 91 15 24
65 0 102 15 25
43 0 99 2 26
12 0 101 5 27
81 0 253 5 28
84 0 103 5 29
46 0 103 2 30
73 0 81 15 31
68 0 86 15 32
9 0 89 14 33
25 0 107 3 34
88 0 83 14 35
67 0 97 15 36
-12 0 200 14 37
81 0 84 14 38
39 0 94 3 39
-2 0 87 15 40
49 0 283 2 41
75 0 85 15 42
89 0 207 3 43
77 0 221 4 44
76 0 91 14 45
34 0 217 2 46
42 0 242 1 47
81 0 99 14 48
63 0 107 15 49
91 0 228 3 50
53 0 107 1 51
27 0 212 2 52
80 0 231 4 53
97 0 100 4 54
90 0 107 5 55
13 0 93 5 56
-16 0 196 14 57
8 0 216 4 58
84 0 235 4 59
1 0 91 14 60
92 0 237 4 61
35 0 241 2 62
84 0 244 5 63
24 0 203 2 64
49 0 278 2 65
29 0 100 3 66
82 0 263 14 67
120 0 75 4 68
-13 0 208 14 69
92 0 247 4 70
74 0 240 5 71
126 0 234 15 72
102 0 83 5 73
90 0 272 5 74
108 0 82 4 75
119 0 97 3 76
106 0 100 3 77
111 0 109 3 78
124 0 81 3 79
117 0 81 4 80
111 0 88 4 81
103 0 78 5 82
133 0 228 14 83
92 0 255 4 84
117 0 88 3 85
127 0 97 2 86
99 0 91 5 87
33 0 252 3 88
150 0 81 2 89
153 0 90 1 90
98 0 84 5 91
40 0 251 2 92
125 0 88 3 93
113 0 101 3 94
115 0 95 3 95
153 0 85 1 96
151 0 107 15 97
153 0 74 2 98
76 0 226 5 99
88 0 224 4 100
142 0 254 15 101
105 0 91 4 102
144 0 235 14 103
96 0 215 2 104
85 0 214 3 105
152 0 229 5 106
92 0 265 5 107
142 0 274 2 108
155 0 101 15 109
143 0 216 5 110
150 0 273 1 111
158 0 107 14 112
146 0 226 5 113
138 0 222 14 114
155 0 216 4 115
156 0 96 15 116
88 0 289 15 117
169 0 94 15 118
151 0 207 4 119
144 0 245 15 120
145 0 286 3 121
160 0 79 1 122
181 0 201 1 123
160 0 90 15 124
142 0 232 14 125
150 0 265 1 126
169 0 89 15 127
164 0 107 14 128
188 0 223 2 129
165 0 76 1 130
165 0 88 15 131
169 0 71 2 132
169 0 83 1 133
165 0 82 1 134
177 0 79 1 135
161 0 85 1 136
174 0 94 14 137
176 0 99 14 138
170 0 99 14 139
19 0 223 3 140
174 0 85 15 141
165 0 102 14 142
185 0 220 2 143
152 0 257 15 144
161 0 95 15 145
187 0 210 1 146
194 0 206 15 147
190 0 84 15 148
152 0 283 2 149
190 0 90 14 150
176 0 90 15 151
192 0 199 15 152
176 0 72 1 153
187 0 196 15 154
202 0 224 1 155
198 0 76 15 156
24 0 214 2 157
194 0 84 15 158
171 0 79 1 159
191 0 94 14 160
171 0 107 5 161
194 0 217 1 162
154 0 239 5 163
198 0 95 5 164
135 0 241 15 165
195 0 103 5 166
204 0 94 5 167
203 0 103 4 168
188 0 102 5 169
178 0 106 5 170
202 0 201 14 171
199 0 81 15 172
166 0 96 15 173
207 0 217 15 174
230 0 226 1 175
144 0 265 1 176
87 0 278 14 177
206 0 209 15 178
235 0 197 14 179
213 0 204 14 180
213 0 215 15 181
154 0 249 14 182
206 0 198 14 183
211 0 198 14 184
204 0 75 15 185
212 0 103 4 186
209 0 97 5 187
245 0 204 15 188
226 0 206 14 189
284 0 263 15 190
225 0 219 1 191
268 0 244 5 192
274 0 257 14 193
232 0 198 14 194
209 0 92 5 195
204 0 83 14 196
223 0 108 4 197
285 0 204 3 198
237 0 222 1 199
226 0 98 5 200
251 0 226 2 201
223 0 85 14 202
245 0 217 1 203
246 0 105 4 204
249 0 196 15 205
232 0 207 15 206
286 0 254 14 207
210 0 84 14 208
240 0 99 5 209
267 0 93 14 210
234 0 214 15 211
364 0 262 14 212
234 0 78 15 213
232 0 83 14 214
211 0 76 15 215
229 0 91 14 216
302 0 257 1 217
262 0 98 14 218
238 0 82 15 219
237 0 92 14 220
295 0 201 4 221
266 0 108 5 222
268 0 88 15 223
236 0 72 15 224
255 0 99 5 225
279 0 249 14 226
272 0 80 1 227
255 0 87 14 228
298 0 249 15 229
279 0 88 1 230
255 0 80 15 231
246 0 83 15 232
262 0 88 15 233
275 0 97 14 234
303 0 217 14 235
274 0 89 15 236
307 0 207 14 237
264 0 81 15 238
281 0 82 1 239
268 0 101 14 240
392 0 83 2 241
310 0 262 2 242
297 0 259 1 243
271 0 228 4 244
255 0 202 1 245
278 0 237 5 246
257 0 219 2 247
253 0 212 1 248
362 0 219 4 249
314 0 222 15 250
281 0 225 4 251
352 0 99 5 252
346 0 282 14 253
304 0 243 15 254
278 0 216 3 255
341 0 255 4 256
290 0 215 4 257
302 0 266 1 258
269 0 73 1 259
359 0 202 4 260
332 0 213 1 261
339 0 85 5 262
358 0 101 5 263
413 0 212 2 264
349 0 249 4 265
371 0 81 1 266
302 0 282 3 267
375 0 259 15 268
283 0 97 15 269
300 0 212 5 270
306 0 233 15 271
399 0 77 3 272
364 0 75 15 273
412 0 83 4 274
314 0 247 1 275
361 0 88 14 276
340 0 204 2 277
370 0 75 1 278
338 0 262 4 279
318 0 217 15 280
310 0 285 3 281
350 0 85 14 282
368 0 88 15 283
376 0 88 1 284
403 0 82 3 285
359 0 107 5 286
450 0 206 14 287
333 0 85 4 288
362 0 82 15 289
373 0 93 15 290
369 0 272 15 291
312 0 272 3 292
351 0 72 15 293
324 0 86 4 294
315 0 87 3 295
385 0 83 2 296
428 0 206 4 297
340 0 273 5 298
316 0 236 1 299
422 0 98 4 300
330 0 262 3 301
342 0 245 3 302
425 0 212 3 303
373 0 102 15 304
361 0 243 5 305
402 0 233 2 306
364 0 280 15 307
460 0 202 15 308
435 0 80 14 309
437 0 94 14 310
407 0 207 1 311
336 0 251 3 312
432 0 103 5 313
423 0 86 5 314
360 0 75 15 315
334 0 232 2 316
432 0 98 5 317
472 0 211 1 318
404 0 217 1 319
333 0 273 4 320
450 0 81 1 321
393 0 95 2 322
445 0 88 15 323
354 0 236 4 324
371 0 284 1 325
368 0 93 15 326
351 0 102 5 327
368 0 99 14 328
391 0 105 1 329
396 0 213 15 330
380 0 103 15 331
346 0 233 3 332
438 0 87 14 333
411 0 102 3 334
354 0 204 3 335
369 0 105 14 336
448 0 203 5 337
361 0 230 5 338
407 0 96 3 339
358 0 213 4 340
424 0 81 5 341
416 0 105 4 342
347 0 213 3 343
342 0 222 2 344
363 0 252 14 345
379 0 274 1 346
397 0 88 3 347
443 0 81 15 348
454 0 214 14 349
430 0 82 14 350
432 0 88 14 351
371 0 246 14 352
399 0 256 2 353
363 0 93 14 354
421 0 207 3 355
397 0 230 1 356
400 0 208 1 357
371 0 232 14 358
405 0 247 2 359
373 0 210 5 360
379 0 222 14 361
405 0 90 3 362
394 0 283 3 363
446 0 96 15 364
401 0 275 3 365
414 0 250 3 366
440 0 105 14 367
413 0 278 4 368
472 0 197 1 369
434 0 259 5 370
474 0 205 1 371
426 0 249 4 372
425 0 239 4 373
462 0 196 15 374
455 0 198 14 375
465 0 217 15 376
455 0 224 15 377
-7 0 74 1 378
3 0 73 15 379
14 0 74 14 380
39 0 72 4 381
77 0 71 1 382
111 0 73 5 383
160 0 71 2 384
199 0 69 1 385
258 0 73 1 386
279 0 71 2 387
376 0 72 2 388
370 0 67 1 389
405 0 67 4 390
431 0 70 14 391
442 0 70 15 392
456 0 70 2 393
457 0 85 1 394
458 0 96 1 395
483 0 195 2 396
487 0 206 2 397
483 0 220 2 398
475 0 224 1 399
440 0 247 14 400
444 0 263 14 401
441 0 278 15 402
434 0 276 14 403
431 0 289 14 404
422 0 281 5 405
412 0 293 5 406
395 0 249 1 407
361 0 289 15 408
348 0 290 14 409
335 0 287 5 410
95 0 286 14 411
35 0 264 3 412
25 0 260 4 413
31 0 287 4 414
18 0 288 5 415
11 0 281 14 416
4 0 290 15 417
2 0 276 14 418
-3 0 283 15 419
-47 0 223 3 420
-41 0 227 2 421
-35 0 223 1 422
-38 0 213 2 423
-40 0 197 2 424
-46 0 203 2 425
-15 0 104 15 426
-17 0 78 1 427
