428
-16 0 219 2 0
-26 0 207 3 1
0 0 229 1 2
-40 0 206 5 3
-20 0 226 3 4
-36 0 199 4 5
12 0 262 1 6
-11 0 100 3 7
22 0 276 1 8
-9 0 94 3 9
19 0 268 15 10
34 0 84 15 11
41 0 219 4 12
35 0 226 5 13
40 0 284 14 14
34 0 209 4 15
65 0 233 2 16
10 0 210 15 17
42 0 230 4 18
60 0 86 4 19
31 0 91 14 20
8 0 108 1 21
34 0 276 14 22
-24 0 217 3 23
68 0 91 3 24
64 0 102 3 25
42 0 99 5 26
11 0 101 1 27
81 0 254 1 28
84 0 104 1 29
45 0 103 5 30
72 0 81 3 31
68 0 86 4 32
7 0 89 2 33
23 0 107 15 34
88 0 84 2 35
67 0 97 3 36
-14 0 202 2 37
80 0 84 3 38
38 0 94 14 39
-5 0 86 3 40
48 0 282 14 41
74 0 85 3 42
89 0 207 14 43
76 0 221 1 44
75 0 91 3 45
32 0 218 5 46
41 0 242 5 47
80 0 99 2 48
62 0 107 3 49
91 0 228 14 50
52 0 107 4 51
26 0 213 5 52
79 0 232 1 53
97 0 100 15 54
89 0 107 1 55
11 0 93 1 56
-19 0 198 2 57
5 0 218 15 58
84 0 235 15 59
-1 0 90 2 60
91 0 238 15 61
33 0 241 5 62
83 0 244 1 63
22 0 205 5 64
47 0 277 5 65
27 0 100 14 66
81 0 263 2 67
120 0 75 15 68
-16 0 210 2 69
91 0 247 15 70
73 0 240 1 71
126 0 235 3 72
102 0 83 1 73
89 0 272 2 74
108 0 82 15 75
118 0 98 14 76
106 0 100 15 77
110 0 109 14 78
124 0 82 14 79
116 0 81 15 80
111 0 88 15 81
102 0 78 1 82
133 0 228 3 83
90 0 255 1 84
117 0 88 14 85
126 0 98 5 86
98 0 90 1 87
31 0 250 14 88
150 0 81 5 89
153 0 91 4 90
97 0 84 1 91
38 0 251 5 92
124 0 88 14 93
112 0 101 14 94
114 0 95 14 95
153 0 86 4 96
151 0 107 3 97
153 0 75 5 98
74 0 227 1 99
86 0 225 15 100
142 0 255 3 101
103 0 91 15 102
144 0 236 2 103
95 0 216 14 104
83 0 215 15 105
152 0 229 1 106
90 0 265 1 107
141 0 275 5 108
155 0 101 3 109
142 0 216 1 110
149 0 273 4 111
158 0 107 2 112
145 0 226 1 113
138 0 222 2 114
154 0 217 15 115
155 0 96 3 116
86 0 288 3 117
169 0 95 3 118
150 0 208 15 119
144 0 245 3 120
145 0 287 14 121
159 0 80 4 122
181 0 202 4 123
159 0 90 3 124
141 0 233 2 125
150 0 265 4 126
169 0 90 3 127
164 0 107 2 128
188 0 224 5 129
164 0 77 4 130
164 0 89 3 131
169 0 72 5 132
169 0 84 3 133
164 0 83 4 134
177 0 79 4 135
160 0 85 4 136
174 0 95 2 137
176 0 100 2 138
170 0 100 2 139
15 0 225 15 140
174 0 86 3 141
164 0 102 2 142
185 0 220 5 143
151 0 257 3 144
161 0 95 3 145
187 0 210 4 146
194 0 206 3 147
190 0 84 3 148
151 0 283 5 149
190 0 90 2 150
175 0 91 3 151
192 0 199 3 152
175 0 73 4 153
187 0 198 3 154
202 0 225 4 155
198 0 77 3 156
20 0 216 14 157
194 0 84 2 158
170 0 80 4 159
191 0 94 2 160
170 0 107 1 161
194 0 217 4 162
153 0 239 2 163
198 0 96 1 164
134 0 241 3 165
195 0 103 1 166
204 0 94 1 167
203 0 104 15 168
188 0 103 1 169
177 0 106 1 170
202 0 202 2 171
199 0 82 3 172
165 0 96 3 173
207 0 217 4 174
230 0 226 4 175
143 0 265 4 176
84 0 276 2 177
206 0 209 3 178
235 0 199 2 179
213 0 204 2 180
213 0 216 3 181
153 0 249 2 182
206 0 199 2 183
211 0 198 2 184
204 0 76 3 185
212 0 103 15 186
209 0 97 1 187
245 0 205 3 188
226 0 207 2 189
285 0 263 3 190
225 0 220 4 191
269 0 244 1 192
275 0 257 2 193
232 0 199 2 194
209 0 92 1 195
203 0 84 2 196
223 0 108 15 197
286 0 206 15 198
237 0 223 4 199
226 0 98 1 200
252 0 226 5 201
223 0 86 2 202
245 0 218 4 203
246 0 106 15 204
250 0 198 3 205
232 0 207 3 206
287 0 254 3 207
209 0 85 2 208
240 0 99 1 209
268 0 94 2 210
234 0 214 3 211
366 0 260 2 212
234 0 78 3 213
232 0 83 2 214
210 0 77 3 215
229 0 91 1 216
304 0 256 4 217
263 0 99 2 218
238 0 83 2 219
237 0 92 1 220
296 0 203 1 221
266 0 108 1 222
268 0 89 3 223
236 0 73 3 224
255 0 100 1 225
280 0 249 2 226
272 0 81 4 227
255 0 88 2 228
299 0 249 3 229
280 0 88 4 230
255 0 80 3 231
246 0 83 3 232
263 0 89 3 233
275 0 98 2 234
304 0 219 2 235
274 0 90 3 236
308 0 209 2 237
264 0 81 3 238
281 0 83 4 239
269 0 102 2 240
395 0 83 14 241
311 0 262 5 242
298 0 259 4 243
272 0 228 15 244
255 0 203 4 245
279 0 238 1 246
257 0 220 5 247
253 0 212 4 248
365 0 221 1 249
315 0 224 3 250
282 0 226 15 251
354 0 99 1 252
348 0 281 2 253
305 0 243 3 254
278 0 217 14 255
343 0 255 15 256
291 0 216 1 257
303 0 266 5 258
269 0 74 4 259
361 0 204 15 260
333 0 214 4 261
340 0 85 1 262
359 0 101 2 263
416 0 214 5 264
351 0 249 15 265
373 0 81 4 266
303 0 282 14 267
377 0 258 3 268
283 0 98 3 269
301 0 213 1 270
306 0 234 3 271
401 0 77 14 272
365 0 75 3 273
415 0 82 15 274
314 0 247 4 275
363 0 88 3 276
341 0 205 5 277
371 0 75 4 278
339 0 262 15 279
318 0 218 3 280
311 0 286 14 281
351 0 85 2 282
370 0 88 3 283
378 0 88 4 284
405 0 82 15 285
360 0 107 1 286
453 0 208 2 287
334 0 85 15 288
363 0 82 3 289
375 0 93 3 290
371 0 271 3 291
312 0 273 14 292
352 0 72 3 293
325 0 87 15 294
315 0 88 14 295
387 0 83 5 296
431 0 208 15 297
341 0 273 1 298
316 0 237 4 299
424 0 98 1 300
331 0 262 14 301
342 0 245 14 302
427 0 214 15 303
374 0 102 3 304
362 0 243 1 305
404 0 232 5 306
365 0 280 3 307
463 0 204 3 308
437 0 80 2 309
440 0 94 2 310
409 0 209 5 311
336 0 252 14 312
434 0 103 1 313
425 0 86 1 314
361 0 76 3 315
334 0 233 5 316
434 0 98 2 317
475 0 213 4 318
406 0 219 5 319
333 0 273 15 320
453 0 81 4 321
394 0 95 5 322
447 0 88 3 323
355 0 236 15 324
372 0 283 4 325
369 0 94 3 326
352 0 103 1 327
369 0 99 3 328
392 0 105 4 329
397 0 214 4 330
381 0 103 3 331
346 0 234 14 332
440 0 87 2 333
413 0 102 14 334
354 0 205 14 335
369 0 106 2 336
450 0 205 2 337
362 0 230 1 338
409 0 96 14 339
359 0 214 15 340
425 0 81 1 341
418 0 105 15 342
347 0 214 14 343
342 0 222 14 344
364 0 253 2 345
380 0 274 4 346
398 0 88 14 347
445 0 81 3 348
456 0 216 2 349
431 0 82 2 350
433 0 88 2 351
372 0 247 2 352
400 0 255 5 353
363 0 93 2 354
422 0 208 14 355
398 0 230 4 356
401 0 209 4 357
371 0 232 2 358
406 0 246 5 359
373 0 210 1 360
379 0 222 2 361
406 0 90 14 362
394 0 283 14 363
447 0 96 3 364
401 0 275 14 365
414 0 250 14 366
441 0 105 2 367
413 0 279 15 368
473 0 199 4 369
435 0 259 1 370
476 0 206 4 371
426 0 250 15 372
425 0 240 15 373
462 0 197 3 374
456 0 199 2 375
465 0 218 3 376
456 0 225 3 377
-7 0 75 4 378
3 0 74 3 379
13 0 75 2 380
38 0 73 15 381
76 0 72 4 382
111 0 74 1 383
160 0 72 5 384
199 0 70 4 385
259 0 74 4 386
279 0 72 5 387
378 0 73 5 388
371 0 69 4 389
406 0 69 15 390
431 0 71 2 391
442 0 71 3 392
456 0 71 5 393
457 0 85 4 394
458 0 96 4 395
483 0 197 5 396
487 0 207 5 397
483 0 221 5 398
476 0 224 5 399
440 0 247 2 400
444 0 263 2 401
441 0 278 3 402
433 0 274 2 403
431 0 288 2 404
422 0 280 1 405
414 0 291 1 406
396 0 247 4 407
362 0 288 3 408
350 0 289 3 409
338 0 286 1 410
93 0 285 2 411
32 0 263 14 412
23 0 259 15 413
29 0 286 15 414
17 0 287 2 415
11 0 280 2 416
4 0 289 3 417
3 0 275 2 418
-3 0 282 3 419
-47 0 222 14 420
-42 0 227 5 421
-36 0 223 4 422
-39 0 214 5 423
-41 0 198 5 424
-46 0 205 5 425
-15 0 105 3 426
-17 0 78 4 427
