428
-16 0 220 3 0
-27 0 207 4 1
0 0 229 2 2
-40 0 207 14 3
-21 0 226 4 4
-36 0 200 5 5
12 0 262 2 6
-11 0 100 4 7
22 0 276 2 8
-10 0 94 4 9
19 0 268 2 10
34 0 84 1 11
40 0 219 5 12
35 0 227 14 13
39 0 284 15 14
34 0 209 5 15
65 0 234 3 16
9 0 211 1 17
42 0 230 5 18
60 0 86 5 19
30 0 91 1 20
8 0 108 2 21
34 0 276 1 22
-25 0 217 4 23
68 0 91 4 24
64 0 102 4 25
42 0 99 14 26
10 0 101 2 27
81 0 254 2 28
84 0 104 2 29
45 0 103 14 30
72 0 81 4 31
67 0 86 5 32
6 0 89 3 33
23 0 107 1 34
88 0 84 3 35
66 0 97 4 36
-15 0 202 3 37
80 0 84 4 38
37 0 94 15 39
-6 0 86 4 40
48 0 282 15 41
74 0 85 4 42
89 0 208 15 43
76 0 222 2 44
75 0 91 4 45
31 0 218 14 46
40 0 242 14 47
80 0 99 3 48
62 0 107 4 49
91 0 229 15 50
51 0 107 5 51
25 0 214 14 52
79 0 232 2 53
97 0 100 1 54
89 0 107 2 55
10 0 93 2 56
-20 0 198 4 57
5 0 218 1 58
83 0 235 1 59
-2 0 90 4 60
91 0 238 1 61
33 0 241 14 62
83 0 244 2 63
21 0 205 15 64
47 0 276 14 65
26 0 100 1 66
81 0 263 3 67
120 0 76 1 68
-17 0 211 3 69
91 0 247 1 70
72 0 240 3 71
126 0 235 4 72
101 0 83 2 73
89 0 272 3 74
107 0 82 1 75
118 0 98 15 76
105 0 100 1 77
110 0 109 15 78
124 0 82 15 79
116 0 81 1 80
110 0 88 1 81
102 0 78 2 82
133 0 229 4 83
90 0 255 2 84
116 0 88 15 85
126 0 98 14 86
98 0 90 2 87
30 0 249 15 88
150 0 81 14 89
153 0 91 5 90
97 0 84 2 91
37 0 251 14 92
124 0 88 15 93
112 0 101 15 94
114 0 95 15 95
153 0 86 5 96
151 0 107 4 97
153 0 75 14 98
74 0 227 2 99
85 0 225 1 100
142 0 255 4 101
103 0 91 1 102
144 0 236 3 103
94 0 216 15 104
83 0 215 1 105
152 0 230 2 106
89 0 265 2 107
141 0 275 14 108
155 0 101 4 109
142 0 217 2 110
149 0 273 5 111
158 0 107 3 112
145 0 227 2 113
137 0 223 3 114
154 0 218 1 115
155 0 96 4 116
85 0 288 4 117
169 0 95 4 118
150 0 208 1 119
143 0 245 4 120
144 0 287 15 121
159 0 80 5 122
181 0 202 5 123
159 0 90 4 124
141 0 233 3 125
149 0 265 5 126
169 0 90 4 127
164 0 107 3 128
188 0 224 14 129
164 0 77 5 130
164 0 89 4 131
169 0 72 5 132
169 0 84 4 133
164 0 83 5 134
177 0 80 4 135
160 0 85 5 136
174 0 95 3 137
176 0 100 3 138
170 0 100 3 139
13 0 226 1 140
174 0 86 4 141
164 0 102 3 142
185 0 221 14 143
151 0 257 4 144
160 0 95 4 145
187 0 211 5 146
194 0 207 4 147
190 0 85 4 148
151 0 283 14 149
190 0 91 3 150
175 0 91 4 151
192 0 200 4 152
175 0 73 5 153
187 0 198 4 154
202 0 225 5 155
198 0 77 4 156
19 0 217 15 157
194 0 85 3 158
170 0 80 5 159
191 0 95 3 160
170 0 107 2 161
194 0 218 5 162
153 0 239 3 163
198 0 96 2 164
133 0 241 4 165
195 0 104 2 166
204 0 95 2 167
203 0 104 1 168
188 0 103 2 169
177 0 106 2 170
202 0 202 3 171
199 0 82 4 172
165 0 96 4 173
207 0 218 5 174
231 0 226 5 175
142 0 265 5 176
83 0 276 3 177
206 0 210 4 178
236 0 199 3 179
213 0 205 3 180
213 0 216 4 181
152 0 249 3 182
206 0 199 3 183
211 0 199 3 184
204 0 76 4 185
212 0 103 1 186
209 0 97 2 187
246 0 206 4 188
226 0 207 3 189
286 0 263 4 190
225 0 220 5 191
269 0 244 2 192
276 0 257 3 193
232 0 199 3 194
209 0 92 2 195
203 0 84 3 196
223 0 108 1 197
287 0 207 1 198
237 0 223 5 199
226 0 99 2 200
252 0 226 14 201
223 0 86 3 202
245 0 218 5 203
246 0 106 1 204
250 0 198 4 205
232 0 208 4 206
288 0 254 4 207
209 0 85 3 208
240 0 100 2 209
268 0 94 3 210
234 0 215 4 211
368 0 259 3 212
234 0 79 4 213
232 0 84 3 214
210 0 77 4 215
229 0 92 2 216
305 0 256 5 217
263 0 99 3 218
238 0 83 3 219
237 0 93 2 220
297 0 204 2 221
267 0 108 2 222
269 0 89 4 223
236 0 73 4 224
255 0 100 2 225
280 0 249 3 226
273 0 81 5 227
255 0 88 3 228
300 0 249 4 229
280 0 88 5 230
255 0 81 4 231
246 0 84 4 232
263 0 89 4 233
276 0 98 3 234
305 0 220 3 235
275 0 90 4 236
309 0 210 3 237
264 0 82 4 238
282 0 83 5 239
269 0 102 3 240
396 0 83 15 241
312 0 262 14 242
298 0 259 5 243
272 0 229 1 244
255 0 203 5 245
279 0 238 2 246
257 0 220 14 247
253 0 213 5 248
365 0 222 2 249
316 0 225 4 250
282 0 226 1 251
355 0 99 2 252
349 0 281 3 253
305 0 243 4 254
278 0 217 15 255
343 0 255 1 256
291 0 217 2 257
303 0 266 14 258
269 0 74 5 259
362 0 205 1 260
334 0 215 5 261
341 0 85 2 262
360 0 101 3 263
418 0 215 15 264
351 0 249 1 265
374 0 81 5 266
303 0 282 15 267
378 0 257 4 268
283 0 98 4 269
301 0 214 2 270
307 0 234 4 271
402 0 77 1 272
366 0 75 5 273
416 0 82 1 274
315 0 247 5 275
363 0 88 4 276
342 0 206 14 277
372 0 75 5 278
339 0 262 1 279
319 0 219 4 280
311 0 286 1 281
352 0 85 3 282
370 0 88 4 283
379 0 88 5 284
406 0 82 1 285
361 0 107 2 286
455 0 209 3 287
334 0 85 1 288
364 0 82 4 289
375 0 93 4 290
371 0 271 4 291
312 0 273 15 292
353 0 73 4 293
325 0 87 1 294
315 0 88 15 295
388 0 83 14 296
432 0 209 1 297
341 0 273 2 298
316 0 237 5 299
425 0 98 2 300
331 0 262 15 301
343 0 245 15 302
428 0 215 1 303
375 0 102 4 304
362 0 243 2 305
405 0 232 14 306
365 0 279 4 307
464 0 205 4 308
438 0 80 4 309
441 0 94 3 310
410 0 209 14 311
336 0 252 15 312
435 0 103 2 313
426 0 86 2 314
362 0 76 4 315
334 0 233 14 316
435 0 98 3 317
476 0 214 5 318
406 0 219 14 319
333 0 274 1 320
454 0 81 5 321
395 0 95 14 322
448 0 88 4 323
355 0 236 1 324
372 0 283 5 325
369 0 94 4 326
352 0 103 2 327
369 0 99 4 328
393 0 105 5 329
398 0 215 5 330
381 0 103 4 331
346 0 234 15 332
441 0 87 4 333
413 0 102 15 334
354 0 205 15 335
370 0 106 3 336
451 0 205 3 337
362 0 231 2 338
410 0 96 15 339
359 0 214 1 340
426 0 81 2 341
418 0 105 1 342
347 0 215 15 343
342 0 223 15 344
364 0 253 3 345
380 0 273 5 346
399 0 88 15 347
446 0 81 4 348
457 0 216 4 349
432 0 82 3 350
434 0 88 3 351
372 0 247 3 352
400 0 255 14 353
363 0 94 3 354
423 0 209 15 355
398 0 230 5 356
402 0 209 5 357
371 0 233 3 358
406 0 246 14 359
373 0 211 2 360
379 0 223 3 361
407 0 90 15 362
394 0 283 15 363
448 0 96 4 364
401 0 275 15 365
414 0 250 15 366
441 0 105 3 367
413 0 279 1 368
474 0 200 5 369
435 0 259 2 370
476 0 207 5 371
426 0 250 1 372
425 0 240 1 373
463 0 198 4 374
456 0 199 3 375
466 0 218 4 376
456 0 226 4 377
-7 0 76 5 378
3 0 75 4 379
12 0 76 3 380
38 0 74 1 381
76 0 73 5 382
110 0 75 2 383
160 0 73 14 384
199 0 71 5 385
259 0 75 5 386
279 0 73 14 387
378 0 74 14 388
371 0 69 5 389
406 0 69 1 390
432 0 72 3 391
442 0 72 4 392
456 0 71 14 393
457 0 86 5 394
458 0 96 5 395
484 0 197 14 396
488 0 208 14 397
484 0 221 14 398
476 0 224 14 399
440 0 247 3 400
444 0 263 3 401
441 0 277 4 402
433 0 273 3 403
431 0 287 3 404
423 0 279 2 405
414 0 291 2 406
397 0 246 5 407
363 0 287 4 408
351 0 288 4 409
338 0 285 2 410
92 0 284 3 411
30 0 262 15 412
22 0 258 1 413
29 0 285 1 414
16 0 286 3 415
10 0 279 3 416
4 0 288 4 417
3 0 274 3 418
-3 0 282 4 419
-48 0 222 15 420
-42 0 227 14 421
-36 0 223 14 422
-39 0 214 14 423
-41 0 199 14 424
-47 0 206 14 425
-15 0 105 4 426
-17 0 79 5 427
