428
-16 0 219 1 0
-26 0 207 2 1
0 0 229 15 2
-40 0 206 4 3
-20 0 226 2 4
-35 0 199 3 5
12 0 262 15 6
-11 0 100 2 7
22 0 276 15 8
-9 0 94 2 9
19 0 268 14 10
34 0 84 5 11
41 0 219 3 12
35 0 226 4 13
40 0 284 5 14
34 0 209 3 15
65 0 233 1 16
10 0 210 14 17
42 0 230 3 18
60 0 86 3 19
31 0 91 5 20
9 0 108 15 21
35 0 276 5 22
-24 0 216 2 23
68 0 91 2 24
64 0 102 2 25
42 0 99 4 26
11 0 101 15 27
81 0 253 15 28
84 0 104 15 29
45 0 103 4 30
72 0 81 2 31
68 0 86 2 32
7 0 89 1 33
23 0 107 14 34
88 0 83 1 35
67 0 97 2 36
-14 0 202 1 37
80 0 84 2 38
38 0 94 5 39
-4 0 86 2 40
49 0 282 5 41
75 0 85 2 42
89 0 207 5 43
76 0 221 14 44
76 0 91 2 45
32 0 217 4 46
41 0 242 4 47
80 0 99 1 48
62 0 107 2 49
91 0 228 5 50
52 0 107 3 51
26 0 213 4 52
80 0 232 15 53
97 0 100 14 54
89 0 107 15 55
11 0 93 15 56
-18 0 197 1 57
6 0 217 14 58
84 0 235 14 59
-1 0 90 1 60
91 0 238 14 61
34 0 241 4 62
83 0 244 15 63
23 0 205 4 64
47 0 277 4 65
27 0 100 5 66
81 0 263 1 67
120 0 75 14 68
-16 0 210 1 69
91 0 247 14 70
73 0 240 15 71
126 0 235 2 72
102 0 83 15 73
89 0 272 1 74
108 0 82 14 75
118 0 98 5 76
106 0 100 14 77
111 0 109 5 78
124 0 82 5 79
116 0 81 14 80
111 0 88 14 81
102 0 78 15 82
133 0 228 2 83
91 0 255 15 84
117 0 88 5 85
126 0 98 4 86
98 0 90 15 87
31 0 250 5 88
150 0 81 4 89
153 0 91 3 90
98 0 84 15 91
38 0 251 4 92
124 0 88 5 93
112 0 101 5 94
114 0 95 5 95
153 0 86 3 96
151 0 107 2 97
153 0 75 4 98
75 0 227 15 99
86 0 225 14 100
142 0 255 2 101
104 0 91 14 102
144 0 236 1 103
95 0 216 5 104
84 0 214 14 105
152 0 229 15 106
90 0 265 15 107
141 0 275 4 108
155 0 101 2 109
142 0 216 15 110
149 0 273 3 111
158 0 107 1 112
146 0 226 15 113
138 0 222 1 114
154 0 217 14 115
155 0 96 2 116
86 0 288 2 117
169 0 94 2 118
151 0 208 14 119
144 0 245 2 120
145 0 287 5 121
159 0 80 3 122
181 0 202 3 123
159 0 90 2 124
141 0 233 1 125
150 0 265 3 126
169 0 90 2 127
164 0 107 1 128
188 0 224 4 129
164 0 77 3 130
164 0 89 2 131
169 0 72 4 132
169 0 83 2 133
164 0 83 3 134
177 0 79 3 135
161 0 85 3 136
174 0 95 1 137
176 0 100 1 138
170 0 100 1 139
16 0 225 5 140
174 0 85 2 141
164 0 102 1 142
185 0 220 4 143
151 0 257 2 144
161 0 95 2 145
187 0 210 3 146
194 0 206 2 147
190 0 84 2 148
151 0 283 4 149
190 0 90 1 150
175 0 91 2 151
192 0 199 2 152
175 0 73 3 153
187 0 197 2 154
202 0 224 3 155
198 0 77 2 156
21 0 216 5 157
194 0 84 1 158
171 0 80 3 159
191 0 94 1 160
171 0 107 15 161
194 0 217 3 162
153 0 239 15 163
198 0 96 15 164
134 0 241 2 165
195 0 103 15 166
204 0 94 15 167
203 0 104 14 168
188 0 103 15 169
177 0 106 15 170
202 0 201 1 171
199 0 82 2 172
165 0 96 2 173
207 0 217 3 174
230 0 226 3 175
143 0 265 3 176
84 0 277 1 177
206 0 209 2 178
235 0 199 1 179
213 0 204 1 180
213 0 216 2 181
153 0 249 1 182
206 0 199 1 183
211 0 198 1 184
204 0 76 2 185
212 0 103 14 186
209 0 97 15 187
245 0 205 2 188
226 0 206 1 189
285 0 263 2 190
225 0 220 3 191
268 0 244 15 192
275 0 257 1 193
232 0 199 1 194
209 0 92 15 195
203 0 84 1 196
223 0 108 14 197
286 0 205 14 198
237 0 223 3 199
226 0 98 15 200
252 0 226 4 201
223 0 86 1 202
245 0 218 3 203
246 0 105 14 204
250 0 198 2 205
232 0 207 2 206
287 0 254 2 207
209 0 85 1 208
240 0 99 15 209
268 0 94 1 210
234 0 214 2 211
366 0 260 1 212
234 0 78 2 213
232 0 83 1 214
210 0 77 2 215
229 0 91 15 216
304 0 256 3 217
262 0 99 1 218
238 0 82 1 219
237 0 92 15 220
296 0 203 14 221
266 0 108 15 222
268 0 89 2 223
236 0 73 2 224
255 0 99 15 225
280 0 249 1 226
272 0 81 3 227
255 0 88 1 228
299 0 249 2 229
280 0 88 3 230
255 0 80 2 231
246 0 83 2 232
263 0 89 2 233
275 0 98 1 234
304 0 219 1 235
274 0 90 2 236
308 0 208 1 237
264 0 81 2 238
281 0 83 3 239
269 0 102 1 240
395 0 83 5 241
311 0 262 4 242
298 0 259 3 243
272 0 228 14 244
255 0 203 3 245
279 0 237 15 246
257 0 219 4 247
253 0 212 3 248
364 0 221 15 249
315 0 224 2 250
282 0 225 14 251
354 0 99 15 252
348 0 281 1 253
305 0 243 2 254
278 0 217 5 255
342 0 255 14 256
291 0 216 14 257
303 0 266 4 258
269 0 74 3 259
361 0 204 14 260
333 0 214 3 261
340 0 85 15 262
359 0 101 1 263
416 0 214 4 264
351 0 249 14 265
373 0 81 3 266
303 0 282 5 267
376 0 258 2 268
283 0 97 2 269
301 0 213 15 270
306 0 234 2 271
401 0 77 5 272
365 0 75 2 273
414 0 82 14 274
314 0 247 3 275
362 0 88 2 276
341 0 205 4 277
371 0 75 3 278
338 0 262 14 279
318 0 218 2 280
311 0 286 5 281
351 0 85 1 282
369 0 88 2 283
378 0 88 3 284
405 0 82 14 285
360 0 107 15 286
453 0 208 1 287
334 0 85 14 288
363 0 82 2 289
374 0 93 2 290
370 0 271 2 291
312 0 273 5 292
352 0 72 2 293
324 0 87 14 294
315 0 87 5 295
387 0 83 4 296
430 0 208 14 297
341 0 273 15 298
316 0 237 3 299
424 0 98 15 300
331 0 262 5 301
342 0 245 5 302
427 0 214 14 303
374 0 102 2 304
362 0 243 15 305
404 0 232 4 306
365 0 280 2 307
463 0 204 2 308
437 0 80 1 309
440 0 94 1 310
409 0 208 4 311
336 0 252 5 312
434 0 103 15 313
424 0 86 15 314
361 0 75 2 315
334 0 233 4 316
434 0 98 15 317
474 0 213 3 318
405 0 218 3 319
333 0 273 14 320
452 0 81 3 321
394 0 95 4 322
447 0 88 2 323
355 0 236 14 324
372 0 283 3 325
369 0 94 2 326
352 0 103 15 327
369 0 99 2 328
392 0 105 3 329
397 0 214 3 330
381 0 103 2 331
346 0 234 5 332
439 0 87 1 333
412 0 102 5 334
354 0 205 5 335
369 0 106 1 336
450 0 204 1 337
362 0 230 15 338
409 0 96 5 339
359 0 214 14 340
425 0 81 15 341
417 0 105 14 342
347 0 214 5 343
342 0 222 5 344
364 0 253 1 345
380 0 274 3 346
398 0 88 5 347
444 0 81 2 348
456 0 215 1 349
431 0 82 1 350
433 0 88 1 351
372 0 247 1 352
400 0 255 4 353
363 0 93 1 354
422 0 208 5 355
398 0 230 3 356
401 0 208 3 357
371 0 232 1 358
406 0 246 4 359
373 0 210 15 360
379 0 222 1 361
406 0 90 5 362
394 0 283 5 363
447 0 96 2 364
401 0 275 5 365
414 0 250 5 366
441 0 105 1 367
413 0 279 14 368
473 0 199 3 369
435 0 259 15 370
475 0 206 3 371
426 0 250 14 372
425 0 239 14 373
462 0 197 2 374
456 0 199 1 375
465 0 218 2 376
456 0 225 2 377
-7 0 75 3 378
3 0 74 2 379
13 0 75 1 380
38 0 73 14 381
76 0 72 3 382
111 0 74 15 383
160 0 72 4 384
199 0 70 3 385
259 0 74 3 386
279 0 72 4 387
377 0 73 4 388
371 0 68 3 389
406 0 68 14 390
431 0 71 1 391
442 0 71 2 392
456 0 71 4 393
457 0 85 3 394
458 0 96 3 395
483 0 196 4 396
487 0 207 4 397
483 0 221 4 398
476 0 224 4 399
440 0 247 1 400
444 0 263 1 401
441 0 278 2 402
433 0 274 1 403
431 0 288 1 404
422 0 280 15 405
413 0 292 15 406
396 0 247 3 407
362 0 288 2 408
350 0 289 2 409
337 0 286 15 410
93 0 285 1 411
32 0 263 5 412
23 0 259 14 413
30 0 286 14 414
17 0 287 1 415
11 0 280 1 416
4 0 289 2 417
3 0 275 1 418
-3 0 282 2 419
-47 0 223 5 420
-41 0 227 4 421
-36 0 223 3 422
-39 0 214 4 423
-41 0 198 4 424
-46 0 205 4 425
-15 0 105 2 426
-17 0 78 3 427
