428
-17 0 221 3 0
-28 0 209 3 1
-1 0 230 1 2
-42 0 209 5 3
-22 0 227 3 4
-38 0 202 4 5
11 0 263 1 6
-13 0 99 3 7
21 0 277 1 8
-12 0 94 3 9
17 0 268 1 10
32 0 84 15 11
39 0 221 4 12
33 0 228 5 13
38 0 284 14 14
32 0 211 5 15
64 0 235 2 16
7 0 213 15 17
40 0 231 4 18
59 0 86 4 19
28 0 91 15 20
5 0 107 1 21
32 0 276 15 22
-29 0 220 4 23
67 0 91 3 24
63 0 102 3 25
40 0 99 5 26
7 0 100 1 27
80 0 255 1 28
83 0 104 1 29
43 0 103 5 30
71 0 81 3 31
66 0 85 4 32
3 0 88 2 33
20 0 106 15 34
87 0 84 2 35
65 0 97 3 36
-19 0 205 3 37
79 0 84 3 38
35 0 93 14 39
-9 0 85 3 40
46 0 282 14 41
73 0 85 3 42
88 0 209 14 43
75 0 223 1 44
74 0 91 3 45
29 0 220 5 46
38 0 243 5 47
79 0 99 2 48
60 0 107 3 49
90 0 230 14 50
49 0 107 4 51
22 0 216 14 52
78 0 233 1 53
96 0 100 15 54
88 0 107 1 55
7 0 92 2 56
-24 0 201 3 57
1 0 221 1 58
82 0 236 15 59
-6 0 89 3 60
90 0 239 15 61
30 0 241 5 62
81 0 245 1 63
18 0 208 14 64
44 0 276 14 65
23 0 99 15 66
79 0 264 2 67
119 0 76 15 68
-22 0 214 3 69
89 0 248 15 70
70 0 240 2 71
125 0 236 4 72
100 0 83 1 73
87 0 273 2 74
106 0 82 1 75
117 0 98 14 76
104 0 99 15 77
109 0 108 14 78
123 0 82 14 79
115 0 81 15 80
109 0 88 15 81
100 0 78 1 82
132 0 230 3 83
88 0 256 1 84
115 0 88 14 85
125 0 98 5 86
96 0 89 1 87
26 0 248 14 88
150 0 81 5 89
153 0 91 4 90
95 0 84 1 91
33 0 251 14 92
123 0 88 14 93
110 0 100 14 94
112 0 95 14 95
153 0 86 4 96
151 0 107 3 97
153 0 76 5 98
71 0 229 1 99
83 0 227 15 100
141 0 256 3 101
101 0 90 15 102
143 0 237 2 103
92 0 218 14 104
80 0 217 15 105
151 0 231 1 106
87 0 265 1 107
140 0 276 5 108
154 0 101 3 109
141 0 218 1 110
148 0 274 4 111
157 0 106 2 112
144 0 228 1 113
136 0 224 2 114
153 0 219 15 115
154 0 95 3 116
82 0 287 3 117
168 0 95 2 118
149 0 210 15 119
142 0 246 3 120
143 0 288 14 121
158 0 80 4 122
181 0 204 4 123
158 0 90 3 124
139 0 234 2 125
148 0 266 4 126
168 0 90 3 127
163 0 106 2 128
188 0 225 5 129
163 0 77 4 130
163 0 89 3 131
168 0 73 4 132
168 0 84 3 133
163 0 83 4 134
176 0 80 3 135
159 0 85 4 136
173 0 95 2 137
175 0 100 2 138
169 0 100 2 139
8 0 229 15 140
173 0 86 3 141
163 0 101 2 142
184 0 222 5 143
149 0 257 3 144
159 0 95 3 145
186 0 212 4 146
194 0 208 3 147
189 0 85 2 148
149 0 284 5 149
189 0 91 2 150
174 0 91 3 151
191 0 201 3 152
174 0 73 4 153
186 0 200 3 154
202 0 226 4 155
198 0 77 3 156
13 0 220 15 157
193 0 85 2 158
169 0 80 4 159
190 0 95 2 160
169 0 106 1 161
193 0 219 4 162
151 0 240 2 163
198 0 96 1 164
131 0 241 3 165
194 0 104 1 166
204 0 95 1 167
203 0 104 15 168
187 0 103 1 169
176 0 106 1 170
201 0 204 3 171
198 0 82 3 172
163 0 95 3 173
207 0 219 4 174
232 0 227 4 175
140 0 265 4 176
79 0 275 3 177
205 0 211 3 178
237 0 202 2 179
213 0 206 2 180
213 0 217 3 181
150 0 249 2 182
205 0 201 2 183
210 0 200 2 184
203 0 77 3 185
211 0 103 15 186
208 0 96 1 187
247 0 209 3 188
227 0 209 2 189
288 0 263 3 190
226 0 221 4 191
271 0 245 1 192
278 0 257 2 193
233 0 201 2 194
208 0 92 1 195
202 0 84 2 196
223 0 108 15 197
289 0 210 15 198
238 0 224 4 199
226 0 99 1 200
253 0 227 5 201
223 0 86 2 202
246 0 220 4 203
247 0 106 15 204
251 0 201 3 205
233 0 209 3 206
290 0 254 3 207
208 0 85 2 208
241 0 100 1 209
270 0 94 2 210
235 0 216 3 211
372 0 258 3 212
234 0 79 3 213
232 0 84 2 214
209 0 77 3 215
229 0 92 1 216
307 0 256 4 217
264 0 99 2 218
239 0 83 2 219
237 0 93 1 220
299 0 207 1 221
268 0 108 1 222
270 0 89 3 223
236 0 74 3 224
256 0 100 1 225
282 0 250 2 226
274 0 81 4 227
256 0 88 2 228
302 0 249 3 229
282 0 88 4 230
256 0 81 3 231
247 0 84 2 232
264 0 89 3 233
277 0 98 2 234
307 0 223 2 235
276 0 90 3 236
311 0 213 2 237
265 0 82 3 238
283 0 83 4 239
270 0 102 2 240
401 0 82 14 241
314 0 262 5 242
300 0 260 4 243
273 0 230 15 244
256 0 205 4 245
280 0 239 1 246
258 0 221 5 247
253 0 214 4 248
369 0 226 1 249
318 0 228 3 250
283 0 228 15 251
358 0 99 2 252
352 0 280 2 253
307 0 244 3 254
279 0 219 15 255
346 0 255 15 256
292 0 219 1 257
305 0 267 5 258
269 0 75 4 259
365 0 208 15 260
336 0 218 5 261
343 0 85 1 262
363 0 101 2 263
422 0 219 14 264
354 0 249 1 265
377 0 81 4 266
304 0 283 14 267
381 0 256 3 268
284 0 98 3 269
302 0 216 1 270
308 0 235 3 271
406 0 76 15 272
369 0 75 4 273
420 0 81 1 274
316 0 248 4 275
366 0 88 3 276
344 0 208 5 277
375 0 75 4 278
341 0 263 15 279
320 0 221 3 280
312 0 287 15 281
354 0 85 2 282
373 0 88 3 283
382 0 88 4 284
410 0 81 15 285
363 0 107 2 286
460 0 212 3 287
336 0 85 15 288
366 0 82 3 289
378 0 93 4 290
374 0 270 3 291
313 0 274 14 292
355 0 73 3 293
326 0 87 15 294
316 0 88 14 295
391 0 83 5 296
436 0 212 15 297
343 0 274 1 298
317 0 238 4 299
429 0 97 1 300
332 0 263 14 301
344 0 246 15 302
432 0 218 15 303
377 0 102 3 304
364 0 244 1 305
408 0 232 5 306
367 0 279 3 307
469 0 208 4 308
442 0 79 3 309
445 0 93 3 310
413 0 212 5 311
337 0 253 14 312
439 0 102 2 313
429 0 85 1 314
363 0 76 3 315
335 0 234 5 316
439 0 97 2 317
481 0 217 5 318
409 0 222 5 319
334 0 275 15 320
458 0 80 4 321
397 0 95 5 322
452 0 87 3 323
356 0 237 15 324
374 0 283 4 325
371 0 94 3 326
353 0 103 1 327
371 0 99 3 328
395 0 105 5 329
400 0 217 4 330
383 0 103 4 331
347 0 235 14 332
444 0 86 3 333
416 0 102 15 334
355 0 207 14 335
371 0 106 2 336
455 0 208 2 337
363 0 232 1 338
412 0 96 14 339
360 0 216 15 340
429 0 80 2 341
421 0 105 15 342
348 0 216 14 343
343 0 224 14 344
365 0 254 2 345
382 0 273 4 346
401 0 88 14 347
449 0 80 3 348
461 0 219 3 349
435 0 81 2 350
437 0 87 2 351
373 0 248 2 352
402 0 254 5 353
364 0 94 2 354
425 0 211 14 355
400 0 231 4 356
403 0 211 4 357
372 0 234 2 358
408 0 245 5 359
374 0 212 1 360
380 0 224 2 361
408 0 90 14 362
395 0 284 14 363
450 0 96 3 364
402 0 276 14 365
415 0 250 14 366
443 0 105 2 367
414 0 280 15 368
476 0 203 4 369
436 0 260 2 370
478 0 210 4 371
427 0 251 15 372
425 0 241 15 373
464 0 200 3 374
457 0 201 2 375
467 0 220 4 376
457 0 227 3 377
-7 0 77 3 378
2 0 76 3 379
11 0 77 2 380
36 0 75 15 381
74 0 74 4 382
109 0 76 1 383
159 0 74 5 384
198 0 72 4 385
260 0 76 4 386
280 0 74 5 387
381 0 75 5 388
373 0 70 4 389
408 0 70 15 390
433 0 73 2 391
443 0 73 3 392
456 0 72 4 393
457 0 86 4 394
459 0 96 4 395
485 0 200 5 396
489 0 210 14 397
485 0 223 5 398
477 0 225 5 399
440 0 248 2 400
444 0 263 2 401
441 0 277 3 402
433 0 272 2 403
432 0 286 2 404
424 0 278 1 405
416 0 290 1 406
399 0 244 5 407
365 0 286 3 408
354 0 287 3 409
342 0 284 2 410
88 0 283 2 411
26 0 260 14 412
18 0 256 15 413
26 0 284 1 414
14 0 285 2 415
9 0 278 2 416
3 0 287 3 417
3 0 273 2 418
-3 0 282 3 419
-49 0 221 14 420
-43 0 227 5 421
-37 0 224 5 422
-40 0 216 5 423
-42 0 201 5 424
-48 0 209 5 425
-15 0 105 3 426
-17 0 79 4 427
