64
221 -51 71 3 0
188 -51 74 3 1
155 -51 80 3 2
125 -51 92 3 3
101 -51 107 3 4
83 -51 122 3 5
69 -51 147 3 6
62 -51 170 3 7
64 -51 197 3 8
76 -51 222 3 9
95 -51 243 3 10
120 -51 260 3 11
146 -51 272 3 12
174 -51 279 3 13
202 -51 283 3 14
233 -51 282 3 15
266 -51 277 3 16
294 -51 270 3 17
319 -51 257 3 18
339 -51 243 3 19
356 -51 221 3 20
366 -51 199 3 21
368 -51 174 3 22
358 -51 149 3 23
343 -51 130 3 24
324 -51 114 3 25
302 -51 99 3 26
277 -51 89 3 27
245 -6 172 3 28
243 -6 169 3 29
240 -6 166 3 30
237 -6 164 3 31
233 -6 162 3 32
230 -6 161 3 33
226 -6 160 3 34
223 -6 159 3 35
220 -6 167 9 36
216 -6 167 9 37
211 -6 168 9 38
208 -6 170 9 39
205 -6 172 9 40
203 -6 174 9 41
201 -6 177 9 42
200 -6 180 9 43
201 -6 183 9 44
203 -6 186 9 45
206 -6 188 9 46
209 -6 190 9 47
212 -6 191 9 48
216 -6 192 9 49
219 -6 192 9 50
223 -6 192 9 51
227 -6 191 9 52
231 -6 190 9 53
234 -6 188 9 54
236 -6 186 9 55
238 -6 183 9 56
239 -6 180 9 57
238 -6 177 9 58
236 -6 173 9 59
234 -6 171 9 60
231 -6 169 9 61
228 -6 168 9 62
224 -6 167 9 63
