64
221 -51 44 3 0
190 -51 46 3 1
157 -51 52 3 2
127 -51 63 3 3
101 -51 76 3 4
80 -51 90 3 5
60 -51 113 3 6
46 -51 138 3 7
39 -51 166 3 8
41 -51 198 3 9
53 -51 226 3 10
72 -51 250 3 11
94 -51 270 3 12
120 -51 284 3 13
147 -51 295 3 14
176 -51 301 3 15
210 -51 304 3 16
244 -51 303 3 17
271 -51 297 3 18
297 -51 289 3 19
321 -51 275 3 20
347 -51 257 3 21
365 -51 234 3 22
372 -51 211 3 23
376 -51 190 3 24
373 -51 166 3 25
365 -51 142 3 26
351 -51 120 3 27
330 -28 148 3 28
321 -28 133 3 29
308 -28 121 3 30
295 -28 111 3 31
280 -28 103 3 32
265 -28 96 3 33
249 -28 92 3 34
236 -28 90 3 35
221 -28 124 9 36
202 -28 126 9 37
184 -28 129 9 38
167 -28 136 9 39
154 -28 144 9 40
145 -28 153 9 41
138 -28 167 9 42
135 -28 180 9 43
138 -28 194 9 44
146 -28 206 9 45
158 -28 217 9 46
172 -28 225 9 47
188 -28 231 9 48
203 -28 233 9 49
219 -28 235 9 50
236 -28 233 9 51
254 -28 229 9 52
268 -28 224 9 53
282 -28 216 9 54
292 -28 207 9 55
300 -28 194 9 56
303 -28 181 9 57
301 -28 167 9 58
293 -28 153 9 59
282 -28 143 9 60
269 -28 135 9 61
255 -28 128 9 62
239 -28 125 9 63
