36
221 -51 38 3 0
191 -51 40 3 1
157 -51 46 3 2
127 -51 56 3 3
101 -51 69 3 4
80 -51 83 3 5
58 -51 105 3 6
42 -51 130 3 7
33 -51 159 3 8
33 -51 192 3 9
43 -51 222 3 10
61 -51 248 3 11
82 -51 269 3 12
107 -51 285 3 13
134 -51 298 3 14
163 -51 305 3 15
197 -51 310 3 16
232 -51 311 3 17
260 -51 307 3 18
287 -51 300 3 19
313 -51 287 3 20
342 -51 271 3 21
365 -51 248 3 22
376 -51 226 3 23
384 -51 204 3 24
385 -51 178 3 25
380 -51 152 3 26
369 -51 127 3 27
420 -51 122 3 28
404 -51 96 3 29
381 -51 73 3 30
357 -51 55 3 31
330 -51 40 3 32
303 -51 29 3 33
274 -51 21 3 34
250 -51 18 3 35
