36
221 -51 60 3 0
189 -51 62 3 1
156 -51 69 3 2
126 -51 80 3 3
101 -51 94 3 4
82 -51 109 3 5
65 -51 133 3 6
55 -51 157 3 7
54 -51 184 3 8
62 -51 212 3 9
78 -51 236 3 10
100 -51 256 3 11
125 -51 271 3 12
151 -51 281 3 13
180 -51 288 3 14
210 -51 290 3 15
243 -51 288 3 16
273 -51 284 3 17
299 -51 274 3 18
322 -51 262 3 19
342 -51 243 3 20
358 -51 223 3 21
367 -51 199 3 22
364 -51 175 3 23
357 -51 155 3 24
344 -51 135 3 25
328 -51 117 3 26
307 -51 101 3 27
420 -51 122 3 28
404 -51 96 3 29
381 -51 73 3 30
357 -51 55 3 31
330 -51 40 3 32
303 -51 29 3 33
274 -51 21 3 34
250 -51 18 3 35
