36
221 -51 40 3 0
191 -51 42 3 1
157 -51 47 3 2
127 -51 57 3 3
101 -51 71 3 4
80 -51 85 3 5
58 -51 107 3 6
43 -51 132 3 7
34 -51 161 3 8
35 -51 194 3 9
46 -51 223 3 10
64 -51 249 3 11
85 -51 269 3 12
110 -51 285 3 13
137 -51 297 3 14
166 -51 304 3 15
200 -51 309 3 16
235 -51 309 3 17
263 -51 304 3 18
290 -51 297 3 19
315 -51 284 3 20
343 -51 267 3 21
365 -51 245 3 22
375 -51 222 3 23
382 -51 200 3 24
382 -51 175 3 25
377 -51 149 3 26
365 -51 125 3 27
420 -51 122 3 28
404 -51 96 3 29
381 -51 73 3 30
357 -51 55 3 31
330 -51 40 3 32
303 -51 29 3 33
274 -51 21 3 34
250 -51 18 3 35
