36
221 -51 18 3 0
192 -51 19 3 1
158 -51 24 3 2
128 -51 33 3 3
101 -51 45 3 4
78 -51 58 3 5
51 -51 79 3 6
29 -51 105 3 7
13 -51 136 3 8
7 -51 174 3 9
11 -51 209 3 10
24 -51 241 3 11
42 -51 268 3 12
66 -51 289 3 13
92 -51 307 3 14
120 -51 319 3 15
154 -51 331 3 16
194 -51 337 3 17
224 -51 337 3 18
255 -51 335 3 19
287 -51 328 3 20
328 -51 315 3 21
363 -51 294 3 22
387 -51 274 3 23
409 -51 249 3 24
423 -51 218 3 25
429 -51 184 3 26
426 -51 151 3 27
420 -51 122 3 28
404 -51 96 3 29
381 -51 73 3 30
357 -51 55 3 31
330 -51 40 3 32
303 -51 29 3 33
274 -51 21 3 34
250 -51 18 3 35
