36
317 -51 17 3 0
289 -51 18 3 1
255 -51 23 3 2
225 -51 32 3 3
198 -51 44 3 4
174 -51 57 3 5
147 -51 78 3 6
125 -51 104 3 7
108 -51 135 3 8
101 -51 173 3 9
105 -51 209 3 10
118 -51 241 3 11
135 -51 268 3 12
159 -51 290 3 13
185 -51 308 3 14
213 -51 321 3 15
247 -51 333 3 16
288 -51 339 3 17
318 -51 340 3 18
349 -51 338 3 19
381 -51 332 3 20
423 -51 319 3 21
459 -51 298 3 22
484 -51 278 3 23
507 -51 253 3 24
522 -51 222 3 25
529 -51 187 3 26
527 -51 153 3 27
516 -51 122 3 28
500 -51 96 3 29
477 -51 73 3 30
453 -51 55 3 31
426 -51 40 3 32
399 -51 29 3 33
370 -51 21 3 34
346 -51 18 3 35
