36
235 -51 17 3 0
207 -51 18 3 1
173 -51 23 3 2
143 -51 32 3 3
116 -51 44 3 4
92 -51 57 3 5
65 -51 78 3 6
43 -51 104 3 7
26 -51 135 3 8
19 -51 173 3 9
23 -51 209 3 10
36 -51 241 3 11
53 -51 268 3 12
77 -51 290 3 13
103 -51 308 3 14
131 -51 321 3 15
165 -51 333 3 16
206 -51 339 3 17
236 -51 340 3 18
267 -51 338 3 19
299 -51 332 3 20
341 -51 319 3 21
377 -51 298 3 22
402 -51 278 3 23
425 -51 253 3 24
440 -51 222 3 25
447 -51 187 3 26
445 -51 153 3 27
434 -51 122 3 28
418 -51 96 3 29
395 -51 73 3 30
371 -51 55 3 31
344 -51 40 3 32
317 -51 29 3 33
288 -51 21 3 34
264 -51 18 3 35
