36
231 -51 17 3 0
203 -51 18 3 1
169 -51 23 3 2
139 -51 32 3 3
112 -51 44 3 4
88 -51 57 3 5
61 -51 78 3 6
39 -51 104 3 7
22 -51 135 3 8
15 -51 173 3 9
19 -51 209 3 10
32 -51 241 3 11
49 -51 268 3 12
73 -51 290 3 13
99 -51 308 3 14
127 -51 321 3 15
161 -51 333 3 16
202 -51 339 3 17
232 -51 340 3 18
263 -51 338 3 19
295 -51 332 3 20
337 -51 319 3 21
373 -51 298 3 22
398 -51 278 3 23
421 -51 253 3 24
436 -51 222 3 25
443 -51 187 3 26
441 -51 153 3 27
430 -51 122 3 28
414 -51 96 3 29
391 -51 73 3 30
367 -51 55 3 31
340 -51 40 3 32
313 -51 29 3 33
284 -51 21 3 34
260 -51 18 3 35
