36
405 -51 17 3 0
377 -51 18 3 1
343 -51 23 3 2
313 -51 32 3 3
286 -51 44 3 4
262 -51 57 3 5
235 -51 78 3 6
213 -51 104 3 7
196 -51 135 3 8
189 -51 173 3 9
193 -51 209 3 10
206 -51 241 3 11
223 -51 268 3 12
247 -51 290 3 13
273 -51 308 3 14
301 -51 321 3 15
335 -51 333 3 16
376 -51 339 3 17
406 -51 340 3 18
437 -51 338 3 19
469 -51 332 3 20
511 -51 319 3 21
547 -51 298 3 22
572 -51 278 3 23
595 -51 253 3 24
610 -51 222 3 25
617 -51 187 3 26
615 -51 153 3 27
604 -51 122 3 28
588 -51 96 3 29
565 -51 73 3 30
541 -51 55 3 31
514 -51 40 3 32
487 -51 29 3 33
458 -51 21 3 34
434 -51 18 3 35
