36
223 -51 17 3 0
195 -51 18 3 1
161 -51 23 3 2
131 -51 32 3 3
104 -51 44 3 4
80 -51 57 3 5
53 -51 78 3 6
31 -51 104 3 7
14 -51 135 3 8
7 -51 173 3 9
11 -51 209 3 10
24 -51 241 3 11
41 -51 268 3 12
65 -51 290 3 13
91 -51 308 3 14
119 -51 321 3 15
153 -51 333 3 16
194 -51 339 3 17
224 -51 340 3 18
255 -51 338 3 19
287 -51 332 3 20
329 -51 319 3 21
365 -51 298 3 22
390 -51 278 3 23
413 -51 253 3 24
428 -51 222 3 25
435 -51 187 3 26
433 -51 153 3 27
422 -51 122 3 28
406 -51 96 3 29
383 -51 73 3 30
359 -51 55 3 31
332 -51 40 3 32
305 -51 29 3 33
276 -51 21 3 34
252 -51 18 3 35
