36
391 -51 17 3 0
363 -51 18 3 1
329 -51 23 3 2
299 -51 32 3 3
272 -51 44 3 4
248 -51 57 3 5
221 -51 78 3 6
199 -51 104 3 7
182 -51 135 3 8
175 -51 173 3 9
179 -51 209 3 10
192 -51 241 3 11
209 -51 268 3 12
233 -51 290 3 13
259 -51 308 3 14
287 -51 321 3 15
321 -51 333 3 16
362 -51 339 3 17
392 -51 340 3 18
423 -51 338 3 19
455 -51 332 3 20
497 -51 319 3 21
533 -51 298 3 22
558 -51 278 3 23
581 -51 253 3 24
596 -51 222 3 25
603 -51 187 3 26
601 -51 153 3 27
590 -51 122 3 28
574 -51 96 3 29
551 -51 73 3 30
527 -51 55 3 31
500 -51 40 3 32
473 -51 29 3 33
444 -51 21 3 34
420 -51 18 3 35
