36
349 -51 17 3 0
321 -51 18 3 1
287 -51 23 3 2
257 -51 32 3 3
230 -51 44 3 4
206 -51 57 3 5
179 -51 78 3 6
157 -51 104 3 7
140 -51 135 3 8
133 -51 173 3 9
137 -51 209 3 10
150 -51 241 3 11
167 -51 268 3 12
191 -51 290 3 13
217 -51 308 3 14
245 -51 321 3 15
279 -51 333 3 16
320 -51 339 3 17
350 -51 340 3 18
381 -51 338 3 19
413 -51 332 3 20
455 -51 319 3 21
491 -51 298 3 22
516 -51 278 3 23
539 -51 253 3 24
554 -51 222 3 25
561 -51 187 3 26
559 -51 153 3 27
548 -51 122 3 28
532 -51 96 3 29
509 -51 73 3 30
485 -51 55 3 31
458 -51 40 3 32
431 -51 29 3 33
402 -51 21 3 34
378 -51 18 3 35
