36
415 -51 17 3 0
387 -51 18 3 1
353 -51 23 3 2
323 -51 32 3 3
296 -51 44 3 4
272 -51 57 3 5
245 -51 78 3 6
223 -51 104 3 7
206 -51 135 3 8
199 -51 173 3 9
203 -51 209 3 10
216 -51 241 3 11
233 -51 268 3 12
257 -51 290 3 13
283 -51 308 3 14
311 -51 321 3 15
345 -51 333 3 16
386 -51 339 3 17
416 -51 340 3 18
447 -51 338 3 19
479 -51 332 3 20
521 -51 319 3 21
557 -51 298 3 22
582 -51 278 3 23
605 -51 253 3 24
620 -51 222 3 25
627 -51 187 3 26
625 -51 153 3 27
614 -51 122 3 28
598 -51 96 3 29
575 -51 73 3 30
551 -51 55 3 31
524 -51 40 3 32
497 -51 29 3 33
468 -51 21 3 34
444 -51 18 3 35
