36
329 -51 17 3 0
301 -51 18 3 1
267 -51 23 3 2
237 -51 32 3 3
210 -51 44 3 4
186 -51 57 3 5
159 -51 78 3 6
137 -51 104 3 7
120 -51 135 3 8
113 -51 173 3 9
117 -51 209 3 10
130 -51 241 3 11
147 -51 268 3 12
171 -51 290 3 13
197 -51 308 3 14
225 -51 321 3 15
259 -51 333 3 16
300 -51 339 3 17
330 -51 340 3 18
361 -51 338 3 19
393 -51 332 3 20
435 -51 319 3 21
471 -51 298 3 22
496 -51 278 3 23
519 -51 253 3 24
534 -51 222 3 25
541 -51 187 3 26
539 -51 153 3 27
528 -51 122 3 28
512 -51 96 3 29
489 -51 73 3 30
465 -51 55 3 31
438 -51 40 3 32
411 -51 29 3 33
382 -51 21 3 34
358 -51 18 3 35
