36
243 -51 17 3 0
215 -51 18 3 1
181 -51 23 3 2
151 -51 32 3 3
124 -51 44 3 4
100 -51 57 3 5
73 -51 78 3 6
51 -51 104 3 7
34 -51 135 3 8
27 -51 173 3 9
31 -51 209 3 10
44 -51 241 3 11
61 -51 268 3 12
85 -51 290 3 13
111 -51 308 3 14
139 -51 321 3 15
173 -51 333 3 16
214 -51 339 3 17
244 -51 340 3 18
275 -51 338 3 19
307 -51 332 3 20
349 -51 319 3 21
385 -51 298 3 22
410 -51 278 3 23
433 -51 253 3 24
448 -51 222 3 25
455 -51 187 3 26
453 -51 153 3 27
442 -51 122 3 28
426 -51 96 3 29
403 -51 73 3 30
379 -51 55 3 31
352 -51 40 3 32
325 -51 29 3 33
296 -51 21 3 34
272 -51 18 3 35
