36
261 -51 17 3 0
233 -51 18 3 1
199 -51 23 3 2
169 -51 32 3 3
142 -51 44 3 4
118 -51 57 3 5
91 -51 78 3 6
69 -51 104 3 7
52 -51 135 3 8
45 -51 173 3 9
49 -51 209 3 10
62 -51 241 3 11
79 -51 268 3 12
103 -51 290 3 13
129 -51 308 3 14
157 -51 321 3 15
191 -51 333 3 16
232 -51 339 3 17
262 -51 340 3 18
293 -51 338 3 19
325 -51 332 3 20
367 -51 319 3 21
403 -51 298 3 22
428 -51 278 3 23
451 -51 253 3 24
466 -51 222 3 25
473 -51 187 3 26
471 -51 153 3 27
460 -51 122 3 28
444 -51 96 3 29
421 -51 73 3 30
397 -51 55 3 31
370 -51 40 3 32
343 -51 29 3 33
314 -51 21 3 34
290 -51 18 3 35
