36
265 -51 17 3 0
237 -51 18 3 1
203 -51 23 3 2
173 -51 32 3 3
146 -51 44 3 4
122 -51 57 3 5
95 -51 78 3 6
73 -51 104 3 7
56 -51 135 3 8
49 -51 173 3 9
53 -51 209 3 10
66 -51 241 3 11
83 -51 268 3 12
107 -51 290 3 13
133 -51 308 3 14
161 -51 321 3 15
195 -51 333 3 16
236 -51 339 3 17
266 -51 340 3 18
297 -51 338 3 19
329 -51 332 3 20
371 -51 319 3 21
407 -51 298 3 22
432 -51 278 3 23
455 -51 253 3 24
470 -51 222 3 25
477 -51 187 3 26
475 -51 153 3 27
464 -51 122 3 28
448 -51 96 3 29
425 -51 73 3 30
401 -51 55 3 31
374 -51 40 3 32
347 -51 29 3 33
318 -51 21 3 34
294 -51 18 3 35
