36
399 -51 17 3 0
371 -51 18 3 1
337 -51 23 3 2
307 -51 32 3 3
280 -51 44 3 4
256 -51 57 3 5
229 -51 78 3 6
207 -51 104 3 7
190 -51 135 3 8
183 -51 173 3 9
187 -51 209 3 10
200 -51 241 3 11
217 -51 268 3 12
241 -51 290 3 13
267 -51 308 3 14
295 -51 321 3 15
329 -51 333 3 16
370 -51 339 3 17
400 -51 340 3 18
431 -51 338 3 19
463 -51 332 3 20
505 -51 319 3 21
541 -51 298 3 22
566 -51 278 3 23
589 -51 253 3 24
604 -51 222 3 25
611 -51 187 3 26
609 -51 153 3 27
598 -51 122 3 28
582 -51 96 3 29
559 -51 73 3 30
535 -51 55 3 31
508 -51 40 3 32
481 -51 29 3 33
452 -51 21 3 34
428 -51 18 3 35
