36
313 -51 17 3 0
285 -51 18 3 1
251 -51 23 3 2
221 -51 32 3 3
194 -51 44 3 4
170 -51 57 3 5
143 -51 78 3 6
121 -51 104 3 7
104 -51 135 3 8
97 -51 173 3 9
101 -51 209 3 10
114 -51 241 3 11
131 -51 268 3 12
155 -51 290 3 13
181 -51 308 3 14
209 -51 321 3 15
243 -51 333 3 16
284 -51 339 3 17
314 -51 340 3 18
345 -51 338 3 19
377 -51 332 3 20
419 -51 319 3 21
455 -51 298 3 22
480 -51 278 3 23
503 -51 253 3 24
518 -51 222 3 25
525 -51 187 3 26
523 -51 153 3 27
512 -51 122 3 28
496 -51 96 3 29
473 -51 73 3 30
449 -51 55 3 31
422 -51 40 3 32
395 -51 29 3 33
366 -51 21 3 34
342 -51 18 3 35
