36
417 -51 17 3 0
389 -51 18 3 1
355 -51 23 3 2
325 -51 32 3 3
298 -51 44 3 4
274 -51 57 3 5
247 -51 78 3 6
225 -51 104 3 7
208 -51 135 3 8
201 -51 173 3 9
205 -51 209 3 10
218 -51 241 3 11
235 -51 268 3 12
259 -51 290 3 13
285 -51 308 3 14
313 -51 321 3 15
347 -51 333 3 16
388 -51 339 3 17
418 -51 340 3 18
449 -51 338 3 19
481 -51 332 3 20
523 -51 319 3 21
559 -51 298 3 22
584 -51 278 3 23
607 -51 253 3 24
622 -51 222 3 25
629 -51 187 3 26
627 -51 153 3 27
616 -51 122 3 28
600 -51 96 3 29
577 -51 73 3 30
553 -51 55 3 31
526 -51 40 3 32
499 -51 29 3 33
470 -51 21 3 34
446 -51 18 3 35
