36
271 -51 17 3 0
243 -51 18 3 1
209 -51 23 3 2
179 -51 32 3 3
152 -51 44 3 4
128 -51 57 3 5
101 -51 78 3 6
79 -51 104 3 7
62 -51 135 3 8
55 -51 173 3 9
59 -51 209 3 10
72 -51 241 3 11
89 -51 268 3 12
113 -51 290 3 13
139 -51 308 3 14
167 -51 321 3 15
201 -51 333 3 16
242 -51 339 3 17
272 -51 340 3 18
303 -51 338 3 19
335 -51 332 3 20
377 -51 319 3 21
413 -51 298 3 22
438 -51 278 3 23
461 -51 253 3 24
476 -51 222 3 25
483 -51 187 3 26
481 -51 153 3 27
470 -51 122 3 28
454 -51 96 3 29
431 -51 73 3 30
407 -51 55 3 31
380 -51 40 3 32
353 -51 29 3 33
324 -51 21 3 34
300 -51 18 3 35
