36
287 -51 17 3 0
259 -51 18 3 1
225 -51 23 3 2
195 -51 32 3 3
168 -51 44 3 4
144 -51 57 3 5
117 -51 78 3 6
95 -51 104 3 7
78 -51 135 3 8
71 -51 173 3 9
75 -51 209 3 10
88 -51 241 3 11
105 -51 268 3 12
129 -51 290 3 13
155 -51 308 3 14
183 -51 321 3 15
217 -51 333 3 16
258 -51 339 3 17
288 -51 340 3 18
319 -51 338 3 19
351 -51 332 3 20
393 -51 319 3 21
429 -51 298 3 22
454 -51 278 3 23
477 -51 253 3 24
492 -51 222 3 25
499 -51 187 3 26
497 -51 153 3 27
486 -51 122 3 28
470 -51 96 3 29
447 -51 73 3 30
423 -51 55 3 31
396 -51 40 3 32
369 -51 29 3 33
340 -51 21 3 34
316 -51 18 3 35
