36
241 -51 17 3 0
213 -51 18 3 1
179 -51 23 3 2
149 -51 32 3 3
122 -51 44 3 4
98 -51 57 3 5
71 -51 78 3 6
49 -51 104 3 7
32 -51 135 3 8
25 -51 173 3 9
29 -51 209 3 10
42 -51 241 3 11
59 -51 268 3 12
83 -51 290 3 13
109 -51 308 3 14
137 -51 321 3 15
171 -51 333 3 16
212 -51 339 3 17
242 -51 340 3 18
273 -51 338 3 19
305 -51 332 3 20
347 -51 319 3 21
383 -51 298 3 22
408 -51 278 3 23
431 -51 253 3 24
446 -51 222 3 25
453 -51 187 3 26
451 -51 153 3 27
440 -51 122 3 28
424 -51 96 3 29
401 -51 73 3 30
377 -51 55 3 31
350 -51 40 3 32
323 -51 29 3 33
294 -51 21 3 34
270 -51 18 3 35
