36
445 -51 17 3 0
417 -51 18 3 1
383 -51 23 3 2
353 -51 32 3 3
326 -51 44 3 4
302 -51 57 3 5
275 -51 78 3 6
253 -51 104 3 7
236 -51 135 3 8
229 -51 173 3 9
233 -51 209 3 10
246 -51 241 3 11
263 -51 268 3 12
287 -51 290 3 13
313 -51 308 3 14
341 -51 321 3 15
375 -51 333 3 16
416 -51 339 3 17
446 -51 340 3 18
477 -51 338 3 19
509 -51 332 3 20
551 -51 319 3 21
587 -51 298 3 22
612 -51 278 3 23
635 -51 253 3 24
650 -51 222 3 25
657 -51 187 3 26
655 -51 153 3 27
644 -51 122 3 28
628 -51 96 3 29
605 -51 73 3 30
581 -51 55 3 31
554 -51 40 3 32
527 -51 29 3 33
498 -51 21 3 34
474 -51 18 3 35
