36
551 -51 17 3 0
523 -51 18 3 1
489 -51 23 3 2
459 -51 32 3 3
432 -51 44 3 4
408 -51 57 3 5
381 -51 78 3 6
359 -51 104 3 7
342 -51 135 3 8
335 -51 173 3 9
339 -51 209 3 10
352 -51 241 3 11
369 -51 268 3 12
393 -51 290 3 13
419 -51 308 3 14
447 -51 321 3 15
481 -51 333 3 16
522 -51 339 3 17
552 -51 340 3 18
583 -51 338 3 19
615 -51 332 3 20
657 -51 319 3 21
693 -51 298 3 22
718 -51 278 3 23
741 -51 253 3 24
756 -51 222 3 25
763 -51 187 3 26
761 -51 153 3 27
750 -51 122 3 28
734 -51 96 3 29
711 -51 73 3 30
687 -51 55 3 31
660 -51 40 3 32
633 -51 29 3 33
604 -51 21 3 34
580 -51 18 3 35
