36
481 -51 17 3 0
453 -51 18 3 1
419 -51 23 3 2
389 -51 32 3 3
362 -51 44 3 4
338 -51 57 3 5
311 -51 78 3 6
289 -51 104 3 7
272 -51 135 3 8
265 -51 173 3 9
269 -51 209 3 10
282 -51 241 3 11
299 -51 268 3 12
323 -51 290 3 13
349 -51 308 3 14
377 -51 321 3 15
411 -51 333 3 16
452 -51 339 3 17
482 -51 340 3 18
513 -51 338 3 19
545 -51 332 3 20
587 -51 319 3 21
623 -51 298 3 22
648 -51 278 3 23
671 -51 253 3 24
686 -51 222 3 25
693 -51 187 3 26
691 -51 153 3 27
680 -51 122 3 28
664 -51 96 3 29
641 -51 73 3 30
617 -51 55 3 31
590 -51 40 3 32
563 -51 29 3 33
534 -51 21 3 34
510 -51 18 3 35
