36
439 -51 17 3 0
411 -51 18 3 1
377 -51 23 3 2
347 -51 32 3 3
320 -51 44 3 4
296 -51 57 3 5
269 -51 78 3 6
247 -51 104 3 7
230 -51 135 3 8
223 -51 173 3 9
227 -51 209 3 10
240 -51 241 3 11
257 -51 268 3 12
281 -51 290 3 13
307 -51 308 3 14
335 -51 321 3 15
369 -51 333 3 16
410 -51 339 3 17
440 -51 340 3 18
471 -51 338 3 19
503 -51 332 3 20
545 -51 319 3 21
581 -51 298 3 22
606 -51 278 3 23
629 -51 253 3 24
644 -51 222 3 25
651 -51 187 3 26
649 -51 153 3 27
638 -51 122 3 28
622 -51 96 3 29
599 -51 73 3 30
575 -51 55 3 31
548 -51 40 3 32
521 -51 29 3 33
492 -51 21 3 34
468 -51 18 3 35
