36
575 -51 17 3 0
547 -51 18 3 1
513 -51 23 3 2
483 -51 32 3 3
456 -51 44 3 4
432 -51 57 3 5
405 -51 78 3 6
383 -51 104 3 7
366 -51 135 3 8
359 -51 173 3 9
363 -51 209 3 10
376 -51 241 3 11
393 -51 268 3 12
417 -51 290 3 13
443 -51 308 3 14
471 -51 321 3 15
505 -51 333 3 16
546 -51 339 3 17
576 -51 340 3 18
607 -51 338 3 19
639 -51 332 3 20
681 -51 319 3 21
717 -51 298 3 22
742 -51 278 3 23
765 -51 253 3 24
780 -51 222 3 25
787 -51 187 3 26
785 -51 153 3 27
774 -51 122 3 28
758 -51 96 3 29
735 -51 73 3 30
711 -51 55 3 31
684 -51 40 3 32
657 -51 29 3 33
628 -51 21 3 34
604 -51 18 3 35
