36
497 -51 17 3 0
469 -51 18 3 1
435 -51 23 3 2
405 -51 32 3 3
378 -51 44 3 4
354 -51 57 3 5
327 -51 78 3 6
305 -51 104 3 7
288 -51 135 3 8
281 -51 173 3 9
285 -51 209 3 10
298 -51 241 3 11
315 -51 268 3 12
339 -51 290 3 13
365 -51 308 3 14
393 -51 321 3 15
427 -51 333 3 16
468 -51 339 3 17
498 -51 340 3 18
529 -51 338 3 19
561 -51 332 3 20
603 -51 319 3 21
639 -51 298 3 22
664 -51 278 3 23
687 -51 253 3 24
702 -51 222 3 25
709 -51 187 3 26
707 -51 153 3 27
696 -51 122 3 28
680 -51 96 3 29
657 -51 73 3 30
633 -51 55 3 31
606 -51 40 3 32
579 -51 29 3 33
550 -51 21 3 34
526 -51 18 3 35
