36
515 -51 17 3 0
487 -51 18 3 1
453 -51 23 3 2
423 -51 32 3 3
396 -51 44 3 4
372 -51 57 3 5
345 -51 78 3 6
323 -51 104 3 7
306 -51 135 3 8
299 -51 173 3 9
303 -51 209 3 10
316 -51 241 3 11
333 -51 268 3 12
357 -51 290 3 13
383 -51 308 3 14
411 -51 321 3 15
445 -51 333 3 16
486 -51 339 3 17
516 -51 340 3 18
547 -51 338 3 19
579 -51 332 3 20
621 -51 319 3 21
657 -51 298 3 22
682 -51 278 3 23
705 -51 253 3 24
720 -51 222 3 25
727 -51 187 3 26
725 -51 153 3 27
714 -51 122 3 28
698 -51 96 3 29
675 -51 73 3 30
651 -51 55 3 31
624 -51 40 3 32
597 -51 29 3 33
568 -51 21 3 34
544 -51 18 3 35
