36
517 -51 17 3 0
489 -51 18 3 1
455 -51 23 3 2
425 -51 32 3 3
398 -51 44 3 4
374 -51 57 3 5
347 -51 78 3 6
325 -51 104 3 7
308 -51 135 3 8
301 -51 173 3 9
305 -51 209 3 10
318 -51 241 3 11
335 -51 268 3 12
359 -51 290 3 13
385 -51 308 3 14
413 -51 321 3 15
447 -51 333 3 16
488 -51 339 3 17
518 -51 340 3 18
549 -51 338 3 19
581 -51 332 3 20
623 -51 319 3 21
659 -51 298 3 22
684 -51 278 3 23
707 -51 253 3 24
722 -51 222 3 25
729 -51 187 3 26
727 -51 153 3 27
716 -51 122 3 28
700 -51 96 3 29
677 -51 73 3 30
653 -51 55 3 31
626 -51 40 3 32
599 -51 29 3 33
570 -51 21 3 34
546 -51 18 3 35
