36
511 -51 17 3 0
483 -51 18 3 1
449 -51 23 3 2
419 -51 32 3 3
392 -51 44 3 4
368 -51 57 3 5
341 -51 78 3 6
319 -51 104 3 7
302 -51 135 3 8
295 -51 173 3 9
299 -51 209 3 10
312 -51 241 3 11
329 -51 268 3 12
353 -51 290 3 13
379 -51 308 3 14
407 -51 321 3 15
441 -51 333 3 16
482 -51 339 3 17
512 -51 340 3 18
543 -51 338 3 19
575 -51 332 3 20
617 -51 319 3 21
653 -51 298 3 22
678 -51 278 3 23
701 -51 253 3 24
716 -51 222 3 25
723 -51 187 3 26
721 -51 153 3 27
710 -51 122 3 28
694 -51 96 3 29
671 -51 73 3 30
647 -51 55 3 31
620 -51 40 3 32
593 -51 29 3 33
564 -51 21 3 34
540 -51 18 3 35
