36
487 -51 17 3 0
459 -51 18 3 1
425 -51 23 3 2
395 -51 32 3 3
368 -51 44 3 4
344 -51 57 3 5
317 -51 78 3 6
295 -51 104 3 7
278 -51 135 3 8
271 -51 173 3 9
275 -51 209 3 10
288 -51 241 3 11
305 -51 268 3 12
329 -51 290 3 13
355 -51 308 3 14
383 -51 321 3 15
417 -51 333 3 16
458 -51 339 3 17
488 -51 340 3 18
519 -51 338 3 19
551 -51 332 3 20
593 -51 319 3 21
629 -51 298 3 22
654 -51 278 3 23
677 -51 253 3 24
692 -51 222 3 25
699 -51 187 3 26
697 -51 153 3 27
686 -51 122 3 28
670 -51 96 3 29
647 -51 73 3 30
623 -51 55 3 31
596 -51 40 3 32
569 -51 29 3 33
540 -51 21 3 34
516 -51 18 3 35
