36
437 -51 17 3 0
409 -51 18 3 1
375 -51 23 3 2
345 -51 32 3 3
318 -51 44 3 4
294 -51 57 3 5
267 -51 78 3 6
245 -51 104 3 7
228 -51 135 3 8
221 -51 173 3 9
225 -51 209 3 10
238 -51 241 3 11
255 -51 268 3 12
279 -51 290 3 13
305 -51 308 3 14
333 -51 321 3 15
367 -51 333 3 16
408 -51 339 3 17
438 -51 340 3 18
469 -51 338 3 19
501 -51 332 3 20
543 -51 319 3 21
579 -51 298 3 22
604 -51 278 3 23
627 -51 253 3 24
642 -51 222 3 25
649 -51 187 3 26
647 -51 153 3 27
636 -51 122 3 28
620 -51 96 3 29
597 -51 73 3 30
573 -51 55 3 31
546 -51 40 3 32
519 -51 29 3 33
490 -51 21 3 34
466 -51 18 3 35
