36
513 -51 17 3 0
485 -51 18 3 1
451 -51 23 3 2
421 -51 32 3 3
394 -51 44 3 4
370 -51 57 3 5
343 -51 78 3 6
321 -51 104 3 7
304 -51 135 3 8
297 -51 173 3 9
301 -51 209 3 10
314 -51 241 3 11
331 -51 268 3 12
355 -51 290 3 13
381 -51 308 3 14
409 -51 321 3 15
443 -51 333 3 16
484 -51 339 3 17
514 -51 340 3 18
545 -51 338 3 19
577 -51 332 3 20
619 -51 319 3 21
655 -51 298 3 22
680 -51 278 3 23
703 -51 253 3 24
718 -51 222 3 25
725 -51 187 3 26
723 -51 153 3 27
712 -51 122 3 28
696 -51 96 3 29
673 -51 73 3 30
649 -51 55 3 31
622 -51 40 3 32
595 -51 29 3 33
566 -51 21 3 34
542 -51 18 3 35
