36
479 -51 17 3 0
451 -51 18 3 1
417 -51 23 3 2
387 -51 32 3 3
360 -51 44 3 4
336 -51 57 3 5
309 -51 78 3 6
287 -51 104 3 7
270 -51 135 3 8
263 -51 173 3 9
267 -51 209 3 10
280 -51 241 3 11
297 -51 268 3 12
321 -51 290 3 13
347 -51 308 3 14
375 -51 321 3 15
409 -51 333 3 16
450 -51 339 3 17
480 -51 340 3 18
511 -51 338 3 19
543 -51 332 3 20
585 -51 319 3 21
621 -51 298 3 22
646 -51 278 3 23
669 -51 253 3 24
684 -51 222 3 25
691 -51 187 3 26
689 -51 153 3 27
678 -51 122 3 28
662 -51 96 3 29
639 -51 73 3 30
615 -51 55 3 31
588 -51 40 3 32
561 -51 29 3 33
532 -51 21 3 34
508 -51 18 3 35
