36
469 -51 17 3 0
441 -51 18 3 1
407 -51 23 3 2
377 -51 32 3 3
350 -51 44 3 4
326 -51 57 3 5
299 -51 78 3 6
277 -51 104 3 7
260 -51 135 3 8
253 -51 173 3 9
257 -51 209 3 10
270 -51 241 3 11
287 -51 268 3 12
311 -51 290 3 13
337 -51 308 3 14
365 -51 321 3 15
399 -51 333 3 16
440 -51 339 3 17
470 -51 340 3 18
501 -51 338 3 19
533 -51 332 3 20
575 -51 319 3 21
611 -51 298 3 22
636 -51 278 3 23
659 -51 253 3 24
674 -51 222 3 25
681 -51 187 3 26
679 -51 153 3 27
668 -51 122 3 28
652 -51 96 3 29
629 -51 73 3 30
605 -51 55 3 31
578 -51 40 3 32
551 -51 29 3 33
522 -51 21 3 34
498 -51 18 3 35
