36
447 -51 17 3 0
419 -51 18 3 1
385 -51 23 3 2
355 -51 32 3 3
328 -51 44 3 4
304 -51 57 3 5
277 -51 78 3 6
255 -51 104 3 7
238 -51 135 3 8
231 -51 173 3 9
235 -51 209 3 10
248 -51 241 3 11
265 -51 268 3 12
289 -51 290 3 13
315 -51 308 3 14
343 -51 321 3 15
377 -51 333 3 16
418 -51 339 3 17
448 -51 340 3 18
479 -51 338 3 19
511 -51 332 3 20
553 -51 319 3 21
589 -51 298 3 22
614 -51 278 3 23
637 -51 253 3 24
652 -51 222 3 25
659 -51 187 3 26
657 -51 153 3 27
646 -51 122 3 28
630 -51 96 3 29
607 -51 73 3 30
583 -51 55 3 31
556 -51 40 3 32
529 -51 29 3 33
500 -51 21 3 34
476 -51 18 3 35
