36
493 -51 17 3 0
465 -51 18 3 1
431 -51 23 3 2
401 -51 32 3 3
374 -51 44 3 4
350 -51 57 3 5
323 -51 78 3 6
301 -51 104 3 7
284 -51 135 3 8
277 -51 173 3 9
281 -51 209 3 10
294 -51 241 3 11
311 -51 268 3 12
335 -51 290 3 13
361 -51 308 3 14
389 -51 321 3 15
423 -51 333 3 16
464 -51 339 3 17
494 -51 340 3 18
525 -51 338 3 19
557 -51 332 3 20
599 -51 319 3 21
635 -51 298 3 22
660 -51 278 3 23
683 -51 253 3 24
698 -51 222 3 25
705 -51 187 3 26
703 -51 153 3 27
692 -51 122 3 28
676 -51 96 3 29
653 -51 73 3 30
629 -51 55 3 31
602 -51 40 3 32
575 -51 29 3 33
546 -51 21 3 34
522 -51 18 3 35
