36
435 -51 17 3 0
407 -51 18 3 1
373 -51 23 3 2
343 -51 32 3 3
316 -51 44 3 4
292 -51 57 3 5
265 -51 78 3 6
243 -51 104 3 7
226 -51 135 3 8
219 -51 173 3 9
223 -51 209 3 10
236 -51 241 3 11
253 -51 268 3 12
277 -51 290 3 13
303 -51 308 3 14
331 -51 321 3 15
365 -51 333 3 16
406 -51 339 3 17
436 -51 340 3 18
467 -51 338 3 19
499 -51 332 3 20
541 -51 319 3 21
577 -51 298 3 22
602 -51 278 3 23
625 -51 253 3 24
640 -51 222 3 25
647 -51 187 3 26
645 -51 153 3 27
634 -51 122 3 28
618 -51 96 3 29
595 -51 73 3 30
571 -51 55 3 31
544 -51 40 3 32
517 -51 29 3 33
488 -51 21 3 34
464 -51 18 3 35
