36
615 -51 17 3 0
587 -51 18 3 1
553 -51 23 3 2
523 -51 32 3 3
496 -51 44 3 4
472 -51 57 3 5
445 -51 78 3 6
423 -51 104 3 7
406 -51 135 3 8
399 -51 173 3 9
403 -51 209 3 10
416 -51 241 3 11
433 -51 268 3 12
457 -51 290 3 13
483 -51 308 3 14
511 -51 321 3 15
545 -51 333 3 16
586 -51 339 3 17
616 -51 340 3 18
647 -51 338 3 19
679 -51 332 3 20
721 -51 319 3 21
757 -51 298 3 22
782 -51 278 3 23
805 -51 253 3 24
820 -51 222 3 25
827 -51 187 3 26
825 -51 153 3 27
814 -51 122 3 28
798 -51 96 3 29
775 -51 73 3 30
751 -51 55 3 31
724 -51 40 3 32
697 -51 29 3 33
668 -51 21 3 34
644 -51 18 3 35
