36
791 -51 17 3 0
763 -51 18 3 1
729 -51 23 3 2
699 -51 32 3 3
672 -51 44 3 4
648 -51 57 3 5
621 -51 78 3 6
599 -51 104 3 7
582 -51 135 3 8
575 -51 173 3 9
579 -51 209 3 10
592 -51 241 3 11
609 -51 268 3 12
633 -51 290 3 13
659 -51 308 3 14
687 -51 321 3 15
721 -51 333 3 16
762 -51 339 3 17
792 -51 340 3 18
823 -51 338 3 19
855 -51 332 3 20
897 -51 319 3 21
933 -51 298 3 22
958 -51 278 3 23
981 -51 253 3 24
996 -51 222 3 25
1003 -51 187 3 26
1001 -51 153 3 27
990 -51 122 3 28
974 -51 96 3 29
951 -51 73 3 30
927 -51 55 3 31
900 -51 40 3 32
873 -51 29 3 33
844 -51 21 3 34
820 -51 18 3 35
