36
705 -51 17 3 0
677 -51 18 3 1
643 -51 23 3 2
613 -51 32 3 3
586 -51 44 3 4
562 -51 57 3 5
535 -51 78 3 6
513 -51 104 3 7
496 -51 135 3 8
489 -51 173 3 9
493 -51 209 3 10
506 -51 241 3 11
523 -51 268 3 12
547 -51 290 3 13
573 -51 308 3 14
601 -51 321 3 15
635 -51 333 3 16
676 -51 339 3 17
706 -51 340 3 18
737 -51 338 3 19
769 -51 332 3 20
811 -51 319 3 21
847 -51 298 3 22
872 -51 278 3 23
895 -51 253 3 24
910 -51 222 3 25
917 -51 187 3 26
915 -51 153 3 27
904 -51 122 3 28
888 -51 96 3 29
865 -51 73 3 30
841 -51 55 3 31
814 -51 40 3 32
787 -51 29 3 33
758 -51 21 3 34
734 -51 18 3 35
