36
687 -51 17 3 0
659 -51 18 3 1
625 -51 23 3 2
595 -51 32 3 3
568 -51 44 3 4
544 -51 57 3 5
517 -51 78 3 6
495 -51 104 3 7
478 -51 135 3 8
471 -51 173 3 9
475 -51 209 3 10
488 -51 241 3 11
505 -51 268 3 12
529 -51 290 3 13
555 -51 308 3 14
583 -51 321 3 15
617 -51 333 3 16
658 -51 339 3 17
688 -51 340 3 18
719 -51 338 3 19
751 -51 332 3 20
793 -51 319 3 21
829 -51 298 3 22
854 -51 278 3 23
877 -51 253 3 24
892 -51 222 3 25
899 -51 187 3 26
897 -51 153 3 27
886 -51 122 3 28
870 -51 96 3 29
847 -51 73 3 30
823 -51 55 3 31
796 -51 40 3 32
769 -51 29 3 33
740 -51 21 3 34
716 -51 18 3 35
