36
747 -51 17 3 0
719 -51 18 3 1
685 -51 23 3 2
655 -51 32 3 3
628 -51 44 3 4
604 -51 57 3 5
577 -51 78 3 6
555 -51 104 3 7
538 -51 135 3 8
531 -51 173 3 9
535 -51 209 3 10
548 -51 241 3 11
565 -51 268 3 12
589 -51 290 3 13
615 -51 308 3 14
643 -51 321 3 15
677 -51 333 3 16
718 -51 339 3 17
748 -51 340 3 18
779 -51 338 3 19
811 -51 332 3 20
853 -51 319 3 21
889 -51 298 3 22
914 -51 278 3 23
937 -51 253 3 24
952 -51 222 3 25
959 -51 187 3 26
957 -51 153 3 27
946 -51 122 3 28
930 -51 96 3 29
907 -51 73 3 30
883 -51 55 3 31
856 -51 40 3 32
829 -51 29 3 33
800 -51 21 3 34
776 -51 18 3 35
