36
703 -51 17 3 0
675 -51 18 3 1
641 -51 23 3 2
611 -51 32 3 3
584 -51 44 3 4
560 -51 57 3 5
533 -51 78 3 6
511 -51 104 3 7
494 -51 135 3 8
487 -51 173 3 9
491 -51 209 3 10
504 -51 241 3 11
521 -51 268 3 12
545 -51 290 3 13
571 -51 308 3 14
599 -51 321 3 15
633 -51 333 3 16
674 -51 339 3 17
704 -51 340 3 18
735 -51 338 3 19
767 -51 332 3 20
809 -51 319 3 21
845 -51 298 3 22
870 -51 278 3 23
893 -51 253 3 24
908 -51 222 3 25
915 -51 187 3 26
913 -51 153 3 27
902 -51 122 3 28
886 -51 96 3 29
863 -51 73 3 30
839 -51 55 3 31
812 -51 40 3 32
785 -51 29 3 33
756 -51 21 3 34
732 -51 18 3 35
