36
755 -51 17 3 0
727 -51 18 3 1
693 -51 23 3 2
663 -51 32 3 3
636 -51 44 3 4
612 -51 57 3 5
585 -51 78 3 6
563 -51 104 3 7
546 -51 135 3 8
539 -51 173 3 9
543 -51 209 3 10
556 -51 241 3 11
573 -51 268 3 12
597 -51 290 3 13
623 -51 308 3 14
651 -51 321 3 15
685 -51 333 3 16
726 -51 339 3 17
756 -51 340 3 18
787 -51 338 3 19
819 -51 332 3 20
861 -51 319 3 21
897 -51 298 3 22
922 -51 278 3 23
945 -51 253 3 24
960 -51 222 3 25
967 -51 187 3 26
965 -51 153 3 27
954 -51 122 3 28
938 -51 96 3 29
915 -51 73 3 30
891 -51 55 3 31
864 -51 40 3 32
837 -51 29 3 33
808 -51 21 3 34
784 -51 18 3 35
