36
767 -51 17 3 0
739 -51 18 3 1
705 -51 23 3 2
675 -51 32 3 3
648 -51 44 3 4
624 -51 57 3 5
597 -51 78 3 6
575 -51 104 3 7
558 -51 135 3 8
551 -51 173 3 9
555 -51 209 3 10
568 -51 241 3 11
585 -51 268 3 12
609 -51 290 3 13
635 -51 308 3 14
663 -51 321 3 15
697 -51 333 3 16
738 -51 339 3 17
768 -51 340 3 18
799 -51 338 3 19
831 -51 332 3 20
873 -51 319 3 21
909 -51 298 3 22
934 -51 278 3 23
957 -51 253 3 24
972 -51 222 3 25
979 -51 187 3 26
977 -51 153 3 27
966 -51 122 3 28
950 -51 96 3 29
927 -51 73 3 30
903 -51 55 3 31
876 -51 40 3 32
849 -51 29 3 33
820 -51 21 3 34
796 -51 18 3 35
