36
795 -51 17 3 0
767 -51 18 3 1
733 -51 23 3 2
703 -51 32 3 3
676 -51 44 3 4
652 -51 57 3 5
625 -51 78 3 6
603 -51 104 3 7
586 -51 135 3 8
579 -51 173 3 9
583 -51 209 3 10
596 -51 241 3 11
613 -51 268 3 12
637 -51 290 3 13
663 -51 308 3 14
691 -51 321 3 15
725 -51 333 3 16
766 -51 339 3 17
796 -51 340 3 18
827 -51 338 3 19
859 -51 332 3 20
901 -51 319 3 21
937 -51 298 3 22
962 -51 278 3 23
985 -51 253 3 24
1000 -51 222 3 25
1007 -51 187 3 26
1005 -51 153 3 27
994 -51 122 3 28
978 -51 96 3 29
955 -51 73 3 30
931 -51 55 3 31
904 -51 40 3 32
877 -51 29 3 33
848 -51 21 3 34
824 -51 18 3 35
