36
741 -51 17 3 0
713 -51 18 3 1
679 -51 23 3 2
649 -51 32 3 3
622 -51 44 3 4
598 -51 57 3 5
571 -51 78 3 6
549 -51 104 3 7
532 -51 135 3 8
525 -51 173 3 9
529 -51 209 3 10
542 -51 241 3 11
559 -51 268 3 12
583 -51 290 3 13
609 -51 308 3 14
637 -51 321 3 15
671 -51 333 3 16
712 -51 339 3 17
742 -51 340 3 18
773 -51 338 3 19
805 -51 332 3 20
847 -51 319 3 21
883 -51 298 3 22
908 -51 278 3 23
931 -51 253 3 24
946 -51 222 3 25
953 -51 187 3 26
951 -51 153 3 27
940 -51 122 3 28
924 -51 96 3 29
901 -51 73 3 30
877 -51 55 3 31
850 -51 40 3 32
823 -51 29 3 33
794 -51 21 3 34
770 -51 18 3 35
