36
639 -51 17 3 0
611 -51 18 3 1
577 -51 23 3 2
547 -51 32 3 3
520 -51 44 3 4
496 -51 57 3 5
469 -51 78 3 6
447 -51 104 3 7
430 -51 135 3 8
423 -51 173 3 9
427 -51 209 3 10
440 -51 241 3 11
457 -51 268 3 12
481 -51 290 3 13
507 -51 308 3 14
535 -51 321 3 15
569 -51 333 3 16
610 -51 339 3 17
640 -51 340 3 18
671 -51 338 3 19
703 -51 332 3 20
745 -51 319 3 21
781 -51 298 3 22
806 -51 278 3 23
829 -51 253 3 24
844 -51 222 3 25
851 -51 187 3 26
849 -51 153 3 27
838 -51 122 3 28
822 -51 96 3 29
799 -51 73 3 30
775 -51 55 3 31
748 -51 40 3 32
721 -51 29 3 33
692 -51 21 3 34
668 -51 18 3 35
