36
733 -51 17 3 0
705 -51 18 3 1
671 -51 23 3 2
641 -51 32 3 3
614 -51 44 3 4
590 -51 57 3 5
563 -51 78 3 6
541 -51 104 3 7
524 -51 135 3 8
517 -51 173 3 9
521 -51 209 3 10
534 -51 241 3 11
551 -51 268 3 12
575 -51 290 3 13
601 -51 308 3 14
629 -51 321 3 15
663 -51 333 3 16
704 -51 339 3 17
734 -51 340 3 18
765 -51 338 3 19
797 -51 332 3 20
839 -51 319 3 21
875 -51 298 3 22
900 -51 278 3 23
923 -51 253 3 24
938 -51 222 3 25
945 -51 187 3 26
943 -51 153 3 27
932 -51 122 3 28
916 -51 96 3 29
893 -51 73 3 30
869 -51 55 3 31
842 -51 40 3 32
815 -51 29 3 33
786 -51 21 3 34
762 -51 18 3 35
