36
781 -51 17 3 0
753 -51 18 3 1
719 -51 23 3 2
689 -51 32 3 3
662 -51 44 3 4
638 -51 57 3 5
611 -51 78 3 6
589 -51 104 3 7
572 -51 135 3 8
565 -51 173 3 9
569 -51 209 3 10
582 -51 241 3 11
599 -51 268 3 12
623 -51 290 3 13
649 -51 308 3 14
677 -51 321 3 15
711 -51 333 3 16
752 -51 339 3 17
782 -51 340 3 18
813 -51 338 3 19
845 -51 332 3 20
887 -51 319 3 21
923 -51 298 3 22
948 -51 278 3 23
971 -51 253 3 24
986 -51 222 3 25
993 -51 187 3 26
991 -51 153 3 27
980 -51 122 3 28
964 -51 96 3 29
941 -51 73 3 30
917 -51 55 3 31
890 -51 40 3 32
863 -51 29 3 33
834 -51 21 3 34
810 -51 18 3 35
