36
789 -51 17 3 0
761 -51 18 3 1
727 -51 23 3 2
697 -51 32 3 3
670 -51 44 3 4
646 -51 57 3 5
619 -51 78 3 6
597 -51 104 3 7
580 -51 135 3 8
573 -51 173 3 9
577 -51 209 3 10
590 -51 241 3 11
607 -51 268 3 12
631 -51 290 3 13
657 -51 308 3 14
685 -51 321 3 15
719 -51 333 3 16
760 -51 339 3 17
790 -51 340 3 18
821 -51 338 3 19
853 -51 332 3 20
895 -51 319 3 21
931 -51 298 3 22
956 -51 278 3 23
979 -51 253 3 24
994 -51 222 3 25
1001 -51 187 3 26
999 -51 153 3 27
988 -51 122 3 28
972 -51 96 3 29
949 -51 73 3 30
925 -51 55 3 31
898 -51 40 3 32
871 -51 29 3 33
842 -51 21 3 34
818 -51 18 3 35
