36
655 -51 17 3 0
627 -51 18 3 1
593 -51 23 3 2
563 -51 32 3 3
536 -51 44 3 4
512 -51 57 3 5
485 -51 78 3 6
463 -51 104 3 7
446 -51 135 3 8
439 -51 173 3 9
443 -51 209 3 10
456 -51 241 3 11
473 -51 268 3 12
497 -51 290 3 13
523 -51 308 3 14
551 -51 321 3 15
585 -51 333 3 16
626 -51 339 3 17
656 -51 340 3 18
687 -51 338 3 19
719 -51 332 3 20
761 -51 319 3 21
797 -51 298 3 22
822 -51 278 3 23
845 -51 253 3 24
860 -51 222 3 25
867 -51 187 3 26
865 -51 153 3 27
854 -51 122 3 28
838 -51 96 3 29
815 -51 73 3 30
791 -51 55 3 31
764 -51 40 3 32
737 -51 29 3 33
708 -51 21 3 34
684 -51 18 3 35
