36
645 -51 17 3 0
617 -51 18 3 1
583 -51 23 3 2
553 -51 32 3 3
526 -51 44 3 4
502 -51 57 3 5
475 -51 78 3 6
453 -51 104 3 7
436 -51 135 3 8
429 -51 173 3 9
433 -51 209 3 10
446 -51 241 3 11
463 -51 268 3 12
487 -51 290 3 13
513 -51 308 3 14
541 -51 321 3 15
575 -51 333 3 16
616 -51 339 3 17
646 -51 340 3 18
677 -51 338 3 19
709 -51 332 3 20
751 -51 319 3 21
787 -51 298 3 22
812 -51 278 3 23
835 -51 253 3 24
850 -51 222 3 25
857 -51 187 3 26
855 -51 153 3 27
844 -51 122 3 28
828 -51 96 3 29
805 -51 73 3 30
781 -51 55 3 31
754 -51 40 3 32
727 -51 29 3 33
698 -51 21 3 34
674 -51 18 3 35
