36
659 -51 17 3 0
631 -51 18 3 1
597 -51 23 3 2
567 -51 32 3 3
540 -51 44 3 4
516 -51 57 3 5
489 -51 78 3 6
467 -51 104 3 7
450 -51 135 3 8
443 -51 173 3 9
447 -51 209 3 10
460 -51 241 3 11
477 -51 268 3 12
501 -51 290 3 13
527 -51 308 3 14
555 -51 321 3 15
589 -51 333 3 16
630 -51 339 3 17
660 -51 340 3 18
691 -51 338 3 19
723 -51 332 3 20
765 -51 319 3 21
801 -51 298 3 22
826 -51 278 3 23
849 -51 253 3 24
864 -51 222 3 25
871 -51 187 3 26
869 -51 153 3 27
858 -51 122 3 28
842 -51 96 3 29
819 -51 73 3 30
795 -51 55 3 31
768 -51 40 3 32
741 -51 29 3 33
712 -51 21 3 34
688 -51 18 3 35
