36
673 -51 17 3 0
645 -51 18 3 1
611 -51 23 3 2
581 -51 32 3 3
554 -51 44 3 4
530 -51 57 3 5
503 -51 78 3 6
481 -51 104 3 7
464 -51 135 3 8
457 -51 173 3 9
461 -51 209 3 10
474 -51 241 3 11
491 -51 268 3 12
515 -51 290 3 13
541 -51 308 3 14
569 -51 321 3 15
603 -51 333 3 16
644 -51 339 3 17
674 -51 340 3 18
705 -51 338 3 19
737 -51 332 3 20
779 -51 319 3 21
815 -51 298 3 22
840 -51 278 3 23
863 -51 253 3 24
878 -51 222 3 25
885 -51 187 3 26
883 -51 153 3 27
872 -51 122 3 28
856 -51 96 3 29
833 -51 73 3 30
809 -51 55 3 31
782 -51 40 3 32
755 -51 29 3 33
726 -51 21 3 34
702 -51 18 3 35
