36
663 -51 17 3 0
635 -51 18 3 1
601 -51 23 3 2
571 -51 32 3 3
544 -51 44 3 4
520 -51 57 3 5
493 -51 78 3 6
471 -51 104 3 7
454 -51 135 3 8
447 -51 173 3 9
451 -51 209 3 10
464 -51 241 3 11
481 -51 268 3 12
505 -51 290 3 13
531 -51 308 3 14
559 -51 321 3 15
593 -51 333 3 16
634 -51 339 3 17
664 -51 340 3 18
695 -51 338 3 19
727 -51 332 3 20
769 -51 319 3 21
805 -51 298 3 22
830 -51 278 3 23
853 -51 253 3 24
868 -51 222 3 25
875 -51 187 3 26
873 -51 153 3 27
862 -51 122 3 28
846 -51 96 3 29
823 -51 73 3 30
799 -51 55 3 31
772 -51 40 3 32
745 -51 29 3 33
716 -51 21 3 34
692 -51 18 3 35
