36
717 -51 17 3 0
689 -51 18 3 1
655 -51 23 3 2
625 -51 32 3 3
598 -51 44 3 4
574 -51 57 3 5
547 -51 78 3 6
525 -51 104 3 7
508 -51 135 3 8
501 -51 173 3 9
505 -51 209 3 10
518 -51 241 3 11
535 -51 268 3 12
559 -51 290 3 13
585 -51 308 3 14
613 -51 321 3 15
647 -51 333 3 16
688 -51 339 3 17
718 -51 340 3 18
749 -51 338 3 19
781 -51 332 3 20
823 -51 319 3 21
859 -51 298 3 22
884 -51 278 3 23
907 -51 253 3 24
922 -51 222 3 25
929 -51 187 3 26
927 -51 153 3 27
916 -51 122 3 28
900 -51 96 3 29
877 -51 73 3 30
853 -51 55 3 31
826 -51 40 3 32
799 -51 29 3 33
770 -51 21 3 34
746 -51 18 3 35
