36
783 -51 17 3 0
755 -51 18 3 1
721 -51 23 3 2
691 -51 32 3 3
664 -51 44 3 4
640 -51 57 3 5
613 -51 78 3 6
591 -51 104 3 7
574 -51 135 3 8
567 -51 173 3 9
571 -51 209 3 10
584 -51 241 3 11
601 -51 268 3 12
625 -51 290 3 13
651 -51 308 3 14
679 -51 321 3 15
713 -51 333 3 16
754 -51 339 3 17
784 -51 340 3 18
815 -51 338 3 19
847 -51 332 3 20
889 -51 319 3 21
925 -51 298 3 22
950 -51 278 3 23
973 -51 253 3 24
988 -51 222 3 25
995 -51 187 3 26
993 -51 153 3 27
982 -51 122 3 28
966 -51 96 3 29
943 -51 73 3 30
919 -51 55 3 31
892 -51 40 3 32
865 -51 29 3 33
836 -51 21 3 34
812 -51 18 3 35
