36
801 -51 17 3 0
773 -51 18 3 1
739 -51 23 3 2
709 -51 32 3 3
682 -51 44 3 4
658 -51 57 3 5
631 -51 78 3 6
609 -51 104 3 7
592 -51 135 3 8
585 -51 173 3 9
589 -51 209 3 10
602 -51 241 3 11
619 -51 268 3 12
643 -51 290 3 13
669 -51 308 3 14
697 -51 321 3 15
731 -51 333 3 16
772 -51 339 3 17
802 -51 340 3 18
833 -51 338 3 19
865 -51 332 3 20
907 -51 319 3 21
943 -51 298 3 22
968 -51 278 3 23
991 -51 253 3 24
1006 -51 222 3 25
1013 -51 187 3 26
1011 -51 153 3 27
1000 -51 122 3 28
984 -51 96 3 29
961 -51 73 3 30
937 -51 55 3 31
910 -51 40 3 32
883 -51 29 3 33
854 -51 21 3 34
830 -51 18 3 35
