36
719 -51 17 3 0
691 -51 18 3 1
657 -51 23 3 2
627 -51 32 3 3
600 -51 44 3 4
576 -51 57 3 5
549 -51 78 3 6
527 -51 104 3 7
510 -51 135 3 8
503 -51 173 3 9
507 -51 209 3 10
520 -51 241 3 11
537 -51 268 3 12
561 -51 290 3 13
587 -51 308 3 14
615 -51 321 3 15
649 -51 333 3 16
690 -51 339 3 17
720 -51 340 3 18
751 -51 338 3 19
783 -51 332 3 20
825 -51 319 3 21
861 -51 298 3 22
886 -51 278 3 23
909 -51 253 3 24
924 -51 222 3 25
931 -51 187 3 26
929 -51 153 3 27
918 -51 122 3 28
902 -51 96 3 29
879 -51 73 3 30
855 -51 55 3 31
828 -51 40 3 32
801 -51 29 3 33
772 -51 21 3 34
748 -51 18 3 35
