36
623 -51 17 3 0
595 -51 18 3 1
561 -51 23 3 2
531 -51 32 3 3
504 -51 44 3 4
480 -51 57 3 5
453 -51 78 3 6
431 -51 104 3 7
414 -51 135 3 8
407 -51 173 3 9
411 -51 209 3 10
424 -51 241 3 11
441 -51 268 3 12
465 -51 290 3 13
491 -51 308 3 14
519 -51 321 3 15
553 -51 333 3 16
594 -51 339 3 17
624 -51 340 3 18
655 -51 338 3 19
687 -51 332 3 20
729 -51 319 3 21
765 -51 298 3 22
790 -51 278 3 23
813 -51 253 3 24
828 -51 222 3 25
835 -51 187 3 26
833 -51 153 3 27
822 -51 122 3 28
806 -51 96 3 29
783 -51 73 3 30
759 -51 55 3 31
732 -51 40 3 32
705 -51 29 3 33
676 -51 21 3 34
652 -51 18 3 35
