36
637 -51 17 3 0
609 -51 18 3 1
575 -51 23 3 2
545 -51 32 3 3
518 -51 44 3 4
494 -51 57 3 5
467 -51 78 3 6
445 -51 104 3 7
428 -51 135 3 8
421 -51 173 3 9
425 -51 209 3 10
438 -51 241 3 11
455 -51 268 3 12
479 -51 290 3 13
505 -51 308 3 14
533 -51 321 3 15
567 -51 333 3 16
608 -51 339 3 17
638 -51 340 3 18
669 -51 338 3 19
701 -51 332 3 20
743 -51 319 3 21
779 -51 298 3 22
804 -51 278 3 23
827 -51 253 3 24
842 -51 222 3 25
849 -51 187 3 26
847 -51 153 3 27
836 -51 122 3 28
820 -51 96 3 29
797 -51 73 3 30
773 -51 55 3 31
746 -51 40 3 32
719 -51 29 3 33
690 -51 21 3 34
666 -51 18 3 35
