36
649 -51 17 3 0
621 -51 18 3 1
587 -51 23 3 2
557 -51 32 3 3
530 -51 44 3 4
506 -51 57 3 5
479 -51 78 3 6
457 -51 104 3 7
440 -51 135 3 8
433 -51 173 3 9
437 -51 209 3 10
450 -51 241 3 11
467 -51 268 3 12
491 -51 290 3 13
517 -51 308 3 14
545 -51 321 3 15
579 -51 333 3 16
620 -51 339 3 17
650 -51 340 3 18
681 -51 338 3 19
713 -51 332 3 20
755 -51 319 3 21
791 -51 298 3 22
816 -51 278 3 23
839 -51 253 3 24
854 -51 222 3 25
861 -51 187 3 26
859 -51 153 3 27
848 -51 122 3 28
832 -51 96 3 29
809 -51 73 3 30
785 -51 55 3 31
758 -51 40 3 32
731 -51 29 3 33
702 -51 21 3 34
678 -51 18 3 35
