36
691 -51 17 3 0
663 -51 18 3 1
629 -51 23 3 2
599 -51 32 3 3
572 -51 44 3 4
548 -51 57 3 5
521 -51 78 3 6
499 -51 104 3 7
482 -51 135 3 8
475 -51 173 3 9
479 -51 209 3 10
492 -51 241 3 11
509 -51 268 3 12
533 -51 290 3 13
559 -51 308 3 14
587 -51 321 3 15
621 -51 333 3 16
662 -51 339 3 17
692 -51 340 3 18
723 -51 338 3 19
755 -51 332 3 20
797 -51 319 3 21
833 -51 298 3 22
858 -51 278 3 23
881 -51 253 3 24
896 -51 222 3 25
903 -51 187 3 26
901 -51 153 3 27
890 -51 122 3 28
874 -51 96 3 29
851 -51 73 3 30
827 -51 55 3 31
800 -51 40 3 32
773 -51 29 3 33
744 -51 21 3 34
720 -51 18 3 35
