36
665 -51 17 3 0
637 -51 18 3 1
603 -51 23 3 2
573 -51 32 3 3
546 -51 44 3 4
522 -51 57 3 5
495 -51 78 3 6
473 -51 104 3 7
456 -51 135 3 8
449 -51 173 3 9
453 -51 209 3 10
466 -51 241 3 11
483 -51 268 3 12
507 -51 290 3 13
533 -51 308 3 14
561 -51 321 3 15
595 -51 333 3 16
636 -51 339 3 17
666 -51 340 3 18
697 -51 338 3 19
729 -51 332 3 20
771 -51 319 3 21
807 -51 298 3 22
832 -51 278 3 23
855 -51 253 3 24
870 -51 222 3 25
877 -51 187 3 26
875 -51 153 3 27
864 -51 122 3 28
848 -51 96 3 29
825 -51 73 3 30
801 -51 55 3 31
774 -51 40 3 32
747 -51 29 3 33
718 -51 21 3 34
694 -51 18 3 35
