36
861 -51 17 3 0
833 -51 18 3 1
799 -51 23 3 2
769 -51 32 3 3
742 -51 44 3 4
718 -51 57 3 5
691 -51 78 3 6
669 -51 104 3 7
652 -51 135 3 8
645 -51 173 3 9
649 -51 209 3 10
662 -51 241 3 11
679 -51 268 3 12
703 -51 290 3 13
729 -51 308 3 14
757 -51 321 3 15
791 -51 333 3 16
832 -51 339 3 17
862 -51 340 3 18
893 -51 338 3 19
925 -51 332 3 20
967 -51 319 3 21
1003 -51 298 3 22
1028 -51 278 3 23
1051 -51 253 3 24
1066 -51 222 3 25
1073 -51 187 3 26
1071 -51 153 3 27
1060 -51 122 3 28
1044 -51 96 3 29
1021 -51 73 3 30
997 -51 55 3 31
970 -51 40 3 32
943 -51 29 3 33
914 -51 21 3 34
890 -51 18 3 35
