36
853 -51 17 3 0
825 -51 18 3 1
791 -51 23 3 2
761 -51 32 3 3
734 -51 44 3 4
710 -51 57 3 5
683 -51 78 3 6
661 -51 104 3 7
644 -51 135 3 8
637 -51 173 3 9
641 -51 209 3 10
654 -51 241 3 11
671 -51 268 3 12
695 -51 290 3 13
721 -51 308 3 14
749 -51 321 3 15
783 -51 333 3 16
824 -51 339 3 17
854 -51 340 3 18
885 -51 338 3 19
917 -51 332 3 20
959 -51 319 3 21
995 -51 298 3 22
1020 -51 278 3 23
1043 -51 253 3 24
1058 -51 222 3 25
1065 -51 187 3 26
1063 -51 153 3 27
1052 -51 122 3 28
1036 -51 96 3 29
1013 -51 73 3 30
989 -51 55 3 31
962 -51 40 3 32
935 -51 29 3 33
906 -51 21 3 34
882 -51 18 3 35
