36
981 -51 17 3 0
953 -51 18 3 1
919 -51 23 3 2
889 -51 32 3 3
862 -51 44 3 4
838 -51 57 3 5
811 -51 78 3 6
789 -51 104 3 7
772 -51 135 3 8
765 -51 173 3 9
769 -51 209 3 10
782 -51 241 3 11
799 -51 268 3 12
823 -51 290 3 13
849 -51 308 3 14
877 -51 321 3 15
911 -51 333 3 16
952 -51 339 3 17
982 -51 340 3 18
1013 -51 338 3 19
1045 -51 332 3 20
1087 -51 319 3 21
1123 -51 298 3 22
1148 -51 278 3 23
1171 -51 253 3 24
1186 -51 222 3 25
1193 -51 187 3 26
1191 -51 153 3 27
1180 -51 122 3 28
1164 -51 96 3 29
1141 -51 73 3 30
1117 -51 55 3 31
1090 -51 40 3 32
1063 -51 29 3 33
1034 -51 21 3 34
1010 -51 18 3 35
