36
985 -51 17 3 0
957 -51 18 3 1
923 -51 23 3 2
893 -51 32 3 3
866 -51 44 3 4
842 -51 57 3 5
815 -51 78 3 6
793 -51 104 3 7
776 -51 135 3 8
769 -51 173 3 9
773 -51 209 3 10
786 -51 241 3 11
803 -51 268 3 12
827 -51 290 3 13
853 -51 308 3 14
881 -51 321 3 15
915 -51 333 3 16
956 -51 339 3 17
986 -51 340 3 18
1017 -51 338 3 19
1049 -51 332 3 20
1091 -51 319 3 21
1127 -51 298 3 22
1152 -51 278 3 23
1175 -51 253 3 24
1190 -51 222 3 25
1197 -51 187 3 26
1195 -51 153 3 27
1184 -51 122 3 28
1168 -51 96 3 29
1145 -51 73 3 30
1121 -51 55 3 31
1094 -51 40 3 32
1067 -51 29 3 33
1038 -51 21 3 34
1014 -51 18 3 35
