36
1015 -51 17 3 0
987 -51 18 3 1
953 -51 23 3 2
923 -51 32 3 3
896 -51 44 3 4
872 -51 57 3 5
845 -51 78 3 6
823 -51 104 3 7
806 -51 135 3 8
799 -51 173 3 9
803 -51 209 3 10
816 -51 241 3 11
833 -51 268 3 12
857 -51 290 3 13
883 -51 308 3 14
911 -51 321 3 15
945 -51 333 3 16
986 -51 339 3 17
1016 -51 340 3 18
1047 -51 338 3 19
1079 -51 332 3 20
1121 -51 319 3 21
1157 -51 298 3 22
1182 -51 278 3 23
1205 -51 253 3 24
1220 -51 222 3 25
1227 -51 187 3 26
1225 -51 153 3 27
1214 -51 122 3 28
1198 -51 96 3 29
1175 -51 73 3 30
1151 -51 55 3 31
1124 -51 40 3 32
1097 -51 29 3 33
1068 -51 21 3 34
1044 -51 18 3 35
