36
1011 -51 17 3 0
983 -51 18 3 1
949 -51 23 3 2
919 -51 32 3 3
892 -51 44 3 4
868 -51 57 3 5
841 -51 78 3 6
819 -51 104 3 7
802 -51 135 3 8
795 -51 173 3 9
799 -51 209 3 10
812 -51 241 3 11
829 -51 268 3 12
853 -51 290 3 13
879 -51 308 3 14
907 -51 321 3 15
941 -51 333 3 16
982 -51 339 3 17
1012 -51 340 3 18
1043 -51 338 3 19
1075 -51 332 3 20
1117 -51 319 3 21
1153 -51 298 3 22
1178 -51 278 3 23
1201 -51 253 3 24
1216 -51 222 3 25
1223 -51 187 3 26
1221 -51 153 3 27
1210 -51 122 3 28
1194 -51 96 3 29
1171 -51 73 3 30
1147 -51 55 3 31
1120 -51 40 3 32
1093 -51 29 3 33
1064 -51 21 3 34
1040 -51 18 3 35
