36
951 -51 17 3 0
923 -51 18 3 1
889 -51 23 3 2
859 -51 32 3 3
832 -51 44 3 4
808 -51 57 3 5
781 -51 78 3 6
759 -51 104 3 7
742 -51 135 3 8
735 -51 173 3 9
739 -51 209 3 10
752 -51 241 3 11
769 -51 268 3 12
793 -51 290 3 13
819 -51 308 3 14
847 -51 321 3 15
881 -51 333 3 16
922 -51 339 3 17
952 -51 340 3 18
983 -51 338 3 19
1015 -51 332 3 20
1057 -51 319 3 21
1093 -51 298 3 22
1118 -51 278 3 23
1141 -51 253 3 24
1156 -51 222 3 25
1163 -51 187 3 26
1161 -51 153 3 27
1150 -51 122 3 28
1134 -51 96 3 29
1111 -51 73 3 30
1087 -51 55 3 31
1060 -51 40 3 32
1033 -51 29 3 33
1004 -51 21 3 34
980 -51 18 3 35
