36
819 -51 17 3 0
791 -51 18 3 1
757 -51 23 3 2
727 -51 32 3 3
700 -51 44 3 4
676 -51 57 3 5
649 -51 78 3 6
627 -51 104 3 7
610 -51 135 3 8
603 -51 173 3 9
607 -51 209 3 10
620 -51 241 3 11
637 -51 268 3 12
661 -51 290 3 13
687 -51 308 3 14
715 -51 321 3 15
749 -51 333 3 16
790 -51 339 3 17
820 -51 340 3 18
851 -51 338 3 19
883 -51 332 3 20
925 -51 319 3 21
961 -51 298 3 22
986 -51 278 3 23
1009 -51 253 3 24
1024 -51 222 3 25
1031 -51 187 3 26
1029 -51 153 3 27
1018 -51 122 3 28
1002 -51 96 3 29
979 -51 73 3 30
955 -51 55 3 31
928 -51 40 3 32
901 -51 29 3 33
872 -51 21 3 34
848 -51 18 3 35
