36
843 -51 17 3 0
815 -51 18 3 1
781 -51 23 3 2
751 -51 32 3 3
724 -51 44 3 4
700 -51 57 3 5
673 -51 78 3 6
651 -51 104 3 7
634 -51 135 3 8
627 -51 173 3 9
631 -51 209 3 10
644 -51 241 3 11
661 -51 268 3 12
685 -51 290 3 13
711 -51 308 3 14
739 -51 321 3 15
773 -51 333 3 16
814 -51 339 3 17
844 -51 340 3 18
875 -51 338 3 19
907 -51 332 3 20
949 -51 319 3 21
985 -51 298 3 22
1010 -51 278 3 23
1033 -51 253 3 24
1048 -51 222 3 25
1055 -51 187 3 26
1053 -51 153 3 27
1042 -51 122 3 28
1026 -51 96 3 29
1003 -51 73 3 30
979 -51 55 3 31
952 -51 40 3 32
925 -51 29 3 33
896 -51 21 3 34
872 -51 18 3 35
