36
989 -51 17 3 0
961 -51 18 3 1
927 -51 23 3 2
897 -51 32 3 3
870 -51 44 3 4
846 -51 57 3 5
819 -51 78 3 6
797 -51 104 3 7
780 -51 135 3 8
773 -51 173 3 9
777 -51 209 3 10
790 -51 241 3 11
807 -51 268 3 12
831 -51 290 3 13
857 -51 308 3 14
885 -51 321 3 15
919 -51 333 3 16
960 -51 339 3 17
990 -51 340 3 18
1021 -51 338 3 19
1053 -51 332 3 20
1095 -51 319 3 21
1131 -51 298 3 22
1156 -51 278 3 23
1179 -51 253 3 24
1194 -51 222 3 25
1201 -51 187 3 26
1199 -51 153 3 27
1188 -51 122 3 28
1172 -51 96 3 29
1149 -51 73 3 30
1125 -51 55 3 31
1098 -51 40 3 32
1071 -51 29 3 33
1042 -51 21 3 34
1018 -51 18 3 35
