36
845 -51 17 3 0
817 -51 18 3 1
783 -51 23 3 2
753 -51 32 3 3
726 -51 44 3 4
702 -51 57 3 5
675 -51 78 3 6
653 -51 104 3 7
636 -51 135 3 8
629 -51 173 3 9
633 -51 209 3 10
646 -51 241 3 11
663 -51 268 3 12
687 -51 290 3 13
713 -51 308 3 14
741 -51 321 3 15
775 -51 333 3 16
816 -51 339 3 17
846 -51 340 3 18
877 -51 338 3 19
909 -51 332 3 20
951 -51 319 3 21
987 -51 298 3 22
1012 -51 278 3 23
1035 -51 253 3 24
1050 -51 222 3 25
1057 -51 187 3 26
1055 -51 153 3 27
1044 -51 122 3 28
1028 -51 96 3 29
1005 -51 73 3 30
981 -51 55 3 31
954 -51 40 3 32
927 -51 29 3 33
898 -51 21 3 34
874 -51 18 3 35
