36
999 -51 17 3 0
971 -51 18 3 1
937 -51 23 3 2
907 -51 32 3 3
880 -51 44 3 4
856 -51 57 3 5
829 -51 78 3 6
807 -51 104 3 7
790 -51 135 3 8
783 -51 173 3 9
787 -51 209 3 10
800 -51 241 3 11
817 -51 268 3 12
841 -51 290 3 13
867 -51 308 3 14
895 -51 321 3 15
929 -51 333 3 16
970 -51 339 3 17
1000 -51 340 3 18
1031 -51 338 3 19
1063 -51 332 3 20
1105 -51 319 3 21
1141 -51 298 3 22
1166 -51 278 3 23
1189 -51 253 3 24
1204 -51 222 3 25
1211 -51 187 3 26
1209 -51 153 3 27
1198 -51 122 3 28
1182 -51 96 3 29
1159 -51 73 3 30
1135 -51 55 3 31
1108 -51 40 3 32
1081 -51 29 3 33
1052 -51 21 3 34
1028 -51 18 3 35
