36
1013 -51 17 3 0
985 -51 18 3 1
951 -51 23 3 2
921 -51 32 3 3
894 -51 44 3 4
870 -51 57 3 5
843 -51 78 3 6
821 -51 104 3 7
804 -51 135 3 8
797 -51 173 3 9
801 -51 209 3 10
814 -51 241 3 11
831 -51 268 3 12
855 -51 290 3 13
881 -51 308 3 14
909 -51 321 3 15
943 -51 333 3 16
984 -51 339 3 17
1014 -51 340 3 18
1045 -51 338 3 19
1077 -51 332 3 20
1119 -51 319 3 21
1155 -51 298 3 22
1180 -51 278 3 23
1203 -51 253 3 24
1218 -51 222 3 25
1225 -51 187 3 26
1223 -51 153 3 27
1212 -51 122 3 28
1196 -51 96 3 29
1173 -51 73 3 30
1149 -51 55 3 31
1122 -51 40 3 32
1095 -51 29 3 33
1066 -51 21 3 34
1042 -51 18 3 35
