36
889 -51 17 3 0
861 -51 18 3 1
827 -51 23 3 2
797 -51 32 3 3
770 -51 44 3 4
746 -51 57 3 5
719 -51 78 3 6
697 -51 104 3 7
680 -51 135 3 8
673 -51 173 3 9
677 -51 209 3 10
690 -51 241 3 11
707 -51 268 3 12
731 -51 290 3 13
757 -51 308 3 14
785 -51 321 3 15
819 -51 333 3 16
860 -51 339 3 17
890 -51 340 3 18
921 -51 338 3 19
953 -51 332 3 20
995 -51 319 3 21
1031 -51 298 3 22
1056 -51 278 3 23
1079 -51 253 3 24
1094 -51 222 3 25
1101 -51 187 3 26
1099 -51 153 3 27
1088 -51 122 3 28
1072 -51 96 3 29
1049 -51 73 3 30
1025 -51 55 3 31
998 -51 40 3 32
971 -51 29 3 33
942 -51 21 3 34
918 -51 18 3 35
