36
943 -51 17 3 0
915 -51 18 3 1
881 -51 23 3 2
851 -51 32 3 3
824 -51 44 3 4
800 -51 57 3 5
773 -51 78 3 6
751 -51 104 3 7
734 -51 135 3 8
727 -51 173 3 9
731 -51 209 3 10
744 -51 241 3 11
761 -51 268 3 12
785 -51 290 3 13
811 -51 308 3 14
839 -51 321 3 15
873 -51 333 3 16
914 -51 339 3 17
944 -51 340 3 18
975 -51 338 3 19
1007 -51 332 3 20
1049 -51 319 3 21
1085 -51 298 3 22
1110 -51 278 3 23
1133 -51 253 3 24
1148 -51 222 3 25
1155 -51 187 3 26
1153 -51 153 3 27
1142 -51 122 3 28
1126 -51 96 3 29
1103 -51 73 3 30
1079 -51 55 3 31
1052 -51 40 3 32
1025 -51 29 3 33
996 -51 21 3 34
972 -51 18 3 35
