36
893 -51 17 3 0
865 -51 18 3 1
831 -51 23 3 2
801 -51 32 3 3
774 -51 44 3 4
750 -51 57 3 5
723 -51 78 3 6
701 -51 104 3 7
684 -51 135 3 8
677 -51 173 3 9
681 -51 209 3 10
694 -51 241 3 11
711 -51 268 3 12
735 -51 290 3 13
761 -51 308 3 14
789 -51 321 3 15
823 -51 333 3 16
864 -51 339 3 17
894 -51 340 3 18
925 -51 338 3 19
957 -51 332 3 20
999 -51 319 3 21
1035 -51 298 3 22
1060 -51 278 3 23
1083 -51 253 3 24
1098 -51 222 3 25
1105 -51 187 3 26
1103 -51 153 3 27
1092 -51 122 3 28
1076 -51 96 3 29
1053 -51 73 3 30
1029 -51 55 3 31
1002 -51 40 3 32
975 -51 29 3 33
946 -51 21 3 34
922 -51 18 3 35
