36
997 -51 17 3 0
969 -51 18 3 1
935 -51 23 3 2
905 -51 32 3 3
878 -51 44 3 4
854 -51 57 3 5
827 -51 78 3 6
805 -51 104 3 7
788 -51 135 3 8
781 -51 173 3 9
785 -51 209 3 10
798 -51 241 3 11
815 -51 268 3 12
839 -51 290 3 13
865 -51 308 3 14
893 -51 321 3 15
927 -51 333 3 16
968 -51 339 3 17
998 -51 340 3 18
1029 -51 338 3 19
1061 -51 332 3 20
1103 -51 319 3 21
1139 -51 298 3 22
1164 -51 278 3 23
1187 -51 253 3 24
1202 -51 222 3 25
1209 -51 187 3 26
1207 -51 153 3 27
1196 -51 122 3 28
1180 -51 96 3 29
1157 -51 73 3 30
1133 -51 55 3 31
1106 -51 40 3 32
1079 -51 29 3 33
1050 -51 21 3 34
1026 -51 18 3 35
