36
921 -51 17 3 0
893 -51 18 3 1
859 -51 23 3 2
829 -51 32 3 3
802 -51 44 3 4
778 -51 57 3 5
751 -51 78 3 6
729 -51 104 3 7
712 -51 135 3 8
705 -51 173 3 9
709 -51 209 3 10
722 -51 241 3 11
739 -51 268 3 12
763 -51 290 3 13
789 -51 308 3 14
817 -51 321 3 15
851 -51 333 3 16
892 -51 339 3 17
922 -51 340 3 18
953 -51 338 3 19
985 -51 332 3 20
1027 -51 319 3 21
1063 -51 298 3 22
1088 -51 278 3 23
1111 -51 253 3 24
1126 -51 222 3 25
1133 -51 187 3 26
1131 -51 153 3 27
1120 -51 122 3 28
1104 -51 96 3 29
1081 -51 73 3 30
1057 -51 55 3 31
1030 -51 40 3 32
1003 -51 29 3 33
974 -51 21 3 34
950 -51 18 3 35
