36
907 -51 17 3 0
879 -51 18 3 1
845 -51 23 3 2
815 -51 32 3 3
788 -51 44 3 4
764 -51 57 3 5
737 -51 78 3 6
715 -51 104 3 7
698 -51 135 3 8
691 -51 173 3 9
695 -51 209 3 10
708 -51 241 3 11
725 -51 268 3 12
749 -51 290 3 13
775 -51 308 3 14
803 -51 321 3 15
837 -51 333 3 16
878 -51 339 3 17
908 -51 340 3 18
939 -51 338 3 19
971 -51 332 3 20
1013 -51 319 3 21
1049 -51 298 3 22
1074 -51 278 3 23
1097 -51 253 3 24
1112 -51 222 3 25
1119 -51 187 3 26
1117 -51 153 3 27
1106 -51 122 3 28
1090 -51 96 3 29
1067 -51 73 3 30
1043 -51 55 3 31
1016 -51 40 3 32
989 -51 29 3 33
960 -51 21 3 34
936 -51 18 3 35
