36
827 -51 17 3 0
799 -51 18 3 1
765 -51 23 3 2
735 -51 32 3 3
708 -51 44 3 4
684 -51 57 3 5
657 -51 78 3 6
635 -51 104 3 7
618 -51 135 3 8
611 -51 173 3 9
615 -51 209 3 10
628 -51 241 3 11
645 -51 268 3 12
669 -51 290 3 13
695 -51 308 3 14
723 -51 321 3 15
757 -51 333 3 16
798 -51 339 3 17
828 -51 340 3 18
859 -51 338 3 19
891 -51 332 3 20
933 -51 319 3 21
969 -51 298 3 22
994 -51 278 3 23
1017 -51 253 3 24
1032 -51 222 3 25
1039 -51 187 3 26
1037 -51 153 3 27
1026 -51 122 3 28
1010 -51 96 3 29
987 -51 73 3 30
963 -51 55 3 31
936 -51 40 3 32
909 -51 29 3 33
880 -51 21 3 34
856 -51 18 3 35
