36
971 -51 17 3 0
943 -51 18 3 1
909 -51 23 3 2
879 -51 32 3 3
852 -51 44 3 4
828 -51 57 3 5
801 -51 78 3 6
779 -51 104 3 7
762 -51 135 3 8
755 -51 173 3 9
759 -51 209 3 10
772 -51 241 3 11
789 -51 268 3 12
813 -51 290 3 13
839 -51 308 3 14
867 -51 321 3 15
901 -51 333 3 16
942 -51 339 3 17
972 -51 340 3 18
1003 -51 338 3 19
1035 -51 332 3 20
1077 -51 319 3 21
1113 -51 298 3 22
1138 -51 278 3 23
1161 -51 253 3 24
1176 -51 222 3 25
1183 -51 187 3 26
1181 -51 153 3 27
1170 -51 122 3 28
1154 -51 96 3 29
1131 -51 73 3 30
1107 -51 55 3 31
1080 -51 40 3 32
1053 -51 29 3 33
1024 -51 21 3 34
1000 -51 18 3 35
