36
1101 -51 17 3 0
1073 -51 18 3 1
1039 -51 23 3 2
1009 -51 32 3 3
982 -51 44 3 4
958 -51 57 3 5
931 -51 78 3 6
909 -51 104 3 7
892 -51 135 3 8
885 -51 173 3 9
889 -51 209 3 10
902 -51 241 3 11
919 -51 268 3 12
943 -51 290 3 13
969 -51 308 3 14
997 -51 321 3 15
1031 -51 333 3 16
1072 -51 339 3 17
1102 -51 340 3 18
1133 -51 338 3 19
1165 -51 332 3 20
1207 -51 319 3 21
1243 -51 298 3 22
1268 -51 278 3 23
1291 -51 253 3 24
1306 -51 222 3 25
1313 -51 187 3 26
1311 -51 153 3 27
1300 -51 122 3 28
1284 -51 96 3 29
1261 -51 73 3 30
1237 -51 55 3 31
1210 -51 40 3 32
1183 -51 29 3 33
1154 -51 21 3 34
1130 -51 18 3 35
