36
1055 -51 17 3 0
1027 -51 18 3 1
993 -51 23 3 2
963 -51 32 3 3
936 -51 44 3 4
912 -51 57 3 5
885 -51 78 3 6
863 -51 104 3 7
846 -51 135 3 8
839 -51 173 3 9
843 -51 209 3 10
856 -51 241 3 11
873 -51 268 3 12
897 -51 290 3 13
923 -51 308 3 14
951 -51 321 3 15
985 -51 333 3 16
1026 -51 339 3 17
1056 -51 340 3 18
1087 -51 338 3 19
1119 -51 332 3 20
1161 -51 319 3 21
1197 -51 298 3 22
1222 -51 278 3 23
1245 -51 253 3 24
1260 -51 222 3 25
1267 -51 187 3 26
1265 -51 153 3 27
1254 -51 122 3 28
1238 -51 96 3 29
1215 -51 73 3 30
1191 -51 55 3 31
1164 -51 40 3 32
1137 -51 29 3 33
1108 -51 21 3 34
1084 -51 18 3 35
