36
1183 -51 17 3 0
1155 -51 18 3 1
1121 -51 23 3 2
1091 -51 32 3 3
1064 -51 44 3 4
1040 -51 57 3 5
1013 -51 78 3 6
991 -51 104 3 7
974 -51 135 3 8
967 -51 173 3 9
971 -51 209 3 10
984 -51 241 3 11
1001 -51 268 3 12
1025 -51 290 3 13
1051 -51 308 3 14
1079 -51 321 3 15
1113 -51 333 3 16
1154 -51 339 3 17
1184 -51 340 3 18
1215 -51 338 3 19
1247 -51 332 3 20
1289 -51 319 3 21
1325 -51 298 3 22
1350 -51 278 3 23
1373 -51 253 3 24
1388 -51 222 3 25
1395 -51 187 3 26
1393 -51 153 3 27
1382 -51 122 3 28
1366 -51 96 3 29
1343 -51 73 3 30
1319 -51 55 3 31
1292 -51 40 3 32
1265 -51 29 3 33
1236 -51 21 3 34
1212 -51 18 3 35
