36
1209 -51 17 3 0
1181 -51 18 3 1
1147 -51 23 3 2
1117 -51 32 3 3
1090 -51 44 3 4
1066 -51 57 3 5
1039 -51 78 3 6
1017 -51 104 3 7
1000 -51 135 3 8
993 -51 173 3 9
997 -51 209 3 10
1010 -51 241 3 11
1027 -51 268 3 12
1051 -51 290 3 13
1077 -51 308 3 14
1105 -51 321 3 15
1139 -51 333 3 16
1180 -51 339 3 17
1210 -51 340 3 18
1241 -51 338 3 19
1273 -51 332 3 20
1315 -51 319 3 21
1351 -51 298 3 22
1376 -51 278 3 23
1399 -51 253 3 24
1414 -51 222 3 25
1421 -51 187 3 26
1419 -51 153 3 27
1408 -51 122 3 28
1392 -51 96 3 29
1369 -51 73 3 30
1345 -51 55 3 31
1318 -51 40 3 32
1291 -51 29 3 33
1262 -51 21 3 34
1238 -51 18 3 35
