36
1187 -51 17 3 0
1159 -51 18 3 1
1125 -51 23 3 2
1095 -51 32 3 3
1068 -51 44 3 4
1044 -51 57 3 5
1017 -51 78 3 6
995 -51 104 3 7
978 -51 135 3 8
971 -51 173 3 9
975 -51 209 3 10
988 -51 241 3 11
1005 -51 268 3 12
1029 -51 290 3 13
1055 -51 308 3 14
1083 -51 321 3 15
1117 -51 333 3 16
1158 -51 339 3 17
1188 -51 340 3 18
1219 -51 338 3 19
1251 -51 332 3 20
1293 -51 319 3 21
1329 -51 298 3 22
1354 -51 278 3 23
1377 -51 253 3 24
1392 -51 222 3 25
1399 -51 187 3 26
1397 -51 153 3 27
1386 -51 122 3 28
1370 -51 96 3 29
1347 -51 73 3 30
1323 -51 55 3 31
1296 -51 40 3 32
1269 -51 29 3 33
1240 -51 21 3 34
1216 -51 18 3 35
