36
1211 -51 17 3 0
1183 -51 18 3 1
1149 -51 23 3 2
1119 -51 32 3 3
1092 -51 44 3 4
1068 -51 57 3 5
1041 -51 78 3 6
1019 -51 104 3 7
1002 -51 135 3 8
995 -51 173 3 9
999 -51 209 3 10
1012 -51 241 3 11
1029 -51 268 3 12
1053 -51 290 3 13
1079 -51 308 3 14
1107 -51 321 3 15
1141 -51 333 3 16
1182 -51 339 3 17
1212 -51 340 3 18
1243 -51 338 3 19
1275 -51 332 3 20
1317 -51 319 3 21
1353 -51 298 3 22
1378 -51 278 3 23
1401 -51 253 3 24
1416 -51 222 3 25
1423 -51 187 3 26
1421 -51 153 3 27
1410 -51 122 3 28
1394 -51 96 3 29
1371 -51 73 3 30
1347 -51 55 3 31
1320 -51 40 3 32
1293 -51 29 3 33
1264 -51 21 3 34
1240 -51 18 3 35
