36
1037 -51 17 3 0
1009 -51 18 3 1
975 -51 23 3 2
945 -51 32 3 3
918 -51 44 3 4
894 -51 57 3 5
867 -51 78 3 6
845 -51 104 3 7
828 -51 135 3 8
821 -51 173 3 9
825 -51 209 3 10
838 -51 241 3 11
855 -51 268 3 12
879 -51 290 3 13
905 -51 308 3 14
933 -51 321 3 15
967 -51 333 3 16
1008 -51 339 3 17
1038 -51 340 3 18
1069 -51 338 3 19
1101 -51 332 3 20
1143 -51 319 3 21
1179 -51 298 3 22
1204 -51 278 3 23
1227 -51 253 3 24
1242 -51 222 3 25
1249 -51 187 3 26
1247 -51 153 3 27
1236 -51 122 3 28
1220 -51 96 3 29
1197 -51 73 3 30
1173 -51 55 3 31
1146 -51 40 3 32
1119 -51 29 3 33
1090 -51 21 3 34
1066 -51 18 3 35
