36
1147 -51 17 3 0
1119 -51 18 3 1
1085 -51 23 3 2
1055 -51 32 3 3
1028 -51 44 3 4
1004 -51 57 3 5
977 -51 78 3 6
955 -51 104 3 7
938 -51 135 3 8
931 -51 173 3 9
935 -51 209 3 10
948 -51 241 3 11
965 -51 268 3 12
989 -51 290 3 13
1015 -51 308 3 14
1043 -51 321 3 15
1077 -51 333 3 16
1118 -51 339 3 17
1148 -51 340 3 18
1179 -51 338 3 19
1211 -51 332 3 20
1253 -51 319 3 21
1289 -51 298 3 22
1314 -51 278 3 23
1337 -51 253 3 24
1352 -51 222 3 25
1359 -51 187 3 26
1357 -51 153 3 27
1346 -51 122 3 28
1330 -51 96 3 29
1307 -51 73 3 30
1283 -51 55 3 31
1256 -51 40 3 32
1229 -51 29 3 33
1200 -51 21 3 34
1176 -51 18 3 35
