36
1083 -51 17 3 0
1055 -51 18 3 1
1021 -51 23 3 2
991 -51 32 3 3
964 -51 44 3 4
940 -51 57 3 5
913 -51 78 3 6
891 -51 104 3 7
874 -51 135 3 8
867 -51 173 3 9
871 -51 209 3 10
884 -51 241 3 11
901 -51 268 3 12
925 -51 290 3 13
951 -51 308 3 14
979 -51 321 3 15
1013 -51 333 3 16
1054 -51 339 3 17
1084 -51 340 3 18
1115 -51 338 3 19
1147 -51 332 3 20
1189 -51 319 3 21
1225 -51 298 3 22
1250 -51 278 3 23
1273 -51 253 3 24
1288 -51 222 3 25
1295 -51 187 3 26
1293 -51 153 3 27
1282 -51 122 3 28
1266 -51 96 3 29
1243 -51 73 3 30
1219 -51 55 3 31
1192 -51 40 3 32
1165 -51 29 3 33
1136 -51 21 3 34
1112 -51 18 3 35
