36
1115 -51 17 3 0
1087 -51 18 3 1
1053 -51 23 3 2
1023 -51 32 3 3
996 -51 44 3 4
972 -51 57 3 5
945 -51 78 3 6
923 -51 104 3 7
906 -51 135 3 8
899 -51 173 3 9
903 -51 209 3 10
916 -51 241 3 11
933 -51 268 3 12
957 -51 290 3 13
983 -51 308 3 14
1011 -51 321 3 15
1045 -51 333 3 16
1086 -51 339 3 17
1116 -51 340 3 18
1147 -51 338 3 19
1179 -51 332 3 20
1221 -51 319 3 21
1257 -51 298 3 22
1282 -51 278 3 23
1305 -51 253 3 24
1320 -51 222 3 25
1327 -51 187 3 26
1325 -51 153 3 27
1314 -51 122 3 28
1298 -51 96 3 29
1275 -51 73 3 30
1251 -51 55 3 31
1224 -51 40 3 32
1197 -51 29 3 33
1168 -51 21 3 34
1144 -51 18 3 35
