36
1121 -51 17 3 0
1093 -51 18 3 1
1059 -51 23 3 2
1029 -51 32 3 3
1002 -51 44 3 4
978 -51 57 3 5
951 -51 78 3 6
929 -51 104 3 7
912 -51 135 3 8
905 -51 173 3 9
909 -51 209 3 10
922 -51 241 3 11
939 -51 268 3 12
963 -51 290 3 13
989 -51 308 3 14
1017 -51 321 3 15
1051 -51 333 3 16
1092 -51 339 3 17
1122 -51 340 3 18
1153 -51 338 3 19
1185 -51 332 3 20
1227 -51 319 3 21
1263 -51 298 3 22
1288 -51 278 3 23
1311 -51 253 3 24
1326 -51 222 3 25
1333 -51 187 3 26
1331 -51 153 3 27
1320 -51 122 3 28
1304 -51 96 3 29
1281 -51 73 3 30
1257 -51 55 3 31
1230 -51 40 3 32
1203 -51 29 3 33
1174 -51 21 3 34
1150 -51 18 3 35
