36
1155 -51 17 3 0
1127 -51 18 3 1
1093 -51 23 3 2
1063 -51 32 3 3
1036 -51 44 3 4
1012 -51 57 3 5
985 -51 78 3 6
963 -51 104 3 7
946 -51 135 3 8
939 -51 173 3 9
943 -51 209 3 10
956 -51 241 3 11
973 -51 268 3 12
997 -51 290 3 13
1023 -51 308 3 14
1051 -51 321 3 15
1085 -51 333 3 16
1126 -51 339 3 17
1156 -51 340 3 18
1187 -51 338 3 19
1219 -51 332 3 20
1261 -51 319 3 21
1297 -51 298 3 22
1322 -51 278 3 23
1345 -51 253 3 24
1360 -51 222 3 25
1367 -51 187 3 26
1365 -51 153 3 27
1354 -51 122 3 28
1338 -51 96 3 29
1315 -51 73 3 30
1291 -51 55 3 31
1264 -51 40 3 32
1237 -51 29 3 33
1208 -51 21 3 34
1184 -51 18 3 35
