36
1053 -51 17 3 0
1025 -51 18 3 1
991 -51 23 3 2
961 -51 32 3 3
934 -51 44 3 4
910 -51 57 3 5
883 -51 78 3 6
861 -51 104 3 7
844 -51 135 3 8
837 -51 173 3 9
841 -51 209 3 10
854 -51 241 3 11
871 -51 268 3 12
895 -51 290 3 13
921 -51 308 3 14
949 -51 321 3 15
983 -51 333 3 16
1024 -51 339 3 17
1054 -51 340 3 18
1085 -51 338 3 19
1117 -51 332 3 20
1159 -51 319 3 21
1195 -51 298 3 22
1220 -51 278 3 23
1243 -51 253 3 24
1258 -51 222 3 25
1265 -51 187 3 26
1263 -51 153 3 27
1252 -51 122 3 28
1236 -51 96 3 29
1213 -51 73 3 30
1189 -51 55 3 31
1162 -51 40 3 32
1135 -51 29 3 33
1106 -51 21 3 34
1082 -51 18 3 35
