36
1173 -51 17 3 0
1145 -51 18 3 1
1111 -51 23 3 2
1081 -51 32 3 3
1054 -51 44 3 4
1030 -51 57 3 5
1003 -51 78 3 6
981 -51 104 3 7
964 -51 135 3 8
957 -51 173 3 9
961 -51 209 3 10
974 -51 241 3 11
991 -51 268 3 12
1015 -51 290 3 13
1041 -51 308 3 14
1069 -51 321 3 15
1103 -51 333 3 16
1144 -51 339 3 17
1174 -51 340 3 18
1205 -51 338 3 19
1237 -51 332 3 20
1279 -51 319 3 21
1315 -51 298 3 22
1340 -51 278 3 23
1363 -51 253 3 24
1378 -51 222 3 25
1385 -51 187 3 26
1383 -51 153 3 27
1372 -51 122 3 28
1356 -51 96 3 29
1333 -51 73 3 30
1309 -51 55 3 31
1282 -51 40 3 32
1255 -51 29 3 33
1226 -51 21 3 34
1202 -51 18 3 35
