36
1075 -51 17 3 0
1047 -51 18 3 1
1013 -51 23 3 2
983 -51 32 3 3
956 -51 44 3 4
932 -51 57 3 5
905 -51 78 3 6
883 -51 104 3 7
866 -51 135 3 8
859 -51 173 3 9
863 -51 209 3 10
876 -51 241 3 11
893 -51 268 3 12
917 -51 290 3 13
943 -51 308 3 14
971 -51 321 3 15
1005 -51 333 3 16
1046 -51 339 3 17
1076 -51 340 3 18
1107 -51 338 3 19
1139 -51 332 3 20
1181 -51 319 3 21
1217 -51 298 3 22
1242 -51 278 3 23
1265 -51 253 3 24
1280 -51 222 3 25
1287 -51 187 3 26
1285 -51 153 3 27
1274 -51 122 3 28
1258 -51 96 3 29
1235 -51 73 3 30
1211 -51 55 3 31
1184 -51 40 3 32
1157 -51 29 3 33
1128 -51 21 3 34
1104 -51 18 3 35
