36
1191 -51 17 3 0
1163 -51 18 3 1
1129 -51 23 3 2
1099 -51 32 3 3
1072 -51 44 3 4
1048 -51 57 3 5
1021 -51 78 3 6
999 -51 104 3 7
982 -51 135 3 8
975 -51 173 3 9
979 -51 209 3 10
992 -51 241 3 11
1009 -51 268 3 12
1033 -51 290 3 13
1059 -51 308 3 14
1087 -51 321 3 15
1121 -51 333 3 16
1162 -51 339 3 17
1192 -51 340 3 18
1223 -51 338 3 19
1255 -51 332 3 20
1297 -51 319 3 21
1333 -51 298 3 22
1358 -51 278 3 23
1381 -51 253 3 24
1396 -51 222 3 25
1403 -51 187 3 26
1401 -51 153 3 27
1390 -51 122 3 28
1374 -51 96 3 29
1351 -51 73 3 30
1327 -51 55 3 31
1300 -51 40 3 32
1273 -51 29 3 33
1244 -51 21 3 34
1220 -51 18 3 35
