36
1089 -51 17 3 0
1061 -51 18 3 1
1027 -51 23 3 2
997 -51 32 3 3
970 -51 44 3 4
946 -51 57 3 5
919 -51 78 3 6
897 -51 104 3 7
880 -51 135 3 8
873 -51 173 3 9
877 -51 209 3 10
890 -51 241 3 11
907 -51 268 3 12
931 -51 290 3 13
957 -51 308 3 14
985 -51 321 3 15
1019 -51 333 3 16
1060 -51 339 3 17
1090 -51 340 3 18
1121 -51 338 3 19
1153 -51 332 3 20
1195 -51 319 3 21
1231 -51 298 3 22
1256 -51 278 3 23
1279 -51 253 3 24
1294 -51 222 3 25
1301 -51 187 3 26
1299 -51 153 3 27
1288 -51 122 3 28
1272 -51 96 3 29
1249 -51 73 3 30
1225 -51 55 3 31
1198 -51 40 3 32
1171 -51 29 3 33
1142 -51 21 3 34
1118 -51 18 3 35
