36
1019 -51 17 3 0
991 -51 18 3 1
957 -51 23 3 2
927 -51 32 3 3
900 -51 44 3 4
876 -51 57 3 5
849 -51 78 3 6
827 -51 104 3 7
810 -51 135 3 8
803 -51 173 3 9
807 -51 209 3 10
820 -51 241 3 11
837 -51 268 3 12
861 -51 290 3 13
887 -51 308 3 14
915 -51 321 3 15
949 -51 333 3 16
990 -51 339 3 17
1020 -51 340 3 18
1051 -51 338 3 19
1083 -51 332 3 20
1125 -51 319 3 21
1161 -51 298 3 22
1186 -51 278 3 23
1209 -51 253 3 24
1224 -51 222 3 25
1231 -51 187 3 26
1229 -51 153 3 27
1218 -51 122 3 28
1202 -51 96 3 29
1179 -51 73 3 30
1155 -51 55 3 31
1128 -51 40 3 32
1101 -51 29 3 33
1072 -51 21 3 34
1048 -51 18 3 35
