36
1137 -51 17 3 0
1109 -51 18 3 1
1075 -51 23 3 2
1045 -51 32 3 3
1018 -51 44 3 4
994 -51 57 3 5
967 -51 78 3 6
945 -51 104 3 7
928 -51 135 3 8
921 -51 173 3 9
925 -51 209 3 10
938 -51 241 3 11
955 -51 268 3 12
979 -51 290 3 13
1005 -51 308 3 14
1033 -51 321 3 15
1067 -51 333 3 16
1108 -51 339 3 17
1138 -51 340 3 18
1169 -51 338 3 19
1201 -51 332 3 20
1243 -51 319 3 21
1279 -51 298 3 22
1304 -51 278 3 23
1327 -51 253 3 24
1342 -51 222 3 25
1349 -51 187 3 26
1347 -51 153 3 27
1336 -51 122 3 28
1320 -51 96 3 29
1297 -51 73 3 30
1273 -51 55 3 31
1246 -51 40 3 32
1219 -51 29 3 33
1190 -51 21 3 34
1166 -51 18 3 35
