64
221 -51 29 3 0
192 -51 30 3 1
158 -51 36 3 2
128 -51 45 3 3
101 -51 58 3 4
79 -51 72 3 5
55 -51 93 3 6
36 -51 119 3 7
24 -51 149 3 8
21 -51 184 3 9
28 -51 216 3 10
44 -51 245 3 11
63 -51 269 3 12
88 -51 287 3 13
115 -51 302 3 14
143 -51 312 3 15
177 -51 320 3 16
215 -51 323 3 17
244 -51 321 3 18
272 -51 316 3 19
301 -51 306 3 20
336 -51 291 3 21
364 -51 269 3 22
381 -51 248 3 23
395 -51 225 3 24
402 -51 197 3 25
403 -51 167 3 26
395 -51 138 3 27
380 -40 133 3 28
367 -40 112 3 29
348 -40 94 3 30
329 -40 80 3 31
308 -40 68 3 32
286 -40 59 3 33
263 -40 52 3 34
244 -40 50 3 35
221 -40 99 9 36
194 -40 101 9 37
168 -40 107 9 38
144 -40 116 9 39
124 -40 128 9 40
111 -40 141 9 41
101 -40 161 9 42
97 -40 180 9 43
101 -40 200 9 44
113 -40 219 9 45
130 -40 234 9 46
151 -40 246 9 47
173 -40 254 9 48
196 -40 258 9 49
219 -40 260 9 50
244 -40 257 9 51
270 -40 252 9 52
291 -40 244 9 53
310 -40 232 9 54
325 -40 220 9 55
337 -40 200 9 56
341 -40 181 9 57
339 -40 161 9 58
327 -40 140 9 59
311 -40 126 9 60
292 -40 115 9 61
271 -40 105 9 62
248 -40 100 9 63
