64
221 -51 54 3 0
190 -51 56 3 1
156 -51 62 3 2
126 -51 73 3 3
101 -51 87 3 4
81 -51 102 3 5
63 -51 125 3 6
51 -51 149 3 7
48 -51 177 3 8
54 -51 206 3 9
68 -51 232 3 10
89 -51 254 3 11
112 -51 271 3 12
139 -51 282 3 13
167 -51 291 3 14
196 -51 294 3 15
230 -51 295 3 16
262 -51 292 3 17
288 -51 283 3 18
312 -51 273 3 19
334 -51 256 3 20
354 -51 236 3 21
366 -51 213 3 22
367 -51 189 3 23
364 -51 169 3 24
356 -51 148 3 25
343 -51 127 3 26
325 -51 109 3 27
300 -20 156 3 28
293 -20 146 3 29
284 -20 137 3 30
274 -20 130 3 31
264 -20 124 3 32
253 -20 119 3 33
241 -20 116 3 34
232 -20 115 3 35
220 -20 139 9 36
207 -20 140 9 37
194 -20 143 9 38
182 -20 148 9 39
172 -20 154 9 40
165 -20 160 9 41
160 -20 170 9 42
158 -20 180 9 43
160 -20 190 9 44
166 -20 199 9 45
175 -20 207 9 46
185 -20 213 9 47
196 -20 217 9 48
208 -20 219 9 49
219 -20 220 9 50
232 -20 218 9 51
245 -20 216 9 52
255 -20 212 9 53
265 -20 206 9 54
272 -20 200 9 55
278 -20 190 9 56
280 -20 180 9 57
279 -20 170 9 58
273 -20 160 9 59
265 -20 153 9 60
256 -20 147 9 61
245 -20 142 9 62
234 -20 140 9 63
