64
221 -51 55 3 0
189 -51 58 3 1
156 -51 64 3 2
126 -51 75 3 3
101 -51 89 3 4
81 -51 103 3 5
64 -51 127 3 6
52 -51 151 3 7
49 -51 179 3 8
56 -51 208 3 9
70 -51 233 3 10
92 -51 254 3 11
115 -51 271 3 12
142 -51 282 3 13
170 -51 290 3 14
200 -51 293 3 15
233 -51 293 3 16
265 -51 290 3 17
291 -51 281 3 18
314 -51 270 3 19
336 -51 253 3 20
355 -51 233 3 21
366 -51 209 3 22
366 -51 186 3 23
362 -51 165 3 24
353 -51 145 3 25
339 -51 124 3 26
321 -51 107 3 27
295 -19 158 3 28
289 -19 148 3 29
280 -19 139 3 30
271 -19 133 3 31
261 -19 127 3 32
251 -19 123 3 33
240 -19 120 3 34
231 -19 119 3 35
220 -19 142 9 36
208 -19 143 9 37
195 -19 145 9 38
184 -19 150 9 39
175 -19 156 9 40
169 -19 162 9 41
164 -19 171 9 42
162 -19 180 9 43
164 -19 189 9 44
170 -19 198 9 45
178 -19 205 9 46
187 -19 211 9 47
198 -19 214 9 48
208 -19 216 9 49
219 -19 217 9 50
231 -19 216 9 51
243 -19 213 9 52
253 -19 210 9 53
262 -19 204 9 54
269 -19 198 9 55
275 -19 189 9 56
277 -19 180 9 57
275 -19 171 9 58
270 -19 161 9 59
262 -19 154 9 60
253 -19 149 9 61
244 -19 145 9 62
233 -19 142 9 63
