64
221 -51 49 3 0
190 -51 51 3 1
156 -51 57 3 2
126 -51 68 3 3
101 -51 81 3 4
81 -51 96 3 5
62 -51 119 3 6
48 -51 143 3 7
43 -51 172 3 8
48 -51 202 3 9
60 -51 229 3 10
80 -51 252 3 11
103 -51 270 3 12
129 -51 283 3 13
157 -51 293 3 14
186 -51 297 3 15
220 -51 299 3 16
253 -51 298 3 17
280 -51 290 3 18
304 -51 281 3 19
328 -51 265 3 20
350 -51 247 3 21
366 -51 223 3 22
370 -51 200 3 23
370 -51 179 3 24
365 -51 157 3 25
354 -51 134 3 26
338 -51 114 3 27
315 -24 152 3 28
307 -24 140 3 29
296 -24 129 3 30
285 -24 120 3 31
272 -24 113 3 32
259 -24 108 3 33
245 -24 104 3 34
234 -24 103 3 35
220 -24 132 9 36
204 -24 133 9 37
189 -24 136 9 38
174 -24 142 9 39
163 -24 149 9 40
155 -24 157 9 41
149 -24 169 9 42
147 -24 180 9 43
149 -24 192 9 44
156 -24 203 9 45
166 -24 212 9 46
179 -24 219 9 47
192 -24 224 9 48
205 -24 226 9 49
219 -24 227 9 50
234 -24 226 9 51
249 -24 222 9 52
262 -24 218 9 53
273 -24 211 9 54
282 -24 203 9 55
289 -24 192 9 56
292 -24 180 9 57
290 -24 169 9 58
283 -24 156 9 59
274 -24 148 9 60
262 -24 141 9 61
250 -24 135 9 62
236 -24 132 9 63
