64
221 -51 63 3 0
189 -51 66 3 1
156 -51 72 3 2
126 -51 83 3 3
101 -51 98 3 4
82 -51 113 3 5
66 -51 137 3 6
57 -51 161 3 7
57 -51 188 3 8
66 -51 215 3 9
83 -51 238 3 10
106 -51 257 3 11
131 -51 271 3 12
158 -51 281 3 13
186 -51 287 3 14
216 -51 288 3 15
250 -51 285 3 16
279 -51 280 3 17
305 -51 269 3 18
327 -51 257 3 19
346 -51 237 3 20
360 -51 216 3 21
367 -51 192 3 22
362 -51 167 3 23
353 -51 148 3 24
339 -51 129 3 25
321 -51 112 3 26
299 -51 98 3 27
270 -12 165 3 28
266 -12 159 3 29
260 -12 153 3 30
254 -12 148 3 31
247 -12 145 3 32
240 -12 142 3 33
233 -12 140 3 34
227 -12 139 3 35
220 -12 154 9 36
212 -12 155 9 37
203 -12 157 9 38
196 -12 160 9 39
190 -12 164 9 40
186 -12 168 9 41
183 -12 174 9 42
181 -12 180 9 43
183 -12 186 9 44
186 -12 192 9 45
192 -12 197 9 46
198 -12 200 9 47
205 -12 203 9 48
212 -12 204 9 49
219 -12 205 9 50
227 -12 204 9 51
235 -12 202 9 52
242 -12 200 9 53
248 -12 196 9 54
253 -12 192 9 55
256 -12 186 9 56
258 -12 180 9 57
257 -12 174 9 58
253 -12 167 9 59
248 -12 163 9 60
242 -12 159 9 61
236 -12 156 9 62
228 -12 155 9 63
