36
221 -51 71 3 0
188 -51 74 3 1
155 -51 80 3 2
125 -51 92 3 3
101 -51 107 3 4
83 -51 122 3 5
69 -51 147 3 6
62 -51 170 3 7
64 -51 197 3 8
76 -51 222 3 9
95 -51 243 3 10
120 -51 260 3 11
146 -51 272 3 12
174 -51 279 3 13
202 -51 283 3 14
233 -51 282 3 15
266 -51 277 3 16
294 -51 270 3 17
319 -51 257 3 18
339 -51 243 3 19
356 -51 221 3 20
366 -51 199 3 21
368 -51 174 3 22
358 -51 149 3 23
343 -51 130 3 24
324 -51 114 3 25
302 -51 99 3 26
277 -51 89 3 27
420 -51 122 3 28
404 -51 96 3 29
381 -51 73 3 30
357 -51 55 3 31
330 -51 40 3 32
303 -51 29 3 33
274 -51 21 3 34
250 -51 18 3 35
