36
221 -51 51 3 0
190 -51 53 3 1
156 -51 59 3 2
126 -51 69 3 3
101 -51 83 3 4
81 -51 98 3 5
62 -51 121 3 6
49 -51 145 3 7
45 -51 174 3 8
50 -51 203 3 9
63 -51 230 3 10
83 -51 253 3 11
106 -51 270 3 12
132 -51 283 3 13
160 -51 292 3 14
190 -51 296 3 15
223 -51 298 3 16
256 -51 296 3 17
283 -51 288 3 18
307 -51 278 3 19
330 -51 262 3 20
351 -51 243 3 21
366 -51 220 3 22
369 -51 197 3 23
368 -51 176 3 24
362 -51 154 3 25
351 -51 132 3 26
334 -51 112 3 27
420 -51 122 3 28
404 -51 96 3 29
381 -51 73 3 30
357 -51 55 3 31
330 -51 40 3 32
303 -51 29 3 33
274 -51 21 3 34
250 -51 18 3 35
