36
221 -51 74 3 0
188 -51 77 3 1
155 -51 84 3 2
125 -51 95 3 3
101 -51 110 3 4
83 -51 126 3 5
70 -51 151 3 6
64 -51 174 3 7
67 -51 200 3 8
80 -51 224 3 9
100 -51 245 3 10
125 -51 261 3 11
152 -51 272 3 12
180 -51 278 3 13
209 -51 282 3 14
240 -51 280 3 15
273 -51 274 3 16
300 -51 266 3 17
324 -51 253 3 18
344 -51 238 3 19
360 -51 215 3 20
368 -51 192 3 21
368 -51 167 3 22
356 -51 142 3 23
339 -51 123 3 24
318 -51 108 3 25
295 -51 94 3 26
268 -51 85 3 27
420 -51 122 3 28
404 -51 96 3 29
381 -51 73 3 30
357 -51 55 3 31
330 -51 40 3 32
303 -51 29 3 33
274 -51 21 3 34
250 -51 18 3 35
