36
221 -51 34 3 0
191 -51 35 3 1
157 -51 41 3 2
127 -51 50 3 3
101 -51 63 3 4
79 -51 77 3 5
56 -51 99 3 6
39 -51 124 3 7
28 -51 154 3 8
27 -51 188 3 9
36 -51 219 3 10
52 -51 247 3 11
72 -51 269 3 12
97 -51 286 3 13
124 -51 300 3 14
153 -51 308 3 15
187 -51 315 3 16
224 -51 317 3 17
252 -51 314 3 18
280 -51 308 3 19
307 -51 297 3 20
339 -51 281 3 21
364 -51 259 3 22
378 -51 237 3 23
389 -51 214 3 24
394 -51 188 3 25
392 -51 159 3 26
382 -51 132 3 27
420 -51 122 3 28
404 -51 96 3 29
381 -51 73 3 30
357 -51 55 3 31
330 -51 40 3 32
303 -51 29 3 33
274 -51 21 3 34
250 -51 18 3 35
