64
221 -51 77 3 0
188 -51 80 3 1
155 -51 87 3 2
125 -51 99 3 3
101 -51 114 3 4
83 -51 130 3 5
71 -51 155 3 6
66 -51 178 3 7
70 -51 204 3 8
84 -51 227 3 9
105 -51 247 3 10
131 -51 262 3 11
158 -51 272 3 12
186 -51 278 3 13
215 -51 280 3 14
246 -51 278 3 15
279 -51 271 3 16
306 -51 262 3 17
330 -51 248 3 18
349 -51 232 3 19
364 -51 209 3 20
370 -51 185 3 21
368 -51 160 3 22
354 -51 134 3 23
335 -51 116 3 24
312 -51 102 3 25
287 -51 89 3 26
259 -51 81 3 27
225 -1 178 3 28
224 -1 177 3 29
224 -1 177 3 30
223 -1 176 3 31
222 -1 176 3 32
222 -1 176 3 33
221 -1 176 3 34
220 -1 175 3 35
220 -1 177 9 36
219 -1 177 9 37
218 -1 177 9 38
217 -1 178 9 39
217 -1 178 9 40
216 -1 178 9 41
216 -1 179 9 42
216 -1 180 9 43
216 -1 180 9 44
216 -1 181 9 45
217 -1 181 9 46
217 -1 182 9 47
218 -1 182 9 48
219 -1 182 9 49
219 -1 182 9 50
220 -1 182 9 51
221 -1 182 9 52
222 -1 182 9 53
222 -1 181 9 54
223 -1 181 9 55
223 -1 180 9 56
223 -1 180 9 57
223 -1 179 9 58
223 -1 178 9 59
222 -1 178 9 60
222 -1 177 9 61
221 -1 177 9 62
220 -1 177 9 63
