64
221 -51 69 3 0
188 -51 72 3 1
155 -51 79 3 2
125 -51 90 3 3
101 -51 105 3 4
83 -51 120 3 5
68 -51 145 3 6
61 -51 168 3 7
63 -51 195 3 8
74 -51 220 3 9
93 -51 242 3 10
117 -51 259 3 11
143 -51 272 3 12
170 -51 279 3 13
199 -51 284 3 14
230 -51 283 3 15
263 -51 279 3 16
291 -51 272 3 17
316 -51 260 3 18
337 -51 246 3 19
354 -51 224 3 20
365 -51 202 3 21
368 -51 178 3 22
359 -51 153 3 23
345 -51 134 3 24
327 -51 117 3 25
306 -51 102 3 26
281 -51 90 3 27
250 -7 171 3 28
247 -7 167 3 29
244 -7 163 3 30
240 -7 161 3 31
236 -7 159 3 32
232 -7 157 3 33
228 -7 156 3 34
224 -7 155 3 35
220 -7 164 9 36
215 -7 165 9 37
210 -7 166 9 38
205 -7 168 9 39
202 -7 170 9 40
199 -7 172 9 41
197 -7 176 9 42
197 -7 180 9 43
197 -7 183 9 44
200 -7 187 9 45
203 -7 190 9 46
207 -7 192 9 47
211 -7 193 9 48
215 -7 194 9 49
219 -7 195 9 50
224 -7 194 9 51
229 -7 193 9 52
233 -7 192 9 53
236 -7 189 9 54
239 -7 187 9 55
242 -7 183 9 56
242 -7 180 9 57
242 -7 176 9 58
240 -7 172 9 59
237 -7 169 9 60
233 -7 167 9 61
229 -7 166 9 62
225 -7 165 9 63
