64
221 -51 43 3 0
190 -51 45 3 1
157 -51 51 3 2
127 -51 61 3 3
101 -51 74 3 4
80 -51 88 3 5
59 -51 111 3 6
45 -51 136 3 7
37 -51 165 3 8
39 -51 196 3 9
51 -51 225 3 10
69 -51 250 3 11
91 -51 270 3 12
116 -51 284 3 13
144 -51 296 3 14
173 -51 302 3 15
207 -51 306 3 16
241 -51 305 3 17
269 -51 300 3 18
295 -51 292 3 19
319 -51 278 3 20
346 -51 260 3 21
365 -51 238 3 22
373 -51 215 3 23
378 -51 193 3 24
376 -51 169 3 25
369 -51 144 3 26
356 -51 121 3 27
335 -29 146 3 28
325 -29 131 3 29
312 -29 118 3 30
298 -29 108 3 31
283 -29 99 3 32
267 -29 93 3 33
251 -29 88 3 34
237 -29 86 3 35
221 -29 121 9 36
201 -29 123 9 37
182 -29 127 9 38
165 -29 134 9 39
151 -29 143 9 40
141 -29 152 9 41
134 -29 166 9 42
132 -29 180 9 43
134 -29 194 9 44
143 -29 208 9 45
155 -29 219 9 46
170 -29 227 9 47
186 -29 233 9 48
202 -29 236 9 49
219 -29 237 9 50
237 -29 235 9 51
256 -29 231 9 52
271 -29 226 9 53
284 -29 217 9 54
295 -29 208 9 55
304 -29 194 9 56
307 -29 181 9 57
305 -29 166 9 58
297 -29 151 9 59
285 -29 141 9 60
271 -29 133 9 61
256 -29 126 9 62
240 -29 122 9 63
