64
221 -51 38 3 0
191 -51 40 3 1
157 -51 46 3 2
127 -51 56 3 3
101 -51 69 3 4
80 -51 83 3 5
58 -51 105 3 6
42 -51 130 3 7
33 -51 159 3 8
33 -51 192 3 9
43 -51 222 3 10
61 -51 248 3 11
82 -51 269 3 12
107 -51 285 3 13
134 -51 298 3 14
163 -51 305 3 15
197 -51 310 3 16
232 -51 311 3 17
260 -51 307 3 18
287 -51 300 3 19
313 -51 287 3 20
342 -51 271 3 21
365 -51 248 3 22
376 -51 226 3 23
384 -51 204 3 24
385 -51 178 3 25
380 -51 152 3 26
369 -51 127 3 27
350 -33 142 3 28
339 -33 125 3 29
324 -33 110 3 30
309 -33 98 3 31
291 -33 89 3 32
273 -33 81 3 33
255 -33 76 3 34
239 -33 74 3 35
221 -33 114 9 36
199 -33 116 9 37
177 -33 120 9 38
158 -33 128 9 39
142 -33 138 9 40
131 -33 148 9 41
123 -33 165 9 42
120 -33 180 9 43
123 -33 196 9 44
133 -33 211 9 45
147 -33 224 9 46
164 -33 233 9 47
182 -33 240 9 48
200 -33 243 9 49
219 -33 245 9 50
239 -33 243 9 51
260 -33 238 9 52
277 -33 232 9 53
293 -33 222 9 54
305 -33 212 9 55
315 -33 196 9 56
318 -33 181 9 57
316 -33 165 9 58
307 -33 148 9 59
294 -33 136 9 60
278 -33 127 9 61
261 -33 119 9 62
242 -33 115 9 63
