64
221 -51 75 3 0
188 -51 78 3 1
155 -51 85 3 2
125 -51 97 3 3
101 -51 112 3 4
83 -51 128 3 5
70 -51 153 3 6
65 -51 176 3 7
69 -51 202 3 8
82 -51 226 3 9
103 -51 246 3 10
128 -51 261 3 11
155 -51 272 3 12
183 -51 278 3 13
212 -51 281 3 14
243 -51 279 3 15
276 -51 273 3 16
303 -51 264 3 17
327 -51 250 3 18
347 -51 235 3 19
362 -51 212 3 20
369 -51 188 3 21
368 -51 164 3 22
355 -51 138 3 23
337 -51 120 3 24
315 -51 105 3 25
291 -51 92 3 26
263 -51 83 3 27
230 -2 177 3 28
229 -2 175 3 29
228 -2 174 3 30
226 -2 173 3 31
225 -2 173 3 32
224 -2 172 3 33
222 -2 172 3 34
221 -2 171 3 35
220 -2 174 9 36
218 -2 175 9 37
216 -2 175 9 38
215 -2 176 9 39
214 -2 176 9 40
213 -2 177 9 41
212 -2 178 9 42
212 -2 180 9 43
212 -2 181 9 44
213 -2 182 9 45
214 -2 183 9 46
215 -2 184 9 47
217 -2 184 9 48
218 -2 184 9 49
219 -2 185 9 50
221 -2 184 9 51
223 -2 184 9 52
224 -2 184 9 53
225 -2 183 9 54
226 -2 182 9 55
227 -2 181 9 56
227 -2 180 9 57
227 -2 178 9 58
226 -2 177 9 59
225 -2 176 9 60
224 -2 175 9 61
223 -2 175 9 62
221 -2 175 9 63
