64
221 -51 20 3 0
192 -51 21 3 1
158 -51 26 3 2
128 -51 35 3 3
101 -51 47 3 4
78 -51 60 3 5
52 -51 81 3 6
30 -51 107 3 7
15 -51 138 3 8
9 -51 175 3 9
13 -51 210 3 10
27 -51 242 3 11
45 -51 268 3 12
69 -51 289 3 13
95 -51 306 3 14
123 -51 318 3 15
157 -51 329 3 16
197 -51 335 3 17
227 -51 335 3 18
257 -51 332 3 19
289 -51 325 3 20
329 -51 312 3 21
363 -51 290 3 22
386 -51 270 3 23
407 -51 246 3 24
420 -51 215 3 25
425 -51 182 3 26
422 -51 149 3 27
410 -48 124 3 28
394 -48 100 3 29
372 -48 78 3 30
350 -48 61 3 31
324 -48 47 3 32
298 -48 36 3 33
271 -48 28 3 34
248 -48 26 3 35
221 -48 84 9 36
189 -48 86 9 37
158 -48 93 9 38
129 -48 104 9 39
106 -48 119 9 40
90 -48 134 9 41
79 -48 158 9 42
74 -48 180 9 43
79 -48 204 9 44
93 -48 226 9 45
113 -48 244 9 46
138 -48 258 9 47
164 -48 268 9 48
191 -48 273 9 49
219 -48 275 9 50
248 -48 272 9 51
279 -48 265 9 52
304 -48 256 9 53
327 -48 242 9 54
345 -48 227 9 55
359 -48 204 9 56
364 -48 181 9 57
361 -48 158 9 58
347 -48 133 9 59
328 -48 116 9 60
305 -48 103 9 61
280 -48 91 9 62
253 -48 85 9 63
