64
221 -51 17 3 0
193 -51 18 3 1
159 -51 23 3 2
129 -51 32 3 3
102 -51 44 3 4
78 -51 57 3 5
51 -51 78 3 6
29 -51 104 3 7
12 -51 135 3 8
5 -51 173 3 9
9 -51 209 3 10
22 -51 241 3 11
39 -51 268 3 12
63 -51 290 3 13
89 -51 308 3 14
117 -51 321 3 15
151 -51 333 3 16
192 -51 339 3 17
222 -51 340 3 18
253 -51 338 3 19
285 -51 332 3 20
327 -51 319 3 21
363 -51 298 3 22
388 -51 278 3 23
411 -51 253 3 24
426 -51 222 3 25
433 -51 187 3 26
431 -51 153 3 27
420 -51 122 3 28
404 -51 96 3 29
381 -51 73 3 30
357 -51 55 3 31
330 -51 40 3 32
303 -51 29 3 33
274 -51 21 3 34
250 -51 18 3 35
222 -51 79 9 36
188 -51 82 9 37
155 -51 89 9 38
125 -51 101 9 39
101 -51 116 9 40
84 -51 132 9 41
72 -51 157 9 42
67 -51 180 9 43
72 -51 206 9 44
87 -51 229 9 45
108 -51 248 9 46
134 -51 263 9 47
162 -51 273 9 48
190 -51 278 9 49
219 -51 280 9 50
250 -51 277 9 51
283 -51 270 9 52
309 -51 261 9 53
333 -51 246 9 54
352 -51 230 9 55
367 -51 206 9 56
372 -51 182 9 57
369 -51 157 9 58
354 -51 131 9 59
334 -51 113 9 60
310 -51 99 9 61
284 -51 87 9 62
255 -51 80 9 63
