36
221 -51 20 3 0
192 -51 21 3 1
158 -51 26 3 2
128 -51 35 3 3
101 -51 47 3 4
78 -51 60 3 5
52 -51 81 3 6
30 -51 107 3 7
15 -51 138 3 8
9 -51 175 3 9
13 -51 210 3 10
27 -51 242 3 11
45 -51 268 3 12
69 -51 289 3 13
95 -51 306 3 14
123 -51 318 3 15
157 -51 329 3 16
197 -51 335 3 17
227 -51 335 3 18
257 -51 332 3 19
289 -51 325 3 20
329 -51 312 3 21
363 -51 290 3 22
386 -51 270 3 23
407 -51 246 3 24
420 -51 215 3 25
425 -51 182 3 26
422 -51 149 3 27
420 -51 122 3 28
404 -51 96 3 29
381 -51 73 3 30
357 -51 55 3 31
330 -51 40 3 32
303 -51 29 3 33
274 -51 21 3 34
250 -51 18 3 35
