36
221 -51 57 3 0
189 -51 59 3 1
156 -51 65 3 2
126 -51 76 3 3
101 -51 90 3 4
81 -51 105 3 5
64 -51 129 3 6
53 -51 153 3 7
51 -51 181 3 8
58 -51 209 3 9
73 -51 234 3 10
94 -51 255 3 11
118 -51 271 3 12
145 -51 282 3 13
173 -51 289 3 14
203 -51 292 3 15
236 -51 292 3 16
268 -51 288 3 17
294 -51 278 3 18
317 -51 267 3 19
338 -51 250 3 20
356 -51 229 3 21
366 -51 206 3 22
365 -51 182 3 23
360 -51 162 3 24
350 -51 142 3 25
336 -51 122 3 26
316 -51 105 3 27
420 -51 122 3 28
404 -51 96 3 29
381 -51 73 3 30
357 -51 55 3 31
330 -51 40 3 32
303 -51 29 3 33
274 -51 21 3 34
250 -51 18 3 35
