36
221 -51 46 3 0
190 -51 48 3 1
157 -51 54 3 2
127 -51 64 3 3
101 -51 78 3 4
80 -51 92 3 5
60 -51 115 3 6
47 -51 140 3 7
40 -51 168 3 8
43 -51 199 3 9
56 -51 227 3 10
75 -51 251 3 11
97 -51 270 3 12
123 -51 284 3 13
150 -51 294 3 14
180 -51 300 3 15
213 -51 303 3 16
247 -51 301 3 17
274 -51 295 3 18
300 -51 286 3 19
323 -51 272 3 20
348 -51 253 3 21
365 -51 231 3 22
371 -51 208 3 23
374 -51 186 3 24
370 -51 163 3 25
362 -51 139 3 26
347 -51 118 3 27
420 -51 122 3 28
404 -51 96 3 29
381 -51 73 3 30
357 -51 55 3 31
330 -51 40 3 32
303 -51 29 3 33
274 -51 21 3 34
250 -51 18 3 35
