64
223 105 316 3 0
195 105 315 3 1
161 103 311 3 2
131 100 302 3 3
104 96 291 3 4
80 91 279 3 5
53 84 259 3 6
31 75 234 3 7
14 65 205 3 8
7 52 171 3 9
11 40 137 3 10
24 29 107 3 11
41 19 81 3 12
65 12 61 3 13
91 6 44 3 14
119 2 32 3 15
153 -2 20 3 16
194 -4 15 3 17
224 -4 14 3 18
255 -4 16 3 19
287 -2 21 3 20
329 2 33 3 21
365 9 53 3 22
390 16 72 3 23
413 24 95 3 24
428 35 125 3 25
435 47 157 3 26
433 59 188 3 27
422 69 218 3 28
406 78 242 3 29
383 86 264 3 30
359 92 281 3 31
332 97 295 3 32
305 101 305 3 33
276 104 312 3 34
252 105 315 3 35
224 84 258 9 36
190 83 255 9 37
157 81 249 9 38
127 76 237 9 39
103 71 223 9 40
86 66 208 9 41
74 57 185 9 42
69 49 164 9 43
74 41 140 9 44
89 33 118 9 45
110 26 100 9 46
136 21 86 9 47
164 18 77 9 48
192 16 72 9 49
221 15 70 9 50
252 16 73 9 51
285 19 79 9 52
311 22 88 9 53
335 27 102 9 54
354 32 117 9 55
369 41 140 9 56
374 49 162 9 57
371 57 185 9 58
356 66 209 9 59
336 72 226 9 60
312 77 239 9 61
286 81 250 9 62
257 84 257 9 63
