64
223 67 24 3 0
195 67 25 3 1
161 63 28 3 2
131 58 35 3 3
104 50 45 3 4
80 41 54 3 5
53 28 71 3 6
31 11 90 3 7
14 -8 114 3 8
7 -32 143 3 9
11 -55 171 3 10
24 -76 194 3 11
41 -93 215 3 12
65 -107 232 3 13
91 -119 246 3 14
119 -127 256 3 15
153 -135 265 3 16
194 -139 270 3 17
224 -139 270 3 18
255 -138 269 3 19
287 -134 264 3 20
329 -126 254 3 21
365 -112 238 3 22
390 -100 223 3 23
413 -83 204 3 24
428 -64 181 3 25
435 -41 154 3 26
433 -19 128 3 27
422 1 104 3 28
406 16 84 3 29
383 31 67 3 30
359 43 53 3 31
332 52 41 3 32
305 59 33 3 33
276 65 27 3 34
252 67 25 3 35
224 27 71 9 36
190 25 74 9 37
157 21 79 9 38
127 13 88 9 39
103 4 100 9 40
86 -6 112 9 41
74 -22 131 9 42
69 -37 149 9 43
74 -53 169 9 44
89 -68 185 9 45
110 -80 200 9 46
136 -90 211 9 47
164 -96 219 9 48
192 -100 223 9 49
221 -101 224 9 50
252 -99 222 9 51
285 -94 217 9 52
311 -89 210 9 53
335 -79 198 9 54
354 -69 186 9 55
369 -53 169 9 56
374 -38 150 9 57
371 -22 131 9 58
356 -5 111 9 59
336 5 97 9 60
312 14 87 9 61
286 22 77 9 62
257 27 72 9 63
