64
223 153 103 3 0
195 152 103 3 1
161 147 104 3 2
131 138 106 3 3
104 127 108 3 4
80 114 110 3 5
53 93 114 3 6
31 67 118 3 7
14 37 123 3 8
7 1 130 3 9
11 -35 136 3 10
24 -66 142 3 11
41 -93 147 3 12
65 -115 150 3 13
91 -132 154 3 14
119 -145 156 3 15
153 -157 158 3 16
194 -163 159 3 17
224 -164 159 3 18
255 -162 159 3 19
287 -156 158 3 20
329 -143 155 3 21
365 -123 152 3 22
390 -103 148 3 23
413 -78 144 3 24
428 -48 139 3 25
435 -13 132 3 26
433 19 127 3 27
422 50 121 3 28
406 75 117 3 29
383 98 113 3 30
359 116 110 3 31
332 131 107 3 32
305 141 105 3 33
276 149 104 3 34
252 152 103 3 35
224 92 114 9 36
190 89 114 9 37
157 82 115 9 38
127 70 118 9 39
103 56 120 9 40
86 40 123 9 41
74 15 127 9 42
69 -6 131 9 43
74 -32 136 9 44
89 -55 140 9 45
110 -73 143 9 46
136 -88 146 9 47
164 -98 147 9 48
192 -103 148 9 49
221 -105 149 9 50
252 -102 148 9 51
285 -95 147 9 52
311 -86 145 9 53
335 -71 143 9 54
354 -56 140 9 55
369 -32 136 9 56
374 -8 132 9 57
371 15 127 9 58
356 41 123 9 59
336 59 120 9 60
312 72 117 9 61
286 84 115 9 62
257 91 114 9 63
