64
223 94 38 3 0
195 93 38 3 1
161 89 42 3 2
131 82 47 3 3
104 73 55 3 4
80 63 63 3 5
53 47 77 3 6
31 27 94 3 7
14 3 114 3 8
7 -25 138 3 9
11 -52 161 3 10
24 -77 181 3 11
41 -98 198 3 12
65 -115 212 3 13
91 -128 224 3 14
119 -138 232 3 15
153 -147 240 3 16
194 -152 244 3 17
224 -153 244 3 18
255 -151 243 3 19
287 -147 239 3 20
329 -137 231 3 21
365 -121 217 3 22
390 -105 204 3 23
413 -86 188 3 24
428 -62 169 3 25
435 -36 147 3 26
433 -10 125 3 27
422 13 105 3 28
406 33 88 3 29
383 51 74 3 30
359 64 62 3 31
332 76 52 3 32
305 84 45 3 33
276 91 40 3 34
252 93 38 3 35
224 46 78 9 36
190 44 79 9 37
157 38 84 9 38
127 29 92 9 39
103 18 101 9 40
86 5 112 9 41
74 -13 128 9 42
69 -30 142 9 43
74 -50 159 9 44
89 -68 174 9 45
110 -82 185 9 46
136 -94 195 9 47
164 -102 201 9 48
192 -105 204 9 49
221 -107 206 9 50
252 -105 204 9 51
285 -99 199 9 52
311 -92 193 9 53
335 -81 184 9 54
354 -69 175 9 55
369 -50 159 9 56
374 -32 144 9 57
371 -13 128 9 58
356 6 111 9 59
336 20 99 9 60
312 31 90 9 61
286 40 83 9 62
257 45 78 9 63
