64
223 -76 30 3 0
195 -76 31 3 1
161 -75 36 3 2
131 -73 45 3 3
104 -71 56 3 4
80 -69 69 3 5
53 -65 90 3 6
31 -61 116 3 7
14 -56 146 3 8
7 -49 182 3 9
11 -43 218 3 10
24 -37 249 3 11
41 -32 276 3 12
65 -29 298 3 13
91 -25 315 3 14
119 -23 328 3 15
153 -21 340 3 16
194 -20 346 3 17
224 -20 347 3 18
255 -20 345 3 19
287 -21 339 3 20
329 -24 326 3 21
365 -27 306 3 22
390 -31 286 3 23
413 -35 261 3 24
428 -40 231 3 25
435 -47 196 3 26
433 -52 164 3 27
422 -58 133 3 28
406 -62 108 3 29
383 -66 85 3 30
359 -69 67 3 31
332 -72 52 3 32
305 -74 42 3 33
276 -75 34 3 34
252 -76 31 3 35
224 -65 91 9 36
190 -65 94 9 37
157 -64 101 9 38
127 -61 113 9 39
103 -59 127 9 40
86 -56 143 9 41
74 -52 168 9 42
69 -48 189 9 43
74 -43 215 9 44
89 -39 238 9 45
110 -36 256 9 46
136 -33 271 9 47
164 -32 281 9 48
192 -31 286 9 49
221 -30 288 9 50
252 -31 285 9 51
285 -32 278 9 52
311 -34 269 9 53
335 -36 254 9 54
354 -39 239 9 55
369 -43 215 9 56
374 -47 191 9 57
371 -52 168 9 58
356 -56 142 9 59
336 -59 124 9 60
312 -62 111 9 61
286 -64 99 9 62
257 -65 92 9 63
