64
223 165 131 3 0
195 164 131 3 1
161 159 131 3 2
131 150 131 3 3
104 138 131 3 4
80 125 131 3 5
53 104 131 3 6
31 78 131 3 7
14 47 131 3 8
7 9 131 3 9
11 -26 130 3 10
24 -58 130 3 11
41 -85 130 3 12
65 -107 130 3 13
91 -125 130 3 14
119 -138 130 3 15
153 -150 130 3 16
194 -156 130 3 17
224 -157 130 3 18
255 -155 130 3 19
287 -149 130 3 20
329 -136 130 3 21
365 -115 130 3 22
390 -95 130 3 23
413 -70 130 3 24
428 -39 130 3 25
435 -4 130 3 26
433 29 131 3 27
422 60 131 3 28
406 86 131 3 29
383 109 131 3 30
359 127 131 3 31
332 142 131 3 32
305 153 131 3 33
276 161 131 3 34
252 164 131 3 35
224 103 131 9 36
190 100 131 9 37
157 93 131 9 38
127 81 131 9 39
103 66 131 9 40
86 50 131 9 41
74 25 131 9 42
69 2 130 9 43
74 -23 130 9 44
89 -46 130 9 45
110 -65 130 9 46
136 -80 130 9 47
164 -90 130 9 48
192 -95 130 9 49
221 -97 130 9 50
252 -94 130 9 51
285 -87 130 9 52
311 -78 130 9 53
335 -63 130 9 54
354 -47 130 9 55
369 -23 130 9 56
374 1 130 9 57
371 25 131 9 58
356 51 131 9 59
336 69 131 9 60
312 83 131 9 61
286 95 131 9 62
257 102 131 9 63
