64
223 -164 144 3 0
195 -163 145 3 1
161 -159 147 3 2
131 -151 152 3 3
104 -141 158 3 4
80 -130 164 3 5
53 -111 175 3 6
31 -89 187 3 7
14 -62 202 3 8
7 -29 221 3 9
11 2 239 3 10
24 29 255 3 11
41 52 269 3 12
65 71 280 3 13
91 87 289 3 14
119 98 295 3 15
153 109 301 3 16
194 114 304 3 17
224 115 305 3 18
255 113 304 3 19
287 108 301 3 20
329 96 294 3 21
365 78 284 3 22
390 61 274 3 23
413 39 261 3 24
428 12 246 3 25
435 -17 228 3 26
433 -46 211 3 27
422 -73 196 3 28
406 -96 183 3 29
383 -116 172 3 30
359 -131 163 3 31
332 -144 156 3 32
305 -154 150 3 33
276 -161 146 3 34
252 -163 145 3 35
224 -110 175 9 36
190 -108 177 9 37
157 -102 180 9 38
127 -91 185 9 39
103 -78 193 9 40
86 -65 201 9 41
74 -43 213 9 42
69 -23 225 9 43
74 0 238 9 44
89 18 249 9 45
110 35 259 9 46
136 48 266 9 47
164 57 271 9 48
192 61 274 9 49
221 63 275 9 50
252 60 273 9 51
285 54 270 9 52
311 46 265 9 53
335 33 258 9 54
354 19 250 9 55
369 0 238 9 56
374 -21 226 9 57
371 -43 213 9 58
356 -65 200 9 59
336 -81 191 9 60
312 -93 184 9 61
286 -104 179 9 62
257 -110 176 9 63
