64
223 117 56 3 0
195 116 56 3 1
161 112 59 3 2
131 104 63 3 3
104 94 69 3 4
80 83 76 3 5
53 64 86 3 6
31 42 99 3 7
14 15 115 3 8
7 -17 134 3 9
11 -48 152 3 10
24 -76 168 3 11
41 -99 181 3 12
65 -118 191 3 13
91 -134 200 3 14
119 -145 207 3 15
153 -156 213 3 16
194 -161 216 3 17
224 -162 216 3 18
255 -160 215 3 19
287 -155 212 3 20
329 -143 206 3 21
365 -125 195 3 22
390 -108 185 3 23
413 -86 174 3 24
428 -59 158 3 25
435 -29 141 3 26
433 0 124 3 27
422 26 108 3 28
406 49 95 3 29
383 69 84 3 30
359 84 75 3 31
332 97 67 3 32
305 107 62 3 33
276 114 58 3 34
252 116 56 3 35
224 63 87 9 36
190 61 88 9 37
157 55 92 9 38
127 44 98 9 39
103 31 105 9 40
86 18 113 9 41
74 -3 126 9 42
69 -23 137 9 43
74 -46 150 9 44
89 -65 162 9 45
110 -82 171 9 46
136 -95 179 9 47
164 -104 183 9 48
192 -108 185 9 49
221 -110 186 9 50
252 -107 185 9 51
285 -101 181 9 52
311 -93 178 9 53
335 -80 170 9 54
354 -66 162 9 55
369 -46 150 9 56
374 -25 138 9 57
371 -3 126 9 58
356 18 113 9 59
336 34 104 9 60
312 46 97 9 61
286 57 91 9 62
257 63 87 9 63
