64
223 -49 18 3 0
195 -49 19 3 1
161 -49 24 3 2
131 -49 33 3 3
104 -49 45 3 4
80 -49 58 3 5
53 -49 79 3 6
31 -49 105 3 7
14 -49 136 3 8
7 -49 174 3 9
11 -49 210 3 10
24 -49 242 3 11
41 -49 269 3 12
65 -49 291 3 13
91 -49 309 3 14
119 -49 322 3 15
153 -49 334 3 16
194 -49 340 3 17
224 -49 341 3 18
255 -49 339 3 19
287 -49 333 3 20
329 -49 320 3 21
365 -49 299 3 22
390 -49 279 3 23
413 -49 254 3 24
428 -49 223 3 25
435 -49 188 3 26
433 -49 154 3 27
422 -49 123 3 28
406 -49 97 3 29
383 -49 74 3 30
359 -49 56 3 31
332 -49 41 3 32
305 -49 30 3 33
276 -49 22 3 34
252 -49 19 3 35
224 -49 80 9 36
190 -49 83 9 37
157 -49 90 9 38
127 -49 102 9 39
103 -49 117 9 40
86 -49 133 9 41
74 -49 158 9 42
69 -49 181 9 43
74 -49 207 9 44
89 -49 230 9 45
110 -49 249 9 46
136 -49 264 9 47
164 -49 274 9 48
192 -49 279 9 49
221 -49 281 9 50
252 -49 278 9 51
285 -49 271 9 52
311 -49 262 9 53
335 -49 247 9 54
354 -49 231 9 55
369 -49 207 9 56
374 -49 183 9 57
371 -49 158 9 58
356 -49 132 9 59
336 -49 114 9 60
312 -49 100 9 61
286 -49 88 9 62
257 -49 81 9 63
