64
223 -168 174 3 0
195 -167 174 3 1
161 -162 176 3 2
131 -154 179 3 3
104 -143 182 3 4
80 -131 186 3 5
53 -111 194 3 6
31 -86 202 3 7
14 -57 213 3 8
7 -22 226 3 9
11 11 238 3 10
24 41 249 3 11
41 67 259 3 12
65 87 266 3 13
91 104 272 3 14
119 117 277 3 15
153 128 281 3 16
194 133 283 3 17
224 134 283 3 18
255 133 282 3 19
287 127 280 3 20
329 115 276 3 21
365 95 269 3 22
390 76 262 3 23
413 53 253 3 24
428 24 243 3 25
435 -8 231 3 26
433 -40 219 3 27
422 -69 209 3 28
406 -94 200 3 29
383 -115 192 3 30
359 -132 186 3 31
332 -147 181 3 32
305 -157 178 3 33
276 -164 175 3 34
252 -167 174 3 35
224 -110 194 9 36
190 -107 195 9 37
157 -100 197 9 38
127 -89 201 9 39
103 -75 207 9 40
86 -60 212 9 41
74 -37 221 9 42
69 -15 228 9 43
74 8 237 9 44
89 30 245 9 45
110 48 252 9 46
136 62 257 9 47
164 71 260 9 48
192 76 262 9 49
221 78 263 9 50
252 75 262 9 51
285 69 259 9 52
311 60 256 9 53
335 46 251 9 54
354 31 246 9 55
369 8 237 9 56
374 -13 229 9 57
371 -37 221 9 58
356 -61 212 9 59
336 -78 206 9 60
312 -91 201 9 61
286 -102 197 9 62
257 -109 194 9 63
