64
223 -90 324 3 0
195 -89 324 3 1
161 -85 320 3 2
131 -78 315 3 3
104 -69 307 3 4
80 -59 299 3 5
53 -43 285 3 6
31 -23 268 3 7
14 1 248 3 8
7 29 224 3 9
11 56 201 3 10
24 81 181 3 11
41 102 164 3 12
65 119 150 3 13
91 132 138 3 14
119 142 130 3 15
153 151 122 3 16
194 156 118 3 17
224 157 118 3 18
255 155 119 3 19
287 151 123 3 20
329 141 131 3 21
365 125 145 3 22
390 109 158 3 23
413 90 174 3 24
428 66 193 3 25
435 40 215 3 26
433 14 237 3 27
422 -9 257 3 28
406 -29 274 3 29
383 -47 288 3 30
359 -60 300 3 31
332 -72 310 3 32
305 -80 317 3 33
276 -87 322 3 34
252 -89 324 3 35
224 -42 284 9 36
190 -40 283 9 37
157 -34 278 9 38
127 -25 270 9 39
103 -14 261 9 40
86 -1 250 9 41
74 17 234 9 42
69 34 220 9 43
74 54 203 9 44
89 72 188 9 45
110 86 177 9 46
136 98 167 9 47
164 106 161 9 48
192 109 158 9 49
221 111 156 9 50
252 109 158 9 51
285 103 163 9 52
311 96 169 9 53
335 85 178 9 54
354 73 187 9 55
369 54 203 9 56
374 36 218 9 57
371 17 234 9 58
356 -2 251 9 59
336 -16 263 9 60
312 -27 272 9 61
286 -36 279 9 62
257 -41 284 9 63
