64
223 -101 46 3 0
195 -101 47 3 1
161 -99 51 3 2
131 -96 60 3 3
104 -92 71 3 4
80 -87 83 3 5
53 -80 103 3 6
31 -71 128 3 7
14 -61 157 3 8
7 -48 191 3 9
11 -36 225 3 10
24 -25 255 3 11
41 -15 281 3 12
65 -8 301 3 13
91 -2 318 3 14
119 2 330 3 15
153 6 342 3 16
194 8 347 3 17
224 8 348 3 18
255 8 346 3 19
287 6 341 3 20
329 2 329 3 21
365 -5 309 3 22
390 -12 290 3 23
413 -20 267 3 24
428 -31 237 3 25
435 -43 205 3 26
433 -55 174 3 27
422 -65 144 3 28
406 -74 120 3 29
383 -82 98 3 30
359 -88 81 3 31
332 -93 67 3 32
305 -97 57 3 33
276 -100 50 3 34
252 -101 47 3 35
224 -80 104 9 36
190 -79 107 9 37
157 -77 113 9 38
127 -72 125 9 39
103 -67 139 9 40
86 -62 154 9 41
74 -53 177 9 42
69 -45 198 9 43
74 -37 222 9 44
89 -29 244 9 45
110 -22 262 9 46
136 -17 276 9 47
164 -14 285 9 48
192 -12 290 9 49
221 -11 292 9 50
252 -12 289 9 51
285 -15 283 9 52
311 -18 274 9 53
335 -23 260 9 54
354 -28 245 9 55
369 -37 222 9 56
374 -45 200 9 57
371 -53 177 9 58
356 -62 153 9 59
336 -68 136 9 60
312 -73 123 9 61
286 -77 112 9 62
257 -80 105 9 63
