64
223 172 188 3 0
195 171 188 3 1
161 166 186 3 2
131 158 183 3 3
104 147 180 3 4
80 135 176 3 5
53 115 168 3 6
31 90 160 3 7
14 61 149 3 8
7 26 136 3 9
11 -7 124 3 10
24 -37 113 3 11
41 -63 103 3 12
65 -83 96 3 13
91 -100 90 3 14
119 -113 85 3 15
153 -124 81 3 16
194 -129 79 3 17
224 -130 79 3 18
255 -129 80 3 19
287 -123 82 3 20
329 -111 86 3 21
365 -91 93 3 22
390 -72 100 3 23
413 -49 109 3 24
428 -20 119 3 25
435 12 131 3 26
433 44 143 3 27
422 73 153 3 28
406 98 162 3 29
383 119 170 3 30
359 136 176 3 31
332 151 181 3 32
305 161 184 3 33
276 168 187 3 34
252 171 188 3 35
224 114 168 9 36
190 111 167 9 37
157 104 165 9 38
127 93 161 9 39
103 79 155 9 40
86 64 150 9 41
74 41 141 9 42
69 19 134 9 43
74 -4 125 9 44
89 -26 117 9 45
110 -44 110 9 46
136 -58 105 9 47
164 -67 102 9 48
192 -72 100 9 49
221 -74 99 9 50
252 -71 100 9 51
285 -65 103 9 52
311 -56 106 9 53
335 -42 111 9 54
354 -27 116 9 55
369 -4 125 9 56
374 17 133 9 57
371 41 141 9 58
356 65 150 9 59
336 82 156 9 60
312 95 161 9 61
286 106 165 9 62
257 113 168 9 63
