64
223 -141 89 3 0
195 -141 90 3 1
161 -137 94 3 2
131 -132 101 3 3
104 -124 110 3 4
80 -116 120 3 5
53 -102 136 3 6
31 -85 156 3 7
14 -65 180 3 8
7 -41 208 3 9
11 -18 235 3 10
24 2 260 3 11
41 19 281 3 12
65 33 298 3 13
91 45 311 3 14
119 53 321 3 15
153 61 330 3 16
194 65 335 3 17
224 65 336 3 18
255 64 334 3 19
287 60 330 3 20
329 52 320 3 21
365 38 304 3 22
390 25 288 3 23
413 9 269 3 24
428 -10 245 3 25
435 -32 219 3 26
433 -54 193 3 27
422 -74 170 3 28
406 -91 150 3 29
383 -105 132 3 30
359 -117 119 3 31
332 -127 107 3 32
305 -134 99 3 33
276 -139 92 3 34
252 -141 90 3 35
224 -101 137 9 36
190 -100 139 9 37
157 -95 145 9 38
127 -87 154 9 39
103 -78 165 9 40
86 -67 178 9 41
74 -51 196 9 42
69 -37 213 9 43
74 -20 233 9 44
89 -5 251 9 45
110 6 265 9 46
136 16 277 9 47
164 22 285 9 48
192 25 288 9 49
221 27 290 9 50
252 25 288 9 51
285 20 282 9 52
311 14 275 9 53
335 5 264 9 54
354 -4 252 9 55
369 -20 233 9 56
374 -35 215 9 57
371 -51 196 9 58
356 -68 177 9 59
336 -80 163 9 60
312 -89 152 9 61
286 -96 143 9 62
257 -101 138 9 63
