36
222 -111 114 3 0
194 -111 115 3 1
160 -108 117 3 2
130 -104 122 3 3
103 -97 129 3 4
79 -90 136 3 5
52 -80 148 3 6
30 -66 163 3 7
13 -51 181 3 8
6 -31 202 3 9
10 -13 223 3 10
23 3 241 3 11
40 17 256 3 12
64 28 269 3 13
90 38 279 3 14
118 45 286 3 15
152 50 293 3 16
193 54 296 3 17
223 54 297 3 18
254 53 296 3 19
286 50 292 3 20
328 44 285 3 21
364 33 273 3 22
389 22 262 3 23
412 9 247 3 24
427 -6 230 3 25
434 -23 210 3 26
432 -41 191 3 27
421 -57 173 3 28
405 -70 159 3 29
382 -83 145 3 30
358 -91 135 3 31
331 -99 127 3 32
304 -105 121 3 33
275 -109 116 3 34
251 -111 115 3 35
