36
223 -49 18 3 0
195 -49 19 3 1
161 -49 24 3 2
131 -49 33 3 3
104 -49 45 3 4
80 -49 58 3 5
53 -49 79 3 6
31 -49 105 3 7
14 -49 136 3 8
7 -49 174 3 9
11 -49 210 3 10
24 -49 242 3 11
41 -49 269 3 12
65 -49 291 3 13
91 -49 309 3 14
119 -49 322 3 15
153 -49 334 3 16
194 -49 340 3 17
224 -49 341 3 18
255 -49 339 3 19
287 -49 333 3 20
329 -49 320 3 21
365 -49 299 3 22
390 -49 279 3 23
413 -49 254 3 24
428 -49 223 3 25
435 -49 188 3 26
433 -49 154 3 27
422 -49 123 3 28
406 -49 97 3 29
383 -49 74 3 30
359 -49 56 3 31
332 -49 41 3 32
305 -49 30 3 33
276 -49 22 3 34
252 -49 19 3 35
