36
222 -109 109 3 0
194 -108 110 3 1
160 -106 113 3 2
130 -101 118 3 3
103 -95 125 3 4
79 -89 133 3 5
52 -79 145 3 6
30 -66 161 3 7
13 -51 179 3 8
6 -32 201 3 9
10 -15 222 3 10
23 1 241 3 11
40 14 257 3 12
64 25 270 3 13
90 34 280 3 14
118 40 288 3 15
152 46 295 3 16
193 49 298 3 17
223 49 299 3 18
254 48 298 3 19
286 45 294 3 20
328 39 287 3 21
364 29 274 3 22
389 19 263 3 23
412 7 248 3 24
427 -8 230 3 25
434 -25 209 3 26
432 -42 189 3 27
421 -57 171 3 28
405 -70 156 3 29
382 -81 142 3 30
358 -90 132 3 31
331 -97 123 3 32
304 -103 117 3 33
275 -107 112 3 34
251 -108 110 3 35
