36
223 127 296 3 0
195 127 295 3 1
161 124 291 3 2
131 120 283 3 3
104 114 273 3 4
80 107 262 3 5
53 97 243 3 6
31 84 221 3 7
14 68 194 3 8
7 49 162 3 9
11 31 131 3 10
24 15 103 3 11
41 2 80 3 12
65 -8 61 3 13
91 -17 45 3 14
119 -24 34 3 15
153 -30 23 3 16
194 -33 18 3 17
224 -33 17 3 18
255 -32 19 3 19
287 -29 24 3 20
329 -23 36 3 21
365 -12 54 3 22
390 -2 71 3 23
413 9 93 3 24
428 25 120 3 25
435 42 150 3 26
433 59 179 3 27
422 75 205 3 28
406 88 228 3 29
383 99 248 3 30
359 108 263 3 31
332 116 276 3 32
305 121 286 3 33
276 125 293 3 34
252 127 295 3 35
