36
222 -135 151 3 0
194 -134 152 3 1
160 -130 153 3 2
130 -124 157 3 3
103 -115 162 3 4
79 -106 167 3 5
52 -91 175 3 6
30 -72 186 3 7
13 -51 198 3 8
6 -23 214 3 9
10 1 228 3 10
23 24 241 3 11
40 43 252 3 12
64 59 261 3 13
90 72 268 3 14
118 81 273 3 15
152 89 277 3 16
193 94 280 3 17
223 94 281 3 18
254 93 280 3 19
286 88 277 3 20
328 80 272 3 21
364 65 263 3 22
389 50 256 3 23
412 33 245 3 24
427 10 233 3 25
434 -13 219 3 26
432 -37 205 3 27
421 -59 193 3 28
405 -78 183 3 29
382 -95 173 3 30
358 -107 166 3 31
331 -118 160 3 32
304 -126 156 3 33
275 -132 152 3 34
251 -134 152 3 35
