36
222 -120 128 3 0
194 -120 129 3 1
160 -117 131 3 2
130 -111 135 3 3
103 -104 141 3 4
79 -96 148 3 5
52 -84 159 3 6
30 -69 172 3 7
13 -51 187 3 8
6 -28 207 3 9
10 -7 225 3 10
23 11 241 3 11
40 27 254 3 12
64 40 266 3 13
90 51 275 3 14
118 58 281 3 15
152 65 287 3 16
193 69 290 3 17
223 69 291 3 18
254 68 290 3 19
286 64 287 3 20
328 57 280 3 21
364 45 269 3 22
389 33 260 3 23
412 18 247 3 24
427 0 231 3 25
434 -19 214 3 26
432 -40 196 3 27
421 -58 181 3 28
405 -73 168 3 29
382 -87 156 3 30
358 -97 147 3 31
331 -106 139 3 32
304 -113 134 3 33
275 -118 130 3 34
251 -120 129 3 35
