36
223 52 344 3 0
195 52 343 3 1
161 52 338 3 2
131 52 329 3 3
104 52 317 3 4
80 52 304 3 5
53 52 283 3 6
31 52 257 3 7
14 52 226 3 8
7 52 188 3 9
11 53 153 3 10
24 53 121 3 11
41 53 94 3 12
65 53 72 3 13
91 53 54 3 14
119 53 41 3 15
153 53 29 3 16
194 53 23 3 17
224 53 22 3 18
255 53 24 3 19
287 53 30 3 20
329 53 43 3 21
365 53 64 3 22
390 53 84 3 23
413 53 109 3 24
428 53 140 3 25
435 53 175 3 26
433 52 208 3 27
422 52 239 3 28
406 52 265 3 29
383 52 288 3 30
359 52 306 3 31
332 52 321 3 32
305 52 332 3 33
276 52 340 3 34
252 52 343 3 35
