36
221 -62 35 3 0
193 -62 36 3 1
159 -62 41 3 2
129 -61 49 3 3
102 -59 60 3 4
78 -58 72 3 5
51 -56 91 3 6
29 -54 115 3 7
12 -51 143 3 8
5 -47 178 3 9
9 -43 211 3 10
22 -40 241 3 11
39 -38 265 3 12
63 -35 286 3 13
89 -34 302 3 14
117 -32 314 3 15
151 -31 325 3 16
192 -31 330 3 17
222 -30 331 3 18
253 -31 330 3 19
285 -31 324 3 20
327 -32 312 3 21
363 -35 293 3 22
388 -37 275 3 23
411 -39 252 3 24
426 -42 223 3 25
433 -45 191 3 26
431 -49 160 3 27
420 -52 131 3 28
404 -54 108 3 29
381 -57 86 3 30
357 -58 70 3 31
330 -60 56 3 32
303 -61 46 3 33
274 -62 39 3 34
250 -62 36 3 35
