36
222 -140 160 3 0
194 -140 161 3 1
160 -136 162 3 2
130 -129 166 3 3
103 -119 170 3 4
79 -109 174 3 5
52 -94 182 3 6
30 -74 192 3 7
13 -51 203 3 8
6 -21 217 3 9
10 4 229 3 10
23 29 241 3 11
40 49 250 3 12
64 66 259 3 13
90 80 265 3 14
118 90 269 3 15
152 99 274 3 16
193 104 276 3 17
223 104 277 3 18
254 103 276 3 19
286 98 273 3 20
328 89 269 3 21
364 73 261 3 22
389 57 254 3 23
412 38 245 3 24
427 14 234 3 25
434 -10 221 3 26
432 -37 209 3 27
421 -60 198 3 28
405 -80 189 3 29
382 -98 180 3 30
358 -111 174 3 31
331 -123 168 3 32
304 -131 165 3 33
275 -137 162 3 34
251 -140 161 3 35
