36
221 -103 100 3 0
193 -102 101 3 1
159 -100 104 3 2
129 -96 109 3 3
102 -91 117 3 4
78 -85 125 3 5
51 -76 138 3 6
29 -64 155 3 7
12 -51 174 3 8
5 -33 198 3 9
9 -18 221 3 10
22 -4 241 3 11
39 7 258 3 12
63 17 272 3 13
89 25 283 3 14
117 31 291 3 15
151 36 298 3 16
192 39 302 3 17
222 39 303 3 18
253 38 302 3 19
285 35 298 3 20
327 30 290 3 21
363 21 276 3 22
388 12 264 3 23
411 1 248 3 24
426 -12 229 3 25
433 -27 207 3 26
431 -42 185 3 27
420 -56 166 3 28
404 -68 150 3 29
381 -78 135 3 30
357 -86 124 3 31
330 -92 114 3 32
303 -97 108 3 33
274 -101 102 3 34
250 -102 101 3 35
