36
221 -100 95 3 0
193 -99 96 3 1
159 -97 99 3 2
129 -93 105 3 3
102 -88 113 3 4
78 -83 121 3 5
51 -74 135 3 6
29 -63 152 3 7
12 -51 172 3 8
5 -34 197 3 9
9 -20 220 3 10
22 -6 241 3 11
39 4 258 3 12
63 13 273 3 13
89 21 284 3 14
117 26 292 3 15
151 31 300 3 16
192 34 304 3 17
222 34 305 3 18
253 33 304 3 19
285 31 300 3 20
327 25 291 3 21
363 17 278 3 22
388 8 265 3 23
411 -1 248 3 24
426 -14 228 3 25
433 -28 206 3 26
431 -43 184 3 27
420 -56 164 3 28
404 -67 147 3 29
381 -76 132 3 30
357 -84 120 3 31
330 -90 110 3 32
303 -95 103 3 33
274 -98 98 3 34
250 -99 96 3 35
