36
223 153 103 3 0
195 152 103 3 1
161 147 104 3 2
131 138 106 3 3
104 127 108 3 4
80 114 110 3 5
53 93 114 3 6
31 67 118 3 7
14 37 123 3 8
7 1 130 3 9
11 -35 136 3 10
24 -66 142 3 11
41 -93 147 3 12
65 -115 150 3 13
91 -132 154 3 14
119 -145 156 3 15
153 -157 158 3 16
194 -163 159 3 17
224 -164 159 3 18
255 -162 159 3 19
287 -156 158 3 20
329 -143 155 3 21
365 -123 152 3 22
390 -103 148 3 23
413 -78 144 3 24
428 -48 139 3 25
435 -13 132 3 26
433 19 127 3 27
422 50 121 3 28
406 75 117 3 29
383 98 113 3 30
359 116 110 3 31
332 131 107 3 32
305 141 105 3 33
276 149 104 3 34
252 152 103 3 35
