36
221 -59 30 3 0
193 -59 31 3 1
159 -59 36 3 2
129 -58 44 3 3
102 -57 56 3 4
78 -56 68 3 5
51 -55 88 3 6
29 -53 112 3 7
12 -51 141 3 8
5 -48 177 3 9
9 -45 211 3 10
22 -43 241 3 11
39 -41 266 3 12
63 -39 287 3 13
89 -38 303 3 14
117 -37 316 3 15
151 -36 327 3 16
192 -36 332 3 17
222 -35 333 3 18
253 -36 332 3 19
285 -36 326 3 20
327 -37 314 3 21
363 -39 294 3 22
388 -40 275 3 23
411 -42 252 3 24
426 -44 223 3 25
433 -47 190 3 26
431 -49 158 3 27
420 -51 129 3 28
404 -53 105 3 29
381 -55 83 3 30
357 -56 66 3 31
330 -57 52 3 32
303 -58 42 3 33
274 -59 34 3 34
250 -59 31 3 35
