36
221 -91 81 3 0
193 -91 82 3 1
159 -89 86 3 2
129 -86 92 3 3
102 -82 101 3 4
78 -77 110 3 5
51 -70 125 3 6
29 -61 143 3 7
12 -51 165 3 8
5 -37 192 3 9
9 -25 218 3 10
22 -14 241 3 11
39 -5 260 3 12
63 2 276 3 13
89 8 288 3 14
117 13 297 3 15
151 16 306 3 16
192 19 310 3 17
222 19 311 3 18
253 18 310 3 19
285 16 305 3 20
327 12 296 3 21
363 5 281 3 22
388 -2 267 3 23
411 -10 249 3 24
426 -21 227 3 25
433 -32 202 3 26
431 -44 178 3 27
420 -55 156 3 28
404 -64 138 3 29
381 -72 121 3 30
357 -78 108 3 31
330 -83 98 3 32
303 -87 90 3 33
274 -90 84 3 34
250 -91 82 3 35
