36
221 -97 91 3 0
193 -97 92 3 1
159 -95 95 3 2
129 -91 101 3 3
102 -86 109 3 4
78 -81 117 3 5
51 -73 132 3 6
29 -63 149 3 7
12 -51 170 3 8
5 -35 195 3 9
9 -22 219 3 10
22 -9 241 3 11
39 1 259 3 12
63 9 274 3 13
89 17 286 3 14
117 22 294 3 15
151 26 302 3 16
192 29 306 3 17
222 29 307 3 18
253 28 306 3 19
285 26 302 3 20
327 21 293 3 21
363 13 279 3 22
388 5 266 3 23
411 -4 249 3 24
426 -17 228 3 25
433 -30 205 3 26
431 -43 182 3 27
420 -55 161 3 28
404 -66 144 3 29
381 -75 128 3 30
357 -82 116 3 31
330 -88 106 3 32
303 -92 99 3 33
274 -95 93 3 34
250 -97 92 3 35
