36
221 -74 54 3 0
193 -74 55 3 1
159 -73 59 3 2
129 -71 66 3 3
102 -68 76 3 4
78 -66 87 3 5
51 -62 105 3 6
29 -57 126 3 7
12 -51 152 3 8
5 -43 184 3 9
9 -36 214 3 10
22 -30 241 3 11
39 -25 263 3 12
63 -20 282 3 13
89 -17 297 3 14
117 -14 307 3 15
151 -12 317 3 16
192 -11 322 3 17
222 -10 323 3 18
253 -11 322 3 19
285 -12 317 3 20
327 -14 306 3 21
363 -19 288 3 22
388 -23 272 3 23
411 -27 251 3 24
426 -34 225 3 25
433 -40 196 3 26
431 -47 167 3 27
420 -53 141 3 28
404 -58 120 3 29
381 -63 100 3 30
357 -66 85 3 31
330 -69 73 3 32
303 -71 64 3 33
274 -73 57 3 34
250 -74 55 3 35
