36
223 -141 89 3 0
195 -141 90 3 1
161 -137 94 3 2
131 -132 101 3 3
104 -124 110 3 4
80 -116 120 3 5
53 -102 136 3 6
31 -85 156 3 7
14 -65 180 3 8
7 -41 208 3 9
11 -18 235 3 10
24 2 260 3 11
41 19 281 3 12
65 33 298 3 13
91 45 311 3 14
119 53 321 3 15
153 61 330 3 16
194 65 335 3 17
224 65 336 3 18
255 64 334 3 19
287 60 330 3 20
329 52 320 3 21
365 38 304 3 22
390 25 288 3 23
413 9 269 3 24
428 -10 245 3 25
435 -32 219 3 26
433 -54 193 3 27
422 -74 170 3 28
406 -91 150 3 29
383 -105 132 3 30
359 -117 119 3 31
332 -127 107 3 32
305 -134 99 3 33
276 -139 92 3 34
252 -141 90 3 35
