36
223 -113 306 3 0
195 -112 306 3 1
161 -108 303 3 2
131 -100 299 3 3
104 -90 293 3 4
80 -79 286 3 5
53 -60 276 3 6
31 -38 263 3 7
14 -11 247 3 8
7 21 228 3 9
11 52 210 3 10
24 80 194 3 11
41 103 181 3 12
65 122 171 3 13
91 138 162 3 14
119 149 155 3 15
153 160 149 3 16
194 165 146 3 17
224 166 146 3 18
255 164 147 3 19
287 159 150 3 20
329 147 156 3 21
365 129 167 3 22
390 112 177 3 23
413 90 188 3 24
428 63 204 3 25
435 33 221 3 26
433 4 238 3 27
422 -22 254 3 28
406 -45 267 3 29
383 -65 278 3 30
359 -80 287 3 31
332 -93 295 3 32
305 -103 300 3 33
276 -110 304 3 34
252 -112 306 3 35
