36
223 -133 284 3 0
195 -132 284 3 1
161 -128 282 3 2
131 -119 279 3 3
104 -108 275 3 4
80 -96 270 3 5
53 -76 263 3 6
31 -51 254 3 7
14 -22 244 3 8
7 12 231 3 9
11 46 219 3 10
24 76 208 3 11
41 102 198 3 12
65 122 191 3 13
91 139 185 3 14
119 151 181 3 15
153 163 177 3 16
194 168 175 3 17
224 169 175 3 18
255 167 175 3 19
287 162 177 3 20
329 150 181 3 21
365 130 188 3 22
390 111 195 3 23
413 88 203 3 24
428 58 214 3 25
435 26 226 3 26
433 -5 238 3 27
422 -35 248 3 28
406 -59 257 3 29
383 -81 265 3 30
359 -98 271 3 31
332 -112 276 3 32
305 -122 280 3 33
276 -129 283 3 34
252 -132 284 3 35
