480
51 -22 334 1 0
56 -17 339 1 1
61 -12 344 1 2
66 -7 349 1 3
71 -2 354 1 4
76 2 359 1 5
81 7 364 1 6
86 12 369 1 7
91 17 374 1 8
96 22 379 1 9
71 -22 363 1 10
76 -17 368 1 11
81 -12 373 1 12
86 -7 378 1 13
91 -2 383 1 14
96 2 388 1 15
101 7 393 1 16
106 12 398 1 17
111 17 403 1 18
116 22 408 1 19
91 -22 334 1 20
96 -17 339 1 21
101 -12 344 1 22
106 -7 349 1 23
111 -2 354 1 24
116 2 359 1 25
121 7 364 1 26
126 12 369 1 27
131 17 374 1 28
136 22 379 1 29
111 -22 363 1 30
116 -17 368 1 31
121 -12 373 1 32
126 -7 378 1 33
131 -2 383 1 34
136 2 388 1 35
141 7 393 1 36
146 12 398 1 37
151 17 403 1 38
156 22 408 1 39
131 -22 334 1 40
136 -17 339 1 41
141 -12 344 1 42
146 -7 349 1 43
151 -2 354 1 44
156 2 359 1 45
161 7 364 1 46
166 12 369 1 47
171 17 374 1 48
176 22 379 1 49
151 -22 363 1 50
156 -17 368 1 51
161 -12 373 1 52
166 -7 378 1 53
171 -2 383 1 54
176 2 388 1 55
181 7 393 1 56
186 12 398 1 57
191 17 403 1 58
196 22 408 1 59
171 -22 334 1 60
176 -17 339 1 61
181 -12 344 1 62
186 -7 349 1 63
191 -2 354 1 64
196 2 359 1 65
201 7 364 1 66
206 12 369 1 67
211 17 374 1 68
216 22 379 1 69
191 -22 363 1 70
196 -17 368 1 71
201 -12 373 1 72
206 -7 378 1 73
211 -2 383 1 74
216 2 388 1 75
221 7 393 1 76
226 12 398 1 77
231 17 403 1 78
236 22 408 1 79
211 -22 334 1 80
216 -17 339 1 81
221 -12 344 1 82
226 -7 349 1 83
231 -2 354 1 84
236 2 359 1 85
241 7 364 1 86
246 12 369 1 87
251 17 374 1 88
256 22 379 1 89
231 -22 363 1 90
236 -17 368 1 91
241 -12 373 1 92
246 -7 378 1 93
251 -2 383 1 94
256 2 388 1 95
261 7 393 1 96
266 12 398 1 97
271 17 403 1 98
276 22 408 1 99
251 -22 334 1 100
256 -17 339 1 101
261 -12 344 1 102
266 -7 349 1 103
271 -2 354 1 104
276 2 359 1 105
281 7 364 1 106
286 12 369 1 107
291 17 374 1 108
296 22 379 1 109
271 -22 363 1 110
276 -17 368 1 111
281 -12 373 1 112
286 -7 378 1 113
291 -2 383 1 114
296 2 388 1 115
301 7 393 1 116
306 12 398 1 117
311 17 403 1 118
316 22 408 1 119
291 -22 334 1 120
296 -17 339 1 121
301 -12 344 1 122
306 -7 349 1 123
311 -2 354 1 124
316 2 359 1 125
321 7 364 1 126
326 12 369 1 127
331 17 374 1 128
336 22 379 1 129
311 -22 363 1 130
316 -17 368 1 131
321 -12 373 1 132
326 -7 378 1 133
331 -2 383 1 134
336 2 388 1 135
341 7 393 1 136
346 12 398 1 137
351 17 403 1 138
356 22 408 1 139
331 -22 334 1 140
336 -17 339 1 141
341 -12 344 1 142
346 -7 349 1 143
351 -2 354 1 144
356 2 359 1 145
361 7 364 1 146
366 12 369 1 147
371 17 374 1 148
376 22 379 1 149
351 -22 363 1 150
356 -17 368 1 151
361 -12 373 1 152
366 -7 378 1 153
371 -2 383 1 154
376 2 388 1 155
381 7 393 1 156
386 12 398 1 157
391 17 403 1 158
396 22 408 1 159
45 -22 405 2 160
50 -17 410 2 161
55 -12 415 2 162
60 -7 420 2 163
65 -2 425 2 164
70 2 430 2 165
75 7 435 2 166
80 12 440 2 167
85 17 445 2 168
90 22 450 2 169
65 -22 434 2 170
70 -17 439 2 171
75 -12 444 2 172
80 -7 449 2 173
85 -2 454 2 174
90 2 459 2 175
95 7 464 2 176
100 12 469 2 177
105 17 474 2 178
110 22 479 2 179
85 -22 405 2 180
90 -17 410 2 181
95 -12 415 2 182
100 -7 420 2 183
105 -2 425 2 184
110 2 430 2 185
115 7 435 2 186
120 12 440 2 187
125 17 445 2 188
130 22 450 2 189
105 -22 434 2 190
110 -17 439 2 191
115 -12 444 2 192
120 -7 449 2 193
125 -2 454 2 194
130 2 459 2 195
135 7 464 2 196
140 12 469 2 197
145 17 474 2 198
150 22 479 2 199
125 -22 405 2 200
130 -17 410 2 201
135 -12 415 2 202
140 -7 420 2 203
145 -2 425 2 204
150 2 430 2 205
155 7 435 2 206
160 12 440 2 207
165 17 445 2 208
170 22 450 2 209
145 -22 434 2 210
150 -17 439 2 211
155 -12 444 2 212
160 -7 449 2 213
165 -2 454 2 214
170 2 459 2 215
175 7 464 2 216
180 12 469 2 217
185 17 474 2 218
190 22 479 2 219
165 -22 405 2 220
170 -17 410 2 221
175 -12 415 2 222
180 -7 420 2 223
185 -2 425 2 224
190 2 430 2 225
195 7 435 2 226
200 12 440 2 227
205 17 445 2 228
210 22 450 2 229
185 -22 434 2 230
190 -17 439 2 231
195 -12 444 2 232
200 -7 449 2 233
205 -2 454 2 234
210 2 459 2 235
215 7 464 2 236
220 12 469 2 237
225 17 474 2 238
230 22 479 2 239
205 -22 405 2 240
210 -17 410 2 241
215 -12 415 2 242
220 -7 420 2 243
225 -2 425 2 244
230 2 430 2 245
235 7 435 2 246
240 12 440 2 247
245 17 445 2 248
250 22 450 2 249
225 -22 434 2 250
230 -17 439 2 251
235 -12 444 2 252
240 -7 449 2 253
245 -2 454 2 254
250 2 459 2 255
255 7 464 2 256
260 12 469 2 257
265 17 474 2 258
270 22 479 2 259
245 -22 405 2 260
250 -17 410 2 261
255 -12 415 2 262
260 -7 420 2 263
265 -2 425 2 264
270 2 430 2 265
275 7 435 2 266
280 12 440 2 267
285 17 445 2 268
290 22 450 2 269
265 -22 434 2 270
270 -17 439 2 271
275 -12 444 2 272
280 -7 449 2 273
285 -2 454 2 274
290 2 459 2 275
295 7 464 2 276
300 12 469 2 277
305 17 474 2 278
310 22 479 2 279
285 -22 405 2 280
290 -17 410 2 281
295 -12 415 2 282
300 -7 420 2 283
305 -2 425 2 284
310 2 430 2 285
315 7 435 2 286
320 12 440 2 287
325 17 445 2 288
330 22 450 2 289
305 -22 434 2 290
310 -17 439 2 291
315 -12 444 2 292
320 -7 449 2 293
325 -2 454 2 294
330 2 459 2 295
335 7 464 2 296
340 12 469 2 297
345 17 474 2 298
350 22 479 2 299
325 -22 405 2 300
330 -17 410 2 301
335 -12 415 2 302
340 -7 420 2 303
345 -2 425 2 304
350 2 430 2 305
355 7 435 2 306
360 12 440 2 307
365 17 445 2 308
370 22 450 2 309
345 -22 434 2 310
350 -17 439 2 311
355 -12 444 2 312
360 -7 449 2 313
365 -2 454 2 314
370 2 459 2 315
375 7 464 2 316
380 12 469 2 317
385 17 474 2 318
390 22 479 2 319
39 -22 476 14 320
44 -17 481 14 321
49 -12 486 14 322
54 -7 491 14 323
59 -2 496 14 324
64 2 501 14 325
69 7 506 14 326
74 12 511 14 327
79 17 516 14 328
84 22 521 14 329
59 -22 505 14 330
64 -17 510 14 331
69 -12 515 14 332
74 -7 520 14 333
79 -2 525 14 334
84 2 530 14 335
89 7 535 14 336
94 12 540 14 337
99 17 545 14 338
104 22 550 14 339
79 -22 476 14 340
84 -17 481 14 341
89 -12 486 14 342
94 -7 491 14 343
99 -2 496 14 344
104 2 501 14 345
109 7 506 14 346
114 12 511 14 347
119 17 516 14 348
124 22 521 14 349
99 -22 505 14 350
104 -17 510 14 351
109 -12 515 14 352
114 -7 520 14 353
119 -2 525 14 354
124 2 530 14 355
129 7 535 14 356
134 12 540 14 357
139 17 545 14 358
144 22 550 14 359
119 -22 476 14 360
124 -17 481 14 361
129 -12 486 14 362
134 -7 491 14 363
139 -2 496 14 364
144 2 501 14 365
149 7 506 14 366
154 12 511 14 367
159 17 516 14 368
164 22 521 14 369
139 -22 505 14 370
144 -17 510 14 371
149 -12 515 14 372
154 -7 520 14 373
159 -2 525 14 374
164 2 530 14 375
169 7 535 14 376
174 12 540 14 377
179 17 545 14 378
184 22 550 14 379
159 -22 476 14 380
164 -17 481 14 381
169 -12 486 14 382
174 -7 491 14 383
179 -2 496 14 384
184 2 501 14 385
189 7 506 14 386
194 12 511 14 387
199 17 516 14 388
204 22 521 14 389
179 -22 505 14 390
184 -17 510 14 391
189 -12 515 14 392
194 -7 520 14 393
199 -2 525 14 394
204 2 530 14 395
209 7 535 14 396
214 12 540 14 397
219 17 545 14 398
224 22 550 14 399
199 -22 476 14 400
204 -17 481 14 401
209 -12 486 14 402
214 -7 491 14 403
219 -2 496 14 404
224 2 501 14 405
229 7 506 14 406
234 12 511 14 407
239 17 516 14 408
244 22 521 14 409
219 -22 505 14 410
224 -17 510 14 411
229 -12 515 14 412
234 -7 520 14 413
239 -2 525 14 414
244 2 530 14 415
249 7 535 14 416
254 12 540 14 417
259 17 545 14 418
264 22 550 14 419
239 -22 476 14 420
244 -17 481 14 421
249 -12 486 14 422
254 -7 491 14 423
259 -2 496 14 424
264 2 501 14 425
269 7 506 14 426
274 12 511 14 427
279 17 516 14 428
284 22 521 14 429
259 -22 505 14 430
264 -17 510 14 431
269 -12 515 14 432
274 -7 520 14 433
279 -2 525 14 434
284 2 530 14 435
289 7 535 14 436
294 12 540 14 437
299 17 545 14 438
304 22 550 14 439
279 -22 476 14 440
284 -17 481 14 441
289 -12 486 14 442
294 -7 491 14 443
299 -2 496 14 444
304 2 501 14 445
309 7 506 14 446
314 12 511 14 447
319 17 516 14 448
324 22 521 14 449
299 -22 505 14 450
304 -17 510 14 451
309 -12 515 14 452
314 -7 520 14 453
319 -2 525 14 454
324 2 530 14 455
329 7 535 14 456
334 12 540 14 457
339 17 545 14 458
344 22 550 14 459
319 -22 476 14 460
324 -17 481 14 461
329 -12 486 14 462
334 -7 491 14 463
339 -2 496 14 464
344 2 501 14 465
349 7 506 14 466
354 12 511 14 467
359 17 516 14 468
364 22 521 14 469
339 -22 505 14 470
344 -17 510 14 471
349 -12 515 14 472
354 -7 520 14 473
359 -2 525 14 474
364 2 530 14 475
369 7 535 14 476
374 12 540 14 477
379 17 545 14 478
384 22 550 14 479
