480
51 -22 309 1 0
56 -17 314 1 1
61 -12 319 1 2
66 -7 324 1 3
71 -2 329 1 4
76 2 334 1 5
81 7 339 1 6
86 12 344 1 7
91 17 349 1 8
96 22 354 1 9
71 -22 335 1 10
76 -17 340 1 11
81 -12 345 1 12
86 -7 350 1 13
91 -2 355 1 14
96 2 360 1 15
101 7 365 1 16
106 12 370 1 17
111 17 375 1 18
116 22 380 1 19
91 -22 309 1 20
96 -17 314 1 21
101 -12 319 1 22
106 -7 324 1 23
111 -2 329 1 24
116 2 334 1 25
121 7 339 1 26
126 12 344 1 27
131 17 349 1 28
136 22 354 1 29
111 -22 335 1 30
116 -17 340 1 31
121 -12 345 1 32
126 -7 350 1 33
131 -2 355 1 34
136 2 360 1 35
141 7 365 1 36
146 12 370 1 37
151 17 375 1 38
156 22 380 1 39
131 -22 309 1 40
136 -17 314 1 41
141 -12 319 1 42
146 -7 324 1 43
151 -2 329 1 44
156 2 334 1 45
161 7 339 1 46
166 12 344 1 47
171 17 349 1 48
176 22 354 1 49
151 -22 335 1 50
156 -17 340 1 51
161 -12 345 1 52
166 -7 350 1 53
171 -2 355 1 54
176 2 360 1 55
181 7 365 1 56
186 12 370 1 57
191 17 375 1 58
196 22 380 1 59
171 -22 309 1 60
176 -17 314 1 61
181 -12 319 1 62
186 -7 324 1 63
191 -2 329 1 64
196 2 334 1 65
201 7 339 1 66
206 12 344 1 67
211 17 349 1 68
216 22 354 1 69
191 -22 335 1 70
196 -17 340 1 71
201 -12 345 1 72
206 -7 350 1 73
211 -2 355 1 74
216 2 360 1 75
221 7 365 1 76
226 12 370 1 77
231 17 375 1 78
236 22 380 1 79
211 -22 309 1 80
216 -17 314 1 81
221 -12 319 1 82
226 -7 324 1 83
231 -2 329 1 84
236 2 334 1 85
241 7 339 1 86
246 12 344 1 87
251 17 349 1 88
256 22 354 1 89
231 -22 335 1 90
236 -17 340 1 91
241 -12 345 1 92
246 -7 350 1 93
251 -2 355 1 94
256 2 360 1 95
261 7 365 1 96
266 12 370 1 97
271 17 375 1 98
276 22 380 1 99
251 -22 309 1 100
256 -17 314 1 101
261 -12 319 1 102
266 -7 324 1 103
271 -2 329 1 104
276 2 334 1 105
281 7 339 1 106
286 12 344 1 107
291 17 349 1 108
296 22 354 1 109
271 -22 335 1 110
276 -17 340 1 111
281 -12 345 1 112
286 -7 350 1 113
291 -2 355 1 114
296 2 360 1 115
301 7 365 1 116
306 12 370 1 117
311 17 375 1 118
316 22 380 1 119
291 -22 309 1 120
296 -17 314 1 121
301 -12 319 1 122
306 -7 324 1 123
311 -2 329 1 124
316 2 334 1 125
321 7 339 1 126
326 12 344 1 127
331 17 349 1 128
336 22 354 1 129
311 -22 335 1 130
316 -17 340 1 131
321 -12 345 1 132
326 -7 350 1 133
331 -2 355 1 134
336 2 360 1 135
341 7 365 1 136
346 12 370 1 137
351 17 375 1 138
356 22 380 1 139
331 -22 309 1 140
336 -17 314 1 141
341 -12 319 1 142
346 -7 324 1 143
351 -2 329 1 144
356 2 334 1 145
361 7 339 1 146
366 12 344 1 147
371 17 349 1 148
376 22 354 1 149
351 -22 335 1 150
356 -17 340 1 151
361 -12 345 1 152
366 -7 350 1 153
371 -2 355 1 154
376 2 360 1 155
381 7 365 1 156
386 12 370 1 157
391 17 375 1 158
396 22 380 1 159
45 -22 377 2 160
50 -17 382 2 161
55 -12 387 2 162
60 -7 392 2 163
65 -2 397 2 164
70 2 402 2 165
75 7 407 2 166
80 12 412 2 167
85 17 417 2 168
90 22 422 2 169
65 -22 403 2 170
70 -17 408 2 171
75 -12 413 2 172
80 -7 418 2 173
85 -2 423 2 174
90 2 428 2 175
95 7 433 2 176
100 12 438 2 177
105 17 443 2 178
110 22 448 2 179
85 -22 377 2 180
90 -17 382 2 181
95 -12 387 2 182
100 -7 392 2 183
105 -2 397 2 184
110 2 402 2 185
115 7 407 2 186
120 12 412 2 187
125 17 417 2 188
130 22 422 2 189
105 -22 403 2 190
110 -17 408 2 191
115 -12 413 2 192
120 -7 418 2 193
125 -2 423 2 194
130 2 428 2 195
135 7 433 2 196
140 12 438 2 197
145 17 443 2 198
150 22 448 2 199
125 -22 377 2 200
130 -17 382 2 201
135 -12 387 2 202
140 -7 392 2 203
145 -2 397 2 204
150 2 402 2 205
155 7 407 2 206
160 12 412 2 207
165 17 417 2 208
170 22 422 2 209
145 -22 403 2 210
150 -17 408 2 211
155 -12 413 2 212
160 -7 418 2 213
165 -2 423 2 214
170 2 428 2 215
175 7 433 2 216
180 12 438 2 217
185 17 443 2 218
190 22 448 2 219
165 -22 377 2 220
170 -17 382 2 221
175 -12 387 2 222
180 -7 392 2 223
185 -2 397 2 224
190 2 402 2 225
195 7 407 2 226
200 12 412 2 227
205 17 417 2 228
210 22 422 2 229
185 -22 403 2 230
190 -17 408 2 231
195 -12 413 2 232
200 -7 418 2 233
205 -2 423 2 234
210 2 428 2 235
215 7 433 2 236
220 12 438 2 237
225 17 443 2 238
230 22 448 2 239
205 -22 377 2 240
210 -17 382 2 241
215 -12 387 2 242
220 -7 392 2 243
225 -2 397 2 244
230 2 402 2 245
235 7 407 2 246
240 12 412 2 247
245 17 417 2 248
250 22 422 2 249
225 -22 403 2 250
230 -17 408 2 251
235 -12 413 2 252
240 -7 418 2 253
245 -2 423 2 254
250 2 428 2 255
255 7 433 2 256
260 12 438 2 257
265 17 443 2 258
270 22 448 2 259
245 -22 377 2 260
250 -17 382 2 261
255 -12 387 2 262
260 -7 392 2 263
265 -2 397 2 264
270 2 402 2 265
275 7 407 2 266
280 12 412 2 267
285 17 417 2 268
290 22 422 2 269
265 -22 403 2 270
270 -17 408 2 271
275 -12 413 2 272
280 -7 418 2 273
285 -2 423 2 274
290 2 428 2 275
295 7 433 2 276
300 12 438 2 277
305 17 443 2 278
310 22 448 2 279
285 -22 377 2 280
290 -17 382 2 281
295 -12 387 2 282
300 -7 392 2 283
305 -2 397 2 284
310 2 402 2 285
315 7 407 2 286
320 12 412 2 287
325 17 417 2 288
330 22 422 2 289
305 -22 403 2 290
310 -17 408 2 291
315 -12 413 2 292
320 -7 418 2 293
325 -2 423 2 294
330 2 428 2 295
335 7 433 2 296
340 12 438 2 297
345 17 443 2 298
350 22 448 2 299
325 -22 377 2 300
330 -17 382 2 301
335 -12 387 2 302
340 -7 392 2 303
345 -2 397 2 304
350 2 402 2 305
355 7 407 2 306
360 12 412 2 307
365 17 417 2 308
370 22 422 2 309
345 -22 403 2 310
350 -17 408 2 311
355 -12 413 2 312
360 -7 418 2 313
365 -2 423 2 314
370 2 428 2 315
375 7 433 2 316
380 12 438 2 317
385 17 443 2 318
390 22 448 2 319
39 -22 445 14 320
44 -17 450 14 321
49 -12 455 14 322
54 -7 460 14 323
59 -2 465 14 324
64 2 470 14 325
69 7 475 14 326
74 12 480 14 327
79 17 485 14 328
84 22 490 14 329
59 -22 471 14 330
64 -17 476 14 331
69 -12 481 14 332
74 -7 486 14 333
79 -2 491 14 334
84 2 496 14 335
89 7 501 14 336
94 12 506 14 337
99 17 511 14 338
104 22 516 14 339
79 -22 445 14 340
84 -17 450 14 341
89 -12 455 14 342
94 -7 460 14 343
99 -2 465 14 344
104 2 470 14 345
109 7 475 14 346
114 12 480 14 347
119 17 485 14 348
124 22 490 14 349
99 -22 471 14 350
104 -17 476 14 351
109 -12 481 14 352
114 -7 486 14 353
119 -2 491 14 354
124 2 496 14 355
129 7 501 14 356
134 12 506 14 357
139 17 511 14 358
144 22 516 14 359
119 -22 445 14 360
124 -17 450 14 361
129 -12 455 14 362
134 -7 460 14 363
139 -2 465 14 364
144 2 470 14 365
149 7 475 14 366
154 12 480 14 367
159 17 485 14 368
164 22 490 14 369
139 -22 471 14 370
144 -17 476 14 371
149 -12 481 14 372
154 -7 486 14 373
159 -2 491 14 374
164 2 496 14 375
169 7 501 14 376
174 12 506 14 377
179 17 511 14 378
184 22 516 14 379
159 -22 445 14 380
164 -17 450 14 381
169 -12 455 14 382
174 -7 460 14 383
179 -2 465 14 384
184 2 470 14 385
189 7 475 14 386
194 12 480 14 387
199 17 485 14 388
204 22 490 14 389
179 -22 471 14 390
184 -17 476 14 391
189 -12 481 14 392
194 -7 486 14 393
199 -2 491 14 394
204 2 496 14 395
209 7 501 14 396
214 12 506 14 397
219 17 511 14 398
224 22 516 14 399
199 -22 445 14 400
204 -17 450 14 401
209 -12 455 14 402
214 -7 460 14 403
219 -2 465 14 404
224 2 470 14 405
229 7 475 14 406
234 12 480 14 407
239 17 485 14 408
244 22 490 14 409
219 -22 471 14 410
224 -17 476 14 411
229 -12 481 14 412
234 -7 486 14 413
239 -2 491 14 414
244 2 496 14 415
249 7 501 14 416
254 12 506 14 417
259 17 511 14 418
264 22 516 14 419
239 -22 445 14 420
244 -17 450 14 421
249 -12 455 14 422
254 -7 460 14 423
259 -2 465 14 424
264 2 470 14 425
269 7 475 14 426
274 12 480 14 427
279 17 485 14 428
284 22 490 14 429
259 -22 471 14 430
264 -17 476 14 431
269 -12 481 14 432
274 -7 486 14 433
279 -2 491 14 434
284 2 496 14 435
289 7 501 14 436
294 12 506 14 437
299 17 511 14 438
304 22 516 14 439
279 -22 445 14 440
284 -17 450 14 441
289 -12 455 14 442
294 -7 460 14 443
299 -2 465 14 444
304 2 470 14 445
309 7 475 14 446
314 12 480 14 447
319 17 485 14 448
324 22 490 14 449
299 -22 471 14 450
304 -17 476 14 451
309 -12 481 14 452
314 -7 486 14 453
319 -2 491 14 454
324 2 496 14 455
329 7 501 14 456
334 12 506 14 457
339 17 511 14 458
344 22 516 14 459
319 -22 445 14 460
324 -17 450 14 461
329 -12 455 14 462
334 -7 460 14 463
339 -2 465 14 464
344 2 470 14 465
349 7 475 14 466
354 12 480 14 467
359 17 485 14 468
364 22 490 14 469
339 -22 471 14 470
344 -17 476 14 471
349 -12 481 14 472
354 -7 486 14 473
359 -2 491 14 474
364 2 496 14 475
369 7 501 14 476
374 12 506 14 477
379 17 511 14 478
384 22 516 14 479
