480
51 -22 394 1 0
56 -17 399 1 1
61 -12 404 1 2
66 -7 409 1 3
71 -2 414 1 4
76 2 419 1 5
81 7 424 1 6
86 12 429 1 7
91 17 434 1 8
96 22 439 1 9
71 -22 432 1 10
76 -17 437 1 11
81 -12 442 1 12
86 -7 447 1 13
91 -2 452 1 14
96 2 457 1 15
101 7 462 1 16
106 12 467 1 17
111 17 472 1 18
116 22 477 1 19
91 -22 394 1 20
96 -17 399 1 21
101 -12 404 1 22
106 -7 409 1 23
111 -2 414 1 24
116 2 419 1 25
121 7 424 1 26
126 12 429 1 27
131 17 434 1 28
136 22 439 1 29
111 -22 432 1 30
116 -17 437 1 31
121 -12 442 1 32
126 -7 447 1 33
131 -2 452 1 34
136 2 457 1 35
141 7 462 1 36
146 12 467 1 37
151 17 472 1 38
156 22 477 1 39
131 -22 394 1 40
136 -17 399 1 41
141 -12 404 1 42
146 -7 409 1 43
151 -2 414 1 44
156 2 419 1 45
161 7 424 1 46
166 12 429 1 47
171 17 434 1 48
176 22 439 1 49
151 -22 432 1 50
156 -17 437 1 51
161 -12 442 1 52
166 -7 447 1 53
171 -2 452 1 54
176 2 457 1 55
181 7 462 1 56
186 12 467 1 57
191 17 472 1 58
196 22 477 1 59
171 -22 394 1 60
176 -17 399 1 61
181 -12 404 1 62
186 -7 409 1 63
191 -2 414 1 64
196 2 419 1 65
201 7 424 1 66
206 12 429 1 67
211 17 434 1 68
216 22 439 1 69
191 -22 432 1 70
196 -17 437 1 71
201 -12 442 1 72
206 -7 447 1 73
211 -2 452 1 74
216 2 457 1 75
221 7 462 1 76
226 12 467 1 77
231 17 472 1 78
236 22 477 1 79
211 -22 394 1 80
216 -17 399 1 81
221 -12 404 1 82
226 -7 409 1 83
231 -2 414 1 84
236 2 419 1 85
241 7 424 1 86
246 12 429 1 87
251 17 434 1 88
256 22 439 1 89
231 -22 432 1 90
236 -17 437 1 91
241 -12 442 1 92
246 -7 447 1 93
251 -2 452 1 94
256 2 457 1 95
261 7 462 1 96
266 12 467 1 97
271 17 472 1 98
276 22 477 1 99
251 -22 394 1 100
256 -17 399 1 101
261 -12 404 1 102
266 -7 409 1 103
271 -2 414 1 104
276 2 419 1 105
281 7 424 1 106
286 12 429 1 107
291 17 434 1 108
296 22 439 1 109
271 -22 432 1 110
276 -17 437 1 111
281 -12 442 1 112
286 -7 447 1 113
291 -2 452 1 114
296 2 457 1 115
301 7 462 1 116
306 12 467 1 117
311 17 472 1 118
316 22 477 1 119
291 -22 394 1 120
296 -17 399 1 121
301 -12 404 1 122
306 -7 409 1 123
311 -2 414 1 124
316 2 419 1 125
321 7 424 1 126
326 12 429 1 127
331 17 434 1 128
336 22 439 1 129
311 -22 432 1 130
316 -17 437 1 131
321 -12 442 1 132
326 -7 447 1 133
331 -2 452 1 134
336 2 457 1 135
341 7 462 1 136
346 12 467 1 137
351 17 472 1 138
356 22 477 1 139
331 -22 394 1 140
336 -17 399 1 141
341 -12 404 1 142
346 -7 409 1 143
351 -2 414 1 144
356 2 419 1 145
361 7 424 1 146
366 12 429 1 147
371 17 434 1 148
376 22 439 1 149
351 -22 432 1 150
356 -17 437 1 151
361 -12 442 1 152
366 -7 447 1 153
371 -2 452 1 154
376 2 457 1 155
381 7 462 1 156
386 12 467 1 157
391 17 472 1 158
396 22 477 1 159
45 -22 474 2 160
50 -17 479 2 161
55 -12 484 2 162
60 -7 489 2 163
65 -2 494 2 164
70 2 499 2 165
75 7 504 2 166
80 12 509 2 167
85 17 514 2 168
90 22 519 2 169
65 -22 511 2 170
70 -17 516 2 171
75 -12 521 2 172
80 -7 526 2 173
85 -2 531 2 174
90 2 536 2 175
95 7 541 2 176
100 12 546 2 177
105 17 551 2 178
110 22 556 2 179
85 -22 474 2 180
90 -17 479 2 181
95 -12 484 2 182
100 -7 489 2 183
105 -2 494 2 184
110 2 499 2 185
115 7 504 2 186
120 12 509 2 187
125 17 514 2 188
130 22 519 2 189
105 -22 511 2 190
110 -17 516 2 191
115 -12 521 2 192
120 -7 526 2 193
125 -2 531 2 194
130 2 536 2 195
135 7 541 2 196
140 12 546 2 197
145 17 551 2 198
150 22 556 2 199
125 -22 474 2 200
130 -17 479 2 201
135 -12 484 2 202
140 -7 489 2 203
145 -2 494 2 204
150 2 499 2 205
155 7 504 2 206
160 12 509 2 207
165 17 514 2 208
170 22 519 2 209
145 -22 511 2 210
150 -17 516 2 211
155 -12 521 2 212
160 -7 526 2 213
165 -2 531 2 214
170 2 536 2 215
175 7 541 2 216
180 12 546 2 217
185 17 551 2 218
190 22 556 2 219
165 -22 474 2 220
170 -17 479 2 221
175 -12 484 2 222
180 -7 489 2 223
185 -2 494 2 224
190 2 499 2 225
195 7 504 2 226
200 12 509 2 227
205 17 514 2 228
210 22 519 2 229
185 -22 511 2 230
190 -17 516 2 231
195 -12 521 2 232
200 -7 526 2 233
205 -2 531 2 234
210 2 536 2 235
215 7 541 2 236
220 12 546 2 237
225 17 551 2 238
230 22 556 2 239
205 -22 474 2 240
210 -17 479 2 241
215 -12 484 2 242
220 -7 489 2 243
225 -2 494 2 244
230 2 499 2 245
235 7 504 2 246
240 12 509 2 247
245 17 514 2 248
250 22 519 2 249
225 -22 511 2 250
230 -17 516 2 251
235 -12 521 2 252
240 -7 526 2 253
245 -2 531 2 254
250 2 536 2 255
255 7 541 2 256
260 12 546 2 257
265 17 551 2 258
270 22 556 2 259
245 -22 474 2 260
250 -17 479 2 261
255 -12 484 2 262
260 -7 489 2 263
265 -2 494 2 264
270 2 499 2 265
275 7 504 2 266
280 12 509 2 267
285 17 514 2 268
290 22 519 2 269
265 -22 511 2 270
270 -17 516 2 271
275 -12 521 2 272
280 -7 526 2 273
285 -2 531 2 274
290 2 536 2 275
295 7 541 2 276
300 12 546 2 277
305 17 551 2 278
310 22 556 2 279
285 -22 474 2 280
290 -17 479 2 281
295 -12 484 2 282
300 -7 489 2 283
305 -2 494 2 284
310 2 499 2 285
315 7 504 2 286
320 12 509 2 287
325 17 514 2 288
330 22 519 2 289
305 -22 511 2 290
310 -17 516 2 291
315 -12 521 2 292
320 -7 526 2 293
325 -2 531 2 294
330 2 536 2 295
335 7 541 2 296
340 12 546 2 297
345 17 551 2 298
350 22 556 2 299
325 -22 474 2 300
330 -17 479 2 301
335 -12 484 2 302
340 -7 489 2 303
345 -2 494 2 304
350 2 499 2 305
355 7 504 2 306
360 12 509 2 307
365 17 514 2 308
370 22 519 2 309
345 -22 511 2 310
350 -17 516 2 311
355 -12 521 2 312
360 -7 526 2 313
365 -2 531 2 314
370 2 536 2 315
375 7 541 2 316
380 12 546 2 317
385 17 551 2 318
390 22 556 2 319
39 -22 553 14 320
44 -17 558 14 321
49 -12 563 14 322
54 -7 568 14 323
59 -2 573 14 324
64 2 578 14 325
69 7 583 14 326
74 12 588 14 327
79 17 593 14 328
84 22 598 14 329
59 -22 590 14 330
64 -17 595 14 331
69 -12 600 14 332
74 -7 605 14 333
79 -2 610 14 334
84 2 615 14 335
89 7 620 14 336
94 12 625 14 337
99 17 630 14 338
104 22 635 14 339
79 -22 553 14 340
84 -17 558 14 341
89 -12 563 14 342
94 -7 568 14 343
99 -2 573 14 344
104 2 578 14 345
109 7 583 14 346
114 12 588 14 347
119 17 593 14 348
124 22 598 14 349
99 -22 590 14 350
104 -17 595 14 351
109 -12 600 14 352
114 -7 605 14 353
119 -2 610 14 354
124 2 615 14 355
129 7 620 14 356
134 12 625 14 357
139 17 630 14 358
144 22 635 14 359
119 -22 553 14 360
124 -17 558 14 361
129 -12 563 14 362
134 -7 568 14 363
139 -2 573 14 364
144 2 578 14 365
149 7 583 14 366
154 12 588 14 367
159 17 593 14 368
164 22 598 14 369
139 -22 590 14 370
144 -17 595 14 371
149 -12 600 14 372
154 -7 605 14 373
159 -2 610 14 374
164 2 615 14 375
169 7 620 14 376
174 12 625 14 377
179 17 630 14 378
184 22 635 14 379
159 -22 553 14 380
164 -17 558 14 381
169 -12 563 14 382
174 -7 568 14 383
179 -2 573 14 384
184 2 578 14 385
189 7 583 14 386
194 12 588 14 387
199 17 593 14 388
204 22 598 14 389
179 -22 590 14 390
184 -17 595 14 391
189 -12 600 14 392
194 -7 605 14 393
199 -2 610 14 394
204 2 615 14 395
209 7 620 14 396
214 12 625 14 397
219 17 630 14 398
224 22 635 14 399
199 -22 553 14 400
204 -17 558 14 401
209 -12 563 14 402
214 -7 568 14 403
219 -2 573 14 404
224 2 578 14 405
229 7 583 14 406
234 12 588 14 407
239 17 593 14 408
244 22 598 14 409
219 -22 590 14 410
224 -17 595 14 411
229 -12 600 14 412
234 -7 605 14 413
239 -2 610 14 414
244 2 615 14 415
249 7 620 14 416
254 12 625 14 417
259 17 630 14 418
264 22 635 14 419
239 -22 553 14 420
244 -17 558 14 421
249 -12 563 14 422
254 -7 568 14 423
259 -2 573 14 424
264 2 578 14 425
269 7 583 14 426
274 12 588 14 427
279 17 593 14 428
284 22 598 14 429
259 -22 590 14 430
264 -17 595 14 431
269 -12 600 14 432
274 -7 605 14 433
279 -2 610 14 434
284 2 615 14 435
289 7 620 14 436
294 12 625 14 437
299 17 630 14 438
304 22 635 14 439
279 -22 553 14 440
284 -17 558 14 441
289 -12 563 14 442
294 -7 568 14 443
299 -2 573 14 444
304 2 578 14 445
309 7 583 14 446
314 12 588 14 447
319 17 593 14 448
324 22 598 14 449
299 -22 590 14 450
304 -17 595 14 451
309 -12 600 14 452
314 -7 605 14 453
319 -2 610 14 454
324 2 615 14 455
329 7 620 14 456
334 12 625 14 457
339 17 630 14 458
344 22 635 14 459
319 -22 553 14 460
324 -17 558 14 461
329 -12 563 14 462
334 -7 568 14 463
339 -2 573 14 464
344 2 578 14 465
349 7 583 14 466
354 12 588 14 467
359 17 593 14 468
364 22 598 14 469
339 -22 590 14 470
344 -17 595 14 471
349 -12 600 14 472
354 -7 605 14 473
359 -2 610 14 474
364 2 615 14 475
369 7 620 14 476
374 12 625 14 477
379 17 630 14 478
384 22 635 14 479
