480
51 -22 312 1 0
56 -17 317 1 1
61 -12 322 1 2
66 -7 327 1 3
71 -2 332 1 4
76 2 337 1 5
81 7 342 1 6
86 12 347 1 7
91 17 352 1 8
96 22 357 1 9
71 -22 338 1 10
76 -17 343 1 11
81 -12 348 1 12
86 -7 353 1 13
91 -2 358 1 14
96 2 363 1 15
101 7 368 1 16
106 12 373 1 17
111 17 378 1 18
116 22 383 1 19
91 -22 312 1 20
96 -17 317 1 21
101 -12 322 1 22
106 -7 327 1 23
111 -2 332 1 24
116 2 337 1 25
121 7 342 1 26
126 12 347 1 27
131 17 352 1 28
136 22 357 1 29
111 -22 338 1 30
116 -17 343 1 31
121 -12 348 1 32
126 -7 353 1 33
131 -2 358 1 34
136 2 363 1 35
141 7 368 1 36
146 12 373 1 37
151 17 378 1 38
156 22 383 1 39
131 -22 312 1 40
136 -17 317 1 41
141 -12 322 1 42
146 -7 327 1 43
151 -2 332 1 44
156 2 337 1 45
161 7 342 1 46
166 12 347 1 47
171 17 352 1 48
176 22 357 1 49
151 -22 338 1 50
156 -17 343 1 51
161 -12 348 1 52
166 -7 353 1 53
171 -2 358 1 54
176 2 363 1 55
181 7 368 1 56
186 12 373 1 57
191 17 378 1 58
196 22 383 1 59
171 -22 312 1 60
176 -17 317 1 61
181 -12 322 1 62
186 -7 327 1 63
191 -2 332 1 64
196 2 337 1 65
201 7 342 1 66
206 12 347 1 67
211 17 352 1 68
216 22 357 1 69
191 -22 338 1 70
196 -17 343 1 71
201 -12 348 1 72
206 -7 353 1 73
211 -2 358 1 74
216 2 363 1 75
221 7 368 1 76
226 12 373 1 77
231 17 378 1 78
236 22 383 1 79
211 -22 312 1 80
216 -17 317 1 81
221 -12 322 1 82
226 -7 327 1 83
231 -2 332 1 84
236 2 337 1 85
241 7 342 1 86
246 12 347 1 87
251 17 352 1 88
256 22 357 1 89
231 -22 338 1 90
236 -17 343 1 91
241 -12 348 1 92
246 -7 353 1 93
251 -2 358 1 94
256 2 363 1 95
261 7 368 1 96
266 12 373 1 97
271 17 378 1 98
276 22 383 1 99
251 -22 312 1 100
256 -17 317 1 101
261 -12 322 1 102
266 -7 327 1 103
271 -2 332 1 104
276 2 337 1 105
281 7 342 1 106
286 12 347 1 107
291 17 352 1 108
296 22 357 1 109
271 -22 338 1 110
276 -17 343 1 111
281 -12 348 1 112
286 -7 353 1 113
291 -2 358 1 114
296 2 363 1 115
301 7 368 1 116
306 12 373 1 117
311 17 378 1 118
316 22 383 1 119
291 -22 312 1 120
296 -17 317 1 121
301 -12 322 1 122
306 -7 327 1 123
311 -2 332 1 124
316 2 337 1 125
321 7 342 1 126
326 12 347 1 127
331 17 352 1 128
336 22 357 1 129
311 -22 338 1 130
316 -17 343 1 131
321 -12 348 1 132
326 -7 353 1 133
331 -2 358 1 134
336 2 363 1 135
341 7 368 1 136
346 12 373 1 137
351 17 378 1 138
356 22 383 1 139
331 -22 312 1 140
336 -17 317 1 141
341 -12 322 1 142
346 -7 327 1 143
351 -2 332 1 144
356 2 337 1 145
361 7 342 1 146
366 12 347 1 147
371 17 352 1 148
376 22 357 1 149
351 -22 338 1 150
356 -17 343 1 151
361 -12 348 1 152
366 -7 353 1 153
371 -2 358 1 154
376 2 363 1 155
381 7 368 1 156
386 12 373 1 157
391 17 378 1 158
396 22 383 1 159
45 -22 380 2 160
50 -17 385 2 161
55 -12 390 2 162
60 -7 395 2 163
65 -2 400 2 164
70 2 405 2 165
75 7 410 2 166
80 12 415 2 167
85 17 420 2 168
90 22 425 2 169
65 -22 406 2 170
70 -17 411 2 171
75 -12 416 2 172
80 -7 421 2 173
85 -2 426 2 174
90 2 431 2 175
95 7 436 2 176
100 12 441 2 177
105 17 446 2 178
110 22 451 2 179
85 -22 380 2 180
90 -17 385 2 181
95 -12 390 2 182
100 -7 395 2 183
105 -2 400 2 184
110 2 405 2 185
115 7 410 2 186
120 12 415 2 187
125 17 420 2 188
130 22 425 2 189
105 -22 406 2 190
110 -17 411 2 191
115 -12 416 2 192
120 -7 421 2 193
125 -2 426 2 194
130 2 431 2 195
135 7 436 2 196
140 12 441 2 197
145 17 446 2 198
150 22 451 2 199
125 -22 380 2 200
130 -17 385 2 201
135 -12 390 2 202
140 -7 395 2 203
145 -2 400 2 204
150 2 405 2 205
155 7 410 2 206
160 12 415 2 207
165 17 420 2 208
170 22 425 2 209
145 -22 406 2 210
150 -17 411 2 211
155 -12 416 2 212
160 -7 421 2 213
165 -2 426 2 214
170 2 431 2 215
175 7 436 2 216
180 12 441 2 217
185 17 446 2 218
190 22 451 2 219
165 -22 380 2 220
170 -17 385 2 221
175 -12 390 2 222
180 -7 395 2 223
185 -2 400 2 224
190 2 405 2 225
195 7 410 2 226
200 12 415 2 227
205 17 420 2 228
210 22 425 2 229
185 -22 406 2 230
190 -17 411 2 231
195 -12 416 2 232
200 -7 421 2 233
205 -2 426 2 234
210 2 431 2 235
215 7 436 2 236
220 12 441 2 237
225 17 446 2 238
230 22 451 2 239
205 -22 380 2 240
210 -17 385 2 241
215 -12 390 2 242
220 -7 395 2 243
225 -2 400 2 244
230 2 405 2 245
235 7 410 2 246
240 12 415 2 247
245 17 420 2 248
250 22 425 2 249
225 -22 406 2 250
230 -17 411 2 251
235 -12 416 2 252
240 -7 421 2 253
245 -2 426 2 254
250 2 431 2 255
255 7 436 2 256
260 12 441 2 257
265 17 446 2 258
270 22 451 2 259
245 -22 380 2 260
250 -17 385 2 261
255 -12 390 2 262
260 -7 395 2 263
265 -2 400 2 264
270 2 405 2 265
275 7 410 2 266
280 12 415 2 267
285 17 420 2 268
290 22 425 2 269
265 -22 406 2 270
270 -17 411 2 271
275 -12 416 2 272
280 -7 421 2 273
285 -2 426 2 274
290 2 431 2 275
295 7 436 2 276
300 12 441 2 277
305 17 446 2 278
310 22 451 2 279
285 -22 380 2 280
290 -17 385 2 281
295 -12 390 2 282
300 -7 395 2 283
305 -2 400 2 284
310 2 405 2 285
315 7 410 2 286
320 12 415 2 287
325 17 420 2 288
330 22 425 2 289
305 -22 406 2 290
310 -17 411 2 291
315 -12 416 2 292
320 -7 421 2 293
325 -2 426 2 294
330 2 431 2 295
335 7 436 2 296
340 12 441 2 297
345 17 446 2 298
350 22 451 2 299
325 -22 380 2 300
330 -17 385 2 301
335 -12 390 2 302
340 -7 395 2 303
345 -2 400 2 304
350 2 405 2 305
355 7 410 2 306
360 12 415 2 307
365 17 420 2 308
370 22 425 2 309
345 -22 406 2 310
350 -17 411 2 311
355 -12 416 2 312
360 -7 421 2 313
365 -2 426 2 314
370 2 431 2 315
375 7 436 2 316
380 12 441 2 317
385 17 446 2 318
390 22 451 2 319
39 -22 448 14 320
44 -17 453 14 321
49 -12 458 14 322
54 -7 463 14 323
59 -2 468 14 324
64 2 473 14 325
69 7 478 14 326
74 12 483 14 327
79 17 488 14 328
84 22 493 14 329
59 -22 475 14 330
64 -17 480 14 331
69 -12 485 14 332
74 -7 490 14 333
79 -2 495 14 334
84 2 500 14 335
89 7 505 14 336
94 12 510 14 337
99 17 515 14 338
104 22 520 14 339
79 -22 448 14 340
84 -17 453 14 341
89 -12 458 14 342
94 -7 463 14 343
99 -2 468 14 344
104 2 473 14 345
109 7 478 14 346
114 12 483 14 347
119 17 488 14 348
124 22 493 14 349
99 -22 475 14 350
104 -17 480 14 351
109 -12 485 14 352
114 -7 490 14 353
119 -2 495 14 354
124 2 500 14 355
129 7 505 14 356
134 12 510 14 357
139 17 515 14 358
144 22 520 14 359
119 -22 448 14 360
124 -17 453 14 361
129 -12 458 14 362
134 -7 463 14 363
139 -2 468 14 364
144 2 473 14 365
149 7 478 14 366
154 12 483 14 367
159 17 488 14 368
164 22 493 14 369
139 -22 475 14 370
144 -17 480 14 371
149 -12 485 14 372
154 -7 490 14 373
159 -2 495 14 374
164 2 500 14 375
169 7 505 14 376
174 12 510 14 377
179 17 515 14 378
184 22 520 14 379
159 -22 448 14 380
164 -17 453 14 381
169 -12 458 14 382
174 -7 463 14 383
179 -2 468 14 384
184 2 473 14 385
189 7 478 14 386
194 12 483 14 387
199 17 488 14 388
204 22 493 14 389
179 -22 475 14 390
184 -17 480 14 391
189 -12 485 14 392
194 -7 490 14 393
199 -2 495 14 394
204 2 500 14 395
209 7 505 14 396
214 12 510 14 397
219 17 515 14 398
224 22 520 14 399
199 -22 448 14 400
204 -17 453 14 401
209 -12 458 14 402
214 -7 463 14 403
219 -2 468 14 404
224 2 473 14 405
229 7 478 14 406
234 12 483 14 407
239 17 488 14 408
244 22 493 14 409
219 -22 475 14 410
224 -17 480 14 411
229 -12 485 14 412
234 -7 490 14 413
239 -2 495 14 414
244 2 500 14 415
249 7 505 14 416
254 12 510 14 417
259 17 515 14 418
264 22 520 14 419
239 -22 448 14 420
244 -17 453 14 421
249 -12 458 14 422
254 -7 463 14 423
259 -2 468 14 424
264 2 473 14 425
269 7 478 14 426
274 12 483 14 427
279 17 488 14 428
284 22 493 14 429
259 -22 475 14 430
264 -17 480 14 431
269 -12 485 14 432
274 -7 490 14 433
279 -2 495 14 434
284 2 500 14 435
289 7 505 14 436
294 12 510 14 437
299 17 515 14 438
304 22 520 14 439
279 -22 448 14 440
284 -17 453 14 441
289 -12 458 14 442
294 -7 463 14 443
299 -2 468 14 444
304 2 473 14 445
309 7 478 14 446
314 12 483 14 447
319 17 488 14 448
324 22 493 14 449
299 -22 475 14 450
304 -17 480 14 451
309 -12 485 14 452
314 -7 490 14 453
319 -2 495 14 454
324 2 500 14 455
329 7 505 14 456
334 12 510 14 457
339 17 515 14 458
344 22 520 14 459
319 -22 448 14 460
324 -17 453 14 461
329 -12 458 14 462
334 -7 463 14 463
339 -2 468 14 464
344 2 473 14 465
349 7 478 14 466
354 12 483 14 467
359 17 488 14 468
364 22 493 14 469
339 -22 475 14 470
344 -17 480 14 471
349 -12 485 14 472
354 -7 490 14 473
359 -2 495 14 474
364 2 500 14 475
369 7 505 14 476
374 12 510 14 477
379 17 515 14 478
384 22 520 14 479
