480
51 -22 374 1 0
56 -17 379 1 1
61 -12 384 1 2
66 -7 389 1 3
71 -2 394 1 4
76 2 399 1 5
81 7 404 1 6
86 12 409 1 7
91 17 414 1 8
96 22 419 1 9
71 -22 409 1 10
76 -17 414 1 11
81 -12 419 1 12
86 -7 424 1 13
91 -2 429 1 14
96 2 434 1 15
101 7 439 1 16
106 12 444 1 17
111 17 449 1 18
116 22 454 1 19
91 -22 374 1 20
96 -17 379 1 21
101 -12 384 1 22
106 -7 389 1 23
111 -2 394 1 24
116 2 399 1 25
121 7 404 1 26
126 12 409 1 27
131 17 414 1 28
136 22 419 1 29
111 -22 409 1 30
116 -17 414 1 31
121 -12 419 1 32
126 -7 424 1 33
131 -2 429 1 34
136 2 434 1 35
141 7 439 1 36
146 12 444 1 37
151 17 449 1 38
156 22 454 1 39
131 -22 374 1 40
136 -17 379 1 41
141 -12 384 1 42
146 -7 389 1 43
151 -2 394 1 44
156 2 399 1 45
161 7 404 1 46
166 12 409 1 47
171 17 414 1 48
176 22 419 1 49
151 -22 409 1 50
156 -17 414 1 51
161 -12 419 1 52
166 -7 424 1 53
171 -2 429 1 54
176 2 434 1 55
181 7 439 1 56
186 12 444 1 57
191 17 449 1 58
196 22 454 1 59
171 -22 374 1 60
176 -17 379 1 61
181 -12 384 1 62
186 -7 389 1 63
191 -2 394 1 64
196 2 399 1 65
201 7 404 1 66
206 12 409 1 67
211 17 414 1 68
216 22 419 1 69
191 -22 409 1 70
196 -17 414 1 71
201 -12 419 1 72
206 -7 424 1 73
211 -2 429 1 74
216 2 434 1 75
221 7 439 1 76
226 12 444 1 77
231 17 449 1 78
236 22 454 1 79
211 -22 374 1 80
216 -17 379 1 81
221 -12 384 1 82
226 -7 389 1 83
231 -2 394 1 84
236 2 399 1 85
241 7 404 1 86
246 12 409 1 87
251 17 414 1 88
256 22 419 1 89
231 -22 409 1 90
236 -17 414 1 91
241 -12 419 1 92
246 -7 424 1 93
251 -2 429 1 94
256 2 434 1 95
261 7 439 1 96
266 12 444 1 97
271 17 449 1 98
276 22 454 1 99
251 -22 374 1 100
256 -17 379 1 101
261 -12 384 1 102
266 -7 389 1 103
271 -2 394 1 104
276 2 399 1 105
281 7 404 1 106
286 12 409 1 107
291 17 414 1 108
296 22 419 1 109
271 -22 409 1 110
276 -17 414 1 111
281 -12 419 1 112
286 -7 424 1 113
291 -2 429 1 114
296 2 434 1 115
301 7 439 1 116
306 12 444 1 117
311 17 449 1 118
316 22 454 1 119
291 -22 374 1 120
296 -17 379 1 121
301 -12 384 1 122
306 -7 389 1 123
311 -2 394 1 124
316 2 399 1 125
321 7 404 1 126
326 12 409 1 127
331 17 414 1 128
336 22 419 1 129
311 -22 409 1 130
316 -17 414 1 131
321 -12 419 1 132
326 -7 424 1 133
331 -2 429 1 134
336 2 434 1 135
341 7 439 1 136
346 12 444 1 137
351 17 449 1 138
356 22 454 1 139
331 -22 374 1 140
336 -17 379 1 141
341 -12 384 1 142
346 -7 389 1 143
351 -2 394 1 144
356 2 399 1 145
361 7 404 1 146
366 12 409 1 147
371 17 414 1 148
376 22 419 1 149
351 -22 409 1 150
356 -17 414 1 151
361 -12 419 1 152
366 -7 424 1 153
371 -2 429 1 154
376 2 434 1 155
381 7 439 1 156
386 12 444 1 157
391 17 449 1 158
396 22 454 1 159
45 -22 451 2 160
50 -17 456 2 161
55 -12 461 2 162
60 -7 466 2 163
65 -2 471 2 164
70 2 476 2 165
75 7 481 2 166
80 12 486 2 167
85 17 491 2 168
90 22 496 2 169
65 -22 486 2 170
70 -17 491 2 171
75 -12 496 2 172
80 -7 501 2 173
85 -2 506 2 174
90 2 511 2 175
95 7 516 2 176
100 12 521 2 177
105 17 526 2 178
110 22 531 2 179
85 -22 451 2 180
90 -17 456 2 181
95 -12 461 2 182
100 -7 466 2 183
105 -2 471 2 184
110 2 476 2 185
115 7 481 2 186
120 12 486 2 187
125 17 491 2 188
130 22 496 2 189
105 -22 486 2 190
110 -17 491 2 191
115 -12 496 2 192
120 -7 501 2 193
125 -2 506 2 194
130 2 511 2 195
135 7 516 2 196
140 12 521 2 197
145 17 526 2 198
150 22 531 2 199
125 -22 451 2 200
130 -17 456 2 201
135 -12 461 2 202
140 -7 466 2 203
145 -2 471 2 204
150 2 476 2 205
155 7 481 2 206
160 12 486 2 207
165 17 491 2 208
170 22 496 2 209
145 -22 486 2 210
150 -17 491 2 211
155 -12 496 2 212
160 -7 501 2 213
165 -2 506 2 214
170 2 511 2 215
175 7 516 2 216
180 12 521 2 217
185 17 526 2 218
190 22 531 2 219
165 -22 451 2 220
170 -17 456 2 221
175 -12 461 2 222
180 -7 466 2 223
185 -2 471 2 224
190 2 476 2 225
195 7 481 2 226
200 12 486 2 227
205 17 491 2 228
210 22 496 2 229
185 -22 486 2 230
190 -17 491 2 231
195 -12 496 2 232
200 -7 501 2 233
205 -2 506 2 234
210 2 511 2 235
215 7 516 2 236
220 12 521 2 237
225 17 526 2 238
230 22 531 2 239
205 -22 451 2 240
210 -17 456 2 241
215 -12 461 2 242
220 -7 466 2 243
225 -2 471 2 244
230 2 476 2 245
235 7 481 2 246
240 12 486 2 247
245 17 491 2 248
250 22 496 2 249
225 -22 486 2 250
230 -17 491 2 251
235 -12 496 2 252
240 -7 501 2 253
245 -2 506 2 254
250 2 511 2 255
255 7 516 2 256
260 12 521 2 257
265 17 526 2 258
270 22 531 2 259
245 -22 451 2 260
250 -17 456 2 261
255 -12 461 2 262
260 -7 466 2 263
265 -2 471 2 264
270 2 476 2 265
275 7 481 2 266
280 12 486 2 267
285 17 491 2 268
290 22 496 2 269
265 -22 486 2 270
270 -17 491 2 271
275 -12 496 2 272
280 -7 501 2 273
285 -2 506 2 274
290 2 511 2 275
295 7 516 2 276
300 12 521 2 277
305 17 526 2 278
310 22 531 2 279
285 -22 451 2 280
290 -17 456 2 281
295 -12 461 2 282
300 -7 466 2 283
305 -2 471 2 284
310 2 476 2 285
315 7 481 2 286
320 12 486 2 287
325 17 491 2 288
330 22 496 2 289
305 -22 486 2 290
310 -17 491 2 291
315 -12 496 2 292
320 -7 501 2 293
325 -2 506 2 294
330 2 511 2 295
335 7 516 2 296
340 12 521 2 297
345 17 526 2 298
350 22 531 2 299
325 -22 451 2 300
330 -17 456 2 301
335 -12 461 2 302
340 -7 466 2 303
345 -2 471 2 304
350 2 476 2 305
355 7 481 2 306
360 12 486 2 307
365 17 491 2 308
370 22 496 2 309
345 -22 486 2 310
350 -17 491 2 311
355 -12 496 2 312
360 -7 501 2 313
365 -2 506 2 314
370 2 511 2 315
375 7 516 2 316
380 12 521 2 317
385 17 526 2 318
390 22 531 2 319
39 -22 528 14 320
44 -17 533 14 321
49 -12 538 14 322
54 -7 543 14 323
59 -2 548 14 324
64 2 553 14 325
69 7 558 14 326
74 12 563 14 327
79 17 568 14 328
84 22 573 14 329
59 -22 562 14 330
64 -17 567 14 331
69 -12 572 14 332
74 -7 577 14 333
79 -2 582 14 334
84 2 587 14 335
89 7 592 14 336
94 12 597 14 337
99 17 602 14 338
104 22 607 14 339
79 -22 528 14 340
84 -17 533 14 341
89 -12 538 14 342
94 -7 543 14 343
99 -2 548 14 344
104 2 553 14 345
109 7 558 14 346
114 12 563 14 347
119 17 568 14 348
124 22 573 14 349
99 -22 562 14 350
104 -17 567 14 351
109 -12 572 14 352
114 -7 577 14 353
119 -2 582 14 354
124 2 587 14 355
129 7 592 14 356
134 12 597 14 357
139 17 602 14 358
144 22 607 14 359
119 -22 528 14 360
124 -17 533 14 361
129 -12 538 14 362
134 -7 543 14 363
139 -2 548 14 364
144 2 553 14 365
149 7 558 14 366
154 12 563 14 367
159 17 568 14 368
164 22 573 14 369
139 -22 562 14 370
144 -17 567 14 371
149 -12 572 14 372
154 -7 577 14 373
159 -2 582 14 374
164 2 587 14 375
169 7 592 14 376
174 12 597 14 377
179 17 602 14 378
184 22 607 14 379
159 -22 528 14 380
164 -17 533 14 381
169 -12 538 14 382
174 -7 543 14 383
179 -2 548 14 384
184 2 553 14 385
189 7 558 14 386
194 12 563 14 387
199 17 568 14 388
204 22 573 14 389
179 -22 562 14 390
184 -17 567 14 391
189 -12 572 14 392
194 -7 577 14 393
199 -2 582 14 394
204 2 587 14 395
209 7 592 14 396
214 12 597 14 397
219 17 602 14 398
224 22 607 14 399
199 -22 528 14 400
204 -17 533 14 401
209 -12 538 14 402
214 -7 543 14 403
219 -2 548 14 404
224 2 553 14 405
229 7 558 14 406
234 12 563 14 407
239 17 568 14 408
244 22 573 14 409
219 -22 562 14 410
224 -17 567 14 411
229 -12 572 14 412
234 -7 577 14 413
239 -2 582 14 414
244 2 587 14 415
249 7 592 14 416
254 12 597 14 417
259 17 602 14 418
264 22 607 14 419
239 -22 528 14 420
244 -17 533 14 421
249 -12 538 14 422
254 -7 543 14 423
259 -2 548 14 424
264 2 553 14 425
269 7 558 14 426
274 12 563 14 427
279 17 568 14 428
284 22 573 14 429
259 -22 562 14 430
264 -17 567 14 431
269 -12 572 14 432
274 -7 577 14 433
279 -2 582 14 434
284 2 587 14 435
289 7 592 14 436
294 12 597 14 437
299 17 602 14 438
304 22 607 14 439
279 -22 528 14 440
284 -17 533 14 441
289 -12 538 14 442
294 -7 543 14 443
299 -2 548 14 444
304 2 553 14 445
309 7 558 14 446
314 12 563 14 447
319 17 568 14 448
324 22 573 14 449
299 -22 562 14 450
304 -17 567 14 451
309 -12 572 14 452
314 -7 577 14 453
319 -2 582 14 454
324 2 587 14 455
329 7 592 14 456
334 12 597 14 457
339 17 602 14 458
344 22 607 14 459
319 -22 528 14 460
324 -17 533 14 461
329 -12 538 14 462
334 -7 543 14 463
339 -2 548 14 464
344 2 553 14 465
349 7 558 14 466
354 12 563 14 467
359 17 568 14 468
364 22 573 14 469
339 -22 562 14 470
344 -17 567 14 471
349 -12 572 14 472
354 -7 577 14 473
359 -2 582 14 474
364 2 587 14 475
369 7 592 14 476
374 12 597 14 477
379 17 602 14 478
384 22 607 14 479
