480
51 -22 389 1 0
56 -17 394 1 1
61 -12 399 1 2
66 -7 404 1 3
71 -2 409 1 4
76 2 414 1 5
81 7 419 1 6
86 12 424 1 7
91 17 429 1 8
96 22 434 1 9
71 -22 425 1 10
76 -17 430 1 11
81 -12 435 1 12
86 -7 440 1 13
91 -2 445 1 14
96 2 450 1 15
101 7 455 1 16
106 12 460 1 17
111 17 465 1 18
116 22 470 1 19
91 -22 389 1 20
96 -17 394 1 21
101 -12 399 1 22
106 -7 404 1 23
111 -2 409 1 24
116 2 414 1 25
121 7 419 1 26
126 12 424 1 27
131 17 429 1 28
136 22 434 1 29
111 -22 425 1 30
116 -17 430 1 31
121 -12 435 1 32
126 -7 440 1 33
131 -2 445 1 34
136 2 450 1 35
141 7 455 1 36
146 12 460 1 37
151 17 465 1 38
156 22 470 1 39
131 -22 389 1 40
136 -17 394 1 41
141 -12 399 1 42
146 -7 404 1 43
151 -2 409 1 44
156 2 414 1 45
161 7 419 1 46
166 12 424 1 47
171 17 429 1 48
176 22 434 1 49
151 -22 425 1 50
156 -17 430 1 51
161 -12 435 1 52
166 -7 440 1 53
171 -2 445 1 54
176 2 450 1 55
181 7 455 1 56
186 12 460 1 57
191 17 465 1 58
196 22 470 1 59
171 -22 389 1 60
176 -17 394 1 61
181 -12 399 1 62
186 -7 404 1 63
191 -2 409 1 64
196 2 414 1 65
201 7 419 1 66
206 12 424 1 67
211 17 429 1 68
216 22 434 1 69
191 -22 425 1 70
196 -17 430 1 71
201 -12 435 1 72
206 -7 440 1 73
211 -2 445 1 74
216 2 450 1 75
221 7 455 1 76
226 12 460 1 77
231 17 465 1 78
236 22 470 1 79
211 -22 389 1 80
216 -17 394 1 81
221 -12 399 1 82
226 -7 404 1 83
231 -2 409 1 84
236 2 414 1 85
241 7 419 1 86
246 12 424 1 87
251 17 429 1 88
256 22 434 1 89
231 -22 425 1 90
236 -17 430 1 91
241 -12 435 1 92
246 -7 440 1 93
251 -2 445 1 94
256 2 450 1 95
261 7 455 1 96
266 12 460 1 97
271 17 465 1 98
276 22 470 1 99
251 -22 389 1 100
256 -17 394 1 101
261 -12 399 1 102
266 -7 404 1 103
271 -2 409 1 104
276 2 414 1 105
281 7 419 1 106
286 12 424 1 107
291 17 429 1 108
296 22 434 1 109
271 -22 425 1 110
276 -17 430 1 111
281 -12 435 1 112
286 -7 440 1 113
291 -2 445 1 114
296 2 450 1 115
301 7 455 1 116
306 12 460 1 117
311 17 465 1 118
316 22 470 1 119
291 -22 389 1 120
296 -17 394 1 121
301 -12 399 1 122
306 -7 404 1 123
311 -2 409 1 124
316 2 414 1 125
321 7 419 1 126
326 12 424 1 127
331 17 429 1 128
336 22 434 1 129
311 -22 425 1 130
316 -17 430 1 131
321 -12 435 1 132
326 -7 440 1 133
331 -2 445 1 134
336 2 450 1 135
341 7 455 1 136
346 12 460 1 137
351 17 465 1 138
356 22 470 1 139
331 -22 389 1 140
336 -17 394 1 141
341 -12 399 1 142
346 -7 404 1 143
351 -2 409 1 144
356 2 414 1 145
361 7 419 1 146
366 12 424 1 147
371 17 429 1 148
376 22 434 1 149
351 -22 425 1 150
356 -17 430 1 151
361 -12 435 1 152
366 -7 440 1 153
371 -2 445 1 154
376 2 450 1 155
381 7 455 1 156
386 12 460 1 157
391 17 465 1 158
396 22 470 1 159
45 -22 467 2 160
50 -17 472 2 161
55 -12 477 2 162
60 -7 482 2 163
65 -2 487 2 164
70 2 492 2 165
75 7 497 2 166
80 12 502 2 167
85 17 507 2 168
90 22 512 2 169
65 -22 504 2 170
70 -17 509 2 171
75 -12 514 2 172
80 -7 519 2 173
85 -2 524 2 174
90 2 529 2 175
95 7 534 2 176
100 12 539 2 177
105 17 544 2 178
110 22 549 2 179
85 -22 467 2 180
90 -17 472 2 181
95 -12 477 2 182
100 -7 482 2 183
105 -2 487 2 184
110 2 492 2 185
115 7 497 2 186
120 12 502 2 187
125 17 507 2 188
130 22 512 2 189
105 -22 504 2 190
110 -17 509 2 191
115 -12 514 2 192
120 -7 519 2 193
125 -2 524 2 194
130 2 529 2 195
135 7 534 2 196
140 12 539 2 197
145 17 544 2 198
150 22 549 2 199
125 -22 467 2 200
130 -17 472 2 201
135 -12 477 2 202
140 -7 482 2 203
145 -2 487 2 204
150 2 492 2 205
155 7 497 2 206
160 12 502 2 207
165 17 507 2 208
170 22 512 2 209
145 -22 504 2 210
150 -17 509 2 211
155 -12 514 2 212
160 -7 519 2 213
165 -2 524 2 214
170 2 529 2 215
175 7 534 2 216
180 12 539 2 217
185 17 544 2 218
190 22 549 2 219
165 -22 467 2 220
170 -17 472 2 221
175 -12 477 2 222
180 -7 482 2 223
185 -2 487 2 224
190 2 492 2 225
195 7 497 2 226
200 12 502 2 227
205 17 507 2 228
210 22 512 2 229
185 -22 504 2 230
190 -17 509 2 231
195 -12 514 2 232
200 -7 519 2 233
205 -2 524 2 234
210 2 529 2 235
215 7 534 2 236
220 12 539 2 237
225 17 544 2 238
230 22 549 2 239
205 -22 467 2 240
210 -17 472 2 241
215 -12 477 2 242
220 -7 482 2 243
225 -2 487 2 244
230 2 492 2 245
235 7 497 2 246
240 12 502 2 247
245 17 507 2 248
250 22 512 2 249
225 -22 504 2 250
230 -17 509 2 251
235 -12 514 2 252
240 -7 519 2 253
245 -2 524 2 254
250 2 529 2 255
255 7 534 2 256
260 12 539 2 257
265 17 544 2 258
270 22 549 2 259
245 -22 467 2 260
250 -17 472 2 261
255 -12 477 2 262
260 -7 482 2 263
265 -2 487 2 264
270 2 492 2 265
275 7 497 2 266
280 12 502 2 267
285 17 507 2 268
290 22 512 2 269
265 -22 504 2 270
270 -17 509 2 271
275 -12 514 2 272
280 -7 519 2 273
285 -2 524 2 274
290 2 529 2 275
295 7 534 2 276
300 12 539 2 277
305 17 544 2 278
310 22 549 2 279
285 -22 467 2 280
290 -17 472 2 281
295 -12 477 2 282
300 -7 482 2 283
305 -2 487 2 284
310 2 492 2 285
315 7 497 2 286
320 12 502 2 287
325 17 507 2 288
330 22 512 2 289
305 -22 504 2 290
310 -17 509 2 291
315 -12 514 2 292
320 -7 519 2 293
325 -2 524 2 294
330 2 529 2 295
335 7 534 2 296
340 12 539 2 297
345 17 544 2 298
350 22 549 2 299
325 -22 467 2 300
330 -17 472 2 301
335 -12 477 2 302
340 -7 482 2 303
345 -2 487 2 304
350 2 492 2 305
355 7 497 2 306
360 12 502 2 307
365 17 507 2 308
370 22 512 2 309
345 -22 504 2 310
350 -17 509 2 311
355 -12 514 2 312
360 -7 519 2 313
365 -2 524 2 314
370 2 529 2 315
375 7 534 2 316
380 12 539 2 317
385 17 544 2 318
390 22 549 2 319
39 -22 546 14 320
44 -17 551 14 321
49 -12 556 14 322
54 -7 561 14 323
59 -2 566 14 324
64 2 571 14 325
69 7 576 14 326
74 12 581 14 327
79 17 586 14 328
84 22 591 14 329
59 -22 582 14 330
64 -17 587 14 331
69 -12 592 14 332
74 -7 597 14 333
79 -2 602 14 334
84 2 607 14 335
89 7 612 14 336
94 12 617 14 337
99 17 622 14 338
104 22 627 14 339
79 -22 546 14 340
84 -17 551 14 341
89 -12 556 14 342
94 -7 561 14 343
99 -2 566 14 344
104 2 571 14 345
109 7 576 14 346
114 12 581 14 347
119 17 586 14 348
124 22 591 14 349
99 -22 582 14 350
104 -17 587 14 351
109 -12 592 14 352
114 -7 597 14 353
119 -2 602 14 354
124 2 607 14 355
129 7 612 14 356
134 12 617 14 357
139 17 622 14 358
144 22 627 14 359
119 -22 546 14 360
124 -17 551 14 361
129 -12 556 14 362
134 -7 561 14 363
139 -2 566 14 364
144 2 571 14 365
149 7 576 14 366
154 12 581 14 367
159 17 586 14 368
164 22 591 14 369
139 -22 582 14 370
144 -17 587 14 371
149 -12 592 14 372
154 -7 597 14 373
159 -2 602 14 374
164 2 607 14 375
169 7 612 14 376
174 12 617 14 377
179 17 622 14 378
184 22 627 14 379
159 -22 546 14 380
164 -17 551 14 381
169 -12 556 14 382
174 -7 561 14 383
179 -2 566 14 384
184 2 571 14 385
189 7 576 14 386
194 12 581 14 387
199 17 586 14 388
204 22 591 14 389
179 -22 582 14 390
184 -17 587 14 391
189 -12 592 14 392
194 -7 597 14 393
199 -2 602 14 394
204 2 607 14 395
209 7 612 14 396
214 12 617 14 397
219 17 622 14 398
224 22 627 14 399
199 -22 546 14 400
204 -17 551 14 401
209 -12 556 14 402
214 -7 561 14 403
219 -2 566 14 404
224 2 571 14 405
229 7 576 14 406
234 12 581 14 407
239 17 586 14 408
244 22 591 14 409
219 -22 582 14 410
224 -17 587 14 411
229 -12 592 14 412
234 -7 597 14 413
239 -2 602 14 414
244 2 607 14 415
249 7 612 14 416
254 12 617 14 417
259 17 622 14 418
264 22 627 14 419
239 -22 546 14 420
244 -17 551 14 421
249 -12 556 14 422
254 -7 561 14 423
259 -2 566 14 424
264 2 571 14 425
269 7 576 14 426
274 12 581 14 427
279 17 586 14 428
284 22 591 14 429
259 -22 582 14 430
264 -17 587 14 431
269 -12 592 14 432
274 -7 597 14 433
279 -2 602 14 434
284 2 607 14 435
289 7 612 14 436
294 12 617 14 437
299 17 622 14 438
304 22 627 14 439
279 -22 546 14 440
284 -17 551 14 441
289 -12 556 14 442
294 -7 561 14 443
299 -2 566 14 444
304 2 571 14 445
309 7 576 14 446
314 12 581 14 447
319 17 586 14 448
324 22 591 14 449
299 -22 582 14 450
304 -17 587 14 451
309 -12 592 14 452
314 -7 597 14 453
319 -2 602 14 454
324 2 607 14 455
329 7 612 14 456
334 12 617 14 457
339 17 622 14 458
344 22 627 14 459
319 -22 546 14 460
324 -17 551 14 461
329 -12 556 14 462
334 -7 561 14 463
339 -2 566 14 464
344 2 571 14 465
349 7 576 14 466
354 12 581 14 467
359 17 586 14 468
364 22 591 14 469
339 -22 582 14 470
344 -17 587 14 471
349 -12 592 14 472
354 -7 597 14 473
359 -2 602 14 474
364 2 607 14 475
369 7 612 14 476
374 12 617 14 477
379 17 622 14 478
384 22 627 14 479
