480
51 -22 262 1 0
56 -17 267 1 1
61 -12 272 1 2
66 -7 277 1 3
71 -2 282 1 4
76 2 287 1 5
81 7 292 1 6
86 12 297 1 7
91 17 302 1 8
96 22 307 1 9
71 -22 282 1 10
76 -17 287 1 11
81 -12 292 1 12
86 -7 297 1 13
91 -2 302 1 14
96 2 307 1 15
101 7 312 1 16
106 12 317 1 17
111 17 322 1 18
116 22 327 1 19
91 -22 262 1 20
96 -17 267 1 21
101 -12 272 1 22
106 -7 277 1 23
111 -2 282 1 24
116 2 287 1 25
121 7 292 1 26
126 12 297 1 27
131 17 302 1 28
136 22 307 1 29
111 -22 282 1 30
116 -17 287 1 31
121 -12 292 1 32
126 -7 297 1 33
131 -2 302 1 34
136 2 307 1 35
141 7 312 1 36
146 12 317 1 37
151 17 322 1 38
156 22 327 1 39
131 -22 262 1 40
136 -17 267 1 41
141 -12 272 1 42
146 -7 277 1 43
151 -2 282 1 44
156 2 287 1 45
161 7 292 1 46
166 12 297 1 47
171 17 302 1 48
176 22 307 1 49
151 -22 282 1 50
156 -17 287 1 51
161 -12 292 1 52
166 -7 297 1 53
171 -2 302 1 54
176 2 307 1 55
181 7 312 1 56
186 12 317 1 57
191 17 322 1 58
196 22 327 1 59
171 -22 262 1 60
176 -17 267 1 61
181 -12 272 1 62
186 -7 277 1 63
191 -2 282 1 64
196 2 287 1 65
201 7 292 1 66
206 12 297 1 67
211 17 302 1 68
216 22 307 1 69
191 -22 282 1 70
196 -17 287 1 71
201 -12 292 1 72
206 -7 297 1 73
211 -2 302 1 74
216 2 307 1 75
221 7 312 1 76
226 12 317 1 77
231 17 322 1 78
236 22 327 1 79
211 -22 262 1 80
216 -17 267 1 81
221 -12 272 1 82
226 -7 277 1 83
231 -2 282 1 84
236 2 287 1 85
241 7 292 1 86
246 12 297 1 87
251 17 302 1 88
256 22 307 1 89
231 -22 282 1 90
236 -17 287 1 91
241 -12 292 1 92
246 -7 297 1 93
251 -2 302 1 94
256 2 307 1 95
261 7 312 1 96
266 12 317 1 97
271 17 322 1 98
276 22 327 1 99
251 -22 262 1 100
256 -17 267 1 101
261 -12 272 1 102
266 -7 277 1 103
271 -2 282 1 104
276 2 287 1 105
281 7 292 1 106
286 12 297 1 107
291 17 302 1 108
296 22 307 1 109
271 -22 282 1 110
276 -17 287 1 111
281 -12 292 1 112
286 -7 297 1 113
291 -2 302 1 114
296 2 307 1 115
301 7 312 1 116
306 12 317 1 117
311 17 322 1 118
316 22 327 1 119
291 -22 262 1 120
296 -17 267 1 121
301 -12 272 1 122
306 -7 277 1 123
311 -2 282 1 124
316 2 287 1 125
321 7 292 1 126
326 12 297 1 127
331 17 302 1 128
336 22 307 1 129
311 -22 282 1 130
316 -17 287 1 131
321 -12 292 1 132
326 -7 297 1 133
331 -2 302 1 134
336 2 307 1 135
341 7 312 1 136
346 12 317 1 137
351 17 322 1 138
356 22 327 1 139
331 -22 262 1 140
336 -17 267 1 141
341 -12 272 1 142
346 -7 277 1 143
351 -2 282 1 144
356 2 287 1 145
361 7 292 1 146
366 12 297 1 147
371 17 302 1 148
376 22 307 1 149
351 -22 282 1 150
356 -17 287 1 151
361 -12 292 1 152
366 -7 297 1 153
371 -2 302 1 154
376 2 307 1 155
381 7 312 1 156
386 12 317 1 157
391 17 322 1 158
396 22 327 1 159
45 -22 324 2 160
50 -17 329 2 161
55 -12 334 2 162
60 -7 339 2 163
65 -2 344 2 164
70 2 349 2 165
75 7 354 2 166
80 12 359 2 167
85 17 364 2 168
90 22 369 2 169
65 -22 344 2 170
70 -17 349 2 171
75 -12 354 2 172
80 -7 359 2 173
85 -2 364 2 174
90 2 369 2 175
95 7 374 2 176
100 12 379 2 177
105 17 384 2 178
110 22 389 2 179
85 -22 324 2 180
90 -17 329 2 181
95 -12 334 2 182
100 -7 339 2 183
105 -2 344 2 184
110 2 349 2 185
115 7 354 2 186
120 12 359 2 187
125 17 364 2 188
130 22 369 2 189
105 -22 344 2 190
110 -17 349 2 191
115 -12 354 2 192
120 -7 359 2 193
125 -2 364 2 194
130 2 369 2 195
135 7 374 2 196
140 12 379 2 197
145 17 384 2 198
150 22 389 2 199
125 -22 324 2 200
130 -17 329 2 201
135 -12 334 2 202
140 -7 339 2 203
145 -2 344 2 204
150 2 349 2 205
155 7 354 2 206
160 12 359 2 207
165 17 364 2 208
170 22 369 2 209
145 -22 344 2 210
150 -17 349 2 211
155 -12 354 2 212
160 -7 359 2 213
165 -2 364 2 214
170 2 369 2 215
175 7 374 2 216
180 12 379 2 217
185 17 384 2 218
190 22 389 2 219
165 -22 324 2 220
170 -17 329 2 221
175 -12 334 2 222
180 -7 339 2 223
185 -2 344 2 224
190 2 349 2 225
195 7 354 2 226
200 12 359 2 227
205 17 364 2 228
210 22 369 2 229
185 -22 344 2 230
190 -17 349 2 231
195 -12 354 2 232
200 -7 359 2 233
205 -2 364 2 234
210 2 369 2 235
215 7 374 2 236
220 12 379 2 237
225 17 384 2 238
230 22 389 2 239
205 -22 324 2 240
210 -17 329 2 241
215 -12 334 2 242
220 -7 339 2 243
225 -2 344 2 244
230 2 349 2 245
235 7 354 2 246
240 12 359 2 247
245 17 364 2 248
250 22 369 2 249
225 -22 344 2 250
230 -17 349 2 251
235 -12 354 2 252
240 -7 359 2 253
245 -2 364 2 254
250 2 369 2 255
255 7 374 2 256
260 12 379 2 257
265 17 384 2 258
270 22 389 2 259
245 -22 324 2 260
250 -17 329 2 261
255 -12 334 2 262
260 -7 339 2 263
265 -2 344 2 264
270 2 349 2 265
275 7 354 2 266
280 12 359 2 267
285 17 364 2 268
290 22 369 2 269
265 -22 344 2 270
270 -17 349 2 271
275 -12 354 2 272
280 -7 359 2 273
285 -2 364 2 274
290 2 369 2 275
295 7 374 2 276
300 12 379 2 277
305 17 384 2 278
310 22 389 2 279
285 -22 324 2 280
290 -17 329 2 281
295 -12 334 2 282
300 -7 339 2 283
305 -2 344 2 284
310 2 349 2 285
315 7 354 2 286
320 12 359 2 287
325 17 364 2 288
330 22 369 2 289
305 -22 344 2 290
310 -17 349 2 291
315 -12 354 2 292
320 -7 359 2 293
325 -2 364 2 294
330 2 369 2 295
335 7 374 2 296
340 12 379 2 297
345 17 384 2 298
350 22 389 2 299
325 -22 324 2 300
330 -17 329 2 301
335 -12 334 2 302
340 -7 339 2 303
345 -2 344 2 304
350 2 349 2 305
355 7 354 2 306
360 12 359 2 307
365 17 364 2 308
370 22 369 2 309
345 -22 344 2 310
350 -17 349 2 311
355 -12 354 2 312
360 -7 359 2 313
365 -2 364 2 314
370 2 369 2 315
375 7 374 2 316
380 12 379 2 317
385 17 384 2 318
390 22 389 2 319
39 -22 386 14 320
44 -17 391 14 321
49 -12 396 14 322
54 -7 401 14 323
59 -2 406 14 324
64 2 411 14 325
69 7 416 14 326
74 12 421 14 327
79 17 426 14 328
84 22 431 14 329
59 -22 406 14 330
64 -17 411 14 331
69 -12 416 14 332
74 -7 421 14 333
79 -2 426 14 334
84 2 431 14 335
89 7 436 14 336
94 12 441 14 337
99 17 446 14 338
104 22 451 14 339
79 -22 386 14 340
84 -17 391 14 341
89 -12 396 14 342
94 -7 401 14 343
99 -2 406 14 344
104 2 411 14 345
109 7 416 14 346
114 12 421 14 347
119 17 426 14 348
124 22 431 14 349
99 -22 406 14 350
104 -17 411 14 351
109 -12 416 14 352
114 -7 421 14 353
119 -2 426 14 354
124 2 431 14 355
129 7 436 14 356
134 12 441 14 357
139 17 446 14 358
144 22 451 14 359
119 -22 386 14 360
124 -17 391 14 361
129 -12 396 14 362
134 -7 401 14 363
139 -2 406 14 364
144 2 411 14 365
149 7 416 14 366
154 12 421 14 367
159 17 426 14 368
164 22 431 14 369
139 -22 406 14 370
144 -17 411 14 371
149 -12 416 14 372
154 -7 421 14 373
159 -2 426 14 374
164 2 431 14 375
169 7 436 14 376
174 12 441 14 377
179 17 446 14 378
184 22 451 14 379
159 -22 386 14 380
164 -17 391 14 381
169 -12 396 14 382
174 -7 401 14 383
179 -2 406 14 384
184 2 411 14 385
189 7 416 14 386
194 12 421 14 387
199 17 426 14 388
204 22 431 14 389
179 -22 406 14 390
184 -17 411 14 391
189 -12 416 14 392
194 -7 421 14 393
199 -2 426 14 394
204 2 431 14 395
209 7 436 14 396
214 12 441 14 397
219 17 446 14 398
224 22 451 14 399
199 -22 386 14 400
204 -17 391 14 401
209 -12 396 14 402
214 -7 401 14 403
219 -2 406 14 404
224 2 411 14 405
229 7 416 14 406
234 12 421 14 407
239 17 426 14 408
244 22 431 14 409
219 -22 406 14 410
224 -17 411 14 411
229 -12 416 14 412
234 -7 421 14 413
239 -2 426 14 414
244 2 431 14 415
249 7 436 14 416
254 12 441 14 417
259 17 446 14 418
264 22 451 14 419
239 -22 386 14 420
244 -17 391 14 421
249 -12 396 14 422
254 -7 401 14 423
259 -2 406 14 424
264 2 411 14 425
269 7 416 14 426
274 12 421 14 427
279 17 426 14 428
284 22 431 14 429
259 -22 406 14 430
264 -17 411 14 431
269 -12 416 14 432
274 -7 421 14 433
279 -2 426 14 434
284 2 431 14 435
289 7 436 14 436
294 12 441 14 437
299 17 446 14 438
304 22 451 14 439
279 -22 386 14 440
284 -17 391 14 441
289 -12 396 14 442
294 -7 401 14 443
299 -2 406 14 444
304 2 411 14 445
309 7 416 14 446
314 12 421 14 447
319 17 426 14 448
324 22 431 14 449
299 -22 406 14 450
304 -17 411 14 451
309 -12 416 14 452
314 -7 421 14 453
319 -2 426 14 454
324 2 431 14 455
329 7 436 14 456
334 12 441 14 457
339 17 446 14 458
344 22 451 14 459
319 -22 386 14 460
324 -17 391 14 461
329 -12 396 14 462
334 -7 401 14 463
339 -2 406 14 464
344 2 411 14 465
349 7 416 14 466
354 12 421 14 467
359 17 426 14 468
364 22 431 14 469
339 -22 406 14 470
344 -17 411 14 471
349 -12 416 14 472
354 -7 421 14 473
359 -2 426 14 474
364 2 431 14 475
369 7 436 14 476
374 12 441 14 477
379 17 446 14 478
384 22 451 14 479
