480
51 -22 152 1 0
56 -17 157 1 1
61 -12 162 1 2
66 -7 167 1 3
71 -2 172 1 4
76 2 177 1 5
81 7 181 1 6
86 12 186 1 7
91 17 191 1 8
96 22 196 1 9
71 -22 157 1 10
76 -17 162 1 11
81 -12 167 1 12
86 -7 172 1 13
91 -2 177 1 14
96 2 181 1 15
101 7 186 1 16
106 12 191 1 17
111 17 196 1 18
116 22 201 1 19
91 -22 152 1 20
96 -17 157 1 21
101 -12 162 1 22
106 -7 167 1 23
111 -2 172 1 24
116 2 177 1 25
121 7 181 1 26
126 12 186 1 27
131 17 191 1 28
136 22 196 1 29
111 -22 157 1 30
116 -17 162 1 31
121 -12 167 1 32
126 -7 172 1 33
131 -2 177 1 34
136 2 181 1 35
141 7 186 1 36
146 12 191 1 37
151 17 196 1 38
156 22 201 1 39
131 -22 152 1 40
136 -17 157 1 41
141 -12 162 1 42
146 -7 167 1 43
151 -2 172 1 44
156 2 177 1 45
161 7 181 1 46
166 12 186 1 47
171 17 191 1 48
176 22 196 1 49
151 -22 157 1 50
156 -17 162 1 51
161 -12 167 1 52
166 -7 172 1 53
171 -2 177 1 54
176 2 181 1 55
181 7 186 1 56
186 12 191 1 57
191 17 196 1 58
196 22 201 1 59
171 -22 152 1 60
176 -17 157 1 61
181 -12 162 1 62
186 -7 167 1 63
191 -2 172 1 64
196 2 177 1 65
201 7 181 1 66
206 12 186 1 67
211 17 191 1 68
216 22 196 1 69
191 -22 157 1 70
196 -17 162 1 71
201 -12 167 1 72
206 -7 172 1 73
211 -2 177 1 74
216 2 181 1 75
221 7 186 1 76
226 12 191 1 77
231 17 196 1 78
236 22 201 1 79
211 -22 152 1 80
216 -17 157 1 81
221 -12 162 1 82
226 -7 167 1 83
231 -2 172 1 84
236 2 177 1 85
241 7 181 1 86
246 12 186 1 87
251 17 191 1 88
256 22 196 1 89
231 -22 157 1 90
236 -17 162 1 91
241 -12 167 1 92
246 -7 172 1 93
251 -2 177 1 94
256 2 181 1 95
261 7 186 1 96
266 12 191 1 97
271 17 196 1 98
276 22 201 1 99
251 -22 152 1 100
256 -17 157 1 101
261 -12 162 1 102
266 -7 167 1 103
271 -2 172 1 104
276 2 177 1 105
281 7 181 1 106
286 12 186 1 107
291 17 191 1 108
296 22 196 1 109
271 -22 157 1 110
276 -17 162 1 111
281 -12 167 1 112
286 -7 172 1 113
291 -2 177 1 114
296 2 181 1 115
301 7 186 1 116
306 12 191 1 117
311 17 196 1 118
316 22 201 1 119
291 -22 152 1 120
296 -17 157 1 121
301 -12 162 1 122
306 -7 167 1 123
311 -2 172 1 124
316 2 177 1 125
321 7 181 1 126
326 12 186 1 127
331 17 191 1 128
336 22 196 1 129
311 -22 157 1 130
316 -17 162 1 131
321 -12 167 1 132
326 -7 172 1 133
331 -2 177 1 134
336 2 181 1 135
341 7 186 1 136
346 12 191 1 137
351 17 196 1 138
356 22 201 1 139
331 -22 152 1 140
336 -17 157 1 141
341 -12 162 1 142
346 -7 167 1 143
351 -2 172 1 144
356 2 177 1 145
361 7 181 1 146
366 12 186 1 147
371 17 191 1 148
376 22 196 1 149
351 -22 157 1 150
356 -17 162 1 151
361 -12 167 1 152
366 -7 172 1 153
371 -2 177 1 154
376 2 181 1 155
381 7 186 1 156
386 12 191 1 157
391 17 196 1 158
396 22 201 1 159
45 -22 198 2 160
50 -17 203 2 161
55 -12 208 2 162
60 -7 213 2 163
65 -2 218 2 164
70 2 223 2 165
75 7 228 2 166
80 12 233 2 167
85 17 238 2 168
90 22 243 2 169
65 -22 204 2 170
70 -17 209 2 171
75 -12 214 2 172
80 -7 219 2 173
85 -2 224 2 174
90 2 229 2 175
95 7 234 2 176
100 12 239 2 177
105 17 244 2 178
110 22 249 2 179
85 -22 198 2 180
90 -17 203 2 181
95 -12 208 2 182
100 -7 213 2 183
105 -2 218 2 184
110 2 223 2 185
115 7 228 2 186
120 12 233 2 187
125 17 238 2 188
130 22 243 2 189
105 -22 204 2 190
110 -17 209 2 191
115 -12 214 2 192
120 -7 219 2 193
125 -2 224 2 194
130 2 229 2 195
135 7 234 2 196
140 12 239 2 197
145 17 244 2 198
150 22 249 2 199
125 -22 198 2 200
130 -17 203 2 201
135 -12 208 2 202
140 -7 213 2 203
145 -2 218 2 204
150 2 223 2 205
155 7 228 2 206
160 12 233 2 207
165 17 238 2 208
170 22 243 2 209
145 -22 204 2 210
150 -17 209 2 211
155 -12 214 2 212
160 -7 219 2 213
165 -2 224 2 214
170 2 229 2 215
175 7 234 2 216
180 12 239 2 217
185 17 244 2 218
190 22 249 2 219
165 -22 198 2 220
170 -17 203 2 221
175 -12 208 2 222
180 -7 213 2 223
185 -2 218 2 224
190 2 223 2 225
195 7 228 2 226
200 12 233 2 227
205 17 238 2 228
210 22 243 2 229
185 -22 204 2 230
190 -17 209 2 231
195 -12 214 2 232
200 -7 219 2 233
205 -2 224 2 234
210 2 229 2 235
215 7 234 2 236
220 12 239 2 237
225 17 244 2 238
230 22 249 2 239
205 -22 198 2 240
210 -17 203 2 241
215 -12 208 2 242
220 -7 213 2 243
225 -2 218 2 244
230 2 223 2 245
235 7 228 2 246
240 12 233 2 247
245 17 238 2 248
250 22 243 2 249
225 -22 204 2 250
230 -17 209 2 251
235 -12 214 2 252
240 -7 219 2 253
245 -2 224 2 254
250 2 229 2 255
255 7 234 2 256
260 12 239 2 257
265 17 244 2 258
270 22 249 2 259
245 -22 198 2 260
250 -17 203 2 261
255 -12 208 2 262
260 -7 213 2 263
265 -2 218 2 264
270 2 223 2 265
275 7 228 2 266
280 12 233 2 267
285 17 238 2 268
290 22 243 2 269
265 -22 204 2 270
270 -17 209 2 271
275 -12 214 2 272
280 -7 219 2 273
285 -2 224 2 274
290 2 229 2 275
295 7 234 2 276
300 12 239 2 277
305 17 244 2 278
310 22 249 2 279
285 -22 198 2 280
290 -17 203 2 281
295 -12 208 2 282
300 -7 213 2 283
305 -2 218 2 284
310 2 223 2 285
315 7 228 2 286
320 12 233 2 287
325 17 238 2 288
330 22 243 2 289
305 -22 204 2 290
310 -17 209 2 291
315 -12 214 2 292
320 -7 219 2 293
325 -2 224 2 294
330 2 229 2 295
335 7 234 2 296
340 12 239 2 297
345 17 244 2 298
350 22 249 2 299
325 -22 198 2 300
330 -17 203 2 301
335 -12 208 2 302
340 -7 213 2 303
345 -2 218 2 304
350 2 223 2 305
355 7 228 2 306
360 12 233 2 307
365 17 238 2 308
370 22 243 2 309
345 -22 204 2 310
350 -17 209 2 311
355 -12 214 2 312
360 -7 219 2 313
365 -2 224 2 314
370 2 229 2 315
375 7 234 2 316
380 12 239 2 317
385 17 244 2 318
390 22 249 2 319
39 -22 246 14 320
44 -17 251 14 321
49 -12 256 14 322
54 -7 261 14 323
59 -2 266 14 324
64 2 271 14 325
69 7 276 14 326
74 12 281 14 327
79 17 286 14 328
84 22 291 14 329
59 -22 251 14 330
64 -17 256 14 331
69 -12 261 14 332
74 -7 266 14 333
79 -2 271 14 334
84 2 276 14 335
89 7 281 14 336
94 12 286 14 337
99 17 291 14 338
104 22 296 14 339
79 -22 246 14 340
84 -17 251 14 341
89 -12 256 14 342
94 -7 261 14 343
99 -2 266 14 344
104 2 271 14 345
109 7 276 14 346
114 12 281 14 347
119 17 286 14 348
124 22 291 14 349
99 -22 251 14 350
104 -17 256 14 351
109 -12 261 14 352
114 -7 266 14 353
119 -2 271 14 354
124 2 276 14 355
129 7 281 14 356
134 12 286 14 357
139 17 291 14 358
144 22 296 14 359
119 -22 246 14 360
124 -17 251 14 361
129 -12 256 14 362
134 -7 261 14 363
139 -2 266 14 364
144 2 271 14 365
149 7 276 14 366
154 12 281 14 367
159 17 286 14 368
164 22 291 14 369
139 -22 251 14 370
144 -17 256 14 371
149 -12 261 14 372
154 -7 266 14 373
159 -2 271 14 374
164 2 276 14 375
169 7 281 14 376
174 12 286 14 377
179 17 291 14 378
184 22 296 14 379
159 -22 246 14 380
164 -17 251 14 381
169 -12 256 14 382
174 -7 261 14 383
179 -2 266 14 384
184 2 271 14 385
189 7 276 14 386
194 12 281 14 387
199 17 286 14 388
204 22 291 14 389
179 -22 251 14 390
184 -17 256 14 391
189 -12 261 14 392
194 -7 266 14 393
199 -2 271 14 394
204 2 276 14 395
209 7 281 14 396
214 12 286 14 397
219 17 291 14 398
224 22 296 14 399
199 -22 246 14 400
204 -17 251 14 401
209 -12 256 14 402
214 -7 261 14 403
219 -2 266 14 404
224 2 271 14 405
229 7 276 14 406
234 12 281 14 407
239 17 286 14 408
244 22 291 14 409
219 -22 251 14 410
224 -17 256 14 411
229 -12 261 14 412
234 -7 266 14 413
239 -2 271 14 414
244 2 276 14 415
249 7 281 14 416
254 12 286 14 417
259 17 291 14 418
264 22 296 14 419
239 -22 246 14 420
244 -17 251 14 421
249 -12 256 14 422
254 -7 261 14 423
259 -2 266 14 424
264 2 271 14 425
269 7 276 14 426
274 12 281 14 427
279 17 286 14 428
284 22 291 14 429
259 -22 251 14 430
264 -17 256 14 431
269 -12 261 14 432
274 -7 266 14 433
279 -2 271 14 434
284 2 276 14 435
289 7 281 14 436
294 12 286 14 437
299 17 291 14 438
304 22 296 14 439
279 -22 246 14 440
284 -17 251 14 441
289 -12 256 14 442
294 -7 261 14 443
299 -2 266 14 444
304 2 271 14 445
309 7 276 14 446
314 12 281 14 447
319 17 286 14 448
324 22 291 14 449
299 -22 251 14 450
304 -17 256 14 451
309 -12 261 14 452
314 -7 266 14 453
319 -2 271 14 454
324 2 276 14 455
329 7 281 14 456
334 12 286 14 457
339 17 291 14 458
344 22 296 14 459
319 -22 246 14 460
324 -17 251 14 461
329 -12 256 14 462
334 -7 261 14 463
339 -2 266 14 464
344 2 271 14 465
349 7 276 14 466
354 12 281 14 467
359 17 286 14 468
364 22 291 14 469
339 -22 251 14 470
344 -17 256 14 471
349 -12 261 14 472
354 -7 266 14 473
359 -2 271 14 474
364 2 276 14 475
369 7 281 14 476
374 12 286 14 477
379 17 291 14 478
384 22 296 14 479
