480
51 -22 121 1 0
56 -17 126 1 1
61 -12 131 1 2
66 -7 136 1 3
71 -2 141 1 4
76 2 146 1 5
81 7 151 1 6
86 12 156 1 7
91 17 161 1 8
96 22 166 1 9
71 -22 122 1 10
76 -17 127 1 11
81 -12 132 1 12
86 -7 137 1 13
91 -2 142 1 14
96 2 147 1 15
101 7 152 1 16
106 12 157 1 17
111 17 162 1 18
116 22 167 1 19
91 -22 121 1 20
96 -17 126 1 21
101 -12 131 1 22
106 -7 136 1 23
111 -2 141 1 24
116 2 146 1 25
121 7 151 1 26
126 12 156 1 27
131 17 161 1 28
136 22 166 1 29
111 -22 122 1 30
116 -17 127 1 31
121 -12 132 1 32
126 -7 137 1 33
131 -2 142 1 34
136 2 147 1 35
141 7 152 1 36
146 12 157 1 37
151 17 162 1 38
156 22 167 1 39
131 -22 121 1 40
136 -17 126 1 41
141 -12 131 1 42
146 -7 136 1 43
151 -2 141 1 44
156 2 146 1 45
161 7 151 1 46
166 12 156 1 47
171 17 161 1 48
176 22 166 1 49
151 -22 122 1 50
156 -17 127 1 51
161 -12 132 1 52
166 -7 137 1 53
171 -2 142 1 54
176 2 147 1 55
181 7 152 1 56
186 12 157 1 57
191 17 162 1 58
196 22 167 1 59
171 -22 121 1 60
176 -17 126 1 61
181 -12 131 1 62
186 -7 136 1 63
191 -2 141 1 64
196 2 146 1 65
201 7 151 1 66
206 12 156 1 67
211 17 161 1 68
216 22 166 1 69
191 -22 122 1 70
196 -17 127 1 71
201 -12 132 1 72
206 -7 137 1 73
211 -2 142 1 74
216 2 147 1 75
221 7 152 1 76
226 12 157 1 77
231 17 162 1 78
236 22 167 1 79
211 -22 121 1 80
216 -17 126 1 81
221 -12 131 1 82
226 -7 136 1 83
231 -2 141 1 84
236 2 146 1 85
241 7 151 1 86
246 12 156 1 87
251 17 161 1 88
256 22 166 1 89
231 -22 122 1 90
236 -17 127 1 91
241 -12 132 1 92
246 -7 137 1 93
251 -2 142 1 94
256 2 147 1 95
261 7 152 1 96
266 12 157 1 97
271 17 162 1 98
276 22 167 1 99
251 -22 121 1 100
256 -17 126 1 101
261 -12 131 1 102
266 -7 136 1 103
271 -2 141 1 104
276 2 146 1 105
281 7 151 1 106
286 12 156 1 107
291 17 161 1 108
296 22 166 1 109
271 -22 122 1 110
276 -17 127 1 111
281 -12 132 1 112
286 -7 137 1 113
291 -2 142 1 114
296 2 147 1 115
301 7 152 1 116
306 12 157 1 117
311 17 162 1 118
316 22 167 1 119
291 -22 121 1 120
296 -17 126 1 121
301 -12 131 1 122
306 -7 136 1 123
311 -2 141 1 124
316 2 146 1 125
321 7 151 1 126
326 12 156 1 127
331 17 161 1 128
336 22 166 1 129
311 -22 122 1 130
316 -17 127 1 131
321 -12 132 1 132
326 -7 137 1 133
331 -2 142 1 134
336 2 147 1 135
341 7 152 1 136
346 12 157 1 137
351 17 162 1 138
356 22 167 1 139
331 -22 121 1 140
336 -17 126 1 141
341 -12 131 1 142
346 -7 136 1 143
351 -2 141 1 144
356 2 146 1 145
361 7 151 1 146
366 12 156 1 147
371 17 161 1 148
376 22 166 1 149
351 -22 122 1 150
356 -17 127 1 151
361 -12 132 1 152
366 -7 137 1 153
371 -2 142 1 154
376 2 147 1 155
381 7 152 1 156
386 12 157 1 157
391 17 162 1 158
396 22 167 1 159
45 -22 164 2 160
50 -17 169 2 161
55 -12 174 2 162
60 -7 179 2 163
65 -2 183 2 164
70 2 188 2 165
75 7 193 2 166
80 12 198 2 167
85 17 203 2 168
90 22 208 2 169
65 -22 165 2 170
70 -17 170 2 171
75 -12 175 2 172
80 -7 180 2 173
85 -2 184 2 174
90 2 189 2 175
95 7 194 2 176
100 12 199 2 177
105 17 204 2 178
110 22 209 2 179
85 -22 164 2 180
90 -17 169 2 181
95 -12 174 2 182
100 -7 179 2 183
105 -2 183 2 184
110 2 188 2 185
115 7 193 2 186
120 12 198 2 187
125 17 203 2 188
130 22 208 2 189
105 -22 165 2 190
110 -17 170 2 191
115 -12 175 2 192
120 -7 180 2 193
125 -2 184 2 194
130 2 189 2 195
135 7 194 2 196
140 12 199 2 197
145 17 204 2 198
150 22 209 2 199
125 -22 164 2 200
130 -17 169 2 201
135 -12 174 2 202
140 -7 179 2 203
145 -2 183 2 204
150 2 188 2 205
155 7 193 2 206
160 12 198 2 207
165 17 203 2 208
170 22 208 2 209
145 -22 165 2 210
150 -17 170 2 211
155 -12 175 2 212
160 -7 180 2 213
165 -2 184 2 214
170 2 189 2 215
175 7 194 2 216
180 12 199 2 217
185 17 204 2 218
190 22 209 2 219
165 -22 164 2 220
170 -17 169 2 221
175 -12 174 2 222
180 -7 179 2 223
185 -2 183 2 224
190 2 188 2 225
195 7 193 2 226
200 12 198 2 227
205 17 203 2 228
210 22 208 2 229
185 -22 165 2 230
190 -17 170 2 231
195 -12 175 2 232
200 -7 180 2 233
205 -2 184 2 234
210 2 189 2 235
215 7 194 2 236
220 12 199 2 237
225 17 204 2 238
230 22 209 2 239
205 -22 164 2 240
210 -17 169 2 241
215 -12 174 2 242
220 -7 179 2 243
225 -2 183 2 244
230 2 188 2 245
235 7 193 2 246
240 12 198 2 247
245 17 203 2 248
250 22 208 2 249
225 -22 165 2 250
230 -17 170 2 251
235 -12 175 2 252
240 -7 180 2 253
245 -2 184 2 254
250 2 189 2 255
255 7 194 2 256
260 12 199 2 257
265 17 204 2 258
270 22 209 2 259
245 -22 164 2 260
250 -17 169 2 261
255 -12 174 2 262
260 -7 179 2 263
265 -2 183 2 264
270 2 188 2 265
275 7 193 2 266
280 12 198 2 267
285 17 203 2 268
290 22 208 2 269
265 -22 165 2 270
270 -17 170 2 271
275 -12 175 2 272
280 -7 180 2 273
285 -2 184 2 274
290 2 189 2 275
295 7 194 2 276
300 12 199 2 277
305 17 204 2 278
310 22 209 2 279
285 -22 164 2 280
290 -17 169 2 281
295 -12 174 2 282
300 -7 179 2 283
305 -2 183 2 284
310 2 188 2 285
315 7 193 2 286
320 12 198 2 287
325 17 203 2 288
330 22 208 2 289
305 -22 165 2 290
310 -17 170 2 291
315 -12 175 2 292
320 -7 180 2 293
325 -2 184 2 294
330 2 189 2 295
335 7 194 2 296
340 12 199 2 297
345 17 204 2 298
350 22 209 2 299
325 -22 164 2 300
330 -17 169 2 301
335 -12 174 2 302
340 -7 179 2 303
345 -2 183 2 304
350 2 188 2 305
355 7 193 2 306
360 12 198 2 307
365 17 203 2 308
370 22 208 2 309
345 -22 165 2 310
350 -17 170 2 311
355 -12 175 2 312
360 -7 180 2 313
365 -2 184 2 314
370 2 189 2 315
375 7 194 2 316
380 12 199 2 317
385 17 204 2 318
390 22 209 2 319
39 -22 206 14 320
44 -17 211 14 321
49 -12 216 14 322
54 -7 221 14 323
59 -2 226 14 324
64 2 231 14 325
69 7 236 14 326
74 12 241 14 327
79 17 246 14 328
84 22 251 14 329
59 -22 207 14 330
64 -17 212 14 331
69 -12 217 14 332
74 -7 222 14 333
79 -2 227 14 334
84 2 232 14 335
89 7 237 14 336
94 12 242 14 337
99 17 247 14 338
104 22 252 14 339
79 -22 206 14 340
84 -17 211 14 341
89 -12 216 14 342
94 -7 221 14 343
99 -2 226 14 344
104 2 231 14 345
109 7 236 14 346
114 12 241 14 347
119 17 246 14 348
124 22 251 14 349
99 -22 207 14 350
104 -17 212 14 351
109 -12 217 14 352
114 -7 222 14 353
119 -2 227 14 354
124 2 232 14 355
129 7 237 14 356
134 12 242 14 357
139 17 247 14 358
144 22 252 14 359
119 -22 206 14 360
124 -17 211 14 361
129 -12 216 14 362
134 -7 221 14 363
139 -2 226 14 364
144 2 231 14 365
149 7 236 14 366
154 12 241 14 367
159 17 246 14 368
164 22 251 14 369
139 -22 207 14 370
144 -17 212 14 371
149 -12 217 14 372
154 -7 222 14 373
159 -2 227 14 374
164 2 232 14 375
169 7 237 14 376
174 12 242 14 377
179 17 247 14 378
184 22 252 14 379
159 -22 206 14 380
164 -17 211 14 381
169 -12 216 14 382
174 -7 221 14 383
179 -2 226 14 384
184 2 231 14 385
189 7 236 14 386
194 12 241 14 387
199 17 246 14 388
204 22 251 14 389
179 -22 207 14 390
184 -17 212 14 391
189 -12 217 14 392
194 -7 222 14 393
199 -2 227 14 394
204 2 232 14 395
209 7 237 14 396
214 12 242 14 397
219 17 247 14 398
224 22 252 14 399
199 -22 206 14 400
204 -17 211 14 401
209 -12 216 14 402
214 -7 221 14 403
219 -2 226 14 404
224 2 231 14 405
229 7 236 14 406
234 12 241 14 407
239 17 246 14 408
244 22 251 14 409
219 -22 207 14 410
224 -17 212 14 411
229 -12 217 14 412
234 -7 222 14 413
239 -2 227 14 414
244 2 232 14 415
249 7 237 14 416
254 12 242 14 417
259 17 247 14 418
264 22 252 14 419
239 -22 206 14 420
244 -17 211 14 421
249 -12 216 14 422
254 -7 221 14 423
259 -2 226 14 424
264 2 231 14 425
269 7 236 14 426
274 12 241 14 427
279 17 246 14 428
284 22 251 14 429
259 -22 207 14 430
264 -17 212 14 431
269 -12 217 14 432
274 -7 222 14 433
279 -2 227 14 434
284 2 232 14 435
289 7 237 14 436
294 12 242 14 437
299 17 247 14 438
304 22 252 14 439
279 -22 206 14 440
284 -17 211 14 441
289 -12 216 14 442
294 -7 221 14 443
299 -2 226 14 444
304 2 231 14 445
309 7 236 14 446
314 12 241 14 447
319 17 246 14 448
324 22 251 14 449
299 -22 207 14 450
304 -17 212 14 451
309 -12 217 14 452
314 -7 222 14 453
319 -2 227 14 454
324 2 232 14 455
329 7 237 14 456
334 12 242 14 457
339 17 247 14 458
344 22 252 14 459
319 -22 206 14 460
324 -17 211 14 461
329 -12 216 14 462
334 -7 221 14 463
339 -2 226 14 464
344 2 231 14 465
349 7 236 14 466
354 12 241 14 467
359 17 246 14 468
364 22 251 14 469
339 -22 207 14 470
344 -17 212 14 471
349 -12 217 14 472
354 -7 222 14 473
359 -2 227 14 474
364 2 232 14 475
369 7 237 14 476
374 12 242 14 477
379 17 247 14 478
384 22 252 14 479
