480
51 -22 140 1 0
56 -17 145 1 1
61 -12 150 1 2
66 -7 155 1 3
71 -2 160 1 4
76 2 165 1 5
81 7 170 1 6
86 12 175 1 7
91 17 180 1 8
96 22 184 1 9
71 -22 143 1 10
76 -17 148 1 11
81 -12 153 1 12
86 -7 158 1 13
91 -2 163 1 14
96 2 168 1 15
101 7 173 1 16
106 12 178 1 17
111 17 182 1 18
116 22 187 1 19
91 -22 140 1 20
96 -17 145 1 21
101 -12 150 1 22
106 -7 155 1 23
111 -2 160 1 24
116 2 165 1 25
121 7 170 1 26
126 12 175 1 27
131 17 180 1 28
136 22 184 1 29
111 -22 143 1 30
116 -17 148 1 31
121 -12 153 1 32
126 -7 158 1 33
131 -2 163 1 34
136 2 168 1 35
141 7 173 1 36
146 12 178 1 37
151 17 182 1 38
156 22 187 1 39
131 -22 140 1 40
136 -17 145 1 41
141 -12 150 1 42
146 -7 155 1 43
151 -2 160 1 44
156 2 165 1 45
161 7 170 1 46
166 12 175 1 47
171 17 180 1 48
176 22 184 1 49
151 -22 143 1 50
156 -17 148 1 51
161 -12 153 1 52
166 -7 158 1 53
171 -2 163 1 54
176 2 168 1 55
181 7 173 1 56
186 12 178 1 57
191 17 182 1 58
196 22 187 1 59
171 -22 140 1 60
176 -17 145 1 61
181 -12 150 1 62
186 -7 155 1 63
191 -2 160 1 64
196 2 165 1 65
201 7 170 1 66
206 12 175 1 67
211 17 180 1 68
216 22 184 1 69
191 -22 143 1 70
196 -17 148 1 71
201 -12 153 1 72
206 -7 158 1 73
211 -2 163 1 74
216 2 168 1 75
221 7 173 1 76
226 12 178 1 77
231 17 182 1 78
236 22 187 1 79
211 -22 140 1 80
216 -17 145 1 81
221 -12 150 1 82
226 -7 155 1 83
231 -2 160 1 84
236 2 165 1 85
241 7 170 1 86
246 12 175 1 87
251 17 180 1 88
256 22 184 1 89
231 -22 143 1 90
236 -17 148 1 91
241 -12 153 1 92
246 -7 158 1 93
251 -2 163 1 94
256 2 168 1 95
261 7 173 1 96
266 12 178 1 97
271 17 182 1 98
276 22 187 1 99
251 -22 140 1 100
256 -17 145 1 101
261 -12 150 1 102
266 -7 155 1 103
271 -2 160 1 104
276 2 165 1 105
281 7 170 1 106
286 12 175 1 107
291 17 180 1 108
296 22 184 1 109
271 -22 143 1 110
276 -17 148 1 111
281 -12 153 1 112
286 -7 158 1 113
291 -2 163 1 114
296 2 168 1 115
301 7 173 1 116
306 12 178 1 117
311 17 182 1 118
316 22 187 1 119
291 -22 140 1 120
296 -17 145 1 121
301 -12 150 1 122
306 -7 155 1 123
311 -2 160 1 124
316 2 165 1 125
321 7 170 1 126
326 12 175 1 127
331 17 180 1 128
336 22 184 1 129
311 -22 143 1 130
316 -17 148 1 131
321 -12 153 1 132
326 -7 158 1 133
331 -2 163 1 134
336 2 168 1 135
341 7 173 1 136
346 12 178 1 137
351 17 182 1 138
356 22 187 1 139
331 -22 140 1 140
336 -17 145 1 141
341 -12 150 1 142
346 -7 155 1 143
351 -2 160 1 144
356 2 165 1 145
361 7 170 1 146
366 12 175 1 147
371 17 180 1 148
376 22 184 1 149
351 -22 143 1 150
356 -17 148 1 151
361 -12 153 1 152
366 -7 158 1 153
371 -2 163 1 154
376 2 168 1 155
381 7 173 1 156
386 12 178 1 157
391 17 182 1 158
396 22 187 1 159
45 -22 184 2 160
50 -17 189 2 161
55 -12 194 2 162
60 -7 199 2 163
65 -2 204 2 164
70 2 209 2 165
75 7 214 2 166
80 12 219 2 167
85 17 224 2 168
90 22 229 2 169
65 -22 188 2 170
70 -17 193 2 171
75 -12 198 2 172
80 -7 203 2 173
85 -2 208 2 174
90 2 213 2 175
95 7 218 2 176
100 12 223 2 177
105 17 228 2 178
110 22 233 2 179
85 -22 184 2 180
90 -17 189 2 181
95 -12 194 2 182
100 -7 199 2 183
105 -2 204 2 184
110 2 209 2 185
115 7 214 2 186
120 12 219 2 187
125 17 224 2 188
130 22 229 2 189
105 -22 188 2 190
110 -17 193 2 191
115 -12 198 2 192
120 -7 203 2 193
125 -2 208 2 194
130 2 213 2 195
135 7 218 2 196
140 12 223 2 197
145 17 228 2 198
150 22 233 2 199
125 -22 184 2 200
130 -17 189 2 201
135 -12 194 2 202
140 -7 199 2 203
145 -2 204 2 204
150 2 209 2 205
155 7 214 2 206
160 12 219 2 207
165 17 224 2 208
170 22 229 2 209
145 -22 188 2 210
150 -17 193 2 211
155 -12 198 2 212
160 -7 203 2 213
165 -2 208 2 214
170 2 213 2 215
175 7 218 2 216
180 12 223 2 217
185 17 228 2 218
190 22 233 2 219
165 -22 184 2 220
170 -17 189 2 221
175 -12 194 2 222
180 -7 199 2 223
185 -2 204 2 224
190 2 209 2 225
195 7 214 2 226
200 12 219 2 227
205 17 224 2 228
210 22 229 2 229
185 -22 188 2 230
190 -17 193 2 231
195 -12 198 2 232
200 -7 203 2 233
205 -2 208 2 234
210 2 213 2 235
215 7 218 2 236
220 12 223 2 237
225 17 228 2 238
230 22 233 2 239
205 -22 184 2 240
210 -17 189 2 241
215 -12 194 2 242
220 -7 199 2 243
225 -2 204 2 244
230 2 209 2 245
235 7 214 2 246
240 12 219 2 247
245 17 224 2 248
250 22 229 2 249
225 -22 188 2 250
230 -17 193 2 251
235 -12 198 2 252
240 -7 203 2 253
245 -2 208 2 254
250 2 213 2 255
255 7 218 2 256
260 12 223 2 257
265 17 228 2 258
270 22 233 2 259
245 -22 184 2 260
250 -17 189 2 261
255 -12 194 2 262
260 -7 199 2 263
265 -2 204 2 264
270 2 209 2 265
275 7 214 2 266
280 12 219 2 267
285 17 224 2 268
290 22 229 2 269
265 -22 188 2 270
270 -17 193 2 271
275 -12 198 2 272
280 -7 203 2 273
285 -2 208 2 274
290 2 213 2 275
295 7 218 2 276
300 12 223 2 277
305 17 228 2 278
310 22 233 2 279
285 -22 184 2 280
290 -17 189 2 281
295 -12 194 2 282
300 -7 199 2 283
305 -2 204 2 284
310 2 209 2 285
315 7 214 2 286
320 12 219 2 287
325 17 224 2 288
330 22 229 2 289
305 -22 188 2 290
310 -17 193 2 291
315 -12 198 2 292
320 -7 203 2 293
325 -2 208 2 294
330 2 213 2 295
335 7 218 2 296
340 12 223 2 297
345 17 228 2 298
350 22 233 2 299
325 -22 184 2 300
330 -17 189 2 301
335 -12 194 2 302
340 -7 199 2 303
345 -2 204 2 304
350 2 209 2 305
355 7 214 2 306
360 12 219 2 307
365 17 224 2 308
370 22 229 2 309
345 -22 188 2 310
350 -17 193 2 311
355 -12 198 2 312
360 -7 203 2 313
365 -2 208 2 314
370 2 213 2 315
375 7 218 2 316
380 12 223 2 317
385 17 228 2 318
390 22 233 2 319
39 -22 230 14 320
44 -17 235 14 321
49 -12 240 14 322
54 -7 245 14 323
59 -2 250 14 324
64 2 255 14 325
69 7 260 14 326
74 12 265 14 327
79 17 270 14 328
84 22 275 14 329
59 -22 233 14 330
64 -17 238 14 331
69 -12 243 14 332
74 -7 248 14 333
79 -2 253 14 334
84 2 258 14 335
89 7 263 14 336
94 12 268 14 337
99 17 273 14 338
104 22 278 14 339
79 -22 230 14 340
84 -17 235 14 341
89 -12 240 14 342
94 -7 245 14 343
99 -2 250 14 344
104 2 255 14 345
109 7 260 14 346
114 12 265 14 347
119 17 270 14 348
124 22 275 14 349
99 -22 233 14 350
104 -17 238 14 351
109 -12 243 14 352
114 -7 248 14 353
119 -2 253 14 354
124 2 258 14 355
129 7 263 14 356
134 12 268 14 357
139 17 273 14 358
144 22 278 14 359
119 -22 230 14 360
124 -17 235 14 361
129 -12 240 14 362
134 -7 245 14 363
139 -2 250 14 364
144 2 255 14 365
149 7 260 14 366
154 12 265 14 367
159 17 270 14 368
164 22 275 14 369
139 -22 233 14 370
144 -17 238 14 371
149 -12 243 14 372
154 -7 248 14 373
159 -2 253 14 374
164 2 258 14 375
169 7 263 14 376
174 12 268 14 377
179 17 273 14 378
184 22 278 14 379
159 -22 230 14 380
164 -17 235 14 381
169 -12 240 14 382
174 -7 245 14 383
179 -2 250 14 384
184 2 255 14 385
189 7 260 14 386
194 12 265 14 387
199 17 270 14 388
204 22 275 14 389
179 -22 233 14 390
184 -17 238 14 391
189 -12 243 14 392
194 -7 248 14 393
199 -2 253 14 394
204 2 258 14 395
209 7 263 14 396
214 12 268 14 397
219 17 273 14 398
224 22 278 14 399
199 -22 230 14 400
204 -17 235 14 401
209 -12 240 14 402
214 -7 245 14 403
219 -2 250 14 404
224 2 255 14 405
229 7 260 14 406
234 12 265 14 407
239 17 270 14 408
244 22 275 14 409
219 -22 233 14 410
224 -17 238 14 411
229 -12 243 14 412
234 -7 248 14 413
239 -2 253 14 414
244 2 258 14 415
249 7 263 14 416
254 12 268 14 417
259 17 273 14 418
264 22 278 14 419
239 -22 230 14 420
244 -17 235 14 421
249 -12 240 14 422
254 -7 245 14 423
259 -2 250 14 424
264 2 255 14 425
269 7 260 14 426
274 12 265 14 427
279 17 270 14 428
284 22 275 14 429
259 -22 233 14 430
264 -17 238 14 431
269 -12 243 14 432
274 -7 248 14 433
279 -2 253 14 434
284 2 258 14 435
289 7 263 14 436
294 12 268 14 437
299 17 273 14 438
304 22 278 14 439
279 -22 230 14 440
284 -17 235 14 441
289 -12 240 14 442
294 -7 245 14 443
299 -2 250 14 444
304 2 255 14 445
309 7 260 14 446
314 12 265 14 447
319 17 270 14 448
324 22 275 14 449
299 -22 233 14 450
304 -17 238 14 451
309 -12 243 14 452
314 -7 248 14 453
319 -2 253 14 454
324 2 258 14 455
329 7 263 14 456
334 12 268 14 457
339 17 273 14 458
344 22 278 14 459
319 -22 230 14 460
324 -17 235 14 461
329 -12 240 14 462
334 -7 245 14 463
339 -2 250 14 464
344 2 255 14 465
349 7 260 14 466
354 12 265 14 467
359 17 270 14 468
364 22 275 14 469
339 -22 233 14 470
344 -17 238 14 471
349 -12 243 14 472
354 -7 248 14 473
359 -2 253 14 474
364 2 258 14 475
369 7 263 14 476
374 12 268 14 477
379 17 273 14 478
384 22 278 14 479
