480
13 -13 175 14 0
24 -10 170 14 1
49 -7 142 2 2
56 -4 145 2 3
59 -1 152 2 4
68 1 151 2 5
65 4 170 2 6
61 7 187 14 7
51 10 213 4 8
54 13 219 4 9
25 -13 180 14 10
42 -10 170 14 11
65 -7 150 2 12
68 -4 156 2 13
81 -1 148 2 14
88 1 151 2 15
96 4 154 2 16
90 7 170 2 17
69 10 213 4 18
71 13 224 4 19
37 -13 191 14 20
60 -10 178 14 21
87 -7 145 2 22
102 -4 132 2 23
108 -1 135 2 24
111 1 146 2 25
114 4 153 2 26
101 7 183 2 27
87 10 218 4 28
90 13 225 4 29
60 -13 188 4 30
100 -10 142 2 31
114 -7 133 2 32
121 -4 132 2 33
129 -1 135 2 34
137 1 142 2 35
140 4 150 2 36
143 7 160 2 37
125 10 211 4 38
128 13 223 4 39
74 -13 196 4 40
120 -10 139 2 41
126 -7 145 2 42
143 -4 132 2 43
151 -1 135 2 44
154 1 142 2 45
157 4 154 2 46
160 7 160 2 47
163 10 179 2 48
164 13 221 4 49
172 -13 66 15 50
135 -10 153 2 51
151 -7 142 2 52
160 -4 141 2 53
168 -1 135 2 54
177 1 138 2 55
185 4 150 2 56
188 7 157 2 57
179 10 213 4 58
182 13 223 4 59
184 -13 73 15 60
187 -10 92 15 61
190 -7 109 15 62
188 -4 136 2 63
191 -1 135 2 64
199 1 140 15 65
202 4 148 15 66
205 7 154 15 67
208 10 161 15 68
211 13 178 15 69
196 -13 92 15 70
199 -10 110 15 71
202 -7 120 15 72
205 -4 127 15 73
208 -1 133 15 74
213 1 142 2 75
216 4 150 2 76
219 7 157 2 77
219 10 181 15 78
216 13 219 4 79
208 -13 96 15 80
211 -10 103 15 81
213 -7 116 15 82
219 -4 132 2 83
227 -1 135 2 84
235 1 138 2 85
243 4 150 2 86
246 7 157 2 87
249 10 182 2 88
250 13 224 4 89
219 -13 77 15 90
221 -10 88 15 91
224 -7 87 15 92
232 -4 87 4 93
249 -1 135 2 94
252 1 142 2 95
261 4 150 2 96
264 7 157 2 97
267 10 179 2 98
270 13 228 4 99
230 -13 70 15 100
238 -10 69 4 101
247 -7 85 4 102
264 -4 132 2 103
267 -1 139 2 104
274 1 138 2 105
286 4 149 2 106
289 7 156 2 107
292 10 163 2 108
310 13 228 4 109
252 -13 67 4 110
261 -10 81 4 111
263 -7 72 4 112
285 -4 132 2 113
292 -1 135 2 114
295 1 141 2 115
301 4 154 2 116
307 7 157 2 117
329 10 186 2 118
349 13 220 4 119
274 -13 67 4 120
277 -10 78 4 121
301 -7 129 2 122
312 -4 148 2 123
315 -1 148 2 124
322 1 154 2 125
325 4 154 2 126
338 7 176 2 127
363 10 208 4 128
372 13 223 4 129
286 -13 63 4 130
357 -10 193 4 131
335 -7 150 2 132
333 -4 145 2 133
341 -1 152 2 134
344 1 151 2 135
367 4 191 14 136
375 7 203 4 137
387 10 217 4 138
400 13 234 14 139
378 -13 192 4 140
388 -10 199 14 141
380 -7 188 4 142
378 -4 182 14 143
357 -1 148 2 144
383 1 181 14 145
396 4 191 14 146
406 7 212 14 147
416 10 224 14 148
419 13 221 14 149
397 -13 184 14 150
407 -10 192 14 151
403 -7 184 14 152
397 -4 176 14 153
409 -1 185 14 154
419 1 198 14 155
415 4 184 14 156
425 7 187 14 157
428 10 195 14 158
431 13 203 14 159
10 -13 209 14 160
19 -10 201 14 161
28 -7 204 14 162
39 -4 200 14 163
56 -1 191 2 164
69 1 183 2 165
62 4 205 2 166
52 7 231 4 167
49 10 248 4 168
42 13 269 14 169
21 -13 221 14 170
34 -10 217 4 171
43 -7 214 4 172
65 -4 192 2 173
82 -1 180 2 174
85 1 188 2 175
83 4 201 2 176
66 7 240 4 177
69 10 247 4 178
67 13 261 4 179
40 -13 226 4 180
58 -10 209 4 181
61 -7 215 4 182
86 -4 187 2 183
94 -1 190 2 184
108 1 183 2 185
100 4 208 14 186
99 7 236 4 187
105 10 240 4 188
110 13 248 4 189
57 -13 225 4 190
71 -10 215 4 191
86 -7 204 14 192
103 -4 192 2 193
117 -1 190 2 194
120 1 202 2 195
122 4 216 14 196
122 7 235 4 197
122 10 250 4 198
125 13 259 4 199
75 -13 224 4 200
90 -10 219 4 201
122 -7 189 2 202
119 -4 219 4 203
142 -1 180 2 204
145 1 189 2 205
148 4 201 2 206
139 7 235 4 207
140 10 266 14 208
160 13 254 4 209
120 -13 215 4 210
125 -10 222 4 211
148 -7 185 2 212
157 -4 178 2 213
160 -1 186 2 214
162 1 198 2 215
165 4 232 4 216
172 7 232 4 217
176 10 242 4 218
179 13 255 4 219
136 -13 221 4 220
143 -10 220 4 221
167 -7 197 14 222
176 -4 200 14 223
187 -1 176 2 224
190 1 183 2 225
193 4 196 2 226
196 7 204 2 227
192 10 240 4 228
197 13 244 4 229
172 -13 222 4 230
179 -10 219 4 231
193 -7 180 2 232
201 -4 178 15 233
204 -1 178 15 234
210 1 183 2 235
210 4 197 15 236
210 7 219 14 237
210 10 243 4 238
213 13 258 4 239
189 -13 221 4 240
207 -10 176 15 241
213 -7 170 2 242
216 -4 183 2 243
219 -1 191 2 244
221 1 198 2 245
218 4 237 4 246
235 7 237 4 247
241 10 239 4 248
246 13 260 4 249
210 -13 210 4 250
219 -10 193 15 251
224 -7 194 2 252
243 -4 183 2 253
246 -1 176 2 254
248 1 183 2 255
251 4 206 2 256
256 7 235 4 257
261 10 249 4 258
265 13 257 4 259
238 -13 226 4 260
247 -10 218 4 261
251 -7 185 2 262
260 -4 173 2 263
263 -1 180 2 264
266 1 189 2 265
271 4 230 4 266
275 7 229 4 267
281 10 253 4 268
290 13 269 14 269
258 -13 218 4 270
265 -10 219 4 271
269 -7 197 14 272
275 -4 214 4 273
286 -1 203 14 274
291 1 183 2 275
294 4 196 2 276
307 7 240 4 277
314 10 242 4 278
325 13 253 4 279
279 -13 219 4 280
291 -10 186 2 281
294 -7 180 2 282
308 -4 196 2 283
311 -1 190 2 284
314 1 188 2 285
322 4 205 2 286
326 7 211 14 287
346 10 256 4 288
362 13 261 4 289
320 -13 218 4 290
319 -10 186 2 291
322 -7 184 2 292
320 -4 178 2 293
328 -1 185 2 294
331 1 183 2 295
343 4 201 2 296
364 7 236 4 297
377 10 253 4 298
389 13 269 14 299
365 -13 226 4 300
366 -10 226 4 301
366 -7 217 4 302
356 -4 200 14 303
349 -1 187 2 304
352 1 186 2 305
382 4 230 4 306
386 7 236 4 307
394 10 249 4 308
408 13 264 14 309
379 -13 218 4 310
379 -10 212 4 311
387 -7 220 4 312
388 -4 220 4 313
379 -1 203 14 314
395 1 224 4 315
402 4 232 4 316
414 7 247 14 317
424 10 259 14 318
427 13 257 14 319
6 -13 251 14 320
9 -10 260 14 321
26 -7 241 4 322
42 -4 232 14 323
52 -1 227 14 324
47 1 248 4 325
45 4 259 4 326
46 7 271 4 327
43 10 291 14 328
52 13 288 4 329
18 -13 262 14 330
30 -10 253 4 331
42 -7 247 4 332
52 -4 244 4 333
72 -1 227 14 334
81 1 227 2 335
65 4 261 4 336
59 7 288 14 337
68 10 291 14 338
79 13 294 14 339
30 -13 268 14 340
52 -10 247 4 341
56 -7 254 4 342
80 -4 232 14 343
89 -1 235 14 344
99 1 230 14 345
101 4 249 4 346
98 7 268 4 347
94 10 291 14 348
104 13 294 14 349
61 -13 254 4 350
64 -10 259 4 351
77 -7 254 4 352
104 -4 232 14 353
114 -1 227 14 354
110 1 254 4 355
119 4 257 4 356
120 7 266 4 357
118 10 282 4 358
122 13 294 14 359
99 -13 243 4 360
103 -10 248 4 361
112 -7 248 4 362
129 -4 224 14 363
131 -1 235 14 364
141 1 227 2 365
144 4 241 14 366
139 7 288 14 367
154 10 273 4 368
153 13 294 14 369
118 -13 249 4 370
121 -10 257 4 371
130 -7 249 4 372
147 -4 224 14 373
156 -1 224 2 374
159 1 238 14 375
163 4 260 4 376
167 7 265 4 377
172 10 274 4 378
171 13 294 14 379
130 -13 261 4 380
155 -10 247 4 381
161 -7 254 4 382
167 -4 247 4 383
175 -1 235 14 384
177 1 250 4 385
184 4 254 4 386
184 7 267 4 387
190 10 269 4 388
190 13 294 14 389
169 -13 250 4 390
173 -10 251 4 391
178 -7 254 4 392
191 -4 224 14 393
196 -1 224 2 394
203 1 226 15 395
201 4 256 4 396
204 7 267 4 397
206 10 283 4 398
212 13 294 14 399
184 -13 256 4 400
195 -10 241 4 401
201 -7 238 4 402
209 -4 227 15 403
217 -1 227 14 404
214 1 258 4 405
225 4 241 14 406
229 7 273 4 407
235 10 279 4 408
240 13 284 4 409
204 -13 245 4 410
209 -10 252 4 411
212 -7 259 4 412
229 -4 250 4 413
238 -1 227 14 414
244 1 238 14 415
247 4 250 4 416
249 7 271 4 417
253 10 291 14 418
259 13 283 4 419
230 -13 268 14 420
240 -10 251 4 421
246 -7 249 4 422
250 -4 245 4 423
260 -1 220 2 424
262 1 227 2 425
266 4 260 4 426
269 7 273 4 427
276 10 276 4 428
278 13 294 14 429
252 -13 254 4 430
258 -10 252 4 431
265 -7 251 4 432
270 -4 249 4 433
275 -1 235 14 434
280 1 254 4 435
287 4 276 4 436
299 7 279 4 437
305 10 282 4 438
309 13 294 14 439
274 -13 251 4 440
278 -10 251 4 441
286 -7 262 4 442
292 -4 232 14 443
297 -1 224 2 444
306 1 230 14 445
312 4 241 14 446
322 7 268 4 447
327 10 272 4 448
332 13 294 14 449
307 -13 257 4 450
313 -10 257 4 451
319 -7 249 4 452
323 -4 248 4 453
320 -1 219 2 454
329 1 250 4 455
332 4 249 4 456
348 7 278 4 457
353 10 291 14 458
369 13 294 14 459
333 -13 255 4 460
339 -10 260 4 461
337 -7 248 4 462
338 -4 232 14 463
349 -1 235 14 464
351 1 230 14 465
367 4 263 4 466
374 7 274 4 467
383 10 285 4 468
388 13 294 14 469
368 -13 253 4 470
376 -10 261 4 471
376 -7 258 4 472
377 -4 254 4 473
378 -1 253 4 474
373 1 238 14 475
386 4 258 4 476
392 7 265 4 477
400 10 274 4 478
416 13 294 14 479
