480
23 -15 159 14 0
32 -12 157 14 1
52 -8 137 2 2
59 -5 141 2 3
63 -1 147 2 4
70 1 148 2 5
69 5 163 2 6
68 8 177 14 7
61 12 197 4 8
65 15 203 4 9
37 -15 162 14 10
51 -12 157 14 11
69 -8 143 2 12
73 -5 149 2 13
84 -1 144 2 14
91 1 148 2 15
97 5 151 2 16
94 8 165 2 17
80 12 197 4 18
83 15 206 4 19
51 -15 171 14 20
70 -12 162 14 21
91 -8 140 2 22
103 -5 131 2 23
109 -1 135 2 24
113 1 144 2 25
116 5 151 2 26
108 8 175 2 27
98 12 201 4 28
102 15 207 4 29
74 -15 169 4 30
104 -12 136 2 31
116 -8 130 2 32
123 -5 131 2 33
130 -1 135 2 34
137 1 141 2 35
140 5 148 2 36
144 8 157 2 37
132 12 196 4 38
136 15 206 4 39
89 -15 175 4 40
124 -12 134 2 41
130 -8 140 2 42
144 -5 131 2 43
151 -1 135 2 44
155 1 141 2 45
158 5 151 2 46
162 8 157 2 47
165 12 172 2 48
168 15 204 4 49
167 -15 78 15 50
140 -12 144 2 51
154 -8 137 2 52
162 -5 138 2 53
169 -1 135 2 54
177 1 138 2 55
184 5 148 2 56
188 8 155 2 57
183 12 197 4 58
186 15 206 4 59
181 -15 84 15 60
184 -12 99 15 61
188 -8 113 15 62
188 -5 134 2 63
191 -1 135 2 64
198 1 139 15 65
202 5 147 15 66
205 8 153 15 67
209 12 159 15 68
212 15 173 15 69
195 -15 98 15 70
198 -12 112 15 71
202 -8 121 15 72
205 -5 127 15 73
209 -1 133 15 74
214 1 141 2 75
218 5 148 2 76
220 8 155 2 77
222 12 175 15 78
221 15 203 4 79
209 -15 101 15 80
212 -12 107 15 81
216 -8 118 15 82
220 -5 131 2 83
228 -1 135 2 84
235 1 138 2 85
242 5 148 2 86
246 8 155 2 87
249 12 175 2 88
252 15 207 4 89
222 -15 87 15 90
225 -12 96 15 91
228 -8 96 15 92
236 -5 98 4 93
249 -1 135 2 94
253 1 141 2 95
261 5 148 2 96
264 8 155 2 97
268 12 172 2 98
271 15 209 4 99
235 -15 81 15 100
242 -12 82 4 101
250 -8 95 4 102
264 -5 131 2 103
268 -1 137 2 104
275 1 138 2 105
285 5 148 2 106
288 8 154 2 107
292 12 161 2 108
306 15 210 4 109
257 -15 79 4 110
265 -12 91 4 111
268 -8 85 4 112
285 -5 131 2 113
292 -1 135 2 114
295 1 141 2 115
301 5 151 2 116
307 8 155 2 117
324 12 178 2 118
340 15 204 4 119
278 -15 79 4 120
282 -12 89 4 121
301 -8 128 2 122
310 -5 143 2 123
314 -1 144 2 124
321 1 150 2 125
324 5 151 2 126
335 8 169 2 127
354 12 193 4 128
362 15 206 4 129
292 -15 76 4 130
346 -12 174 4 131
331 -8 143 2 132
331 -5 141 2 133
338 -1 147 2 134
342 1 148 2 135
360 5 179 14 136
368 8 188 4 137
378 12 200 4 138
388 15 214 14 139
366 -15 172 4 140
374 -12 179 14 141
369 -8 172 4 142
369 -5 169 14 143
356 -1 144 2 144
376 1 170 14 145
387 5 179 14 146
395 8 195 14 147
404 12 205 14 148
408 15 204 14 149
385 -15 166 14 150
394 -12 173 14 151
392 -8 169 14 152
389 -5 164 14 153
399 -1 173 14 154
408 1 182 14 155
406 5 174 14 156
415 8 177 14 157
418 12 184 14 158
422 15 191 14 159
19 -15 194 14 160
27 -12 190 14 161
36 -8 194 14 162
44 -5 192 14 163
58 -1 187 2 164
69 1 182 2 165
65 5 199 2 166
59 8 220 4 167
58 12 234 4 168
55 15 251 14 169
33 -15 204 14 170
44 -12 202 4 171
52 -8 201 4 172
69 -5 186 2 173
83 -1 179 2 174
86 1 186 2 175
87 5 196 2 176
75 8 227 4 177
79 12 233 4 178
79 15 245 4 179
52 -15 207 4 180
66 -12 196 4 181
70 -8 201 4 182
90 -5 183 2 183
97 -1 186 2 184
109 1 182 2 185
104 5 202 14 186
104 8 224 4 187
110 12 228 4 188
116 15 235 4 189
70 -15 206 4 190
81 -12 201 4 191
94 -8 194 14 192
107 -5 186 2 193
119 -1 186 2 194
122 1 196 2 195
126 5 208 14 196
127 8 223 4 197
128 12 236 4 198
131 15 243 4 199
88 -15 206 4 200
100 -12 204 4 201
126 -8 182 2 202
124 -5 206 4 203
143 -1 180 2 204
146 1 186 2 205
150 5 197 2 206
144 8 223 4 207
146 12 248 14 208
163 15 239 4 209
126 -15 199 4 210
131 -12 206 4 211
150 -8 180 2 212
158 -5 176 2 213
161 -1 183 2 214
165 1 193 2 215
168 5 220 4 216
175 8 221 4 217
178 12 230 4 218
182 15 240 4 219
144 -15 204 4 220
150 -12 204 4 221
169 -8 188 14 222
177 -5 192 14 223
187 -1 176 2 224
190 1 182 2 225
194 5 193 2 226
197 8 200 2 227
196 12 228 4 228
201 15 232 4 229
176 -15 204 4 230
182 -12 204 4 231
194 -8 177 2 232
201 -5 176 15 233
204 -1 177 15 234
210 1 182 2 235
211 5 194 15 236
213 8 211 14 237
214 12 230 4 238
218 15 242 4 239
193 -15 203 4 240
208 -12 172 15 241
214 -8 169 2 242
217 -5 180 2 243
220 -1 186 2 244
223 1 193 2 245
222 5 223 4 246
236 8 224 4 247
242 12 227 4 248
247 15 244 4 249
214 -15 196 4 250
221 -12 184 15 251
226 -8 186 2 252
242 -5 180 2 253
245 -1 176 2 254
249 1 182 2 255
252 5 200 2 256
257 8 223 4 257
262 12 234 4 258
266 15 242 4 259
240 -15 207 4 260
248 -12 202 4 261
252 -8 180 2 262
260 -5 173 2 263
263 -1 180 2 264
267 1 186 2 265
272 5 218 4 266
276 8 219 4 267
282 12 238 4 268
290 15 251 14 269
259 -15 201 4 270
266 -12 204 4 271
271 -8 188 14 272
276 -5 202 4 273
286 -1 195 14 274
291 1 182 2 275
294 5 193 2 276
305 8 227 4 277
311 12 230 4 278
321 15 239 4 279
280 -15 202 4 280
291 -12 180 2 281
294 -8 176 2 282
306 -5 189 2 283
310 -1 186 2 284
313 1 186 2 285
320 5 200 2 286
324 8 206 14 287
340 12 240 4 288
353 15 245 4 289
316 -15 201 4 290
316 -12 180 2 291
320 -8 180 2 292
320 -5 176 2 293
327 -1 182 2 294
330 1 182 2 295
341 5 196 2 296
357 8 224 4 297
369 12 237 4 298
379 15 251 14 299
354 -15 207 4 300
356 -12 209 4 301
358 -8 204 4 302
352 -5 192 14 303
348 -1 184 2 304
351 1 184 2 305
375 5 218 4 306
379 8 224 4 307
387 12 235 4 308
398 15 247 14 309
370 -15 201 4 310
371 -12 199 4 311
378 -8 206 4 312
380 -5 206 4 313
375 -1 195 14 314
388 1 212 4 315
395 5 220 4 316
405 8 232 14 317
414 12 242 14 318
417 15 242 14 319
15 -15 237 14 320
18 -12 245 14 321
32 -8 232 4 322
45 -5 226 14 323
54 -1 224 14 324
52 1 241 4 325
52 5 251 4 326
54 8 261 4 327
52 12 277 14 328
61 15 276 4 329
29 -15 245 14 330
39 -12 240 4 331
49 -8 236 4 332
58 -5 235 4 333
74 -1 224 14 334
82 1 225 2 335
71 5 252 4 336
68 8 273 14 337
76 12 277 14 338
86 15 280 14 339
43 -15 249 14 340
61 -12 235 4 341
65 -8 242 4 342
84 -5 226 14 343
92 -1 230 14 344
101 1 228 14 345
103 5 243 4 346
102 8 258 4 347
101 12 277 14 348
109 15 280 14 349
71 -15 239 4 350
74 -12 244 4 351
85 -8 242 4 352
107 -5 226 14 353
116 -1 224 14 354
114 1 245 4 355
121 5 249 4 356
124 8 257 4 357
124 12 270 4 358
128 15 280 14 359
105 -15 231 4 360
109 -12 236 4 361
117 -8 237 4 362
130 -5 221 14 363
133 -1 230 14 364
142 1 226 2 365
145 5 237 14 366
143 8 273 14 367
155 12 264 4 368
156 15 280 14 369
124 -15 235 4 370
127 -12 242 4 371
135 -8 238 4 372
149 -5 221 14 373
157 -1 222 2 374
161 1 233 14 375
165 5 251 4 376
169 8 256 4 377
174 12 264 4 378
175 15 280 14 379
138 -15 244 4 380
157 -12 235 4 381
163 -8 242 4 382
169 -5 237 4 383
176 -1 230 14 384
179 1 242 4 385
185 5 247 4 386
187 8 258 4 387
192 12 261 4 388
194 15 280 14 389
171 -15 236 4 390
176 -12 238 4 391
181 -8 242 4 392
192 -5 221 14 393
197 -1 222 2 394
204 1 225 15 395
203 5 248 4 396
206 8 258 4 397
210 12 271 4 398
216 15 280 14 399
188 -15 240 4 400
197 -12 231 4 401
203 -8 230 4 402
211 -5 223 15 403
218 -1 224 14 404
217 1 249 4 405
226 5 237 14 406
230 8 262 4 407
236 12 268 4 408
241 15 273 4 409
208 -15 232 4 410
213 -12 239 4 411
217 -8 245 4 412
230 -5 240 4 413
238 -1 224 14 414
244 1 233 14 415
247 5 244 4 416
250 8 261 4 417
254 12 277 14 418
260 15 272 4 419
233 -15 249 14 420
241 -12 238 4 421
247 -8 238 4 422
251 -5 236 4 423
259 -1 219 2 424
263 1 226 2 425
267 5 251 4 426
270 8 262 4 427
277 12 266 4 428
280 15 280 14 429
254 -15 239 4 430
259 -12 239 4 431
266 -8 239 4 432
271 -5 239 4 433
276 -1 230 14 434
281 1 245 4 435
288 5 263 4 436
297 8 267 4 437
304 12 270 4 438
308 15 280 14 439
275 -15 237 4 440
279 -12 238 4 441
287 -8 247 4 442
293 -5 226 14 443
297 -1 222 2 444
305 1 228 14 445
311 5 237 14 446
319 8 258 4 447
325 12 263 4 448
330 15 280 14 449
305 -15 241 4 450
310 -12 243 4 451
317 -8 238 4 452
320 -5 238 4 453
319 -1 219 2 454
328 1 243 4 455
331 5 243 4 456
344 8 266 4 457
349 12 277 14 458
362 15 280 14 459
329 -15 240 4 460
335 -12 245 4 461
335 -8 237 4 462
337 -5 226 14 463
347 -1 230 14 464
349 1 228 14 465
362 5 254 4 466
369 8 263 4 467
376 12 272 4 468
382 15 280 14 469
360 -15 238 4 470
368 -12 246 4 471
368 -8 244 4 472
371 -5 243 4 473
373 -1 244 4 474
370 1 233 14 475
382 5 250 4 476
387 8 256 4 477
394 12 264 4 478
408 15 280 14 479
