480
27 -16 152 14 0
36 -12 151 14 1
53 -9 135 2 2
60 -5 139 2 3
64 -1 145 2 4
71 1 146 2 5
71 5 160 2 6
71 9 173 14 7
66 12 191 4 8
69 16 197 4 9
42 -16 155 14 10
54 -12 151 14 11
71 -9 140 2 12
75 -5 146 2 13
85 -1 143 2 14
91 1 146 2 15
98 5 150 2 16
96 9 162 2 17
84 12 191 4 18
87 16 200 4 19
57 -16 163 14 20
73 -12 156 14 21
92 -9 137 2 22
104 -5 131 2 23
110 -1 135 2 24
113 1 143 2 25
117 5 150 2 26
111 9 171 2 27
103 12 194 4 28
107 16 201 4 29
79 -16 161 4 30
106 -12 134 2 31
117 -9 129 2 32
123 -5 131 2 33
130 -1 135 2 34
137 1 141 2 35
140 5 147 2 36
144 9 156 2 37
135 12 190 4 38
139 16 199 4 39
95 -16 166 4 40
126 -12 132 2 41
132 -9 137 2 42
144 -5 131 2 43
151 -1 135 2 44
155 1 141 2 45
159 5 150 2 46
162 9 156 2 47
166 12 170 2 48
169 16 198 4 49
165 -16 83 15 50
143 -12 140 2 51
155 -9 135 2 52
162 -5 136 2 53
170 -1 135 2 54
177 1 138 2 55
184 5 147 2 56
187 9 154 2 57
184 12 191 4 58
187 16 199 4 59
180 -16 88 15 60
183 -12 101 15 61
187 -9 114 15 62
187 -5 133 2 63
191 -1 135 2 64
198 1 139 15 65
202 5 146 15 66
205 9 152 15 67
209 12 158 15 68
213 16 171 15 69
194 -16 100 15 70
198 -12 113 15 71
202 -9 121 15 72
205 -5 127 15 73
209 -1 133 15 74
215 1 141 2 75
218 5 147 2 76
221 9 154 2 77
223 12 172 15 78
223 16 196 4 79
209 -16 102 15 80
213 -12 109 15 81
216 -9 119 15 82
221 -5 131 2 83
228 -1 135 2 84
235 1 138 2 85
242 5 147 2 86
246 9 154 2 87
250 12 172 2 88
252 16 200 4 89
223 -16 90 15 90
226 -12 99 15 91
230 -9 100 15 92
237 -5 102 4 93
250 -1 135 2 94
253 1 141 2 95
261 5 147 2 96
264 9 154 2 97
268 12 170 2 98
272 16 202 4 99
238 -16 86 15 100
244 -12 87 4 101
252 -9 99 4 102
264 -5 131 2 103
268 -1 137 2 104
275 1 138 2 105
284 5 147 2 106
288 9 153 2 107
291 12 160 2 108
305 16 202 4 109
259 -16 84 4 110
266 -12 95 4 111
270 -9 91 4 112
285 -5 131 2 113
291 -1 135 2 114
295 1 140 2 115
301 5 150 2 116
307 9 154 2 117
322 12 175 2 118
337 16 197 4 119
280 -16 84 4 120
284 -12 93 4 121
301 -9 127 2 122
310 -5 141 2 123
313 -1 143 2 124
320 1 148 2 125
324 5 150 2 126
334 9 166 2 127
351 12 188 4 128
359 16 199 4 129
295 -16 81 4 130
342 -12 166 4 131
330 -9 140 2 132
330 -5 139 2 133
337 -1 145 2 134
341 1 146 2 135
357 5 174 14 136
365 9 183 4 137
374 12 193 4 138
384 16 206 14 139
361 -16 164 4 140
369 -12 170 14 141
365 -9 165 4 142
366 -5 163 14 143
355 -1 143 2 144
373 1 166 14 145
383 5 174 14 146
391 9 188 14 147
400 12 198 14 148
403 16 198 14 149
380 -16 159 14 150
388 -12 166 14 151
387 -9 163 14 152
385 -5 159 14 153
395 -1 167 14 154
403 1 177 14 155
402 5 170 14 156
411 9 173 14 157
414 12 180 14 158
418 16 186 14 159
23 -16 189 14 160
30 -12 186 14 161
38 -9 190 14 162
47 -5 189 14 163
59 -1 185 2 164
69 1 182 2 165
67 5 197 2 166
62 9 216 4 167
62 12 228 4 168
60 16 244 14 169
38 -16 197 14 170
48 -12 196 4 171
55 -9 196 4 172
70 -5 184 2 173
83 -1 179 2 174
87 1 185 2 175
88 5 195 2 176
79 9 222 4 177
82 12 228 4 178
83 16 238 4 179
56 -16 200 4 180
70 -12 191 4 181
73 -9 196 4 182
91 -5 181 2 183
98 -1 184 2 184
109 1 182 2 185
105 5 200 14 186
107 9 219 4 187
112 12 223 4 188
118 16 230 4 189
75 -16 199 4 190
85 -12 195 4 191
97 -9 190 14 192
109 -5 184 2 193
120 -1 184 2 194
124 1 194 2 195
127 5 204 14 196
129 9 218 4 197
130 12 230 4 198
134 16 237 4 199
93 -16 199 4 200
105 -12 198 4 201
127 -9 180 2 202
127 -5 201 4 203
143 -1 179 2 204
147 1 185 2 205
151 5 195 2 206
147 9 219 4 207
149 12 240 14 208
164 16 234 4 209
129 -16 193 4 210
134 -12 199 4 211
151 -9 178 2 212
158 -5 175 2 213
162 -1 182 2 214
165 1 191 2 215
169 5 215 4 216
175 9 217 4 217
179 12 225 4 218
183 16 235 4 219
147 -16 197 4 220
153 -12 198 4 221
170 -9 185 14 222
178 -5 189 14 223
187 -1 176 2 224
190 1 182 2 225
194 5 192 2 226
198 9 199 2 227
197 12 223 4 228
202 16 228 4 229
177 -16 197 4 230
183 -12 198 4 231
194 -9 175 2 232
201 -5 175 15 233
205 -1 177 15 234
210 1 182 2 235
212 5 192 15 236
214 9 208 14 237
216 12 225 4 238
219 16 237 4 239
195 -16 197 4 240
208 -12 170 15 241
214 -9 169 2 242
217 -5 179 2 243
220 -1 185 2 244
224 1 191 2 245
223 5 218 4 246
237 9 219 4 247
242 12 223 4 248
248 16 238 4 249
216 -16 190 4 250
222 -12 181 15 251
228 -9 183 2 252
241 -5 179 2 253
245 -1 176 2 254
249 1 182 2 255
253 5 198 2 256
257 9 218 4 257
262 12 229 4 258
267 16 236 4 259
240 -16 200 4 260
248 -12 197 4 261
253 -9 178 2 262
260 -5 172 2 263
264 -1 179 2 264
267 1 185 2 265
272 5 213 4 266
276 9 215 4 267
283 12 232 4 268
290 16 244 14 269
260 -16 195 4 270
266 -12 198 4 271
271 -9 185 14 272
277 -5 198 4 273
286 -1 192 14 274
291 1 182 2 275
294 5 192 2 276
304 9 222 4 277
310 12 225 4 278
319 16 234 4 279
281 -16 196 4 280
291 -12 177 2 281
294 -9 175 2 282
305 -5 187 2 283
309 -1 184 2 284
313 1 185 2 285
319 5 198 2 286
324 9 203 14 287
338 12 234 4 288
350 16 238 4 289
314 -16 195 4 290
315 -12 177 2 291
319 -9 178 2 292
320 -5 175 2 293
326 -1 181 2 294
330 1 182 2 295
340 5 195 2 296
355 9 219 4 297
365 12 232 4 298
375 16 244 14 299
350 -16 200 4 300
352 -12 202 4 301
354 -9 198 4 302
350 -5 189 14 303
348 -1 183 2 304
351 1 183 2 305
372 5 214 4 306
376 9 219 4 307
384 12 229 4 308
394 16 240 14 309
366 -16 195 4 310
368 -12 193 4 311
375 -9 200 4 312
377 -5 201 4 313
374 -1 192 14 314
386 1 208 4 315
392 5 215 4 316
401 9 226 14 317
410 12 235 14 318
414 16 236 14 319
18 -16 231 14 320
22 -12 239 14 321
35 -9 228 4 322
46 -5 224 14 323
55 -1 223 14 324
54 1 238 4 325
54 5 247 4 326
57 9 257 4 327
56 12 271 14 328
64 16 271 4 329
33 -16 238 14 330
43 -12 234 4 331
52 -9 232 4 332
60 -5 232 4 333
75 -1 223 14 334
83 1 225 2 335
74 5 249 4 336
72 9 267 14 337
80 12 271 14 338
89 16 275 14 339
48 -16 242 14 340
64 -12 230 4 341
68 -9 237 4 342
85 -5 224 14 343
93 -1 228 14 344
101 1 227 14 345
104 5 241 4 346
104 9 255 4 347
104 12 271 14 348
111 16 275 14 349
75 -16 233 4 350
79 -12 238 4 351
89 -9 237 4 352
108 -5 224 14 353
116 -1 223 14 354
115 1 242 4 355
123 5 246 4 356
125 9 254 4 357
126 12 266 4 358
130 16 275 14 359
107 -16 226 4 360
111 -12 231 4 361
119 -9 233 4 362
131 -5 220 14 363
134 -1 228 14 364
143 1 225 2 365
146 5 235 14 366
145 9 267 14 367
156 12 260 4 368
157 16 275 14 369
126 -16 230 4 370
130 -12 237 4 371
137 -9 234 4 372
150 -5 220 14 373
157 -1 221 2 374
161 1 232 14 375
165 5 248 4 376
170 9 253 4 377
175 12 260 4 378
176 16 275 14 379
141 -16 238 4 380
158 -12 231 4 381
164 -9 237 4 382
170 -5 234 4 383
177 -1 228 14 384
180 1 239 4 385
186 5 244 4 386
188 9 254 4 387
193 12 257 4 388
195 16 275 14 389
173 -16 231 4 390
177 -12 233 4 391
182 -9 237 4 392
193 -5 220 14 393
197 -1 221 2 394
204 1 224 15 395
204 5 245 4 396
208 9 254 4 397
211 12 266 4 398
217 16 275 14 399
190 -16 234 4 400
198 -12 227 4 401
204 -9 226 4 402
211 -5 221 15 403
218 -1 223 14 404
218 1 245 4 405
226 5 235 14 406
231 9 258 4 407
236 12 263 4 408
241 16 269 4 409
210 -16 227 4 410
215 -12 234 4 411
219 -9 240 4 412
230 -5 236 4 413
238 -1 223 14 414
244 1 232 14 415
247 5 241 4 416
251 9 257 4 417
255 12 271 14 418
261 16 268 4 419
233 -16 242 14 420
241 -12 233 4 421
247 -9 233 4 422
251 -5 233 4 423
259 -1 219 2 424
263 1 225 2 425
267 5 248 4 426
271 9 258 4 427
277 12 262 4 428
280 16 275 14 429
254 -16 233 4 430
260 -12 234 4 431
266 -9 235 4 432
271 -5 235 4 433
277 -1 228 14 434
281 1 242 4 435
288 5 258 4 436
297 9 262 4 437
303 12 265 4 438
307 16 275 14 439
275 -16 231 4 440
280 -12 233 4 441
287 -9 242 4 442
293 -5 224 14 443
297 -1 221 2 444
305 1 227 14 445
311 5 235 14 446
319 9 255 4 447
324 12 259 4 448
329 16 275 14 449
304 -16 235 4 450
309 -12 237 4 451
315 -9 233 4 452
319 -5 235 4 453
319 -1 218 2 454
327 1 240 4 455
331 5 241 4 456
343 9 261 4 457
348 12 271 14 458
359 16 275 14 459
328 -16 234 4 460
333 -12 239 4 461
334 -9 233 4 462
336 -5 224 14 463
345 -1 228 14 464
348 1 227 14 465
360 5 250 4 466
367 9 259 4 467
374 12 267 4 468
379 16 275 14 469
357 -16 232 4 470
364 -12 240 4 471
366 -9 239 4 472
368 -5 239 4 473
371 -1 240 4 474
369 1 232 14 475
380 5 247 4 476
385 9 253 4 477
392 12 260 4 478
404 16 275 14 479
