480
19 -14 165 14 0
29 -11 162 14 1
51 -8 139 2 2
58 -4 142 2 3
61 -1 149 2 4
69 1 149 2 5
68 4 166 2 6
65 8 181 14 7
57 11 204 4 8
60 14 210 4 9
32 -14 169 14 10
47 -11 162 14 11
68 -8 146 2 12
71 -4 152 2 13
83 -1 146 2 14
90 1 149 2 15
97 4 152 2 16
92 8 167 2 17
75 11 204 4 18
78 14 213 4 19
45 -14 180 14 20
66 -11 169 14 21
89 -8 142 2 22
103 -4 132 2 23
109 -1 135 2 24
112 1 145 2 25
115 4 152 2 26
105 8 179 2 27
94 11 208 4 28
97 14 215 4 29
68 -14 177 4 30
103 -11 139 2 31
115 -8 131 2 32
122 -4 132 2 33
129 -1 135 2 34
137 1 141 2 35
140 4 149 2 36
143 8 159 2 37
129 11 202 4 38
133 14 213 4 39
83 -14 183 4 40
122 -11 136 2 41
128 -8 142 2 42
143 -4 132 2 43
151 -1 135 2 44
155 1 141 2 45
158 4 152 2 46
161 8 159 2 47
164 11 175 2 48
166 14 211 4 49
169 -14 73 15 50
138 -11 148 2 51
153 -8 139 2 52
161 -4 139 2 53
169 -1 135 2 54
177 1 138 2 55
184 4 149 2 56
188 8 155 2 57
181 11 204 4 58
184 14 213 4 59
182 -14 79 15 60
185 -11 96 15 61
189 -8 111 15 62
188 -4 135 2 63
191 -1 135 2 64
198 1 140 15 65
202 4 147 15 66
205 8 153 15 67
208 11 159 15 68
211 14 175 15 69
195 -14 95 15 70
198 -11 111 15 71
202 -8 120 15 72
205 -4 127 15 73
208 -1 133 15 74
214 1 141 2 75
217 4 149 2 76
220 8 155 2 77
220 11 178 15 78
220 14 209 4 79
208 -14 99 15 80
211 -11 105 15 81
215 -8 118 15 82
220 -4 132 2 83
227 -1 135 2 84
235 1 138 2 85
243 4 149 2 86
246 8 155 2 87
249 11 179 2 88
251 14 214 4 89
220 -14 83 15 90
223 -11 93 15 91
227 -8 92 15 92
234 -4 94 4 93
249 -1 135 2 94
253 1 141 2 95
261 4 149 2 96
264 8 155 2 97
267 11 175 2 98
270 14 217 4 99
233 -14 76 15 100
240 -11 77 4 101
249 -8 91 4 102
264 -4 132 2 103
267 -1 138 2 104
275 1 138 2 105
285 4 148 2 106
288 8 155 2 107
292 11 162 2 108
308 14 217 4 109
255 -14 74 4 110
263 -11 87 4 111
266 -8 80 4 112
285 -4 132 2 113
292 -1 135 2 114
295 1 141 2 115
301 4 152 2 116
307 8 155 2 117
326 11 181 2 118
344 14 210 4 119
276 -14 74 4 120
280 -11 84 4 121
301 -8 128 2 122
311 -4 145 2 123
314 -1 146 2 124
321 1 152 2 125
325 4 152 2 126
336 8 172 2 127
358 11 199 4 128
366 14 213 4 129
289 -14 71 4 130
351 -11 181 4 131
333 -8 146 2 132
332 -4 142 2 133
339 -1 149 2 134
343 1 149 2 135
363 4 184 14 136
371 8 194 4 137
382 11 207 4 138
393 14 223 14 139
371 -14 180 4 140
380 -11 187 14 141
374 -8 179 4 142
373 -4 175 14 143
356 -1 146 2 144
379 1 175 14 145
390 4 184 14 146
400 8 202 14 147
409 11 213 14 148
412 14 211 14 149
390 -14 174 14 150
399 -11 180 14 151
396 -8 176 14 152
392 -4 169 14 153
403 -1 178 14 154
412 1 189 14 155
410 4 178 14 156
419 8 181 14 157
422 11 188 14 158
425 14 196 14 159
15 -14 200 14 160
24 -11 195 14 161
33 -8 198 14 162
42 -4 195 14 163
57 -1 188 2 164
69 1 182 2 165
64 4 202 2 166
56 8 225 4 167
54 11 240 4 168
50 14 259 14 169
28 -14 211 14 170
40 -11 208 4 171
48 -8 206 4 172
67 -4 188 2 173
83 -1 180 2 174
86 1 187 2 175
85 4 198 2 176
71 8 232 4 177
75 11 239 4 178
74 14 251 4 179
47 -14 215 4 180
63 -11 201 4 181
66 -8 207 4 182
88 -4 185 2 183
96 -1 188 2 184
108 1 182 2 185
102 4 205 14 186
102 8 229 4 187
108 11 233 4 188
114 14 240 4 189
65 -14 214 4 190
77 -11 207 4 191
90 -8 198 14 192
105 -4 188 2 193
118 -1 188 2 194
121 1 199 2 195
124 4 211 14 196
125 8 228 4 197
125 11 242 4 198
129 14 250 4 199
83 -14 213 4 200
96 -11 210 4 201
124 -8 185 2 202
122 -4 211 4 203
143 -1 180 2 204
146 1 187 2 205
149 4 198 2 206
142 8 228 4 207
144 11 255 14 208
162 14 245 4 209
124 -14 206 4 210
129 -11 213 4 211
149 -8 182 2 212
157 -4 177 2 213
160 -1 184 2 214
164 1 195 2 215
167 4 225 4 216
174 8 226 4 217
177 11 235 4 218
181 14 246 4 219
140 -14 211 4 220
147 -11 211 4 221
168 -8 192 14 222
177 -4 195 14 223
187 -1 176 2 224
190 1 183 2 225
194 4 195 2 226
197 8 202 2 227
194 11 233 4 228
199 14 237 4 229
174 -14 212 4 230
181 -11 210 4 231
194 -8 178 2 232
201 -4 177 15 233
204 -1 177 15 234
210 1 183 2 235
211 4 195 15 236
212 8 214 14 237
212 11 235 4 238
216 14 249 4 239
192 -14 210 4 240
208 -11 173 15 241
213 -8 170 2 242
216 -4 181 2 243
220 -1 188 2 244
222 1 195 2 245
220 4 229 4 246
236 8 229 4 247
242 11 232 4 248
247 14 251 4 249
212 -14 202 4 250
220 -11 188 15 251
225 -8 189 2 252
242 -4 181 2 253
245 -1 176 2 254
249 1 183 2 255
252 4 202 2 256
257 8 228 4 257
262 11 240 4 258
266 14 248 4 259
239 -14 215 4 260
247 -11 209 4 261
252 -8 182 2 262
260 -4 173 2 263
263 -1 180 2 264
267 1 187 2 265
272 4 223 4 266
275 8 223 4 267
282 11 244 4 268
290 14 259 14 269
259 -14 208 4 270
265 -11 210 4 271
270 -8 192 14 272
276 -4 207 4 273
286 -1 198 14 274
291 1 182 2 275
294 4 194 2 276
306 8 232 4 277
312 11 235 4 278
322 14 245 4 279
279 -14 209 4 280
291 -11 182 2 281
294 -8 178 2 282
307 -4 192 2 283
310 -1 188 2 284
314 1 187 2 285
321 4 202 2 286
325 8 208 14 287
343 11 247 4 288
357 14 251 4 289
318 -14 208 4 290
317 -11 182 2 291
321 -8 181 2 292
320 -4 177 2 293
327 -1 184 2 294
330 1 182 2 295
342 4 198 2 296
360 8 229 4 297
372 11 244 4 298
383 14 259 14 299
359 -14 215 4 300
360 -11 216 4 301
361 -8 209 4 302
354 -4 195 14 303
349 -1 185 2 304
352 1 185 2 305
378 4 223 4 306
382 8 229 4 307
390 11 241 4 308
402 14 254 14 309
374 -14 208 4 310
374 -11 204 4 311
382 -8 212 4 312
383 -4 212 4 313
377 -1 198 14 314
391 1 217 4 315
398 4 225 4 316
409 8 238 14 317
418 11 249 14 318
422 14 248 14 319
11 -14 243 14 320
15 -11 251 14 321
30 -8 236 4 322
44 -4 229 14 323
53 -1 226 14 324
50 1 244 4 325
49 4 254 4 326
51 8 265 4 327
48 11 283 14 328
57 14 281 4 329
24 -14 252 14 330
36 -11 245 4 331
46 -8 240 4 332
55 -4 239 4 333
73 -1 226 14 334
82 1 226 2 335
69 4 256 4 336
64 8 279 14 337
73 11 283 14 338
83 14 286 14 339
37 -14 257 14 340
57 -11 240 4 341
61 -8 247 4 342
82 -4 229 14 343
91 -1 232 14 344
100 1 229 14 345
102 4 246 4 346
101 8 262 4 347
98 11 283 14 348
107 14 286 14 349
67 -14 245 4 350
70 -11 250 4 351
82 -8 247 4 352
106 -4 229 14 353
115 -1 226 14 354
112 1 249 4 355
120 4 252 4 356
122 8 261 4 357
121 11 275 4 358
125 14 286 14 359
103 -14 236 4 360
106 -11 241 4 361
115 -8 241 4 362
130 -4 222 14 363
132 -1 232 14 364
142 1 226 2 365
145 4 238 14 366
142 8 279 14 367
155 11 268 4 368
155 14 286 14 369
121 -14 241 4 370
125 -11 248 4 371
133 -8 243 4 372
148 -4 222 14 373
157 -1 223 2 374
160 1 235 14 375
164 4 255 4 376
168 8 260 4 377
173 11 268 4 378
173 14 286 14 379
134 -14 251 4 380
156 -11 240 4 381
162 -8 247 4 382
168 -4 241 4 383
176 -1 232 14 384
178 1 245 4 385
185 4 250 4 386
186 8 262 4 387
191 11 264 4 388
192 14 286 14 389
170 -14 242 4 390
175 -11 243 4 391
180 -8 247 4 392
192 -4 222 14 393
196 -1 223 2 394
204 1 225 15 395
202 4 251 4 396
205 8 262 4 397
208 11 276 4 398
214 14 286 14 399
186 -14 247 4 400
196 -11 235 4 401
202 -8 233 4 402
210 -4 225 15 403
217 -1 226 14 404
216 1 253 4 405
225 4 238 14 406
230 8 267 4 407
235 11 272 4 408
241 14 278 4 409
206 -14 237 4 410
212 -11 245 4 411
215 -8 251 4 412
229 -4 244 4 413
238 -1 226 14 414
244 1 235 14 415
247 4 246 4 416
250 8 265 4 417
253 11 283 14 418
260 14 276 4 419
232 -14 257 14 420
241 -11 243 4 421
247 -8 242 4 422
250 -4 239 4 423
259 -1 219 2 424
263 1 226 2 425
266 4 255 4 426
270 8 267 4 427
276 11 270 4 428
279 14 286 14 429
253 -14 245 4 430
258 -11 245 4 431
265 -8 244 4 432
271 -4 243 4 433
276 -1 232 14 434
280 1 249 4 435
288 4 268 4 436
298 8 272 4 437
304 11 275 4 438
308 14 286 14 439
274 -14 243 4 440
278 -11 243 4 441
286 -8 253 4 442
293 -4 229 14 443
297 -1 223 2 444
305 1 229 14 445
311 4 238 14 446
320 8 262 4 447
326 11 267 4 448
331 14 286 14 449
306 -14 248 4 450
311 -11 249 4 451
318 -8 242 4 452
321 -4 242 4 453
319 -1 219 2 454
328 1 246 4 455
331 4 246 4 456
346 8 271 4 457
351 11 283 14 458
365 14 286 14 459
331 -14 246 4 460
336 -11 251 4 461
336 -8 241 4 462
337 -4 229 14 463
348 -1 232 14 464
350 1 229 14 465
364 4 258 4 466
371 8 268 4 467
379 11 277 4 468
384 14 286 14 469
363 -14 244 4 470
371 -11 252 4 471
371 -8 250 4 472
373 -4 248 4 473
375 -1 248 4 474
371 1 235 14 475
384 4 253 4 476
389 8 259 4 477
397 11 268 4 478
411 14 286 14 479
