480
42 -20 128 14 0
48 -15 131 14 1
58 -11 128 2 2
64 -6 133 2 3
69 -2 138 2 4
74 2 142 2 5
78 6 150 2 6
80 11 158 14 7
82 15 168 4 8
86 20 174 4 9
60 -20 130 14 10
68 -15 131 14 11
78 -11 130 2 12
82 -6 135 2 13
89 -2 137 2 14
95 2 142 2 15
100 6 146 2 16
102 11 154 2 17
101 15 168 4 18
105 20 175 4 19
78 -20 133 14 20
88 -15 133 14 21
98 -11 129 2 22
105 -6 129 2 23
111 -2 134 2 24
115 2 140 2 25
120 6 146 2 26
120 11 157 2 27
121 15 170 4 28
125 20 175 4 29
99 -20 132 4 30
113 -15 124 2 31
120 -11 126 2 32
125 -6 129 2 33
131 -2 134 2 34
137 2 139 2 35
141 6 145 2 36
146 11 151 2 37
145 15 168 4 38
150 20 175 4 39
117 -20 134 4 40
132 -15 124 2 41
138 -11 129 2 42
146 -6 129 2 43
151 -2 134 2 44
156 2 139 2 45
160 6 146 2 46
165 11 151 2 47
169 15 160 2 48
174 20 174 4 49
157 -20 102 15 50
151 -15 127 2 51
159 -11 128 2 52
165 -6 132 2 53
171 -2 134 2 54
177 2 138 2 55
182 6 145 2 56
187 11 151 2 57
189 15 168 4 58
193 20 174 4 59
175 -20 104 15 60
179 -15 112 15 61
184 -11 120 15 62
187 -6 130 2 63
191 -2 134 2 64
197 2 139 15 65
202 6 145 15 66
206 11 150 15 67
211 15 155 15 68
215 20 163 15 69
193 -20 108 15 70
197 -15 116 15 71
202 -11 123 15 72
206 -6 128 15 73
211 -2 133 15 74
216 2 139 2 75
220 6 145 2 76
224 11 151 2 77
228 15 161 15 78
231 20 173 4 79
211 -20 109 15 80
215 -15 115 15 81
220 -11 122 15 82
224 -6 129 2 83
230 -2 134 2 84
235 2 138 2 85
241 6 145 2 86
246 11 151 2 87
250 15 161 2 88
254 20 175 4 89
228 -20 105 15 90
232 -15 111 15 91
237 -11 114 15 92
242 -6 118 4 93
250 -2 134 2 94
255 2 139 2 95
261 6 145 2 96
265 11 151 2 97
270 15 160 2 98
274 20 176 4 99
246 -20 103 15 100
251 -15 106 4 101
257 -11 114 4 102
265 -6 129 2 103
270 -2 135 2 104
275 2 138 2 105
282 6 145 2 106
286 11 150 2 107
291 15 156 2 108
299 20 176 4 109
266 -20 102 4 110
272 -15 109 4 111
276 -11 111 4 112
285 -6 129 2 113
291 -2 134 2 114
295 2 139 2 115
301 6 146 2 116
306 11 151 2 117
315 15 162 2 118
324 20 174 4 119
286 -20 102 4 120
291 -15 109 4 121
301 -11 125 2 122
307 -6 133 2 123
312 -2 137 2 124
317 2 142 2 125
322 6 146 2 126
329 11 155 2 127
338 15 167 4 128
344 20 174 4 129
304 -20 101 4 130
326 -15 137 4 131
324 -11 130 2 132
327 -6 133 2 133
333 -2 138 2 134
338 2 142 2 135
347 6 155 14 136
353 11 162 4 137
360 15 169 4 138
366 20 177 14 139
342 -20 133 4 140
348 -15 139 14 141
350 -11 139 4 142
353 -6 142 14 143
352 -2 137 2 144
362 2 149 14 145
369 6 155 14 146
375 11 164 14 147
382 15 171 14 148
386 20 174 14 149
362 -20 131 14 150
368 -15 137 14 151
371 -11 139 14 152
373 -6 140 14 153
380 -2 146 14 154
386 2 153 14 155
389 6 154 14 156
395 11 158 14 157
400 15 164 14 158
404 20 170 14 159
37 -20 169 14 160
43 -15 171 14 161
49 -11 175 14 162
55 -6 178 14 163
63 -2 180 2 164
70 2 180 2 165
72 6 189 2 166
73 11 200 4 167
76 15 208 4 168
79 20 217 14 169
55 -20 172 14 170
62 -15 175 4 171
68 -11 178 4 172
77 -6 176 2 173
85 -2 177 2 174
89 2 182 2 175
93 6 188 2 176
92 11 202 4 177
97 15 207 4 178
100 20 214 4 179
74 -20 173 4 180
82 -15 173 4 181
87 -11 178 4 182
97 -6 175 2 183
103 -2 179 2 184
110 2 180 2 185
112 6 190 14 186
115 11 201 4 187
120 15 206 4 188
126 20 211 4 189
94 -20 173 4 190
101 -15 174 4 191
108 -11 175 14 192
116 -6 176 2 193
123 -2 179 2 194
128 2 185 2 195
132 6 192 14 196
136 11 201 4 197
140 15 208 4 198
144 20 214 4 199
113 -20 172 4 200
121 -15 175 4 201
132 -11 171 2 202
135 -6 182 4 203
145 -2 177 2 204
149 2 182 2 205
154 6 189 2 206
155 11 201 4 207
159 15 212 14 208
168 20 213 4 209
139 -20 170 4 210
144 -15 176 4 211
154 -11 170 2 212
160 -6 172 2 213
164 -2 178 2 214
169 2 184 2 215
173 6 196 4 216
179 11 200 4 217
183 15 206 4 218
188 20 213 4 219
158 -20 172 4 220
164 -15 175 4 221
173 -11 173 14 222
179 -6 178 14 223
186 -2 176 2 224
190 2 180 2 225
195 6 187 2 226
199 11 193 2 227
202 15 206 4 228
207 20 210 4 229
182 -20 172 4 230
188 -15 175 4 231
195 -11 169 2 232
201 -6 172 15 233
205 -2 176 15 234
210 2 180 2 235
214 6 188 15 236
218 11 197 14 237
221 15 206 4 238
225 20 214 4 239
202 -20 172 4 240
210 -15 164 15 241
215 -11 167 2 242
219 -6 174 2 243
223 -2 179 2 244
227 2 184 2 245
230 6 197 4 246
238 11 201 4 247
244 15 205 4 248
249 20 214 4 249
221 -20 169 4 250
227 -15 169 15 251
232 -11 173 2 252
240 -6 174 2 253
245 -2 176 2 254
249 2 180 2 255
254 6 190 2 256
259 11 201 4 257
264 15 208 4 258
268 20 213 4 259
243 -20 173 4 260
249 -15 175 4 261
254 -11 170 2 262
260 -6 171 2 263
264 -2 177 2 264
269 2 182 2 265
274 6 196 4 266
278 11 199 4 267
284 15 209 4 268
290 20 217 14 269
263 -20 171 4 270
268 -15 175 4 271
273 -11 173 14 272
278 -6 180 4 273
285 -2 181 14 274
290 2 180 2 275
294 6 187 2 276
301 11 202 4 277
307 15 206 4 278
313 20 213 4 279
283 -20 171 4 280
290 -15 167 2 281
294 -11 169 2 282
302 -6 177 2 283
306 -2 179 2 284
311 2 182 2 285
316 6 190 2 286
321 11 195 14 287
330 15 210 4 288
337 20 214 4 289
308 -20 171 4 290
312 -15 167 2 291
316 -11 170 2 292
320 -6 172 2 293
325 -2 178 2 294
330 2 180 2 295
337 6 188 2 296
345 11 201 4 297
353 15 209 4 298
359 20 217 14 299
334 -20 173 4 300
338 -15 177 4 301
342 -11 178 4 302
344 -6 178 14 303
346 -2 179 2 304
350 2 181 2 305
361 6 196 4 306
366 11 201 4 307
372 15 208 4 308
379 20 215 14 309
353 -20 171 4 310
357 -15 173 4 311
362 -11 179 4 312
366 -6 182 4 313
368 -2 181 14 314
376 2 190 4 315
381 6 196 4 316
388 11 204 14 317
394 15 210 14 318
399 20 213 14 319
31 -20 210 14 320
36 -15 216 14 321
44 -11 215 4 322
51 -6 216 14 323
58 -2 219 14 324
60 2 228 4 325
64 6 234 4 326
68 11 241 4 327
70 15 250 14 328
77 20 253 4 329
49 -20 213 14 330
56 -15 214 4 331
63 -11 216 4 332
69 -6 219 4 333
78 -2 219 14 334
84 2 223 2 335
83 6 235 4 336
86 11 245 14 337
92 15 250 14 338
98 20 254 14 339
67 -20 214 14 340
77 -15 213 4 341
81 -11 218 4 342
91 -6 216 14 343
97 -2 221 14 344
103 2 224 14 345
107 6 232 4 346
111 11 240 4 347
113 15 250 14 348
119 20 254 14 349
90 -20 210 4 350
95 -15 216 4 351
101 -11 218 4 352
112 -6 216 14 353
118 -2 219 14 354
121 2 229 4 355
127 6 234 4 356
131 11 240 4 357
134 15 248 4 358
139 20 254 14 359
115 -20 208 4 360
119 -15 213 4 361
125 -11 217 4 362
133 -6 215 14 363
137 -2 221 14 364
144 2 223 2 365
148 6 230 14 366
151 11 245 14 367
158 15 246 4 368
162 20 254 14 369
134 -20 209 4 370
139 -15 215 4 371
145 -11 217 4 372
153 -6 215 14 373
159 -2 218 2 374
163 2 225 14 375
168 6 235 4 376
173 11 240 4 377
178 15 246 4 378
181 20 254 14 379
152 -20 212 4 380
162 -15 213 4 381
167 -11 218 4 382
173 -6 220 4 383
178 -2 221 14 384
183 2 228 4 385
188 6 233 4 386
192 11 240 4 387
197 15 244 4 388
201 20 254 14 389
177 -20 210 4 390
182 -15 214 4 391
187 -11 218 4 392
194 -6 215 14 393
199 -2 218 2 394
204 2 223 15 395
207 6 234 4 396
212 11 240 4 397
216 15 248 4 398
221 20 254 14 399
196 -20 211 4 400
202 -15 211 4 401
207 -11 214 4 402
213 -6 215 15 403
219 -2 219 14 404
221 2 231 4 405
228 6 230 14 406
232 11 242 4 407
238 15 247 4 408
243 20 252 4 409
216 -20 208 4 410
220 -15 214 4 411
224 -11 219 4 412
232 -6 221 4 413
238 -2 219 14 414
244 2 225 14 415
248 6 232 4 416
252 11 241 4 417
257 15 250 14 418
262 20 252 4 419
237 -20 214 14 420
243 -15 214 4 421
248 -11 217 4 422
253 -6 220 4 423
259 -2 217 2 424
263 2 223 2 425
268 6 235 4 426
272 11 242 4 427
278 15 246 4 428
282 20 254 14 429
257 -20 211 4 430
262 -15 214 4 431
268 -11 217 4 432
273 -6 221 4 433
278 -2 221 14 434
283 2 229 4 435
288 6 239 4 436
295 11 243 4 437
300 15 248 4 438
305 20 254 14 439
277 -20 210 4 440
282 -15 214 4 441
288 -11 220 4 442
293 -6 216 14 443
298 -2 218 2 444
304 2 224 14 445
309 6 230 14 446
315 11 240 4 447
321 15 245 4 448
326 20 254 14 449
301 -20 211 4 450
306 -15 215 4 451
311 -11 217 4 452
316 -6 220 4 453
319 -2 217 2 454
325 2 228 4 455
329 6 232 4 456
337 11 243 4 457
342 15 250 14 458
350 20 254 14 459
322 -20 211 4 460
327 -15 216 4 461
331 -11 217 4 462
335 -6 216 14 463
341 -2 221 14 464
345 2 224 14 465
353 6 236 4 466
359 11 242 4 467
364 15 248 4 468
370 20 254 14 469
346 -20 210 4 470
352 -15 216 4 471
355 -11 219 4 472
359 -6 222 4 473
363 -2 226 4 474
366 2 225 14 475
373 6 234 4 476
378 11 240 4 477
384 15 246 4 478
392 20 254 14 479
