480
41 -19 130 14 0
47 -15 133 14 1
58 -11 129 2 2
64 -6 133 2 3
68 -2 138 2 4
74 2 142 2 5
77 6 151 2 6
80 11 159 14 7
80 15 170 4 8
85 19 175 4 9
59 -19 132 14 10
67 -15 133 14 11
77 -11 131 2 12
81 -6 136 2 13
89 -2 137 2 14
94 2 142 2 15
100 6 146 2 16
102 11 155 2 17
100 15 170 4 18
104 19 177 4 19
76 -19 135 14 20
86 -15 135 14 21
97 -11 130 2 22
105 -6 130 2 23
111 -2 134 2 24
115 2 141 2 25
120 6 146 2 26
120 11 158 2 27
119 15 172 4 28
124 19 177 4 29
97 -19 134 4 30
112 -15 125 2 31
120 -11 126 2 32
125 -6 130 2 33
131 -2 134 2 34
137 2 139 2 35
141 6 145 2 36
145 11 152 2 37
144 15 170 4 38
149 19 177 4 39
116 -19 136 4 40
132 -15 124 2 41
137 -11 130 2 42
145 -6 130 2 43
151 -2 134 2 44
156 2 139 2 45
160 6 146 2 46
165 11 152 2 47
169 15 160 2 48
173 19 176 4 49
157 -19 100 15 50
151 -15 128 2 51
159 -11 129 2 52
165 -6 132 2 53
171 -2 134 2 54
177 2 138 2 55
182 6 145 2 56
187 11 151 2 57
188 15 170 4 58
193 19 176 4 59
175 -19 102 15 60
179 -15 111 15 61
184 -11 120 15 62
187 -6 131 2 63
191 -2 134 2 64
197 2 139 15 65
202 6 145 15 66
206 11 150 15 67
210 15 155 15 68
215 19 164 15 69
193 -19 108 15 70
197 -15 116 15 71
202 -11 122 15 72
206 -6 128 15 73
210 -2 133 15 74
216 2 139 2 75
220 6 145 2 76
224 11 151 2 77
227 15 161 15 78
230 19 175 4 79
210 -19 109 15 80
215 -15 114 15 81
219 -11 122 15 82
224 -6 130 2 83
229 -2 134 2 84
235 2 138 2 85
241 6 145 2 86
246 11 151 2 87
250 15 162 2 88
254 19 177 4 89
227 -19 104 15 90
232 -15 110 15 91
236 -11 113 15 92
242 -6 117 4 93
250 -2 134 2 94
255 2 139 2 95
261 6 145 2 96
265 11 151 2 97
269 15 160 2 98
274 19 178 4 99
245 -19 101 15 100
251 -15 105 4 101
257 -11 113 4 102
265 -6 130 2 103
269 -2 135 2 104
275 2 138 2 105
282 6 145 2 106
286 11 151 2 107
291 15 156 2 108
299 19 178 4 109
265 -19 101 4 110
271 -15 108 4 111
276 -11 109 4 112
285 -6 130 2 113
291 -2 134 2 114
295 2 139 2 115
301 6 146 2 116
306 11 151 2 117
316 15 163 2 118
325 19 176 4 119
286 -19 101 4 120
290 -15 107 4 121
301 -11 125 2 122
307 -6 134 2 123
312 -2 137 2 124
317 2 143 2 125
322 6 146 2 126
329 11 156 2 127
339 15 169 4 128
346 19 176 4 129
304 -19 100 4 130
327 -15 139 4 131
325 -11 131 2 132
327 -6 133 2 133
333 -2 138 2 134
338 2 142 2 135
348 6 157 14 136
354 11 164 4 137
361 15 171 4 138
368 19 180 14 139
344 -19 135 4 140
350 -15 141 14 141
351 -11 141 4 142
354 -6 144 14 143
352 -2 137 2 144
363 2 150 14 145
370 6 157 14 146
377 11 166 14 147
383 15 173 14 148
387 19 176 14 149
363 -19 133 14 150
370 -15 139 14 151
372 -11 141 14 152
374 -6 142 14 153
381 -2 148 14 154
387 2 155 14 155
390 6 155 14 156
396 11 159 14 157
401 15 165 14 158
405 19 171 14 159
36 -19 170 14 160
42 -15 172 14 161
48 -11 176 14 162
55 -6 179 14 163
63 -2 180 2 164
70 2 180 2 165
72 6 190 2 166
73 11 201 4 167
75 15 209 4 168
77 19 219 14 169
53 -19 174 14 170
61 -15 176 4 171
67 -11 179 4 172
76 -6 177 2 173
85 -2 177 2 174
89 2 182 2 175
92 6 189 2 176
91 11 203 4 177
95 15 209 4 178
99 19 216 4 179
73 -19 175 4 180
81 -15 174 4 181
86 -11 179 4 182
97 -6 175 2 183
102 -2 180 2 184
110 2 180 2 185
111 6 191 14 186
115 11 202 4 187
120 15 207 4 188
125 19 213 4 189
92 -19 175 4 190
100 -15 176 4 191
107 -11 176 14 192
116 -6 177 2 193
123 -2 180 2 194
127 2 186 2 195
132 6 193 14 196
135 11 202 4 197
139 15 210 4 198
143 19 216 4 199
112 -19 175 4 200
119 -15 177 4 201
132 -11 172 2 202
135 -6 183 4 203
145 -2 177 2 204
149 2 182 2 205
153 6 189 2 206
155 11 202 4 207
158 15 214 14 208
168 19 214 4 209
138 -19 172 4 210
143 -15 178 4 211
153 -11 171 2 212
159 -6 173 2 213
164 -2 179 2 214
168 2 185 2 215
173 6 198 4 216
178 11 201 4 217
183 15 208 4 218
187 19 215 4 219
157 -19 174 4 220
163 -15 177 4 221
173 -11 174 14 222
179 -6 179 14 223
186 -2 176 2 224
190 2 181 2 225
195 6 188 2 226
199 11 193 2 227
202 15 207 4 228
207 19 212 4 229
182 -19 174 4 230
187 -15 177 4 231
195 -11 170 2 232
201 -6 173 15 233
205 -2 176 15 234
210 2 181 2 235
214 6 188 15 236
218 11 198 14 237
220 15 208 4 238
225 19 216 4 239
201 -19 174 4 240
210 -15 165 15 241
215 -11 167 2 242
219 -6 174 2 243
223 -2 180 2 244
227 2 185 2 245
230 6 199 4 246
238 11 202 4 247
244 15 207 4 248
249 19 216 4 249
220 -19 171 4 250
226 -15 170 15 251
231 -11 174 2 252
240 -6 174 2 253
245 -2 176 2 254
249 2 181 2 255
254 6 190 2 256
259 11 202 4 257
264 15 209 4 258
268 19 215 4 259
243 -19 175 4 260
249 -15 176 4 261
254 -11 171 2 262
260 -6 171 2 263
264 -2 177 2 264
269 2 182 2 265
274 6 197 4 266
278 11 200 4 267
284 15 211 4 268
290 19 219 14 269
263 -19 173 4 270
268 -15 177 4 271
273 -11 174 14 272
278 -6 182 4 273
285 -2 182 14 274
290 2 180 2 275
294 6 188 2 276
302 11 203 4 277
307 15 208 4 278
314 19 214 4 279
283 -19 173 4 280
290 -15 168 2 281
294 -11 170 2 282
302 -6 178 2 283
306 -2 180 2 284
311 2 182 2 285
316 6 190 2 286
321 11 196 14 287
330 15 212 4 288
338 19 216 4 289
309 -19 173 4 290
312 -15 168 2 291
316 -11 171 2 292
320 -6 173 2 293
325 -2 178 2 294
330 2 180 2 295
337 6 189 2 296
346 11 202 4 297
354 15 211 4 298
360 19 219 14 299
336 -19 175 4 300
339 -15 179 4 301
343 -11 180 4 302
344 -6 179 14 303
346 -2 179 2 304
350 2 181 2 305
362 6 197 4 306
367 11 202 4 307
373 15 210 4 308
380 19 217 14 309
354 -19 173 4 310
358 -15 175 4 311
363 -11 180 4 312
367 -6 183 4 313
369 -2 182 14 314
376 2 192 4 315
382 6 198 4 316
389 11 205 14 317
395 15 212 14 318
400 19 215 14 319
30 -19 212 14 320
35 -15 218 14 321
43 -11 216 4 322
51 -6 217 14 323
58 -2 219 14 324
60 2 229 4 325
63 6 235 4 326
67 11 242 4 327
69 15 251 14 328
76 19 254 4 329
48 -19 215 14 330
55 -15 216 4 331
62 -11 218 4 332
68 -6 220 4 333
78 -2 219 14 334
84 2 223 2 335
83 6 236 4 336
85 11 247 14 337
91 15 251 14 338
98 19 256 14 339
66 -19 216 14 340
76 -15 214 4 341
80 -11 220 4 342
90 -6 217 14 343
97 -2 221 14 344
103 2 224 14 345
107 6 233 4 346
110 11 241 4 347
113 15 251 14 348
119 19 256 14 349
89 -19 212 4 350
93 -15 217 4 351
100 -11 220 4 352
112 -6 217 14 353
118 -2 219 14 354
120 2 230 4 355
126 6 235 4 356
130 11 241 4 357
134 15 249 4 358
138 19 256 14 359
114 -19 209 4 360
119 -15 214 4 361
125 -11 218 4 362
133 -6 215 14 363
137 -2 221 14 364
144 2 223 2 365
148 6 230 14 366
150 11 247 14 367
158 15 247 4 368
161 19 256 14 369
134 -19 211 4 370
138 -15 217 4 371
144 -11 218 4 372
152 -6 215 14 373
159 -2 219 2 374
163 2 226 14 375
168 6 236 4 376
173 11 241 4 377
178 15 247 4 378
181 19 256 14 379
151 -19 214 4 380
162 -15 214 4 381
167 -11 220 4 382
172 -6 221 4 383
178 -2 221 14 384
182 2 229 4 385
188 6 234 4 386
192 11 241 4 387
197 15 245 4 388
200 19 256 14 389
176 -19 211 4 390
181 -15 215 4 391
186 -11 220 4 392
194 -6 215 14 393
198 -2 219 2 394
204 2 223 15 395
207 6 235 4 396
211 11 241 4 397
216 15 249 4 398
220 19 256 14 399
195 -19 213 4 400
202 -15 212 4 401
207 -11 215 4 402
213 -6 216 15 403
219 -2 219 14 404
221 2 232 4 405
227 6 230 14 406
232 11 243 4 407
237 15 248 4 408
243 19 253 4 409
215 -19 210 4 410
220 -15 215 4 411
224 -11 221 4 412
232 -6 222 4 413
238 -2 219 14 414
244 2 226 14 415
248 6 233 4 416
252 11 242 4 417
257 15 251 14 418
262 19 253 4 419
236 -19 216 14 420
243 -15 215 4 421
248 -11 218 4 422
252 -6 221 4 423
259 -2 217 2 424
263 2 223 2 425
268 6 236 4 426
272 11 243 4 427
278 15 247 4 428
282 19 256 14 429
257 -19 212 4 430
262 -15 215 4 431
267 -11 219 4 432
273 -6 222 4 433
278 -2 221 14 434
282 2 230 4 435
288 6 240 4 436
295 11 245 4 437
300 15 249 4 438
305 19 256 14 439
277 -19 211 4 440
282 -15 215 4 441
288 -11 222 4 442
293 -6 217 14 443
298 -2 219 2 444
304 2 224 14 445
309 6 230 14 446
316 11 241 4 447
321 15 246 4 448
326 19 256 14 449
301 -19 213 4 450
306 -15 217 4 451
312 -11 218 4 452
316 -6 221 4 453
319 -2 217 2 454
325 2 229 4 455
329 6 233 4 456
337 11 244 4 457
343 15 251 14 458
350 19 256 14 459
323 -19 213 4 460
328 -15 218 4 461
331 -11 218 4 462
335 -6 217 14 463
342 -2 221 14 464
346 2 224 14 465
354 6 237 4 466
359 11 243 4 467
365 15 250 4 468
370 19 256 14 469
347 -19 212 4 470
353 -15 218 4 471
356 -11 221 4 472
360 -6 223 4 473
364 -2 227 4 474
366 2 226 14 475
373 6 235 4 476
379 11 241 4 477
384 15 247 4 478
393 19 256 14 479
