480
7 -11 183 14 0
18 -9 178 14 1
47 -6 145 2 2
55 -3 148 2 3
57 -1 155 2 4
66 1 153 2 5
63 3 174 2 6
58 6 193 14 7
44 9 223 4 8
47 11 229 4 9
18 -11 189 14 10
36 -9 178 14 11
63 -6 154 2 12
65 -3 161 2 13
79 -1 150 2 14
87 1 153 2 15
95 3 155 2 16
87 6 174 2 17
62 9 223 4 18
64 11 234 4 19
28 -11 204 14 20
54 -9 186 14 21
84 -6 149 2 22
101 -3 133 2 23
108 -1 135 2 24
111 1 148 2 25
113 3 155 2 26
98 6 189 2 27
80 9 229 4 28
83 11 236 4 29
52 -11 200 4 30
98 -9 146 2 31
113 -6 134 2 32
121 -3 133 2 33
128 -1 135 2 34
137 1 142 2 35
139 3 151 2 36
142 6 162 2 37
121 9 221 4 38
124 11 234 4 39
65 -11 209 4 40
117 -9 142 2 41
124 -6 149 2 42
142 -3 133 2 43
151 -1 135 2 44
154 1 142 2 45
156 3 155 2 46
159 6 162 2 47
162 9 182 2 48
162 11 231 4 49
176 -11 58 15 50
131 -9 158 2 51
150 -6 145 2 52
159 -3 143 2 53
168 -1 135 2 54
177 1 138 2 55
186 3 151 2 56
188 6 158 2 57
177 9 222 4 58
180 11 233 4 59
186 -11 67 15 60
189 -9 87 15 61
191 -6 107 15 62
188 -3 137 2 63
191 -1 135 2 64
199 1 140 15 65
202 3 148 15 66
204 6 155 15 67
207 9 162 15 68
210 11 181 15 69
197 -11 89 15 70
199 -9 108 15 71
202 -6 119 15 72
204 -3 127 15 73
207 -1 133 15 74
213 1 142 2 75
216 3 151 2 76
218 6 158 2 77
217 9 186 15 78
213 11 228 4 79
207 -11 93 15 80
210 -9 100 15 81
212 -6 115 15 82
218 -3 133 2 83
226 -1 135 2 84
235 1 138 2 85
244 3 151 2 86
246 6 158 2 87
249 9 187 2 88
250 11 235 4 89
217 -11 71 15 90
220 -9 83 15 91
222 -6 81 15 92
230 -3 81 4 93
249 -1 135 2 94
251 1 142 2 95
261 3 151 2 96
263 6 158 2 97
266 9 182 2 98
269 11 239 4 99
227 -11 63 15 100
235 -9 61 4 101
244 -6 79 4 102
263 -3 133 2 103
266 -1 140 2 104
274 1 138 2 105
287 3 150 2 106
290 6 158 2 107
292 9 165 2 108
312 11 239 4 109
249 -11 60 4 110
258 -9 75 4 111
261 -6 64 4 112
285 -3 133 2 113
292 -1 135 2 114
295 1 142 2 115
301 3 155 2 116
308 6 158 2 117
332 9 191 2 118
354 11 230 4 119
271 -11 60 4 120
274 -9 72 4 121
301 -6 130 2 122
313 -3 151 2 123
316 -1 150 2 124
323 1 157 2 125
326 3 155 2 126
340 6 180 2 127
368 9 217 4 128
378 11 233 4 129
282 -11 55 4 130
364 -9 205 4 131
338 -6 154 2 132
334 -3 148 2 133
343 -1 155 2 134
345 1 153 2 135
371 3 199 14 136
380 6 212 4 137
393 9 227 4 138
407 11 247 14 139
386 -11 205 4 140
397 -9 212 14 141
386 -6 198 4 142
383 -3 191 14 143
358 -1 150 2 144
387 1 188 14 145
401 3 199 14 146
412 6 222 14 147
423 9 235 14 148
426 11 231 14 149
404 -11 195 14 150
416 -9 204 14 151
410 -6 194 14 152
402 -3 183 14 153
415 -1 194 14 154
426 1 208 14 155
421 3 190 14 156
431 6 193 14 157
434 9 201 14 158
436 11 210 14 159
4 -11 217 14 160
14 -9 208 14 161
24 -6 211 14 162
35 -3 204 14 163
54 -1 194 2 164
68 1 183 2 165
59 3 208 2 166
47 6 238 4 167
43 9 256 4 168
35 11 280 14 169
14 -11 232 14 170
29 -9 226 4 171
38 -6 222 4 172
62 -3 195 2 173
81 -1 181 2 174
84 1 190 2 175
81 3 203 2 176
60 6 248 4 177
63 9 255 4 178
60 11 270 4 179
33 -11 237 4 180
52 -9 217 4 181
55 -6 222 4 182
84 -3 190 2 183
92 -1 193 2 184
107 1 183 2 185
97 3 212 14 186
95 6 244 4 187
101 9 247 4 188
107 11 256 4 189
50 -11 236 4 190
64 -9 224 4 191
81 -6 211 14 192
100 -3 195 2 193
115 -1 193 2 194
118 1 206 2 195
120 3 221 14 196
119 6 242 4 197
118 9 259 4 198
121 11 268 4 199
67 -11 235 4 200
83 -9 229 4 201
120 -6 193 2 202
115 -3 227 4 203
141 -1 181 2 204
144 1 190 2 205
147 3 204 2 206
135 6 243 4 207
136 9 278 14 208
159 11 262 4 209
116 -11 224 4 210
121 -9 232 4 211
147 -6 188 2 212
156 -3 180 2 213
159 -1 187 2 214
161 1 201 2 215
163 3 240 4 216
171 6 239 4 217
174 9 250 4 218
177 11 264 4 219
131 -11 232 4 220
139 -9 230 4 221
165 -6 202 14 222
175 -3 204 14 223
188 -1 176 2 224
190 1 184 2 225
193 3 198 2 226
195 6 206 2 227
190 9 247 4 228
195 11 251 4 229
170 -11 233 4 230
177 -9 229 4 231
193 -6 182 2 232
201 -3 180 15 233
204 -1 178 15 234
210 1 184 2 235
209 3 199 15 236
208 6 224 14 237
208 9 251 4 238
210 11 267 4 239
187 -11 231 4 240
206 -9 178 15 241
212 -6 171 2 242
215 -3 185 2 243
218 -1 193 2 244
220 1 201 2 245
215 3 245 4 246
234 6 244 4 247
240 9 246 4 248
246 11 270 4 249
208 -11 219 4 250
217 -9 199 15 251
222 -6 199 2 252
243 -3 185 2 253
246 -1 176 2 254
248 1 184 2 255
251 3 209 2 256
255 6 242 4 257
260 9 257 4 258
264 11 266 4 259
237 -11 237 4 260
246 -9 227 4 261
251 -6 188 2 262
260 -3 174 2 263
263 -1 181 2 264
265 1 190 2 265
270 3 237 4 266
274 6 236 4 267
281 9 263 4 268
290 11 280 14 269
257 -11 228 4 270
264 -9 229 4 271
269 -6 202 14 272
274 -3 221 4 273
287 -1 207 14 274
292 1 183 2 275
294 3 198 2 276
308 6 248 4 277
315 9 250 4 278
327 11 262 4 279
278 -11 230 4 280
292 -9 190 2 281
294 -6 182 2 282
310 -3 201 2 283
312 -1 193 2 284
315 1 190 2 285
323 3 208 2 286
327 6 215 14 287
349 9 266 4 288
367 11 270 4 289
322 -11 228 4 290
320 -9 190 2 291
323 -6 188 2 292
320 -3 179 2 293
328 -1 187 2 294
331 1 183 2 295
345 3 203 2 296
368 6 244 4 297
383 9 262 4 298
396 11 280 14 299
371 -11 237 4 300
371 -9 237 4 301
371 -6 226 4 302
359 -3 204 14 303
350 -1 189 2 304
353 1 187 2 305
387 3 238 4 306
390 6 243 4 307
399 9 258 4 308
414 11 274 14 309
385 -11 228 4 310
383 -9 221 4 311
392 -6 229 4 312
392 -3 227 4 313
382 -1 207 14 314
399 1 231 4 315
407 3 240 4 316
420 6 257 14 317
431 9 269 14 318
433 11 266 14 319
1 -11 260 14 320
4 -9 270 14 321
22 -6 246 4 322
40 -3 235 14 323
51 -1 229 14 324
45 1 252 4 325
41 3 264 4 326
42 6 278 4 327
37 9 300 14 328
47 11 296 4 329
11 -11 273 14 330
25 -9 261 4 331
38 -6 253 4 332
48 -3 249 4 333
71 -1 229 14 334
81 1 228 2 335
61 3 267 4 336
53 6 297 14 337
63 9 300 14 338
76 11 302 14 339
22 -11 279 14 340
47 -9 254 4 341
51 -6 262 4 342
77 -3 235 14 343
87 -1 238 14 344
99 1 232 14 345
99 3 253 4 346
96 6 274 4 347
91 9 300 14 348
100 11 302 14 349
55 -11 263 4 350
57 -9 269 4 351
71 -6 262 4 352
102 -3 235 14 353
114 -1 229 14 354
107 1 259 4 355
117 3 261 4 356
117 6 272 4 357
115 9 290 4 358
118 11 302 14 359
96 -11 250 4 360
100 -9 255 4 361
110 -6 254 4 362
128 -3 226 14 363
129 -1 238 14 364
141 1 228 2 365
143 3 243 14 366
137 6 297 14 367
153 9 279 4 368
151 11 302 14 369
115 -11 257 4 370
117 -9 266 4 371
127 -6 256 4 372
146 -3 226 14 373
155 -1 226 2 374
159 1 240 14 375
162 3 266 4 376
166 6 271 4 377
171 9 280 4 378
169 11 302 14 379
125 -11 272 4 380
153 -9 255 4 381
160 -6 262 4 382
166 -3 252 4 383
174 -1 238 14 384
176 1 254 4 385
183 3 259 4 386
183 6 273 4 387
188 9 274 4 388
187 11 302 14 389
167 -11 259 4 390
171 -9 259 4 391
176 -6 262 4 392
191 -3 226 14 393
195 -1 226 2 394
203 1 227 15 395
199 3 261 4 396
202 6 273 4 397
204 9 290 4 398
210 11 302 14 399
182 -11 266 4 400
193 -9 248 4 401
199 -6 243 4 402
209 -3 230 15 403
216 -1 229 14 404
212 1 264 4 405
224 3 243 14 406
228 6 280 4 407
234 9 285 4 408
239 11 291 4 409
202 -11 253 4 410
207 -9 260 4 411
210 -6 267 4 412
228 -3 256 4 413
238 -1 229 14 414
244 1 240 14 415
246 3 254 4 416
248 6 278 4 417
252 9 300 14 418
258 11 289 4 419
229 -11 279 14 420
239 -9 259 4 421
246 -6 255 4 422
249 -3 250 4 423
260 -1 220 2 424
262 1 228 2 425
265 3 266 4 426
268 6 280 4 427
275 9 283 4 428
278 11 302 14 429
251 -11 263 4 430
257 -9 260 4 431
264 -6 258 4 432
269 -3 255 4 433
275 -1 238 14 434
279 1 259 4 435
287 3 284 4 436
299 6 287 4 437
306 9 289 4 438
310 11 302 14 439
273 -11 260 4 440
277 -9 259 4 441
285 -6 271 4 442
292 -3 235 14 443
296 -1 225 2 444
306 1 232 14 445
313 3 243 14 446
323 6 274 4 447
328 9 278 4 448
333 11 302 14 449
309 -11 266 4 450
314 -9 266 4 451
321 -6 255 4 452
324 -3 254 4 453
320 -1 220 2 454
330 1 255 4 455
333 3 253 4 456
350 6 286 4 457
356 9 300 14 458
372 11 302 14 459
336 -11 265 4 460
341 -9 270 4 461
339 -6 254 4 462
339 -3 235 14 463
351 -1 238 14 464
352 1 232 14 465
370 3 269 4 466
378 6 281 4 467
387 9 293 4 468
392 11 302 14 469
372 -11 262 4 470
382 -9 271 4 471
380 -6 266 4 472
381 -3 261 4 473
381 -1 259 4 474
374 1 240 14 475
389 3 263 4 476
395 6 270 4 477
403 9 280 4 478
422 11 302 14 479
