480
36 -18 139 14 0
43 -14 140 14 1
56 -10 131 2 2
62 -6 135 2 3
66 -2 141 2 4
73 2 144 2 5
75 6 154 2 6
76 10 165 14 7
75 14 179 4 8
79 18 183 4 9
52 -18 141 14 10
62 -14 140 14 11
75 -10 134 2 12
79 -6 140 2 13
87 -2 139 2 14
93 2 144 2 15
99 6 148 2 16
100 10 158 2 17
94 14 179 4 18
98 18 185 4 19
69 -18 146 14 20
81 -14 143 14 21
95 -10 133 2 22
105 -6 130 2 23
110 -2 134 2 24
114 2 142 2 25
119 6 148 2 26
116 10 163 2 27
113 14 180 4 28
117 18 186 4 29
90 -18 145 4 30
110 -14 128 2 31
119 -10 127 2 32
124 -6 130 2 33
130 -2 134 2 34
137 2 140 2 35
141 6 146 2 36
145 10 153 2 37
141 14 178 4 38
145 18 185 4 39
108 -18 148 4 40
130 -14 127 2 41
135 -10 133 2 42
145 -6 130 2 43
151 -2 134 2 44
156 2 140 2 45
160 6 148 2 46
164 10 153 2 47
168 14 164 2 48
171 18 184 4 49
160 -18 94 15 50
148 -14 133 2 51
157 -10 131 2 52
164 -6 134 2 53
170 -2 134 2 54
177 2 138 2 55
183 6 146 2 56
187 10 152 2 57
186 14 178 4 58
191 18 185 4 59
177 -18 97 15 60
181 -14 107 15 61
185 -10 118 15 62
187 -6 132 2 63
191 -2 134 2 64
197 2 139 15 65
202 6 145 15 66
206 10 151 15 67
210 14 156 15 68
214 18 167 15 69
193 -18 105 15 70
197 -14 115 15 71
202 -10 122 15 72
206 -6 128 15 73
210 -2 133 15 74
215 2 140 2 75
219 6 146 2 76
223 10 152 2 77
225 14 165 15 78
227 18 183 4 79
210 -18 106 15 80
214 -14 112 15 81
218 -10 121 15 82
223 -6 130 2 83
229 -2 134 2 84
235 2 138 2 85
242 6 146 2 86
246 10 152 2 87
250 14 166 2 88
253 18 185 4 89
225 -18 98 15 90
230 -14 106 15 91
234 -10 108 15 92
240 -6 111 4 93
250 -2 134 2 94
254 2 140 2 95
261 6 146 2 96
265 10 152 2 97
269 14 164 2 98
273 18 187 4 99
242 -18 95 15 100
248 -14 98 4 101
255 -10 108 4 102
265 -6 130 2 103
269 -2 136 2 104
275 2 138 2 105
283 6 146 2 106
287 10 152 2 107
291 14 157 2 108
301 18 187 4 109
263 -18 94 4 110
269 -14 103 4 111
273 -10 102 4 112
285 -6 130 2 113
291 -2 134 2 114
295 2 140 2 115
301 6 148 2 116
306 10 152 2 117
318 14 167 2 118
329 18 183 4 119
284 -18 94 4 120
288 -14 102 4 121
301 -10 126 2 122
308 -6 137 2 123
312 -2 139 2 124
318 2 145 2 125
322 6 148 2 126
331 10 160 2 127
344 14 176 4 128
351 18 185 4 129
300 -18 93 4 130
333 -14 150 4 131
327 -10 134 2 132
328 -6 135 2 133
335 -2 141 2 134
339 2 144 2 135
351 6 164 14 136
358 10 171 4 137
366 14 180 4 138
374 18 189 14 139
350 -18 147 4 140
357 -14 152 14 141
357 -10 151 4 142
359 -6 151 14 143
353 -2 139 2 144
367 2 156 14 145
375 6 164 14 146
382 10 175 14 147
389 14 182 14 148
394 18 184 14 149
370 -18 143 14 150
377 -14 149 14 151
378 -10 149 14 152
378 -6 148 14 153
386 -2 155 14 154
394 2 164 14 155
395 6 161 14 156
402 10 165 14 157
406 14 171 14 158
410 18 177 14 159
31 -18 178 14 160
37 -14 178 14 161
44 -10 181 14 162
52 -6 182 14 163
61 -2 181 2 164
70 2 181 2 165
70 6 193 2 166
69 10 207 4 167
70 14 217 4 168
71 18 228 14 169
47 -18 182 14 170
56 -14 183 4 171
62 -10 185 4 172
74 -6 180 2 173
84 -2 178 2 174
88 2 183 2 175
90 6 191 2 176
86 10 210 4 177
90 14 216 4 178
93 18 225 4 179
67 -18 184 4 180
77 -14 180 4 181
81 -10 185 4 182
95 -6 178 2 183
101 -2 181 2 184
109 2 181 2 185
109 6 194 14 186
112 10 209 4 187
117 14 213 4 188
122 18 220 4 189
86 -18 184 4 190
94 -14 183 4 191
103 -10 181 14 192
113 -6 180 2 193
122 -2 181 2 194
126 2 189 2 195
130 6 198 14 196
133 10 208 4 197
136 14 218 4 198
140 18 224 4 199
105 -18 183 4 200
114 -14 184 4 201
130 -10 176 2 202
132 -6 190 4 203
144 -2 178 2 204
148 2 183 2 205
152 6 191 2 206
152 10 208 4 207
155 14 224 14 208
166 18 222 4 209
135 -18 180 4 210
140 -14 186 4 211
152 -10 174 2 212
159 -6 174 2 213
163 -2 180 2 214
167 2 187 2 215
171 6 204 4 216
177 10 207 4 217
181 14 214 4 218
186 18 222 4 219
153 -18 182 4 220
159 -14 185 4 221
172 -10 179 14 222
179 -6 182 14 223
186 -2 176 2 224
190 2 181 2 225
195 6 189 2 226
199 10 195 2 227
200 14 213 4 228
205 18 218 4 229
180 -18 182 4 230
186 -14 184 4 231
195 -10 172 2 232
201 -6 174 15 233
205 -2 176 15 234
210 2 181 2 235
213 6 190 15 236
216 10 202 14 237
219 14 215 4 238
222 18 224 4 239
199 -18 182 4 240
209 -14 167 15 241
214 -10 168 2 242
219 -6 176 2 243
222 -2 181 2 244
226 2 187 2 245
227 6 206 4 246
238 10 209 4 247
243 14 213 4 248
248 18 225 4 249
219 -18 179 4 250
225 -14 175 15 251
230 -10 178 2 252
241 -6 176 2 253
245 -2 176 2 254
249 2 181 2 255
253 6 193 2 256
258 10 208 4 257
263 14 217 4 258
268 18 223 4 259
242 -18 184 4 260
248 -14 184 4 261
253 -10 174 2 262
260 -6 172 2 263
264 -2 178 2 264
268 2 183 2 265
273 6 203 4 266
278 10 206 4 267
283 14 219 4 268
290 18 228 14 269
262 -18 181 4 270
268 -14 184 4 271
272 -10 179 14 272
278 -6 188 4 273
285 -2 186 14 274
290 2 181 2 275
294 6 189 2 276
303 10 210 4 277
308 14 214 4 278
316 18 222 4 279
282 -18 181 4 280
290 -14 171 2 281
294 -10 172 2 282
303 -6 181 2 283
307 -2 181 2 284
311 2 183 2 285
317 6 193 2 286
322 10 199 14 287
333 14 220 4 288
343 18 225 4 289
311 -18 181 4 290
313 -14 171 2 291
317 -10 174 2 292
320 -6 174 2 293
326 -2 180 2 294
330 2 181 2 295
338 6 191 2 296
350 10 209 4 297
358 14 219 4 298
366 18 228 14 299
341 -18 184 4 300
344 -14 187 4 301
347 -10 186 4 302
346 -6 182 14 303
346 -2 180 2 304
351 2 182 2 305
366 6 203 4 306
371 10 209 4 307
377 14 217 4 308
386 18 226 14 309
359 -18 181 4 310
362 -14 181 4 311
368 -10 188 4 312
371 -6 190 4 313
371 -2 186 14 314
380 2 198 4 315
386 6 204 4 316
394 10 213 14 317
401 14 221 14 318
405 18 223 14 319
26 -18 219 14 320
30 -14 226 14 321
40 -10 221 4 322
49 -6 220 14 323
57 -2 221 14 324
57 2 232 4 325
59 6 240 4 326
63 10 248 4 327
64 14 259 14 328
71 18 261 4 329
42 -18 224 14 330
50 -14 223 4 331
58 -10 223 4 332
65 -6 225 4 333
77 -2 221 14 334
83 2 224 2 335
79 6 241 4 336
80 10 255 14 337
87 14 259 14 338
94 18 263 14 339
59 -18 226 14 340
71 -14 220 4 341
76 -10 226 4 342
88 -6 220 14 343
95 -2 224 14 344
102 2 225 14 345
106 6 236 4 346
108 10 247 4 347
109 14 259 14 348
116 18 263 14 349
83 -18 220 4 350
88 -14 225 4 351
96 -10 226 4 352
110 -6 220 14 353
117 -2 221 14 354
118 2 235 4 355
125 6 239 4 356
128 10 246 4 357
131 14 255 4 358
135 18 263 14 359
111 -18 216 4 360
116 -14 221 4 361
122 -10 224 4 362
132 -6 217 14 363
136 -2 224 14 364
143 2 224 2 365
147 6 232 14 366
148 10 255 14 367
157 14 252 4 368
160 18 263 14 369
131 -18 218 4 370
135 -14 224 4 371
141 -10 224 4 372
151 -6 217 14 373
158 -2 220 2 374
162 2 228 14 375
167 6 241 4 376
172 10 246 4 377
177 14 252 4 378
179 18 263 14 379
147 -18 223 4 380
160 -14 220 4 381
166 -10 226 4 382
171 -6 226 4 383
178 -2 224 14 384
181 2 233 4 385
187 6 238 4 386
190 10 246 4 387
195 14 250 4 388
198 18 263 14 389
175 -18 219 4 390
180 -14 222 4 391
185 -10 226 4 392
193 -6 217 14 393
198 -2 220 2 394
204 2 223 15 395
206 6 239 4 396
210 10 246 4 397
214 14 256 4 398
219 18 263 14 399
193 -18 221 4 400
200 -14 218 4 401
206 -10 220 4 402
212 -6 218 15 403
218 -2 221 14 404
220 2 237 4 405
227 6 232 14 406
232 10 249 4 407
237 14 254 4 408
242 18 259 4 409
213 -18 217 4 410
218 -14 223 4 411
221 -10 228 4 412
232 -6 227 4 413
238 -2 221 14 414
244 2 228 14 415
248 6 236 4 416
252 10 248 4 417
256 14 259 14 418
262 18 259 4 419
235 -18 226 14 420
242 -14 222 4 421
248 -10 224 4 422
252 -6 225 4 423
259 -2 218 2 424
263 2 224 2 425
267 6 241 4 426
272 10 249 4 427
277 14 253 4 428
281 18 263 14 429
256 -18 220 4 430
261 -14 223 4 431
267 -10 225 4 432
272 -6 227 4 433
277 -2 224 14 434
282 2 235 4 435
288 6 247 4 436
296 10 251 4 437
301 14 255 4 438
306 18 263 14 439
277 -18 219 4 440
281 -14 222 4 441
287 -10 229 4 442
293 -6 220 14 443
298 -2 220 2 444
304 2 225 14 445
310 6 232 14 446
317 10 247 4 447
322 14 251 4 448
327 18 263 14 449
302 -18 221 4 450
307 -14 225 4 451
313 -10 224 4 452
317 -6 227 4 453
319 -2 218 2 454
326 2 233 4 455
330 6 236 4 456
339 10 251 4 457
345 14 259 14 458
354 18 263 14 459
325 -18 221 4 460
330 -14 226 4 461
332 -10 224 4 462
335 -6 220 14 463
343 -2 224 14 464
347 2 225 14 465
356 6 242 4 466
362 10 249 4 467
369 14 257 4 468
374 18 263 14 469
351 -18 220 4 470
357 -14 226 4 471
360 -10 228 4 472
363 -6 229 4 473
367 -2 232 4 474
367 2 228 14 475
376 6 240 4 476
381 10 245 4 477
387 14 252 4 478
397 18 263 14 479
