480
51 -22 113 14 0
56 -17 118 14 1
61 -12 123 2 2
66 -7 128 2 3
71 -2 133 2 4
76 2 138 2 5
81 7 143 2 6
86 12 148 14 7
91 17 153 4 8
96 22 158 4 9
71 -22 113 14 10
76 -17 118 14 11
81 -12 123 2 12
86 -7 128 2 13
91 -2 133 2 14
96 2 138 2 15
101 7 143 2 16
106 12 148 2 17
111 17 153 4 18
116 22 158 4 19
91 -22 113 14 20
96 -17 118 14 21
101 -12 123 2 22
106 -7 128 2 23
111 -2 133 2 24
116 2 138 2 25
121 7 143 2 26
126 12 148 2 27
131 17 153 4 28
136 22 158 4 29
111 -22 113 4 30
116 -17 118 2 31
121 -12 123 2 32
126 -7 128 2 33
131 -2 133 2 34
136 2 138 2 35
141 7 143 2 36
146 12 148 2 37
151 17 153 4 38
156 22 158 4 39
131 -22 113 4 40
136 -17 118 2 41
141 -12 123 2 42
146 -7 128 2 43
151 -2 133 2 44
156 2 138 2 45
161 7 143 2 46
166 12 148 2 47
171 17 153 2 48
176 22 158 4 49
151 -22 113 15 50
156 -17 118 2 51
161 -12 123 2 52
166 -7 128 2 53
171 -2 133 2 54
176 2 138 2 55
181 7 143 2 56
186 12 148 2 57
191 17 153 4 58
196 22 158 4 59
171 -22 113 15 60
176 -17 118 15 61
181 -12 123 15 62
186 -7 128 2 63
191 -2 133 2 64
196 2 138 15 65
201 7 143 15 66
206 12 148 15 67
211 17 153 15 68
216 22 158 15 69
191 -22 113 15 70
196 -17 118 15 71
201 -12 123 15 72
206 -7 128 15 73
211 -2 133 15 74
216 2 138 2 75
221 7 143 2 76
226 12 148 2 77
231 17 153 15 78
236 22 158 4 79
211 -22 113 15 80
216 -17 118 15 81
221 -12 123 15 82
226 -7 128 2 83
231 -2 133 2 84
236 2 138 2 85
241 7 143 2 86
246 12 148 2 87
251 17 153 2 88
256 22 158 4 89
231 -22 113 15 90
236 -17 118 15 91
241 -12 123 15 92
246 -7 128 4 93
251 -2 133 2 94
256 2 138 2 95
261 7 143 2 96
266 12 148 2 97
271 17 153 2 98
276 22 158 4 99
251 -22 113 15 100
256 -17 118 4 101
261 -12 123 4 102
266 -7 128 2 103
271 -2 133 2 104
276 2 138 2 105
281 7 143 2 106
286 12 148 2 107
291 17 153 2 108
296 22 158 4 109
271 -22 113 4 110
276 -17 118 4 111
281 -12 123 4 112
286 -7 128 2 113
291 -2 133 2 114
296 2 138 2 115
301 7 143 2 116
306 12 148 2 117
311 17 153 2 118
316 22 158 4 119
291 -22 113 4 120
296 -17 118 4 121
301 -12 123 2 122
306 -7 128 2 123
311 -2 133 2 124
316 2 138 2 125
321 7 143 2 126
326 12 148 2 127
331 17 153 4 128
336 22 158 4 129
311 -22 113 4 130
316 -17 118 4 131
321 -12 123 2 132
326 -7 128 2 133
331 -2 133 2 134
336 2 138 2 135
341 7 143 14 136
346 12 148 4 137
351 17 153 4 138
356 22 158 14 139
331 -22 113 4 140
336 -17 118 14 141
341 -12 123 4 142
346 -7 128 14 143
351 -2 133 2 144
356 2 138 14 145
361 7 143 14 146
366 12 148 14 147
371 17 153 14 148
376 22 158 14 149
351 -22 113 14 150
356 -17 118 14 151
361 -12 123 14 152
366 -7 128 14 153
371 -2 133 14 154
376 2 138 14 155
381 7 143 14 156
386 12 148 14 157
391 17 153 14 158
396 22 158 14 159
45 -22 155 14 160
50 -17 160 14 161
55 -12 165 14 162
60 -7 170 14 163
65 -2 175 2 164
70 2 180 2 165
75 7 185 2 166
80 12 190 4 167
85 17 195 4 168
90 22 200 14 169
65 -22 155 14 170
70 -17 160 4 171
75 -12 165 4 172
80 -7 170 2 173
85 -2 175 2 174
90 2 180 2 175
95 7 185 2 176
100 12 190 4 177
105 17 195 4 178
110 22 200 4 179
85 -22 155 4 180
90 -17 160 4 181
95 -12 165 4 182
100 -7 170 2 183
105 -2 175 2 184
110 2 180 2 185
115 7 185 14 186
120 12 190 4 187
125 17 195 4 188
130 22 200 4 189
105 -22 155 4 190
110 -17 160 4 191
115 -12 165 14 192
120 -7 170 2 193
125 -2 175 2 194
130 2 180 2 195
135 7 185 14 196
140 12 190 4 197
145 17 195 4 198
150 22 200 4 199
125 -22 155 4 200
130 -17 160 4 201
135 -12 165 2 202
140 -7 170 4 203
145 -2 175 2 204
150 2 180 2 205
155 7 185 2 206
160 12 190 4 207
165 17 195 14 208
170 22 200 4 209
145 -22 155 4 210
150 -17 160 4 211
155 -12 165 2 212
160 -7 170 2 213
165 -2 175 2 214
170 2 180 2 215
175 7 185 4 216
180 12 190 4 217
185 17 195 4 218
190 22 200 4 219
165 -22 155 4 220
170 -17 160 4 221
175 -12 165 14 222
180 -7 170 14 223
185 -2 175 2 224
190 2 180 2 225
195 7 185 2 226
200 12 190 2 227
205 17 195 4 228
210 22 200 4 229
185 -22 155 4 230
190 -17 160 4 231
195 -12 165 2 232
200 -7 170 15 233
205 -2 175 15 234
210 2 180 2 235
215 7 185 15 236
220 12 190 14 237
225 17 195 4 238
230 22 200 4 239
205 -22 155 4 240
210 -17 160 15 241
215 -12 165 2 242
220 -7 170 2 243
225 -2 175 2 244
230 2 180 2 245
235 7 185 4 246
240 12 190 4 247
245 17 195 4 248
250 22 200 4 249
225 -22 155 4 250
230 -17 160 15 251
235 -12 165 2 252
240 -7 170 2 253
245 -2 175 2 254
250 2 180 2 255
255 7 185 2 256
260 12 190 4 257
265 17 195 4 258
270 22 200 4 259
245 -22 155 4 260
250 -17 160 4 261
255 -12 165 2 262
260 -7 170 2 263
265 -2 175 2 264
270 2 180 2 265
275 7 185 4 266
280 12 190 4 267
285 17 195 4 268
290 22 200 14 269
265 -22 155 4 270
270 -17 160 4 271
275 -12 165 14 272
280 -7 170 4 273
285 -2 175 14 274
290 2 180 2 275
295 7 185 2 276
300 12 190 4 277
305 17 195 4 278
310 22 200 4 279
285 -22 155 4 280
290 -17 160 2 281
295 -12 165 2 282
300 -7 170 2 283
305 -2 175 2 284
310 2 180 2 285
315 7 185 2 286
320 12 190 14 287
325 17 195 4 288
330 22 200 4 289
305 -22 155 4 290
310 -17 160 2 291
315 -12 165 2 292
320 -7 170 2 293
325 -2 175 2 294
330 2 180 2 295
335 7 185 2 296
340 12 190 4 297
345 17 195 4 298
350 22 200 14 299
325 -22 155 4 300
330 -17 160 4 301
335 -12 165 4 302
340 -7 170 14 303
345 -2 175 2 304
350 2 180 2 305
355 7 185 4 306
360 12 190 4 307
365 17 195 4 308
370 22 200 14 309
345 -22 155 4 310
350 -17 160 4 311
355 -12 165 4 312
360 -7 170 4 313
365 -2 175 14 314
370 2 180 4 315
375 7 185 4 316
380 12 190 14 317
385 17 195 14 318
390 22 200 14 319
39 -22 197 14 320
44 -17 202 14 321
49 -12 207 4 322
54 -7 212 14 323
59 -2 217 14 324
64 2 222 4 325
69 7 227 4 326
74 12 232 4 327
79 17 237 14 328
84 22 242 4 329
59 -22 197 14 330
64 -17 202 4 331
69 -12 207 4 332
74 -7 212 4 333
79 -2 217 14 334
84 2 222 2 335
89 7 227 4 336
94 12 232 14 337
99 17 237 14 338
104 22 242 14 339
79 -22 197 14 340
84 -17 202 4 341
89 -12 207 4 342
94 -7 212 14 343
99 -2 217 14 344
104 2 222 14 345
109 7 227 4 346
114 12 232 4 347
119 17 237 14 348
124 22 242 14 349
99 -22 197 4 350
104 -17 202 4 351
109 -12 207 4 352
114 -7 212 14 353
119 -2 217 14 354
124 2 222 4 355
129 7 227 4 356
134 12 232 4 357
139 17 237 4 358
144 22 242 14 359
119 -22 197 4 360
124 -17 202 4 361
129 -12 207 4 362
134 -7 212 14 363
139 -2 217 14 364
144 2 222 2 365
149 7 227 14 366
154 12 232 14 367
159 17 237 4 368
164 22 242 14 369
139 -22 197 4 370
144 -17 202 4 371
149 -12 207 4 372
154 -7 212 14 373
159 -2 217 2 374
164 2 222 14 375
169 7 227 4 376
174 12 232 4 377
179 17 237 4 378
184 22 242 14 379
159 -22 197 4 380
164 -17 202 4 381
169 -12 207 4 382
174 -7 212 4 383
179 -2 217 14 384
184 2 222 4 385
189 7 227 4 386
194 12 232 4 387
199 17 237 4 388
204 22 242 14 389
179 -22 197 4 390
184 -17 202 4 391
189 -12 207 4 392
194 -7 212 14 393
199 -2 217 2 394
204 2 222 15 395
209 7 227 4 396
214 12 232 4 397
219 17 237 4 398
224 22 242 14 399
199 -22 197 4 400
204 -17 202 4 401
209 -12 207 4 402
214 -7 212 15 403
219 -2 217 14 404
224 2 222 4 405
229 7 227 14 406
234 12 232 4 407
239 17 237 4 408
244 22 242 4 409
219 -22 197 4 410
224 -17 202 4 411
229 -12 207 4 412
234 -7 212 4 413
239 -2 217 14 414
244 2 222 14 415
249 7 227 4 416
254 12 232 4 417
259 17 237 14 418
264 22 242 4 419
239 -22 197 14 420
244 -17 202 4 421
249 -12 207 4 422
254 -7 212 4 423
259 -2 217 2 424
264 2 222 2 425
269 7 227 4 426
274 12 232 4 427
279 17 237 4 428
284 22 242 14 429
259 -22 197 4 430
264 -17 202 4 431
269 -12 207 4 432
274 -7 212 4 433
279 -2 217 14 434
284 2 222 4 435
289 7 227 4 436
294 12 232 4 437
299 17 237 4 438
304 22 242 14 439
279 -22 197 4 440
284 -17 202 4 441
289 -12 207 4 442
294 -7 212 14 443
299 -2 217 2 444
304 2 222 14 445
309 7 227 14 446
314 12 232 4 447
319 17 237 4 448
324 22 242 14 449
299 -22 197 4 450
304 -17 202 4 451
309 -12 207 4 452
314 -7 212 4 453
319 -2 217 2 454
324 2 222 4 455
329 7 227 4 456
334 12 232 4 457
339 17 237 14 458
344 22 242 14 459
319 -22 197 4 460
324 -17 202 4 461
329 -12 207 4 462
334 -7 212 14 463
339 -2 217 14 464
344 2 222 14 465
349 7 227 4 466
354 12 232 4 467
359 17 237 4 468
364 22 242 14 469
339 -22 197 4 470
344 -17 202 4 471
349 -12 207 4 472
354 -7 212 4 473
359 -2 217 4 474
364 2 222 14 475
369 7 227 4 476
374 12 232 4 477
379 17 237 4 478
384 22 242 14 479
