480
37 -19 136 14 0
44 -14 138 14 1
57 -10 130 2 2
63 -6 135 2 3
67 -2 140 2 4
73 2 143 2 5
75 6 153 2 6
77 10 163 14 7
76 14 176 4 8
80 19 181 4 9
54 -19 138 14 10
63 -14 138 14 11
75 -10 133 2 12
80 -6 139 2 13
88 -2 139 2 14
93 2 143 2 15
99 6 147 2 16
100 10 157 2 17
95 14 176 4 18
99 19 182 4 19
71 -19 143 14 20
83 -14 141 14 21
96 -10 132 2 22
105 -6 130 2 23
110 -2 134 2 24
115 2 141 2 25
119 6 147 2 26
117 10 162 2 27
115 14 178 4 28
119 19 183 4 29
92 -19 142 4 30
110 -14 128 2 31
119 -10 127 2 32
125 -6 130 2 33
130 -2 134 2 34
137 2 140 2 35
141 6 146 2 36
145 10 153 2 37
142 14 176 4 38
146 19 182 4 39
110 -19 145 4 40
130 -14 126 2 41
136 -10 132 2 42
145 -6 130 2 43
151 -2 134 2 44
156 2 140 2 45
160 6 147 2 46
164 10 153 2 47
168 14 163 2 48
172 19 181 4 49
159 -19 96 15 50
148 -14 131 2 51
158 -10 130 2 52
164 -6 133 2 53
170 -2 134 2 54
177 2 138 2 55
183 6 146 2 56
187 10 152 2 57
187 14 176 4 58
191 19 182 4 59
176 -19 98 15 60
180 -14 108 15 61
185 -10 118 15 62
187 -6 131 2 63
191 -2 134 2 64
197 2 139 15 65
202 6 145 15 66
206 10 151 15 67
210 14 156 15 68
214 19 166 15 69
193 -19 105 15 70
197 -14 115 15 71
202 -10 122 15 72
206 -6 128 15 73
210 -2 133 15 74
215 2 140 2 75
220 6 146 2 76
223 10 152 2 77
226 14 164 15 78
228 19 181 4 79
210 -19 107 15 80
214 -14 113 15 81
218 -10 121 15 82
223 -6 130 2 83
229 -2 134 2 84
235 2 138 2 85
242 6 146 2 86
246 10 152 2 87
250 14 165 2 88
254 19 183 4 89
226 -19 100 15 90
230 -14 107 15 91
234 -10 110 15 92
240 -6 113 4 93
250 -2 134 2 94
254 2 140 2 95
261 6 146 2 96
265 10 152 2 97
269 14 163 2 98
273 19 184 4 99
243 -19 97 15 100
249 -14 100 4 101
255 -10 109 4 102
265 -6 130 2 103
269 -2 136 2 104
275 2 138 2 105
283 6 146 2 106
287 10 151 2 107
291 14 157 2 108
301 19 184 4 109
264 -19 96 4 110
270 -14 104 4 111
274 -10 104 4 112
285 -6 130 2 113
291 -2 134 2 114
295 2 140 2 115
301 6 147 2 116
306 10 152 2 117
318 14 166 2 118
328 19 181 4 119
284 -19 96 4 120
289 -14 103 4 121
301 -10 126 2 122
308 -6 136 2 123
312 -2 139 2 124
318 2 144 2 125
322 6 147 2 126
330 10 159 2 127
343 14 174 4 128
349 19 182 4 129
301 -19 95 4 130
331 -14 147 4 131
326 -10 133 2 132
328 -6 135 2 133
334 -2 140 2 134
339 2 143 2 135
350 6 162 14 136
357 10 169 4 137
364 14 178 4 138
372 19 186 14 139
348 -19 143 4 140
355 -14 149 14 141
355 -10 148 4 142
358 -6 149 14 143
353 -2 139 2 144
366 2 155 14 145
374 6 162 14 146
381 10 173 14 147
388 14 180 14 148
392 19 181 14 149
368 -19 140 14 150
375 -14 146 14 151
376 -10 147 14 152
377 -6 146 14 153
385 -2 153 14 154
392 2 161 14 155
393 6 159 14 156
400 10 163 14 157
405 14 169 14 158
409 19 176 14 159
32 -19 176 14 160
39 -14 176 14 161
45 -10 180 14 162
52 -6 181 14 163
62 -2 181 2 164
70 2 181 2 165
70 6 192 2 166
70 10 205 4 167
72 14 215 4 168
72 19 226 14 169
49 -19 180 14 170
57 -14 181 4 171
63 -10 183 4 172
75 -6 179 2 173
84 -2 178 2 174
88 2 183 2 175
91 6 191 2 176
88 10 208 4 177
92 14 214 4 178
94 19 223 4 179
68 -19 181 4 180
78 -14 179 4 181
82 -10 183 4 182
95 -6 177 2 183
101 -2 180 2 184
109 2 181 2 185
110 6 194 14 186
112 10 207 4 187
118 14 211 4 188
123 19 218 4 189
87 -19 181 4 190
95 -14 180 4 191
104 -10 180 14 192
114 -6 179 2 193
122 -2 180 2 194
126 2 188 2 195
130 6 196 14 196
134 10 207 4 197
137 14 215 4 198
141 19 222 4 199
106 -19 181 4 200
115 -14 182 4 201
131 -10 175 2 202
132 -6 188 4 203
144 -2 178 2 204
148 2 183 2 205
153 6 191 2 206
152 10 207 4 207
156 14 222 14 208
167 19 220 4 209
136 -19 178 4 210
141 -14 183 4 211
153 -10 173 2 212
159 -6 173 2 213
163 -2 180 2 214
167 2 186 2 215
172 6 202 4 216
177 10 206 4 217
182 14 212 4 218
186 19 220 4 219
154 -19 180 4 220
160 -14 182 4 221
172 -10 178 14 222
179 -6 181 14 223
186 -2 176 2 224
190 2 181 2 225
195 6 189 2 226
199 10 195 2 227
201 14 212 4 228
206 19 216 4 229
180 -19 180 4 230
186 -14 182 4 231
195 -10 171 2 232
201 -6 173 15 233
205 -2 176 15 234
210 2 181 2 235
213 6 189 15 236
217 10 201 14 237
220 14 213 4 238
223 19 221 4 239
199 -19 180 4 240
209 -14 166 15 241
214 -10 167 2 242
219 -6 175 2 243
222 -2 181 2 244
226 2 186 2 245
228 6 204 4 246
238 10 207 4 247
243 14 211 4 248
248 19 222 4 249
220 -19 176 4 250
225 -14 173 15 251
230 -10 177 2 252
241 -6 175 2 253
245 -2 176 2 254
249 2 181 2 255
253 6 192 2 256
258 10 206 4 257
263 14 215 4 258
268 19 221 4 259
242 -19 181 4 260
248 -14 181 4 261
253 -10 173 2 262
260 -6 172 2 263
264 -2 178 2 264
268 2 183 2 265
273 6 201 4 266
278 10 204 4 267
283 14 217 4 268
290 19 226 14 269
262 -19 179 4 270
268 -14 182 4 271
273 -10 178 14 272
278 -6 186 4 273
285 -2 185 14 274
290 2 181 2 275
294 6 189 2 276
302 10 208 4 277
308 14 212 4 278
315 19 220 4 279
282 -19 180 4 280
290 -14 170 2 281
294 -10 171 2 282
303 -6 180 2 283
307 -2 180 2 284
311 2 183 2 285
317 6 192 2 286
322 10 198 14 287
333 14 218 4 288
342 19 223 4 289
310 -19 179 4 290
313 -14 170 2 291
317 -10 173 2 292
320 -6 173 2 293
326 -2 180 2 294
330 2 181 2 295
338 6 191 2 296
349 10 207 4 297
357 14 216 4 298
365 19 226 14 299
340 -19 181 4 300
343 -14 185 4 301
346 -10 184 4 302
346 -6 181 14 303
346 -2 180 2 304
351 2 182 2 305
365 6 202 4 306
370 10 207 4 307
376 14 215 4 308
384 19 224 14 309
357 -19 179 4 310
360 -14 180 4 311
367 -10 185 4 312
370 -6 188 4 313
370 -2 185 14 314
379 2 196 4 315
385 6 203 4 316
392 10 211 14 317
400 14 219 14 318
404 19 221 14 319
27 -19 217 14 320
31 -14 224 14 321
41 -10 219 4 322
50 -6 219 14 323
57 -2 221 14 324
58 2 231 4 325
60 6 239 4 326
64 10 246 4 327
66 14 257 14 328
72 19 259 4 329
44 -19 221 14 330
52 -14 221 4 331
59 -10 222 4 332
66 -6 224 4 333
77 -2 221 14 334
83 2 224 2 335
80 6 240 4 336
81 10 253 14 337
88 14 257 14 338
95 19 261 14 339
61 -19 223 14 340
72 -14 219 4 341
77 -10 224 4 342
89 -6 219 14 343
96 -2 223 14 344
103 2 225 14 345
106 6 235 4 346
108 10 245 4 347
110 14 257 14 348
117 19 261 14 349
85 -19 218 4 350
89 -14 223 4 351
97 -10 224 4 352
111 -6 219 14 353
118 -2 221 14 354
119 2 234 4 355
125 6 238 4 356
129 10 245 4 357
131 14 254 4 358
136 19 261 14 359
112 -19 214 4 360
116 -14 219 4 361
123 -10 222 4 362
132 -6 216 14 363
136 -2 223 14 364
143 2 224 2 365
147 6 232 14 366
149 10 253 14 367
157 14 250 4 368
160 19 261 14 369
131 -19 216 4 370
136 -14 222 4 371
142 -10 223 4 372
152 -6 216 14 373
158 -2 219 2 374
163 2 228 14 375
167 6 239 4 376
172 10 244 4 377
177 14 251 4 378
179 19 261 14 379
148 -19 221 4 380
161 -14 219 4 381
166 -10 224 4 382
172 -6 225 4 383
178 -2 223 14 384
182 2 232 4 385
187 6 237 4 386
191 10 245 4 387
196 14 249 4 388
199 19 261 14 389
175 -19 217 4 390
180 -14 220 4 391
185 -10 224 4 392
193 -6 216 14 393
198 -2 219 2 394
204 2 223 15 395
206 6 238 4 396
210 10 245 4 397
215 14 254 4 398
220 19 261 14 399
194 -19 219 4 400
201 -14 216 4 401
206 -10 218 4 402
213 -6 217 15 403
218 -2 221 14 404
220 2 235 4 405
227 6 232 14 406
232 10 247 4 407
237 14 252 4 408
242 19 258 4 409
214 -19 215 4 410
219 -14 221 4 411
222 -10 226 4 412
232 -6 226 4 413
238 -2 221 14 414
244 2 228 14 415
248 6 235 4 416
252 10 246 4 417
256 14 257 14 418
262 19 257 4 419
235 -19 223 14 420
242 -14 220 4 421
248 -10 222 4 422
252 -6 224 4 423
259 -2 218 2 424
263 2 224 2 425
267 6 239 4 426
272 10 247 4 427
277 14 251 4 428
282 19 261 14 429
256 -19 218 4 430
261 -14 221 4 431
267 -10 223 4 432
272 -6 225 4 433
277 -2 223 14 434
282 2 234 4 435
288 6 245 4 436
295 10 249 4 437
301 14 254 4 438
306 19 261 14 439
277 -19 217 4 440
281 -14 220 4 441
287 -10 227 4 442
293 -6 219 14 443
298 -2 219 2 444
304 2 225 14 445
310 6 232 14 446
317 10 245 4 447
322 14 250 4 448
327 19 261 14 449
302 -19 219 4 450
307 -14 222 4 451
313 -10 222 4 452
317 -6 225 4 453
319 -2 218 2 454
326 2 232 4 455
330 6 235 4 456
339 10 249 4 457
344 14 257 14 458
353 19 261 14 459
324 -19 219 4 460
329 -14 224 4 461
332 -10 222 4 462
335 -6 219 14 463
343 -2 223 14 464
346 2 225 14 465
356 6 240 4 466
361 10 248 4 467
368 14 255 4 468
373 19 261 14 469
349 -19 218 4 470
356 -14 224 4 471
359 -10 226 4 472
362 -6 228 4 473
366 -2 230 4 474
367 2 228 14 475
375 6 238 4 476
381 10 244 4 477
387 14 251 4 478
396 19 261 14 479
