480
9 -12 180 14 0
20 -9 175 14 1
48 -6 144 2 2
55 -4 147 2 3
58 -1 153 2 4
67 1 152 2 5
64 4 172 2 6
59 6 191 14 7
47 9 219 4 8
49 12 225 4 9
20 -12 185 14 10
38 -9 175 14 11
64 -6 152 2 12
66 -4 159 2 13
80 -1 149 2 14
88 1 152 2 15
95 4 155 2 16
88 6 173 2 17
64 9 219 4 18
66 12 230 4 19
31 -12 199 14 20
56 -9 182 14 21
85 -6 148 2 22
102 -4 133 2 23
108 -1 135 2 24
111 1 147 2 25
114 4 154 2 26
99 6 187 2 27
82 9 225 4 28
85 12 232 4 29
55 -12 195 4 30
99 -9 145 2 31
114 -6 133 2 32
121 -4 133 2 33
129 -1 135 2 34
137 1 142 2 35
139 4 150 2 36
142 6 162 2 37
123 9 217 4 38
125 12 230 4 39
69 -12 204 4 40
118 -9 141 2 41
124 -6 148 2 42
142 -4 133 2 43
151 -1 135 2 44
154 1 142 2 45
157 4 155 2 46
159 6 162 2 47
162 9 180 2 48
163 12 227 4 49
174 -12 61 15 50
133 -9 156 2 51
150 -6 144 2 52
159 -4 142 2 53
168 -1 135 2 54
177 1 138 2 55
185 4 150 2 56
188 6 158 2 57
178 9 219 4 58
181 12 229 4 59
185 -12 69 15 60
188 -9 89 15 61
191 -6 108 15 62
188 -4 137 2 63
191 -1 135 2 64
199 1 140 15 65
202 4 148 15 66
204 6 155 15 67
207 9 161 15 68
210 12 180 15 69
196 -12 90 15 70
199 -9 109 15 71
202 -6 119 15 72
204 -4 127 15 73
207 -1 133 15 74
213 1 142 2 75
216 4 150 2 76
219 6 158 2 77
218 9 184 15 78
214 12 225 4 79
207 -12 94 15 80
210 -9 101 15 81
213 -6 116 15 82
219 -4 133 2 83
226 -1 135 2 84
235 1 138 2 85
243 4 150 2 86
246 6 158 2 87
249 9 185 2 88
250 12 231 4 89
218 -12 74 15 90
220 -9 85 15 91
223 -6 83 15 92
231 -4 83 4 93
249 -1 135 2 94
252 1 142 2 95
261 4 150 2 96
263 6 158 2 97
266 9 180 2 98
269 12 235 4 99
228 -12 65 15 100
236 -9 64 4 101
245 -6 81 4 102
263 -4 133 2 103
266 -1 139 2 104
274 1 138 2 105
287 4 150 2 106
289 6 157 2 107
292 9 164 2 108
311 12 235 4 109
250 -12 63 4 110
259 -9 77 4 111
262 -6 67 4 112
285 -4 133 2 113
292 -1 135 2 114
295 1 142 2 115
301 4 155 2 116
308 6 158 2 117
331 9 189 2 118
352 12 226 4 119
272 -12 63 4 120
275 -9 74 4 121
301 -6 130 2 122
313 -4 150 2 123
315 -1 149 2 124
323 1 156 2 125
326 4 155 2 126
339 6 179 2 127
366 9 213 4 128
376 12 229 4 129
283 -12 58 4 130
362 -9 200 4 131
337 -6 152 2 132
333 -4 147 2 133
342 -1 153 2 134
345 1 152 2 135
369 4 196 14 136
378 6 208 4 137
391 9 223 4 138
404 12 242 14 139
383 -12 200 4 140
393 -9 207 14 141
383 -6 194 4 142
381 -4 188 14 143
358 -1 149 2 144
386 1 185 14 145
399 4 196 14 146
410 6 218 14 147
421 9 231 14 148
423 12 227 14 149
402 -12 191 14 150
413 -9 199 14 151
407 -6 191 14 152
400 -4 180 14 153
413 -1 191 14 154
423 1 204 14 155
418 4 188 14 156
429 6 191 14 157
432 9 199 14 158
434 12 207 14 159
6 -12 214 14 160
16 -9 205 14 161
26 -6 208 14 162
37 -4 203 14 163
55 -1 193 2 164
68 1 183 2 165
60 4 207 2 166
49 6 235 4 167
45 9 253 4 168
38 12 276 14 169
17 -12 228 14 170
31 -9 223 4 171
40 -6 219 4 172
63 -4 194 2 173
82 -1 180 2 174
84 1 189 2 175
82 4 202 2 176
63 6 245 4 177
65 9 252 4 178
63 12 267 4 179
35 -12 233 4 180
54 -9 214 4 181
57 -6 219 4 182
85 -4 189 2 183
93 -1 192 2 184
108 1 183 2 185
98 4 211 14 186
97 6 241 4 187
103 9 244 4 188
108 12 253 4 189
53 -12 232 4 190
67 -9 221 4 191
83 -6 208 14 192
101 -4 194 2 193
116 -1 192 2 194
118 1 204 2 195
121 4 219 14 196
120 6 239 4 197
119 9 256 4 198
122 12 264 4 199
70 -12 231 4 200
86 -9 225 4 201
121 -6 191 2 202
117 -4 224 4 203
142 -1 181 2 204
144 1 189 2 205
147 4 203 2 206
137 6 240 4 207
137 9 274 14 208
159 12 259 4 209
117 -12 221 4 210
122 -9 229 4 211
147 -6 187 2 212
156 -4 179 2 213
159 -1 187 2 214
162 1 200 2 215
164 4 237 4 216
172 6 237 4 217
175 9 247 4 218
178 12 260 4 219
133 -12 228 4 220
140 -9 226 4 221
166 -6 200 14 222
176 -4 203 14 223
188 -1 176 2 224
190 1 184 2 225
193 4 198 2 226
196 6 205 2 227
191 9 244 4 228
196 12 248 4 229
171 -12 229 4 230
178 -9 225 4 231
193 -6 181 2 232
201 -4 179 15 233
204 -1 178 15 234
210 1 184 2 235
209 4 198 15 236
209 6 222 14 237
208 9 248 4 238
211 12 264 4 239
188 -12 227 4 240
207 -9 177 15 241
213 -6 171 2 242
215 -4 184 2 243
218 -1 192 2 244
220 1 200 2 245
216 4 242 4 246
235 6 241 4 247
241 9 243 4 248
246 12 266 4 249
208 -12 216 4 250
218 -9 197 15 251
222 -6 197 2 252
243 -4 184 2 253
246 -1 176 2 254
248 1 184 2 255
251 4 208 2 256
256 6 239 4 257
261 9 254 4 258
265 12 262 4 259
237 -12 233 4 260
247 -9 224 4 261
251 -6 187 2 262
260 -4 174 2 263
263 -1 181 2 264
266 1 189 2 265
271 4 234 4 266
274 6 233 4 267
281 9 259 4 268
290 12 276 14 269
257 -12 224 4 270
264 -9 225 4 271
269 -6 200 14 272
275 -4 219 4 273
287 -1 205 14 274
292 1 183 2 275
294 4 197 2 276
308 6 245 4 277
315 9 247 4 278
326 12 259 4 279
278 -12 226 4 280
292 -9 189 2 281
294 -6 181 2 282
309 -4 199 2 283
312 -1 192 2 284
315 1 189 2 285
322 4 207 2 286
327 6 214 14 287
348 9 263 4 288
365 12 267 4 289
322 -12 224 4 290
320 -9 189 2 291
322 -6 186 2 292
320 -4 179 2 293
328 -1 186 2 294
331 1 183 2 295
344 4 202 2 296
366 6 241 4 297
381 9 259 4 298
393 12 276 14 299
369 -12 233 4 300
369 -9 233 4 301
369 -6 223 4 302
358 -4 203 14 303
350 -1 189 2 304
352 1 186 2 305
385 4 235 4 306
389 6 240 4 307
397 9 255 4 308
412 12 270 14 309
382 -12 224 4 310
382 -9 218 4 311
390 -6 226 4 312
391 -4 224 4 313
381 -1 205 14 314
397 1 228 4 315
405 4 237 4 316
417 6 253 14 317
428 9 265 14 318
431 12 262 14 319
3 -12 257 14 320
6 -9 266 14 321
24 -6 244 4 322
41 -4 234 14 323
52 -1 228 14 324
46 1 250 4 325
43 4 262 4 326
43 6 275 4 327
39 9 296 14 328
49 12 293 4 329
14 -12 269 14 330
27 -9 258 4 331
39 -6 251 4 332
49 -4 247 4 333
72 -1 228 14 334
81 1 227 2 335
62 4 265 4 336
55 6 294 14 337
65 9 296 14 338
77 12 299 14 339
25 -12 275 14 340
49 -9 251 4 341
53 -6 259 4 342
78 -4 234 14 343
88 -1 236 14 344
99 1 231 14 345
100 4 251 4 346
97 6 271 4 347
92 9 296 14 348
102 12 299 14 349
57 -12 259 4 350
60 -9 265 4 351
73 -6 259 4 352
103 -4 234 14 353
114 -1 228 14 354
108 1 257 4 355
117 4 260 4 356
118 6 270 4 357
116 9 287 4 358
119 12 299 14 359
97 -12 247 4 360
101 -9 252 4 361
111 -6 252 4 362
128 -4 226 14 363
130 -1 236 14 364
141 1 228 2 365
143 4 242 14 366
138 6 294 14 367
153 9 277 4 368
152 12 299 14 369
116 -12 254 4 370
119 -9 262 4 371
128 -6 254 4 372
146 -4 226 14 373
156 -1 225 2 374
159 1 239 14 375
162 4 264 4 376
167 6 269 4 377
172 9 278 4 378
170 12 299 14 379
127 -12 268 4 380
154 -9 252 4 381
160 -6 259 4 382
166 -4 250 4 383
175 -1 236 14 384
176 1 252 4 385
183 4 257 4 386
183 6 271 4 387
189 9 272 4 388
188 12 299 14 389
167 -12 256 4 390
172 -9 256 4 391
177 -6 259 4 392
191 -4 226 14 393
195 -1 225 2 394
203 1 227 15 395
200 4 259 4 396
202 6 271 4 397
205 9 287 4 398
211 12 299 14 399
182 -12 262 4 400
194 -9 245 4 401
200 -6 241 4 402
209 -4 229 15 403
217 -1 228 14 404
213 1 262 4 405
224 4 242 14 406
229 6 277 4 407
234 9 283 4 408
240 12 288 4 409
202 -12 250 4 410
208 -9 257 4 411
211 -6 264 4 412
228 -4 254 4 413
238 -1 228 14 414
244 1 239 14 415
246 4 252 4 416
249 6 275 4 417
252 9 296 14 418
259 12 287 4 419
230 -12 275 14 420
240 -9 256 4 421
246 -6 253 4 422
249 -4 248 4 423
260 -1 220 2 424
262 1 228 2 425
266 4 264 4 426
269 6 277 4 427
276 9 280 4 428
278 12 299 14 429
251 -12 260 4 430
257 -9 257 4 431
264 -6 256 4 432
270 -4 252 4 433
275 -1 236 14 434
279 1 257 4 435
287 4 281 4 436
299 6 284 4 437
306 9 286 4 438
310 12 299 14 439
273 -12 256 4 440
277 -9 256 4 441
286 -6 267 4 442
292 -4 234 14 443
296 -1 225 2 444
306 1 231 14 445
312 4 242 14 446
322 6 271 4 447
328 9 276 4 448
333 12 299 14 449
308 -12 263 4 450
314 -9 263 4 451
321 -6 253 4 452
324 -4 251 4 453
320 -1 220 2 454
330 1 253 4 455
332 4 251 4 456
349 6 283 4 457
355 9 296 14 458
371 12 299 14 459
335 -12 261 4 460
340 -9 266 4 461
338 -6 252 4 462
338 -4 234 14 463
351 -1 236 14 464
352 1 231 14 465
369 4 267 4 466
376 6 279 4 467
385 9 290 4 468
391 12 299 14 469
371 -12 258 4 470
380 -9 267 4 471
378 -6 263 4 472
379 -4 258 4 473
380 -1 257 4 474
374 1 239 14 475
388 4 261 4 476
394 6 268 4 477
402 9 278 4 478
420 12 299 14 479
