480
41 -20 130 14 0
48 -15 132 14 1
58 -11 128 2 2
64 -6 133 2 3
68 -2 138 2 4
74 2 142 2 5
77 6 150 2 6
80 11 159 14 7
81 15 170 4 8
85 20 175 4 9
59 -20 131 14 10
67 -15 132 14 11
77 -11 130 2 12
82 -6 136 2 13
89 -2 137 2 14
94 2 142 2 15
100 6 146 2 16
102 11 154 2 17
100 15 170 4 18
104 20 176 4 19
77 -20 134 14 20
87 -15 134 14 21
98 -11 129 2 22
105 -6 129 2 23
111 -2 134 2 24
115 2 141 2 25
120 6 146 2 26
120 11 158 2 27
120 15 171 4 28
124 20 176 4 29
98 -20 133 4 30
112 -15 125 2 31
120 -11 126 2 32
125 -6 129 2 33
131 -2 134 2 34
137 2 139 2 35
141 6 145 2 36
145 11 152 2 37
145 15 169 4 38
149 20 176 4 39
116 -20 135 4 40
132 -15 124 2 41
137 -11 129 2 42
145 -6 129 2 43
151 -2 134 2 44
156 2 139 2 45
160 6 146 2 46
165 11 152 2 47
169 15 160 2 48
173 20 175 4 49
157 -20 101 15 50
151 -15 128 2 51
159 -11 128 2 52
165 -6 132 2 53
171 -2 134 2 54
177 2 138 2 55
182 6 145 2 56
187 11 151 2 57
188 15 169 4 58
193 20 176 4 59
175 -20 103 15 60
179 -15 111 15 61
184 -11 120 15 62
187 -6 130 2 63
191 -2 134 2 64
197 2 139 15 65
202 6 145 15 66
206 11 150 15 67
210 15 155 15 68
215 20 164 15 69
193 -20 108 15 70
197 -15 116 15 71
202 -11 123 15 72
206 -6 128 15 73
210 -2 133 15 74
216 2 139 2 75
220 6 145 2 76
224 11 151 2 77
227 15 161 15 78
230 20 175 4 79
210 -20 109 15 80
215 -15 114 15 81
219 -11 122 15 82
224 -6 129 2 83
229 -2 134 2 84
235 2 138 2 85
241 6 145 2 86
246 11 151 2 87
250 15 161 2 88
254 20 176 4 89
227 -20 104 15 90
232 -15 110 15 91
236 -11 114 15 92
242 -6 118 4 93
250 -2 134 2 94
255 2 139 2 95
261 6 145 2 96
265 11 151 2 97
269 15 160 2 98
274 20 177 4 99
245 -20 102 15 100
251 -15 105 4 101
257 -11 113 4 102
265 -6 129 2 103
269 -2 135 2 104
275 2 138 2 105
282 6 145 2 106
286 11 151 2 107
291 15 156 2 108
299 20 177 4 109
266 -20 101 4 110
272 -15 109 4 111
276 -11 110 4 112
285 -6 129 2 113
291 -2 134 2 114
295 2 139 2 115
301 6 146 2 116
306 11 151 2 117
315 15 162 2 118
324 20 175 4 119
286 -20 101 4 120
291 -15 108 4 121
301 -11 125 2 122
307 -6 134 2 123
312 -2 137 2 124
317 2 143 2 125
322 6 146 2 126
329 11 156 2 127
339 15 168 4 128
345 20 176 4 129
304 -20 100 4 130
327 -15 138 4 131
324 -11 130 2 132
327 -6 133 2 133
333 -2 138 2 134
338 2 142 2 135
347 6 156 14 136
353 11 163 4 137
360 15 170 4 138
367 20 179 14 139
343 -20 135 4 140
349 -15 140 14 141
351 -11 141 4 142
354 -6 143 14 143
352 -2 137 2 144
363 2 150 14 145
370 6 156 14 146
376 11 165 14 147
383 15 172 14 148
387 20 175 14 149
363 -20 132 14 150
369 -15 138 14 151
372 -11 140 14 152
374 -6 141 14 153
381 -2 147 14 154
387 2 155 14 155
390 6 154 14 156
396 11 159 14 157
400 15 165 14 158
405 20 171 14 159
36 -20 170 14 160
42 -15 172 14 161
48 -11 176 14 162
55 -6 178 14 163
63 -2 180 2 164
70 2 180 2 165
72 6 190 2 166
73 11 201 4 167
76 15 209 4 168
78 20 218 14 169
54 -20 173 14 170
61 -15 176 4 171
67 -11 179 4 172
76 -6 176 2 173
85 -2 177 2 174
89 2 182 2 175
92 6 189 2 176
91 11 203 4 177
96 15 208 4 178
99 20 216 4 179
73 -20 174 4 180
82 -15 174 4 181
86 -11 179 4 182
97 -6 175 2 183
102 -2 180 2 184
110 2 180 2 185
111 6 191 14 186
115 11 202 4 187
120 15 206 4 188
125 20 212 4 189
93 -20 174 4 190
100 -15 175 4 191
108 -11 176 14 192
116 -6 176 2 193
123 -2 180 2 194
128 2 186 2 195
132 6 193 14 196
136 11 202 4 197
139 15 209 4 198
144 20 215 4 199
112 -20 174 4 200
120 -15 176 4 201
132 -11 172 2 202
135 -6 183 4 203
145 -2 177 2 204
149 2 182 2 205
153 6 189 2 206
155 11 202 4 207
159 15 214 14 208
168 20 214 4 209
139 -20 171 4 210
144 -15 177 4 211
153 -11 171 2 212
159 -6 173 2 213
164 -2 178 2 214
168 2 184 2 215
173 6 197 4 216
178 11 201 4 217
183 15 207 4 218
187 20 214 4 219
158 -20 173 4 220
163 -15 177 4 221
173 -11 174 14 222
179 -6 178 14 223
186 -2 176 2 224
190 2 180 2 225
195 6 188 2 226
199 11 193 2 227
202 15 207 4 228
207 20 211 4 229
182 -20 173 4 230
187 -15 176 4 231
195 -11 170 2 232
201 -6 173 15 233
205 -2 176 15 234
210 2 180 2 235
214 6 188 15 236
218 11 197 14 237
220 15 207 4 238
225 20 215 4 239
201 -20 173 4 240
210 -15 165 15 241
215 -11 167 2 242
219 -6 174 2 243
223 -2 180 2 244
227 2 184 2 245
230 6 198 4 246
238 11 202 4 247
244 15 206 4 248
249 20 216 4 249
220 -20 170 4 250
226 -15 169 15 251
232 -11 173 2 252
240 -6 174 2 253
245 -2 176 2 254
249 2 180 2 255
254 6 190 2 256
259 11 201 4 257
264 15 209 4 258
268 20 215 4 259
243 -20 174 4 260
249 -15 176 4 261
254 -11 171 2 262
260 -6 171 2 263
264 -2 177 2 264
269 2 182 2 265
274 6 196 4 266
278 11 200 4 267
284 15 210 4 268
290 20 218 14 269
263 -20 172 4 270
268 -15 176 4 271
273 -11 174 14 272
278 -6 181 4 273
285 -2 182 14 274
290 2 180 2 275
294 6 188 2 276
302 11 203 4 277
307 15 207 4 278
313 20 214 4 279
283 -20 173 4 280
290 -15 167 2 281
294 -11 169 2 282
302 -6 178 2 283
306 -2 180 2 284
311 2 182 2 285
316 6 190 2 286
321 11 195 14 287
330 15 211 4 288
338 20 216 4 289
309 -20 172 4 290
312 -15 167 2 291
316 -11 171 2 292
320 -6 172 2 293
325 -2 178 2 294
330 2 180 2 295
337 6 189 2 296
346 11 202 4 297
353 15 210 4 298
360 20 218 14 299
335 -20 174 4 300
339 -15 178 4 301
343 -11 179 4 302
344 -6 178 14 303
346 -2 179 2 304
350 2 181 2 305
362 6 197 4 306
367 11 202 4 307
372 15 209 4 308
380 20 217 14 309
354 -20 172 4 310
357 -15 174 4 311
363 -11 180 4 312
367 -6 183 4 313
368 -2 182 14 314
376 2 191 4 315
382 6 197 4 316
389 11 205 14 317
395 15 212 14 318
400 20 215 14 319
31 -20 211 14 320
35 -15 217 14 321
43 -11 216 4 322
51 -6 217 14 323
58 -2 219 14 324
60 2 228 4 325
63 6 235 4 326
67 11 242 4 327
70 15 251 14 328
76 20 254 4 329
49 -20 214 14 330
55 -15 215 4 331
62 -11 217 4 332
68 -6 220 4 333
78 -2 219 14 334
84 2 223 2 335
83 6 236 4 336
85 11 246 14 337
91 15 251 14 338
98 20 255 14 339
66 -20 215 14 340
76 -15 214 4 341
81 -11 219 4 342
91 -6 217 14 343
97 -2 221 14 344
103 2 224 14 345
107 6 233 4 346
110 11 241 4 347
113 15 251 14 348
119 20 255 14 349
89 -20 212 4 350
94 -15 217 4 351
101 -11 219 4 352
112 -6 217 14 353
118 -2 219 14 354
121 2 230 4 355
127 6 234 4 356
131 11 241 4 357
134 15 249 4 358
138 20 255 14 359
114 -20 209 4 360
119 -15 214 4 361
125 -11 217 4 362
133 -6 215 14 363
137 -2 221 14 364
144 2 223 2 365
148 6 230 14 366
151 11 246 14 367
158 15 246 4 368
161 20 255 14 369
134 -20 210 4 370
138 -15 216 4 371
144 -11 218 4 372
152 -6 215 14 373
159 -2 219 2 374
163 2 226 14 375
168 6 235 4 376
173 11 240 4 377
178 15 246 4 378
181 20 255 14 379
152 -20 214 4 380
162 -15 214 4 381
167 -11 219 4 382
172 -6 221 4 383
178 -2 221 14 384
182 2 229 4 385
188 6 234 4 386
192 11 241 4 387
197 15 245 4 388
201 20 255 14 389
177 -20 211 4 390
181 -15 215 4 391
186 -11 219 4 392
194 -6 215 14 393
198 -2 219 2 394
204 2 223 15 395
207 6 234 4 396
212 11 241 4 397
216 15 249 4 398
220 20 255 14 399
195 -20 212 4 400
202 -15 212 4 401
207 -11 215 4 402
213 -6 216 15 403
219 -2 219 14 404
221 2 231 4 405
227 6 230 14 406
232 11 243 4 407
237 15 248 4 408
243 20 253 4 409
215 -20 209 4 410
220 -15 215 4 411
224 -11 220 4 412
232 -6 222 4 413
238 -2 219 14 414
244 2 226 14 415
248 6 233 4 416
252 11 242 4 417
257 15 251 14 418
262 20 252 4 419
236 -20 215 14 420
243 -15 215 4 421
248 -11 218 4 422
252 -6 220 4 423
259 -2 217 2 424
263 2 223 2 425
268 6 235 4 426
272 11 243 4 427
278 15 247 4 428
282 20 255 14 429
257 -20 212 4 430
262 -15 215 4 431
267 -11 218 4 432
273 -6 221 4 433
278 -2 221 14 434
282 2 230 4 435
288 6 240 4 436
295 11 244 4 437
300 15 249 4 438
305 20 255 14 439
277 -20 211 4 440
282 -15 215 4 441
288 -11 221 4 442
293 -6 217 14 443
298 -2 218 2 444
304 2 224 14 445
309 6 230 14 446
316 11 241 4 447
321 15 246 4 448
326 20 255 14 449
301 -20 212 4 450
306 -15 216 4 451
311 -11 218 4 452
316 -6 221 4 453
319 -2 217 2 454
325 2 229 4 455
329 6 233 4 456
337 11 244 4 457
342 15 251 14 458
350 20 255 14 459
322 -20 212 4 460
327 -15 217 4 461
331 -11 217 4 462
335 -6 217 14 463
341 -2 221 14 464
346 2 224 14 465
353 6 236 4 466
359 11 243 4 467
365 15 249 4 468
370 20 255 14 469
346 -20 211 4 470
352 -15 217 4 471
356 -11 220 4 472
360 -6 223 4 473
364 -2 226 4 474
366 2 226 14 475
373 6 235 4 476
378 11 240 4 477
384 15 246 4 478
392 20 255 14 479
