480
31 -17 147 14 0
39 -13 146 14 1
55 -9 134 2 2
61 -5 137 2 3
65 -1 143 2 4
72 1 145 2 5
73 5 158 2 6
73 9 170 14 7
69 13 185 4 8
73 17 191 4 9
46 -17 149 14 10
58 -13 146 14 11
73 -9 138 2 12
77 -5 143 2 13
86 -1 141 2 14
92 1 145 2 15
98 5 149 2 16
97 9 160 2 17
88 13 185 4 18
92 17 193 4 19
62 -17 156 14 20
77 -13 150 14 21
94 -9 135 2 22
104 -5 131 2 23
110 -1 134 2 24
114 1 143 2 25
118 5 149 2 26
113 9 168 2 27
107 13 188 4 28
111 17 194 4 29
84 -17 154 4 30
108 -13 131 2 31
118 -9 128 2 32
124 -5 131 2 33
130 -1 134 2 34
137 1 140 2 35
140 5 147 2 36
144 9 155 2 37
137 13 184 4 38
141 17 193 4 39
101 -17 158 4 40
127 -13 130 2 41
133 -9 135 2 42
144 -5 131 2 43
151 -1 134 2 44
155 1 140 2 45
159 5 149 2 46
163 9 155 2 47
167 13 167 2 48
170 17 192 4 49
163 -17 88 15 50
145 -13 137 2 51
156 -9 134 2 52
163 -5 135 2 53
170 -1 134 2 54
177 1 138 2 55
183 5 147 2 56
187 9 153 2 57
185 13 185 4 58
189 17 193 4 59
178 -17 92 15 60
182 -13 104 15 61
186 -9 116 15 62
187 -5 133 2 63
191 -1 134 2 64
198 1 139 15 65
202 5 146 15 66
205 9 152 15 67
209 13 157 15 68
213 17 169 15 69
194 -17 102 15 70
198 -13 114 15 71
202 -9 121 15 72
205 -5 128 15 73
209 -1 133 15 74
215 1 140 2 75
219 5 147 2 76
222 9 153 2 77
224 13 169 15 78
225 17 191 4 79
209 -17 104 15 80
213 -13 110 15 81
217 -9 120 15 82
222 -5 131 2 83
228 -1 134 2 84
235 1 138 2 85
242 5 147 2 86
246 9 153 2 87
250 13 170 2 88
253 17 193 4 89
224 -17 94 15 90
228 -13 102 15 91
232 -9 104 15 92
238 -5 106 4 93
250 -1 134 2 94
254 1 140 2 95
261 5 147 2 96
264 9 153 2 97
268 13 167 2 98
272 17 195 4 99
239 -17 90 15 100
246 -13 92 4 101
253 -9 103 4 102
264 -5 131 2 103
268 -1 136 2 104
275 1 138 2 105
284 5 147 2 106
287 9 153 2 107
291 13 159 2 108
303 17 196 4 109
261 -17 88 4 110
268 -13 98 4 111
271 -9 96 4 112
285 -5 131 2 113
291 -1 134 2 114
295 1 140 2 115
301 5 149 2 116
307 9 153 2 117
321 13 172 2 118
333 17 191 4 119
281 -17 88 4 120
286 -13 97 4 121
301 -9 127 2 122
309 -5 139 2 123
313 -1 141 2 124
319 1 147 2 125
323 5 149 2 126
332 9 163 2 127
348 13 182 4 128
355 17 193 4 129
297 -17 86 4 130
338 -13 159 4 131
328 -9 138 2 132
329 -5 137 2 133
336 -1 143 2 134
340 1 145 2 135
355 5 170 14 136
362 9 178 4 137
371 13 187 4 138
380 17 199 14 139
356 -17 157 4 140
364 -13 163 14 141
362 -9 159 4 142
363 -5 158 14 143
354 -1 141 2 144
370 1 162 14 145
380 5 170 14 146
387 9 182 14 147
395 13 191 14 148
399 17 192 14 149
376 -17 152 14 150
384 -13 159 14 151
383 -9 157 14 152
382 -5 154 14 153
391 -1 162 14 154
399 1 171 14 155
399 5 166 14 156
407 9 170 14 157
411 13 176 14 158
415 17 182 14 159
26 -17 184 14 160
33 -13 182 14 161
41 -9 186 14 162
49 -5 186 14 163
60 -1 183 2 164
69 1 181 2 165
68 5 195 2 166
65 9 212 4 167
65 13 223 4 168
64 17 237 14 169
42 -17 190 14 170
51 -13 191 4 171
58 -9 191 4 172
72 -5 182 2 173
84 -1 178 2 174
87 1 184 2 175
89 5 193 2 176
82 9 217 4 177
86 13 223 4 178
87 17 233 4 179
61 -17 193 4 180
73 -13 186 4 181
77 -9 192 4 182
93 -5 180 2 183
99 -1 183 2 184
109 1 181 2 185
107 5 197 14 186
109 9 215 4 187
114 13 219 4 188
120 17 226 4 189
79 -17 192 4 190
89 -13 190 4 191
100 -9 186 14 192
111 -5 182 2 193
121 -1 183 2 194
125 1 192 2 195
128 5 201 14 196
131 9 214 4 197
133 13 225 4 198
137 17 231 4 199
98 -17 192 4 200
108 -13 192 4 201
128 -9 179 2 202
129 -5 196 4 203
144 -1 179 2 204
147 1 184 2 205
151 5 193 2 206
149 9 214 4 207
152 13 233 14 208
165 17 229 4 209
132 -17 187 4 210
137 -13 193 4 211
151 -9 176 2 212
158 -5 175 2 213
162 -1 181 2 214
166 1 190 2 215
170 5 210 4 216
176 9 213 4 217
180 13 220 4 218
184 17 229 4 219
150 -17 191 4 220
156 -13 192 4 221
171 -9 182 14 222
178 -5 186 14 223
187 -1 176 2 224
190 1 182 2 225
194 5 191 2 226
198 9 197 2 227
198 13 219 4 228
203 17 223 4 229
178 -17 191 4 230
184 -13 192 4 231
194 -9 174 2 232
201 -5 175 15 233
205 -1 177 15 234
210 1 182 2 235
212 5 191 15 236
215 9 205 14 237
217 13 221 4 238
220 17 231 4 239
197 -17 190 4 240
209 -13 169 15 241
214 -9 168 2 242
218 -5 178 2 243
221 -1 183 2 244
225 1 190 2 245
225 5 213 4 246
237 9 215 4 247
243 13 218 4 248
248 17 232 4 249
217 -17 185 4 250
223 -13 179 15 251
229 -9 180 2 252
241 -5 178 2 253
245 -1 176 2 254
249 1 182 2 255
253 5 196 2 256
258 9 214 4 257
263 13 224 4 258
267 17 230 4 259
241 -17 193 4 260
248 -13 191 4 261
253 -9 176 2 262
260 -5 172 2 263
264 -1 179 2 264
268 1 184 2 265
273 5 209 4 266
277 9 211 4 267
283 13 226 4 268
290 17 237 14 269
261 -17 189 4 270
267 -13 192 4 271
272 -9 182 14 272
277 -5 194 4 273
286 -1 190 14 274
291 1 181 2 275
294 5 191 2 276
304 9 217 4 277
310 13 220 4 278
318 17 229 4 279
281 -17 190 4 280
291 -13 175 2 281
294 -9 174 2 282
304 -5 184 2 283
308 -1 183 2 284
312 1 184 2 285
318 5 196 2 286
323 9 201 14 287
336 13 228 4 288
347 17 233 4 289
313 -17 189 4 290
315 -13 175 2 291
318 -9 176 2 292
320 -5 175 2 293
326 -1 180 2 294
330 1 181 2 295
339 5 193 2 296
353 9 215 4 297
362 13 226 4 298
371 17 237 14 299
346 -17 193 4 300
349 -13 195 4 301
351 -9 193 4 302
349 -5 186 14 303
347 -1 181 2 304
351 1 183 2 305
370 5 209 4 306
374 9 215 4 307
381 13 224 4 308
390 17 234 14 309
363 -17 189 4 310
365 -13 188 4 311
372 -9 195 4 312
375 -5 197 4 313
372 -1 190 14 314
383 1 203 4 315
390 5 210 4 316
398 9 221 14 317
406 13 229 14 318
410 17 230 14 319
22 -17 226 14 320
25 -13 233 14 321
37 -9 225 4 322
48 -5 222 14 323
56 -1 222 14 324
55 1 236 4 325
56 5 244 4 326
59 9 253 4 327
59 13 266 14 328
67 17 267 4 329
37 -17 232 14 330
46 -13 229 4 331
55 -9 228 4 332
62 -5 229 4 333
76 -1 222 14 334
83 1 224 2 335
76 5 245 4 336
75 9 262 14 337
83 13 266 14 338
91 17 270 14 339
53 -17 235 14 340
67 -13 226 4 341
72 -9 232 4 342
87 -5 222 14 343
94 -1 226 14 344
102 1 226 14 345
105 5 239 4 346
106 9 251 4 347
106 13 266 14 348
113 17 270 14 349
79 -17 227 4 350
82 -13 233 4 351
92 -9 232 4 352
109 -5 222 14 353
117 -1 222 14 354
117 1 239 4 355
124 5 243 4 356
127 9 250 4 357
128 13 261 4 358
132 17 270 14 359
109 -17 222 4 360
113 -13 227 4 361
120 -9 229 4 362
131 -5 218 14 363
135 -1 226 14 364
143 1 225 2 365
146 5 234 14 366
146 9 262 14 367
156 13 256 4 368
158 17 270 14 369
128 -17 225 4 370
132 -13 231 4 371
139 -9 230 4 372
150 -5 218 14 373
158 -1 221 2 374
162 1 230 14 375
166 5 245 4 376
171 9 250 4 377
176 13 257 4 378
177 17 270 14 379
144 -17 232 4 380
159 -13 226 4 381
165 -9 232 4 382
170 -5 230 4 383
177 -1 226 14 384
180 1 237 4 385
186 5 241 4 386
189 9 251 4 387
194 13 254 4 388
197 17 270 14 389
174 -17 226 4 390
178 -13 228 4 391
183 -9 232 4 392
193 -5 218 14 393
197 -1 221 2 394
204 1 224 15 395
205 5 242 4 396
209 9 251 4 397
212 13 262 4 398
218 17 270 14 399
191 -17 229 4 400
199 -13 223 4 401
205 -9 223 4 402
212 -5 220 15 403
218 -1 222 14 404
219 1 241 4 405
226 5 234 14 406
231 9 254 4 407
236 13 259 4 408
242 17 265 4 409
211 -17 223 4 410
216 -13 229 4 411
220 -9 235 4 412
231 -5 232 4 413
238 -1 222 14 414
244 1 230 14 415
247 5 239 4 416
251 9 253 4 417
255 13 266 14 418
261 17 264 4 419
234 -17 235 14 420
242 -13 228 4 421
247 -9 229 4 422
251 -5 229 4 423
259 -1 218 2 424
263 1 225 2 425
267 5 245 4 426
271 9 254 4 427
277 13 258 4 428
281 17 270 14 429
255 -17 228 4 430
260 -13 229 4 431
266 -9 231 4 432
272 -5 232 4 433
277 -1 226 14 434
281 1 239 4 435
288 5 253 4 436
296 9 257 4 437
302 13 261 4 438
307 17 270 14 439
276 -17 226 4 440
280 -13 228 4 441
287 -9 236 4 442
293 -5 222 14 443
297 -1 221 2 444
305 1 226 14 445
310 5 234 14 446
318 9 251 4 447
323 13 256 4 448
328 17 270 14 449
303 -17 229 4 450
309 -13 232 4 451
314 -9 229 4 452
319 -5 231 4 453
319 -1 218 2 454
327 1 237 4 455
330 5 239 4 456
341 9 257 4 457
346 13 266 14 458
357 17 270 14 459
326 -17 228 4 460
332 -13 233 4 461
333 -9 229 4 462
336 -5 222 14 463
344 -1 226 14 464
348 1 226 14 465
359 5 246 4 466
365 9 255 4 467
372 13 263 4 468
377 17 270 14 469
354 -17 227 4 470
361 -13 234 4 471
363 -9 234 4 472
366 -5 235 4 473
369 -1 236 4 474
369 1 230 14 475
378 5 244 4 476
384 9 249 4 477
390 13 257 4 478
401 17 270 14 479
