480
21 -14 163 14 0
30 -11 160 14 1
51 -8 139 2 2
58 -4 142 2 3
62 -1 148 2 4
69 1 149 2 5
68 4 165 2 6
66 8 180 14 7
59 11 202 4 8
62 14 207 4 9
34 -14 167 14 10
48 -11 160 14 11
68 -8 145 2 12
72 -4 151 2 13
83 -1 145 2 14
90 1 149 2 15
97 4 152 2 16
93 8 166 2 17
77 11 202 4 18
80 14 211 4 19
47 -14 177 14 20
67 -11 166 14 21
90 -8 141 2 22
103 -4 132 2 23
109 -1 135 2 24
112 1 145 2 25
116 4 152 2 26
106 8 178 2 27
95 11 206 4 28
99 14 212 4 29
70 -14 174 4 30
103 -11 138 2 31
116 -8 131 2 32
122 -4 132 2 33
129 -1 135 2 34
137 1 141 2 35
140 4 149 2 36
143 8 158 2 37
130 11 200 4 38
134 14 211 4 39
85 -14 180 4 40
123 -11 135 2 41
129 -8 141 2 42
143 -4 132 2 43
151 -1 135 2 44
155 1 141 2 45
158 4 152 2 46
161 8 158 2 47
165 11 174 2 48
167 14 209 4 49
168 -14 75 15 50
139 -11 146 2 51
153 -8 139 2 52
161 -4 139 2 53
169 -1 135 2 54
177 1 138 2 55
184 4 149 2 56
188 8 155 2 57
182 11 201 4 58
185 14 210 4 59
182 -14 81 15 60
185 -11 97 15 61
188 -8 112 15 62
188 -4 135 2 63
191 -1 135 2 64
198 1 139 15 65
202 4 147 15 66
205 8 153 15 67
208 11 159 15 68
212 14 175 15 69
195 -14 96 15 70
198 -11 111 15 71
202 -8 120 15 72
205 -4 127 15 73
208 -1 133 15 74
214 1 141 2 75
217 4 149 2 76
220 8 155 2 77
221 11 177 15 78
220 14 207 4 79
208 -14 99 15 80
212 -11 106 15 81
215 -8 118 15 82
220 -4 132 2 83
227 -1 135 2 84
235 1 138 2 85
243 4 149 2 86
246 8 155 2 87
249 11 178 2 88
251 14 211 4 89
221 -14 84 15 90
224 -11 94 15 91
227 -8 94 15 92
235 -4 95 4 93
249 -1 135 2 94
253 1 141 2 95
261 4 149 2 96
264 8 155 2 97
267 11 174 2 98
271 14 214 4 99
234 -14 78 15 100
241 -11 79 4 101
249 -8 92 4 102
264 -4 132 2 103
267 -1 138 2 104
275 1 138 2 105
285 4 148 2 106
288 8 155 2 107
292 11 161 2 108
307 14 215 4 109
256 -14 76 4 110
264 -11 88 4 111
267 -8 82 4 112
285 -4 132 2 113
292 -1 135 2 114
295 1 141 2 115
301 4 152 2 116
307 8 155 2 117
326 11 180 2 118
342 14 208 4 119
277 -14 76 4 120
281 -11 86 4 121
301 -8 128 2 122
311 -4 145 2 123
314 -1 145 2 124
321 1 151 2 125
324 4 152 2 126
336 8 171 2 127
356 11 197 4 128
365 14 210 4 129
290 -14 73 4 130
349 -11 179 4 131
332 -8 145 2 132
331 -4 142 2 133
339 -1 148 2 134
342 1 149 2 135
362 4 182 14 136
370 8 192 4 137
380 11 204 4 138
391 14 220 14 139
369 -14 178 4 140
378 -11 184 14 141
372 -8 176 4 142
371 -4 173 14 143
356 -1 145 2 144
378 1 174 14 145
389 4 182 14 146
398 8 199 14 147
407 11 210 14 148
411 14 209 14 149
388 -14 171 14 150
397 -11 179 14 151
395 -8 174 14 152
391 -4 167 14 153
401 -1 176 14 154
411 1 187 14 155
408 4 177 14 156
417 8 180 14 157
421 11 187 14 158
424 14 194 14 159
17 -14 198 14 160
25 -11 193 14 161
34 -8 197 14 162
43 -4 194 14 163
58 -1 188 2 164
69 1 182 2 165
64 4 201 2 166
57 8 223 4 167
56 11 238 4 168
52 14 256 14 169
30 -14 208 14 170
41 -11 206 4 171
49 -8 205 4 172
68 -4 188 2 173
83 -1 180 2 174
86 1 187 2 175
86 4 198 2 176
73 8 230 4 177
76 11 237 4 178
76 14 249 4 179
49 -14 212 4 180
64 -11 200 4 181
67 -8 205 4 182
89 -4 184 2 183
96 -1 187 2 184
108 1 182 2 185
103 4 204 14 186
103 8 227 4 187
109 11 231 4 188
114 14 239 4 189
67 -14 211 4 190
78 -11 205 4 191
92 -8 197 14 192
106 -4 188 2 193
118 -1 187 2 194
122 1 198 2 195
125 4 210 14 196
126 8 226 4 197
126 11 240 4 198
130 14 247 4 199
85 -14 211 4 200
98 -11 208 4 201
125 -8 184 2 202
123 -4 209 4 203
143 -1 180 2 204
146 1 187 2 205
149 4 198 2 206
143 8 227 4 207
145 11 253 14 208
162 14 243 4 209
125 -14 203 4 210
130 -11 210 4 211
149 -8 181 2 212
157 -4 177 2 213
161 -1 184 2 214
164 1 195 2 215
167 4 223 4 216
174 8 224 4 217
178 11 233 4 218
181 14 244 4 219
142 -14 209 4 220
148 -11 209 4 221
168 -8 191 14 222
177 -4 194 14 223
187 -1 176 2 224
190 1 183 2 225
194 4 194 2 226
197 8 201 2 227
195 11 231 4 228
200 14 235 4 229
175 -14 209 4 230
181 -11 208 4 231
194 -8 178 2 232
201 -4 177 15 233
204 -1 177 15 234
210 1 183 2 235
211 4 195 15 236
212 8 213 14 237
213 11 234 4 238
216 14 247 4 239
192 -14 208 4 240
208 -11 173 15 241
213 -8 170 2 242
217 -4 180 2 243
220 -1 188 2 244
222 1 195 2 245
220 4 227 4 246
236 8 228 4 247
242 11 230 4 248
247 14 249 4 249
213 -14 200 4 250
220 -11 187 15 251
226 -8 188 2 252
242 -4 180 2 253
245 -1 176 2 254
249 1 183 2 255
252 4 202 2 256
257 8 226 4 257
262 11 238 4 258
266 14 246 4 259
239 -14 212 4 260
247 -11 207 4 261
252 -8 181 2 262
260 -4 173 2 263
263 -1 180 2 264
267 1 187 2 265
272 4 221 4 266
276 8 222 4 267
282 11 242 4 268
290 14 256 14 269
259 -14 206 4 270
266 -11 208 4 271
270 -8 191 14 272
276 -4 206 4 273
286 -1 197 14 274
291 1 182 2 275
294 4 194 2 276
306 8 230 4 277
312 11 233 4 278
322 14 243 4 279
280 -14 207 4 280
291 -11 181 2 281
294 -8 178 2 282
307 -4 191 2 283
310 -1 187 2 284
313 1 187 2 285
320 4 201 2 286
325 8 207 14 287
342 11 245 4 288
356 14 249 4 289
317 -14 206 4 290
317 -11 181 2 291
320 -8 181 2 292
320 -4 177 2 293
327 -1 183 2 294
330 1 182 2 295
342 4 198 2 296
359 8 227 4 297
371 11 242 4 298
382 14 256 14 299
357 -14 212 4 300
359 -11 213 4 301
360 -8 207 4 302
353 -4 194 14 303
348 -1 185 2 304
352 1 185 2 305
377 4 222 4 306
381 8 227 4 307
389 11 239 4 308
401 14 252 14 309
372 -14 206 4 310
373 -11 202 4 311
380 -8 210 4 312
382 -4 210 4 313
376 -1 197 14 314
390 1 215 4 315
397 4 223 4 316
407 8 236 14 317
417 11 247 14 318
420 14 246 14 319
13 -14 241 14 320
16 -11 249 14 321
31 -8 234 4 322
44 -4 228 14 323
54 -1 225 14 324
51 1 243 4 325
50 4 253 4 326
52 8 264 4 327
50 11 281 14 328
58 14 279 4 329
26 -14 250 14 330
37 -11 243 4 331
47 -8 239 4 332
56 -4 238 4 333
74 -1 225 14 334
82 1 226 2 335
70 4 255 4 336
66 8 277 14 337
74 11 281 14 338
84 14 284 14 339
39 -14 254 14 340
58 -11 238 4 341
63 -8 245 4 342
83 -4 228 14 343
91 -1 231 14 344
100 1 229 14 345
102 4 245 4 346
101 8 261 4 347
99 11 281 14 348
108 14 284 14 349
68 -14 243 4 350
72 -11 248 4 351
83 -8 245 4 352
106 -4 228 14 353
115 -1 225 14 354
113 1 248 4 355
121 4 251 4 356
123 8 260 4 357
122 11 274 4 358
126 14 284 14 359
103 -14 234 4 360
107 -11 239 4 361
116 -8 240 4 362
130 -4 222 14 363
132 -1 231 14 364
142 1 226 2 365
145 4 238 14 366
142 8 277 14 367
155 11 266 4 368
155 14 284 14 369
122 -14 239 4 370
126 -11 246 4 371
134 -8 241 4 372
148 -4 222 14 373
157 -1 223 2 374
160 1 235 14 375
164 4 254 4 376
169 8 259 4 377
174 11 267 4 378
174 14 284 14 379
136 -14 249 4 380
157 -11 239 4 381
163 -8 245 4 382
168 -4 240 4 383
176 -1 231 14 384
178 1 244 4 385
185 4 249 4 386
186 8 261 4 387
192 11 263 4 388
193 14 284 14 389
171 -14 240 4 390
175 -11 242 4 391
180 -8 245 4 392
192 -4 222 14 393
196 -1 223 2 394
204 1 225 15 395
202 4 250 4 396
206 8 260 4 397
209 11 274 4 398
215 14 284 14 399
187 -14 245 4 400
197 -11 234 4 401
202 -8 232 4 402
210 -4 224 15 403
217 -1 225 14 404
216 1 251 4 405
225 4 238 14 406
230 8 265 4 407
235 11 271 4 408
241 14 276 4 409
207 -14 236 4 410
212 -11 243 4 411
216 -8 249 4 412
230 -4 243 4 413
238 -1 225 14 414
244 1 235 14 415
247 4 246 4 416
250 8 264 4 417
254 11 281 14 418
260 14 275 4 419
232 -14 254 14 420
241 -11 241 4 421
247 -8 241 4 422
250 -4 238 4 423
259 -1 219 2 424
263 1 226 2 425
266 4 254 4 426
270 8 265 4 427
276 11 269 4 428
279 14 284 14 429
253 -14 243 4 430
259 -11 243 4 431
265 -8 243 4 432
271 -4 242 4 433
276 -1 231 14 434
280 1 248 4 435
288 4 267 4 436
298 8 270 4 437
304 11 273 4 438
308 14 284 14 439
275 -14 241 4 440
279 -11 241 4 441
286 -8 251 4 442
293 -4 228 14 443
297 -1 223 2 444
305 1 229 14 445
311 4 238 14 446
320 8 261 4 447
325 11 265 4 448
330 14 284 14 449
306 -14 245 4 450
311 -11 247 4 451
317 -8 241 4 452
321 -4 241 4 453
319 -1 219 2 454
328 1 245 4 455
331 4 245 4 456
345 8 269 4 457
350 11 281 14 458
364 14 284 14 459
330 -14 244 4 460
336 -11 249 4 461
336 -8 240 4 462
337 -4 228 14 463
347 -1 231 14 464
350 1 229 14 465
364 4 256 4 466
370 8 266 4 467
378 11 276 4 468
383 14 284 14 469
362 -14 242 4 470
370 -11 250 4 471
370 -8 248 4 472
372 -4 246 4 473
374 -1 246 4 474
371 1 235 14 475
383 4 252 4 476
389 8 258 4 477
396 11 267 4 478
410 14 284 14 479
