480
-35 -1 251 14 0
-18 -1 235 14 1
33 0 166 2 2
44 0 166 2 3
44 0 175 2 4
56 0 167 2 5
44 0 202 2 6
30 0 237 14 7
-1 1 290 4 8
-1 1 297 4 9
-34 -1 263 14 10
-3 -1 235 14 11
44 0 182 2 12
45 0 190 2 13
68 0 166 2 14
78 0 167 2 15
89 0 167 2 16
69 0 197 2 17
14 1 290 4 18
13 1 308 4 19
-33 -1 291 14 20
14 -1 252 14 21
68 0 173 2 22
97 0 137 2 23
104 0 137 2 24
105 0 156 2 25
105 0 166 2 26
70 0 229 2 27
30 1 302 4 28
31 1 311 4 29
-4 -1 283 4 30
79 -1 173 2 31
105 0 144 2 32
115 0 137 2 33
125 0 137 2 34
137 0 146 2 35
137 0 158 2 36
138 0 176 2 37
92 1 286 4 38
92 1 307 4 39
2 -1 301 4 40
99 -1 165 2 41
106 0 173 2 42
138 0 137 2 43
151 0 137 2 44
151 0 146 2 45
152 0 167 2 46
152 0 176 2 47
152 1 210 2 48
149 1 301 4 49
199 -1 6 15 50
107 -1 195 2 51
139 0 166 2 52
152 0 157 2 53
164 0 137 2 54
177 0 138 2 55
189 0 158 2 56
190 0 167 2 57
164 1 289 4 58
164 1 306 4 59
200 -1 22 15 60
200 -1 58 15 61
201 0 91 15 62
190 0 145 2 63
190 0 137 2 64
202 0 141 15 65
202 0 153 15 66
202 0 162 15 67
203 1 169 15 68
203 1 203 15 69
201 -1 65 15 70
202 -1 99 15 71
202 0 115 15 72
202 0 125 15 73
203 0 133 15 74
209 0 146 2 75
210 0 158 2 76
210 0 167 2 77
204 1 218 15 78
191 1 296 4 79
203 -1 74 15 80
203 -1 83 15 81
203 0 108 15 82
210 0 137 2 83
222 0 137 2 84
234 0 138 2 85
247 0 158 2 86
247 0 167 2 87
247 1 220 2 88
244 1 308 4 89
204 -1 31 15 90
204 -1 49 15 91
204 0 40 15 92
216 0 35 4 93
247 0 137 2 94
248 0 146 2 95
261 0 158 2 96
261 0 167 2 97
262 1 210 2 98
262 1 317 4 99
205 -1 14 15 100
216 -1 7 4 101
229 0 36 4 102
261 0 137 2 103
262 0 146 2 104
273 0 138 2 105
293 0 157 2 106
293 0 166 2 107
294 1 175 2 108
328 1 318 4 109
229 -1 8 4 110
242 -1 33 4 111
242 0 6 4 112
284 0 137 2 113
294 0 137 2 114
294 0 145 2 115
302 0 167 2 116
310 0 167 2 117
353 1 228 2 118
391 1 299 4 119
253 -1 8 4 120
254 -1 27 4 121
302 0 137 2 122
320 0 174 2 123
320 0 166 2 124
331 0 174 2 125
331 0 167 2 126
354 0 210 2 127
403 1 278 4 128
418 1 306 4 129
254 -1 -1 4 130
411 -1 288 4 131
354 0 182 2 132
342 0 166 2 133
354 0 175 2 134
355 0 167 2 135
400 0 253 14 136
413 0 273 4 137
434 1 298 4 138
456 1 332 14 139
439 -1 293 4 140
455 -1 303 14 141
429 0 271 4 142
418 0 252 14 143
366 0 166 2 144
418 0 236 14 145
441 0 253 14 146
457 0 293 14 147
474 1 315 14 148
474 1 302 14 149
456 -1 275 14 150
473 -1 286 14 151
457 0 263 14 152
436 0 235 14 153
457 0 253 14 154
474 0 275 14 155
459 0 236 14 156
475 0 237 14 157
475 1 248 14 158
476 1 261 14 159
-36 -1 277 14 160
-21 -1 254 14 161
-6 0 255 14 162
11 0 238 14 163
43 0 212 2 164
66 0 187 2 165
44 0 230 2 166
15 0 284 4 167
2 1 315 4 168
-19 1 358 14 169
-34 -1 305 14 170
-12 -1 290 4 171
2 0 277 4 172
44 0 220 2 173
78 0 187 2 174
78 0 199 2 175
68 0 221 2 176
22 0 304 4 177
23 1 314 4 178
13 1 338 4 179
-18 -1 317 4 180
16 -1 272 4 181
16 0 278 4 182
68 0 210 2 183
79 0 210 2 184
104 0 187 2 185
79 0 239 14 186
71 0 295 4 187
78 1 297 4 188
85 1 309 4 189
-4 -1 314 4 190
20 -1 286 4 191
48 0 255 14 192
80 0 220 2 193
105 0 210 2 194
106 0 231 2 195
105 0 256 14 196
99 0 293 4 197
92 1 321 4 198
92 1 334 4 199
11 -1 312 4 200
38 -1 295 4 201
106 0 220 2 202
91 0 281 4 203
138 0 188 2 204
138 0 200 2 205
138 0 222 2 206
111 0 294 4 207
107 1 358 14 208
148 1 322 4 209
87 -1 291 4 210
92 -1 302 4 211
138 0 210 2 212
152 0 187 2 213
152 0 200 2 214
152 0 222 2 215
152 0 292 4 216
162 0 287 4 217
163 1 302 4 218
164 1 325 4 219
98 -1 306 4 220
108 -1 297 4 221
155 0 238 14 222
171 0 238 14 223
190 0 177 2 224
190 0 188 2 225
190 0 212 2 226
191 0 222 2 227
176 1 298 4 228
181 1 300 4 229
155 -1 307 4 230
164 -1 295 4 231
190 0 199 2 232
202 0 187 15 233
202 0 180 15 234
209 0 188 2 235
203 0 213 15 236
197 0 256 14 237
190 1 304 4 238
191 1 332 4 239
168 -1 305 4 240
203 -1 194 15 241
209 0 177 2 242
210 0 200 2 243
210 0 211 2 244
210 0 222 2 245
196 0 304 4 246
230 0 296 4 247
237 1 295 4 248
242 1 337 4 249
190 -1 281 4 250
204 -1 236 15 251
211 0 231 2 252
247 0 200 2 253
247 0 177 2 254
247 0 188 2 255
247 0 232 2 256
252 0 292 4 257
257 1 317 4 258
260 1 329 4 259
230 -1 316 4 260
243 -1 292 4 261
247 0 210 2 262
261 0 177 2 263
261 0 188 2 264
262 0 200 2 265
267 0 287 4 266
269 0 280 4 267
277 1 328 4 268
291 1 358 14 269
249 -1 298 4 270
259 -1 295 4 271
263 0 238 14 272
270 0 271 4 273
289 0 238 14 274
294 0 187 2 275
294 0 211 2 276
317 0 304 4 277
326 1 302 4 278
344 1 321 4 279
271 -1 302 4 280
294 -1 220 2 281
294 0 198 2 282
320 0 230 2 283
320 0 210 2 284
320 0 199 2 285
331 0 231 2 286
334 0 239 14 287
373 1 335 4 288
403 1 338 4 289
340 -1 298 4 290
331 -1 220 2 291
331 0 210 2 292
321 0 186 2 293
332 0 199 2 294
332 0 187 2 295
355 0 221 2 296
394 0 295 4 297
419 1 327 4 298
440 1 358 14 299
416 -1 316 4 300
412 -1 310 4 301
405 0 285 4 302
377 0 238 14 303
355 0 204 2 304
356 0 194 2 305
418 0 289 4 306
420 0 295 4 307
432 1 319 4 308
457 1 346 14 309
423 -1 299 4 310
416 -1 280 4 311
427 0 291 4 312
424 0 283 4 313
398 0 238 14 314
427 0 280 4 315
438 0 293 4 316
458 0 321 14 317
475 1 341 14 318
475 1 329 14 319
-36 -1 321 14 320
-36 -1 335 14 321
-3 0 284 4 322
26 0 257 14 323
43 0 241 14 324
26 0 281 4 325
15 0 301 4 326
10 0 322 4 327
-4 1 360 14 328
11 1 347 4 329
-35 -1 346 14 330
-13 -1 319 4 331
7 0 297 4 332
22 0 285 4 333
63 0 241 14 334
77 0 234 2 335
34 0 305 4 336
13 0 360 14 337
29 1 360 14 338
48 1 361 14 339
-34 -1 358 14 340
11 -1 305 4 341
14 0 314 4 342
61 0 257 14 343
76 0 258 14 344
93 0 241 14 345
89 0 278 4 346
77 0 314 4 347
63 1 360 14 348
77 1 361 14 349
12 -1 326 4 350
12 -1 333 4 351
35 0 314 4 352
91 0 257 14 353
108 0 241 14 354
91 0 295 4 355
105 0 295 4 356
101 0 310 4 357
91 1 341 4 358
92 1 361 14 359
74 -1 302 4 360
76 -1 307 4 361
91 0 300 4 362
122 0 241 14 363
119 0 258 14 364
137 0 235 2 365
137 0 258 14 366
120 0 360 14 367
147 1 320 4 368
138 1 361 14 369
91 -1 315 4 370
92 -1 327 4 371
105 0 304 4 372
137 0 241 14 373
152 0 234 2 374
153 0 258 14 375
155 0 303 4 376
158 0 308 4 377
163 1 322 4 378
154 1 361 14 379
92 -1 344 4 380
142 -1 306 4 381
150 0 314 4 382
157 0 291 4 383
170 0 258 14 384
167 0 285 4 385
177 0 289 4 386
172 0 313 4 387
177 1 311 4 388
171 1 361 14 389
155 -1 318 4 390
159 -1 314 4 391
164 0 314 4 392
187 0 241 14 393
191 0 234 2 394
202 0 232 15 395
189 0 293 4 396
190 0 312 4 397
190 1 342 4 398
197 1 361 14 399
164 -1 332 4 400
182 -1 292 4 401
189 0 278 4 402
203 0 247 15 403
213 0 241 14 404
201 0 305 4 405
220 0 258 14 406
224 0 326 4 407
230 1 332 4 408
236 1 338 4 409
184 -1 306 4 410
190 -1 317 4 411
191 0 325 4 412
223 0 299 4 413
237 0 241 14 414
244 0 258 14 415
244 0 280 4 416
244 0 322 4 417
245 1 360 14 418
254 1 335 4 419
220 -1 358 14 420
236 -1 313 4 421
243 0 302 4 422
245 0 287 4 423
261 0 224 2 424
261 0 235 2 425
262 0 303 4 426
264 0 326 4 427
272 1 327 4 428
272 1 361 14 429
244 -1 327 4 430
250 -1 317 4 431
260 0 308 4 432
266 0 296 4 433
271 0 258 14 434
275 0 295 4 435
286 0 339 4 436
305 0 339 4 437
314 1 340 4 438
316 1 361 14 439
268 -1 320 4 440
270 -1 313 4 441
282 0 332 4 442
291 0 257 14 443
294 0 233 2 444
309 0 241 14 445
316 0 258 14 446
332 0 314 4 447
338 1 317 4 448
343 1 361 14 449
319 -1 333 4 450
325 -1 328 4 451
333 0 302 4 452
335 0 294 4 453
321 0 223 2 454
336 0 286 4 455
336 0 278 4 456
366 0 337 4 457
372 1 360 14 458
400 1 361 14 459
352 -1 330 4 460
358 -1 335 4 461
349 0 300 4 462
343 0 257 14 463
363 0 258 14 464
361 0 241 14 465
391 0 310 4 466
401 0 329 4 467
413 1 346 4 468
419 1 361 14 469
405 -1 324 4 470
418 -1 337 4 471
410 0 323 4 472
406 0 308 4 473
403 0 300 4 474
385 0 258 14 475
409 0 299 4 476
416 0 307 4 477
427 1 322 4 478
458 1 361 14 479
