480
1 -10 193 14 0
13 -7 186 14 1
45 -5 148 2 2
53 -3 150 2 3
55 -1 158 2 4
65 1 155 2 5
60 3 178 2 6
53 5 199 14 7
38 7 233 4 8
40 10 239 4 9
10 -10 200 14 10
30 -7 186 14 11
60 -5 158 2 12
62 -3 165 2 13
78 -1 153 2 14
86 1 155 2 15
94 3 157 2 16
84 5 177 2 17
55 7 233 4 18
56 10 245 4 19
19 -10 216 14 20
48 -7 196 14 21
82 -5 152 2 22
101 -3 133 2 23
107 -1 136 2 24
110 1 149 2 25
112 3 157 2 26
93 5 195 2 27
72 7 239 4 28
75 10 247 4 29
44 -10 212 4 30
95 -7 150 2 31
112 -5 136 2 32
120 -3 133 2 33
128 -1 136 2 34
137 1 143 2 35
139 3 152 2 36
141 5 164 2 37
117 7 230 4 38
119 10 244 4 39
56 -10 222 4 40
114 -7 146 2 41
121 -5 152 2 42
141 -3 133 2 43
151 -1 136 2 44
153 1 143 2 45
156 3 157 2 46
158 5 164 2 47
160 7 186 2 48
160 10 241 4 49
179 -10 51 15 50
128 -7 164 2 51
148 -5 148 2 52
158 -3 145 2 53
167 -1 136 2 54
177 1 138 2 55
186 3 152 2 56
188 5 159 2 57
175 7 232 4 58
178 10 244 4 59
188 -10 60 15 60
190 -7 83 15 61
193 -5 104 15 62
188 -3 138 2 63
191 -1 136 2 64
199 1 140 15 65
202 3 149 15 66
204 5 156 15 67
206 7 163 15 68
209 10 184 15 69
197 -10 85 15 70
199 -7 107 15 71
202 -5 119 15 72
204 -3 126 15 73
206 -1 133 15 74
212 1 143 2 75
215 3 152 2 76
217 5 159 2 77
215 7 191 15 78
210 10 238 4 79
206 -10 91 15 80
209 -7 98 15 81
211 -5 114 15 82
217 -3 133 2 83
225 -1 136 2 84
235 1 138 2 85
244 3 152 2 86
246 5 159 2 87
249 7 192 2 88
249 10 245 4 89
215 -10 65 15 90
218 -7 78 15 91
220 -5 75 15 92
228 -3 74 4 93
249 -1 136 2 94
251 1 143 2 95
261 3 152 2 96
263 5 159 2 97
265 7 186 2 98
268 10 250 4 99
223 -10 56 15 100
232 -7 54 4 101
242 -5 73 4 102
263 -3 133 2 103
265 -1 141 2 104
274 1 138 2 105
288 3 151 2 106
290 5 159 2 107
292 7 166 2 108
314 10 251 4 109
246 -10 52 4 110
256 -7 69 4 111
258 -5 55 4 112
285 -3 133 2 113
292 -1 136 2 114
295 1 142 2 115
301 3 157 2 116
308 5 159 2 117
335 7 197 2 118
359 10 240 4 119
268 -10 52 4 120
271 -7 65 4 121
301 -5 131 2 122
314 -3 155 2 123
316 -1 153 2 124
325 1 159 2 125
327 3 157 2 126
342 5 184 2 127
373 7 226 4 128
384 10 244 4 129
277 -10 47 4 130
371 -7 217 4 131
340 -5 158 2 132
335 -3 150 2 133
344 -1 158 2 134
347 1 155 2 135
375 3 207 14 136
385 5 221 4 137
399 7 237 4 138
414 10 259 14 139
394 -10 218 4 140
405 -7 226 14 141
392 -5 209 4 142
388 -3 200 14 143
360 -1 153 2 144
392 1 195 14 145
407 3 207 14 146
419 5 232 14 147
431 7 247 14 148
433 10 242 14 149
412 -10 207 14 150
424 -7 216 14 151
416 -5 204 14 152
407 -3 190 14 153
421 -1 202 14 154
433 1 218 14 155
426 3 197 14 156
438 5 199 14 157
440 7 208 14 158
442 10 218 14 159
-2 -10 226 14 160
9 -7 215 14 161
20 -5 217 14 162
32 -3 209 14 163
53 -1 196 2 164
68 1 184 2 165
57 3 211 2 166
43 5 245 4 167
37 7 265 4 168
27 10 292 14 169
7 -10 242 14 170
23 -7 235 4 171
33 -5 230 4 172
59 -3 199 2 173
81 -1 182 2 174
83 1 191 2 175
79 3 206 2 176
55 5 256 4 177
57 7 264 4 178
53 10 280 4 179
25 -10 249 4 180
47 -7 225 4 181
49 -5 231 4 182
82 -3 193 2 183
90 -1 195 2 184
107 1 184 2 185
94 3 216 14 186
92 5 251 4 187
98 7 254 4 188
104 10 263 4 189
42 -10 247 4 190
58 -7 233 4 191
76 -5 217 14 192
97 -3 199 2 193
114 -1 195 2 194
116 1 210 2 195
118 3 226 14 196
116 5 250 4 197
114 7 268 4 198
116 10 278 4 199
59 -10 246 4 200
77 -7 239 4 201
118 -5 197 2 202
112 -3 234 4 203
141 -1 182 2 204
143 1 192 2 205
145 3 206 2 206
132 5 250 4 207
131 7 289 14 208
157 10 271 4 209
111 -10 234 4 210
116 -7 242 4 211
145 -5 191 2 212
155 -3 180 2 213
158 -1 189 2 214
160 1 204 2 215
162 3 247 4 216
170 5 246 4 217
173 7 257 4 218
175 10 273 4 219
126 -10 243 4 220
134 -7 240 4 221
164 -5 207 14 222
175 -3 209 14 223
188 -1 177 2 224
190 1 184 2 225
192 3 200 2 226
195 5 209 2 227
188 7 255 4 228
193 10 258 4 229
168 -10 243 4 230
175 -7 239 4 231
192 -5 185 2 232
201 -3 180 15 233
204 -1 178 15 234
210 1 184 2 235
208 3 201 15 236
207 5 228 14 237
205 7 258 4 238
207 10 276 4 239
184 -10 242 4 240
206 -7 180 15 241
212 -5 172 2 242
214 -3 187 2 243
216 -1 196 2 244
219 1 204 2 245
212 3 254 4 246
234 5 252 4 247
240 7 253 4 248
245 10 280 4 249
205 -10 228 4 250
215 -7 204 15 251
220 -5 203 2 252
244 -3 187 2 253
246 -1 177 2 254
248 1 184 2 255
250 3 212 2 256
255 5 249 4 257
260 7 266 4 258
264 10 275 4 259
236 -10 248 4 260
246 -7 236 4 261
250 -5 191 2 262
260 -3 174 2 263
263 -1 182 2 264
265 1 192 2 265
270 3 244 4 266
273 5 242 4 267
280 7 272 4 268
290 10 292 14 269
256 -10 238 4 270
263 -7 239 4 271
268 -5 207 14 272
274 -3 228 4 273
287 -1 212 14 274
292 1 184 2 275
294 3 200 2 276
310 5 256 4 277
317 7 257 4 278
329 10 270 4 279
277 -10 240 4 280
292 -7 194 2 281
294 -5 184 2 282
311 -3 205 2 283
314 -1 195 2 284
316 1 191 2 285
324 3 212 2 286
328 5 218 14 287
353 7 276 4 288
372 10 280 4 289
325 -10 238 4 290
322 -7 194 2 291
324 -5 191 2 292
320 -3 180 2 293
329 -1 189 2 294
331 1 184 2 295
346 3 206 2 296
371 5 251 4 297
388 7 271 4 298
402 10 292 14 299
378 -10 248 4 300
377 -7 247 4 301
376 -5 234 4 302
362 -3 209 14 303
351 -1 191 2 304
353 1 188 2 305
391 3 245 4 306
395 5 251 4 307
404 7 267 4 308
421 10 285 14 309
390 -10 239 4 310
388 -7 229 4 311
397 -5 238 4 312
397 -3 236 4 313
384 -1 212 14 314
403 1 238 4 315
411 3 248 4 316
425 5 266 14 317
437 7 280 14 318
439 10 275 14 319
-4 -10 269 14 320
-2 -7 279 14 321
19 -5 252 4 322
38 -3 238 14 323
50 -1 231 14 324
42 1 256 4 325
38 3 270 4 326
37 5 284 4 327
31 7 309 14 328
42 10 303 4 329
5 -10 283 14 330
19 -7 270 4 331
33 -5 259 4 332
44 -3 254 4 333
70 -1 231 14 334
80 1 229 2 335
57 3 272 4 336
47 5 306 14 337
58 7 309 14 338
71 10 311 14 339
14 -10 290 14 340
42 -7 262 4 341
46 -5 269 4 342
75 -3 238 14 343
86 -1 241 14 344
98 1 233 14 345
98 3 257 4 346
93 5 280 4 347
86 7 309 14 348
97 10 311 14 349
48 -10 272 4 350
51 -7 278 4 351
66 -5 269 4 352
101 -3 238 14 353
113 -1 231 14 354
105 1 264 4 355
115 3 266 4 356
115 5 277 4 357
111 7 297 4 358
114 10 311 14 359
93 -10 258 4 360
96 -7 263 4 361
107 -5 261 4 362
127 -3 228 14 363
128 -1 241 14 364
140 1 229 2 365
142 3 245 14 366
135 5 306 14 367
152 7 285 4 368
149 10 311 14 369
111 -10 265 4 370
114 -7 275 4 371
124 -5 263 4 372
144 -3 228 14 373
155 -1 227 2 374
158 1 243 14 375
161 3 271 4 376
165 5 276 4 377
170 7 286 4 378
167 10 311 14 379
120 -10 282 4 380
152 -7 262 4 381
158 -5 269 4 382
164 -3 258 4 383
174 -1 241 14 384
174 1 259 4 385
182 3 263 4 386
181 5 279 4 387
187 7 280 4 388
185 10 311 14 389
165 -10 267 4 390
169 -7 267 4 391
174 -5 269 4 392
190 -3 228 14 393
194 -1 227 2 394
203 1 228 15 395
198 3 265 4 396
200 5 278 4 397
202 7 298 4 398
208 10 311 14 399
179 -10 275 4 400
192 -7 254 4 401
198 -5 248 4 402
208 -3 232 15 403
216 -1 231 14 404
211 1 270 4 405
223 3 245 14 406
228 5 287 4 407
233 7 292 4 408
239 10 298 4 409
199 -10 260 4 410
205 -7 269 4 411
207 -5 275 4 412
227 -3 262 4 413
238 -1 231 14 414
244 1 243 14 415
246 3 258 4 416
248 5 284 4 417
251 7 309 14 418
258 10 296 4 419
228 -10 290 14 420
239 -7 266 4 421
246 -5 262 4 422
248 -3 255 4 423
260 -1 221 2 424
262 1 229 2 425
265 3 271 4 426
268 5 287 4 427
275 7 289 4 428
277 10 311 14 429
250 -10 272 4 430
256 -7 269 4 431
263 -5 265 4 432
269 -3 261 4 433
274 -1 241 14 434
278 1 264 4 435
287 3 292 4 436
300 5 294 4 437
308 7 297 4 438
311 10 311 14 439
272 -10 269 4 440
276 -7 266 4 441
285 -5 280 4 442
292 -3 238 14 443
296 -1 226 2 444
307 1 233 14 445
313 3 245 14 446
324 5 280 4 447
330 7 283 4 448
335 10 311 14 449
310 -10 276 4 450
316 -7 275 4 451
323 -5 262 4 452
326 -3 260 4 453
320 -1 220 2 454
331 1 259 4 455
333 3 257 4 456
352 5 293 4 457
358 7 309 14 458
377 10 311 14 459
338 -10 274 4 460
343 -7 279 4 461
340 -5 261 4 462
339 -3 238 14 463
353 -1 241 14 464
354 1 233 14 465
373 3 275 4 466
381 5 288 4 467
390 7 300 4 468
396 10 311 14 469
377 -10 271 4 470
387 -7 281 4 471
384 -5 274 4 472
384 -3 268 4 473
384 -1 265 4 474
376 1 243 14 475
392 3 269 4 476
398 5 275 4 477
407 7 286 4 478
427 10 311 14 479
