480
-33 -2 247 14 0
-16 -1 231 14 1
34 -1 164 2 2
44 0 165 2 3
45 0 174 2 4
57 0 166 2 5
46 0 200 2 6
31 1 234 14 7
2 1 286 4 8
2 2 293 4 9
-31 -2 258 14 10
0 -1 231 14 11
46 -1 180 2 12
46 0 189 2 13
68 0 165 2 14
79 0 166 2 15
89 0 166 2 16
70 1 196 2 17
17 1 286 4 18
16 2 303 4 19
-29 -2 285 14 20
16 -1 248 14 21
69 -1 172 2 22
97 0 137 2 23
105 0 137 2 24
105 0 156 2 25
106 0 165 2 26
71 1 227 2 27
33 1 297 4 28
34 2 307 4 29
-1 -2 278 4 30
81 -1 171 2 31
106 -1 144 2 32
115 0 137 2 33
126 0 137 2 34
137 0 146 2 35
137 0 157 2 36
138 1 175 2 37
94 1 282 4 38
94 2 302 4 39
5 -2 296 4 40
100 -1 164 2 41
107 -1 172 2 42
138 0 137 2 43
151 0 137 2 44
151 0 146 2 45
152 0 166 2 46
152 1 175 2 47
153 1 208 2 48
150 2 297 4 49
197 -2 9 15 50
109 -1 193 2 51
139 -1 164 2 52
152 0 156 2 53
165 0 137 2 54
177 0 138 2 55
189 0 157 2 56
190 1 167 2 57
165 1 285 4 58
165 2 301 4 59
199 -2 24 15 60
200 -1 59 15 61
200 -1 92 15 62
190 0 145 2 63
190 0 137 2 64
202 0 141 15 65
202 0 153 15 66
202 1 161 15 67
203 1 169 15 68
203 2 201 15 69
201 -2 66 15 70
202 -1 99 15 71
202 -1 115 15 72
202 0 125 15 73
203 0 133 15 74
210 0 146 2 75
210 0 157 2 76
211 1 167 2 77
205 1 216 15 78
192 2 292 4 79
203 -2 75 15 80
203 -1 84 15 81
204 -1 108 15 82
211 0 137 2 83
222 0 137 2 84
234 0 138 2 85
246 0 157 2 86
247 1 167 2 87
247 1 218 2 88
244 2 304 4 89
205 -2 33 15 90
205 -1 51 15 91
206 -1 42 15 92
217 0 37 4 93
247 0 137 2 94
248 0 146 2 95
261 0 157 2 96
261 1 167 2 97
262 1 208 2 98
262 2 312 4 99
206 -2 17 15 100
217 -1 10 4 101
230 -1 39 4 102
261 0 137 2 103
262 0 145 2 104
273 0 138 2 105
293 0 156 2 106
293 1 166 2 107
294 1 174 2 108
327 2 313 4 109
230 -2 12 4 110
243 -1 36 4 111
243 -1 10 4 112
284 0 137 2 113
294 0 137 2 114
294 0 145 2 115
302 0 166 2 116
310 1 167 2 117
352 1 226 2 118
389 2 295 4 119
254 -2 12 4 120
255 -1 29 4 121
302 -1 136 2 122
320 0 172 2 123
320 0 165 2 124
331 0 173 2 125
331 0 166 2 126
353 1 209 2 127
401 1 275 4 128
416 2 301 4 129
255 -2 2 4 130
408 -1 283 4 131
353 -1 180 2 132
341 0 165 2 133
354 0 174 2 134
354 0 166 2 135
398 0 250 14 136
412 1 270 4 137
432 1 294 4 138
453 2 327 14 139
436 -2 288 4 140
452 -1 298 14 141
427 -1 266 4 142
416 0 249 14 143
366 0 165 2 144
416 0 233 14 145
438 0 250 14 146
454 1 289 14 147
471 1 310 14 148
472 2 298 14 149
453 -2 270 14 150
470 -1 281 14 151
454 -1 259 14 152
434 0 232 14 153
455 0 249 14 154
472 0 271 14 155
457 0 234 14 156
472 1 234 14 157
473 1 245 14 158
473 2 258 14 159
-33 -2 274 14 160
-19 -1 251 14 161
-4 -1 252 14 162
13 0 236 14 163
44 0 211 2 164
66 0 187 2 165
45 0 229 2 166
17 1 281 4 167
4 1 312 4 168
-16 2 353 14 169
-31 -2 301 14 170
-9 -1 286 4 171
4 -1 274 4 172
45 0 219 2 173
78 0 186 2 174
78 0 199 2 175
69 0 220 2 176
24 1 301 4 177
25 1 310 4 178
15 2 334 4 179
-15 -2 312 4 180
18 -1 269 4 181
19 -1 275 4 182
69 0 209 2 183
80 0 209 2 184
105 0 187 2 185
80 0 237 14 186
73 1 292 4 187
80 1 294 4 188
86 2 306 4 189
-1 -2 309 4 190
23 -1 282 4 191
50 -1 252 14 192
81 0 219 2 193
106 0 209 2 194
106 0 230 2 195
106 0 254 14 196
100 1 290 4 197
93 1 317 4 198
94 2 330 4 199
14 -2 307 4 200
41 -1 292 4 201
107 -1 218 2 202
93 0 278 4 203
138 0 187 2 204
138 0 200 2 205
139 0 221 2 206
113 1 291 4 207
109 1 353 14 208
148 2 319 4 209
89 -2 287 4 210
94 -1 298 4 211
139 -1 209 2 212
152 0 187 2 213
152 0 199 2 214
153 0 220 2 215
152 0 289 4 216
163 1 284 4 217
164 1 299 4 218
165 2 322 4 219
100 -2 302 4 220
110 -1 293 4 221
156 -1 236 14 222
171 0 236 14 223
190 0 177 2 224
190 0 188 2 225
190 0 211 2 226
191 1 221 2 227
177 1 295 4 228
182 2 297 4 229
156 -2 303 4 230
165 -1 292 4 231
190 -1 198 2 232
202 0 187 15 233
202 0 180 15 234
209 0 188 2 235
203 0 212 15 236
197 1 254 14 237
191 1 301 4 238
192 2 328 4 239
170 -2 300 4 240
203 -1 193 15 241
210 -1 176 2 242
210 0 199 2 243
210 0 210 2 244
211 0 220 2 245
197 0 300 4 246
230 1 293 4 247
237 1 292 4 248
243 2 333 4 249
191 -2 277 4 250
205 -1 234 15 251
211 -1 229 2 252
246 0 199 2 253
247 0 177 2 254
247 0 188 2 255
248 0 231 2 256
252 1 289 4 257
257 1 314 4 258
260 2 325 4 259
230 -2 311 4 260
244 -1 288 4 261
248 -1 209 2 262
261 0 177 2 263
261 0 187 2 264
262 0 200 2 265
267 0 284 4 266
269 1 277 4 267
278 1 324 4 268
291 2 353 14 269
249 -2 294 4 270
259 -1 292 4 271
263 -1 236 14 272
270 0 268 4 273
289 0 236 14 274
294 0 187 2 275
294 0 210 2 276
316 1 301 4 277
325 1 299 4 278
343 2 318 4 279
271 -2 297 4 280
294 -1 218 2 281
294 -1 197 2 282
319 0 229 2 283
320 0 209 2 284
320 0 199 2 285
330 0 230 2 286
334 1 238 14 287
371 1 331 4 288
401 2 334 4 289
339 -2 294 4 290
330 -1 218 2 291
330 -1 208 2 292
321 0 186 2 293
331 0 198 2 294
332 0 187 2 295
354 0 220 2 296
393 1 292 4 297
417 1 323 4 298
437 2 353 14 299
413 -2 311 4 300
409 -1 306 4 301
403 -1 281 4 302
376 0 236 14 303
355 0 203 2 304
355 0 193 2 305
416 0 286 4 306
418 1 291 4 307
431 1 316 4 308
455 2 342 14 309
421 -2 295 4 310
414 -1 276 4 311
425 -1 287 4 312
422 0 280 4 313
397 0 236 14 314
425 0 277 4 315
436 0 290 4 316
456 1 317 14 317
472 1 337 14 318
473 2 325 14 319
-34 -2 318 14 320
-33 -1 331 14 321
-2 -1 282 4 322
27 0 256 14 323
44 0 240 14 324
27 0 279 4 325
16 0 298 4 326
12 1 319 4 327
-2 1 357 14 328
13 2 344 4 329
-32 -2 341 14 330
-11 -1 315 4 331
9 -1 295 4 332
24 0 283 4 333
64 0 240 14 334
78 0 233 2 335
35 0 303 4 336
16 1 356 14 337
31 1 357 14 338
49 2 357 14 339
-30 -2 353 14 340
13 -1 302 4 341
16 -1 311 4 342
62 0 256 14 343
76 0 257 14 344
93 0 241 14 345
90 0 277 4 346
79 1 312 4 347
64 1 357 14 348
79 2 357 14 349
14 -2 322 4 350
15 -1 329 4 351
37 -1 311 4 352
91 0 256 14 353
108 0 240 14 354
92 0 293 4 355
105 0 293 4 356
102 1 308 4 357
93 1 338 4 358
94 2 357 14 359
75 -2 298 4 360
78 -1 303 4 361
92 -1 298 4 362
122 0 240 14 363
120 0 257 14 364
138 0 234 2 365
137 0 257 14 366
121 1 356 14 367
147 1 318 4 368
139 2 357 14 369
93 -2 311 4 370
93 -1 324 4 371
106 -1 301 4 372
138 0 240 14 373
152 0 234 2 374
153 0 257 14 375
155 0 301 4 376
159 1 306 4 377
164 1 319 4 378
155 2 357 14 379
94 -2 339 4 380
143 -1 303 4 381
151 -1 311 4 382
158 0 289 4 383
170 0 257 14 384
168 0 283 4 385
177 0 288 4 386
172 1 311 4 387
178 1 308 4 388
172 2 357 14 389
155 -2 315 4 390
159 -1 311 4 391
164 -1 311 4 392
188 0 240 14 393
191 0 234 2 394
202 0 232 15 395
190 0 291 4 396
190 1 310 4 397
191 1 338 4 398
198 2 357 14 399
165 -2 328 4 400
183 -1 289 4 401
190 -1 276 4 402
203 0 246 15 403
214 0 240 14 404
201 0 303 4 405
220 0 257 14 406
224 1 323 4 407
230 1 329 4 408
236 2 335 4 409
185 -2 303 4 410
191 -1 313 4 411
192 -1 321 4 412
223 0 296 4 413
237 0 240 14 414
244 0 257 14 415
244 0 278 4 416
244 1 319 4 417
245 1 357 14 418
254 2 333 4 419
221 -2 353 14 420
236 -1 310 4 421
243 -1 299 4 422
245 0 284 4 423
261 0 224 2 424
261 0 234 2 425
263 0 301 4 426
264 1 323 4 427
273 1 324 4 428
272 2 357 14 429
244 -2 323 4 430
250 -1 313 4 431
260 -1 305 4 432
266 0 293 4 433
272 0 257 14 434
275 0 293 4 435
286 0 336 4 436
305 1 336 4 437
314 1 337 4 438
316 2 357 14 439
268 -2 317 4 440
270 -1 310 4 441
283 -1 329 4 442
291 0 256 14 443
294 0 233 2 444
309 0 241 14 445
316 0 257 14 446
331 1 312 4 447
337 1 315 4 448
342 2 357 14 449
318 -2 329 4 450
324 -1 324 4 451
333 -1 299 4 452
334 0 292 4 453
321 0 223 2 454
336 0 284 4 455
336 0 277 4 456
365 1 334 4 457
371 1 357 14 458
399 2 357 14 459
351 -2 326 4 460
357 -1 331 4 461
348 -1 298 4 462
343 0 256 14 463
363 0 257 14 464
360 0 241 14 465
390 0 308 4 466
399 1 326 4 467
412 1 343 4 468
418 2 357 14 469
403 -2 320 4 470
416 -1 334 4 471
408 -1 319 4 472
405 0 305 4 473
402 0 298 4 474
384 0 257 14 475
408 0 297 4 476
415 1 304 4 477
425 1 319 4 478
456 2 357 14 479
