480
-20 -5 227 14 0
-5 -3 215 14 1
38 -2 158 2 2
47 -1 160 2 3
49 0 168 2 4
60 0 162 2 5
51 1 191 2 6
40 2 221 14 7
15 3 267 4 8
16 5 273 4 9
-16 -5 237 14 10
11 -3 215 14 11
51 -2 172 2 12
52 -1 180 2 13
72 0 161 2 14
81 0 162 2 15
91 1 163 2 16
75 2 189 2 17
31 3 267 4 18
31 5 282 4 19
-11 -5 260 14 20
28 -3 229 14 21
74 -2 165 2 22
98 -1 135 2 23
106 0 137 2 24
107 0 153 2 25
108 1 162 2 26
80 2 215 2 27
47 3 276 4 28
49 5 285 4 29
16 -5 254 4 30
86 -3 164 2 31
108 -2 141 2 32
117 -1 135 2 33
126 0 137 2 34
137 0 145 2 35
138 1 155 2 36
139 2 171 2 37
102 3 263 4 38
103 5 281 4 39
24 -5 269 4 40
105 -3 157 2 41
112 -2 165 2 42
139 -1 135 2 43
151 0 137 2 44
152 0 145 2 45
153 1 163 2 46
154 2 171 2 47
156 3 200 2 48
154 5 276 4 49
191 -5 24 15 50
116 -3 182 2 51
142 -2 158 2 52
154 -1 152 2 53
166 0 137 2 54
177 0 138 2 55
188 1 155 2 56
189 2 164 2 57
169 3 266 4 58
170 5 280 4 59
195 -5 37 15 60
196 -3 68 15 61
197 -2 96 15 62
189 -1 142 2 63
190 0 137 2 64
201 0 141 15 65
202 1 151 15 66
203 2 159 15 67
204 3 167 15 68
205 5 195 15 69
200 -5 73 15 70
201 -3 102 15 71
202 -2 117 15 72
203 -1 125 15 73
204 0 133 15 74
211 0 145 2 75
212 1 155 2 76
213 2 164 2 77
209 3 207 15 78
199 5 272 4 79
204 -5 81 15 80
205 -3 89 15 81
206 -2 110 15 82
213 -1 135 2 83
223 0 137 2 84
234 0 138 2 85
246 1 155 2 86
247 2 164 2 87
248 3 208 2 88
246 5 283 4 89
209 -5 45 15 90
210 -3 61 15 91
211 -2 54 15 92
220 -1 51 4 93
248 0 137 2 94
249 0 145 2 95
261 1 155 2 96
262 2 164 2 97
263 3 200 2 98
264 5 290 4 99
213 -5 31 15 100
222 -3 26 4 101
234 -2 51 4 102
262 -1 135 2 103
263 0 144 2 104
274 0 138 2 105
291 1 154 2 106
292 2 163 2 107
293 3 171 2 108
322 5 290 4 109
236 -5 27 4 110
248 -3 48 4 111
248 -2 26 4 112
284 -1 135 2 113
293 0 137 2 114
294 0 144 2 115
302 1 163 2 116
309 2 164 2 117
346 3 215 2 118
378 5 275 4 119
259 -5 27 4 120
261 -3 42 4 121
302 -2 134 2 122
318 -1 166 2 123
319 0 161 2 124
328 0 168 2 125
329 1 163 2 126
349 2 200 2 127
391 3 257 4 128
404 5 280 4 129
264 -5 19 4 130
394 -3 259 4 131
348 -2 172 2 132
339 -1 160 2 133
350 0 168 2 134
351 0 162 2 135
390 1 234 14 136
402 2 252 4 137
420 3 273 4 138
439 5 302 14 139
420 -5 262 4 140
435 -3 271 14 141
414 -2 245 4 142
406 -1 231 14 143
363 0 161 2 144
407 0 219 14 145
427 1 234 14 146
441 2 268 14 147
456 3 287 14 148
457 5 277 14 149
438 -5 247 14 150
453 -3 257 14 151
440 -2 239 14 152
424 -1 217 14 153
442 0 232 14 154
457 0 252 14 155
445 1 220 14 156
460 2 221 14 157
461 3 232 14 158
462 5 243 14 159
-22 -5 256 14 160
-9 -3 238 14 161
5 -2 239 14 162
20 -1 226 14 163
47 0 206 2 164
67 0 186 2 165
49 1 223 2 166
27 2 268 4 167
16 3 295 4 168
0 5 331 14 169
-17 -5 280 14 170
3 -3 267 4 171
15 -2 258 4 172
51 -1 211 2 173
79 0 185 2 174
80 0 196 2 175
73 1 215 2 176
36 2 284 4 177
37 3 293 4 178
29 5 314 4 179
0 -5 289 4 180
29 -3 253 4 181
30 -2 258 4 182
74 -1 203 2 183
83 0 204 2 184
105 0 186 2 185
86 1 230 14 186
80 2 277 4 187
86 3 279 4 188
93 5 290 4 189
15 -5 287 4 190
36 -3 264 4 191
60 -2 239 14 192
87 -1 211 2 193
109 0 204 2 194
110 0 222 2 195
110 1 244 14 196
106 2 275 4 197
101 3 299 4 198
102 5 311 4 199
30 -5 285 4 200
54 -3 272 4 201
111 -2 210 2 202
100 -1 262 4 203
139 0 185 2 204
140 0 197 2 205
141 1 216 2 206
120 2 276 4 207
117 3 330 14 208
151 5 301 4 209
97 -5 268 4 210
102 -3 278 4 211
141 -2 203 2 212
153 -1 184 2 213
154 0 195 2 214
155 0 214 2 215
156 1 274 4 216
165 2 270 4 217
167 3 284 4 218
168 5 304 4 219
110 -5 280 4 220
119 -3 274 4 221
159 -2 225 14 222
172 -1 226 14 223
189 0 177 2 224
190 0 186 2 225
191 1 207 2 226
192 2 217 2 227
181 3 280 4 228
186 5 283 4 229
160 -5 281 4 230
168 -3 272 4 231
191 -2 193 2 232
202 -1 184 15 233
203 0 179 15 234
209 0 186 2 235
205 1 208 15 236
201 2 245 14 237
196 3 285 4 238
197 5 309 4 239
175 -5 279 4 240
204 -3 188 15 241
210 -2 175 2 242
212 -1 194 2 243
213 0 205 2 244
214 0 214 2 245
202 1 283 4 246
231 2 278 4 247
238 3 278 4 248
244 5 314 4 249
196 -5 259 4 250
208 -3 223 15 251
215 -2 220 2 252
245 -1 194 2 253
246 0 177 2 254
248 0 186 2 255
249 1 224 2 256
253 2 274 4 257
258 3 296 4 258
261 5 307 4 259
232 -5 288 4 260
244 -3 269 4 261
249 -2 203 2 262
261 -1 176 2 263
262 0 185 2 264
263 0 197 2 265
268 1 269 4 266
271 2 264 4 267
279 3 305 4 268
291 5 331 14 269
252 -5 273 4 270
261 -3 272 4 271
265 -2 225 14 272
271 -1 253 4 273
288 0 227 14 274
293 0 186 2 275
294 1 206 2 276
314 2 284 4 277
322 3 284 4 278
338 5 300 4 279
273 -5 276 4 280
293 -3 209 2 281
294 -2 192 2 282
316 -1 220 2 283
317 0 204 2 284
318 0 196 2 285
328 1 223 2 286
332 2 231 14 287
364 3 311 4 288
390 5 314 4 289
334 -5 273 4 290
327 -3 209 2 291
328 -2 202 2 292
321 -1 183 2 293
330 0 195 2 294
331 0 186 2 295
351 1 215 2 296
385 2 277 4 297
406 3 304 4 298
424 5 331 14 299
400 -5 288 4 300
397 -3 285 4 301
393 -2 264 4 302
371 -1 226 14 303
353 0 199 2 304
355 0 191 2 305
407 1 271 4 306
410 2 276 4 307
421 3 298 4 308
442 5 321 14 309
409 -5 274 4 310
404 -3 259 4 311
415 -2 269 4 312
413 -1 263 4 313
392 0 227 14 314
417 0 263 4 315
427 1 275 4 316
444 2 298 14 317
459 3 316 14 318
461 5 307 14 319
-23 -5 300 14 320
-22 -3 312 14 321
6 -2 271 4 322
31 -1 250 14 323
46 0 237 14 324
32 0 270 4 325
24 1 288 4 326
21 2 306 4 327
10 3 339 14 328
24 5 329 4 329
-19 -5 320 14 330
0 -3 299 4 331
18 -2 282 4 332
31 -1 272 4 333
66 0 237 14 334
79 0 232 2 335
43 1 292 4 336
27 2 338 14 337
41 3 339 14 338
58 5 340 14 339
-14 -5 330 14 340
24 -3 287 4 341
27 -2 296 4 342
67 -1 250 14 343
80 0 251 14 344
95 0 238 14 345
93 1 269 4 346
84 2 300 4 347
73 3 339 14 348
85 5 340 14 349
27 -5 304 4 350
28 -3 310 4 351
48 -2 296 4 352
95 -1 250 14 353
110 0 237 14 354
97 0 282 4 355
109 1 283 4 356
107 2 297 4 357
100 3 323 4 358
101 5 340 14 359
82 -5 283 4 360
85 -3 288 4 361
97 -2 284 4 362
124 -1 236 14 363
123 0 251 14 364
139 0 232 2 365
139 1 253 14 366
126 2 338 14 367
149 3 306 4 368
142 5 340 14 369
100 -5 294 4 370
101 -3 306 4 371
113 -2 287 4 372
140 -1 236 14 373
153 0 231 2 374
155 0 252 14 375
157 1 290 4 376
161 2 295 4 377
166 3 307 4 378
159 5 340 14 379
104 -5 318 4 380
146 -3 288 4 381
154 -2 296 4 382
160 -1 278 4 383
171 0 251 14 384
170 0 274 4 385
179 1 279 4 386
175 2 299 4 387
181 3 298 4 388
177 5 340 14 389
159 -5 297 4 390
163 -3 295 4 391
168 -2 296 4 392
189 -1 236 14 393
192 0 231 2 394
203 0 230 15 395
193 1 282 4 396
194 2 298 4 397
195 3 323 4 398
202 5 340 14 399
170 -5 308 4 400
186 -3 276 4 401
193 -2 266 4 402
205 -1 241 15 403
214 0 237 14 404
205 0 291 4 405
221 1 253 14 406
225 2 310 4 407
231 3 316 4 408
237 5 321 4 409
190 -5 287 4 410
196 -3 297 4 411
197 -2 304 4 412
225 -1 284 4 413
237 0 237 14 414
244 0 252 14 415
245 1 271 4 416
245 2 306 4 417
247 3 339 14 418
255 5 319 4 419
223 -5 330 14 420
237 -3 294 4 421
244 -2 286 4 422
246 -1 274 4 423
260 0 223 2 424
262 0 232 2 425
263 1 290 4 426
265 2 310 4 427
273 3 311 4 428
274 5 340 14 429
246 -5 304 4 430
252 -3 297 4 431
261 -2 290 4 432
267 -1 281 4 433
273 0 251 14 434
276 0 282 4 435
287 1 320 4 436
303 2 321 4 437
311 3 322 4 438
314 5 340 14 439
270 -5 299 4 440
272 -3 294 4 441
283 -2 311 4 442
292 -1 250 14 443
295 0 230 2 444
308 0 238 14 445
315 1 253 14 446
329 2 300 4 447
334 3 303 4 448
339 5 340 14 449
315 -5 310 4 450
321 -3 306 4 451
329 -2 286 4 452
331 -1 280 4 453
320 0 222 2 454
334 0 275 4 455
335 1 269 4 456
360 2 319 4 457
366 3 339 14 458
390 5 340 14 459
346 -5 307 4 460
352 -3 312 4 461
345 -2 284 4 462
342 -1 250 14 463
359 0 251 14 464
358 0 238 14 465
384 1 296 4 466
393 2 312 4 467
404 3 327 4 468
410 5 340 14 469
393 -5 302 4 470
405 -3 314 4 471
399 -2 303 4 472
397 -1 291 4 473
395 0 286 4 474
381 0 252 14 475
402 1 286 4 476
409 2 294 4 477
418 3 307 4 478
445 5 340 14 479
