480
-38 0 256 14 0
-21 0 239 14 1
32 0 167 2 2
43 0 167 2 3
43 0 176 2 4
56 0 168 2 5
43 0 204 2 6
28 0 240 14 7
-4 0 295 4 8
-4 0 302 4 9
-38 0 268 14 10
-5 0 239 14 11
43 0 184 2 12
43 0 192 2 13
67 0 167 2 14
78 0 168 2 15
88 0 168 2 16
67 0 199 2 17
11 0 295 4 18
9 0 313 4 19
-37 0 297 14 20
11 0 256 14 21
67 0 175 2 22
96 0 137 2 23
104 0 137 2 24
104 0 157 2 25
105 0 167 2 26
68 0 232 2 27
26 0 307 4 28
27 0 317 4 29
-8 0 289 4 30
78 0 175 2 31
105 0 145 2 32
114 0 137 2 33
125 0 137 2 34
137 0 146 2 35
137 0 158 2 36
137 0 177 2 37
90 0 290 4 38
90 0 312 4 39
-3 0 307 4 40
97 0 167 2 41
105 0 175 2 42
137 0 137 2 43
151 0 137 2 44
151 0 146 2 45
151 0 168 2 46
151 0 177 2 47
152 0 212 2 48
148 0 306 4 49
200 0 2 15 50
106 0 198 2 51
138 0 167 2 52
151 0 158 2 53
164 0 137 2 54
177 0 138 2 55
190 0 158 2 56
190 0 168 2 57
163 0 294 4 58
163 0 311 4 59
201 0 18 15 60
201 0 55 15 61
201 0 90 15 62
190 0 146 2 63
190 0 137 2 64
202 0 141 15 65
202 0 153 15 66
202 0 162 15 67
202 0 170 15 68
202 0 204 15 69
202 0 63 15 70
202 0 98 15 71
202 0 115 15 72
202 0 125 15 73
202 0 133 15 74
209 0 146 2 75
209 0 158 2 76
210 0 168 2 77
203 0 220 15 78
189 0 301 4 79
202 0 73 15 80
202 0 82 15 81
203 0 107 15 82
210 0 137 2 83
221 0 137 2 84
234 0 138 2 85
247 0 158 2 86
247 0 168 2 87
247 0 222 2 88
243 0 314 4 89
203 0 28 15 90
203 0 47 15 91
203 0 37 15 92
215 0 32 4 93
247 0 137 2 94
247 0 146 2 95
261 0 158 2 96
261 0 168 2 97
261 0 212 2 98
261 0 322 4 99
203 0 11 15 100
214 0 3 4 101
228 0 33 4 102
261 0 137 2 103
261 0 146 2 104
273 0 138 2 105
294 0 157 2 106
294 0 167 2 107
294 0 176 2 108
329 0 323 4 109
227 0 5 4 110
241 0 30 4 111
240 0 2 4 112
284 0 137 2 113
294 0 137 2 114
294 0 145 2 115
302 0 168 2 116
310 0 168 2 117
355 0 231 2 118
394 0 304 4 119
251 0 5 4 120
252 0 23 4 121
302 0 137 2 122
321 0 175 2 123
321 0 167 2 124
332 0 175 2 125
332 0 168 2 126
355 0 212 2 127
406 0 282 4 128
421 0 311 4 129
252 0 -5 4 130
414 0 294 4 131
355 0 184 2 132
342 0 167 2 133
355 0 176 2 134
355 0 168 2 135
402 0 257 14 136
416 0 277 4 137
437 0 303 4 138
460 0 338 14 139
443 0 300 4 140
459 0 310 14 141
432 0 276 4 142
421 0 257 14 143
367 0 167 2 144
420 0 239 14 145
443 0 257 14 146
460 0 298 14 147
478 0 320 14 148
478 0 307 14 149
460 0 280 14 150
477 0 292 14 151
460 0 268 14 152
439 0 239 14 153
460 0 257 14 154
478 0 280 14 155
461 0 239 14 156
478 0 240 14 157
478 0 251 14 158
478 0 264 14 159
-38 0 282 14 160
-24 0 257 14 161
-8 0 258 14 162
10 0 240 14 163
43 0 213 2 164
66 0 187 2 165
43 0 232 2 166
13 0 287 4 167
-1 0 320 4 168
-23 0 363 14 169
-38 0 311 14 170
-14 0 294 4 171
-1 0 281 4 172
43 0 222 2 173
77 0 187 2 174
77 0 200 2 175
67 0 222 2 176
20 0 308 4 177
20 0 318 4 178
9 0 343 4 179
-22 0 322 4 180
13 0 276 4 181
14 0 282 4 182
67 0 211 2 183
78 0 211 2 184
104 0 187 2 185
78 0 241 14 186
70 0 299 4 187
77 0 300 4 188
83 0 313 4 189
-8 0 319 4 190
17 0 290 4 191
46 0 258 14 192
78 0 222 2 193
105 0 211 2 194
105 0 233 2 195
104 0 258 14 196
97 0 296 4 197
90 0 325 4 198
90 0 338 4 199
7 0 317 4 200
35 0 300 4 201
105 0 222 2 202
90 0 285 4 203
137 0 188 2 204
137 0 201 2 205
138 0 223 2 206
110 0 297 4 207
105 0 363 14 208
147 0 327 4 209
85 0 296 4 210
90 0 307 4 211
138 0 212 2 212
151 0 188 2 213
151 0 201 2 214
152 0 223 2 215
151 0 296 4 216
162 0 290 4 217
163 0 306 4 218
163 0 329 4 219
96 0 312 4 220
106 0 302 4 221
155 0 240 14 222
170 0 240 14 223
190 0 177 2 224
190 0 188 2 225
190 0 213 2 226
190 0 223 2 227
175 0 301 4 228
180 0 303 4 229
154 0 313 4 230
163 0 300 4 231
190 0 200 2 232
202 0 188 15 233
202 0 180 15 234
209 0 188 2 235
202 0 214 15 236
196 0 258 14 237
189 0 308 4 238
189 0 336 4 239
167 0 310 4 240
202 0 195 15 241
209 0 177 2 242
209 0 201 2 243
209 0 212 2 244
210 0 223 2 245
194 0 308 4 246
229 0 300 4 247
236 0 298 4 248
242 0 342 4 249
189 0 285 4 250
203 0 239 15 251
210 0 233 2 252
247 0 201 2 253
247 0 177 2 254
247 0 188 2 255
247 0 234 2 256
251 0 295 4 257
256 0 322 4 258
259 0 333 4 259
229 0 321 4 260
243 0 296 4 261
247 0 212 2 262
261 0 177 2 263
261 0 188 2 264
261 0 201 2 265
266 0 290 4 266
268 0 283 4 267
277 0 332 4 268
291 0 363 14 269
249 0 303 4 270
258 0 300 4 271
262 0 240 14 272
269 0 274 4 273
289 0 240 14 274
294 0 187 2 275
294 0 212 2 276
317 0 308 4 277
326 0 306 4 278
345 0 326 4 279
270 0 307 4 280
294 0 222 2 281
294 0 199 2 282
320 0 233 2 283
321 0 211 2 284
321 0 200 2 285
331 0 233 2 286
335 0 241 14 287
374 0 340 4 288
406 0 343 4 289
341 0 303 4 290
331 0 222 2 291
331 0 211 2 292
321 0 187 2 293
332 0 200 2 294
332 0 187 2 295
355 0 222 2 296
396 0 299 4 297
422 0 331 4 298
443 0 363 14 299
419 0 321 4 300
414 0 316 4 301
408 0 289 4 302
379 0 240 14 303
356 0 205 2 304
356 0 194 2 305
420 0 292 4 306
422 0 298 4 307
435 0 324 4 308
460 0 351 14 309
425 0 304 4 310
418 0 284 4 311
430 0 295 4 312
426 0 287 4 313
399 0 240 14 314
429 0 283 4 315
440 0 297 4 316
460 0 325 14 317
478 0 346 14 318
478 0 333 14 319
-39 0 326 14 320
-38 0 339 14 321
-5 0 287 4 322
25 0 259 14 323
43 0 242 14 324
24 0 283 4 325
13 0 303 4 326
8 0 325 4 327
-7 0 365 14 328
8 0 351 4 329
-38 0 351 14 330
-16 0 323 4 331
5 0 301 4 332
21 0 287 4 333
63 0 242 14 334
77 0 234 2 335
32 0 308 4 336
11 0 364 14 337
26 0 365 14 338
46 0 365 14 339
-37 0 363 14 340
8 0 308 4 341
11 0 318 4 342
60 0 259 14 343
75 0 259 14 344
92 0 242 14 345
89 0 280 4 346
76 0 317 4 347
61 0 365 14 348
76 0 365 14 349
9 0 330 4 350
9 0 337 4 351
32 0 318 4 352
90 0 259 14 353
107 0 242 14 354
90 0 297 4 355
104 0 297 4 356
100 0 313 4 357
90 0 344 4 358
91 0 365 14 359
72 0 305 4 360
75 0 310 4 361
89 0 303 4 362
121 0 242 14 363
119 0 259 14 364
137 0 235 2 365
136 0 259 14 366
119 0 364 14 367
146 0 323 4 368
137 0 365 14 369
90 0 319 4 370
90 0 331 4 371
103 0 307 4 372
137 0 242 14 373
151 0 235 2 374
152 0 259 14 375
154 0 306 4 376
158 0 311 4 377
163 0 325 4 378
153 0 365 14 379
90 0 349 4 380
142 0 309 4 381
150 0 318 4 382
157 0 294 4 383
169 0 259 14 384
167 0 287 4 385
176 0 291 4 386
171 0 316 4 387
177 0 313 4 388
170 0 365 14 389
154 0 323 4 390
158 0 318 4 391
163 0 318 4 392
187 0 242 14 393
190 0 235 2 394
202 0 232 15 395
189 0 295 4 396
189 0 315 4 397
189 0 345 4 398
196 0 365 14 399
163 0 336 4 400
182 0 295 4 401
189 0 280 4 402
202 0 248 15 403
213 0 242 14 404
200 0 308 4 405
220 0 259 14 406
223 0 329 4 407
229 0 335 4 408
235 0 341 4 409
183 0 310 4 410
189 0 321 4 411
189 0 329 4 412
222 0 302 4 413
237 0 242 14 414
244 0 259 14 415
244 0 282 4 416
243 0 325 4 417
244 0 365 14 418
253 0 338 4 419
220 0 363 14 420
235 0 317 4 421
243 0 305 4 422
244 0 289 4 423
261 0 224 2 424
261 0 235 2 425
262 0 306 4 426
263 0 329 4 427
272 0 330 4 428
271 0 365 14 429
243 0 331 4 430
249 0 321 4 431
259 0 311 4 432
265 0 299 4 433
271 0 259 14 434
274 0 297 4 435
286 0 343 4 436
306 0 343 4 437
315 0 343 4 438
317 0 365 14 439
267 0 325 4 440
269 0 317 4 441
282 0 336 4 442
291 0 259 14 443
294 0 234 2 444
309 0 242 14 445
317 0 259 14 446
332 0 317 4 447
338 0 320 4 448
343 0 365 14 449
319 0 338 4 450
325 0 332 4 451
334 0 305 4 452
335 0 297 4 453
321 0 223 2 454
337 0 288 4 455
337 0 280 4 456
367 0 341 4 457
373 0 365 14 458
402 0 365 14 459
353 0 334 4 460
359 0 339 4 461
349 0 303 4 462
344 0 259 14 463
364 0 259 14 464
361 0 242 14 465
393 0 313 4 466
402 0 332 4 467
415 0 350 4 468
421 0 365 14 469
407 0 328 4 470
421 0 342 4 471
412 0 327 4 472
408 0 311 4 473
405 0 303 4 474
385 0 259 14 475
411 0 301 4 476
418 0 309 4 477
428 0 325 4 478
461 0 365 14 479
