480
2 -10 192 14 0
14 -8 185 14 1
45 -5 148 2 2
53 -3 150 2 3
56 -1 157 2 4
65 1 155 2 5
60 3 177 2 6
54 5 199 14 7
39 8 232 4 8
41 10 238 4 9
11 -10 198 14 10
31 -8 185 14 11
60 -5 157 2 12
63 -3 165 2 13
78 -1 152 2 14
86 1 155 2 15
94 3 157 2 16
85 5 177 2 17
56 8 232 4 18
57 10 243 4 19
20 -10 215 14 20
49 -8 194 14 21
82 -5 152 2 22
101 -3 133 2 23
107 -1 136 2 24
110 1 149 2 25
112 3 156 2 26
94 5 194 2 27
73 8 238 4 28
76 10 246 4 29
45 -10 210 4 30
95 -8 150 2 31
112 -5 135 2 32
120 -3 133 2 33
128 -1 136 2 34
137 1 143 2 35
139 3 152 2 36
141 5 164 2 37
117 8 229 4 38
120 10 243 4 39
57 -10 221 4 40
115 -8 145 2 41
121 -5 152 2 42
141 -3 133 2 43
151 -1 136 2 44
154 1 143 2 45
156 3 157 2 46
158 5 164 2 47
160 8 185 2 48
161 10 240 4 49
179 -10 52 15 50
128 -8 163 2 51
148 -5 148 2 52
158 -3 145 2 53
167 -1 136 2 54
177 1 138 2 55
186 3 152 2 56
188 5 159 2 57
176 8 231 4 58
178 10 242 4 59
188 -10 61 15 60
190 -8 84 15 61
193 -5 105 15 62
188 -3 138 2 63
191 -1 136 2 64
199 1 140 15 65
202 3 149 15 66
204 5 156 15 67
206 8 163 15 68
209 10 183 15 69
197 -10 86 15 70
199 -8 107 15 71
202 -5 119 15 72
204 -3 126 15 73
206 -1 133 15 74
212 1 143 2 75
215 3 152 2 76
217 5 159 2 77
216 8 190 15 78
210 10 237 4 79
206 -10 91 15 80
209 -8 98 15 81
211 -5 114 15 82
217 -3 133 2 83
225 -1 136 2 84
235 1 138 2 85
244 3 152 2 86
246 5 159 2 87
249 8 191 2 88
249 10 244 4 89
216 -10 66 15 90
218 -8 79 15 91
220 -5 76 15 92
228 -3 75 4 93
249 -1 136 2 94
251 1 143 2 95
261 3 152 2 96
263 5 159 2 97
265 8 185 2 98
268 10 249 4 99
224 -10 57 15 100
232 -8 55 4 101
243 -5 74 4 102
263 -3 133 2 103
265 -1 140 2 104
274 1 138 2 105
288 3 151 2 106
290 5 159 2 107
292 8 166 2 108
314 10 249 4 109
247 -10 53 4 110
256 -8 70 4 111
258 -5 56 4 112
285 -3 133 2 113
292 -1 136 2 114
295 1 142 2 115
301 3 157 2 116
308 5 159 2 117
335 8 196 2 118
359 10 239 4 119
269 -10 53 4 120
272 -8 66 4 121
301 -5 131 2 122
314 -3 154 2 123
316 -1 152 2 124
324 1 159 2 125
327 3 157 2 126
342 5 184 2 127
372 8 225 4 128
383 10 242 4 129
278 -10 48 4 130
370 -8 215 4 131
340 -5 157 2 132
335 -3 150 2 133
344 -1 157 2 134
347 1 155 2 135
375 3 206 14 136
384 5 220 4 137
399 8 236 4 138
413 10 257 14 139
393 -10 216 4 140
404 -8 224 14 141
391 -5 207 4 142
387 -3 199 14 143
359 -1 152 2 144
391 1 194 14 145
406 3 206 14 146
418 5 231 14 147
430 8 245 14 148
432 10 240 14 149
411 -10 205 14 150
423 -8 214 14 151
416 -5 203 14 152
406 -3 189 14 153
420 -1 201 14 154
432 1 217 14 155
425 3 196 14 156
437 5 199 14 157
439 8 207 14 158
441 10 217 14 159
-1 -10 225 14 160
9 -8 214 14 161
20 -5 216 14 162
32 -3 209 14 163
53 -1 196 2 164
68 1 184 2 165
57 3 211 2 166
43 5 244 4 167
37 8 264 4 168
28 10 290 14 169
8 -10 241 14 170
23 -8 234 4 171
33 -5 229 4 172
60 -3 199 2 173
81 -1 181 2 174
83 1 191 2 175
80 3 205 2 176
56 5 255 4 177
58 8 263 4 178
54 10 279 4 179
26 -10 247 4 180
48 -8 224 4 181
50 -5 230 4 182
82 -3 193 2 183
90 -1 195 2 184
107 1 184 2 185
95 3 216 14 186
92 5 250 4 187
98 8 253 4 188
104 10 262 4 189
43 -10 246 4 190
59 -8 232 4 191
77 -5 216 14 192
97 -3 199 2 193
114 -1 195 2 194
116 1 209 2 195
118 3 225 14 196
117 5 249 4 197
115 8 267 4 198
117 10 276 4 199
60 -10 245 4 200
78 -8 237 4 201
119 -5 196 2 202
112 -3 233 4 203
141 -1 182 2 204
143 1 191 2 205
146 3 206 2 206
132 5 249 4 207
132 8 288 14 208
157 10 270 4 209
112 -10 233 4 210
117 -8 241 4 211
146 -5 191 2 212
155 -3 180 2 213
158 -1 189 2 214
160 1 204 2 215
162 3 246 4 216
170 5 245 4 217
173 8 256 4 218
175 10 272 4 219
127 -10 242 4 220
135 -8 239 4 221
164 -5 206 14 222
175 -3 209 14 223
188 -1 177 2 224
190 1 184 2 225
193 3 200 2 226
195 5 208 2 227
189 8 254 4 228
194 10 257 4 229
168 -10 242 4 230
175 -8 237 4 231
193 -5 184 2 232
201 -3 180 15 233
204 -1 178 15 234
210 1 184 2 235
208 3 201 15 236
207 5 228 14 237
205 8 257 4 238
208 10 275 4 239
184 -10 240 4 240
206 -8 180 15 241
212 -5 172 2 242
214 -3 187 2 243
217 -1 195 2 244
219 1 204 2 245
213 3 253 4 246
234 5 251 4 247
240 8 252 4 248
245 10 279 4 249
205 -10 227 4 250
215 -8 204 15 251
220 -5 203 2 252
244 -3 187 2 253
246 -1 177 2 254
248 1 184 2 255
250 3 212 2 256
255 5 248 4 257
260 8 265 4 258
264 10 274 4 259
236 -10 247 4 260
246 -8 235 4 261
250 -5 191 2 262
260 -3 174 2 263
263 -1 182 2 264
265 1 191 2 265
270 3 243 4 266
273 5 241 4 267
280 8 271 4 268
290 10 290 14 269
256 -10 237 4 270
263 -8 237 4 271
268 -5 206 14 272
274 -3 228 4 273
287 -1 211 14 274
292 1 184 2 275
294 3 200 2 276
309 5 255 4 277
317 8 256 4 278
329 10 269 4 279
277 -10 239 4 280
292 -8 194 2 281
294 -5 184 2 282
311 -3 204 2 283
313 -1 195 2 284
316 1 191 2 285
324 3 211 2 286
328 5 218 14 287
352 8 275 4 288
372 10 279 4 289
325 -10 237 4 290
322 -8 194 2 291
324 -5 190 2 292
320 -3 180 2 293
329 -1 188 2 294
331 1 184 2 295
346 3 205 2 296
371 5 250 4 297
387 8 270 4 298
401 10 290 14 299
377 -10 247 4 300
377 -8 246 4 301
375 -5 233 4 302
361 -3 209 14 303
351 -1 191 2 304
353 1 188 2 305
391 3 244 4 306
394 5 250 4 307
403 8 266 4 308
420 10 283 14 309
389 -10 237 4 310
387 -8 228 4 311
396 -5 237 4 312
396 -3 235 4 313
384 -1 211 14 314
403 1 237 4 315
411 3 247 4 316
424 5 265 14 317
436 8 278 14 318
439 10 274 14 319
-4 -10 268 14 320
-1 -8 278 14 321
19 -5 251 4 322
38 -3 238 14 323
50 -1 230 14 324
42 1 255 4 325
38 3 269 4 326
38 5 283 4 327
31 8 307 14 328
42 10 302 4 329
5 -10 282 14 330
20 -8 269 4 331
34 -5 259 4 332
45 -3 253 4 333
70 -1 230 14 334
80 1 228 2 335
58 3 272 4 336
48 5 305 14 337
59 8 307 14 338
72 10 310 14 339
15 -10 289 14 340
42 -8 261 4 341
46 -5 268 4 342
75 -3 238 14 343
86 -1 240 14 344
98 1 233 14 345
98 3 256 4 346
93 5 279 4 347
87 8 307 14 348
97 10 310 14 349
49 -10 271 4 350
52 -8 277 4 351
67 -5 268 4 352
101 -3 238 14 353
113 -1 230 14 354
105 1 263 4 355
115 3 266 4 356
115 5 277 4 357
112 8 296 4 358
115 10 310 14 359
93 -10 257 4 360
97 -8 262 4 361
107 -5 260 4 362
127 -3 228 14 363
128 -1 240 14 364
140 1 229 2 365
142 3 245 14 366
135 5 305 14 367
152 8 284 4 368
149 10 310 14 369
112 -10 264 4 370
114 -8 274 4 371
124 -5 262 4 372
145 -3 228 14 373
155 -1 227 2 374
158 1 242 14 375
161 3 271 4 376
165 5 276 4 377
170 8 285 4 378
167 10 310 14 379
121 -10 281 4 380
152 -8 261 4 381
158 -5 268 4 382
165 -3 257 4 383
174 -1 240 14 384
175 1 258 4 385
182 3 263 4 386
181 5 278 4 387
187 8 279 4 388
185 10 310 14 389
165 -10 266 4 390
170 -8 266 4 391
175 -5 268 4 392
190 -3 228 14 393
194 -1 227 2 394
203 1 227 15 395
198 3 265 4 396
200 5 278 4 397
203 8 297 4 398
209 10 310 14 399
179 -10 274 4 400
192 -8 253 4 401
198 -5 247 4 402
208 -3 232 15 403
216 -1 230 14 404
211 1 269 4 405
223 3 245 14 406
228 5 286 4 407
233 8 291 4 408
239 10 297 4 409
199 -10 259 4 410
205 -8 268 4 411
207 -5 274 4 412
227 -3 261 4 413
238 -1 230 14 414
244 1 242 14 415
246 3 257 4 416
248 5 283 4 417
251 8 307 14 418
258 10 295 4 419
228 -10 289 14 420
239 -8 265 4 421
246 -5 261 4 422
248 -3 254 4 423
260 -1 221 2 424
262 1 229 2 425
265 3 271 4 426
268 5 286 4 427
275 8 288 4 428
277 10 310 14 429
250 -10 271 4 430
256 -8 268 4 431
263 -5 265 4 432
269 -3 260 4 433
274 -1 240 14 434
278 1 263 4 435
287 3 291 4 436
300 5 293 4 437
307 8 296 4 438
311 10 310 14 439
272 -10 267 4 440
276 -8 265 4 441
285 -5 279 4 442
292 -3 238 14 443
296 -1 226 2 444
306 1 233 14 445
313 3 245 14 446
324 5 279 4 447
330 8 283 4 448
335 10 310 14 449
310 -10 275 4 450
316 -8 274 4 451
323 -5 261 4 452
326 -3 259 4 453
320 -1 220 2 454
331 1 259 4 455
333 3 256 4 456
352 5 292 4 457
358 8 307 14 458
376 10 310 14 459
338 -10 273 4 460
343 -8 278 4 461
340 -5 260 4 462
339 -3 238 14 463
353 -1 240 14 464
353 1 233 14 465
373 3 274 4 466
381 5 287 4 467
390 8 299 4 468
395 10 310 14 469
376 -10 270 4 470
386 -8 279 4 471
384 -5 273 4 472
384 -3 267 4 473
384 -1 264 4 474
376 1 242 14 475
392 3 268 4 476
398 5 274 4 477
406 8 285 4 478
426 10 310 14 479
