480
-35 -1 250 14 0
-18 -1 234 14 1
33 0 165 2 2
44 0 166 2 3
44 0 174 2 4
56 0 166 2 5
45 0 201 2 6
30 0 236 14 7
0 1 289 4 8
0 1 296 4 9
-33 -1 262 14 10
-2 -1 234 14 11
45 0 181 2 12
45 0 190 2 13
68 0 166 2 14
78 0 166 2 15
89 0 167 2 16
69 0 197 2 17
15 1 289 4 18
14 1 307 4 19
-32 -1 289 14 20
14 -1 251 14 21
68 0 173 2 22
97 0 137 2 23
105 0 137 2 24
105 0 156 2 25
105 0 166 2 26
70 0 229 2 27
30 1 301 4 28
32 1 310 4 29
-4 -1 282 4 30
80 -1 173 2 31
105 0 144 2 32
115 0 137 2 33
125 0 137 2 34
137 0 146 2 35
137 0 157 2 36
138 0 176 2 37
92 1 285 4 38
93 1 306 4 39
2 -1 300 4 40
99 -1 165 2 41
107 0 173 2 42
138 0 137 2 43
151 0 137 2 44
151 0 146 2 45
152 0 167 2 46
152 0 176 2 47
152 1 209 2 48
149 1 300 4 49
199 -1 6 15 50
108 -1 195 2 51
139 0 165 2 52
152 0 156 2 53
165 0 137 2 54
177 0 138 2 55
189 0 157 2 56
190 0 167 2 57
164 1 288 4 58
164 1 305 4 59
200 -1 22 15 60
200 -1 58 15 61
201 0 91 15 62
190 0 145 2 63
190 0 137 2 64
202 0 141 15 65
202 0 153 15 66
202 0 162 15 67
203 1 169 15 68
203 1 202 15 69
201 -1 65 15 70
202 -1 99 15 71
202 0 115 15 72
202 0 125 15 73
203 0 133 15 74
210 0 146 2 75
210 0 157 2 76
210 0 167 2 77
204 1 218 15 78
191 1 295 4 79
203 -1 74 15 80
203 -1 83 15 81
203 0 108 15 82
210 0 137 2 83
222 0 137 2 84
234 0 138 2 85
247 0 157 2 86
247 0 167 2 87
247 1 220 2 88
244 1 307 4 89
204 -1 32 15 90
204 -1 50 15 91
205 0 41 15 92
216 0 35 4 93
247 0 137 2 94
248 0 146 2 95
261 0 157 2 96
261 0 167 2 97
262 1 209 2 98
262 1 316 4 99
205 -1 15 15 100
216 -1 8 4 101
229 0 37 4 102
261 0 137 2 103
262 0 146 2 104
273 0 138 2 105
293 0 157 2 106
293 0 166 2 107
294 1 175 2 108
328 1 317 4 109
229 -1 9 4 110
242 -1 34 4 111
242 0 7 4 112
284 0 137 2 113
294 0 137 2 114
294 0 145 2 115
302 0 167 2 116
310 0 167 2 117
353 1 228 2 118
390 1 298 4 119
253 -1 9 4 120
254 -1 27 4 121
302 0 137 2 122
320 0 173 2 123
320 0 166 2 124
331 0 174 2 125
331 0 167 2 126
354 0 210 2 127
403 1 277 4 128
418 1 305 4 129
254 -1 0 4 130
410 -1 287 4 131
354 0 181 2 132
342 0 166 2 133
354 0 174 2 134
355 0 166 2 135
400 0 252 14 136
413 0 272 4 137
434 1 297 4 138
456 1 331 14 139
438 -1 292 4 140
454 -1 302 14 141
429 0 270 4 142
418 0 251 14 143
366 0 166 2 144
417 0 235 14 145
440 0 252 14 146
456 0 292 14 147
473 1 314 14 148
474 1 301 14 149
455 -1 274 14 150
472 -1 285 14 151
456 0 262 14 152
436 0 235 14 153
457 0 252 14 154
474 0 274 14 155
458 0 236 14 156
474 0 236 14 157
475 1 248 14 158
475 1 260 14 159
-35 -1 277 14 160
-21 -1 254 14 161
-6 0 254 14 162
12 0 237 14 163
44 0 212 2 164
66 0 187 2 165
44 0 230 2 166
16 0 284 4 167
2 1 315 4 168
-18 1 357 14 169
-34 -1 304 14 170
-11 -1 289 4 171
2 0 276 4 172
45 0 220 2 173
78 0 187 2 174
78 0 199 2 175
68 0 221 2 176
23 0 303 4 177
23 1 313 4 178
13 1 337 4 179
-17 -1 316 4 180
16 -1 271 4 181
17 0 277 4 182
68 0 210 2 183
79 0 210 2 184
104 0 187 2 185
80 0 239 14 186
72 0 295 4 187
78 1 296 4 188
85 1 308 4 189
-3 -1 313 4 190
21 -1 285 4 191
49 0 254 14 192
80 0 220 2 193
105 0 210 2 194
106 0 231 2 195
105 0 255 14 196
99 0 292 4 197
92 1 320 4 198
92 1 333 4 199
11 -1 311 4 200
39 -1 295 4 201
106 0 219 2 202
92 0 280 4 203
138 0 188 2 204
138 0 200 2 205
138 0 222 2 206
112 0 293 4 207
107 1 357 14 208
148 1 322 4 209
87 -1 290 4 210
92 -1 301 4 211
138 0 210 2 212
152 0 187 2 213
152 0 200 2 214
152 0 221 2 215
152 0 292 4 216
162 0 286 4 217
164 1 302 4 218
164 1 324 4 219
99 -1 305 4 220
109 -1 296 4 221
155 0 237 14 222
171 0 237 14 223
190 0 177 2 224
190 0 188 2 225
190 0 212 2 226
191 0 222 2 227
176 1 297 4 228
181 1 299 4 229
155 -1 306 4 230
164 -1 295 4 231
190 0 199 2 232
202 0 187 15 233
202 0 180 15 234
209 0 188 2 235
203 0 212 15 236
197 0 256 14 237
191 1 303 4 238
191 1 331 4 239
169 -1 304 4 240
203 -1 194 15 241
209 0 177 2 242
210 0 199 2 243
210 0 211 2 244
210 0 221 2 245
196 0 303 4 246
230 0 296 4 247
237 1 294 4 248
243 1 336 4 249
191 -1 280 4 250
204 -1 236 15 251
211 0 231 2 252
246 0 199 2 253
247 0 177 2 254
247 0 188 2 255
248 0 232 2 256
252 0 291 4 257
257 1 317 4 258
260 1 328 4 259
230 -1 315 4 260
243 -1 291 4 261
248 0 210 2 262
261 0 177 2 263
261 0 188 2 264
262 0 200 2 265
267 0 286 4 266
269 0 279 4 267
278 1 327 4 268
291 1 357 14 269
249 -1 297 4 270
259 -1 295 4 271
263 0 237 14 272
270 0 270 4 273
289 0 238 14 274
294 0 187 2 275
294 0 211 2 276
317 0 303 4 277
325 1 302 4 278
344 1 321 4 279
271 -1 301 4 280
294 -1 219 2 281
294 0 198 2 282
320 0 230 2 283
320 0 210 2 284
320 0 199 2 285
331 0 231 2 286
334 0 239 14 287
372 1 334 4 288
403 1 337 4 289
339 -1 297 4 290
330 -1 219 2 291
331 0 209 2 292
321 0 186 2 293
331 0 199 2 294
332 0 187 2 295
355 0 221 2 296
394 0 295 4 297
419 1 326 4 298
439 1 357 14 299
415 -1 315 4 300
411 -1 309 4 301
405 0 284 4 302
377 0 237 14 303
355 0 203 2 304
356 0 193 2 305
417 0 288 4 306
420 0 294 4 307
432 1 318 4 308
457 1 345 14 309
422 -1 298 4 310
415 -1 279 4 311
427 0 290 4 312
423 0 282 4 313
398 0 238 14 314
427 0 279 4 315
437 0 293 4 316
457 0 320 14 317
474 1 340 14 318
475 1 328 14 319
-35 -1 320 14 320
-35 -1 334 14 321
-3 0 284 4 322
26 0 257 14 323
43 0 241 14 324
26 0 280 4 325
15 0 300 4 326
11 0 321 4 327
-4 1 359 14 328
11 1 347 4 329
-34 -1 345 14 330
-12 -1 318 4 331
8 0 297 4 332
23 0 284 4 333
63 0 241 14 334
78 0 234 2 335
34 0 305 4 336
14 0 359 14 337
29 1 359 14 338
48 1 360 14 339
-33 -1 357 14 340
11 -1 304 4 341
15 0 314 4 342
61 0 257 14 343
76 0 257 14 344
93 0 241 14 345
89 0 278 4 346
78 0 313 4 347
63 1 359 14 348
77 1 360 14 349
12 -1 325 4 350
13 -1 332 4 351
35 0 314 4 352
91 0 257 14 353
108 0 241 14 354
91 0 294 4 355
105 0 294 4 356
101 0 310 4 357
92 1 340 4 358
93 1 360 14 359
74 -1 301 4 360
77 -1 306 4 361
91 0 300 4 362
122 0 240 14 363
119 0 257 14 364
138 0 235 2 365
137 0 258 14 366
120 0 359 14 367
147 1 319 4 368
138 1 360 14 369
92 -1 314 4 370
92 -1 326 4 371
105 0 303 4 372
137 0 240 14 373
152 0 234 2 374
153 0 258 14 375
155 0 303 4 376
158 0 308 4 377
163 1 321 4 378
154 1 360 14 379
93 -1 343 4 380
143 -1 305 4 381
150 0 314 4 382
157 0 291 4 383
170 0 257 14 384
167 0 285 4 385
177 0 289 4 386
172 0 313 4 387
178 1 310 4 388
171 1 360 14 389
155 -1 318 4 390
159 -1 313 4 391
164 0 314 4 392
188 0 240 14 393
191 0 234 2 394
202 0 232 15 395
189 0 293 4 396
190 0 312 4 397
190 1 341 4 398
197 1 360 14 399
165 -1 331 4 400
183 -1 291 4 401
189 0 277 4 402
203 0 247 15 403
213 0 241 14 404
201 0 304 4 405
220 0 258 14 406
224 0 326 4 407
230 1 332 4 408
236 1 337 4 409
185 -1 305 4 410
190 -1 316 4 411
191 0 324 4 412
223 0 298 4 413
237 0 241 14 414
244 0 258 14 415
244 0 280 4 416
244 0 321 4 417
245 1 359 14 418
254 1 335 4 419
220 -1 357 14 420
236 -1 312 4 421
243 0 302 4 422
245 0 286 4 423
261 0 224 2 424
261 0 235 2 425
262 0 303 4 426
264 0 326 4 427
272 1 326 4 428
272 1 360 14 429
244 -1 326 4 430
250 -1 316 4 431
260 0 307 4 432
266 0 295 4 433
272 0 257 14 434
275 0 294 4 435
286 0 338 4 436
305 0 339 4 437
314 1 339 4 438
316 1 360 14 439
268 -1 319 4 440
270 -1 312 4 441
282 0 331 4 442
291 0 257 14 443
294 0 233 2 444
309 0 241 14 445
316 0 258 14 446
332 0 313 4 447
338 1 317 4 448
343 1 360 14 449
319 -1 332 4 450
324 -1 327 4 451
333 0 302 4 452
334 0 293 4 453
321 0 223 2 454
336 0 286 4 455
336 0 278 4 456
366 0 337 4 457
372 1 359 14 458
400 1 360 14 459
352 -1 329 4 460
358 -1 334 4 461
349 0 300 4 462
343 0 257 14 463
363 0 257 14 464
361 0 241 14 465
391 0 309 4 466
401 0 328 4 467
413 1 345 4 468
419 1 360 14 469
404 -1 323 4 470
418 -1 337 4 471
410 0 322 4 472
406 0 307 4 473
403 0 299 4 474
384 0 258 14 475
409 0 298 4 476
416 0 306 4 477
426 1 321 4 478
458 1 360 14 479
