480
-22 -4 230 14 0
-7 -3 217 14 1
37 -2 159 2 2
47 -1 160 2 3
48 0 168 2 4
59 0 162 2 5
50 1 193 2 6
38 2 223 14 7
13 3 269 4 8
14 4 276 4 9
-18 -4 240 14 10
9 -3 217 14 11
50 -2 174 2 12
51 -1 181 2 13
71 0 161 2 14
81 0 162 2 15
91 1 163 2 16
74 2 190 2 17
29 3 269 4 18
29 4 285 4 19
-14 -4 264 14 20
26 -3 231 14 21
73 -2 166 2 22
98 -1 136 2 23
106 0 137 2 24
107 0 154 2 25
108 1 163 2 26
78 2 217 2 27
45 3 279 4 28
47 4 288 4 29
13 -4 257 4 30
85 -3 165 2 31
108 -2 141 2 32
117 -1 136 2 33
126 0 137 2 34
137 0 145 2 35
138 1 155 2 36
139 2 172 2 37
101 3 265 4 38
102 4 284 4 39
21 -4 272 4 40
104 -3 158 2 41
112 -2 166 2 42
139 -1 136 2 43
151 0 137 2 44
152 0 145 2 45
153 1 163 2 46
154 2 172 2 47
155 3 201 2 48
153 4 279 4 49
192 -4 22 15 50
115 -3 183 2 51
142 -2 159 2 52
154 -1 152 2 53
166 0 137 2 54
177 0 138 2 55
188 1 155 2 56
189 2 164 2 57
168 3 269 4 58
169 4 283 4 59
196 -4 36 15 60
197 -3 67 15 61
198 -2 96 15 62
189 -1 143 2 63
190 0 137 2 64
201 0 141 15 65
202 1 151 15 66
203 2 160 15 67
204 3 167 15 68
205 4 196 15 69
200 -4 72 15 70
201 -3 102 15 71
202 -2 116 15 72
203 -1 125 15 73
204 0 133 15 74
211 0 145 2 75
212 1 155 2 76
213 2 164 2 77
208 3 208 15 78
198 4 275 4 79
204 -4 80 15 80
205 -3 88 15 81
206 -2 110 15 82
213 -1 136 2 83
223 0 137 2 84
234 0 138 2 85
246 1 155 2 86
247 2 164 2 87
248 3 210 2 88
246 4 285 4 89
208 -4 44 15 90
209 -3 60 15 91
210 -2 53 15 92
220 -1 49 4 93
248 0 137 2 94
249 0 145 2 95
261 1 155 2 96
262 2 164 2 97
263 3 201 2 98
264 4 293 4 99
212 -4 29 15 100
221 -3 24 4 101
234 -2 50 4 102
262 -1 136 2 103
263 0 144 2 104
274 0 138 2 105
291 1 155 2 106
292 2 164 2 107
293 3 172 2 108
323 4 293 4 109
235 -4 24 4 110
247 -3 46 4 111
248 -2 24 4 112
284 -1 136 2 113
293 0 137 2 114
294 0 144 2 115
302 1 163 2 116
309 2 164 2 117
347 3 217 2 118
379 4 278 4 119
258 -4 24 4 120
260 -3 41 4 121
302 -2 135 2 122
318 -1 167 2 123
319 0 161 2 124
329 0 169 2 125
330 1 163 2 126
350 2 201 2 127
392 3 259 4 128
406 4 283 4 129
262 -4 17 4 130
396 -3 262 4 131
349 -2 174 2 132
339 -1 160 2 133
351 0 168 2 134
352 0 162 2 135
391 1 236 14 136
403 2 254 4 137
422 3 276 4 138
441 4 305 14 139
422 -4 266 4 140
437 -3 275 14 141
416 -2 248 4 142
407 -1 233 14 143
364 0 161 2 144
408 0 221 14 145
428 1 236 14 146
443 2 271 14 147
458 3 290 14 148
459 4 280 14 149
440 -4 250 14 150
455 -3 261 14 151
442 -2 242 14 152
426 -1 219 14 153
444 0 234 14 154
459 0 254 14 155
447 1 222 14 156
461 2 223 14 157
462 3 234 14 158
463 4 245 14 159
-23 -4 259 14 160
-10 -3 240 14 161
3 -2 241 14 162
19 -1 228 14 163
47 0 206 2 164
67 0 186 2 165
49 1 223 2 166
25 2 270 4 167
14 3 297 4 168
-2 4 334 14 169
-19 -4 282 14 170
1 -3 270 4 171
13 -2 260 4 172
50 -1 212 2 173
79 0 185 2 174
80 0 196 2 175
72 1 216 2 176
34 2 286 4 177
35 3 295 4 178
27 4 317 4 179
-2 -4 292 4 180
27 -3 255 4 181
28 -2 261 4 182
73 -1 204 2 183
83 0 205 2 184
105 0 186 2 185
85 1 231 14 186
79 2 279 4 187
85 3 281 4 188
92 4 293 4 189
13 -4 290 4 190
34 -3 267 4 191
59 -2 241 14 192
86 -1 212 2 193
108 0 205 2 194
109 0 223 2 195
110 1 245 14 196
105 2 277 4 197
100 3 302 4 198
101 4 313 4 199
28 -4 288 4 200
52 -3 275 4 201
110 -2 211 2 202
99 -1 264 4 203
139 0 186 2 204
140 0 197 2 205
141 1 216 2 206
119 2 278 4 207
116 3 333 14 208
151 4 304 4 209
96 -4 271 4 210
101 -3 280 4 211
141 -2 203 2 212
153 -1 185 2 213
154 0 196 2 214
155 0 215 2 215
155 1 276 4 216
165 2 272 4 217
167 3 286 4 218
168 4 306 4 219
109 -4 283 4 220
118 -3 276 4 221
158 -2 227 14 222
172 -1 228 14 223
189 0 177 2 224
190 0 187 2 225
191 1 208 2 226
192 2 217 2 227
180 3 282 4 228
185 4 285 4 229
160 -4 284 4 230
168 -3 275 4 231
191 -2 194 2 232
202 -1 185 15 233
203 0 179 15 234
209 0 187 2 235
205 1 208 15 236
200 2 246 14 237
196 3 288 4 238
197 4 312 4 239
174 -4 282 4 240
204 -3 189 15 241
210 -2 175 2 242
211 -1 195 2 243
212 0 206 2 244
213 0 215 2 245
202 1 285 4 246
231 2 280 4 247
238 3 280 4 248
244 4 316 4 249
196 -4 262 4 250
208 -3 225 15 251
214 -2 221 2 252
245 -1 195 2 253
246 0 177 2 254
248 0 187 2 255
249 1 225 2 256
253 2 276 4 257
258 3 299 4 258
261 4 309 4 259
232 -4 291 4 260
244 -3 272 4 261
249 -2 203 2 262
261 -1 176 2 263
262 0 186 2 264
263 0 197 2 265
268 1 271 4 266
270 2 266 4 267
279 3 307 4 268
291 4 334 14 269
251 -4 276 4 270
260 -3 275 4 271
265 -2 227 14 272
271 -1 255 4 273
288 0 229 14 274
293 0 186 2 275
294 1 207 2 276
314 2 286 4 277
322 3 286 4 278
339 4 303 4 279
273 -4 279 4 280
293 -3 210 2 281
294 -2 193 2 282
317 -1 221 2 283
318 0 205 2 284
319 0 196 2 285
328 1 224 2 286
332 2 232 14 287
365 3 314 4 288
392 4 317 4 289
334 -4 276 4 290
327 -3 210 2 291
328 -2 203 2 292
321 -1 184 2 293
330 0 195 2 294
331 0 186 2 295
352 1 216 2 296
386 2 279 4 297
408 3 307 4 298
426 4 334 14 299
402 -4 291 4 300
399 -3 287 4 301
395 -2 266 4 302
372 -1 228 14 303
354 0 199 2 304
355 0 191 2 305
408 1 273 4 306
411 2 279 4 307
422 3 300 4 308
444 4 324 14 309
411 -4 277 4 310
406 -3 261 4 311
416 -2 272 4 312
414 -1 266 4 313
393 0 229 14 314
418 0 265 4 315
428 1 277 4 316
446 2 301 14 317
461 3 319 14 318
462 4 309 14 319
-24 -4 302 14 320
-23 -3 314 14 321
5 -2 272 4 322
30 -1 250 14 323
46 0 237 14 324
32 0 272 4 325
23 1 289 4 326
20 2 308 4 327
8 3 341 14 328
22 4 331 4 329
-20 -4 323 14 330
-1 -3 301 4 331
17 -2 284 4 332
30 -1 274 4 333
66 0 237 14 334
79 0 232 2 335
42 1 293 4 336
26 2 340 14 337
39 3 341 14 338
56 4 342 14 339
-16 -4 333 14 340
22 -3 289 4 341
26 -2 298 4 342
66 -1 250 14 343
79 0 251 14 344
95 0 238 14 345
92 1 270 4 346
83 2 301 4 347
71 3 341 14 348
84 4 342 14 349
25 -4 306 4 350
26 -3 313 4 351
46 -2 298 4 352
94 -1 250 14 353
110 0 237 14 354
96 0 284 4 355
108 1 285 4 356
106 2 298 4 357
99 3 325 4 358
100 4 342 14 359
81 -4 286 4 360
84 -3 291 4 361
97 -2 286 4 362
124 -1 236 14 363
122 0 251 14 364
139 0 233 2 365
139 1 254 14 366
125 2 340 14 367
149 3 307 4 368
142 4 342 14 369
99 -4 297 4 370
100 -3 308 4 371
112 -2 289 4 372
140 -1 236 14 373
153 0 232 2 374
155 0 253 14 375
157 1 292 4 376
161 2 297 4 377
166 3 309 4 378
159 4 342 14 379
103 -4 321 4 380
146 -3 290 4 381
153 -2 298 4 382
160 -1 279 4 383
171 0 251 14 384
170 0 276 4 385
179 1 280 4 386
175 2 301 4 387
181 3 299 4 388
176 4 342 14 389
158 -4 300 4 390
163 -3 297 4 391
168 -2 298 4 392
189 -1 236 14 393
192 0 232 2 394
203 0 230 15 395
192 1 283 4 396
193 2 300 4 397
194 3 326 4 398
201 4 342 14 399
170 -4 311 4 400
186 -3 278 4 401
192 -2 267 4 402
205 -1 242 15 403
214 0 237 14 404
204 0 292 4 405
221 1 254 14 406
225 2 312 4 407
231 3 318 4 408
237 4 323 4 409
190 -4 290 4 410
195 -3 299 4 411
197 -2 307 4 412
224 -1 285 4 413
237 0 237 14 414
244 0 253 14 415
245 1 272 4 416
245 2 308 4 417
247 3 341 14 418
255 4 321 4 419
223 -4 333 14 420
237 -3 296 4 421
244 -2 288 4 422
246 -1 275 4 423
260 0 223 2 424
262 0 233 2 425
263 1 292 4 426
265 2 312 4 427
273 3 313 4 428
274 4 342 14 429
246 -4 307 4 430
252 -3 299 4 431
261 -2 292 4 432
267 -1 283 4 433
273 0 251 14 434
276 0 284 4 435
287 1 322 4 436
303 2 323 4 437
312 3 324 4 438
314 4 342 14 439
269 -4 301 4 440
272 -3 296 4 441
283 -2 313 4 442
292 -1 250 14 443
295 0 231 2 444
308 0 238 14 445
315 1 254 14 446
329 2 301 4 447
335 3 305 4 448
340 4 342 14 449
316 -4 313 4 450
321 -3 309 4 451
330 -2 288 4 452
331 -1 281 4 453
320 0 222 2 454
334 0 276 4 455
335 1 270 4 456
361 2 321 4 457
367 3 341 14 458
392 4 342 14 459
347 -4 309 4 460
353 -3 314 4 461
346 -2 286 4 462
342 -1 250 14 463
360 0 251 14 464
358 0 238 14 465
385 1 297 4 466
394 2 314 4 467
405 3 330 4 468
411 4 342 14 469
395 -4 305 4 470
407 -3 317 4 471
401 -2 305 4 472
398 -1 293 4 473
396 0 287 4 474
381 0 253 14 475
403 1 288 4 476
410 2 295 4 477
419 3 309 4 478
447 4 342 14 479
