480
-31 -2 244 14 0
-14 -1 228 14 1
34 -1 163 2 2
45 0 164 2 3
45 0 173 2 4
57 0 165 2 5
46 0 198 2 6
33 1 232 14 7
4 1 283 4 8
5 2 290 4 9
-28 -2 254 14 10
2 -1 228 14 11
46 -1 179 2 12
47 0 187 2 13
69 0 165 2 14
79 0 165 2 15
90 0 166 2 16
71 1 194 2 17
20 1 283 4 18
19 2 299 4 19
-26 -2 281 14 20
18 -1 244 14 21
70 -1 170 2 22
97 0 136 2 23
105 0 137 2 24
105 0 155 2 25
106 0 165 2 26
73 1 225 2 27
35 1 293 4 28
37 2 303 4 29
2 -2 274 4 30
81 -1 170 2 31
106 -1 143 2 32
115 0 136 2 33
126 0 137 2 34
137 0 146 2 35
138 0 157 2 36
138 1 174 2 37
95 1 278 4 38
96 2 298 4 39
9 -2 291 4 40
101 -1 163 2 41
108 -1 170 2 42
138 0 136 2 43
151 0 137 2 44
152 0 146 2 45
152 0 166 2 46
153 1 174 2 47
153 1 207 2 48
150 2 293 4 49
196 -2 12 15 50
110 -1 191 2 51
140 -1 163 2 52
153 0 155 2 53
165 0 137 2 54
177 0 138 2 55
189 0 157 2 56
190 1 166 2 57
165 1 282 4 58
166 2 298 4 59
199 -2 27 15 60
199 -1 61 15 61
200 -1 92 15 62
190 0 144 2 63
190 0 137 2 64
201 0 141 15 65
202 0 152 15 66
203 1 161 15 67
203 1 169 15 68
204 2 200 15 69
201 -2 67 15 70
201 -1 100 15 71
202 -1 116 15 72
203 0 125 15 73
203 0 133 15 74
210 0 146 2 75
210 0 157 2 76
211 1 166 2 77
205 1 215 15 78
193 2 289 4 79
203 -2 76 15 80
204 -1 85 15 81
204 -1 108 15 82
211 0 136 2 83
222 0 137 2 84
234 0 138 2 85
246 0 157 2 86
247 1 166 2 87
247 1 216 2 88
244 2 300 4 89
205 -2 35 15 90
206 -1 53 15 91
206 -1 45 15 92
218 0 40 4 93
247 0 137 2 94
248 0 146 2 95
261 0 157 2 96
262 1 166 2 97
262 1 207 2 98
263 2 308 4 99
208 -2 20 15 100
218 -1 13 4 101
231 -1 41 4 102
262 0 136 2 103
262 0 145 2 104
273 0 138 2 105
292 0 156 2 106
293 1 165 2 107
294 1 174 2 108
326 2 309 4 109
231 -2 14 4 110
244 -1 38 4 111
244 -1 13 4 112
284 0 136 2 113
294 0 137 2 114
294 0 145 2 115
302 0 166 2 116
309 1 166 2 117
351 1 224 2 118
387 2 291 4 119
255 -2 14 4 120
256 -1 32 4 121
302 -1 136 2 122
319 0 171 2 123
320 0 165 2 124
330 0 172 2 125
331 0 166 2 126
353 1 207 2 127
399 1 271 4 128
414 2 298 4 129
257 -2 5 4 130
405 -1 279 4 131
352 -1 179 2 132
341 0 164 2 133
353 0 173 2 134
354 0 165 2 135
397 0 247 14 136
410 1 266 4 137
430 1 290 4 138
451 2 322 14 139
433 -2 284 4 140
449 -1 293 14 141
424 -1 263 4 142
414 0 245 14 143
365 0 165 2 144
414 0 231 14 145
436 0 247 14 146
452 1 285 14 147
468 1 306 14 148
469 2 294 14 149
450 -2 266 14 150
467 -1 277 14 151
451 -1 255 14 152
432 0 229 14 153
453 0 246 14 154
469 0 268 14 155
455 0 231 14 156
470 1 232 14 157
471 1 243 14 158
471 2 255 14 159
-31 -2 271 14 160
-17 -1 249 14 161
-3 -1 250 14 162
14 0 234 14 163
45 0 210 2 164
67 0 187 2 165
46 0 228 2 166
19 1 279 4 167
6 1 309 4 168
-13 2 349 14 169
-29 -2 297 14 170
-7 -1 283 4 171
6 -1 271 4 172
46 0 217 2 173
78 0 186 2 174
79 0 198 2 175
69 0 219 2 176
26 1 298 4 177
27 1 307 4 178
18 2 331 4 179
-12 -2 308 4 180
20 -1 266 4 181
21 -1 272 4 182
70 0 208 2 183
80 0 208 2 184
105 0 187 2 185
81 0 236 14 186
74 1 290 4 187
81 1 291 4 188
87 2 303 4 189
2 -2 305 4 190
25 -1 279 4 191
52 -1 250 14 192
82 0 217 2 193
106 0 208 2 194
107 0 228 2 195
107 0 252 14 196
101 1 287 4 197
95 1 314 4 198
95 2 326 4 199
17 -2 303 4 200
43 -1 288 4 201
108 -1 217 2 202
94 0 275 4 203
138 0 187 2 204
139 0 199 2 205
139 0 220 2 206
114 1 288 4 207
110 1 349 14 208
149 2 316 4 209
90 -2 284 4 210
95 -1 294 4 211
139 -1 208 2 212
152 0 186 2 213
153 0 198 2 214
153 0 219 2 215
153 0 286 4 216
163 1 282 4 217
165 1 296 4 218
165 2 318 4 219
102 -2 298 4 220
112 -1 290 4 221
156 -1 234 14 222
171 0 234 14 223
189 0 177 2 224
190 0 187 2 225
191 0 210 2 226
191 1 221 2 227
178 1 292 4 228
183 2 294 4 229
157 -2 299 4 230
165 -1 288 4 231
191 -1 197 2 232
202 0 186 15 233
202 0 180 15 234
209 0 187 2 235
204 0 211 15 236
198 1 252 14 237
192 1 298 4 238
193 2 325 4 239
170 -2 296 4 240
203 -1 192 15 241
210 -1 176 2 242
210 0 198 2 243
211 0 209 2 244
211 0 219 2 245
198 0 297 4 246
230 1 291 4 247
237 1 289 4 248
243 2 330 4 249
192 -2 274 4 250
205 -1 232 15 251
212 -1 227 2 252
246 0 198 2 253
247 0 177 2 254
247 0 187 2 255
248 0 230 2 256
252 1 286 4 257
257 1 311 4 258
260 2 322 4 259
231 -2 307 4 260
244 -1 285 4 261
248 -1 208 2 262
261 0 177 2 263
261 0 187 2 264
262 0 199 2 265
267 0 281 4 266
269 1 275 4 267
278 1 320 4 268
291 2 349 14 269
250 -2 290 4 270
259 -1 288 4 271
263 -1 234 14 272
270 0 265 4 273
288 0 235 14 274
293 0 187 2 275
294 0 209 2 276
316 1 298 4 277
324 1 296 4 278
342 2 315 4 279
272 -2 294 4 280
293 -1 216 2 281
294 -1 196 2 282
319 0 227 2 283
319 0 208 2 284
320 0 198 2 285
330 0 229 2 286
333 1 236 14 287
370 1 327 4 288
399 2 331 4 289
338 -2 290 4 290
329 -1 216 2 291
330 -1 207 2 292
321 0 185 2 293
331 0 198 2 294
332 0 187 2 295
354 0 219 2 296
391 1 290 4 297
415 1 320 4 298
435 2 349 14 299
411 -2 307 4 300
407 -1 302 4 301
401 -1 278 4 302
375 0 234 14 303
355 0 202 2 304
355 0 193 2 305
414 0 283 4 306
417 1 289 4 307
429 1 312 4 308
452 2 338 14 309
419 -2 291 4 310
412 -1 273 4 311
423 -1 284 4 312
420 0 277 4 313
396 0 235 14 314
424 0 274 4 315
434 0 287 4 316
454 1 314 14 317
470 1 333 14 318
471 2 322 14 319
-32 -2 314 14 320
-31 -1 327 14 321
-1 -1 280 4 322
27 0 255 14 323
44 0 240 14 324
28 0 277 4 325
18 0 297 4 326
14 1 317 4 327
0 1 354 14 328
15 2 342 4 329
-30 -2 337 14 330
-9 -1 312 4 331
11 -1 292 4 332
25 0 281 4 333
64 0 240 14 334
78 0 233 2 335
37 0 301 4 336
18 1 353 14 337
33 1 354 14 338
51 2 354 14 339
-27 -2 349 14 340
15 -1 299 4 341
18 -1 308 4 342
63 0 255 14 343
77 0 256 14 344
93 0 240 14 345
90 0 275 4 346
79 1 310 4 347
66 1 354 14 348
80 2 354 14 349
17 -2 319 4 350
17 -1 326 4 351
39 -1 308 4 352
92 0 255 14 353
108 0 240 14 354
93 0 291 4 355
106 0 291 4 356
103 1 306 4 357
94 1 335 4 358
95 2 354 14 359
76 -2 296 4 360
79 -1 301 4 361
93 -1 295 4 362
123 0 239 14 363
120 0 256 14 364
138 0 234 2 365
138 0 257 14 366
122 1 353 14 367
148 1 315 4 368
139 2 354 14 369
94 -2 308 4 370
94 -1 320 4 371
107 -1 299 4 372
138 0 239 14 373
152 0 233 2 374
153 0 256 14 375
156 0 299 4 376
159 1 304 4 377
164 1 317 4 378
156 2 354 14 379
96 -2 336 4 380
144 -1 300 4 381
151 -1 308 4 382
158 0 287 4 383
170 0 256 14 384
168 0 282 4 385
178 0 286 4 386
173 1 309 4 387
179 1 307 4 388
173 2 354 14 389
156 -2 312 4 390
160 -1 308 4 391
165 -1 308 4 392
188 0 239 14 393
191 0 233 2 394
202 0 231 15 395
190 0 289 4 396
191 1 308 4 397
192 1 336 4 398
198 2 354 14 399
166 -2 324 4 400
184 -1 287 4 401
190 -1 274 4 402
203 0 245 15 403
214 0 240 14 404
202 0 300 4 405
220 0 257 14 406
224 1 321 4 407
230 1 327 4 408
236 2 333 4 409
186 -2 300 4 410
192 -1 311 4 411
193 -1 318 4 412
223 0 294 4 413
237 0 240 14 414
244 0 256 14 415
245 0 277 4 416
244 1 317 4 417
246 1 354 14 418
254 2 330 4 419
221 -2 349 14 420
236 -1 307 4 421
244 -1 297 4 422
245 0 282 4 423
261 0 224 2 424
261 0 234 2 425
263 0 299 4 426
264 1 321 4 427
273 1 322 4 428
272 2 354 14 429
245 -2 320 4 430
251 -1 311 4 431
260 -1 302 4 432
266 0 291 4 433
272 0 256 14 434
275 0 291 4 435
286 0 333 4 436
305 1 333 4 437
313 1 334 4 438
315 2 354 14 439
268 -2 314 4 440
271 -1 307 4 441
283 -1 325 4 442
291 0 255 14 443
295 0 232 2 444
308 0 240 14 445
316 0 257 14 446
331 1 310 4 447
337 1 313 4 448
342 2 354 14 449
318 -2 326 4 450
323 -1 321 4 451
332 -1 297 4 452
333 0 290 4 453
321 0 223 2 454
335 0 283 4 455
336 0 275 4 456
364 1 332 4 457
370 1 354 14 458
397 2 354 14 459
350 -2 322 4 460
356 -1 327 4 461
348 -1 295 4 462
343 0 255 14 463
362 0 256 14 464
360 0 240 14 465
389 0 305 4 466
398 1 324 4 467
410 1 340 4 468
416 2 354 14 469
401 -2 317 4 470
414 -1 330 4 471
407 -1 316 4 472
404 0 303 4 473
401 0 295 4 474
383 0 256 14 475
407 0 295 4 476
414 1 302 4 477
424 1 317 4 478
454 2 354 14 479
