480
-23 -4 232 14 0
-8 -3 218 14 1
37 -2 160 2 2
47 -1 161 2 3
48 0 169 2 4
59 0 163 2 5
50 1 193 2 6
38 2 224 14 7
12 3 271 4 8
13 4 278 4 9
-19 -4 242 14 10
8 -3 218 14 11
50 -2 174 2 12
51 -1 182 2 13
71 0 162 2 14
81 0 163 2 15
91 1 164 2 16
74 2 190 2 17
28 3 271 4 18
27 4 287 4 19
-15 -4 266 14 20
25 -3 233 14 21
73 -2 166 2 22
98 -1 136 2 23
105 0 137 2 24
106 0 154 2 25
107 1 163 2 26
78 2 218 2 27
44 3 281 4 28
46 4 290 4 29
12 -4 259 4 30
85 -3 165 2 31
107 -2 141 2 32
116 -1 136 2 33
126 0 137 2 34
137 0 145 2 35
138 1 156 2 36
139 2 172 2 37
100 3 267 4 38
101 4 286 4 39
20 -4 275 4 40
104 -3 159 2 41
111 -2 166 2 42
139 -1 136 2 43
151 0 137 2 44
152 0 145 2 45
153 1 164 2 46
154 2 172 2 47
155 3 202 2 48
153 4 281 4 49
192 -4 21 15 50
114 -3 184 2 51
142 -2 160 2 52
154 -1 153 2 53
165 0 137 2 54
177 0 138 2 55
188 1 156 2 56
189 2 165 2 57
168 3 270 4 58
169 4 285 4 59
196 -4 34 15 60
197 -3 66 15 61
198 -2 95 15 62
189 -1 143 2 63
190 0 137 2 64
201 0 141 15 65
202 1 152 15 66
203 2 160 15 67
204 3 167 15 68
205 4 196 15 69
200 -4 72 15 70
201 -3 102 15 71
202 -2 116 15 72
203 -1 125 15 73
204 0 133 15 74
210 0 145 2 75
211 1 156 2 76
212 2 165 2 77
208 3 209 15 78
197 4 277 4 79
204 -4 80 15 80
205 -3 88 15 81
206 -2 110 15 82
212 -1 136 2 83
223 0 137 2 84
234 0 138 2 85
246 1 156 2 86
247 2 165 2 87
248 3 211 2 88
245 4 287 4 89
208 -4 43 15 90
209 -3 59 15 91
210 -2 52 15 92
220 -1 48 4 93
248 0 137 2 94
249 0 145 2 95
261 1 156 2 96
262 2 165 2 97
263 3 202 2 98
264 4 295 4 99
212 -4 28 15 100
220 -3 23 4 101
233 -2 48 4 102
262 -1 136 2 103
263 0 144 2 104
273 0 138 2 105
291 1 155 2 106
292 2 164 2 107
293 3 172 2 108
323 4 295 4 109
235 -4 23 4 110
247 -3 45 4 111
247 -2 23 4 112
284 -1 136 2 113
293 0 137 2 114
294 0 144 2 115
302 1 164 2 116
309 2 165 2 117
347 3 218 2 118
380 4 279 4 119
258 -4 23 4 120
260 -3 39 4 121
302 -2 135 2 122
318 -1 167 2 123
319 0 162 2 124
329 0 169 2 125
330 1 164 2 126
350 2 202 2 127
393 3 261 4 128
407 4 285 4 129
262 -4 15 4 130
397 -3 264 4 131
349 -2 174 2 132
340 -1 161 2 133
351 0 169 2 134
352 0 163 2 135
392 1 238 14 136
404 2 256 4 137
423 3 278 4 138
442 4 308 14 139
424 -4 268 4 140
438 -3 277 14 141
417 -2 250 4 142
408 -1 235 14 143
364 0 162 2 144
409 0 222 14 145
429 1 238 14 146
444 2 273 14 147
460 3 292 14 148
461 4 282 14 149
441 -4 252 14 150
457 -3 263 14 151
443 -2 243 14 152
426 -1 220 14 153
445 0 236 14 154
461 0 256 14 155
448 1 223 14 156
463 2 224 14 157
464 3 235 14 158
464 4 246 14 159
-24 -4 260 14 160
-11 -3 241 14 161
3 -2 242 14 162
18 -1 228 14 163
47 0 207 2 164
67 0 186 2 165
48 1 224 2 166
24 2 271 4 167
13 3 299 4 168
-3 4 336 14 169
-20 -4 284 14 170
0 -3 272 4 171
12 -2 261 4 172
49 -1 213 2 173
79 0 185 2 174
80 0 196 2 175
72 1 216 2 176
33 2 288 4 177
34 3 297 4 178
26 4 319 4 179
-4 -4 294 4 180
26 -3 256 4 181
27 -2 262 4 182
73 -1 204 2 183
83 0 205 2 184
105 0 186 2 185
84 1 231 14 186
78 2 281 4 187
85 3 282 4 188
91 4 294 4 189
12 -4 292 4 190
33 -3 268 4 191
58 -2 242 14 192
85 -1 213 2 193
108 0 205 2 194
109 0 224 2 195
109 1 246 14 196
105 2 278 4 197
99 3 303 4 198
100 4 315 4 199
27 -4 290 4 200
51 -3 276 4 201
110 -2 212 2 202
98 -1 265 4 203
139 0 186 2 204
140 0 197 2 205
141 1 217 2 206
118 2 279 4 207
115 3 335 14 208
151 4 305 4 209
95 -4 272 4 210
100 -3 282 4 211
141 -2 204 2 212
153 -1 185 2 213
154 0 196 2 214
155 0 216 2 215
155 1 277 4 216
165 2 273 4 217
167 3 287 4 218
168 4 308 4 219
108 -4 285 4 220
117 -3 278 4 221
158 -2 227 14 222
172 -1 228 14 223
189 0 177 2 224
190 0 187 2 225
191 1 208 2 226
192 2 218 2 227
180 3 283 4 228
185 4 286 4 229
159 -4 286 4 230
168 -3 276 4 231
191 -2 194 2 232
202 -1 185 15 233
203 0 180 15 234
209 0 187 2 235
205 1 209 15 236
200 2 247 14 237
195 3 289 4 238
196 4 313 4 239
174 -4 284 4 240
204 -3 189 15 241
210 -2 175 2 242
211 -1 195 2 243
212 0 206 2 244
213 0 216 2 245
201 1 287 4 246
231 2 281 4 247
238 3 281 4 248
243 4 318 4 249
195 -4 263 4 250
208 -3 226 15 251
214 -2 222 2 252
246 -1 195 2 253
247 0 177 2 254
247 0 187 2 255
248 1 226 2 256
253 2 277 4 257
258 3 300 4 258
261 4 311 4 259
232 -4 293 4 260
244 -3 273 4 261
248 -2 204 2 262
261 -1 176 2 263
262 0 186 2 264
263 0 197 2 265
268 1 272 4 266
270 2 267 4 267
278 3 309 4 268
291 4 336 14 269
251 -4 278 4 270
260 -3 276 4 271
264 -2 227 14 272
271 -1 257 4 273
288 0 229 14 274
293 0 186 2 275
294 1 207 2 276
314 2 288 4 277
323 3 287 4 278
339 4 304 4 279
273 -4 281 4 280
293 -3 211 2 281
294 -2 194 2 282
317 -1 222 2 283
318 0 205 2 284
319 0 196 2 285
329 1 225 2 286
332 2 232 14 287
366 3 315 4 288
393 4 319 4 289
335 -4 278 4 290
328 -3 211 2 291
329 -2 203 2 292
321 -1 184 2 293
331 0 195 2 294
332 0 186 2 295
352 1 216 2 296
387 2 281 4 297
409 3 308 4 298
427 4 336 14 299
403 -4 293 4 300
400 -3 289 4 301
395 -2 268 4 302
372 -1 228 14 303
354 0 200 2 304
355 0 192 2 305
409 1 274 4 306
412 2 280 4 307
423 3 302 4 308
445 4 325 14 309
412 -4 279 4 310
406 -3 263 4 311
417 -2 273 4 312
415 -1 267 4 313
393 0 229 14 314
419 0 266 4 315
429 1 278 4 316
447 2 302 14 317
462 3 320 14 318
463 4 311 14 319
-25 -4 304 14 320
-24 -3 316 14 321
4 -2 273 4 322
30 -1 251 14 323
45 0 237 14 324
31 0 272 4 325
22 1 290 4 326
19 2 309 4 327
7 3 343 14 328
21 4 333 4 329
-22 -4 325 14 330
-2 -3 302 4 331
16 -2 285 4 332
30 -1 274 4 333
65 0 237 14 334
78 0 232 2 335
42 1 294 4 336
25 2 342 14 337
39 3 343 14 338
56 4 344 14 339
-18 -4 335 14 340
21 -3 290 4 341
25 -2 299 4 342
66 -1 251 14 343
79 0 252 14 344
94 0 238 14 345
92 1 271 4 346
83 2 302 4 347
71 3 343 14 348
84 4 344 14 349
24 -4 308 4 350
25 -3 314 4 351
45 -2 299 4 352
94 -1 251 14 353
109 0 237 14 354
96 0 284 4 355
108 1 285 4 356
106 2 299 4 357
98 3 326 4 358
100 4 344 14 359
80 -4 287 4 360
83 -3 292 4 361
96 -2 287 4 362
124 -1 237 14 363
122 0 252 14 364
138 0 233 2 365
139 1 254 14 366
125 2 342 14 367
149 3 308 4 368
142 4 344 14 369
98 -4 298 4 370
99 -3 310 4 371
111 -2 290 4 372
140 -1 237 14 373
153 0 232 2 374
154 0 253 14 375
157 1 293 4 376
160 2 298 4 377
165 3 310 4 378
158 4 344 14 379
102 -4 323 4 380
146 -3 291 4 381
153 -2 299 4 382
160 -1 280 4 383
171 0 252 14 384
170 0 276 4 385
179 1 281 4 386
175 2 302 4 387
181 3 300 4 388
176 4 344 14 389
158 -4 301 4 390
162 -3 298 4 391
167 -2 299 4 392
188 -1 237 14 393
192 0 232 2 394
202 0 230 15 395
192 1 284 4 396
193 2 301 4 397
194 3 327 4 398
201 4 344 14 399
169 -4 313 4 400
186 -3 279 4 401
192 -2 268 4 402
204 -1 242 15 403
214 0 237 14 404
204 0 293 4 405
221 1 254 14 406
225 2 313 4 407
231 3 319 4 408
237 4 325 4 409
189 -4 291 4 410
195 -3 301 4 411
196 -2 308 4 412
224 -1 287 4 413
237 0 237 14 414
244 0 253 14 415
245 1 272 4 416
245 2 309 4 417
247 3 343 14 418
255 4 322 4 419
223 -4 335 14 420
237 -3 297 4 421
244 -2 289 4 422
246 -1 276 4 423
261 0 223 2 424
261 0 233 2 425
263 1 293 4 426
265 2 313 4 427
273 3 314 4 428
273 4 344 14 429
246 -4 309 4 430
252 -3 301 4 431
261 -2 294 4 432
267 -1 284 4 433
272 0 252 14 434
276 0 284 4 435
286 1 323 4 436
304 2 324 4 437
312 3 325 4 438
314 4 344 14 439
269 -4 303 4 440
272 -3 297 4 441
283 -2 315 4 442
291 -1 251 14 443
295 0 231 2 444
308 0 238 14 445
315 1 254 14 446
329 2 302 4 447
335 3 306 4 448
340 4 344 14 449
316 -4 314 4 450
322 -3 310 4 451
330 -2 289 4 452
332 -1 282 4 453
321 0 222 2 454
334 0 277 4 455
335 1 271 4 456
361 2 323 4 457
367 3 343 14 458
392 4 344 14 459
347 -4 311 4 460
353 -3 316 4 461
346 -2 287 4 462
342 -1 251 14 463
360 0 252 14 464
358 0 238 14 465
385 1 298 4 466
394 2 315 4 467
406 3 331 4 468
411 4 344 14 469
395 -4 306 4 470
408 -3 318 4 471
401 -2 307 4 472
399 -1 295 4 473
397 0 288 4 474
382 0 253 14 475
404 1 289 4 476
410 2 296 4 477
420 3 310 4 478
448 4 344 14 479
