480
-13 -6 215 14 0
1 -5 204 14 1
40 -3 155 2 2
49 -2 156 2 3
51 0 164 2 4
62 0 159 2 5
54 2 186 2 6
44 3 214 14 7
23 5 255 4 8
25 6 261 4 9
-7 -6 224 14 10
18 -5 204 14 11
54 -3 167 2 12
56 -2 175 2 13
74 0 158 2 14
83 0 159 2 15
92 2 161 2 16
78 3 184 2 17
40 5 255 4 18
40 6 269 4 19
-1 -6 245 14 20
35 -5 217 14 21
77 -3 160 2 22
99 -2 135 2 23
106 0 136 2 24
108 0 152 2 25
109 2 160 2 26
84 3 208 2 27
56 5 263 4 28
58 6 272 4 29
26 -6 239 4 30
89 -5 159 2 31
109 -3 139 2 32
118 -2 135 2 33
127 0 136 2 34
137 0 144 2 35
138 2 154 2 36
140 3 169 2 37
107 5 251 4 38
109 6 268 4 39
35 -6 252 4 40
108 -5 153 2 41
115 -3 160 2 42
140 -2 135 2 43
151 0 136 2 44
153 0 144 2 45
154 2 161 2 46
156 3 169 2 47
157 5 195 2 48
156 6 264 4 49
187 -6 34 15 50
120 -5 176 2 51
144 -3 155 2 52
156 -2 149 2 53
166 0 136 2 54
177 0 138 2 55
187 2 154 2 56
189 3 162 2 57
171 5 254 4 58
173 6 267 4 59
193 -6 45 15 60
194 -5 73 15 61
196 -3 99 15 62
189 -2 141 2 63
190 0 136 2 64
200 0 141 15 65
202 2 150 15 66
203 3 158 15 67
205 5 165 15 68
206 6 191 15 69
199 -6 77 15 70
200 -5 104 15 71
202 -3 117 15 72
203 -2 126 15 73
205 0 133 15 74
211 0 144 2 75
213 2 154 2 76
214 3 162 2 77
211 5 201 15 78
203 6 260 4 79
205 -6 84 15 80
206 -5 92 15 81
208 -3 112 15 82
214 -2 135 2 83
224 0 136 2 84
234 0 138 2 85
245 2 154 2 86
247 3 162 2 87
248 5 203 2 88
247 6 269 4 89
211 -6 52 15 90
213 -5 67 15 91
214 -3 62 15 92
223 -2 59 4 93
248 0 136 2 94
250 0 144 2 95
261 2 154 2 96
262 3 162 2 97
264 5 195 2 98
265 6 276 4 99
217 -6 40 15 100
225 -5 36 4 101
237 -3 59 4 102
262 -2 135 2 103
264 0 143 2 104
274 0 138 2 105
290 2 153 2 106
291 3 162 2 107
293 5 169 2 108
319 6 276 4 109
240 -6 36 4 110
251 -5 55 4 111
252 -3 37 4 112
284 -2 135 2 113
293 0 136 2 114
294 0 143 2 115
302 2 161 2 116
309 3 162 2 117
342 5 209 2 118
371 6 262 4 119
262 -6 36 4 120
265 -5 50 4 121
302 -3 133 2 122
316 -2 162 2 123
318 0 158 2 124
327 0 165 2 125
329 2 161 2 126
347 3 194 2 127
384 5 246 4 128
397 6 267 4 129
268 -6 29 4 130
386 -5 244 4 131
345 -3 167 2 132
338 -2 156 2 133
348 0 164 2 134
350 0 159 2 135
385 2 225 14 136
396 3 241 4 137
413 5 260 4 138
430 6 287 14 139
411 -6 247 4 140
424 -5 255 14 141
406 -3 232 4 142
399 -2 220 14 143
362 0 158 2 144
402 0 211 14 145
420 2 225 14 146
433 3 255 14 147
447 5 273 14 148
449 6 265 14 149
429 -6 233 14 150
443 -5 243 14 151
432 -3 227 14 152
418 -2 207 14 153
435 0 221 14 154
449 0 240 14 155
439 2 212 14 156
452 3 214 14 157
453 5 223 14 158
455 6 234 14 159
-15 -6 246 14 160
-3 -5 230 14 161
10 -3 231 14 162
24 -2 220 14 163
49 0 202 2 164
67 0 185 2 165
52 2 219 2 166
32 3 260 4 167
23 5 284 4 168
10 6 317 14 169
-9 -6 266 14 170
10 -5 256 4 171
21 -3 248 4 172
54 -2 207 2 173
80 0 184 2 174
81 0 194 2 175
75 2 212 2 176
42 3 274 4 177
44 5 283 4 178
38 6 302 4 179
9 -6 275 4 180
35 -5 243 4 181
37 -3 249 4 182
77 -2 199 2 183
86 0 201 2 184
106 0 185 2 185
89 2 225 14 186
84 3 268 4 187
90 5 270 4 188
97 6 281 4 189
25 -6 273 4 190
43 -5 253 4 191
66 -3 231 14 192
90 -2 207 2 193
111 0 201 2 194
112 0 218 2 195
113 2 237 14 196
110 3 266 4 197
106 5 288 4 198
107 6 299 4 199
40 -6 271 4 200
62 -5 260 4 201
114 -3 206 2 202
104 -2 252 4 203
140 0 184 2 204
141 0 195 2 205
143 2 212 2 206
124 3 267 4 207
122 5 315 14 208
153 6 291 4 209
102 -6 256 4 210
107 -5 265 4 211
143 -3 199 2 212
154 -2 183 2 213
155 0 193 2 214
157 0 211 2 215
158 2 264 4 216
167 3 262 4 217
169 5 274 4 218
171 6 293 4 219
116 -6 267 4 220
124 -5 262 4 221
161 -3 219 14 222
173 -2 220 14 223
189 0 177 2 224
190 0 186 2 225
192 2 205 2 226
193 3 214 2 227
184 5 271 4 228
189 6 274 4 229
163 -6 268 4 230
171 -5 260 4 231
192 -3 190 2 232
202 -2 183 15 233
203 0 179 15 234
209 0 186 2 235
206 2 205 15 236
203 3 239 14 237
199 5 276 4 238
201 6 298 4 239
178 -6 266 4 240
205 -5 185 15 241
211 -3 174 2 242
212 -2 192 2 243
214 0 202 2 244
216 0 211 2 245
206 2 273 4 246
232 3 269 4 247
239 5 269 4 248
244 6 302 4 249
199 -6 248 4 250
211 -5 217 15 251
217 -3 214 2 252
245 -2 192 2 253
246 0 177 2 254
248 0 186 2 255
249 2 220 2 256
254 3 265 4 257
259 5 286 4 258
262 6 295 4 259
234 -6 274 4 260
245 -5 258 4 261
249 -3 199 2 262
261 -2 175 2 263
262 0 184 2 264
264 0 195 2 265
269 2 260 4 266
272 3 256 4 267
279 5 293 4 268
291 6 317 14 269
253 -6 261 4 270
262 -5 260 4 271
266 -3 219 14 272
272 -2 245 4 273
288 0 222 14 274
293 0 185 2 275
294 2 204 2 276
312 3 274 4 277
320 5 274 4 278
335 6 290 4 279
274 -6 264 4 280
293 -5 204 2 281
294 -3 190 2 282
314 -2 215 2 283
316 0 201 2 284
318 0 194 2 285
327 2 219 2 286
330 3 226 14 287
360 5 299 4 288
384 6 302 4 289
331 -6 261 4 290
325 -5 204 2 291
327 -3 198 2 292
321 -2 182 2 293
330 0 193 2 294
331 0 185 2 295
349 2 212 2 296
380 3 268 4 297
400 5 293 4 298
417 6 317 14 299
392 -6 274 4 300
390 -5 271 4 301
387 -3 253 4 302
368 -2 220 14 303
353 0 196 2 304
354 0 190 2 305
401 2 262 4 306
404 3 267 4 307
415 5 287 4 308
435 6 308 14 309
403 -6 262 4 310
399 -5 248 4 311
408 -3 258 4 312
407 -2 254 4 313
389 0 222 14 314
412 0 254 4 315
421 2 265 4 316
438 3 287 14 317
452 5 303 14 318
453 6 295 14 319
-16 -6 289 14 320
-15 -5 300 14 321
10 -3 264 4 322
33 -2 246 14 323
47 0 235 14 324
36 0 265 4 325
29 2 281 4 326
27 3 298 4 327
17 5 328 14 328
30 6 320 4 329
-10 -6 307 14 330
7 -5 288 4 331
23 -3 274 4 332
36 -2 266 4 333
67 0 235 14 334
79 0 231 2 335
48 2 285 4 336
34 3 327 14 337
47 5 328 14 338
62 6 330 14 339
-4 -6 316 14 340
30 -5 278 4 341
34 -3 286 4 342
70 -2 246 14 343
82 0 247 14 344
96 0 236 14 345
95 2 265 4 346
87 3 293 4 347
77 5 328 14 348
89 6 330 14 349
34 -6 292 4 350
36 -5 299 4 351
54 -3 286 4 352
97 -2 246 14 353
111 0 235 14 354
100 0 276 4 355
111 2 277 4 356
110 3 290 4 357
104 5 314 4 358
106 6 330 14 359
86 -6 274 4 360
89 -5 279 4 361
101 -3 276 4 362
125 -2 233 14 363
125 0 247 14 364
139 0 231 2 365
140 2 250 14 366
129 3 327 14 367
150 5 298 4 368
145 6 330 14 369
104 -6 284 4 370
105 -5 295 4 371
116 -3 279 4 372
142 -2 233 14 373
154 0 230 2 374
156 0 249 14 375
159 2 284 4 376
162 3 289 4 377
167 5 300 4 378
162 6 330 14 379
110 -6 306 4 380
148 -5 279 4 381
155 -3 286 4 382
162 -2 271 4 383
172 0 247 14 384
172 0 269 4 385
180 2 273 4 386
177 3 292 4 387
183 5 291 4 388
180 6 330 14 389
161 -6 287 4 390
165 -5 285 4 391
170 -3 286 4 392
189 -2 233 14 393
193 0 230 2 394
203 0 229 15 395
195 2 276 4 396
196 3 291 4 397
198 5 314 4 398
204 6 330 14 399
173 -6 297 4 400
188 -5 268 4 401
195 -3 259 4 402
206 -2 238 15 403
215 0 235 14 404
207 0 283 4 405
222 2 250 14 406
226 3 302 4 407
232 5 307 4 408
238 6 313 4 409
193 -6 278 4 410
199 -5 287 4 411
201 -3 294 4 412
226 -2 276 4 413
237 0 235 14 414
244 0 249 14 415
245 2 266 4 416
246 3 298 4 417
248 5 328 14 418
256 6 311 4 419
225 -6 316 14 420
238 -5 284 4 421
245 -3 277 4 422
247 -2 267 4 423
260 0 222 2 424
262 0 231 2 425
264 2 284 4 426
266 3 302 4 427
274 5 303 4 428
275 6 330 14 429
248 -6 293 4 430
253 -5 287 4 431
262 -3 282 4 432
268 -2 274 4 433
273 0 247 14 434
277 0 276 4 435
287 2 310 4 436
302 3 311 4 437
310 5 313 4 438
313 6 330 14 439
271 -6 288 4 440
273 -5 284 4 441
284 -3 300 4 442
292 -2 246 14 443
295 0 229 2 444
307 0 236 14 445
314 2 250 14 446
327 3 293 4 447
333 5 296 4 448
338 6 330 14 449
313 -6 298 4 450
319 -5 295 4 451
327 -3 277 4 452
329 -2 273 4 453
320 0 221 2 454
333 0 269 4 455
334 2 265 4 456
357 3 310 4 457
363 5 328 14 458
386 6 330 14 459
343 -6 295 4 460
349 -5 300 4 461
343 -3 276 4 462
341 -2 246 14 463
357 0 247 14 464
356 0 236 14 465
380 2 288 4 466
389 3 304 4 467
399 5 318 4 468
405 6 330 14 469
388 -6 291 4 470
399 -5 302 4 471
394 -3 293 4 472
393 -2 283 4 473
392 0 278 4 474
379 0 249 14 475
399 2 280 4 476
405 3 287 4 477
414 5 300 4 478
439 6 330 14 479
