480
-19 -5 225 14 0
-4 -4 212 14 1
38 -3 158 2 2
48 -1 159 2 3
49 0 167 2 4
60 0 161 2 5
52 1 190 2 6
41 3 219 14 7
17 4 264 4 8
18 5 270 4 9
-14 -5 234 14 10
12 -4 212 14 11
52 -3 171 2 12
53 -1 179 2 13
72 0 160 2 14
82 0 161 2 15
91 1 162 2 16
76 3 188 2 17
33 4 264 4 18
33 5 279 4 19
-9 -5 256 14 20
29 -4 226 14 21
75 -3 164 2 22
99 -1 135 2 23
106 0 137 2 24
107 0 153 2 25
108 1 162 2 26
81 3 213 2 27
49 4 273 4 28
51 5 282 4 29
18 -5 250 4 30
87 -4 162 2 31
108 -3 140 2 32
117 -1 135 2 33
127 0 137 2 34
137 0 145 2 35
138 1 155 2 36
139 3 170 2 37
103 4 260 4 38
105 5 278 4 39
27 -5 265 4 40
106 -4 156 2 41
113 -3 164 2 42
139 -1 135 2 43
151 0 137 2 44
152 0 145 2 45
154 1 162 2 46
155 3 170 2 47
156 4 199 2 48
154 5 273 4 49
190 -5 26 15 50
117 -4 180 2 51
143 -3 158 2 52
155 -1 151 2 53
166 0 137 2 54
177 0 138 2 55
188 1 155 2 56
189 3 164 2 57
169 4 263 4 58
170 5 277 4 59
195 -5 39 15 60
196 -4 69 15 61
197 -3 97 15 62
189 -1 142 2 63
190 0 137 2 64
201 0 141 15 65
202 1 151 15 66
203 3 159 15 67
204 4 166 15 68
206 5 194 15 69
199 -5 74 15 70
201 -4 103 15 71
202 -3 117 15 72
203 -1 125 15 73
204 0 133 15 74
211 0 145 2 75
212 1 155 2 76
213 3 164 2 77
209 4 206 15 78
200 5 270 4 79
204 -5 82 15 80
206 -4 90 15 81
207 -3 111 15 82
213 -1 135 2 83
223 0 137 2 84
234 0 138 2 85
245 1 155 2 86
247 3 164 2 87
248 4 207 2 88
246 5 279 4 89
209 -5 47 15 90
210 -4 62 15 91
212 -3 56 15 92
221 -1 53 4 93
248 0 137 2 94
249 0 145 2 95
261 1 155 2 96
262 3 164 2 97
263 4 199 2 98
265 5 286 4 99
214 -5 33 15 100
223 -4 28 4 101
235 -3 53 4 102
262 -1 135 2 103
263 0 143 2 104
274 0 138 2 105
291 1 154 2 106
292 3 163 2 107
293 4 171 2 108
322 5 287 4 109
237 -5 29 4 110
249 -4 50 4 111
249 -3 29 4 112
284 -1 135 2 113
293 0 137 2 114
294 0 144 2 115
302 1 162 2 116
309 3 164 2 117
345 4 214 2 118
376 5 272 4 119
260 -5 29 4 120
262 -4 44 4 121
302 -3 134 2 122
317 -1 165 2 123
318 0 160 2 124
328 0 167 2 125
329 1 162 2 126
349 3 198 2 127
389 4 254 4 128
403 5 277 4 129
265 -5 21 4 130
392 -4 255 4 131
347 -3 171 2 132
339 -1 159 2 133
350 0 167 2 134
351 0 161 2 135
389 1 232 14 136
400 3 249 4 137
418 4 270 4 138
437 5 298 14 139
418 -5 259 4 140
432 -4 267 14 141
412 -3 242 4 142
404 -1 228 14 143
363 0 160 2 144
406 0 217 14 145
425 1 232 14 146
439 3 265 14 147
454 4 284 14 148
455 5 274 14 149
436 -5 244 14 150
451 -4 254 14 151
438 -3 236 14 152
423 -1 215 14 153
441 0 229 14 154
455 0 249 14 155
444 1 218 14 156
458 3 219 14 157
459 4 230 14 158
460 5 241 14 159
-20 -5 254 14 160
-7 -4 236 14 161
6 -3 237 14 162
21 -1 225 14 163
48 0 205 2 164
67 0 186 2 165
50 1 222 2 166
28 3 266 4 167
18 4 292 4 168
2 5 328 14 169
-15 -5 276 14 170
4 -4 265 4 171
16 -3 255 4 172
51 -1 210 2 173
79 0 184 2 174
80 0 195 2 175
73 1 214 2 176
37 3 282 4 177
38 4 291 4 178
31 5 312 4 179
2 -5 286 4 180
30 -4 250 4 181
31 -3 256 4 182
74 -1 202 2 183
84 0 203 2 184
106 0 186 2 185
86 1 228 14 186
81 3 275 4 187
87 4 277 4 188
94 5 288 4 189
17 -5 283 4 190
37 -4 262 4 191
61 -3 237 14 192
88 -1 210 2 193
109 0 203 2 194
110 0 221 2 195
111 1 242 14 196
107 3 273 4 197
102 4 297 4 198
103 5 308 4 199
33 -5 282 4 200
56 -4 269 4 201
112 -3 209 2 202
101 -1 260 4 203
139 0 185 2 204
140 0 196 2 205
141 1 215 2 206
121 3 274 4 207
118 4 326 14 208
152 5 299 4 209
98 -5 265 4 210
103 -4 275 4 211
141 -3 202 2 212
153 -1 184 2 213
155 0 195 2 214
156 0 214 2 215
156 1 272 4 216
166 3 268 4 217
168 4 282 4 218
169 5 301 4 219
111 -5 277 4 220
120 -4 271 4 221
159 -3 224 14 222
173 -1 225 14 223
189 0 177 2 224
190 0 186 2 225
191 1 206 2 226
193 3 216 2 227
182 4 278 4 228
187 5 281 4 229
161 -5 278 4 230
169 -4 269 4 231
191 -3 193 2 232
202 -1 184 15 233
203 0 179 15 234
209 0 186 2 235
205 1 207 15 236
201 3 243 14 237
197 4 283 4 238
198 5 306 4 239
176 -5 276 4 240
204 -4 188 15 241
211 -3 175 2 242
212 -1 194 2 243
213 0 204 2 244
214 0 214 2 245
203 1 281 4 246
232 3 276 4 247
238 4 276 4 248
244 5 311 4 249
197 -5 257 4 250
209 -4 222 15 251
215 -3 218 2 252
245 -1 194 2 253
246 0 177 2 254
248 0 186 2 255
249 1 223 2 256
253 3 272 4 257
258 4 294 4 258
262 5 304 4 259
233 -5 285 4 260
245 -4 266 4 261
249 -3 202 2 262
261 -1 176 2 263
262 0 185 2 264
263 0 196 2 265
268 1 267 4 266
271 3 262 4 267
279 4 302 4 268
291 5 328 14 269
252 -5 270 4 270
261 -4 269 4 271
265 -3 224 14 272
272 -1 251 4 273
288 0 226 14 274
293 0 186 2 275
294 1 206 2 276
314 3 282 4 277
322 4 282 4 278
337 5 298 4 279
274 -5 273 4 280
293 -4 208 2 281
294 -3 192 2 282
316 -1 219 2 283
317 0 203 2 284
318 0 195 2 285
328 1 222 2 286
331 3 230 14 287
364 4 308 4 288
389 5 312 4 289
333 -5 270 4 290
327 -4 208 2 291
328 -3 201 2 292
321 -1 183 2 293
330 0 194 2 294
331 0 186 2 295
351 1 214 2 296
384 3 275 4 297
405 4 301 4 298
423 5 328 14 299
398 -5 285 4 300
396 -4 281 4 301
392 -3 261 4 302
370 -1 225 14 303
353 0 198 2 304
354 0 191 2 305
406 1 269 4 306
408 3 274 4 307
419 4 295 4 308
440 5 318 14 309
408 -5 271 4 310
403 -4 256 4 311
413 -3 267 4 312
411 -1 261 4 313
391 0 226 14 314
416 0 261 4 315
426 1 272 4 316
443 3 296 14 317
458 4 313 14 318
459 5 304 14 319
-21 -5 297 14 320
-20 -4 309 14 321
7 -3 269 4 322
31 -1 249 14 323
46 0 236 14 324
33 0 269 4 325
25 1 286 4 326
23 3 304 4 327
12 4 336 14 328
25 5 327 4 329
-17 -5 317 14 330
2 -4 296 4 331
19 -3 280 4 332
32 -1 271 4 333
66 0 236 14 334
79 0 231 2 335
44 1 290 4 336
29 3 335 14 337
42 4 336 14 338
59 5 338 14 339
-12 -5 327 14 340
25 -4 285 4 341
29 -3 294 4 342
68 -1 249 14 343
80 0 250 14 344
95 0 237 14 345
93 1 268 4 346
85 3 298 4 347
74 4 336 14 348
86 5 338 14 349
29 -5 301 4 350
30 -4 308 4 351
49 -3 294 4 352
95 -1 249 14 353
110 0 236 14 354
98 0 281 4 355
109 1 282 4 356
108 3 295 4 357
100 4 321 4 358
102 5 338 14 359
83 -5 281 4 360
85 -4 286 4 361
98 -3 282 4 362
124 -1 235 14 363
123 0 250 14 364
139 0 232 2 365
139 1 252 14 366
127 3 335 14 367
149 4 304 4 368
143 5 338 14 369
100 -5 292 4 370
102 -4 303 4 371
114 -3 285 4 372
140 -1 235 14 373
153 0 231 2 374
155 0 251 14 375
158 1 289 4 376
161 3 294 4 377
166 4 305 4 378
160 5 338 14 379
105 -5 315 4 380
147 -4 286 4 381
154 -3 294 4 382
160 -1 276 4 383
172 0 250 14 384
170 0 273 4 385
179 1 277 4 386
176 3 297 4 387
182 4 296 4 388
178 5 338 14 389
159 -5 295 4 390
164 -4 292 4 391
169 -3 294 4 392
189 -1 235 14 393
192 0 231 2 394
203 0 230 15 395
193 1 280 4 396
194 3 297 4 397
196 4 321 4 398
202 5 338 14 399
171 -5 306 4 400
187 -4 274 4 401
193 -3 264 4 402
205 -1 240 15 403
215 0 236 14 404
205 0 289 4 405
221 1 252 14 406
226 3 308 4 407
231 4 314 4 408
237 5 320 4 409
191 -5 285 4 410
197 -4 295 4 411
198 -3 302 4 412
225 -1 282 4 413
237 0 236 14 414
244 0 251 14 415
245 1 270 4 416
246 3 304 4 417
248 4 336 14 418
256 5 317 4 419
224 -5 327 14 420
237 -4 292 4 421
244 -3 284 4 422
246 -1 272 4 423
260 0 223 2 424
262 0 232 2 425
264 1 289 4 426
266 3 308 4 427
274 4 309 4 428
274 5 338 14 429
247 -5 302 4 430
253 -4 295 4 431
261 -3 288 4 432
267 -1 280 4 433
273 0 250 14 434
276 0 281 4 435
287 1 317 4 436
303 3 319 4 437
311 4 320 4 438
314 5 338 14 439
270 -5 296 4 440
273 -4 292 4 441
284 -3 308 4 442
292 -1 249 14 443
295 0 230 2 444
308 0 237 14 445
315 1 252 14 446
328 3 298 4 447
334 4 302 4 448
339 5 338 14 449
315 -5 307 4 450
321 -4 304 4 451
329 -3 284 4 452
331 -1 278 4 453
320 0 222 2 454
334 0 274 4 455
335 1 268 4 456
360 3 317 4 457
365 4 336 14 458
389 5 338 14 459
345 -5 304 4 460
351 -4 309 4 461
345 -3 282 4 462
341 -1 249 14 463
359 0 250 14 464
358 0 237 14 465
383 1 294 4 466
392 3 310 4 467
403 4 325 4 468
409 5 338 14 469
392 -5 300 4 470
404 -4 311 4 471
398 -3 300 4 472
396 -1 290 4 473
394 0 284 4 474
381 0 251 14 475
401 1 285 4 476
408 3 292 4 477
418 4 305 4 478
444 5 338 14 479
