480
-17 -5 222 14 0
-2 -4 210 14 1
39 -3 157 2 2
48 -1 158 2 3
50 0 166 2 4
61 0 161 2 5
52 1 189 2 6
42 3 218 14 7
19 4 261 4 8
20 5 267 4 9
-11 -5 231 14 10
14 -4 210 14 11
52 -3 170 2 12
54 -1 178 2 13
73 0 159 2 14
82 0 161 2 15
92 1 162 2 16
77 3 187 2 17
35 4 261 4 18
35 5 276 4 19
-6 -5 253 14 20
31 -4 223 14 21
75 -3 163 2 22
99 -1 135 2 23
106 0 136 2 24
107 0 153 2 25
109 1 161 2 26
82 3 212 2 27
51 4 270 4 28
54 5 278 4 29
20 -5 247 4 30
87 -4 161 2 31
109 -3 140 2 32
117 -1 135 2 33
127 0 136 2 34
137 0 144 2 35
138 1 155 2 36
139 3 170 2 37
105 4 257 4 38
106 5 275 4 39
29 -5 261 4 40
107 -4 155 2 41
114 -3 163 2 42
139 -1 135 2 43
151 0 136 2 44
152 0 144 2 45
154 1 162 2 46
155 3 170 2 47
156 4 197 2 48
155 5 270 4 49
189 -5 29 15 50
118 -4 180 2 51
143 -3 157 2 52
155 -1 151 2 53
166 0 136 2 54
177 0 138 2 55
188 1 155 2 56
189 3 163 2 57
170 4 260 4 58
171 5 274 4 59
194 -5 41 15 60
195 -4 71 15 61
197 -3 98 15 62
189 -1 142 2 63
190 0 136 2 64
201 0 141 15 65
202 1 151 15 66
203 3 159 15 67
204 4 166 15 68
206 5 193 15 69
199 -5 75 15 70
201 -4 103 15 71
202 -3 117 15 72
203 -1 126 15 73
204 0 133 15 74
211 0 144 2 75
212 1 155 2 76
214 3 163 2 77
210 4 204 15 78
201 5 267 4 79
204 -5 83 15 80
206 -4 90 15 81
207 -3 111 15 82
214 -1 135 2 83
223 0 136 2 84
234 0 138 2 85
245 1 155 2 86
247 3 163 2 87
248 4 206 2 88
246 5 276 4 89
210 -5 49 15 90
211 -4 64 15 91
212 -3 58 15 92
222 -1 55 4 93
248 0 136 2 94
249 0 144 2 95
261 1 155 2 96
262 3 163 2 97
263 4 197 2 98
265 5 283 4 99
215 -5 35 15 100
223 -4 31 4 101
236 -3 55 4 102
262 -1 135 2 103
263 0 143 2 104
274 0 138 2 105
290 1 154 2 106
292 3 163 2 107
293 4 170 2 108
321 5 284 4 109
238 -5 31 4 110
249 -4 51 4 111
250 -3 31 4 112
284 -1 135 2 113
293 0 136 2 114
294 0 144 2 115
302 1 162 2 116
309 3 163 2 117
344 4 212 2 118
375 5 269 4 119
261 -5 31 4 120
263 -4 46 4 121
302 -3 134 2 122
317 -1 164 2 123
318 0 159 2 124
328 0 167 2 125
329 1 162 2 126
348 3 197 2 127
388 4 251 4 128
401 5 274 4 129
266 -5 24 4 130
390 -4 252 4 131
347 -3 170 2 132
338 -1 158 2 133
349 0 166 2 134
351 0 161 2 135
387 1 230 14 136
399 3 246 4 137
417 4 267 4 138
435 5 295 14 139
416 -5 255 4 140
430 -4 264 14 141
410 -3 239 4 142
403 -1 226 14 143
363 0 159 2 144
405 0 215 14 145
424 1 230 14 146
437 3 262 14 147
452 4 280 14 148
453 5 271 14 149
433 -5 240 14 150
448 -4 250 14 151
436 -3 233 14 152
421 -1 212 14 153
439 0 227 14 154
453 0 246 14 155
442 1 216 14 156
456 3 218 14 157
457 4 228 14 158
459 5 239 14 159
-18 -5 251 14 160
-6 -4 234 14 161
7 -3 235 14 162
22 -1 223 14 163
48 0 204 2 164
67 0 185 2 165
51 1 221 2 166
29 3 264 4 167
19 4 290 4 168
5 5 324 14 169
-13 -5 273 14 170
6 -4 262 4 171
18 -3 253 4 172
52 -1 209 2 173
79 0 184 2 174
81 0 195 2 175
74 1 213 2 176
39 3 279 4 177
40 4 288 4 178
33 5 309 4 179
4 -5 282 4 180
32 -4 248 4 181
33 -3 254 4 182
75 -1 201 2 183
84 0 203 2 184
106 0 185 2 185
87 1 227 14 186
82 3 273 4 187
88 4 275 4 188
95 5 286 4 189
20 -5 280 4 190
39 -4 259 4 191
63 -3 235 14 192
88 -1 209 2 193
110 0 203 2 194
111 0 220 2 195
112 1 241 14 196
108 3 271 4 197
103 4 294 4 198
104 5 305 4 199
35 -5 278 4 200
58 -4 266 4 201
112 -3 208 2 202
102 -1 257 4 203
139 0 185 2 204
141 0 196 2 205
142 1 214 2 206
122 3 271 4 207
119 4 323 14 208
152 5 296 4 209
99 -5 262 4 210
104 -4 272 4 211
142 -3 201 2 212
153 -1 184 2 213
155 0 194 2 214
156 0 213 2 215
157 1 269 4 216
166 3 266 4 217
168 4 279 4 218
169 5 298 4 219
113 -5 274 4 220
121 -4 268 4 221
160 -3 222 14 222
173 -1 223 14 223
189 0 177 2 224
190 0 186 2 225
191 1 206 2 226
193 3 215 2 227
182 4 276 4 228
187 5 278 4 229
162 -5 275 4 230
169 -4 266 4 231
191 -3 192 2 232
202 -1 184 15 233
203 0 179 15 234
209 0 186 2 235
206 1 207 15 236
202 3 242 14 237
198 4 281 4 238
199 5 303 4 239
176 -5 273 4 240
204 -4 187 15 241
211 -3 174 2 242
212 -1 193 2 243
213 0 203 2 244
215 0 213 2 245
204 1 278 4 246
232 3 274 4 247
238 4 273 4 248
244 5 308 4 249
198 -5 254 4 250
209 -4 220 15 251
216 -3 217 2 252
245 -1 193 2 253
246 0 177 2 254
248 0 186 2 255
249 1 222 2 256
253 3 270 4 257
258 4 291 4 258
262 5 301 4 259
233 -5 281 4 260
245 -4 263 4 261
249 -3 201 2 262
261 -1 176 2 263
262 0 185 2 264
263 0 196 2 265
268 1 265 4 266
271 3 260 4 267
279 4 299 4 268
291 5 324 14 269
252 -5 267 4 270
261 -4 266 4 271
265 -3 222 14 272
272 -1 249 4 273
288 0 225 14 274
293 0 185 2 275
294 1 205 2 276
313 3 279 4 277
321 4 279 4 278
336 5 295 4 279
274 -5 270 4 280
293 -4 207 2 281
294 -3 191 2 282
315 -1 217 2 283
317 0 203 2 284
318 0 195 2 285
327 1 221 2 286
331 3 229 14 287
362 4 305 4 288
387 5 309 4 289
332 -5 267 4 290
326 -4 207 2 291
327 -3 200 2 292
321 -1 183 2 293
330 0 194 2 294
331 0 185 2 295
350 1 213 2 296
383 3 273 4 297
403 4 298 4 298
421 5 324 14 299
396 -5 281 4 300
394 -4 278 4 301
390 -3 259 4 302
369 -1 223 14 303
353 0 197 2 304
354 0 191 2 305
404 1 266 4 306
407 3 272 4 307
418 4 293 4 308
438 5 315 14 309
406 -5 268 4 310
401 -4 254 4 311
412 -3 264 4 312
410 -1 259 4 313
391 0 225 14 314
415 0 258 4 315
424 1 270 4 316
441 3 293 14 317
456 4 310 14 318
457 5 301 14 319
-20 -5 295 14 320
-19 -4 306 14 321
8 -3 268 4 322
32 -1 248 14 323
47 0 236 14 324
34 0 268 4 325
26 1 285 4 326
24 3 302 4 327
13 4 334 14 328
27 5 325 4 329
-15 -5 314 14 330
4 -4 294 4 331
20 -3 278 4 332
34 -1 269 4 333
67 0 236 14 334
79 0 231 2 335
46 1 288 4 336
31 3 333 14 337
44 4 334 14 338
60 5 335 14 339
-9 -5 323 14 340
27 -4 283 4 341
30 -3 291 4 342
68 -1 248 14 343
81 0 249 14 344
95 0 237 14 345
94 1 267 4 346
85 3 296 4 347
75 4 334 14 348
87 5 335 14 349
31 -5 298 4 350
32 -4 305 4 351
51 -3 291 4 352
96 -1 248 14 353
110 0 236 14 354
98 0 279 4 355
110 1 280 4 356
108 3 293 4 357
102 4 318 4 358
104 5 335 14 359
84 -5 279 4 360
87 -4 284 4 361
99 -3 280 4 362
125 -1 234 14 363
124 0 249 14 364
139 0 232 2 365
140 1 252 14 366
128 3 333 14 367
150 4 302 4 368
143 5 335 14 369
102 -5 289 4 370
103 -4 300 4 371
114 -3 283 4 372
141 -1 234 14 373
153 0 231 2 374
155 0 250 14 375
158 1 287 4 376
162 3 292 4 377
167 4 304 4 378
161 5 335 14 379
107 -5 312 4 380
147 -4 283 4 381
154 -3 291 4 382
161 -1 274 4 383
172 0 249 14 384
171 0 272 4 385
180 1 276 4 386
176 3 296 4 387
182 4 295 4 388
178 5 335 14 389
160 -5 292 4 390
164 -4 290 4 391
169 -3 291 4 392
189 -1 234 14 393
192 0 231 2 394
203 0 230 15 395
194 1 279 4 396
195 3 295 4 397
196 4 319 4 398
203 5 335 14 399
172 -5 303 4 400
187 -4 272 4 401
194 -3 263 4 402
205 -1 240 15 403
215 0 236 14 404
206 0 287 4 405
221 1 252 14 406
226 3 306 4 407
231 4 312 4 408
237 5 317 4 409
192 -5 283 4 410
198 -4 292 4 411
199 -3 299 4 412
225 -1 280 4 413
237 0 236 14 414
244 0 250 14 415
245 1 269 4 416
246 3 302 4 417
248 4 334 14 418
256 5 315 4 419
224 -5 323 14 420
237 -4 289 4 421
244 -3 282 4 422
246 -1 271 4 423
260 0 222 2 424
262 0 232 2 425
264 1 287 4 426
266 3 306 4 427
274 4 307 4 428
274 5 335 14 429
247 -5 299 4 430
253 -4 292 4 431
261 -3 286 4 432
267 -1 278 4 433
273 0 249 14 434
276 0 279 4 435
287 1 315 4 436
303 3 316 4 437
311 4 318 4 438
313 5 335 14 439
270 -5 294 4 440
273 -4 289 4 441
284 -3 305 4 442
292 -1 248 14 443
295 0 230 2 444
308 0 237 14 445
315 1 252 14 446
328 3 296 4 447
334 4 300 4 448
339 5 335 14 449
314 -5 304 4 450
320 -4 301 4 451
328 -3 282 4 452
330 -1 276 4 453
320 0 222 2 454
333 0 272 4 455
335 1 267 4 456
359 3 315 4 457
365 4 334 14 458
388 5 335 14 459
345 -5 301 4 460
350 -4 306 4 461
344 -3 280 4 462
341 -1 248 14 463
358 0 249 14 464
357 0 237 14 465
382 1 292 4 466
391 3 308 4 467
402 4 323 4 468
407 5 335 14 469
390 -5 297 4 470
402 -4 308 4 471
397 -3 298 4 472
395 -1 287 4 473
394 0 282 4 474
380 0 250 14 475
401 1 283 4 476
407 3 291 4 477
416 4 304 4 478
442 5 335 14 479
