480
6 -11 186 14 0
17 -8 180 14 1
46 -6 146 2 2
54 -3 148 2 3
57 -1 155 2 4
66 1 153 2 5
62 3 175 2 6
56 6 195 14 7
43 8 225 4 8
45 11 231 4 9
16 -11 192 14 10
35 -8 180 14 11
62 -6 155 2 12
64 -3 162 2 13
79 -1 151 2 14
87 1 153 2 15
95 3 156 2 16
86 6 175 2 17
60 8 225 4 18
62 11 237 4 19
26 -11 207 14 20
53 -8 188 14 21
84 -6 150 2 22
101 -3 133 2 23
108 -1 135 2 24
110 1 148 2 25
113 3 155 2 26
96 6 191 2 27
78 8 231 4 28
81 11 239 4 29
50 -11 203 4 30
97 -8 147 2 31
113 -6 134 2 32
120 -3 133 2 33
128 -1 135 2 34
137 1 142 2 35
139 3 151 2 36
142 6 163 2 37
120 8 223 4 38
123 11 236 4 39
63 -11 212 4 40
116 -8 143 2 41
123 -6 150 2 42
142 -3 133 2 43
151 -1 135 2 44
154 1 142 2 45
156 3 156 2 46
159 6 163 2 47
161 8 183 2 48
162 11 233 4 49
177 -11 56 15 50
130 -8 160 2 51
149 -6 146 2 52
159 -3 143 2 53
168 -1 135 2 54
177 1 138 2 55
186 3 151 2 56
188 6 158 2 57
177 8 225 4 58
179 11 236 4 59
187 -11 65 15 60
189 -8 86 15 61
192 -6 106 15 62
188 -3 137 2 63
191 -1 135 2 64
199 1 140 15 65
202 3 148 15 66
204 6 155 15 67
207 8 162 15 68
209 11 181 15 69
197 -11 88 15 70
199 -8 108 15 71
202 -6 119 15 72
204 -3 127 15 73
207 -1 133 15 74
213 1 142 2 75
215 3 151 2 76
218 6 158 2 77
217 8 187 15 78
212 11 231 4 79
207 -11 93 15 80
209 -8 100 15 81
212 -6 115 15 82
218 -3 133 2 83
226 -1 135 2 84
235 1 138 2 85
244 3 151 2 86
246 6 158 2 87
249 8 188 2 88
249 11 237 4 89
217 -11 70 15 90
219 -8 82 15 91
221 -6 79 15 92
229 -3 79 4 93
249 -1 135 2 94
251 1 142 2 95
261 3 151 2 96
263 6 158 2 97
266 8 183 2 98
268 11 242 4 99
226 -11 61 15 100
234 -8 59 4 101
244 -6 77 4 102
263 -3 133 2 103
266 -1 140 2 104
274 1 138 2 105
287 3 150 2 106
290 6 158 2 107
292 8 165 2 108
313 11 242 4 109
248 -11 58 4 110
258 -8 73 4 111
260 -6 62 4 112
285 -3 133 2 113
292 -1 135 2 114
295 1 142 2 115
301 3 156 2 116
308 6 158 2 117
333 8 193 2 118
355 11 232 4 119
270 -11 58 4 120
273 -8 70 4 121
301 -6 130 2 122
313 -3 152 2 123
316 -1 151 2 124
324 1 157 2 125
326 3 156 2 126
341 6 181 2 127
369 8 219 4 128
379 11 236 4 129
281 -11 53 4 130
366 -8 208 4 131
338 -6 155 2 132
334 -3 148 2 133
343 -1 155 2 134
346 1 153 2 135
372 3 201 14 136
381 6 214 4 137
395 8 229 4 138
409 11 250 14 139
388 -11 208 4 140
399 -8 216 14 141
387 -6 201 4 142
384 -3 193 14 143
359 -1 151 2 144
388 1 190 14 145
403 3 201 14 146
414 6 224 14 147
425 8 238 14 148
428 11 234 14 149
406 -11 198 14 150
418 -8 207 14 151
411 -6 197 14 152
403 -3 185 14 153
416 -1 196 14 154
428 1 210 14 155
422 3 192 14 156
433 6 195 14 157
435 8 203 14 158
438 11 212 14 159
3 -11 219 14 160
13 -8 210 14 161
23 -6 212 14 162
34 -3 206 14 163
54 -1 194 2 164
68 1 183 2 165
59 3 209 2 166
46 6 240 4 167
41 8 258 4 168
33 11 283 14 169
13 -11 234 14 170
27 -8 228 4 171
37 -6 224 4 172
61 -3 196 2 173
81 -1 181 2 174
84 1 190 2 175
81 3 204 2 176
59 6 250 4 177
62 8 257 4 178
59 11 273 4 179
31 -11 240 4 180
51 -8 219 4 181
54 -6 225 4 182
83 -3 191 2 183
91 -1 193 2 184
107 1 183 2 185
96 3 213 14 186
94 6 246 4 187
100 8 249 4 188
106 11 258 4 189
48 -11 239 4 190
63 -8 226 4 191
80 -6 212 14 192
99 -3 196 2 193
115 -1 193 2 194
117 1 207 2 195
119 3 222 14 196
118 6 244 4 197
117 8 261 4 198
120 11 270 4 199
65 -11 238 4 200
82 -8 231 4 201
120 -6 194 2 202
114 -3 229 4 203
141 -1 181 2 204
144 1 190 2 205
146 3 204 2 206
134 6 245 4 207
135 8 281 14 208
158 11 264 4 209
115 -11 227 4 210
120 -8 235 4 211
146 -6 189 2 212
156 -3 180 2 213
158 -1 188 2 214
161 1 202 2 215
163 3 242 4 216
171 6 241 4 217
174 8 252 4 218
176 11 266 4 219
130 -11 235 4 220
138 -8 232 4 221
165 -6 203 14 222
175 -3 206 14 223
188 -1 176 2 224
190 1 184 2 225
193 3 199 2 226
195 6 207 2 227
190 8 249 4 228
195 11 253 4 229
169 -11 235 4 230
176 -8 231 4 231
193 -6 183 2 232
201 -3 180 15 233
204 -1 178 15 234
210 1 184 2 235
209 3 199 15 236
208 6 225 14 237
207 8 253 4 238
209 11 269 4 239
186 -11 234 4 240
206 -8 179 15 241
212 -6 171 2 242
215 -3 185 2 243
217 -1 194 2 244
220 1 202 2 245
214 3 247 4 246
234 6 246 4 247
240 8 248 4 248
246 11 272 4 249
207 -11 221 4 250
216 -8 200 15 251
221 -6 200 2 252
243 -3 185 2 253
246 -1 176 2 254
248 1 184 2 255
251 3 210 2 256
255 6 244 4 257
260 8 259 4 258
264 11 268 4 259
237 -11 240 4 260
246 -8 229 4 261
251 -6 189 2 262
260 -3 174 2 263
263 -1 181 2 264
265 1 190 2 265
270 3 239 4 266
274 6 237 4 267
281 8 265 4 268
290 11 283 14 269
256 -11 230 4 270
264 -8 231 4 271
268 -6 203 14 272
274 -3 223 4 273
287 -1 208 14 274
292 1 183 2 275
294 3 198 2 276
309 6 250 4 277
316 8 252 4 278
328 11 264 4 279
277 -11 232 4 280
292 -8 191 2 281
294 -6 182 2 282
310 -3 202 2 283
313 -1 193 2 284
315 1 190 2 285
323 3 209 2 286
327 6 216 14 287
350 8 269 4 288
368 11 273 4 289
323 -11 230 4 290
321 -8 191 2 291
323 -6 188 2 292
320 -3 179 2 293
328 -1 187 2 294
331 1 183 2 295
345 3 204 2 296
369 6 246 4 297
384 8 264 4 298
397 11 283 14 299
373 -11 240 4 300
373 -8 239 4 301
372 -6 228 4 302
360 -3 206 14 303
350 -1 190 2 304
353 1 187 2 305
388 3 240 4 306
391 6 245 4 307
400 8 260 4 308
416 11 277 14 309
386 -11 231 4 310
384 -8 223 4 311
393 -6 231 4 312
393 -3 230 4 313
382 -1 208 14 314
400 1 233 4 315
408 3 242 4 316
421 6 259 14 317
432 8 272 14 318
435 11 268 14 319
0 -11 262 14 320
2 -8 272 14 321
21 -6 248 4 322
39 -3 236 14 323
51 -1 229 14 324
44 1 253 4 325
40 3 266 4 326
41 6 279 4 327
35 8 302 14 328
46 11 298 4 329
10 -11 275 14 330
24 -8 263 4 331
37 -6 255 4 332
47 -3 250 4 333
71 -1 229 14 334
81 1 228 2 335
60 3 268 4 336
52 6 299 14 337
62 8 302 14 338
74 11 304 14 339
20 -11 282 14 340
46 -8 256 4 341
50 -6 264 4 342
77 -3 236 14 343
87 -1 238 14 344
98 1 232 14 345
99 3 254 4 346
95 6 275 4 347
89 8 302 14 348
99 11 304 14 349
53 -11 265 4 350
56 -8 271 4 351
70 -6 264 4 352
102 -3 236 14 353
113 -1 229 14 354
107 1 260 4 355
116 3 263 4 356
117 6 273 4 357
114 8 292 4 358
117 11 304 14 359
95 -11 252 4 360
99 -8 257 4 361
109 -6 256 4 362
128 -3 227 14 363
129 -1 238 14 364
141 1 228 2 365
143 3 243 14 366
136 6 299 14 367
153 8 281 4 368
150 11 304 14 369
114 -11 259 4 370
116 -8 268 4 371
126 -6 258 4 372
145 -3 227 14 373
155 -1 226 2 374
158 1 241 14 375
162 3 267 4 376
166 6 272 4 377
171 8 282 4 378
168 11 304 14 379
124 -11 274 4 380
153 -8 257 4 381
159 -6 264 4 382
165 -3 254 4 383
174 -1 238 14 384
175 1 255 4 385
183 3 260 4 386
182 6 275 4 387
188 8 276 4 388
187 11 304 14 389
166 -11 261 4 390
171 -8 261 4 391
176 -6 264 4 392
191 -3 227 14 393
195 -1 226 2 394
203 1 227 15 395
199 3 262 4 396
201 6 274 4 397
204 8 292 4 398
210 11 304 14 399
181 -11 268 4 400
193 -8 249 4 401
199 -6 244 4 402
208 -3 230 15 403
216 -1 229 14 404
212 1 266 4 405
224 3 243 14 406
228 6 282 4 407
234 8 287 4 408
239 11 293 4 409
201 -11 255 4 410
206 -8 262 4 411
209 -6 269 4 412
228 -3 258 4 413
238 -1 229 14 414
244 1 241 14 415
246 3 255 4 416
248 6 279 4 417
251 8 302 14 418
258 11 291 4 419
229 -11 282 14 420
239 -8 261 4 421
246 -6 257 4 422
249 -3 251 4 423
260 -1 220 2 424
262 1 228 2 425
265 3 267 4 426
268 6 282 4 427
275 8 284 4 428
277 11 304 14 429
251 -11 265 4 430
256 -8 262 4 431
264 -6 260 4 432
269 -3 256 4 433
275 -1 238 14 434
279 1 260 4 435
287 3 286 4 436
300 6 289 4 437
307 8 291 4 438
310 11 304 14 439
273 -11 262 4 440
276 -8 261 4 441
285 -6 273 4 442
292 -3 236 14 443
296 -1 225 2 444
306 1 232 14 445
313 3 243 14 446
323 6 275 4 447
329 8 279 4 448
334 11 304 14 449
309 -11 269 4 450
315 -8 268 4 451
322 -6 257 4 452
325 -3 255 4 453
320 -1 220 2 454
330 1 256 4 455
333 3 254 4 456
351 6 288 4 457
356 8 302 14 458
374 11 304 14 459
336 -11 267 4 460
342 -8 272 4 461
339 -6 256 4 462
339 -3 236 14 463
352 -1 238 14 464
353 1 232 14 465
371 3 271 4 466
379 6 283 4 467
388 8 295 4 468
393 11 304 14 469
373 -11 264 4 470
383 -8 273 4 471
381 -6 268 4 472
382 -3 263 4 473
382 -1 261 4 474
375 1 241 14 475
390 3 265 4 476
396 6 271 4 477
404 8 282 4 478
423 11 304 14 479
