480
-9 -7 210 14 0
4 -5 200 14 1
41 -4 153 2 2
50 -2 155 2 3
52 0 162 2 4
62 0 158 2 5
56 2 184 2 6
47 4 210 14 7
27 5 249 4 8
28 7 256 4 9
-3 -7 218 14 10
21 -5 200 14 11
56 -4 165 2 12
57 -2 173 2 13
75 0 157 2 14
84 0 158 2 15
93 2 160 2 16
80 4 182 2 17
43 5 249 4 18
44 7 263 4 19
4 -7 237 14 20
38 -5 212 14 21
78 -4 158 2 22
100 -2 134 2 23
107 0 136 2 24
108 0 151 2 25
110 2 159 2 26
87 4 205 2 27
60 5 257 4 28
62 7 265 4 29
30 -7 232 4 30
91 -5 157 2 31
110 -4 138 2 32
118 -2 134 2 33
127 0 136 2 34
137 0 144 2 35
139 2 153 2 36
140 4 168 2 37
110 5 246 4 38
111 7 262 4 39
40 -7 245 4 40
110 -5 151 2 41
117 -4 158 2 42
140 -2 134 2 43
151 0 136 2 44
153 0 144 2 45
155 2 160 2 46
156 4 168 2 47
158 5 193 2 48
157 7 258 4 49
185 -7 38 15 50
122 -5 173 2 51
145 -4 153 2 52
156 -2 148 2 53
167 0 136 2 54
177 0 138 2 55
187 2 153 2 56
189 4 162 2 57
172 5 249 4 58
174 7 261 4 59
192 -7 49 15 60
193 -5 76 15 61
195 -4 100 15 62
189 -2 140 2 63
191 0 136 2 64
200 0 140 15 65
202 2 150 15 66
204 4 158 15 67
205 5 165 15 68
207 7 189 15 69
198 -7 79 15 70
200 -5 105 15 71
202 -4 118 15 72
204 -2 126 15 73
205 0 133 15 74
212 0 144 2 75
213 2 153 2 76
215 4 162 2 77
212 5 199 15 78
205 7 255 4 79
205 -7 86 15 80
207 -5 93 15 81
209 -4 112 15 82
215 -2 134 2 83
224 0 136 2 84
235 0 138 2 85
245 2 153 2 86
246 4 162 2 87
248 5 200 2 88
247 7 263 4 89
212 -7 56 15 90
214 -5 70 15 91
216 -4 65 15 92
224 -2 63 4 93
248 0 136 2 94
250 0 144 2 95
261 2 153 2 96
263 4 162 2 97
264 5 193 2 98
266 7 269 4 99
219 -7 44 15 100
227 -5 40 4 101
238 -4 62 4 102
263 -2 134 2 103
264 0 142 2 104
274 0 138 2 105
289 2 153 2 106
291 4 161 2 107
293 5 169 2 108
318 7 270 4 109
241 -7 40 4 110
252 -5 59 4 111
253 -4 41 4 112
285 -2 134 2 113
293 0 136 2 114
295 0 143 2 115
301 2 160 2 116
308 4 162 2 117
340 5 206 2 118
368 7 257 4 119
264 -7 40 4 120
266 -5 54 4 121
301 -4 133 2 122
316 -2 160 2 123
317 0 157 2 124
326 0 163 2 125
328 2 160 2 126
346 4 192 2 127
381 5 241 4 128
394 7 261 4 129
271 -7 33 4 130
382 -5 237 4 131
344 -4 165 2 132
337 -2 155 2 133
347 0 162 2 134
349 0 158 2 135
382 2 220 14 136
393 4 236 4 137
409 5 254 4 138
426 7 280 14 139
406 -7 239 4 140
419 -5 248 14 141
403 -4 226 4 142
396 -2 215 14 143
361 0 157 2 144
399 0 207 14 145
417 2 220 14 146
430 4 249 14 147
443 5 266 14 148
445 7 259 14 149
425 -7 226 14 150
438 -5 236 14 151
428 -4 221 14 152
415 -2 203 14 153
431 0 217 14 154
445 0 234 14 155
435 2 208 14 156
448 4 210 14 157
450 5 220 14 158
452 7 230 14 159
-11 -7 241 14 160
0 -5 226 14 161
12 -4 228 14 162
26 -2 218 14 163
50 0 201 2 164
68 0 185 2 165
53 2 217 2 166
35 4 256 4 167
27 5 279 4 168
14 7 311 14 169
-5 -7 260 14 170
13 -5 251 4 171
24 -4 243 4 172
55 -2 205 2 173
80 0 183 2 174
82 0 193 2 175
76 2 210 2 176
46 4 270 4 177
47 5 278 4 178
42 7 297 4 179
13 -7 268 4 180
38 -5 238 4 181
40 -4 244 4 182
78 -2 198 2 183
87 0 200 2 184
106 0 185 2 185
90 2 223 14 186
86 4 264 4 187
92 5 266 4 188
99 7 276 4 189
29 -7 266 4 190
47 -5 248 4 191
68 -4 228 14 192
92 -2 205 2 193
111 0 200 2 194
113 0 216 2 195
114 2 235 14 196
111 4 262 4 197
108 5 283 4 198
109 7 294 4 199
45 -7 265 4 200
66 -5 255 4 201
115 -4 203 2 202
106 -2 248 4 203
140 0 184 2 204
142 0 194 2 205
143 2 211 2 206
126 4 263 4 207
124 5 309 14 208
154 7 286 4 209
104 -7 251 4 210
109 -5 260 4 211
143 -4 197 2 212
154 -2 182 2 213
156 0 192 2 214
158 0 209 2 215
159 2 260 4 216
168 4 258 4 217
170 5 270 4 218
172 7 288 4 219
118 -7 261 4 220
127 -5 256 4 221
161 -4 216 14 222
174 -2 218 14 223
188 0 177 2 224
190 0 185 2 225
192 2 204 2 226
194 4 213 2 227
185 5 267 4 228
190 7 270 4 229
164 -7 262 4 230
172 -5 255 4 231
192 -4 189 2 232
201 -2 182 15 233
203 0 179 15 234
210 0 185 2 235
207 2 204 15 236
204 4 236 14 237
201 5 271 4 238
203 7 292 4 239
180 -7 260 4 240
205 -5 184 15 241
211 -4 173 2 242
213 -2 191 2 243
215 0 200 2 244
216 0 209 2 245
208 2 268 4 246
233 4 265 4 247
239 5 265 4 248
245 7 296 4 249
201 -7 243 4 250
212 -5 213 15 251
218 -4 211 2 252
244 -2 191 2 253
246 0 177 2 254
248 0 185 2 255
250 2 218 2 256
254 4 261 4 257
259 5 281 4 258
263 7 290 4 259
234 -7 268 4 260
245 -5 252 4 261
250 -4 197 2 262
260 -2 175 2 263
262 0 184 2 264
264 0 194 2 265
269 2 256 4 266
272 4 253 4 267
280 5 288 4 268
290 7 311 14 269
254 -7 255 4 270
262 -5 255 4 271
266 -4 216 14 272
273 -2 241 4 273
287 0 219 14 274
292 0 185 2 275
294 2 203 2 276
312 4 270 4 277
319 5 270 4 278
334 7 285 4 279
275 -7 258 4 280
292 -5 202 2 281
294 -4 188 2 282
314 -2 212 2 283
315 0 200 2 284
317 0 193 2 285
326 2 217 2 286
330 4 224 14 287
358 5 293 4 288
381 7 297 4 289
329 -7 255 4 290
324 -5 202 2 291
326 -4 196 2 292
320 -2 181 2 293
329 0 192 2 294
331 0 185 2 295
349 2 210 2 296
378 4 264 4 297
397 5 287 4 298
413 7 311 14 299
389 -7 268 4 300
387 -5 265 4 301
384 -4 249 4 302
366 -2 218 14 303
352 0 195 2 304
354 0 189 2 305
399 2 258 4 306
402 4 263 4 307
412 5 282 4 308
431 7 302 14 309
399 -7 256 4 310
396 -5 244 4 311
405 -4 253 4 312
405 -2 249 4 313
388 0 219 14 314
410 0 250 4 315
419 2 261 4 316
434 4 282 14 317
448 5 297 14 318
450 7 290 14 319
-13 -7 284 14 320
-12 -5 295 14 321
12 -4 261 4 322
34 -2 244 14 323
48 0 234 14 324
37 0 263 4 325
31 2 278 4 326
29 4 295 4 327
21 5 323 14 328
33 7 316 4 329
-7 -7 301 14 330
10 -5 284 4 331
26 -4 270 4 332
38 -2 263 4 333
68 0 234 14 334
80 0 230 2 335
50 2 282 4 336
38 4 322 14 337
50 5 323 14 338
65 7 325 14 339
0 -7 310 14 340
33 -5 274 4 341
37 -4 282 4 342
71 -2 244 14 343
83 0 245 14 344
96 0 235 14 345
95 2 263 4 346
89 4 289 4 347
80 5 323 14 348
91 7 325 14 349
38 -7 287 4 350
40 -5 294 4 351
57 -4 282 4 352
98 -2 244 14 353
111 0 234 14 354
101 0 273 4 355
112 2 275 4 356
111 4 287 4 357
106 5 310 4 358
108 7 325 14 359
88 -7 270 4 360
91 -5 275 4 361
102 -4 272 4 362
126 -2 232 14 363
125 0 245 14 364
140 0 231 2 365
141 2 249 14 366
130 4 322 14 367
151 5 295 4 368
146 7 325 14 369
106 -7 279 4 370
107 -5 290 4 371
118 -4 275 4 372
142 -2 232 14 373
154 0 229 2 374
156 0 247 14 375
159 2 280 4 376
163 4 285 4 377
168 5 296 4 378
163 7 325 14 379
112 -7 300 4 380
149 -5 275 4 381
156 -4 282 4 382
162 -2 267 4 383
173 0 245 14 384
172 0 266 4 385
181 2 271 4 386
178 4 289 4 387
184 5 288 4 388
181 7 325 14 389
162 -7 282 4 390
166 -5 280 4 391
171 -4 282 4 392
190 -2 232 14 393
193 0 229 2 394
203 0 229 15 395
195 2 273 4 396
197 4 288 4 397
199 5 310 4 398
205 7 325 14 399
175 -7 291 4 400
189 -5 265 4 401
195 -4 257 4 402
206 -2 237 15 403
215 0 234 14 404
208 0 280 4 405
222 2 249 14 406
227 4 298 4 407
232 5 304 4 408
238 7 309 4 409
195 -7 273 4 410
200 -5 282 4 411
202 -4 289 4 412
226 -2 273 4 413
238 0 234 14 414
244 0 247 14 415
246 2 264 4 416
247 4 295 4 417
249 5 323 14 418
257 7 307 4 419
226 -7 310 14 420
238 -5 280 4 421
245 -4 274 4 422
247 -2 264 4 423
260 0 222 2 424
262 0 231 2 425
264 2 280 4 426
267 4 298 4 427
274 5 300 4 428
275 7 325 14 429
248 -7 288 4 430
254 -5 282 4 431
262 -4 278 4 432
268 -2 271 4 433
274 0 245 14 434
277 0 273 4 435
287 2 305 4 436
302 4 307 4 437
309 5 309 4 438
312 7 325 14 439
271 -7 283 4 440
274 -5 280 4 441
284 -4 295 4 442
292 -2 244 14 443
296 0 228 2 444
307 0 235 14 445
314 2 249 14 446
326 4 289 4 447
332 5 293 4 448
337 7 325 14 449
313 -7 293 4 450
318 -5 290 4 451
326 -4 274 4 452
328 -2 269 4 453
320 0 221 2 454
332 0 267 4 455
334 2 263 4 456
356 4 306 4 457
362 5 323 14 458
383 7 325 14 459
342 -7 290 4 460
348 -5 295 4 461
343 -4 272 4 462
340 -2 244 14 463
356 0 245 14 464
356 0 235 14 465
378 2 285 4 466
387 4 300 4 467
397 5 313 4 468
403 7 325 14 469
385 -7 286 4 470
396 -5 297 4 471
392 -4 288 4 472
391 -2 279 4 473
390 0 275 4 474
378 0 247 14 475
397 2 277 4 476
403 4 284 4 477
412 5 296 4 478
436 7 325 14 479
