480
-28 -3 240 14 0
-12 -2 226 14 1
35 -1 162 2 2
45 -1 163 2 3
46 0 172 2 4
58 0 164 2 5
47 1 197 2 6
34 1 230 14 7
6 2 280 4 8
7 3 286 4 9
-26 -3 251 14 10
3 -2 226 14 11
47 -1 178 2 12
48 -1 185 2 13
69 0 164 2 14
80 0 164 2 15
90 1 165 2 16
71 1 193 2 17
22 2 280 4 18
21 3 296 4 19
-23 -3 277 14 20
20 -2 241 14 21
71 -1 169 2 22
97 -1 136 2 23
105 0 137 2 24
106 0 155 2 25
106 1 164 2 26
74 1 223 2 27
38 2 290 4 28
39 3 299 4 29
5 -3 270 4 30
82 -2 169 2 31
106 -1 143 2 32
116 -1 136 2 33
126 0 137 2 34
137 0 145 2 35
138 1 156 2 36
138 1 174 2 37
97 2 275 4 38
97 3 295 4 39
12 -3 286 4 40
101 -2 162 2 41
109 -1 169 2 42
138 -1 136 2 43
151 0 137 2 44
152 0 145 2 45
152 1 165 2 46
153 1 174 2 47
154 2 205 2 48
151 3 290 4 49
195 -3 14 15 50
111 -2 189 2 51
140 -1 162 2 52
153 -1 154 2 53
165 0 137 2 54
177 0 138 2 55
189 1 156 2 56
190 1 166 2 57
166 2 279 4 58
167 3 294 4 59
198 -3 29 15 60
199 -2 62 15 61
199 -1 93 15 62
190 -1 144 2 63
190 0 137 2 64
201 0 141 15 65
202 1 152 15 66
203 1 161 15 67
203 2 168 15 68
204 3 199 15 69
201 -3 69 15 70
201 -2 100 15 71
202 -1 116 15 72
203 -1 125 15 73
203 0 133 15 74
210 0 145 2 75
211 1 156 2 76
211 1 166 2 77
206 2 213 15 78
195 3 285 4 79
203 -3 77 15 80
204 -2 86 15 81
205 -1 109 15 82
211 -1 136 2 83
222 0 137 2 84
234 0 138 2 85
246 1 156 2 86
247 1 166 2 87
247 2 215 2 88
245 3 297 4 89
206 -3 37 15 90
207 -2 55 15 91
207 -1 47 15 92
218 -1 42 4 93
247 0 137 2 94
248 0 145 2 95
261 1 156 2 96
262 1 166 2 97
262 2 205 2 98
263 3 304 4 99
209 -3 22 15 100
219 -2 16 4 101
232 -1 43 4 102
262 -1 136 2 103
262 0 145 2 104
273 0 138 2 105
292 1 156 2 106
293 1 165 2 107
294 2 173 2 108
325 3 305 4 109
232 -3 17 4 110
245 -2 40 4 111
245 -1 15 4 112
284 -1 136 2 113
294 0 137 2 114
294 0 145 2 115
302 1 165 2 116
309 1 166 2 117
350 2 223 2 118
385 3 288 4 119
256 -3 17 4 120
257 -2 34 4 121
302 -1 136 2 122
319 -1 170 2 123
320 0 164 2 124
330 0 171 2 125
330 1 165 2 126
352 1 205 2 127
397 2 268 4 128
412 3 294 4 129
258 -3 8 4 130
403 -2 275 4 131
351 -1 178 2 132
341 -1 163 2 133
353 0 172 2 134
353 0 164 2 135
395 1 244 14 136
408 1 263 4 137
428 2 286 4 138
448 3 318 14 139
430 -3 279 4 140
446 -2 289 14 141
422 -1 259 4 142
412 -1 242 14 143
365 0 164 2 144
413 0 228 14 145
434 1 244 14 146
450 1 281 14 147
466 2 302 14 148
467 3 291 14 149
448 -3 262 14 150
464 -2 273 14 151
449 -1 252 14 152
431 -1 227 14 153
450 0 243 14 154
467 0 265 14 155
453 1 229 14 156
468 1 230 14 157
469 2 241 14 158
469 3 253 14 159
-29 -3 268 14 160
-16 -2 247 14 161
-1 -1 247 14 162
15 -1 233 14 163
45 0 209 2 164
67 0 186 2 165
47 1 227 2 166
20 1 277 4 167
8 2 306 4 168
-10 3 346 14 169
-27 -3 294 14 170
-5 -2 280 4 171
8 -1 268 4 172
47 -1 216 2 173
78 0 186 2 174
79 0 198 2 175
70 1 218 2 176
28 1 295 4 177
29 2 304 4 178
20 3 327 4 179
-10 -3 304 4 180
22 -2 263 4 181
22 -1 269 4 182
71 -1 207 2 183
81 0 207 2 184
105 0 186 2 185
82 1 235 14 186
75 1 287 4 187
82 2 289 4 188
89 3 301 4 189
5 -3 301 4 190
27 -2 276 4 191
54 -1 247 14 192
83 -1 216 2 193
107 0 207 2 194
108 0 227 2 195
107 1 250 14 196
102 1 285 4 197
96 2 311 4 198
96 3 323 4 199
20 -3 300 4 200
45 -2 285 4 201
108 -1 215 2 202
95 -1 272 4 203
138 0 187 2 204
139 0 199 2 205
140 1 219 2 206
115 1 285 4 207
111 2 345 14 208
149 3 313 4 209
91 -3 281 4 210
96 -2 291 4 211
140 -1 207 2 212
152 -1 186 2 213
153 0 198 2 214
154 0 218 2 215
153 1 284 4 216
164 1 279 4 217
165 2 294 4 218
166 3 315 4 219
104 -3 294 4 220
113 -2 287 4 221
157 -1 232 14 222
171 -1 233 14 223
189 0 177 2 224
190 0 187 2 225
191 1 210 2 226
191 1 220 2 227
178 2 290 4 228
183 3 292 4 229
157 -3 295 4 230
166 -2 285 4 231
191 -1 196 2 232
202 -1 186 15 233
202 0 180 15 234
209 0 187 2 235
204 1 210 15 236
198 1 251 14 237
193 2 296 4 238
194 3 321 4 239
171 -3 293 4 240
203 -2 191 15 241
210 -1 176 2 242
211 -1 197 2 243
211 0 208 2 244
212 0 218 2 245
199 1 294 4 246
230 1 288 4 247
237 2 287 4 248
243 3 327 4 249
193 -3 271 4 250
206 -2 230 15 251
213 -1 226 2 252
246 -1 197 2 253
247 0 177 2 254
247 0 187 2 255
248 1 229 2 256
252 1 284 4 257
257 2 308 4 258
260 3 319 4 259
231 -3 303 4 260
244 -2 281 4 261
248 -1 207 2 262
261 -1 177 2 263
261 0 187 2 264
262 0 199 2 265
267 1 279 4 266
270 1 272 4 267
278 2 317 4 268
291 3 346 14 269
250 -3 287 4 270
260 -2 285 4 271
264 -1 232 14 272
270 -1 263 4 273
288 0 233 14 274
293 0 186 2 275
294 1 209 2 276
315 1 295 4 277
324 2 294 4 278
341 3 312 4 279
272 -3 290 4 280
293 -2 215 2 281
294 -1 196 2 282
318 -1 226 2 283
319 0 207 2 284
319 0 198 2 285
330 1 228 2 286
333 1 235 14 287
369 2 324 4 288
397 3 327 4 289
337 -3 287 4 290
329 -2 215 2 291
330 -1 206 2 292
321 -1 185 2 293
331 0 197 2 294
332 0 186 2 295
353 1 218 2 296
390 1 287 4 297
413 2 316 4 298
433 3 346 14 299
409 -3 303 4 300
405 -2 299 4 301
400 -1 275 4 302
375 -1 233 14 303
354 0 201 2 304
355 0 192 2 305
413 1 280 4 306
415 1 286 4 307
427 2 309 4 308
450 3 334 14 309
417 -3 288 4 310
410 -2 270 4 311
421 -1 281 4 312
419 -1 274 4 313
395 0 233 14 314
423 0 272 4 315
433 1 285 4 316
452 1 310 14 317
468 2 329 14 318
469 3 319 14 319
-30 -3 311 14 320
-29 -2 324 14 321
1 -1 278 4 322
28 -1 254 14 323
44 0 239 14 324
29 0 276 4 325
19 1 295 4 326
15 1 314 4 327
2 2 351 14 328
17 3 339 4 329
-27 -3 334 14 330
-7 -2 310 4 331
12 -1 290 4 332
27 -1 279 4 333
64 0 239 14 334
78 0 233 2 335
38 1 299 4 336
20 1 350 14 337
34 2 351 14 338
52 3 351 14 339
-25 -3 345 14 340
17 -2 297 4 341
20 -1 306 4 342
64 -1 254 14 343
77 0 255 14 344
94 0 240 14 345
91 1 274 4 346
80 1 308 4 347
67 2 351 14 348
81 3 351 14 349
19 -3 316 4 350
19 -2 322 4 351
41 -1 306 4 352
92 -1 254 14 353
109 0 239 14 354
94 0 289 4 355
107 1 290 4 356
104 1 304 4 357
95 2 332 4 358
97 3 351 14 359
78 -3 293 4 360
80 -2 298 4 361
94 -1 293 4 362
123 -1 238 14 363
121 0 255 14 364
138 0 234 2 365
138 1 256 14 366
123 1 350 14 367
148 2 313 4 368
140 3 351 14 369
95 -3 305 4 370
96 -2 317 4 371
108 -1 296 4 372
139 -1 238 14 373
152 0 233 2 374
154 0 255 14 375
156 1 297 4 376
159 1 302 4 377
164 2 315 4 378
156 3 351 14 379
98 -3 332 4 380
144 -2 297 4 381
152 -1 306 4 382
159 -1 285 4 383
170 0 255 14 384
169 0 280 4 385
178 1 284 4 386
173 1 307 4 387
179 2 305 4 388
174 3 351 14 389
157 -3 309 4 390
161 -2 305 4 391
166 -1 306 4 392
188 -1 238 14 393
191 0 233 2 394
202 0 231 15 395
191 1 288 4 396
192 1 306 4 397
192 2 333 4 398
199 3 351 14 399
167 -3 321 4 400
184 -2 284 4 401
191 -1 272 4 402
204 -1 244 15 403
214 0 239 14 404
202 0 298 4 405
220 1 256 14 406
224 1 319 4 407
230 2 325 4 408
236 3 331 4 409
187 -3 298 4 410
193 -2 308 4 411
194 -1 315 4 412
224 -1 292 4 413
237 0 239 14 414
244 0 255 14 415
245 1 276 4 416
244 1 314 4 417
246 2 351 14 418
254 3 328 4 419
222 -3 345 14 420
236 -2 304 4 421
244 -1 295 4 422
245 -1 281 4 423
261 0 223 2 424
261 0 234 2 425
263 1 297 4 426
264 1 319 4 427
273 2 319 4 428
273 3 351 14 429
245 -3 317 4 430
251 -2 308 4 431
260 -1 300 4 432
266 -1 289 4 433
272 0 255 14 434
275 0 289 4 435
286 1 330 4 436
304 1 331 4 437
313 2 332 4 438
315 3 351 14 439
269 -3 311 4 440
271 -2 304 4 441
283 -1 322 4 442
291 -1 254 14 443
295 0 232 2 444
308 0 240 14 445
316 1 256 14 446
330 1 308 4 447
336 2 311 4 448
341 3 351 14 449
317 -3 323 4 450
323 -2 318 4 451
331 -1 295 4 452
333 -1 288 4 453
321 0 223 2 454
335 0 281 4 455
336 1 274 4 456
363 1 329 4 457
369 2 351 14 458
396 3 351 14 459
349 -3 319 4 460
355 -2 324 4 461
347 -1 293 4 462
343 -1 254 14 463
361 0 255 14 464
359 0 240 14 465
388 1 303 4 466
397 1 321 4 467
409 2 338 4 468
415 3 351 14 469
399 -3 314 4 470
412 -2 327 4 471
405 -1 314 4 472
402 -1 301 4 473
400 0 293 4 474
383 0 255 14 475
406 1 293 4 476
413 1 301 4 477
423 2 315 4 478
452 3 351 14 479
