480
-32 -2 246 14 0
-15 -1 230 14 1
34 -1 164 2 2
44 0 165 2 3
45 0 173 2 4
57 0 166 2 5
46 0 199 2 6
32 1 233 14 7
3 1 285 4 8
3 2 292 4 9
-30 -2 257 14 10
0 -1 230 14 11
46 -1 180 2 12
46 0 188 2 13
68 0 165 2 14
79 0 166 2 15
89 0 166 2 16
70 1 195 2 17
18 1 285 4 18
17 2 302 4 19
-28 -2 284 14 20
17 -1 247 14 21
69 -1 171 2 22
97 0 137 2 23
105 0 137 2 24
105 0 156 2 25
106 0 165 2 26
72 1 226 2 27
34 1 296 4 28
35 2 306 4 29
0 -2 277 4 30
81 -1 171 2 31
106 -1 143 2 32
115 0 137 2 33
126 0 137 2 34
137 0 146 2 35
137 0 157 2 36
138 1 175 2 37
94 1 281 4 38
95 2 301 4 39
6 -2 294 4 40
100 -1 164 2 41
108 -1 171 2 42
138 0 137 2 43
151 0 137 2 44
152 0 146 2 45
152 0 166 2 46
153 1 175 2 47
153 1 208 2 48
150 2 296 4 49
197 -2 10 15 50
109 -1 192 2 51
139 -1 164 2 52
153 0 156 2 53
165 0 137 2 54
177 0 138 2 55
189 0 157 2 56
190 1 167 2 57
165 1 284 4 58
165 2 300 4 59
199 -2 25 15 60
200 -1 60 15 61
200 -1 92 15 62
190 0 145 2 63
190 0 137 2 64
201 0 141 15 65
202 0 153 15 66
202 1 161 15 67
203 1 169 15 68
203 2 201 15 69
201 -2 67 15 70
201 -1 100 15 71
202 -1 115 15 72
202 0 125 15 73
203 0 133 15 74
210 0 146 2 75
210 0 157 2 76
211 1 167 2 77
205 1 216 15 78
193 2 291 4 79
203 -2 76 15 80
203 -1 84 15 81
204 -1 108 15 82
211 0 137 2 83
222 0 137 2 84
234 0 138 2 85
246 0 157 2 86
247 1 167 2 87
247 1 218 2 88
244 2 303 4 89
205 -2 34 15 90
205 -1 52 15 91
206 -1 43 15 92
217 0 38 4 93
247 0 137 2 94
248 0 146 2 95
261 0 157 2 96
261 1 167 2 97
262 1 208 2 98
262 2 311 4 99
207 -2 18 15 100
217 -1 11 4 101
230 -1 40 4 102
261 0 137 2 103
262 0 145 2 104
273 0 138 2 105
293 0 156 2 106
293 1 166 2 107
294 1 174 2 108
327 2 312 4 109
230 -2 12 4 110
243 -1 36 4 111
243 -1 11 4 112
284 0 137 2 113
294 0 137 2 114
294 0 145 2 115
302 0 166 2 116
310 1 167 2 117
352 1 226 2 118
388 2 294 4 119
254 -2 12 4 120
255 -1 30 4 121
302 -1 136 2 122
319 0 172 2 123
320 0 165 2 124
330 0 173 2 125
331 0 166 2 126
353 1 208 2 127
400 1 273 4 128
415 2 300 4 129
256 -2 3 4 130
407 -1 282 4 131
353 -1 180 2 132
341 0 165 2 133
354 0 173 2 134
354 0 166 2 135
398 0 249 14 136
411 1 268 4 137
431 1 292 4 138
453 2 325 14 139
435 -2 287 4 140
451 -1 296 14 141
426 -1 265 4 142
415 0 248 14 143
365 0 165 2 144
416 0 232 14 145
438 0 249 14 146
454 1 287 14 147
470 1 309 14 148
471 2 297 14 149
452 -2 269 14 150
469 -1 280 14 151
453 -1 258 14 152
434 0 231 14 153
454 0 248 14 154
471 0 270 14 155
456 0 233 14 156
472 1 233 14 157
472 1 245 14 158
473 2 257 14 159
-33 -2 273 14 160
-19 -1 251 14 161
-4 -1 251 14 162
13 0 235 14 163
44 0 211 2 164
66 0 187 2 165
45 0 229 2 166
18 1 281 4 167
5 1 311 4 168
-15 2 352 14 169
-31 -2 300 14 170
-9 -1 285 4 171
5 -1 273 4 172
46 0 218 2 173
78 0 186 2 174
78 0 198 2 175
69 0 220 2 176
25 1 300 4 177
26 1 309 4 178
16 2 333 4 179
-14 -2 311 4 180
19 -1 268 4 181
19 -1 274 4 182
69 0 208 2 183
80 0 209 2 184
105 0 187 2 185
81 0 237 14 186
73 1 292 4 187
80 1 293 4 188
87 2 305 4 189
0 -2 308 4 190
23 -1 281 4 191
51 -1 251 14 192
81 0 218 2 193
106 0 209 2 194
107 0 229 2 195
106 0 253 14 196
100 1 289 4 197
94 1 316 4 198
94 2 329 4 199
15 -2 306 4 200
42 -1 290 4 201
107 -1 218 2 202
93 0 277 4 203
138 0 187 2 204
138 0 199 2 205
139 0 221 2 206
113 1 290 4 207
109 1 352 14 208
148 2 318 4 209
89 -2 286 4 210
94 -1 297 4 211
139 -1 209 2 212
152 0 187 2 213
152 0 199 2 214
153 0 220 2 215
152 0 288 4 216
163 1 283 4 217
164 1 298 4 218
165 2 320 4 219
101 -2 301 4 220
110 -1 292 4 221
156 -1 235 14 222
171 0 235 14 223
190 0 177 2 224
190 0 188 2 225
191 0 211 2 226
191 1 221 2 227
177 1 294 4 228
182 2 296 4 229
156 -2 302 4 230
165 -1 290 4 231
191 -1 198 2 232
202 0 187 15 233
202 0 180 15 234
209 0 188 2 235
203 0 212 15 236
197 1 254 14 237
192 1 300 4 238
192 2 327 4 239
170 -2 299 4 240
203 -1 193 15 241
210 -1 176 2 242
210 0 198 2 243
211 0 210 2 244
211 0 220 2 245
197 0 299 4 246
230 1 292 4 247
237 1 291 4 248
243 2 332 4 249
192 -2 276 4 250
205 -1 234 15 251
212 -1 229 2 252
246 0 198 2 253
247 0 177 2 254
247 0 188 2 255
248 0 231 2 256
252 1 288 4 257
257 1 313 4 258
260 2 324 4 259
231 -2 310 4 260
244 -1 287 4 261
248 -1 209 2 262
261 0 177 2 263
261 0 187 2 264
262 0 199 2 265
267 0 283 4 266
269 1 276 4 267
278 1 323 4 268
291 2 352 14 269
250 -2 293 4 270
259 -1 290 4 271
263 -1 235 14 272
270 0 267 4 273
289 0 236 14 274
294 0 187 2 275
294 0 210 2 276
316 1 300 4 277
325 1 298 4 278
342 2 317 4 279
271 -2 296 4 280
294 -1 217 2 281
294 -1 197 2 282
319 0 228 2 283
319 0 209 2 284
320 0 198 2 285
330 0 230 2 286
333 1 237 14 287
371 1 330 4 288
400 2 333 4 289
338 -2 293 4 290
330 -1 217 2 291
330 -1 208 2 292
321 0 186 2 293
331 0 198 2 294
332 0 187 2 295
354 0 220 2 296
392 1 292 4 297
416 1 322 4 298
437 2 352 14 299
413 -2 310 4 300
409 -1 305 4 301
403 -1 280 4 302
376 0 235 14 303
355 0 202 2 304
355 0 193 2 305
415 0 285 4 306
418 1 291 4 307
430 1 315 4 308
454 2 340 14 309
420 -2 294 4 310
413 -1 275 4 311
424 -1 286 4 312
421 0 279 4 313
397 0 236 14 314
425 0 276 4 315
435 0 289 4 316
455 1 316 14 317
472 1 335 14 318
472 2 324 14 319
-33 -2 317 14 320
-33 -1 330 14 321
-2 -1 281 4 322
27 0 256 14 323
44 0 240 14 324
27 0 278 4 325
17 0 298 4 326
13 1 318 4 327
-1 1 356 14 328
14 2 344 4 329
-31 -2 340 14 330
-10 -1 314 4 331
9 -1 294 4 332
24 0 282 4 333
64 0 240 14 334
78 0 233 2 335
36 0 302 4 336
16 1 355 14 337
31 1 356 14 338
50 2 356 14 339
-29 -2 352 14 340
14 -1 301 4 341
17 -1 310 4 342
62 0 256 14 343
76 0 256 14 344
93 0 240 14 345
90 0 276 4 346
79 1 311 4 347
65 1 356 14 348
79 2 356 14 349
15 -2 321 4 350
16 -1 328 4 351
38 -1 310 4 352
91 0 256 14 353
108 0 240 14 354
92 0 292 4 355
106 0 292 4 356
102 1 307 4 357
93 1 337 4 358
94 2 356 14 359
76 -2 298 4 360
78 -1 303 4 361
92 -1 297 4 362
122 0 239 14 363
120 0 256 14 364
138 0 234 2 365
137 0 257 14 366
122 1 355 14 367
147 1 317 4 368
139 2 356 14 369
93 -2 310 4 370
93 -1 322 4 371
107 -1 300 4 372
138 0 239 14 373
152 0 234 2 374
153 0 257 14 375
156 0 301 4 376
159 1 306 4 377
164 1 319 4 378
155 2 356 14 379
95 -2 338 4 380
143 -1 302 4 381
151 -1 310 4 382
158 0 288 4 383
170 0 256 14 384
168 0 283 4 385
177 0 287 4 386
172 1 310 4 387
178 1 308 4 388
172 2 356 14 389
156 -2 314 4 390
160 -1 310 4 391
165 -1 310 4 392
188 0 239 14 393
191 0 234 2 394
202 0 231 15 395
190 0 291 4 396
191 1 309 4 397
191 1 338 4 398
198 2 356 14 399
166 -2 327 4 400
183 -1 288 4 401
190 -1 275 4 402
203 0 246 15 403
214 0 240 14 404
201 0 302 4 405
220 0 257 14 406
224 1 323 4 407
230 1 329 4 408
236 2 334 4 409
186 -2 302 4 410
192 -1 313 4 411
192 -1 320 4 412
223 0 295 4 413
237 0 240 14 414
244 0 257 14 415
244 0 278 4 416
244 1 318 4 417
245 1 356 14 418
254 2 332 4 419
221 -2 352 14 420
236 -1 309 4 421
244 -1 299 4 422
245 0 284 4 423
261 0 224 2 424
261 0 234 2 425
263 0 301 4 426
264 1 323 4 427
273 1 323 4 428
272 2 356 14 429
245 -2 322 4 430
250 -1 313 4 431
260 -1 304 4 432
266 0 293 4 433
272 0 256 14 434
275 0 292 4 435
286 0 335 4 436
305 1 335 4 437
313 1 336 4 438
316 2 356 14 439
268 -2 316 4 440
270 -1 309 4 441
283 -1 327 4 442
291 0 256 14 443
294 0 233 2 444
308 0 240 14 445
316 0 257 14 446
331 1 311 4 447
337 1 314 4 448
342 2 356 14 449
318 -2 328 4 450
324 -1 323 4 451
332 -1 299 4 452
334 0 291 4 453
321 0 223 2 454
336 0 284 4 455
336 0 276 4 456
365 1 334 4 457
371 1 356 14 458
398 2 356 14 459
351 -2 325 4 460
356 -1 330 4 461
348 -1 297 4 462
343 0 256 14 463
362 0 256 14 464
360 0 240 14 465
390 0 307 4 466
399 1 325 4 467
411 1 342 4 468
417 2 356 14 469
402 -2 319 4 470
415 -1 332 4 471
408 -1 318 4 472
405 0 304 4 473
401 0 297 4 474
384 0 257 14 475
408 0 296 4 476
415 1 304 4 477
425 1 319 4 478
455 2 356 14 479
