480
-8 -8 208 14 0
5 -6 198 14 1
42 -4 152 2 2
51 -2 154 2 3
53 0 162 2 4
63 0 158 2 5
56 2 183 2 6
48 4 209 14 7
28 6 247 4 8
30 8 253 4 9
-1 -8 215 14 10
22 -6 198 14 11
56 -4 164 2 12
58 -2 172 2 13
75 0 156 2 14
84 0 158 2 15
93 2 160 2 16
80 4 182 2 17
45 6 247 4 18
46 8 260 4 19
6 -8 235 14 20
40 -6 209 14 21
79 -4 158 2 22
100 -2 134 2 23
107 0 136 2 24
108 0 151 2 25
110 2 159 2 26
88 4 203 2 27
62 6 255 4 28
64 8 263 4 29
32 -8 229 4 30
91 -6 156 2 31
110 -4 138 2 32
118 -2 134 2 33
127 0 136 2 34
137 0 144 2 35
139 2 153 2 36
140 4 167 2 37
111 6 244 4 38
112 8 260 4 39
43 -8 242 4 40
110 -6 151 2 41
117 -4 158 2 42
140 -2 134 2 43
151 0 136 2 44
153 0 144 2 45
155 2 160 2 46
157 4 167 2 47
158 6 192 2 48
158 8 256 4 49
184 -8 40 15 50
123 -6 172 2 51
146 -4 152 2 52
157 -2 148 2 53
167 0 136 2 54
177 0 138 2 55
187 2 153 2 56
189 4 161 2 57
173 6 246 4 58
174 8 259 4 59
191 -8 51 15 60
193 -6 77 15 61
195 -4 101 15 62
189 -2 140 2 63
191 0 136 2 64
200 0 140 15 65
202 2 150 15 66
204 4 157 15 67
205 6 164 15 68
207 8 188 15 69
198 -8 80 15 70
200 -6 105 15 71
202 -4 118 15 72
204 -2 126 15 73
205 0 133 15 74
212 0 144 2 75
213 2 153 2 76
215 4 161 2 77
213 6 197 15 78
205 8 253 4 79
205 -8 87 15 80
207 -6 94 15 81
209 -4 113 15 82
215 -2 134 2 83
224 0 136 2 84
235 0 138 2 85
245 2 153 2 86
246 4 161 2 87
248 6 199 2 88
247 8 261 4 89
213 -8 57 15 90
214 -6 71 15 91
216 -4 66 15 92
225 -2 64 4 93
248 0 136 2 94
250 0 144 2 95
261 2 153 2 96
263 4 161 2 97
264 6 192 2 98
266 8 267 4 99
220 -8 45 15 100
228 -6 42 4 101
239 -4 64 4 102
263 -2 134 2 103
264 0 142 2 104
274 0 138 2 105
289 2 152 2 106
291 4 161 2 107
293 6 168 2 108
318 8 267 4 109
242 -8 42 4 110
253 -6 60 4 111
254 -4 43 4 112
285 -2 134 2 113
293 0 136 2 114
295 0 143 2 115
301 2 160 2 116
308 4 161 2 117
340 6 205 2 118
367 8 255 4 119
264 -8 42 4 120
267 -6 56 4 121
301 -4 132 2 122
315 -2 159 2 123
317 0 156 2 124
326 0 163 2 125
328 2 160 2 126
345 4 191 2 127
380 6 239 4 128
392 8 259 4 129
272 -8 35 4 130
381 -6 234 4 131
343 -4 164 2 132
337 -2 154 2 133
347 0 162 2 134
349 0 158 2 135
381 2 218 14 136
392 4 234 4 137
408 6 252 4 138
425 8 277 14 139
405 -8 236 4 140
417 -6 245 14 141
401 -4 224 4 142
395 -2 213 14 143
361 0 156 2 144
398 0 205 14 145
415 2 218 14 146
428 4 247 14 147
441 6 264 14 148
443 8 256 14 149
423 -8 224 14 150
436 -6 233 14 151
426 -4 219 14 152
414 -2 201 14 153
430 0 215 14 154
443 0 232 14 155
434 2 207 14 156
447 4 209 14 157
449 6 218 14 158
450 8 228 14 159
-10 -8 239 14 160
1 -6 224 14 161
13 -4 226 14 162
27 -2 216 14 163
50 0 200 2 164
68 0 185 2 165
54 2 216 2 166
36 4 254 4 167
28 6 277 4 168
16 8 308 14 169
-3 -8 258 14 170
14 -6 249 4 171
25 -4 242 4 172
56 -2 204 2 173
80 0 183 2 174
82 0 193 2 175
77 2 210 2 176
47 4 268 4 177
49 6 276 4 178
43 8 295 4 179
15 -8 266 4 180
39 -6 237 4 181
41 -4 242 4 182
78 -2 197 2 183
87 0 199 2 184
106 0 185 2 185
91 2 222 14 186
87 4 262 4 187
93 6 265 4 188
99 8 275 4 189
31 -8 264 4 190
48 -6 246 4 191
70 -4 226 14 192
93 -2 204 2 193
112 0 199 2 194
113 0 215 2 195
115 2 233 14 196
112 4 260 4 197
109 6 281 4 198
110 8 291 4 199
47 -8 262 4 200
67 -6 253 4 201
115 -4 202 2 202
107 -2 246 4 203
140 0 183 2 204
142 0 194 2 205
144 2 210 2 206
127 4 261 4 207
125 6 306 14 208
155 8 284 4 209
105 -8 248 4 210
110 -6 257 4 211
144 -4 196 2 212
154 -2 182 2 213
156 0 192 2 214
158 0 208 2 215
159 2 258 4 216
168 4 256 4 217
170 6 268 4 218
172 8 286 4 219
120 -8 259 4 220
128 -6 254 4 221
162 -4 215 14 222
174 -2 216 14 223
188 0 177 2 224
190 0 185 2 225
192 2 203 2 226
194 4 212 2 227
185 6 265 4 228
190 8 268 4 229
165 -8 259 4 230
172 -6 253 4 231
192 -4 188 2 232
201 -2 182 15 233
203 0 179 15 234
210 0 185 2 235
207 2 204 15 236
204 4 235 14 237
201 6 270 4 238
203 8 290 4 239
180 -8 257 4 240
205 -6 183 15 241
211 -4 173 2 242
213 -2 190 2 243
215 0 200 2 244
217 0 208 2 245
208 2 266 4 246
233 4 263 4 247
239 6 263 4 248
245 8 294 4 249
201 -8 241 4 250
212 -6 212 15 251
218 -4 210 2 252
244 -2 190 2 253
246 0 177 2 254
248 0 185 2 255
250 2 217 2 256
254 4 260 4 257
259 6 279 4 258
263 8 288 4 259
235 -8 265 4 260
245 -6 250 4 261
250 -4 196 2 262
260 -2 175 2 263
262 0 183 2 264
264 0 194 2 265
269 2 255 4 266
272 4 251 4 267
280 6 286 4 268
290 8 308 14 269
254 -8 253 4 270
262 -6 253 4 271
266 -4 215 14 272
273 -2 239 4 273
287 0 218 14 274
292 0 185 2 275
294 2 202 2 276
311 4 268 4 277
319 6 268 4 278
333 8 283 4 279
275 -8 255 4 280
292 -6 201 2 281
294 -4 188 2 282
313 -2 211 2 283
315 0 199 2 284
317 0 193 2 285
326 2 217 2 286
329 4 224 14 287
358 6 291 4 288
380 8 295 4 289
329 -8 253 4 290
324 -6 201 2 291
326 -4 195 2 292
320 -2 181 2 293
329 0 191 2 294
331 0 185 2 295
348 2 210 2 296
377 4 262 4 297
396 6 285 4 298
412 8 308 14 299
387 -8 265 4 300
386 -6 263 4 301
383 -4 247 4 302
366 -2 216 14 303
352 0 194 2 304
354 0 189 2 305
398 2 256 4 306
401 4 261 4 307
411 6 280 4 308
430 8 300 14 309
398 -8 253 4 310
395 -6 242 4 311
404 -4 251 4 312
404 -2 247 4 313
387 0 218 14 314
409 0 248 4 315
418 2 259 4 316
433 4 279 14 317
447 6 295 14 318
448 8 288 14 319
-12 -8 282 14 320
-10 -6 293 14 321
13 -4 260 4 322
35 -2 243 14 323
48 0 233 14 324
38 0 262 4 325
32 2 277 4 326
30 4 293 4 327
22 6 321 14 328
34 8 314 4 329
-5 -8 299 14 330
11 -6 282 4 331
27 -4 269 4 332
39 -2 262 4 333
68 0 233 14 334
80 0 230 2 335
51 2 280 4 336
39 4 320 14 337
51 6 321 14 338
66 8 323 14 339
2 -8 307 14 340
34 -6 272 4 341
38 -4 280 4 342
72 -2 243 14 343
83 0 245 14 344
96 0 235 14 345
96 2 262 4 346
89 4 288 4 347
81 6 321 14 348
92 8 323 14 349
39 -8 285 4 350
41 -6 291 4 351
58 -4 280 4 352
98 -2 243 14 353
111 0 233 14 354
102 0 272 4 355
112 2 273 4 356
112 4 285 4 357
106 6 308 4 358
109 8 323 14 359
88 -8 268 4 360
91 -6 273 4 361
103 -4 271 4 362
126 -2 231 14 363
126 0 245 14 364
140 0 230 2 365
141 2 248 14 366
131 4 320 14 367
151 6 294 4 368
146 8 323 14 369
106 -8 277 4 370
108 -6 288 4 371
119 -4 273 4 372
143 -2 231 14 373
154 0 229 2 374
156 0 247 14 375
160 2 279 4 376
163 4 284 4 377
168 6 295 4 378
164 8 323 14 379
114 -8 297 4 380
149 -6 273 4 381
156 -4 280 4 382
163 -2 266 4 383
173 0 245 14 384
173 0 265 4 385
181 2 270 4 386
179 4 287 4 387
184 6 287 4 388
182 8 323 14 389
162 -8 280 4 390
167 -6 279 4 391
172 -4 280 4 392
190 -2 231 14 393
193 0 229 2 394
203 0 229 15 395
196 2 272 4 396
197 4 287 4 397
199 6 308 4 398
206 8 323 14 399
175 -8 289 4 400
189 -6 263 4 401
196 -4 255 4 402
206 -2 236 15 403
215 0 233 14 404
208 0 279 4 405
222 2 248 14 406
227 4 296 4 407
232 6 302 4 408
238 8 308 4 409
195 -8 272 4 410
201 -6 281 4 411
203 -4 287 4 412
226 -2 271 4 413
238 0 233 14 414
244 0 247 14 415
246 2 263 4 416
247 4 293 4 417
249 6 321 14 418
257 8 306 4 419
226 -8 307 14 420
238 -6 278 4 421
245 -4 272 4 422
247 -2 263 4 423
260 0 222 2 424
262 0 230 2 425
264 2 279 4 426
267 4 296 4 427
274 6 298 4 428
275 8 323 14 429
249 -8 286 4 430
254 -6 281 4 431
262 -4 276 4 432
268 -2 269 4 433
274 0 245 14 434
277 0 272 4 435
287 2 304 4 436
302 4 305 4 437
309 6 307 4 438
312 8 323 14 439
271 -8 281 4 440
274 -6 278 4 441
284 -4 293 4 442
292 -2 243 14 443
296 0 228 2 444
307 0 235 14 445
314 2 248 14 446
326 4 288 4 447
332 6 292 4 448
337 8 323 14 449
312 -8 290 4 450
318 -6 288 4 451
326 -4 272 4 452
328 -2 268 4 453
320 0 221 2 454
332 0 266 4 455
334 2 262 4 456
356 4 304 4 457
361 6 321 14 458
382 8 323 14 459
341 -8 288 4 460
347 -6 293 4 461
342 -4 271 4 462
340 -2 243 14 463
356 0 245 14 464
355 0 235 14 465
378 2 284 4 466
386 4 298 4 467
396 6 312 4 468
402 8 323 14 469
384 -8 284 4 470
395 -6 295 4 471
391 -4 286 4 472
390 -2 278 4 473
389 0 274 4 474
378 0 247 14 475
396 2 276 4 476
403 4 283 4 477
412 6 295 4 478
435 8 323 14 479
