480
-37 0 254 14 0
-20 0 237 14 1
32 0 167 2 2
43 0 167 2 3
43 0 176 2 4
56 0 167 2 5
44 0 203 2 6
29 0 238 14 7
-3 0 293 4 8
-3 0 300 4 9
-36 0 266 14 10
-4 0 237 14 11
44 0 183 2 12
44 0 192 2 13
67 0 167 2 14
78 0 167 2 15
89 0 167 2 16
68 0 198 2 17
12 0 293 4 18
11 0 311 4 19
-35 0 294 14 20
12 0 254 14 21
67 0 174 2 22
96 0 137 2 23
104 0 137 2 24
105 0 157 2 25
105 0 166 2 26
69 0 231 2 27
28 0 305 4 28
29 0 315 4 29
-7 0 287 4 30
79 0 174 2 31
105 0 145 2 32
115 0 137 2 33
125 0 137 2 34
137 0 146 2 35
137 0 158 2 36
137 0 176 2 37
91 0 288 4 38
91 0 310 4 39
-1 0 305 4 40
98 0 166 2 41
106 0 174 2 42
137 0 137 2 43
151 0 137 2 44
151 0 146 2 45
151 0 167 2 46
152 0 176 2 47
152 0 211 2 48
148 0 304 4 49
200 0 3 15 50
106 0 197 2 51
138 0 167 2 52
152 0 157 2 53
164 0 137 2 54
177 0 138 2 55
190 0 158 2 56
190 0 168 2 57
163 0 292 4 58
163 0 309 4 59
201 0 20 15 60
201 0 56 15 61
201 0 90 15 62
190 0 146 2 63
190 0 137 2 64
202 0 141 15 65
202 0 153 15 66
202 0 162 15 67
202 0 170 15 68
203 0 203 15 69
202 0 64 15 70
202 0 98 15 71
202 0 115 15 72
202 0 125 15 73
202 0 133 15 74
209 0 146 2 75
210 0 158 2 76
210 0 168 2 77
203 0 220 15 78
190 0 299 4 79
202 0 73 15 80
203 0 82 15 81
203 0 107 15 82
210 0 137 2 83
221 0 137 2 84
234 0 138 2 85
247 0 158 2 86
247 0 168 2 87
247 0 221 2 88
244 0 312 4 89
203 0 29 15 90
203 0 48 15 91
204 0 38 15 92
215 0 33 4 93
247 0 137 2 94
247 0 146 2 95
261 0 158 2 96
261 0 168 2 97
261 0 211 2 98
262 0 320 4 99
204 0 12 15 100
215 0 5 4 101
228 0 34 4 102
261 0 137 2 103
261 0 146 2 104
273 0 138 2 105
293 0 157 2 106
294 0 167 2 107
294 0 176 2 108
329 0 321 4 109
228 0 6 4 110
242 0 31 4 111
241 0 4 4 112
284 0 137 2 113
294 0 137 2 114
294 0 145 2 115
302 0 167 2 116
310 0 168 2 117
354 0 230 2 118
393 0 302 4 119
252 0 6 4 120
253 0 25 4 121
302 0 137 2 122
320 0 174 2 123
321 0 167 2 124
331 0 175 2 125
332 0 167 2 126
355 0 212 2 127
405 0 281 4 128
420 0 309 4 129
253 0 -3 4 130
413 0 292 4 131
355 0 183 2 132
342 0 167 2 133
355 0 176 2 134
355 0 167 2 135
401 0 256 14 136
415 0 276 4 137
436 0 301 4 138
458 0 336 14 139
441 0 297 4 140
458 0 307 14 141
431 0 274 4 142
420 0 255 14 143
366 0 167 2 144
419 0 238 14 145
442 0 256 14 146
459 0 296 14 147
476 0 318 14 148
477 0 305 14 149
458 0 278 14 150
476 0 290 14 151
459 0 266 14 152
438 0 238 14 153
459 0 255 14 154
477 0 278 14 155
460 0 238 14 156
477 0 238 14 157
477 0 250 14 158
477 0 263 14 159
-37 0 280 14 160
-23 0 256 14 161
-7 0 256 14 162
10 0 239 14 163
43 0 213 2 164
66 0 187 2 165
43 0 231 2 166
14 0 286 4 167
0 0 318 4 168
-21 0 361 14 169
-36 0 309 14 170
-13 0 293 4 171
0 0 279 4 172
44 0 221 2 173
77 0 187 2 174
78 0 200 2 175
67 0 222 2 176
21 0 306 4 177
21 0 316 4 178
10 0 341 4 179
-20 0 320 4 180
14 0 274 4 181
15 0 280 4 182
67 0 211 2 183
78 0 211 2 184
104 0 187 2 185
79 0 240 14 186
70 0 298 4 187
77 0 299 4 188
84 0 312 4 189
-6 0 317 4 190
18 0 289 4 191
47 0 256 14 192
79 0 221 2 193
105 0 211 2 194
105 0 232 2 195
104 0 257 14 196
98 0 295 4 197
90 0 324 4 198
91 0 336 4 199
8 0 315 4 200
36 0 298 4 201
105 0 221 2 202
90 0 283 4 203
137 0 188 2 204
138 0 201 2 205
138 0 223 2 206
110 0 296 4 207
106 0 361 14 208
147 0 325 4 209
86 0 294 4 210
91 0 305 4 211
138 0 211 2 212
151 0 188 2 213
152 0 200 2 214
152 0 223 2 215
151 0 295 4 216
162 0 289 4 217
163 0 305 4 218
163 0 328 4 219
97 0 310 4 220
107 0 300 4 221
155 0 239 14 222
170 0 239 14 223
190 0 177 2 224
190 0 188 2 225
190 0 212 2 226
190 0 223 2 227
175 0 300 4 228
180 0 302 4 229
154 0 311 4 230
163 0 298 4 231
190 0 200 2 232
202 0 188 15 233
202 0 180 15 234
209 0 188 2 235
203 0 213 15 236
196 0 257 14 237
190 0 307 4 238
190 0 335 4 239
168 0 308 4 240
202 0 195 15 241
209 0 177 2 242
209 0 200 2 243
210 0 212 2 244
210 0 223 2 245
195 0 306 4 246
229 0 299 4 247
236 0 297 4 248
242 0 340 4 249
190 0 284 4 250
203 0 238 15 251
210 0 232 2 252
247 0 200 2 253
247 0 177 2 254
247 0 188 2 255
247 0 233 2 256
251 0 294 4 257
256 0 320 4 258
259 0 332 4 259
230 0 319 4 260
243 0 295 4 261
247 0 211 2 262
261 0 177 2 263
261 0 188 2 264
261 0 201 2 265
266 0 289 4 266
268 0 281 4 267
277 0 330 4 268
291 0 361 14 269
249 0 301 4 270
258 0 298 4 271
263 0 239 14 272
269 0 273 4 273
289 0 240 14 274
294 0 187 2 275
294 0 211 2 276
317 0 306 4 277
326 0 305 4 278
344 0 324 4 279
271 0 305 4 280
294 0 221 2 281
294 0 199 2 282
320 0 232 2 283
320 0 211 2 284
321 0 200 2 285
331 0 232 2 286
334 0 240 14 287
374 0 338 4 288
405 0 341 4 289
340 0 301 4 290
331 0 221 2 291
331 0 210 2 292
321 0 187 2 293
332 0 199 2 294
332 0 187 2 295
355 0 222 2 296
396 0 298 4 297
421 0 330 4 298
442 0 361 14 299
418 0 319 4 300
413 0 314 4 301
407 0 287 4 302
378 0 239 14 303
356 0 204 2 304
356 0 194 2 305
419 0 291 4 306
421 0 297 4 307
434 0 322 4 308
459 0 349 14 309
424 0 302 4 310
417 0 282 4 311
429 0 294 4 312
425 0 285 4 313
399 0 240 14 314
428 0 282 4 315
439 0 296 4 316
459 0 324 14 317
477 0 344 14 318
477 0 332 14 319
-38 0 324 14 320
-37 0 337 14 321
-5 0 286 4 322
25 0 258 14 323
43 0 241 14 324
25 0 282 4 325
13 0 302 4 326
9 0 323 4 327
-6 0 363 14 328
9 0 350 4 329
-37 0 349 14 330
-15 0 321 4 331
6 0 299 4 332
21 0 286 4 333
63 0 241 14 334
77 0 234 2 335
33 0 307 4 336
12 0 363 14 337
27 0 363 14 338
47 0 363 14 339
-36 0 361 14 340
9 0 307 4 341
12 0 317 4 342
60 0 258 14 343
75 0 259 14 344
93 0 242 14 345
89 0 279 4 346
77 0 316 4 347
62 0 363 14 348
76 0 363 14 349
10 0 329 4 350
10 0 336 4 351
33 0 317 4 352
90 0 258 14 353
108 0 241 14 354
90 0 296 4 355
104 0 296 4 356
100 0 312 4 357
90 0 343 4 358
91 0 363 14 359
73 0 304 4 360
75 0 309 4 361
90 0 302 4 362
122 0 241 14 363
119 0 259 14 364
137 0 235 2 365
137 0 259 14 366
120 0 363 14 367
147 0 322 4 368
137 0 363 14 369
90 0 317 4 370
90 0 330 4 371
104 0 306 4 372
137 0 241 14 373
151 0 235 2 374
153 0 259 14 375
155 0 305 4 376
158 0 310 4 377
163 0 324 4 378
153 0 363 14 379
91 0 347 4 380
142 0 308 4 381
150 0 317 4 382
157 0 293 4 383
169 0 259 14 384
167 0 287 4 385
177 0 291 4 386
171 0 315 4 387
177 0 312 4 388
170 0 363 14 389
154 0 321 4 390
158 0 316 4 391
163 0 317 4 392
187 0 241 14 393
190 0 235 2 394
202 0 232 15 395
189 0 294 4 396
189 0 314 4 397
189 0 344 4 398
196 0 363 14 399
164 0 334 4 400
182 0 293 4 401
189 0 279 4 402
203 0 248 15 403
213 0 241 14 404
200 0 307 4 405
220 0 259 14 406
223 0 328 4 407
229 0 334 4 408
235 0 340 4 409
184 0 309 4 410
190 0 319 4 411
190 0 327 4 412
222 0 301 4 413
237 0 241 14 414
244 0 259 14 415
244 0 281 4 416
243 0 323 4 417
245 0 363 14 418
253 0 337 4 419
220 0 361 14 420
235 0 315 4 421
243 0 304 4 422
244 0 288 4 423
261 0 224 2 424
261 0 235 2 425
262 0 305 4 426
263 0 328 4 427
272 0 328 4 428
272 0 363 14 429
244 0 330 4 430
250 0 319 4 431
259 0 310 4 432
265 0 298 4 433
271 0 259 14 434
274 0 296 4 435
286 0 341 4 436
305 0 342 4 437
314 0 342 4 438
316 0 363 14 439
267 0 323 4 440
270 0 315 4 441
282 0 335 4 442
291 0 258 14 443
294 0 234 2 444
309 0 242 14 445
317 0 259 14 446
332 0 316 4 447
338 0 319 4 448
343 0 363 14 449
319 0 336 4 450
325 0 331 4 451
334 0 304 4 452
335 0 296 4 453
321 0 223 2 454
336 0 288 4 455
337 0 279 4 456
367 0 340 4 457
373 0 363 14 458
401 0 363 14 459
353 0 332 4 460
358 0 337 4 461
349 0 302 4 462
344 0 258 14 463
364 0 259 14 464
361 0 242 14 465
392 0 312 4 466
402 0 331 4 467
415 0 349 4 468
420 0 363 14 469
406 0 327 4 470
420 0 340 4 471
411 0 325 4 472
408 0 310 4 473
404 0 302 4 474
385 0 259 14 475
410 0 300 4 476
417 0 308 4 477
428 0 324 4 478
460 0 363 14 479
