480
-16 -6 221 14 0
-2 -4 209 14 1
39 -3 156 2 2
49 -2 158 2 3
50 0 166 2 4
61 0 160 2 5
53 2 189 2 6
42 3 217 14 7
20 4 260 4 8
21 6 266 4 9
-11 -6 229 14 10
15 -4 209 14 11
53 -3 170 2 12
54 -2 177 2 13
73 0 159 2 14
82 0 160 2 15
92 2 162 2 16
77 3 186 2 17
36 4 260 4 18
36 6 274 4 19
-5 -6 251 14 20
32 -4 222 14 21
76 -3 162 2 22
99 -2 135 2 23
106 0 136 2 24
107 0 152 2 25
109 2 161 2 26
82 3 211 2 27
52 4 269 4 28
54 6 277 4 29
21 -6 245 4 30
88 -4 161 2 31
109 -3 140 2 32
117 -2 135 2 33
127 0 136 2 34
137 0 144 2 35
138 2 154 2 36
140 3 170 2 37
105 4 256 4 38
106 6 274 4 39
30 -6 259 4 40
107 -4 155 2 41
114 -3 162 2 42
140 -2 135 2 43
151 0 136 2 44
152 0 144 2 45
154 2 162 2 46
155 3 170 2 47
157 4 197 2 48
155 6 269 4 49
188 -6 29 15 50
118 -4 179 2 51
144 -3 156 2 52
155 -2 150 2 53
166 0 136 2 54
177 0 138 2 55
188 2 154 2 56
189 3 163 2 57
170 4 259 4 58
171 6 273 4 59
194 -6 42 15 60
195 -4 71 15 61
196 -3 98 15 62
189 -2 142 2 63
190 0 136 2 64
201 0 141 15 65
202 2 151 15 66
203 3 159 15 67
205 4 166 15 68
206 6 193 15 69
199 -6 76 15 70
201 -4 103 15 71
202 -3 117 15 72
203 -2 126 15 73
205 0 133 15 74
211 0 144 2 75
212 2 154 2 76
214 3 163 2 77
210 4 204 15 78
201 6 266 4 79
205 -6 83 15 80
206 -4 91 15 81
207 -3 111 15 82
214 -2 135 2 83
224 0 136 2 84
234 0 138 2 85
245 2 154 2 86
247 3 163 2 87
248 4 205 2 88
246 6 275 4 89
210 -6 49 15 90
211 -4 64 15 91
213 -3 58 15 92
222 -2 55 4 93
248 0 136 2 94
249 0 144 2 95
261 2 154 2 96
262 3 163 2 97
264 4 197 2 98
265 6 282 4 99
215 -6 36 15 100
224 -4 32 4 101
236 -3 56 4 102
262 -2 135 2 103
264 0 143 2 104
274 0 138 2 105
290 2 154 2 106
292 3 162 2 107
293 4 170 2 108
321 6 282 4 109
238 -6 32 4 110
250 -4 52 4 111
250 -3 32 4 112
284 -2 135 2 113
293 0 136 2 114
294 0 144 2 115
302 2 162 2 116
309 3 163 2 117
344 4 212 2 118
374 6 268 4 119
261 -6 32 4 120
263 -4 47 4 121
302 -3 134 2 122
317 -2 164 2 123
318 0 159 2 124
328 0 166 2 125
329 2 162 2 126
348 3 196 2 127
387 4 250 4 128
400 6 273 4 129
266 -6 24 4 130
390 -4 250 4 131
346 -3 170 2 132
338 -2 158 2 133
349 0 166 2 134
350 0 160 2 135
387 2 229 14 136
398 3 245 4 137
416 4 266 4 138
434 6 293 14 139
415 -6 254 4 140
429 -4 262 14 141
410 -3 238 4 142
402 -2 225 14 143
363 0 159 2 144
404 0 214 14 145
423 2 229 14 146
437 3 261 14 147
451 4 279 14 148
453 6 270 14 149
433 -6 239 14 150
447 -4 249 14 151
435 -3 232 14 152
421 -2 212 14 153
438 0 226 14 154
453 0 245 14 155
442 2 216 14 156
455 3 217 14 157
457 4 227 14 158
458 6 238 14 159
-18 -6 250 14 160
-5 -4 233 14 161
8 -3 235 14 162
22 -2 223 14 163
48 0 204 2 164
67 0 185 2 165
51 2 220 2 166
30 3 263 4 167
20 4 289 4 168
5 6 323 14 169
-12 -6 272 14 170
7 -4 261 4 171
18 -3 252 4 172
52 -2 209 2 173
79 0 184 2 174
81 0 195 2 175
74 2 213 2 176
39 3 279 4 177
41 4 287 4 178
34 6 308 4 179
5 -6 281 4 180
32 -4 247 4 181
34 -3 253 4 182
75 -2 201 2 183
85 0 202 2 184
106 0 185 2 185
87 2 227 14 186
82 3 272 4 187
89 4 274 4 188
95 6 285 4 189
20 -6 279 4 190
40 -4 258 4 191
63 -3 235 14 192
89 -2 209 2 193
110 0 202 2 194
111 0 220 2 195
112 2 240 14 196
108 3 270 4 197
103 4 293 4 198
105 6 304 4 199
36 -6 277 4 200
59 -4 265 4 201
112 -3 208 2 202
102 -2 256 4 203
139 0 185 2 204
141 0 196 2 205
142 2 214 2 206
122 3 271 4 207
120 4 322 14 208
153 6 295 4 209
100 -6 261 4 210
105 -4 271 4 211
142 -3 200 2 212
154 -2 183 2 213
155 0 194 2 214
156 0 212 2 215
157 2 269 4 216
166 3 265 4 217
168 4 279 4 218
170 6 297 4 219
113 -6 273 4 220
122 -4 267 4 221
160 -3 221 14 222
173 -2 223 14 223
189 0 177 2 224
190 0 186 2 225
191 2 206 2 226
193 3 215 2 227
182 4 275 4 228
187 6 278 4 229
162 -6 274 4 230
170 -4 265 4 231
191 -3 192 2 232
202 -2 183 15 233
203 0 179 15 234
209 0 186 2 235
206 2 206 15 236
202 3 241 14 237
198 4 280 4 238
199 6 303 4 239
177 -6 271 4 240
204 -4 187 15 241
211 -3 174 2 242
212 -2 193 2 243
213 0 203 2 244
215 0 212 2 245
204 2 277 4 246
232 3 273 4 247
238 4 273 4 248
244 6 307 4 249
198 -6 253 4 250
210 -4 219 15 251
216 -3 216 2 252
245 -2 193 2 253
246 0 177 2 254
248 0 186 2 255
249 2 222 2 256
253 3 269 4 257
258 4 290 4 258
262 6 300 4 259
233 -6 280 4 260
245 -4 263 4 261
249 -3 200 2 262
261 -2 176 2 263
262 0 185 2 264
263 0 196 2 265
268 2 264 4 266
271 3 260 4 267
279 4 298 4 268
291 6 323 14 269
252 -6 266 4 270
261 -4 265 4 271
265 -3 221 14 272
272 -2 248 4 273
288 0 224 14 274
293 0 185 2 275
294 2 205 2 276
313 3 279 4 277
321 4 279 4 278
336 6 294 4 279
274 -6 269 4 280
293 -4 206 2 281
294 -3 191 2 282
315 -2 217 2 283
317 0 202 2 284
318 0 195 2 285
327 2 221 2 286
331 3 228 14 287
362 4 304 4 288
387 6 308 4 289
332 -6 266 4 290
326 -4 206 2 291
327 -3 200 2 292
321 -2 183 2 293
330 0 194 2 294
331 0 185 2 295
350 2 213 2 296
382 3 272 4 297
403 4 298 4 298
420 6 323 14 299
396 -6 280 4 300
393 -4 277 4 301
390 -3 258 4 302
369 -2 223 14 303
353 0 197 2 304
354 0 190 2 305
404 2 266 4 306
407 3 271 4 307
417 4 292 4 308
438 6 313 14 309
406 -6 267 4 310
401 -4 253 4 311
411 -3 263 4 312
410 -2 258 4 313
390 0 224 14 314
414 0 258 4 315
424 2 269 4 316
441 3 292 14 317
455 4 308 14 318
456 6 300 14 319
-19 -6 294 14 320
-18 -4 305 14 321
8 -3 267 4 322
32 -2 247 14 323
47 0 236 14 324
34 0 268 4 325
27 2 284 4 326
24 3 302 4 327
14 4 333 14 328
27 6 324 4 329
-14 -6 313 14 330
4 -4 293 4 331
21 -3 277 4 332
34 -2 268 4 333
67 0 236 14 334
79 0 231 2 335
46 2 288 4 336
31 3 332 14 337
44 4 333 14 338
60 6 334 14 339
-9 -6 322 14 340
27 -4 282 4 341
31 -3 291 4 342
69 -2 247 14 343
81 0 249 14 344
95 0 237 14 345
94 2 267 4 346
86 3 296 4 347
75 4 333 14 348
88 6 334 14 349
31 -6 297 4 350
33 -4 304 4 351
51 -3 291 4 352
96 -2 247 14 353
110 0 236 14 354
99 0 278 4 355
110 2 280 4 356
109 3 293 4 357
102 4 318 4 358
104 6 334 14 359
84 -6 278 4 360
87 -4 283 4 361
99 -3 280 4 362
125 -2 234 14 363
124 0 249 14 364
139 0 232 2 365
140 2 251 14 366
128 3 332 14 367
150 4 302 4 368
144 6 334 14 369
102 -6 289 4 370
103 -4 299 4 371
115 -3 282 4 372
141 -2 234 14 373
153 0 230 2 374
155 0 250 14 375
158 2 286 4 376
162 3 291 4 377
167 4 303 4 378
161 6 334 14 379
107 -6 311 4 380
147 -4 283 4 381
155 -3 291 4 382
161 -2 274 4 383
172 0 249 14 384
171 0 271 4 385
180 2 275 4 386
177 3 295 4 387
182 4 294 4 388
179 6 334 14 389
160 -6 291 4 390
164 -4 289 4 391
169 -3 291 4 392
189 -2 234 14 393
193 0 230 2 394
203 0 230 15 395
194 2 278 4 396
195 3 294 4 397
196 4 318 4 398
203 6 334 14 399
172 -6 302 4 400
187 -4 272 4 401
194 -3 262 4 402
205 -2 239 15 403
215 0 236 14 404
206 0 287 4 405
222 2 251 14 406
226 3 305 4 407
232 4 311 4 408
237 6 317 4 409
192 -6 282 4 410
198 -4 291 4 411
199 -3 299 4 412
225 -2 279 4 413
237 0 236 14 414
244 0 250 14 415
245 2 268 4 416
246 3 302 4 417
248 4 333 14 418
256 6 315 4 419
224 -6 322 14 420
237 -4 288 4 421
244 -3 281 4 422
247 -2 270 4 423
260 0 222 2 424
262 0 232 2 425
264 2 286 4 426
266 3 305 4 427
274 4 307 4 428
274 6 334 14 429
247 -6 298 4 430
253 -4 291 4 431
262 -3 285 4 432
267 -2 277 4 433
273 0 249 14 434
277 0 278 4 435
287 2 314 4 436
303 3 316 4 437
311 4 317 4 438
313 6 334 14 439
270 -6 293 4 440
273 -4 288 4 441
284 -3 304 4 442
292 -2 247 14 443
295 0 230 2 444
308 0 237 14 445
315 2 251 14 446
328 3 296 4 447
333 4 299 4 448
338 6 334 14 449
314 -6 303 4 450
320 -4 300 4 451
328 -3 281 4 452
330 -2 276 4 453
320 0 222 2 454
333 0 272 4 455
335 2 267 4 456
359 3 314 4 457
364 4 333 14 458
388 6 334 14 459
344 -6 300 4 460
350 -4 305 4 461
344 -3 280 4 462
341 -2 247 14 463
358 0 249 14 464
357 0 237 14 465
382 2 292 4 466
390 3 307 4 467
401 4 322 4 468
407 6 334 14 469
390 -6 296 4 470
402 -4 307 4 471
396 -3 297 4 472
395 -2 287 4 473
393 0 282 4 474
380 0 250 14 475
400 2 283 4 476
407 3 290 4 477
416 4 303 4 478
442 6 334 14 479
