480
-41 0 261 14 0
-23 0 243 14 1
31 0 168 2 2
42 0 168 2 3
42 0 177 2 4
55 0 168 2 5
42 0 206 2 6
26 0 243 14 7
-7 0 300 4 8
-7 0 307 4 9
-41 0 273 14 10
-8 0 243 14 11
42 0 186 2 12
42 0 195 2 13
66 0 168 2 14
77 0 168 2 15
88 0 168 2 16
66 0 201 2 17
8 0 300 4 18
6 0 318 4 19
-41 0 303 14 20
8 0 261 14 21
66 0 176 2 22
96 0 137 2 23
104 0 137 2 24
104 0 157 2 25
104 0 167 2 26
66 0 235 2 27
23 0 312 4 28
24 0 322 4 29
-12 0 295 4 30
77 0 176 2 31
104 0 145 2 32
114 0 137 2 33
125 0 137 2 34
137 0 146 2 35
137 0 158 2 36
137 0 177 2 37
88 0 295 4 38
88 0 317 4 39
-7 0 314 4 40
96 0 168 2 41
104 0 176 2 42
137 0 137 2 43
151 0 137 2 44
151 0 146 2 45
151 0 168 2 46
151 0 177 2 47
151 0 214 2 48
147 0 311 4 49
202 0 -2 15 50
104 0 201 2 51
137 0 168 2 52
151 0 158 2 53
164 0 137 2 54
177 0 137 2 55
190 0 158 2 56
190 0 168 2 57
162 0 299 4 58
162 0 316 4 59
202 0 15 15 60
202 0 53 15 61
202 0 88 15 62
190 0 146 2 63
190 0 137 2 64
202 0 141 15 65
202 0 153 15 66
202 0 162 15 67
202 0 170 15 68
202 0 206 15 69
202 0 61 15 70
202 0 97 15 71
202 0 114 15 72
202 0 124 15 73
202 0 133 15 74
209 0 146 2 75
209 0 158 2 76
209 0 168 2 77
202 0 223 15 78
188 0 306 4 79
202 0 71 15 80
202 0 80 15 81
202 0 106 15 82
209 0 137 2 83
221 0 137 2 84
234 0 137 2 85
247 0 158 2 86
247 0 168 2 87
247 0 225 2 88
243 0 319 4 89
202 0 25 15 90
202 0 44 15 91
202 0 34 15 92
214 0 28 4 93
247 0 137 2 94
247 0 146 2 95
261 0 158 2 96
261 0 168 2 97
261 0 214 2 98
261 0 328 4 99
202 0 7 15 100
213 0 -1 4 101
227 0 30 4 102
261 0 137 2 103
261 0 146 2 104
273 0 137 2 105
294 0 157 2 106
294 0 167 2 107
294 0 176 2 108
330 0 329 4 109
226 0 1 4 110
240 0 27 4 111
239 0 -2 4 112
284 0 137 2 113
294 0 137 2 114
294 0 145 2 115
302 0 168 2 116
310 0 168 2 117
356 0 234 2 118
396 0 309 4 119
250 0 1 4 120
251 0 20 4 121
302 0 137 2 122
321 0 176 2 123
321 0 168 2 124
332 0 176 2 125
332 0 168 2 126
356 0 215 2 127
408 0 287 4 128
424 0 316 4 129
250 0 -9 4 130
417 0 300 4 131
356 0 186 2 132
343 0 168 2 133
356 0 177 2 134
356 0 168 2 135
404 0 261 14 136
418 0 282 4 137
440 0 308 4 138
463 0 344 14 139
446 0 306 4 140
463 0 316 14 141
435 0 281 4 142
423 0 261 14 143
367 0 168 2 144
422 0 243 14 145
446 0 261 14 146
463 0 303 14 147
481 0 326 14 148
481 0 312 14 149
463 0 286 14 150
481 0 298 14 151
463 0 273 14 152
441 0 243 14 153
463 0 261 14 154
481 0 285 14 155
464 0 243 14 156
481 0 243 14 157
481 0 255 14 158
481 0 268 14 159
-41 0 286 14 160
-26 0 261 14 161
-10 0 261 14 162
8 0 243 14 163
42 0 215 2 164
66 0 188 2 165
42 0 234 2 166
11 0 291 4 167
-4 0 324 4 168
-26 0 369 14 169
-41 0 316 14 170
-17 0 299 4 171
-3 0 285 4 172
42 0 224 2 173
77 0 188 2 174
77 0 201 2 175
66 0 224 2 176
17 0 312 4 177
17 0 322 4 178
6 0 348 4 179
-25 0 328 4 180
11 0 280 4 181
11 0 286 4 182
66 0 213 2 183
77 0 213 2 184
104 0 188 2 185
77 0 243 14 186
68 0 303 4 187
75 0 304 4 188
82 0 317 4 189
-11 0 325 4 190
14 0 295 4 191
44 0 261 14 192
77 0 224 2 193
104 0 213 2 194
104 0 235 2 195
103 0 261 14 196
96 0 300 4 197
88 0 330 4 198
88 0 343 4 199
3 0 323 4 200
32 0 305 4 201
104 0 224 2 202
88 0 289 4 203
137 0 189 2 204
137 0 202 2 205
137 0 225 2 206
108 0 301 4 207
103 0 369 14 208
146 0 331 4 209
83 0 301 4 210
88 0 312 4 211
137 0 214 2 212
151 0 189 2 213
151 0 202 2 214
151 0 225 2 215
150 0 300 4 216
161 0 294 4 217
162 0 310 4 218
162 0 334 4 219
94 0 317 4 220
104 0 307 4 221
154 0 243 14 222
170 0 243 14 223
190 0 177 2 224
190 0 189 2 225
190 0 214 2 226
190 0 225 2 227
174 0 305 4 228
179 0 307 4 229
153 0 318 4 230
162 0 305 4 231
190 0 202 2 232
202 0 189 15 233
202 0 180 15 234
209 0 189 2 235
202 0 215 15 236
195 0 261 14 237
188 0 312 4 238
188 0 341 4 239
166 0 315 4 240
202 0 197 15 241
209 0 177 2 242
209 0 202 2 243
209 0 214 2 244
209 0 225 2 245
193 0 312 4 246
229 0 304 4 247
236 0 302 4 248
242 0 347 4 249
188 0 290 4 250
202 0 242 15 251
209 0 236 2 252
247 0 202 2 253
247 0 177 2 254
247 0 189 2 255
247 0 236 2 256
251 0 299 4 257
256 0 326 4 258
259 0 338 4 259
229 0 327 4 260
243 0 301 4 261
247 0 214 2 262
261 0 177 2 263
261 0 189 2 264
261 0 202 2 265
266 0 294 4 266
268 0 286 4 267
277 0 337 4 268
291 0 369 14 269
248 0 308 4 270
258 0 305 4 271
262 0 243 14 272
269 0 278 4 273
289 0 243 14 274
294 0 188 2 275
294 0 213 2 276
318 0 312 4 277
327 0 310 4 278
346 0 330 4 279
270 0 312 4 280
294 0 224 2 281
294 0 201 2 282
321 0 235 2 283
321 0 213 2 284
321 0 201 2 285
332 0 235 2 286
335 0 243 14 287
376 0 345 4 288
408 0 348 4 289
342 0 308 4 290
332 0 224 2 291
332 0 213 2 292
321 0 188 2 293
332 0 201 2 294
332 0 188 2 295
356 0 224 2 296
398 0 303 4 297
424 0 336 4 298
446 0 369 14 299
422 0 327 4 300
417 0 321 4 301
410 0 293 4 302
380 0 243 14 303
356 0 206 2 304
356 0 195 2 305
422 0 296 4 306
424 0 302 4 307
437 0 328 4 308
463 0 356 14 309
428 0 309 4 310
420 0 288 4 311
432 0 300 4 312
428 0 291 4 313
400 0 243 14 314
431 0 287 4 315
442 0 301 4 316
463 0 330 14 317
481 0 351 14 318
481 0 338 14 319
-41 0 330 14 320
-41 0 344 14 321
-7 0 290 4 322
24 0 261 14 323
42 0 243 14 324
23 0 285 4 325
11 0 306 4 326
6 0 328 4 327
-10 0 369 14 328
6 0 355 4 329
-41 0 356 14 330
-18 0 327 4 331
3 0 304 4 332
19 0 290 4 333
62 0 243 14 334
77 0 235 2 335
30 0 311 4 336
8 0 369 14 337
24 0 369 14 338
44 0 369 14 339
-41 0 369 14 340
6 0 312 4 341
9 0 322 4 342
59 0 261 14 343
74 0 261 14 344
92 0 243 14 345
88 0 282 4 346
75 0 320 4 347
59 0 369 14 348
74 0 369 14 349
6 0 335 4 350
6 0 342 4 351
30 0 322 4 352
89 0 261 14 353
107 0 243 14 354
89 0 300 4 355
103 0 300 4 356
99 0 316 4 357
88 0 348 4 358
89 0 369 14 359
71 0 309 4 360
73 0 314 4 361
88 0 307 4 362
121 0 243 14 363
118 0 261 14 364
137 0 236 2 365
136 0 261 14 366
118 0 369 14 367
146 0 326 4 368
136 0 369 14 369
88 0 323 4 370
88 0 336 4 371
102 0 311 4 372
136 0 243 14 373
151 0 236 2 374
152 0 261 14 375
154 0 309 4 376
157 0 314 4 377
162 0 328 4 378
152 0 369 14 379
88 0 354 4 380
141 0 313 4 381
149 0 322 4 382
156 0 297 4 383
169 0 261 14 384
166 0 290 4 385
176 0 294 4 386
170 0 319 4 387
176 0 316 4 388
169 0 369 14 389
153 0 327 4 390
157 0 322 4 391
162 0 322 4 392
187 0 243 14 393
190 0 236 2 394
202 0 233 15 395
188 0 298 4 396
188 0 318 4 397
188 0 349 4 398
195 0 369 14 399
162 0 341 4 400
181 0 298 4 401
188 0 283 4 402
202 0 250 15 403
213 0 243 14 404
199 0 311 4 405
220 0 261 14 406
223 0 333 4 407
229 0 339 4 408
235 0 345 4 409
182 0 314 4 410
188 0 325 4 411
188 0 333 4 412
222 0 305 4 413
237 0 243 14 414
244 0 261 14 415
244 0 284 4 416
243 0 328 4 417
244 0 369 14 418
253 0 342 4 419
220 0 369 14 420
235 0 321 4 421
243 0 309 4 422
244 0 292 4 423
261 0 225 2 424
261 0 236 2 425
262 0 309 4 426
263 0 333 4 427
272 0 333 4 428
271 0 369 14 429
243 0 336 4 430
249 0 325 4 431
259 0 315 4 432
265 0 302 4 433
271 0 261 14 434
274 0 300 4 435
286 0 347 4 436
306 0 347 4 437
315 0 347 4 438
317 0 369 14 439
267 0 329 4 440
269 0 321 4 441
282 0 341 4 442
291 0 261 14 443
294 0 235 2 444
309 0 243 14 445
317 0 261 14 446
333 0 320 4 447
339 0 323 4 448
344 0 369 14 449
320 0 343 4 450
326 0 337 4 451
335 0 309 4 452
336 0 300 4 453
321 0 224 2 454
337 0 291 4 455
337 0 282 4 456
368 0 345 4 457
374 0 369 14 458
404 0 369 14 459
354 0 339 4 460
360 0 344 4 461
350 0 307 4 462
344 0 261 14 463
365 0 261 14 464
362 0 243 14 465
394 0 316 4 466
404 0 336 4 467
417 0 354 4 468
423 0 369 14 469
409 0 333 4 470
423 0 347 4 471
414 0 331 4 472
410 0 315 4 473
406 0 306 4 474
386 0 261 14 475
412 0 304 4 476
419 0 312 4 477
430 0 328 4 478
463 0 369 14 479
