480
-43 0 194 2 0
-43 0 215 1 1
-43 0 238 15 2
-43 0 262 1 3
-43 0 284 4 4
-43 0 307 2 5
-43 0 330 4 6
-40 0 348 15 7
-33 0 341 14 8
-25 0 259 15 9
-16 0 355 14 10
-25 0 326 4 11
-24 0 233 5 12
-21 0 311 14 13
-21 0 288 5 14
-18 0 269 14 15
-10 0 325 15 16
-17 0 214 14 17
7 0 355 4 18
-16 0 192 15 19
-15 0 233 14 20
-25 0 184 5 21
-15 0 259 2 22
-25 0 207 5 23
-14 0 259 3 24
-22 0 162 14 25
-6 0 237 15 26
-9 0 241 1 27
1 0 245 14 28
-6 0 231 4 29
38 0 250 4 30
7 0 331 15 31
29 0 320 15 32
17 0 337 15 33
29 0 334 2 34
7 0 205 4 35
4 0 201 14 36
-1 0 170 5 37
28 0 349 15 38
30 0 278 2 39
12 0 228 1 40
16 0 162 15 41
15 0 217 1 42
20 0 239 5 43
38 0 233 3 44
41 0 262 4 45
34 0 289 2 46
36 0 251 4 47
42 0 238 3 48
38 0 287 14 49
49 0 201 1 50
38 0 304 4 51
45 0 349 3 52
29 0 208 15 53
41 0 293 3 54
41 0 313 15 55
35 0 152 1 56
49 0 279 14 57
47 0 99 5 58
63 0 104 4 59
45 0 176 4 60
47 0 183 4 61
61 0 168 2 62
48 0 200 1 63
47 0 210 4 64
55 0 203 2 65
47 0 230 1 66
48 0 251 14 67
51 0 355 14 68
58 0 152 14 69
68 0 241 2 70
68 0 344 2 71
70 0 225 3 72
76 0 143 15 73
72 0 159 14 74
72 0 173 3 75
70 0 193 3 76
72 0 202 14 77
72 0 212 3 78
68 0 231 5 79
69 0 288 2 80
71 0 302 14 81
73 0 312 14 82
76 0 257 15 83
75 0 349 2 84
77 0 296 4 85
77 0 314 15 86
84 0 151 4 87
77 0 173 4 88
78 0 184 4 89
84 0 185 5 90
84 0 196 14 91
85 0 207 5 92
78 0 232 4 93
78 0 241 4 94
80 0 307 5 95
81 0 290 5 96
90 0 156 14 97
90 0 248 15 98
90 0 257 2 99
90 0 276 15 100
90 0 288 14 101
84 0 288 5 102
90 0 304 15 103
84 0 298 5 104
90 0 322 5 105
90 0 331 2 106
102 0 323 1 107
90 0 344 14 108
97 0 340 4 109
91 0 232 15 110
91 0 289 15 111
102 0 344 2 112
92 0 240 15 113
93 0 310 1 114
96 0 123 15 115
94 0 162 1 116
106 0 257 14 117
108 0 274 14 118
109 0 293 2 119
110 0 221 4 120
110 0 273 14 121
110 0 348 2 122
104 0 127 2 123
103 0 123 1 124
108 0 123 2 125
106 0 151 2 126
101 0 151 1 127
108 0 149 2 128
106 0 183 2 129
111 0 176 4 130
111 0 186 4 131
111 0 199 5 132
116 0 281 14 133
113 0 219 15 134
112 0 293 3 135
117 0 116 1 136
119 0 259 1 137
121 0 355 14 138
125 0 226 15 139
123 0 132 2 140
133 0 232 1 141
133 0 249 2 142
133 0 347 1 143
136 0 129 5 144
133 0 127 1 145
133 0 145 1 146
133 0 155 1 147
131 0 149 15 148
133 0 172 4 149
133 0 185 1 150
133 0 196 2 151
134 0 207 1 152
133 0 218 4 153
136 0 301 5 154
146 0 325 4 155
138 0 317 2 156
139 0 289 2 157
140 0 300 5 158
159 0 243 14 159
150 0 112 5 160
150 0 126 4 161
149 0 146 4 162
154 0 142 1 163
146 0 138 5 164
154 0 163 14 165
146 0 160 15 166
148 0 189 15 167
154 0 195 14 168
160 0 191 2 169
160 0 217 2 170
141 0 342 14 171
161 0 267 14 172
155 0 325 5 173
161 0 201 3 174
162 0 252 1 175
162 0 251 1 176
163 0 292 14 177
169 0 295 15 178
165 0 260 15 179
172 0 261 2 180
172 0 280 3 181
165 0 300 3 182
165 0 310 1 183
186 0 280 14 184
165 0 321 14 185
165 0 330 3 186
160 0 340 2 187
165 0 129 3 188
168 0 284 4 189
192 0 269 14 190
169 0 257 4 191
176 0 347 3 192
170 0 240 1 193
191 0 286 2 194
178 0 296 3 195
179 0 285 14 196
198 0 281 1 197
174 0 133 3 198
181 0 304 5 199
197 0 271 15 200
183 0 313 15 201
185 0 239 3 202
204 0 255 2 203
204 0 263 1 204
204 0 275 4 205
200 0 285 3 206
200 0 294 14 207
204 0 292 15 208
204 0 300 4 209
200 0 316 15 210
193 0 332 15 211
189 0 345 5 212
176 0 117 3 213
187 0 143 1 214
180 0 146 3 215
187 0 161 14 216
187 0 173 5 217
187 0 183 4 218
187 0 194 14 219
187 0 206 5 220
187 0 217 1 221
206 0 211 1 222
203 0 299 1 223
204 0 243 1 224
203 0 347 1 225
210 0 298 2 226
163 0 9 14 227
179 0 13 3 228
209 0 18 5 229
194 0 23 15 230
217 0 42 4 231
210 0 49 3 232
203 0 53 2 233
206 0 64 2 234
197 0 71 15 235
202 0 80 2 236
214 0 78 4 237
199 0 93 14 238
220 0 88 15 239
191 0 102 2 240
193 0 115 2 241
202 0 133 2 242
193 0 129 2 243
187 0 131 1 244
193 0 147 14 245
201 0 167 2 246
208 0 172 5 247
220 0 163 5 248
213 0 180 2 249
208 0 195 3 250
208 0 205 2 251
220 0 194 5 252
212 0 215 3 253
212 0 224 4 254
232 0 193 15 255
221 0 110 5 256
212 0 141 14 257
228 0 121 4 258
218 0 152 3 259
232 0 136 15 260
231 0 156 14 261
230 0 168 15 262
212 0 210 2 263
212 0 221 4 264
230 0 196 15 265
290 0 9 3 266
232 0 206 14 267
217 0 31 15 268
242 0 216 4 269
221 0 355 4 270
233 0 116 2 271
222 0 301 15 272
224 0 328 15 273
283 0 10 1 274
237 0 26 1 275
255 0 237 3 276
241 0 297 1 277
233 0 332 15 278
245 0 123 1 279
269 0 247 2 280
251 0 312 14 281
245 0 278 3 282
246 0 226 3 283
335 0 9 5 284
275 0 24 2 285
248 0 335 3 286
249 0 289 2 287
255 0 282 5 288
255 0 293 3 289
249 0 315 5 290
249 0 324 2 291
249 0 248 3 292
268 0 226 15 293
255 0 265 3 294
274 0 336 1 295
256 0 120 4 296
262 0 122 4 297
251 0 149 2 298
260 0 145 5 299
257 0 159 15 300
251 0 182 2 301
251 0 194 4 302
251 0 205 3 303
275 0 170 4 304
251 0 227 4 305
276 0 245 4 306
258 0 307 5 307
356 0 5 3 308
326 0 10 3 309
265 0 20 2 310
253 0 293 2 311
254 0 341 14 312
262 0 319 5 313
293 0 224 5 314
263 0 308 14 315
263 0 330 1 316
275 0 112 2 317
270 0 130 3 318
274 0 133 1 319
265 0 161 14 320
272 0 157 3 321
265 0 182 4 322
265 0 194 15 323
265 0 205 5 324
265 0 216 1 325
265 0 227 14 326
283 0 302 5 327
284 0 192 3 328
290 0 260 4 329
284 0 310 3 330
291 0 251 5 331
286 0 257 14 332
292 0 303 15 333
287 0 243 3 334
288 0 233 3 335
293 0 293 3 336
288 0 288 3 337
302 0 192 15 338
279 0 355 1 339
295 0 310 14 340
285 0 118 3 341
290 0 276 5 342
282 0 331 5 343
294 0 326 4 344
290 0 126 4 345
297 0 334 14 346
298 0 225 14 347
299 0 247 1 348
305 0 341 3 349
295 0 135 14 350
305 0 122 14 351
301 0 143 2 352
304 0 144 2 353
310 0 142 4 354
307 0 160 3 355
307 0 171 3 356
307 0 183 14 357
307 0 195 1 358
312 0 200 4 359
314 0 112 2 360
305 0 160 3 361
313 0 334 2 362
315 0 230 5 363
323 0 135 4 364
329 0 318 4 365
319 0 255 3 366
330 0 347 5 367
320 0 305 4 368
320 0 341 14 369
333 0 141 1 370
321 0 175 3 371
322 0 185 3 372
332 0 178 4 373
332 0 190 1 374
332 0 201 1 375
321 0 233 3 376
330 0 331 15 377
336 0 274 2 378
343 0 307 1 379
338 0 150 5 380
338 0 159 2 381
344 0 159 3 382
344 0 177 14 383
339 0 200 2 384
338 0 211 5 385
338 0 222 15 386
345 0 297 1 387
340 0 231 3 388
346 0 286 4 389
347 0 275 4 390
341 0 273 3 391
341 0 283 1 392
342 0 317 15 393
344 0 304 1 394
350 0 153 2 395
345 0 256 4 396
348 0 355 1 397
352 0 319 2 398
354 0 302 5 399
356 0 329 14 400
360 0 151 3 401
357 0 171 14 402
357 0 180 2 403
358 0 189 14 404
357 0 200 14 405
357 0 210 2 406
357 0 220 4 407
357 0 232 3 408
368 0 319 5 409
367 0 208 4 410
370 0 233 14 411
368 0 166 14 412
372 0 329 2 413
380 0 355 1 414
376 0 335 1 415
378 0 234 15 416
386 0 259 5 417
391 0 309 4 418
392 0 300 14 419
393 0 287 14 420
391 0 204 3 421
396 0 229 15 422
390 0 304 4 423
396 0 341 15 424
397 0 278 5 425
398 0 252 5 426
401 0 337 14 427
393 0 292 2 428
399 0 250 5 429
399 0 277 5 430
395 0 247 15 431
412 0 328 3 432
399 0 221 5 433
403 0 275 1 434
403 0 319 5 435
406 0 211 5 436
403 0 245 1 437
411 0 232 15 438
419 0 208 15 439
415 0 233 1 440
405 0 260 14 441
421 0 200 5 442
421 0 343 5 443
432 0 348 3 444
415 0 222 2 445
409 0 244 2 446
424 0 331 5 447
428 0 233 3 448
425 0 240 3 449
433 0 250 5 450
433 0 214 4 451
437 0 239 4 452
441 0 210 5 453
449 0 253 1 454
451 0 231 4 455
445 0 205 15 456
453 0 235 1 457
454 0 200 4 458
454 0 250 2 459
449 0 355 15 460
463 0 241 3 461
463 0 262 3 462
463 0 275 14 463
464 0 271 3 464
464 0 297 3 465
464 0 313 14 466
464 0 329 14 467
464 0 341 14 468
473 0 218 1 469
464 0 223 4 470
483 0 167 1 471
483 0 187 15 472
483 0 210 14 473
483 0 234 15 474
483 0 256 3 475
483 0 279 1 476
483 0 302 3 477
483 0 323 14 478
483 0 346 15 479
