480
-41 0 254 5 0
-41 0 267 3 1
-41 0 281 5 2
-41 0 299 4 3
-41 0 312 15 4
-41 0 327 4 5
-41 0 342 15 6
-41 0 355 4 7
-40 0 366 5 8
-26 0 260 15 9
-25 0 367 1 10
-25 0 327 15 11
-23 0 242 1 12
-18 0 325 2 13
-17 0 298 2 14
-13 0 292 2 15
-11 0 325 3 16
-11 0 256 14 17
-8 0 367 5 18
-9 0 238 3 19
-8 0 284 15 20
-9 0 288 4 21
-8 0 302 15 22
-9 0 303 15 23
-5 0 317 4 24
-5 0 272 15 25
2 0 297 14 26
2 0 315 2 27
6 0 305 1 28
5 0 309 15 29
9 0 320 14 30
6 0 334 1 31
8 0 339 1 32
7 0 347 15 33
8 0 353 15 34
8 0 239 14 35
8 0 255 1 36
7 0 287 3 37
10 0 367 1 38
11 0 317 1 39
11 0 275 4 40
11 0 273 4 41
11 0 283 2 42
12 0 299 1 43
16 0 289 2 44
19 0 307 3 45
19 0 318 2 46
21 0 286 14 47
25 0 280 4 48
24 0 309 4 49
26 0 255 5 50
25 0 320 2 51
26 0 367 5 52
26 0 239 3 53
31 0 309 14 54
31 0 321 4 55
31 0 167 14 56
34 0 302 1 57
43 0 162 1 58
44 0 170 3 59
42 0 184 15 60
42 0 193 1 61
44 0 202 3 62
43 0 213 15 63
43 0 222 1 64
43 0 231 3 65
43 0 241 15 66
44 0 260 15 67
45 0 367 1 68
55 0 167 3 69
60 0 259 14 70
60 0 366 4 71
63 0 241 4 72
67 0 166 14 73
67 0 175 5 74
67 0 186 5 75
66 0 200 1 76
67 0 211 4 77
67 0 222 14 78
66 0 234 5 79
68 0 301 1 80
71 0 308 15 81
73 0 313 2 82
74 0 260 14 83
74 0 367 15 84
75 0 303 2 85
75 0 319 14 86
78 0 167 1 87
77 0 176 15 88
77 0 187 15 89
78 0 199 1 90
78 0 211 14 91
78 0 222 1 92
77 0 234 15 93
77 0 242 15 94
82 0 316 1 95
83 0 299 1 96
88 0 167 3 97
88 0 278 3 98
88 0 285 5 99
88 0 293 1 100
88 0 305 3 101
88 0 309 3 102
88 0 315 5 103
88 0 320 1 104
88 0 329 5 105
88 0 335 3 106
89 0 341 5 107
88 0 347 2 108
89 0 352 2 109
89 0 258 5 110
89 0 299 2 111
90 0 366 3 112
92 0 242 3 113
94 0 316 3 114
96 0 136 5 115
96 0 168 5 116
97 0 295 3 117
100 0 311 5 118
103 0 309 14 119
104 0 257 1 120
104 0 297 5 121
104 0 367 14 122
104 0 136 14 123
104 0 143 1 124
104 0 154 5 125
104 0 166 14 126
104 0 174 5 127
104 0 184 5 128
104 0 199 14 129
105 0 209 4 130
105 0 220 14 131
105 0 231 1 132
105 0 304 14 133
108 0 240 14 134
108 0 300 2 135
114 0 135 1 136
118 0 260 1 137
118 0 367 2 138
121 0 241 2 139
125 0 137 3 140
136 0 241 5 141
136 0 259 1 142
136 0 366 14 143
137 0 137 14 144
137 0 145 5 145
137 0 157 1 146
137 0 167 14 147
136 0 175 5 148
137 0 187 5 149
137 0 200 1 150
137 0 212 5 151
137 0 223 14 152
137 0 234 5 153
140 0 311 14 154
146 0 325 15 155
145 0 329 2 156
146 0 308 1 157
148 0 319 15 158
151 0 294 15 159
151 0 135 2 160
151 0 145 1 161
151 0 157 4 162
151 0 166 2 163
150 0 174 15 164
151 0 186 1 165
151 0 197 2 166
151 0 211 15 167
151 0 222 2 168
152 0 231 4 169
153 0 256 4 170
151 0 366 2 171
154 0 313 4 172
153 0 326 1 173
155 0 238 15 174
155 0 303 4 175
157 0 292 1 176
158 0 311 3 177
158 0 319 2 178
161 0 290 3 179
163 0 295 2 180
163 0 302 14 181
162 0 309 4 182
162 0 315 14 183
164 0 317 3 184
162 0 327 3 185
162 0 333 4 186
162 0 340 14 187
164 0 137 4 188
166 0 289 4 189
169 0 310 5 190
169 0 260 4 191
170 0 366 5 192
170 0 242 4 193
172 0 315 1 194
174 0 304 14 195
176 0 293 5 196
178 0 312 2 197
177 0 137 15 198
179 0 306 15 199
183 0 295 14 200
182 0 313 3 201
187 0 242 1 202
190 0 280 2 203
190 0 287 4 204
190 0 295 15 205
189 0 304 2 206
189 0 310 2 207
190 0 315 4 208
190 0 322 15 209
189 0 331 4 210
189 0 340 4 211
188 0 348 15 212
189 0 136 2 213
190 0 146 1 214
189 0 157 4 215
190 0 168 2 216
190 0 177 15 217
190 0 188 4 218
190 0 201 4 219
190 0 213 1 220
190 0 224 2 221
192 0 233 2 222
194 0 310 3 223
196 0 259 14 224
196 0 366 4 225
200 0 309 4 226
198 0 -1 4 227
200 0 8 3 228
203 0 16 4 229
201 0 25 5 230
203 0 35 4 231
203 0 45 15 232
202 0 53 5 233
202 0 62 4 234
202 0 71 4 235
202 0 80 5 236
203 0 87 15 237
202 0 97 4 238
204 0 105 5 239
201 0 113 15 240
201 0 124 3 241
202 0 133 5 242
201 0 140 5 243
201 0 151 3 244
201 0 161 5 245
202 0 170 15 246
203 0 180 3 247
204 0 186 4 248
203 0 195 5 249
203 0 204 4 250
203 0 214 4 251
204 0 220 5 252
203 0 231 15 253
203 0 240 4 254
205 0 244 15 255
210 0 135 14 256
209 0 146 5 257
211 0 155 14 258
210 0 167 14 259
211 0 173 14 260
211 0 185 14 261
211 0 198 15 262
209 0 213 5 263
209 0 224 14 264
211 0 232 14 265
220 0 0 1 266
215 0 239 5 267
214 0 29 2 268
221 0 256 3 269
220 0 367 1 270
222 0 135 1 271
222 0 304 1 272
223 0 332 1 273
231 0 2 5 274
228 0 30 4 275
232 0 297 2 276
230 0 324 2 277
229 0 338 2 278
235 0 136 4 279
238 0 313 14 280
237 0 341 14 281
237 0 299 3 282
238 0 241 3 283
248 0 -1 14 284
243 0 27 5 285
243 0 345 4 286
244 0 299 4 287
244 0 306 5 288
244 0 316 4 289
244 0 326 4 290
244 0 334 5 291
245 0 259 1 292
246 0 278 14 293
245 0 289 5 294
247 0 365 14 295
248 0 136 14 296
248 0 144 1 297
247 0 158 1 298
248 0 166 14 299
248 0 176 5 300
247 0 188 1 301
247 0 201 1 302
247 0 213 5 303
250 0 219 2 304
247 0 235 5 305
251 0 301 2 306
250 0 323 5 307
260 0 -7 2 308
257 0 2 3 309
252 0 20 2 310
251 0 298 14 311
253 0 341 2 312
257 0 325 15 313
261 0 297 1 314
259 0 314 3 315
259 0 337 1 316
262 0 135 2 317
262 0 145 1 318
262 0 156 1 319
261 0 168 2 320
262 0 175 1 321
261 0 188 4 322
261 0 201 4 323
261 0 213 1 324
261 0 224 2 325
261 0 235 1 326
263 0 325 1 327
264 0 238 15 328
265 0 304 3 329
265 0 330 5 330
268 0 297 2 331
268 0 290 2 332
269 0 326 2 333
270 0 281 4 334
271 0 273 14 335
271 0 318 3 336
272 0 309 4 337
274 0 254 4 338
272 0 367 4 339
274 0 330 14 340
274 0 136 4 341
276 0 297 4 342
277 0 336 5 343
283 0 339 14 344
285 0 136 15 345
287 0 345 14 346
290 0 241 15 347
292 0 259 3 348
292 0 366 1 349
294 0 137 1 350
295 0 143 4 351
295 0 156 1 352
295 0 165 2 353
296 0 173 1 354
295 0 185 1 355
295 0 198 2 356
295 0 210 15 357
295 0 221 2 358
296 0 231 4 359
303 0 135 3 360
302 0 168 3 361
307 0 345 3 362
310 0 241 4 363
311 0 165 5 364
316 0 344 5 365
317 0 260 5 366
318 0 366 14 367
318 0 311 14 368
320 0 342 2 369
322 0 166 15 370
321 0 176 14 371
321 0 187 14 372
322 0 198 15 373
322 0 210 5 374
322 0 221 15 375
321 0 234 14 376
326 0 336 1 377
328 0 306 1 378
331 0 326 1 379
333 0 167 2 380
333 0 175 1 381
333 0 185 1 382
333 0 198 2 383
333 0 211 15 384
333 0 222 2 385
333 0 233 1 386
334 0 317 1 387
335 0 241 2 388
336 0 306 3 389
337 0 297 2 390
337 0 281 3 391
337 0 290 2 392
339 0 322 1 393
342 0 307 4 394
344 0 167 4 395
344 0 260 3 396
344 0 367 4 397
347 0 329 15 398
350 0 306 14 399
354 0 338 14 400
356 0 167 15 401
356 0 177 5 402
356 0 185 14 403
356 0 194 15 404
356 0 205 14 405
356 0 214 14 406
356 0 223 15 407
356 0 233 14 408
361 0 341 3 409
362 0 239 14 410
365 0 258 4 411
367 0 168 2 412
368 0 343 4 413
375 0 367 4 414
376 0 344 3 415
380 0 242 4 416
386 0 260 5 417
394 0 315 2 418
396 0 308 1 419
397 0 301 3 420
399 0 239 14 421
403 0 257 4 422
403 0 332 2 423
403 0 366 2 424
405 0 303 5 425
407 0 283 3 426
407 0 346 2 427
407 0 329 5 428
409 0 288 2 429
409 0 311 3 430
410 0 298 3 431
414 0 330 14 432
415 0 292 3 433
416 0 316 4 434
416 0 350 3 435
417 0 275 15 436
417 0 305 5 437
419 0 282 5 438
422 0 239 4 439
421 0 289 5 440
420 0 320 4 441
423 0 255 14 442
423 0 346 5 443
424 0 367 14 444
423 0 294 4 445
423 0 309 14 446
424 0 335 14 447
428 0 285 2 448
428 0 302 2 449
430 0 320 14 450
431 0 279 1 451
433 0 294 14 452
436 0 274 4 453
438 0 320 15 454
441 0 300 5 455
441 0 239 1 456
443 0 294 1 457
447 0 255 4 458
447 0 300 14 459
446 0 367 4 460
463 0 259 2 461
463 0 271 14 462
463 0 284 2 463
463 0 299 14 464
463 0 314 2 465
463 0 328 2 466
463 0 342 2 467
463 0 354 14 468
464 0 354 14 469
464 0 241 14 470
481 0 235 3 471
481 0 248 4 472
481 0 262 3 473
481 0 280 4 474
481 0 294 2 475
481 0 308 4 476
481 0 323 2 477
481 0 336 4 478
481 0 350 2 479
