480
-43 0 197 1 0
-43 0 218 3 1
-43 0 240 15 2
-43 0 264 14 3
-43 0 286 3 4
-43 0 308 1 5
-43 0 330 3 6
-40 0 349 14 7
-34 0 343 5 8
-25 0 259 14 9
-17 0 356 1 10
-25 0 326 3 11
-24 0 233 4 12
-21 0 312 15 13
-20 0 289 4 14
-18 0 270 5 15
-10 0 325 14 16
-16 0 217 1 17
6 0 356 14 18
-15 0 195 14 19
-15 0 236 4 20
-24 0 190 15 21
-15 0 261 5 22
-24 0 212 4 23
-13 0 263 14 24
-21 0 168 5 25
-5 0 241 15 26
-9 0 245 3 27
1 0 249 3 28
-5 0 236 14 29
37 0 254 3 30
7 0 331 14 31
27 0 321 14 32
16 0 338 14 33
27 0 335 1 34
7 0 207 3 35
5 0 204 2 36
-1 0 177 15 37
27 0 350 14 38
29 0 281 1 39
12 0 231 15 40
15 0 169 15 41
15 0 221 5 42
19 0 242 5 43
37 0 236 1 44
40 0 265 1 45
34 0 290 1 46
35 0 253 2 47
41 0 240 3 48
37 0 289 2 49
48 0 204 4 50
37 0 305 3 51
44 0 350 2 52
29 0 210 14 53
41 0 294 2 54
41 0 314 14 55
35 0 153 1 56
49 0 280 5 57
47 0 103 15 58
62 0 108 1 59
45 0 176 3 60
47 0 183 3 61
60 0 170 2 62
48 0 201 15 63
47 0 210 3 64
55 0 205 5 65
47 0 230 15 66
48 0 251 5 67
51 0 356 1 68
58 0 153 14 69
68 0 242 1 70
68 0 346 1 71
69 0 226 2 72
76 0 144 14 73
72 0 160 5 74
72 0 174 2 75
70 0 193 2 76
72 0 202 5 77
72 0 212 2 78
68 0 231 4 79
69 0 289 1 80
71 0 302 5 81
73 0 312 5 82
76 0 257 14 83
75 0 350 1 84
77 0 296 3 85
77 0 314 14 86
84 0 152 3 87
77 0 174 3 88
78 0 184 3 89
84 0 186 4 90
84 0 197 5 91
84 0 208 3 92
78 0 232 3 93
78 0 241 3 94
80 0 308 4 95
81 0 291 4 96
90 0 156 5 97
90 0 250 14 98
90 0 259 1 99
90 0 277 14 100
90 0 289 5 101
84 0 289 4 102
90 0 304 14 103
84 0 299 4 104
90 0 323 4 105
90 0 331 1 106
101 0 324 1 107
90 0 344 5 108
96 0 341 3 109
91 0 233 14 110
91 0 290 14 111
102 0 345 1 112
92 0 240 14 113
93 0 311 15 114
96 0 124 14 115
94 0 163 15 116
106 0 260 2 117
108 0 276 3 118
109 0 294 1 119
110 0 223 3 120
110 0 275 5 121
109 0 349 1 122
104 0 127 1 123
103 0 124 15 124
108 0 125 2 125
106 0 152 1 126
102 0 152 15 127
108 0 151 1 128
106 0 184 1 129
111 0 178 2 130
111 0 188 14 131
111 0 201 14 132
115 0 282 4 133
113 0 220 4 134
112 0 294 2 135
116 0 117 4 136
119 0 259 15 137
121 0 356 1 138
125 0 227 14 139
123 0 132 1 140
133 0 232 15 141
133 0 249 1 142
133 0 348 14 143
136 0 130 4 144
134 0 128 15 145
134 0 146 15 146
134 0 155 15 147
131 0 151 14 148
134 0 173 15 149
134 0 186 15 150
134 0 197 1 151
134 0 208 15 152
134 0 219 3 153
136 0 301 4 154
146 0 325 3 155
139 0 317 1 156
139 0 290 1 157
140 0 301 4 158
159 0 246 1 159
150 0 113 14 160
150 0 127 3 161
149 0 147 3 162
154 0 144 15 163
146 0 140 4 164
154 0 164 5 165
146 0 163 4 166
149 0 190 14 167
154 0 197 5 168
159 0 193 14 169
160 0 220 14 170
142 0 344 2 171
160 0 270 5 172
155 0 325 4 173
161 0 203 2 174
161 0 255 15 175
162 0 253 15 176
163 0 293 5 177
169 0 297 15 178
165 0 261 14 179
171 0 263 1 180
171 0 281 2 181
165 0 300 2 182
165 0 310 15 183
185 0 282 4 184
165 0 322 5 185
165 0 330 2 186
160 0 340 1 187
165 0 130 2 188
168 0 284 3 189
191 0 271 5 190
169 0 258 3 191
175 0 348 15 192
170 0 240 15 193
190 0 288 4 194
178 0 297 2 195
179 0 286 5 196
197 0 283 15 197
174 0 133 2 198
181 0 304 4 199
196 0 273 2 200
183 0 313 14 201
185 0 239 2 202
203 0 257 3 203
203 0 264 14 204
203 0 276 1 205
200 0 286 2 206
200 0 295 5 207
203 0 293 14 208
203 0 302 3 209
200 0 317 14 210
193 0 333 14 211
189 0 345 4 212
177 0 118 2 213
187 0 143 15 214
181 0 147 3 215
187 0 162 5 216
187 0 173 4 217
187 0 183 3 218
188 0 195 5 219
187 0 206 4 220
187 0 217 15 221
205 0 212 15 222
202 0 299 15 223
204 0 244 3 224
203 0 348 14 225
209 0 299 1 226
165 0 8 14 227
180 0 13 2 228
209 0 17 4 229
194 0 23 14 230
216 0 42 3 231
210 0 49 2 232
203 0 53 1 233
206 0 63 1 234
197 0 71 14 235
202 0 80 1 236
213 0 78 3 237
199 0 93 5 238
220 0 89 3 239
192 0 102 1 240
194 0 115 1 241
202 0 133 1 242
194 0 129 1 243
188 0 132 15 244
194 0 148 5 245
201 0 167 1 246
208 0 172 4 247
219 0 165 4 248
213 0 181 1 249
208 0 196 2 250
208 0 205 1 251
219 0 196 4 252
211 0 216 2 253
211 0 225 3 254
231 0 196 14 255
221 0 111 4 256
212 0 141 5 257
227 0 123 3 258
218 0 153 3 259
231 0 138 14 260
229 0 157 15 261
229 0 170 15 262
211 0 210 1 263
211 0 221 3 264
229 0 198 5 265
286 0 9 1 266
231 0 208 4 267
216 0 31 14 268
241 0 218 3 269
221 0 356 14 270
232 0 117 5 271
222 0 302 14 272
224 0 328 14 273
280 0 10 15 274
237 0 26 15 275
254 0 241 2 276
241 0 299 15 277
233 0 332 14 278
244 0 124 14 279
267 0 251 14 280
250 0 314 5 281
245 0 279 2 282
245 0 227 2 283
330 0 8 4 284
273 0 24 15 285
248 0 336 2 286
249 0 289 1 287
254 0 283 3 288
254 0 294 1 289
249 0 315 4 290
249 0 325 1 291
249 0 249 2 292
267 0 229 1 293
255 0 266 2 294
272 0 337 15 295
256 0 121 2 296
261 0 124 3 297
251 0 149 1 298
259 0 147 3 299
257 0 160 14 300
251 0 183 1 301
251 0 194 3 302
251 0 206 2 303
274 0 173 14 304
251 0 228 5 305
275 0 248 1 306
258 0 308 4 307
351 0 4 4 308
322 0 10 1 309
265 0 20 1 310
253 0 293 1 311
254 0 341 5 312
262 0 319 4 313
291 0 228 14 314
263 0 308 5 315
263 0 331 15 316
274 0 113 2 317
269 0 131 1 318
273 0 134 15 319
264 0 161 5 320
271 0 158 2 321
264 0 183 3 322
265 0 194 14 323
264 0 206 4 324
264 0 217 15 325
264 0 228 15 326
282 0 303 4 327
283 0 195 2 328
288 0 263 2 329
283 0 311 2 330
290 0 254 4 331
285 0 259 5 332
291 0 304 4 333
286 0 245 5 334
287 0 236 1 335
292 0 295 2 336
287 0 290 2 337
300 0 195 14 338
279 0 356 3 339
294 0 311 4 340
285 0 119 2 341
289 0 277 3 342
282 0 331 4 343
294 0 327 3 344
290 0 127 3 345
296 0 335 5 346
298 0 226 5 347
299 0 248 5 348
304 0 342 1 349
295 0 136 5 350
304 0 123 4 351
300 0 144 1 352
303 0 145 5 353
309 0 144 2 354
306 0 161 15 355
306 0 173 14 356
306 0 184 14 357
306 0 197 15 358
311 0 202 3 359
313 0 113 3 360
305 0 160 2 361
313 0 335 1 362
315 0 231 4 363
323 0 136 3 364
328 0 320 2 365
319 0 255 2 366
330 0 348 3 367
320 0 306 3 368
320 0 341 5 369
333 0 143 15 370
321 0 175 2 371
322 0 186 2 372
332 0 180 3 373
332 0 192 5 374
332 0 202 15 375
321 0 233 2 376
329 0 331 14 377
335 0 276 14 378
343 0 308 15 379
338 0 151 4 380
338 0 159 1 381
344 0 161 15 382
344 0 178 5 383
338 0 200 1 384
338 0 211 4 385
338 0 222 14 386
344 0 299 14 387
340 0 232 14 388
345 0 288 15 389
346 0 277 1 390
341 0 274 2 391
341 0 284 2 392
342 0 317 14 393
344 0 304 15 394
350 0 154 1 395
345 0 256 3 396
348 0 356 3 397
352 0 320 15 398
354 0 302 4 399
356 0 330 5 400
360 0 152 2 401
357 0 171 5 402
357 0 180 1 403
358 0 189 5 404
357 0 200 5 405
357 0 210 1 406
357 0 220 3 407
357 0 232 2 408
367 0 320 3 409
367 0 210 3 410
370 0 234 5 411
368 0 166 5 412
372 0 330 1 413
379 0 356 2 414
376 0 336 15 415
378 0 235 14 416
386 0 259 4 417
391 0 310 3 418
392 0 300 5 419
393 0 288 2 420
391 0 207 2 421
396 0 230 14 422
391 0 306 3 423
396 0 343 14 424
397 0 279 4 425
399 0 254 4 426
402 0 338 5 427
394 0 294 1 428
400 0 253 5 429
400 0 279 5 430
395 0 250 4 431
412 0 328 2 432
400 0 225 5 433
404 0 277 5 434
404 0 321 3 435
406 0 215 5 436
404 0 248 5 437
411 0 235 14 438
420 0 210 15 439
416 0 237 14 440
406 0 263 5 441
421 0 203 4 442
421 0 344 1 443
432 0 349 2 444
415 0 226 1 445
410 0 248 15 446
424 0 331 4 447
428 0 236 1 448
426 0 243 2 449
433 0 254 4 450
433 0 218 14 451
437 0 242 4 452
441 0 214 5 453
448 0 257 2 454
450 0 235 15 455
445 0 207 14 456
452 0 238 14 457
454 0 203 3 458
454 0 253 1 459
449 0 356 2 460
463 0 242 2 461
463 0 263 2 462
463 0 275 5 463
464 0 273 5 464
464 0 298 2 465
464 0 314 5 466
464 0 330 5 467
464 0 342 5 468
473 0 226 5 469
464 0 224 3 470
483 0 171 2 471
483 0 191 2 472
483 0 213 14 473
483 0 237 5 474
483 0 258 2 475
483 0 281 15 476
483 0 303 2 477
483 0 324 14 478
483 0 346 14 479
