480
-41 0 259 3 0
-41 0 271 15 1
-41 0 284 3 2
-41 0 302 3 3
-41 0 315 3 4
-41 0 329 3 5
-41 0 343 3 6
-41 0 355 15 7
-41 0 368 3 8
-26 0 260 3 9
-26 0 368 14 10
-25 0 327 3 11
-23 0 242 4 12
-18 0 326 5 13
-17 0 298 5 14
-12 0 294 5 15
-11 0 325 14 16
-10 0 260 14 17
-10 0 368 2 18
-8 0 241 15 19
-7 0 288 15 20
-7 0 297 15 21
-7 0 305 1 22
-7 0 311 1 23
-4 0 322 15 24
-3 0 282 2 25
3 0 302 5 26
3 0 321 1 27
6 0 310 4 28
6 0 316 3 29
7 0 326 3 30
6 0 334 4 31
6 0 341 14 32
6 0 347 3 33
6 0 354 3 34
8 0 242 3 35
8 0 259 14 36
8 0 297 3 37
8 0 368 14 38
9 0 321 2 39
11 0 278 5 40
11 0 283 5 41
11 0 289 4 42
11 0 304 5 43
15 0 293 3 44
18 0 310 14 45
17 0 321 4 46
19 0 289 5 47
23 0 284 2 48
23 0 311 15 49
25 0 259 2 50
24 0 321 5 51
24 0 368 2 52
26 0 242 15 53
30 0 310 1 54
30 0 321 14 55
31 0 168 2 56
32 0 304 2 57
42 0 167 4 58
42 0 176 3 59
42 0 185 3 60
42 0 194 4 61
42 0 205 3 62
42 0 214 3 63
42 0 223 4 64
42 0 233 3 65
42 0 242 3 66
44 0 260 3 67
44 0 368 14 68
55 0 168 14 69
59 0 260 14 70
59 0 368 2 71
62 0 242 15 72
66 0 168 2 73
66 0 176 1 74
66 0 187 1 75
66 0 200 4 76
66 0 212 1 77
66 0 223 2 78
66 0 234 1 79
68 0 302 4 80
71 0 308 3 81
73 0 313 5 82
74 0 260 2 83
74 0 368 5 84
75 0 303 5 85
75 0 319 2 86
77 0 168 4 87
77 0 176 3 88
77 0 187 3 89
77 0 200 14 90
77 0 212 3 91
77 0 223 4 92
77 0 234 3 93
77 0 242 3 94
82 0 316 4 95
83 0 300 15 96
88 0 168 14 97
88 0 281 14 98
88 0 288 5 99
88 0 294 4 100
88 0 306 14 101
88 0 311 14 102
88 0 316 5 103
88 0 322 4 104
88 0 329 1 105
88 0 335 14 106
88 0 342 1 107
88 0 347 5 108
88 0 353 5 109
89 0 260 5 110
89 0 299 5 111
89 0 368 1 112
92 0 242 14 113
94 0 316 14 114
96 0 137 1 115
96 0 168 1 116
96 0 299 15 117
99 0 315 3 118
102 0 310 2 119
103 0 260 1 120
103 0 299 1 121
103 0 368 4 122
104 0 137 2 123
104 0 145 1 124
104 0 157 4 125
104 0 167 2 126
104 0 176 1 127
104 0 187 1 128
104 0 200 4 129
104 0 212 1 130
104 0 223 2 131
104 0 234 1 132
104 0 306 2 133
107 0 242 2 134
108 0 300 5 135
114 0 137 4 136
118 0 260 4 137
118 0 368 15 138
121 0 242 5 139
125 0 137 14 140
136 0 242 1 141
136 0 260 1 142
136 0 368 4 143
137 0 137 2 144
137 0 146 1 145
137 0 158 4 146
137 0 168 2 147
137 0 177 15 148
137 0 188 4 149
137 0 201 4 150
137 0 213 1 151
137 0 224 2 152
137 0 235 1 153
141 0 312 5 154
146 0 325 3 155
146 0 330 14 156
147 0 310 4 157
149 0 321 2 158
150 0 298 3 159
151 0 137 5 160
151 0 146 4 161
151 0 158 15 162
151 0 168 5 163
151 0 177 3 164
151 0 188 15 165
151 0 201 15 166
151 0 213 4 167
151 0 224 5 168
151 0 235 4 169
152 0 260 4 170
152 0 368 15 171
153 0 316 4 172
153 0 326 4 173
154 0 242 4 174
154 0 307 5 175
156 0 296 5 176
157 0 313 1 177
157 0 321 4 178
161 0 293 5 179
162 0 298 14 180
162 0 304 15 181
162 0 309 15 182
162 0 315 2 183
163 0 321 5 184
162 0 327 14 185
162 0 333 15 186
162 0 341 2 187
164 0 137 15 188
166 0 289 15 189
167 0 314 3 190
169 0 260 15 191
169 0 368 3 192
170 0 242 15 193
170 0 318 15 194
174 0 304 2 195
176 0 293 1 196
176 0 315 5 197
177 0 137 3 198
179 0 306 3 199
181 0 297 3 200
182 0 313 14 201
187 0 242 4 202
188 0 282 5 203
188 0 289 4 204
188 0 297 4 205
188 0 305 5 206
188 0 311 5 207
188 0 317 4 208
188 0 324 4 209
188 0 332 5 210
188 0 340 15 211
188 0 348 3 212
190 0 137 5 213
190 0 146 4 214
190 0 158 15 215
190 0 168 5 216
190 0 177 3 217
190 0 188 15 218
190 0 201 15 219
190 0 213 4 220
190 0 224 5 221
190 0 235 4 222
193 0 311 14 223
195 0 260 5 224
195 0 368 1 225
199 0 310 15 226
201 0 -1 1 227
202 0 8 15 228
202 0 16 15 229
202 0 25 1 230
202 0 35 15 231
202 0 45 3 232
202 0 53 1 233
202 0 62 15 234
202 0 71 15 235
202 0 80 1 236
202 0 88 3 237
202 0 97 15 238
202 0 106 1 239
202 0 114 3 240
202 0 124 14 241
202 0 133 1 242
202 0 141 3 243
202 0 153 15 244
202 0 162 1 245
202 0 170 3 246
202 0 180 14 247
202 0 188 3 248
202 0 196 1 249
202 0 205 15 250
202 0 214 15 251
202 0 222 1 252
202 0 232 15 253
202 0 241 15 254
203 0 248 1 255
209 0 137 2 256
209 0 146 1 257
209 0 158 4 258
209 0 168 2 259
210 0 177 15 260
209 0 188 4 261
209 0 201 4 262
209 0 213 1 263
209 0 224 2 264
209 0 235 1 265
215 0 0 3 266
213 0 242 2 267
214 0 29 5 268
220 0 260 3 269
220 0 368 14 270
221 0 137 4 271
222 0 304 4 272
223 0 332 4 273
227 0 2 15 274
227 0 30 15 275
230 0 302 1 276
229 0 326 4 277
229 0 338 5 278
234 0 137 14 279
236 0 319 14 280
235 0 344 14 281
236 0 301 2 282
237 0 242 14 283
241 0 -1 1 284
241 0 27 1 285
242 0 346 15 286
243 0 300 3 287
243 0 308 1 288
243 0 318 15 289
243 0 327 15 290
243 0 335 1 291
244 0 260 15 292
245 0 282 2 293
244 0 291 15 294
245 0 368 4 295
247 0 137 2 296
247 0 146 1 297
247 0 158 4 298
247 0 168 2 299
247 0 177 15 300
247 0 188 4 301
247 0 201 4 302
247 0 213 1 303
248 0 223 2 304
247 0 235 1 305
249 0 306 2 306
249 0 324 1 307
252 0 -8 5 308
252 0 2 5 309
251 0 20 5 310
251 0 298 2 311
253 0 341 5 312
256 0 325 3 313
259 0 303 14 314
259 0 314 14 315
259 0 337 4 316
261 0 137 5 317
261 0 146 4 318
261 0 158 15 319
261 0 168 5 320
261 0 177 3 321
261 0 188 15 322
261 0 201 15 323
261 0 213 4 324
261 0 224 5 325
261 0 235 4 326
261 0 327 4 327
262 0 241 4 328
263 0 307 5 329
263 0 332 5 330
266 0 300 1 331
266 0 293 4 332
268 0 328 1 333
268 0 285 1 334
269 0 277 14 335
270 0 320 5 336
270 0 311 15 337
272 0 259 2 338
271 0 368 2 339
272 0 332 15 340
273 0 137 15 341
274 0 299 14 342
277 0 336 1 343
282 0 340 4 344
284 0 137 2 345
286 0 346 2 346
289 0 242 2 347
291 0 260 3 348
291 0 368 14 349
294 0 137 4 350
294 0 145 3 351
294 0 157 14 352
294 0 167 4 353
294 0 176 3 354
294 0 187 3 355
294 0 200 14 356
294 0 212 3 357
294 0 223 4 358
294 0 234 3 359
302 0 137 14 360
302 0 168 14 361
306 0 346 14 362
309 0 242 14 363
310 0 168 1 364
315 0 346 1 365
317 0 260 1 366
317 0 368 4 367
318 0 311 2 368
320 0 342 5 369
321 0 168 3 370
321 0 176 2 371
321 0 187 2 372
321 0 200 5 373
321 0 212 2 374
321 0 223 3 375
321 0 234 2 376
326 0 336 4 377
327 0 309 4 378
330 0 328 15 379
332 0 168 5 380
332 0 176 4 381
332 0 187 4 382
332 0 200 15 383
332 0 212 4 384
332 0 223 5 385
332 0 234 4 386
333 0 319 4 387
335 0 242 5 388
335 0 308 14 389
336 0 299 5 390
337 0 281 14 391
337 0 290 5 392
339 0 322 4 393
342 0 307 15 394
343 0 168 15 395
344 0 260 14 396
344 0 368 2 397
346 0 329 3 398
350 0 306 2 399
354 0 338 2 400
356 0 168 3 401
356 0 177 1 402
356 0 185 2 403
356 0 194 3 404
356 0 205 2 405
356 0 214 2 406
356 0 223 3 407
356 0 233 2 408
360 0 343 14 409
362 0 242 3 410
365 0 260 4 411
367 0 168 5 412
368 0 344 4 413
374 0 368 1 414
376 0 344 14 415
380 0 242 15 416
386 0 260 1 417
394 0 315 5 418
396 0 308 4 419
398 0 302 14 420
400 0 242 4 421
404 0 260 4 422
404 0 335 5 423
404 0 368 15 424
406 0 305 14 425
408 0 286 1 426
408 0 347 5 427
409 0 332 14 428
410 0 292 5 429
410 0 314 2 430
412 0 302 2 431
414 0 330 2 432
417 0 298 15 433
417 0 320 14 434
417 0 353 15 435
418 0 280 1 436
419 0 310 1 437
420 0 286 4 438
422 0 242 1 439
422 0 294 15 440
422 0 325 1 441
423 0 259 4 442
423 0 346 1 443
423 0 368 4 444
424 0 300 4 445
424 0 314 4 446
424 0 335 2 447
428 0 289 2 448
428 0 307 3 449
430 0 326 3 450
431 0 285 14 451
432 0 298 3 452
435 0 279 5 453
437 0 326 4 454
440 0 306 14 455
441 0 242 5 456
442 0 299 5 457
446 0 259 2 458
446 0 304 15 459
446 0 368 2 460
463 0 260 2 461
463 0 272 5 462
463 0 285 5 463
463 0 302 5 464
463 0 315 5 465
463 0 329 5 466
463 0 343 5 467
463 0 355 2 468
463 0 365 3 469
464 0 242 2 470
481 0 241 14 471
481 0 253 15 472
481 0 266 5 473
481 0 283 15 474
481 0 297 14 475
481 0 311 15 476
481 0 325 14 477
481 0 337 15 478
481 0 350 5 479
