480
-42 0 217 14 0
-42 0 236 2 1
-42 0 255 4 2
-42 0 276 4 3
-42 0 295 2 4
-42 0 315 14 5
-42 0 335 4 6
-40 0 351 2 7
-36 0 351 3 8
-26 0 260 14 9
-20 0 360 1 10
-25 0 327 14 11
-23 0 236 14 12
-20 0 317 15 13
-19 0 292 15 14
-16 0 278 2 15
-10 0 325 2 16
-14 0 231 5 17
1 0 360 14 18
-13 0 210 1 19
-12 0 253 3 20
-18 0 225 2 21
-12 0 276 3 22
-18 0 245 4 23
-10 0 282 3 24
-15 0 205 1 25
-3 0 261 4 26
-5 0 270 3 27
3 0 269 5 28
-2 0 262 4 29
27 0 278 4 30
7 0 332 15 31
21 0 328 5 32
13 0 341 3 33
21 0 341 5 34
8 0 218 2 35
6 0 222 15 36
2 0 215 5 37
21 0 356 5 38
23 0 294 1 39
12 0 246 3 40
14 0 205 15 41
14 0 243 15 42
17 0 262 1 43
30 0 255 4 44
32 0 280 5 45
28 0 300 14 46
30 0 264 2 47
35 0 254 5 48
32 0 296 4 49
40 0 222 14 50
33 0 310 5 51
38 0 356 1 52
28 0 220 4 53
37 0 299 5 54
37 0 316 5 55
34 0 158 15 56
43 0 288 14 57
46 0 124 14 58
55 0 130 4 59
44 0 179 5 60
45 0 187 14 61
54 0 180 15 62
46 0 205 15 63
45 0 215 14 64
51 0 214 1 65
45 0 234 14 66
47 0 254 1 67
49 0 360 1 68
57 0 158 5 69
65 0 248 4 70
65 0 353 3 71
67 0 232 4 72
73 0 152 4 73
70 0 166 5 74
70 0 179 3 75
69 0 196 5 76
70 0 205 4 77
70 0 216 15 78
67 0 232 4 79
68 0 293 3 80
71 0 304 14 81
73 0 313 1 82
75 0 258 1 83
75 0 356 1 84
76 0 299 14 85
76 0 316 14 86
82 0 158 3 87
77 0 175 14 88
77 0 185 14 89
82 0 191 3 90
82 0 202 3 91
82 0 213 15 92
77 0 233 14 93
77 0 242 14 94
81 0 311 1 95
82 0 294 14 96
89 0 160 4 97
89 0 260 1 98
89 0 268 1 99
89 0 282 2 100
89 0 295 15 101
85 0 296 15 102
89 0 308 2 103
85 0 306 1 104
89 0 325 1 105
89 0 332 2 106
97 0 330 14 107
89 0 345 1 108
94 0 345 2 109
90 0 242 1 110
90 0 293 15 111
98 0 353 3 112
92 0 241 2 113
94 0 312 5 114
96 0 128 3 115
95 0 164 3 116
103 0 272 15 117
105 0 289 4 118
107 0 300 1 119
108 0 235 5 120
108 0 283 14 121
107 0 355 5 122
104 0 130 15 123
103 0 131 15 124
107 0 135 14 125
105 0 157 15 126
102 0 160 15 127
107 0 163 14 128
105 0 189 15 129
109 0 189 1 130
109 0 200 1 131
109 0 212 5 132
112 0 290 14 133
111 0 227 15 134
111 0 296 14 135
116 0 124 14 136
118 0 260 15 137
120 0 360 1 138
124 0 232 1 139
124 0 134 2 140
134 0 235 3 141
134 0 253 4 142
134 0 355 3 143
137 0 132 15 144
135 0 134 4 145
135 0 150 2 146
135 0 160 14 147
133 0 159 14 148
135 0 179 2 149
135 0 191 14 150
135 0 202 14 151
135 0 213 3 152
135 0 224 4 153
138 0 305 5 154
146 0 325 14 155
141 0 322 4 156
142 0 297 5 157
143 0 308 14 158
156 0 263 1 159
151 0 121 14 160
151 0 133 1 161
150 0 151 5 162
153 0 152 14 163
148 0 152 5 164
153 0 172 3 165
148 0 175 14 166
149 0 198 15 167
153 0 206 15 168
157 0 207 1 169
157 0 233 1 170
145 0 352 5 171
158 0 285 4 172
154 0 326 15 173
159 0 216 4 174
159 0 272 4 175
160 0 267 15 176
161 0 300 5 177
165 0 305 3 178
164 0 272 5 179
168 0 275 14 180
168 0 289 3 181
164 0 303 5 182
164 0 312 5 183
178 0 295 4 184
164 0 323 1 185
164 0 331 5 186
161 0 340 5 187
164 0 132 5 188
167 0 286 14 189
183 0 285 2 190
169 0 259 14 191
173 0 355 4 192
170 0 241 3 193
183 0 298 14 194
177 0 299 5 195
178 0 288 5 196
190 0 293 14 197
175 0 135 5 198
180 0 305 14 199
191 0 281 2 200
182 0 313 2 201
186 0 240 15 202
198 0 265 1 203
198 0 272 5 204
198 0 283 3 205
196 0 292 1 206
196 0 300 5 207
198 0 301 5 208
198 0 309 3 209
196 0 322 1 210
191 0 335 2 211
189 0 346 15 212
181 0 124 5 213
188 0 144 3 214
184 0 151 5 215
188 0 164 1 216
188 0 174 15 217
188 0 185 15 218
188 0 197 1 219
188 0 209 14 220
188 0 220 1 221
200 0 220 3 222
199 0 303 5 223
201 0 250 4 224
200 0 355 2 225
206 0 303 15 226
177 0 5 5 227
187 0 11 14 228
207 0 17 15 229
197 0 24 3 230
211 0 39 4 231
207 0 47 15 232
202 0 53 4 233
205 0 63 3 234
199 0 71 2 235
202 0 80 4 236
210 0 81 5 237
200 0 95 1 238
214 0 94 4 239
195 0 106 2 240
196 0 118 2 241
202 0 133 4 242
196 0 133 3 243
192 0 139 2 244
196 0 153 2 245
201 0 168 4 246
206 0 175 4 247
214 0 173 5 248
209 0 186 4 249
206 0 199 5 250
206 0 208 3 251
214 0 204 5 252
208 0 221 5 253
208 0 231 15 254
221 0 213 14 255
218 0 120 14 256
211 0 143 1 257
221 0 134 15 258
215 0 158 1 259
224 0 151 5 260
223 0 168 15 261
222 0 180 5 262
211 0 211 4 263
211 0 222 14 264
222 0 210 5 265
262 0 6 15 266
225 0 219 3 267
216 0 30 2 268
234 0 232 1 269
220 0 360 15 270
229 0 124 14 271
222 0 303 2 272
223 0 330 2 273
262 0 7 15 274
234 0 27 2 275
246 0 261 4 276
237 0 308 3 277
232 0 334 2 278
241 0 128 3 279
257 0 273 2 280
245 0 324 4 281
242 0 286 14 282
243 0 232 3 283
301 0 5 1 284
262 0 25 1 285
246 0 339 5 286
247 0 293 3 287
251 0 291 5 288
251 0 302 1 289
247 0 319 4 290
247 0 328 15 291
247 0 253 5 292
259 0 247 2 293
251 0 274 1 294
263 0 347 15 295
253 0 127 5 296
257 0 131 2 297
250 0 152 4 298
255 0 154 14 299
253 0 166 14 300
250 0 184 5 301
250 0 197 14 302
250 0 208 4 303
265 0 189 4 304
250 0 230 1 305
266 0 267 15 306
255 0 313 2 307
319 0 0 5 308
299 0 7 15 309
260 0 20 3 310
252 0 295 4 311
254 0 341 1 312
260 0 321 14 313
280 0 253 5 314
262 0 310 1 315
262 0 333 1 316
270 0 121 1 317
267 0 136 2 318
269 0 142 4 319
263 0 164 1 320
268 0 164 2 321
263 0 184 15 322
264 0 197 1 323
263 0 208 14 324
263 0 219 3 325
263 0 230 3 326
275 0 311 4 327
276 0 210 2 328
280 0 277 5 329
277 0 318 3 330
282 0 269 4 331
279 0 270 3 332
283 0 312 15 333
280 0 258 15 334
281 0 249 5 335
285 0 303 1 336
282 0 297 4 337
291 0 216 2 338
276 0 360 4 339
287 0 318 5 340
281 0 125 4 341
284 0 284 15 342
280 0 333 5 343
290 0 331 2 344
288 0 130 1 345
293 0 339 15 346
295 0 231 3 347
296 0 252 1 348
300 0 351 15 349
294 0 136 15 350
301 0 130 4 351
298 0 148 15 352
300 0 152 15 353
304 0 154 1 354
302 0 170 4 355
302 0 181 15 356
302 0 193 2 357
302 0 205 1 358
306 0 212 2 359
310 0 121 2 360
304 0 163 2 361
311 0 339 4 362
313 0 235 3 363
319 0 147 4 364
324 0 328 1 365
318 0 257 15 366
326 0 355 14 367
319 0 307 5 368
320 0 342 1 369
329 0 151 5 370
321 0 176 5 371
321 0 186 5 372
328 0 186 14 373
328 0 198 15 374
328 0 209 5 375
321 0 234 5 376
328 0 333 15 377
333 0 287 3 378
339 0 315 4 379
336 0 157 4 380
336 0 165 2 381
340 0 170 5 382
340 0 185 2 383
336 0 204 1 384
336 0 215 1 385
336 0 226 2 386
341 0 305 3 387
338 0 235 1 388
342 0 294 1 389
343 0 284 5 390
340 0 276 3 391
340 0 286 5 392
341 0 319 2 393
343 0 305 3 394
348 0 158 14 395
344 0 258 5 396
347 0 360 4 397
350 0 323 3 398
353 0 304 5 399
355 0 333 14 400
359 0 158 1 401
357 0 173 5 402
357 0 181 4 403
357 0 191 1 404
357 0 202 1 405
357 0 211 4 406
357 0 221 14 407
357 0 233 5 408
365 0 327 15 409
365 0 220 1 410
368 0 243 15 411
367 0 167 1 412
371 0 334 2 413
378 0 360 3 414
376 0 339 3 415
379 0 237 1 416
386 0 260 4 417
392 0 311 14 418
393 0 303 1 419
395 0 292 5 420
394 0 218 1 421
399 0 240 14 422
395 0 316 14 423
399 0 351 5 424
400 0 288 15 425
402 0 264 14 426
404 0 341 3 427
399 0 307 15 428
403 0 265 14 429
403 0 291 15 430
401 0 267 14 431
413 0 329 5 432
405 0 249 2 433
408 0 291 1 434
408 0 331 4 435
410 0 236 1 436
409 0 268 1 437
414 0 252 3 438
420 0 220 5 439
418 0 255 4 440
411 0 283 3 441
422 0 222 5 442
422 0 345 4 443
429 0 355 5 444
418 0 250 4 445
415 0 269 3 446
424 0 332 5 447
428 0 254 14 448
426 0 264 4 449
432 0 278 15 450
432 0 240 14 451
435 0 260 15 452
439 0 235 15 453
445 0 280 3 454
447 0 258 5 455
444 0 218 4 456
449 0 258 5 457
451 0 222 4 458
451 0 270 3 459
448 0 360 3 460
463 0 248 14 461
463 0 266 4 462
463 0 278 14 463
463 0 283 14 464
463 0 304 14 465
463 0 319 5 466
463 0 334 14 467
463 0 346 5 468
469 0 272 2 469
464 0 230 1 470
482 0 193 3 471
482 0 211 1 472
482 0 230 5 473
482 0 252 3 474
482 0 271 2 475
482 0 291 2 476
482 0 310 3 477
482 0 328 5 478
482 0 347 2 479
