480
-42 0 202 2 0
-42 0 222 15 1
-42 0 243 14 2
-42 0 267 5 3
-42 0 288 14 4
-42 0 310 15 5
-42 0 331 2 6
-40 0 349 5 7
-34 0 345 1 8
-25 0 259 5 9
-18 0 357 15 10
-25 0 326 2 11
-24 0 234 3 12
-21 0 313 14 13
-20 0 290 3 14
-17 0 272 15 15
-10 0 325 5 16
-16 0 220 5 17
5 0 357 4 18
-15 0 198 5 19
-14 0 240 5 20
-22 0 198 4 21
-14 0 265 4 22
-22 0 220 4 23
-12 0 267 4 24
-20 0 177 2 25
-5 0 246 2 26
-8 0 251 15 27
2 0 253 2 28
-4 0 242 15 29
34 0 260 15 30
7 0 331 5 31
26 0 322 5 32
16 0 339 5 33
26 0 337 15 34
7 0 210 1 35
5 0 208 15 36
0 0 185 15 37
26 0 351 5 38
28 0 284 2 39
12 0 234 3 40
15 0 178 2 41
14 0 226 4 42
19 0 247 15 43
35 0 241 15 44
38 0 268 1 45
32 0 293 14 46
34 0 255 1 47
40 0 243 1 48
36 0 290 1 49
46 0 208 2 50
36 0 306 2 51
43 0 351 1 52
29 0 212 14 53
40 0 295 15 54
40 0 314 4 55
35 0 154 15 56
47 0 282 4 57
47 0 108 4 58
60 0 113 1 59
45 0 177 1 60
46 0 184 3 61
59 0 172 1 62
47 0 202 14 63
47 0 211 2 64
54 0 207 4 65
47 0 231 14 66
48 0 252 4 67
51 0 357 15 68
58 0 154 5 69
67 0 243 15 70
67 0 347 15 71
69 0 228 3 72
75 0 146 1 73
71 0 162 2 74
71 0 175 1 75
69 0 194 1 76
71 0 203 4 77
71 0 213 1 78
67 0 231 3 79
69 0 290 15 80
71 0 303 4 81
73 0 312 4 82
76 0 257 5 83
75 0 351 15 84
76 0 297 2 85
76 0 314 5 86
83 0 154 3 87
77 0 174 2 88
78 0 184 2 89
83 0 187 3 90
83 0 198 4 91
84 0 209 2 92
78 0 232 2 93
78 0 241 2 94
81 0 309 4 95
81 0 291 3 96
90 0 157 15 97
90 0 252 5 98
90 0 261 4 99
90 0 278 5 100
90 0 290 4 101
84 0 291 3 102
90 0 305 5 103
84 0 301 14 104
90 0 323 3 105
90 0 331 15 106
100 0 326 14 107
90 0 344 4 108
96 0 342 2 109
90 0 235 4 110
90 0 291 4 111
101 0 347 15 112
92 0 240 5 113
93 0 311 14 114
96 0 125 14 115
95 0 163 14 116
105 0 263 15 117
107 0 279 2 118
108 0 296 1 119
109 0 226 2 120
109 0 276 2 121
109 0 351 15 122
104 0 128 15 123
103 0 126 15 124
107 0 127 1 125
105 0 153 15 126
102 0 154 15 127
107 0 154 1 128
105 0 185 15 129
110 0 180 15 130
110 0 191 4 131
110 0 203 4 132
114 0 284 5 133
112 0 222 3 134
112 0 294 1 135
116 0 119 3 136
119 0 259 14 137
121 0 357 15 138
124 0 228 15 139
123 0 132 15 140
133 0 233 14 141
133 0 250 15 142
133 0 350 5 143
136 0 130 3 144
134 0 130 2 145
134 0 147 14 146
134 0 156 14 147
132 0 153 14 148
134 0 175 14 149
134 0 187 14 150
134 0 198 15 151
134 0 209 5 152
134 0 220 15 153
136 0 302 3 154
146 0 325 2 155
139 0 318 15 156
140 0 292 14 157
141 0 303 4 158
158 0 250 5 159
150 0 115 5 160
150 0 129 5 161
149 0 148 2 162
154 0 145 3 163
146 0 143 5 164
154 0 166 4 165
147 0 166 3 166
149 0 192 3 167
154 0 199 4 168
159 0 196 5 169
159 0 223 5 170
143 0 345 1 171
160 0 274 15 172
154 0 325 3 173
160 0 206 4 174
161 0 259 1 175
162 0 257 1 176
162 0 294 4 177
168 0 298 14 178
164 0 264 4 179
171 0 266 14 180
171 0 283 1 181
165 0 301 1 182
165 0 310 14 183
183 0 285 5 184
165 0 322 4 185
165 0 330 1 186
160 0 340 15 187
165 0 130 1 188
167 0 285 2 189
189 0 274 14 190
169 0 258 2 191
175 0 350 14 192
170 0 240 14 193
188 0 290 3 194
178 0 297 1 195
179 0 286 4 196
195 0 285 15 197
174 0 134 1 198
181 0 304 3 199
195 0 274 15 200
183 0 313 5 201
186 0 239 2 202
202 0 259 2 203
202 0 266 5 204
202 0 278 15 205
199 0 288 5 206
199 0 296 5 207
202 0 295 5 208
202 0 303 2 209
199 0 318 5 210
193 0 333 5 211
189 0 345 3 212
178 0 120 1 213
187 0 143 14 214
182 0 148 2 215
187 0 162 4 216
187 0 173 3 217
187 0 183 2 218
188 0 195 4 219
187 0 207 3 220
187 0 218 14 221
204 0 214 14 222
202 0 300 2 223
203 0 246 2 224
202 0 350 5 225
209 0 300 3 226
168 0 7 14 227
182 0 13 2 228
208 0 17 3 229
195 0 23 5 230
215 0 41 1 231
209 0 48 3 232
203 0 53 15 233
206 0 63 15 234
198 0 71 5 235
202 0 80 15 236
212 0 79 2 237
199 0 94 4 238
219 0 90 2 239
193 0 103 15 240
194 0 116 15 241
202 0 133 15 242
194 0 130 15 243
189 0 134 4 244
194 0 149 3 245
201 0 167 15 246
207 0 173 15 247
218 0 166 3 248
212 0 182 15 249
208 0 196 1 250
207 0 206 15 251
218 0 198 3 252
210 0 217 3 253
210 0 227 1 254
229 0 200 14 255
220 0 113 5 256
212 0 141 4 257
226 0 126 3 258
217 0 154 2 259
229 0 141 14 260
228 0 160 14 261
227 0 172 14 262
211 0 210 15 263
211 0 221 2 264
227 0 201 14 265
281 0 8 15 266
230 0 211 3 267
216 0 31 5 268
239 0 221 14 269
220 0 357 5 270
231 0 119 4 271
222 0 302 5 272
224 0 329 5 273
276 0 9 5 274
236 0 26 14 275
252 0 245 4 276
240 0 301 2 277
232 0 333 5 278
244 0 125 14 279
265 0 256 15 280
249 0 316 15 281
244 0 281 15 282
245 0 228 3 283
323 0 7 1 284
270 0 24 14 285
248 0 336 1 286
248 0 290 15 287
253 0 285 4 288
253 0 296 1 289
248 0 316 15 290
248 0 325 15 291
249 0 250 1 292
265 0 233 4 293
254 0 268 1 294
270 0 340 1 295
255 0 123 1 296
260 0 125 3 297
250 0 150 15 298
258 0 148 2 299
256 0 161 3 300
250 0 183 15 301
251 0 195 2 302
250 0 206 1 303
272 0 177 4 304
250 0 228 4 305
273 0 253 14 306
257 0 309 3 307
343 0 3 1 308
317 0 9 14 309
264 0 20 14 310
253 0 293 15 311
254 0 341 4 312
261 0 320 2 313
288 0 234 1 314
263 0 309 4 315
263 0 331 14 316
273 0 115 1 317
269 0 132 15 318
272 0 136 14 319
264 0 162 4 320
270 0 159 1 321
264 0 183 2 322
264 0 195 4 323
264 0 206 3 324
264 0 217 14 325
264 0 228 14 326
280 0 305 1 327
281 0 199 1 328
286 0 266 15 329
282 0 313 3 330
288 0 258 4 331
283 0 262 15 332
289 0 306 2 333
285 0 248 2 334
286 0 239 15 335
290 0 297 2 336
286 0 291 1 337
298 0 200 14 338
278 0 357 2 339
292 0 313 5 340
284 0 121 14 341
288 0 279 2 342
281 0 332 1 343
293 0 328 5 344
290 0 127 2 345
295 0 336 4 346
297 0 227 4 347
298 0 249 4 348
303 0 344 4 349
295 0 136 4 350
304 0 125 4 351
300 0 145 4 352
302 0 147 4 353
308 0 146 5 354
305 0 163 14 355
305 0 175 5 356
305 0 187 5 357
305 0 199 14 358
310 0 204 14 359
312 0 115 2 360
305 0 161 14 361
312 0 336 15 362
314 0 232 14 363
322 0 139 2 364
327 0 322 1 365
319 0 256 3 366
329 0 349 1 367
319 0 306 1 368
320 0 341 4 369
332 0 145 3 370
321 0 175 1 371
322 0 186 1 372
331 0 180 2 373
331 0 193 4 374
331 0 204 3 375
321 0 233 1 376
329 0 331 5 377
335 0 279 5 378
342 0 310 14 379
338 0 152 3 380
338 0 161 5 381
343 0 163 14 382
343 0 180 4 383
338 0 201 15 384
338 0 212 4 385
338 0 223 5 386
343 0 300 1 387
339 0 232 4 388
345 0 289 14 389
345 0 278 15 390
340 0 274 1 391
340 0 284 1 392
342 0 318 5 393
343 0 304 14 394
349 0 155 14 395
345 0 257 2 396
348 0 357 2 397
351 0 321 14 398
353 0 303 3 399
356 0 331 4 400
360 0 154 2 401
357 0 172 4 402
357 0 180 15 403
357 0 189 4 404
357 0 200 4 405
357 0 210 15 406
357 0 220 2 407
357 0 232 1 408
367 0 322 2 409
366 0 212 3 410
369 0 236 2 411
368 0 166 4 412
372 0 331 15 413
379 0 357 1 414
376 0 337 14 415
378 0 235 5 416
386 0 259 3 417
391 0 310 2 418
392 0 301 4 419
393 0 289 1 420
392 0 209 15 421
397 0 233 2 422
392 0 308 2 423
397 0 345 2 424
398 0 281 3 425
399 0 256 5 426
402 0 338 4 427
395 0 297 2 428
400 0 256 14 429
400 0 282 4 430
397 0 254 3 431
412 0 328 1 432
401 0 231 14 433
405 0 281 5 434
405 0 323 3 435
407 0 220 5 436
405 0 253 5 437
412 0 239 4 438
420 0 212 15 439
416 0 241 14 440
407 0 268 4 441
422 0 208 14 442
421 0 344 15 443
431 0 351 1 444
416 0 232 14 445
411 0 253 14 446
424 0 331 3 447
428 0 240 1 448
426 0 248 2 449
433 0 259 5 450
432 0 223 3 451
437 0 246 14 452
441 0 219 15 453
447 0 262 5 454
450 0 241 14 455
444 0 210 3 456
451 0 243 14 457
453 0 208 5 458
453 0 257 2 459
448 0 357 1 460
463 0 244 4 461
463 0 263 1 462
463 0 276 2 463
464 0 275 4 464
464 0 299 1 465
464 0 315 4 466
464 0 331 4 467
464 0 343 4 468
472 0 236 2 469
464 0 226 2 470
482 0 176 5 471
482 0 196 14 472
482 0 217 1 473
482 0 240 5 474
482 0 261 5 475
482 0 283 14 476
482 0 305 14 477
482 0 325 5 478
482 0 346 5 479
