480
-42 0 223 2 0
-42 0 240 1 1
-42 0 258 4 2
-42 0 279 2 3
-42 0 298 1 4
-42 0 317 1 5
-42 0 336 2 6
-40 0 351 15 7
-37 0 353 2 8
-26 0 260 4 9
-21 0 361 14 10
-25 0 327 4 11
-23 0 237 4 12
-20 0 318 5 13
-19 0 293 5 14
-15 0 280 15 15
-10 0 325 15 16
-14 0 234 15 17
0 0 361 3 18
-12 0 214 15 19
-12 0 258 3 20
-17 0 234 14 21
-12 0 279 1 22
-17 0 253 15 23
-9 0 287 4 24
-14 0 214 15 25
-2 0 266 1 26
-4 0 276 3 27
3 0 274 14 28
-1 0 268 2 29
24 0 284 3 30
7 0 332 5 31
19 0 329 2 32
12 0 342 1 33
19 0 343 2 34
8 0 221 5 35
6 0 226 5 36
3 0 225 4 37
20 0 357 2 38
21 0 297 15 39
12 0 250 14 40
14 0 215 5 41
13 0 249 14 42
16 0 267 5 43
28 0 260 1 44
31 0 284 5 45
27 0 303 4 46
28 0 267 15 47
34 0 258 5 48
31 0 298 2 49
38 0 226 4 50
32 0 311 3 51
36 0 357 14 52
28 0 223 2 53
36 0 301 14 54
36 0 317 3 55
34 0 159 5 56
42 0 290 4 57
45 0 129 15 58
54 0 136 15 59
44 0 180 3 60
45 0 188 15 61
53 0 183 5 62
45 0 206 4 63
45 0 216 15 64
50 0 216 1 65
45 0 235 4 66
47 0 255 14 67
48 0 361 14 68
57 0 159 3 69
64 0 249 2 70
64 0 355 1 71
66 0 233 2 72
72 0 154 3 73
69 0 167 3 74
69 0 180 1 75
68 0 196 3 76
69 0 206 2 77
69 0 217 5 78
67 0 233 2 79
68 0 294 1 80
71 0 305 4 81
73 0 313 14 82
75 0 258 14 83
75 0 357 14 84
76 0 299 4 85
76 0 316 4 86
81 0 159 1 87
77 0 175 4 88
77 0 185 4 89
81 0 192 14 90
81 0 203 1 91
81 0 214 5 92
77 0 233 4 93
77 0 242 4 94
81 0 311 14 95
82 0 295 4 96
89 0 161 15 97
89 0 263 14 98
89 0 271 14 99
89 0 284 2 100
89 0 296 14 101
85 0 298 5 102
89 0 309 15 103
85 0 308 14 104
89 0 325 14 105
89 0 333 15 106
96 0 332 2 107
89 0 346 14 108
93 0 346 15 109
90 0 244 2 110
90 0 294 5 111
97 0 355 1 112
92 0 241 15 113
94 0 313 3 114
96 0 129 4 115
95 0 165 1 116
102 0 276 3 117
104 0 292 1 118
106 0 301 14 119
107 0 238 2 120
107 0 285 14 121
107 0 357 14 122
104 0 131 5 123
103 0 133 3 124
106 0 138 4 125
105 0 158 5 126
103 0 162 3 127
106 0 166 4 128
105 0 190 5 129
108 0 191 14 130
108 0 202 14 131
108 0 214 3 132
111 0 292 3 133
110 0 229 14 134
111 0 296 4 135
115 0 125 4 136
118 0 260 5 137
120 0 361 14 138
123 0 233 14 139
124 0 134 15 140
134 0 236 15 141
134 0 254 2 142
134 0 356 4 143
137 0 133 3 144
135 0 136 2 145
135 0 151 15 146
135 0 161 2 147
134 0 161 2 148
135 0 180 15 149
135 0 192 2 150
135 0 204 1 151
135 0 214 1 152
135 0 225 2 153
138 0 306 3 154
146 0 325 4 155
142 0 323 2 156
142 0 298 3 157
144 0 309 4 158
155 0 267 4 159
151 0 123 4 160
151 0 135 14 161
150 0 151 3 162
153 0 154 5 163
148 0 155 4 164
153 0 174 5 165
148 0 179 3 166
150 0 200 15 167
153 0 208 4 168
156 0 210 5 169
157 0 236 5 170
146 0 354 4 171
157 0 289 14 172
154 0 326 5 173
158 0 219 2 174
158 0 277 15 175
160 0 271 14 176
160 0 301 2 177
164 0 307 1 178
163 0 274 3 179
168 0 277 2 180
168 0 291 1 181
164 0 304 1 182
164 0 312 3 183
176 0 298 3 184
164 0 324 15 185
164 0 331 3 186
161 0 340 3 187
164 0 133 1 188
167 0 286 4 189
181 0 288 4 190
169 0 259 4 191
173 0 356 5 192
170 0 241 1 193
182 0 300 15 194
177 0 300 14 195
178 0 289 3 196
188 0 296 5 197
175 0 135 3 198
180 0 305 4 199
190 0 283 14 200
182 0 313 15 201
186 0 241 5 202
197 0 267 14 203
197 0 274 3 204
197 0 285 3 205
195 0 294 5 206
195 0 301 2 207
197 0 303 3 208
197 0 311 1 209
195 0 323 5 210
191 0 336 15 211
189 0 346 5 212
182 0 126 4 213
188 0 145 5 214
185 0 151 3 215
188 0 164 14 216
188 0 175 5 217
188 0 185 5 218
189 0 197 14 219
188 0 209 4 220
188 0 220 14 221
199 0 222 1 222
199 0 304 1 223
200 0 251 1 224
200 0 356 3 225
205 0 303 4 226
180 0 4 14 227
189 0 11 4 228
206 0 17 5 229
197 0 24 1 230
210 0 39 1 231
207 0 47 5 232
202 0 53 2 233
205 0 63 1 234
199 0 71 15 235
202 0 80 2 236
209 0 82 3 237
200 0 95 14 238
213 0 96 2 239
196 0 107 1 240
197 0 119 15 241
202 0 133 2 242
197 0 134 1 243
193 0 141 2 244
197 0 154 15 245
201 0 169 4 246
205 0 176 1 247
212 0 175 3 248
208 0 187 2 249
206 0 200 5 250
205 0 209 15 251
212 0 206 3 252
207 0 222 3 253
207 0 232 2 254
220 0 217 15 255
217 0 122 3 256
211 0 143 14 257
220 0 137 5 258
214 0 159 14 259
222 0 154 4 260
221 0 170 15 261
221 0 182 3 262
210 0 211 1 263
210 0 222 3 264
221 0 213 4 265
257 0 5 4 266
224 0 222 5 267
215 0 30 14 268
232 0 235 14 269
220 0 361 5 270
228 0 125 5 271
222 0 303 15 272
223 0 330 15 273
258 0 6 4 274
233 0 28 15 275
244 0 266 15 276
236 0 310 1 277
231 0 335 15 278
240 0 129 4 279
254 0 279 4 280
244 0 326 1 281
241 0 288 1 282
242 0 233 1 283
294 0 4 15 284
260 0 26 14 285
246 0 340 5 286
246 0 294 1 287
250 0 293 2 288
250 0 304 4 289
246 0 320 1 290
246 0 329 5 291
247 0 253 3 292
258 0 251 5 293
250 0 276 4 294
261 0 350 4 295
252 0 128 3 296
256 0 133 5 297
249 0 153 2 298
254 0 155 3 299
253 0 167 4 300
249 0 185 2 301
250 0 197 4 302
249 0 209 1 303
263 0 193 14 304
249 0 231 5 305
264 0 272 1 306
254 0 314 14 307
310 0 -1 2 308
293 0 6 4 309
259 0 20 15 310
252 0 295 2 311
254 0 341 14 312
259 0 322 3 313
278 0 259 4 314
262 0 311 14 315
262 0 333 14 316
269 0 123 5 317
266 0 137 15 318
268 0 144 2 319
263 0 164 14 320
267 0 166 15 321
263 0 185 5 322
263 0 197 14 323
263 0 209 4 324
263 0 220 14 325
263 0 231 1 326
274 0 313 3 327
274 0 214 15 328
278 0 281 2 329
275 0 320 15 330
280 0 273 5 331
277 0 273 4 332
281 0 314 5 333
279 0 261 1 334
280 0 252 3 335
283 0 305 3 336
280 0 298 2 337
288 0 221 4 338
276 0 361 2 339
285 0 320 2 340
280 0 127 2 341
283 0 286 5 342
280 0 333 3 343
289 0 332 4 344
288 0 131 14 345
292 0 339 5 346
294 0 233 4 347
296 0 253 14 348
299 0 353 5 349
294 0 136 5 350
300 0 132 2 351
298 0 149 4 352
299 0 154 5 353
303 0 157 2 354
301 0 172 2 355
301 0 183 5 356
301 0 196 15 357
301 0 207 14 358
304 0 215 14 359
309 0 123 14 360
304 0 164 15 361
310 0 339 2 362
312 0 235 1 363
318 0 149 1 364
323 0 330 14 365
318 0 257 5 366
325 0 356 15 367
319 0 308 3 368
320 0 342 14 369
328 0 153 4 370
321 0 176 3 371
321 0 186 3 372
327 0 187 4 373
327 0 200 15 374
327 0 211 3 375
321 0 234 3 376
328 0 333 5 377
332 0 290 5 378
338 0 316 14 379
336 0 158 2 380
336 0 166 15 381
339 0 172 2 382
339 0 187 14 383
336 0 205 14 384
336 0 216 2 385
336 0 227 15 386
340 0 307 1 387
338 0 236 5 388
341 0 296 15 389
342 0 286 3 390
339 0 277 15 391
339 0 286 2 392
341 0 319 15 393
343 0 306 1 394
347 0 160 4 395
344 0 258 3 396
347 0 361 2 397
349 0 324 1 398
352 0 304 3 399
355 0 333 4 400
359 0 159 14 401
357 0 174 3 402
357 0 182 2 403
357 0 191 14 404
357 0 202 14 405
357 0 212 3 406
357 0 221 4 407
357 0 233 3 408
364 0 329 15 409
365 0 223 14 410
368 0 245 1 411
367 0 167 14 412
371 0 336 15 413
377 0 361 1 414
376 0 339 1 415
379 0 238 14 416
386 0 260 2 417
392 0 312 14 418
393 0 304 4 419
395 0 294 3 420
395 0 221 5 421
399 0 242 4 422
396 0 318 4 423
399 0 353 4 424
401 0 290 5 425
402 0 267 4 426
404 0 342 1 427
400 0 310 14 428
404 0 269 5 429
404 0 293 4 430
402 0 271 5 431
413 0 329 3 432
407 0 255 15 433
409 0 295 5 434
409 0 334 15 435
411 0 242 15 436
410 0 273 3 437
415 0 256 4 438
421 0 223 3 439
418 0 260 1 440
413 0 288 15 441
422 0 226 3 442
422 0 345 2 443
428 0 357 14 444
419 0 256 4 445
416 0 275 4 446
424 0 333 3 447
428 0 258 14 448
427 0 269 3 449
432 0 283 5 450
432 0 245 15 451
435 0 265 4 452
439 0 241 5 453
444 0 285 2 454
446 0 264 14 455
443 0 221 15 456
448 0 263 15 457
451 0 226 2 458
451 0 274 4 459
448 0 361 1 460
463 0 250 4 461
463 0 267 2 462
463 0 279 4 463
463 0 285 14 464
463 0 305 4 465
463 0 320 2 466
463 0 335 4 467
463 0 347 3 468
469 0 283 5 469
464 0 232 3 470
482 0 199 1 471
482 0 216 3 472
482 0 235 15 473
482 0 256 3 474
482 0 274 3 475
482 0 293 14 476
482 0 312 3 477
482 0 329 3 478
482 0 348 14 479
