480
-42 0 211 3 0
-42 0 230 15 1
-42 0 250 5 2
-42 0 272 15 3
-42 0 292 3 4
-42 0 313 15 5
-42 0 333 5 6
-40 0 350 3 7
-35 0 348 4 8
-25 0 260 15 9
-19 0 359 5 10
-25 0 327 15 11
-24 0 235 1 12
-20 0 315 4 13
-20 0 291 1 14
-16 0 276 3 15
-10 0 325 3 16
-15 0 226 3 17
3 0 359 2 18
-14 0 205 3 19
-13 0 248 4 20
-20 0 214 1 21
-13 0 271 3 22
-20 0 234 1 23
-11 0 276 4 24
-17 0 193 3 25
-3 0 255 14 26
-6 0 262 4 27
2 0 262 14 28
-3 0 253 14 29
30 0 270 4 30
7 0 332 1 31
23 0 325 3 32
14 0 340 4 33
23 0 339 4 34
7 0 215 15 35
5 0 216 2 36
1 0 203 2 37
23 0 354 3 38
25 0 290 3 39
12 0 241 1 40
14 0 194 2 41
14 0 236 15 42
17 0 256 5 43
32 0 249 14 44
35 0 275 1 45
30 0 297 4 46
31 0 261 5 47
37 0 250 15 48
34 0 294 4 49
43 0 216 3 50
34 0 308 14 51
40 0 354 14 52
29 0 217 15 53
38 0 298 14 54
38 0 315 2 55
34 0 156 5 56
45 0 285 3 57
46 0 117 1 58
57 0 123 2 59
44 0 178 14 60
46 0 186 1 61
56 0 178 2 62
46 0 204 1 63
46 0 213 1 64
52 0 211 1 65
46 0 233 1 66
47 0 253 2 67
50 0 359 4 68
58 0 156 3 69
66 0 246 1 70
66 0 351 4 71
68 0 230 1 72
74 0 149 5 73
70 0 164 14 74
70 0 177 4 75
69 0 195 14 76
70 0 204 5 77
70 0 215 5 78
67 0 232 5 79
69 0 292 4 80
71 0 303 2 81
73 0 313 2 82
76 0 258 3 83
75 0 354 14 84
76 0 298 15 85
76 0 315 3 86
82 0 156 1 87
77 0 174 15 88
78 0 185 15 89
82 0 189 4 90
82 0 201 4 91
83 0 211 15 92
78 0 233 15 93
78 0 242 15 94
81 0 310 2 95
81 0 293 15 96
90 0 159 5 97
90 0 257 5 98
90 0 265 1 99
90 0 281 3 100
90 0 293 1 101
85 0 294 15 102
90 0 307 3 103
85 0 304 2 104
90 0 324 2 105
90 0 332 3 106
98 0 328 15 107
90 0 345 2 108
94 0 344 3 109
90 0 239 1 110
90 0 292 1 111
99 0 350 3 112
92 0 241 3 113
93 0 312 14 114
96 0 127 4 115
95 0 164 4 116
104 0 268 5 117
106 0 285 2 118
107 0 298 14 119
108 0 231 2 120
108 0 280 15 121
108 0 353 14 122
104 0 129 1 123
103 0 129 1 124
107 0 132 2 125
105 0 156 5 126
102 0 158 1 127
107 0 159 2 128
105 0 187 5 129
109 0 185 14 130
109 0 196 15 131
109 0 208 5 132
113 0 288 15 133
111 0 225 1 134
111 0 295 14 135
116 0 122 15 136
119 0 260 1 137
121 0 359 5 138
124 0 231 5 139
123 0 133 3 140
134 0 234 4 141
134 0 252 5 142
134 0 353 4 143
136 0 131 1 144
134 0 132 15 145
134 0 149 3 146
134 0 158 15 147
133 0 157 15 148
134 0 177 3 149
134 0 189 15 150
134 0 201 15 151
135 0 211 3 152
134 0 222 5 153
137 0 304 14 154
146 0 325 15 155
140 0 320 4 156
141 0 295 5 157
142 0 306 15 158
157 0 258 5 159
150 0 119 15 160
150 0 131 3 161
149 0 149 14 162
154 0 149 15 163
147 0 148 15 164
154 0 170 4 165
147 0 171 3 166
149 0 195 1 167
153 0 203 4 168
157 0 203 5 169
158 0 229 5 170
144 0 349 5 171
159 0 280 3 172
154 0 326 1 173
159 0 212 2 174
160 0 267 1 175
161 0 263 3 176
161 0 297 3 177
166 0 302 15 178
164 0 268 3 179
169 0 271 4 180
169 0 286 15 181
165 0 302 14 182
165 0 311 4 183
180 0 291 14 184
165 0 323 2 185
165 0 331 14 186
161 0 340 14 187
165 0 131 14 188
167 0 286 15 189
186 0 280 2 190
169 0 258 15 191
174 0 353 5 192
170 0 241 4 193
185 0 295 14 194
177 0 298 14 195
179 0 287 2 196
192 0 290 2 197
175 0 134 14 198
181 0 305 1 199
193 0 278 3 200
183 0 313 3 201
186 0 240 1 202
200 0 262 3 203
200 0 270 3 204
200 0 281 4 205
197 0 290 3 206
197 0 298 3 207
200 0 298 3 208
200 0 307 4 209
197 0 321 2 210
192 0 334 3 211
189 0 346 1 212
179 0 122 5 213
188 0 144 4 214
183 0 149 14 215
188 0 163 2 216
188 0 174 1 217
188 0 184 1 218
188 0 196 2 219
188 0 208 15 220
188 0 219 4 221
202 0 217 15 222
200 0 302 14 223
202 0 248 5 224
201 0 353 4 225
207 0 301 1 226
173 0 6 5 227
185 0 12 14 228
207 0 17 1 229
196 0 24 4 230
213 0 40 5 231
208 0 48 1 232
203 0 53 5 233
205 0 63 4 234
198 0 71 3 235
202 0 80 5 236
211 0 80 15 237
200 0 94 2 238
216 0 93 14 239
194 0 105 3 240
196 0 117 3 241
202 0 133 5 242
196 0 132 14 243
191 0 137 3 244
196 0 151 2 245
201 0 168 5 246
206 0 174 5 247
216 0 170 3 248
210 0 184 5 249
207 0 198 14 250
206 0 207 5 251
215 0 202 2 252
209 0 219 1 253
209 0 229 1 254
224 0 208 14 255
219 0 117 15 256
211 0 142 2 257
223 0 131 3 258
216 0 157 3 259
226 0 147 1 260
225 0 164 2 261
224 0 177 14 262
211 0 211 5 263
211 0 222 15 264
224 0 206 15 265
270 0 7 3 266
227 0 216 4 267
216 0 30 3 268
236 0 228 14 269
220 0 359 3 270
230 0 122 1 271
222 0 302 3 272
224 0 329 3 273
268 0 8 2 274
235 0 27 4 275
249 0 254 14 276
238 0 305 4 277
232 0 333 3 278
242 0 127 4 279
260 0 266 15 280
247 0 321 4 281
243 0 284 15 282
243 0 230 15 283
310 0 6 4 284
266 0 25 3 285
247 0 338 14 286
247 0 292 4 287
252 0 289 14 288
252 0 300 2 289
247 0 318 5 290
247 0 327 5 291
248 0 251 14 292
262 0 241 1 293
252 0 272 2 294
266 0 344 2 295
254 0 125 14 296
258 0 129 3 297
250 0 151 5 298
256 0 151 14 299
254 0 164 15 300
250 0 184 14 301
250 0 196 15 302
250 0 207 14 303
268 0 184 2 304
250 0 229 2 305
269 0 261 2 306
256 0 311 1 307
329 0 1 3 308
306 0 8 3 309
262 0 20 4 310
253 0 294 5 311
254 0 341 2 312
260 0 320 15 313
284 0 245 1 314
262 0 309 2 315
262 0 332 2 316
271 0 119 3 317
267 0 134 3 318
270 0 139 4 319
264 0 163 2 320
269 0 162 3 321
264 0 184 1 322
264 0 196 2 323
264 0 207 1 324
264 0 218 4 325
264 0 229 4 326
277 0 309 5 327
278 0 205 4 328
283 0 273 1 329
279 0 316 4 330
285 0 264 5 331
281 0 267 4 332
286 0 309 15 333
282 0 254 14 334
283 0 245 1 335
287 0 300 2 336
283 0 294 4 337
294 0 210 14 338
277 0 359 15 339
289 0 316 14 340
282 0 123 4 341
286 0 282 15 342
281 0 333 14 343
291 0 330 3 344
289 0 129 2 345
294 0 337 1 346
296 0 230 4 347
297 0 251 2 348
302 0 348 1 349
295 0 136 2 350
302 0 128 2 351
299 0 147 1 352
301 0 150 1 353
306 0 151 2 354
303 0 167 3 355
303 0 179 1 356
303 0 191 5 357
303 0 203 5 358
307 0 209 2 359
311 0 119 4 360
304 0 162 3 361
311 0 337 5 362
313 0 233 4 363
320 0 143 2 364
326 0 326 15 365
319 0 257 1 366
327 0 352 15 367
319 0 307 14 368
320 0 342 2 369
330 0 148 1 370
321 0 176 14 371
322 0 186 14 372
329 0 183 14 373
329 0 196 1 374
329 0 207 15 375
321 0 234 14 376
329 0 332 1 377
333 0 283 2 378
340 0 313 14 379
337 0 155 2 380
337 0 163 3 381
341 0 167 4 382
341 0 182 2 383
337 0 203 5 384
337 0 214 2 385
337 0 225 3 386
342 0 303 14 387
339 0 234 2 388
343 0 292 2 389
344 0 282 4 390
340 0 275 14 391
340 0 285 14 392
341 0 319 3 393
343 0 305 4 394
348 0 157 15 395
345 0 257 15 396
347 0 359 15 397
350 0 322 4 398
353 0 303 1 399
356 0 332 15 400
359 0 156 14 401
357 0 172 2 402
357 0 181 5 403
357 0 190 2 404
357 0 201 2 405
357 0 211 5 406
357 0 221 15 407
357 0 233 14 408
366 0 325 1 409
366 0 217 4 410
369 0 240 1 411
368 0 167 2 412
371 0 333 3 413
378 0 359 14 414
376 0 338 4 415
378 0 236 2 416
386 0 260 5 417
391 0 311 15 418
393 0 302 2 419
394 0 291 14 420
393 0 214 14 421
398 0 237 14 422
394 0 313 2 423
398 0 348 14 424
399 0 285 3 425
401 0 261 1 426
403 0 340 4 427
397 0 303 3 428
402 0 261 1 429
402 0 287 4 430
399 0 262 15 431
412 0 329 14 432
403 0 241 1 433
406 0 287 5 434
406 0 328 5 435
409 0 230 5 436
407 0 262 2 437
413 0 246 14 438
420 0 217 1 439
417 0 249 5 440
410 0 277 4 441
422 0 216 1 442
422 0 344 5 443
430 0 353 15 444
417 0 243 4 445
413 0 263 3 446
424 0 332 14 447
428 0 248 15 448
426 0 258 2 449
432 0 270 15 450
432 0 233 15 451
436 0 254 2 452
440 0 229 5 453
446 0 272 14 454
448 0 251 4 455
444 0 215 2 456
450 0 252 5 457
452 0 216 15 458
452 0 264 3 459
448 0 359 14 460
463 0 246 2 461
463 0 265 5 462
463 0 277 15 463
464 0 280 15 464
464 0 302 2 465
464 0 317 14 466
464 0 333 15 467
464 0 345 14 468
470 0 257 4 469
464 0 228 2 470
482 0 186 3 471
482 0 205 3 472
482 0 225 4 473
482 0 247 14 474
482 0 267 2 475
482 0 287 14 476
482 0 308 4 477
482 0 327 3 478
482 0 347 3 479
