480
-41 0 248 1 0
-41 0 262 15 1
-41 0 277 1 2
-41 0 295 14 3
-41 0 310 1 4
-41 0 325 15 5
-41 0 341 3 6
-41 0 354 15 7
-40 0 363 1 8
-26 0 260 3 9
-24 0 366 5 10
-25 0 327 3 11
-23 0 241 4 12
-19 0 324 5 13
-18 0 297 5 14
-13 0 290 14 15
-11 0 325 14 16
-11 0 252 15 17
-7 0 366 1 18
-9 0 233 15 19
-9 0 279 1 20
-10 0 278 15 21
-9 0 298 15 22
-10 0 294 5 23
-6 0 312 3 24
-7 0 262 15 25
1 0 291 2 26
1 0 307 3 27
5 0 299 2 28
4 0 301 5 29
12 0 313 15 30
6 0 334 4 31
10 0 337 4 32
8 0 346 3 33
10 0 351 2 34
8 0 236 2 35
7 0 249 4 36
6 0 275 14 37
12 0 365 5 38
13 0 314 15 39
11 0 270 4 40
12 0 262 4 41
12 0 277 5 42
13 0 293 3 43
19 0 283 14 44
21 0 302 2 45
20 0 315 1 46
22 0 282 15 47
27 0 276 1 48
26 0 307 1 49
29 0 249 1 50
27 0 318 15 51
28 0 365 1 52
27 0 236 14 53
32 0 307 2 54
32 0 320 15 55
32 0 165 2 56
35 0 300 4 57
43 0 156 3 58
46 0 164 5 59
43 0 183 2 60
43 0 192 4 61
45 0 198 5 62
43 0 212 3 63
43 0 221 4 64
44 0 228 14 65
43 0 240 3 66
45 0 259 14 67
45 0 366 4 68
56 0 165 15 69
61 0 257 3 70
61 0 364 1 71
63 0 239 14 72
68 0 164 2 73
67 0 173 1 74
67 0 185 1 75
67 0 199 2 76
67 0 210 15 77
67 0 221 2 78
66 0 234 1 79
68 0 300 4 80
71 0 307 3 81
73 0 313 5 82
74 0 260 2 83
74 0 365 3 84
75 0 302 5 85
75 0 318 2 86
78 0 165 4 87
77 0 176 3 88
77 0 187 3 89
78 0 198 4 90
78 0 210 2 91
78 0 220 4 92
77 0 234 3 93
77 0 242 3 94
82 0 315 15 95
83 0 299 4 96
88 0 166 14 97
88 0 275 1 98
88 0 283 14 99
88 0 291 5 100
88 0 303 1 101
87 0 307 14 102
88 0 314 1 103
87 0 318 5 104
88 0 328 1 105
88 0 335 14 106
91 0 339 15 107
88 0 347 5 108
90 0 351 4 109
89 0 255 14 110
89 0 298 5 111
91 0 364 15 112
92 0 242 14 113
94 0 315 2 114
96 0 135 1 115
96 0 167 1 116
98 0 292 14 117
101 0 308 2 118
103 0 307 2 119
104 0 253 2 120
104 0 295 15 121
104 0 365 2 122
104 0 135 2 123
104 0 141 4 124
105 0 151 15 125
104 0 165 2 126
104 0 172 4 127
105 0 180 15 128
104 0 197 2 129
105 0 206 1 130
105 0 217 4 131
105 0 228 4 132
106 0 302 5 133
108 0 238 1 134
109 0 299 2 135
114 0 134 4 136
118 0 260 4 137
119 0 366 5 138
122 0 240 5 139
125 0 136 14 140
135 0 240 15 141
135 0 258 3 142
135 0 365 1 143
137 0 136 2 144
136 0 143 4 145
136 0 156 1 146
136 0 166 2 147
136 0 172 4 148
136 0 185 1 149
136 0 198 2 150
136 0 210 15 151
136 0 221 2 152
136 0 232 1 153
140 0 310 2 154
146 0 325 3 155
145 0 328 5 156
145 0 307 3 157
147 0 318 3 158
152 0 289 4 159
151 0 133 5 160
151 0 143 15 161
151 0 156 4 162
152 0 164 5 163
150 0 170 14 164
152 0 184 4 165
150 0 194 4 166
151 0 209 3 167
152 0 219 15 168
153 0 227 5 169
154 0 253 5 170
150 0 364 4 171
154 0 308 5 172
153 0 326 4 173
155 0 235 4 174
155 0 298 4 175
157 0 288 5 176
158 0 309 14 177
159 0 317 5 178
162 0 287 2 179
164 0 292 5 180
164 0 300 2 181
163 0 308 15 182
163 0 314 2 183
167 0 314 3 184
163 0 326 14 185
163 0 333 15 186
162 0 340 2 187
164 0 136 15 188
166 0 289 15 189
171 0 306 2 190
169 0 260 15 191
170 0 365 1 192
170 0 242 15 193
174 0 312 4 194
175 0 303 4 195
177 0 292 1 196
180 0 309 3 197
176 0 137 3 198
179 0 306 3 199
184 0 293 2 200
182 0 313 14 201
187 0 242 4 202
191 0 277 14 203
191 0 285 1 204
191 0 293 4 205
190 0 302 15 206
190 0 308 5 207
191 0 313 1 208
191 0 320 4 209
190 0 330 15 210
189 0 339 5 211
188 0 348 3 212
187 0 134 5 213
189 0 146 4 214
188 0 156 4 215
189 0 167 5 216
189 0 177 3 217
189 0 187 4 218
190 0 200 15 219
189 0 212 4 220
189 0 223 5 221
193 0 231 1 222
195 0 309 14 223
197 0 257 2 224
197 0 365 15 225
201 0 308 1 226
195 0 0 14 227
198 0 9 5 228
203 0 16 15 229
200 0 25 15 230
205 0 36 15 231
204 0 45 3 232
202 0 53 1 233
203 0 62 15 234
201 0 71 15 235
202 0 80 1 236
204 0 86 3 237
201 0 97 15 238
206 0 103 4 239
200 0 112 15 240
200 0 123 5 241
202 0 133 1 242
200 0 139 15 243
199 0 149 5 244
200 0 160 2 245
202 0 170 3 246
203 0 179 14 247
205 0 184 15 248
204 0 193 1 249
203 0 204 15 250
203 0 213 15 251
205 0 217 3 252
204 0 229 3 253
204 0 238 14 254
208 0 239 15 255
211 0 132 5 256
210 0 145 1 257
213 0 152 1 258
211 0 166 3 259
214 0 170 5 260
213 0 182 1 261
213 0 195 3 262
209 0 213 1 263
209 0 224 2 264
213 0 228 5 265
227 0 1 15 266
217 0 236 2 267
214 0 29 5 268
223 0 252 4 269
220 0 366 4 270
223 0 134 4 271
222 0 304 4 272
223 0 332 4 273
236 0 3 2 274
229 0 30 15 275
234 0 291 5 276
231 0 321 4 277
230 0 337 14 278
236 0 135 15 279
241 0 307 1 280
238 0 338 15 281
238 0 297 14 282
239 0 239 5 283
257 0 0 4 284
246 0 27 2 285
243 0 344 15 286
244 0 298 15 287
245 0 304 2 288
245 0 314 4 289
244 0 325 15 290
244 0 333 1 291
245 0 258 4 292
248 0 273 4 293
246 0 287 4 294
250 0 362 3 295
249 0 134 2 296
250 0 142 5 297
248 0 157 4 298
249 0 164 2 299
249 0 174 1 300
248 0 187 1 301
248 0 200 4 302
248 0 212 1 303
252 0 214 2 304
248 0 234 1 305
253 0 296 2 306
251 0 321 1 307
270 0 -6 15 308
264 0 3 15 309
254 0 20 5 310
251 0 297 2 311
253 0 341 5 312
257 0 324 3 313
264 0 290 4 314
260 0 313 15 315
260 0 336 5 316
264 0 133 5 317
263 0 143 15 318
263 0 154 4 319
262 0 167 5 320
263 0 174 4 321
262 0 187 4 322
262 0 200 15 323
262 0 212 4 324
262 0 223 5 325
262 0 234 4 326
265 0 323 4 327
266 0 233 5 328
267 0 300 1 329
267 0 328 1 330
270 0 292 5 331
270 0 287 2 332
272 0 324 14 333
272 0 278 15 334
273 0 269 14 335
274 0 315 2 336
273 0 307 15 337
277 0 248 1 338
272 0 366 15 339
276 0 328 3 340
275 0 134 1 341
277 0 295 14 342
278 0 336 1 343
284 0 338 2 344
285 0 135 3 345
288 0 344 2 346
291 0 239 2 347
293 0 258 14 348
294 0 363 4 349
294 0 137 4 350
296 0 141 15 351
295 0 155 4 352
296 0 163 5 353
297 0 170 15 354
296 0 182 3 355
296 0 195 5 356
296 0 207 4 357
296 0 218 15 358
297 0 228 15 359
304 0 133 14 360
303 0 167 14 361
307 0 344 14 362
310 0 240 15 363
312 0 162 1 364
318 0 341 4 365
317 0 260 1 366
319 0 364 2 367
318 0 310 2 368
320 0 342 5 369
323 0 163 3 370
321 0 176 2 371
321 0 187 2 372
323 0 196 3 373
323 0 208 1 374
323 0 219 5 375
321 0 234 2 376
327 0 335 4 377
329 0 303 14 378
332 0 325 4 379
333 0 165 5 380
333 0 173 4 381
334 0 182 3 382
334 0 196 5 383
333 0 210 3 384
333 0 221 5 385
333 0 232 4 386
335 0 315 1 387
336 0 240 5 388
337 0 304 14 389
338 0 295 4 390
338 0 280 14 391
338 0 289 5 392
340 0 322 5 393
342 0 307 15 394
344 0 166 15 395
344 0 260 14 396
345 0 366 1 397
347 0 328 3 398
351 0 306 2 399
354 0 337 2 400
357 0 165 3 401
356 0 176 2 402
356 0 184 2 403
356 0 193 3 404
356 0 204 2 405
356 0 214 2 406
356 0 223 3 407
356 0 233 2 408
361 0 339 4 409
363 0 236 2 410
366 0 255 5 411
367 0 168 5 412
369 0 342 15 413
375 0 366 15 414
376 0 343 2 415
380 0 241 15 416
386 0 260 1 417
393 0 314 5 418
395 0 307 4 419
397 0 300 14 420
398 0 235 3 421
402 0 255 5 422
401 0 330 15 423
402 0 363 5 424
404 0 300 15 425
406 0 280 14 426
407 0 346 5 427
406 0 325 5 428
408 0 285 1 429
408 0 308 14 430
409 0 293 4 431
414 0 330 2 432
414 0 285 2 433
414 0 312 2 434
414 0 347 14 435
416 0 268 15 436
416 0 299 15 437
418 0 277 1 438
422 0 236 15 439
421 0 284 4 440
419 0 314 3 441
423 0 249 2 442
423 0 346 1 443
425 0 365 3 444
422 0 287 4 445
421 0 302 4 446
424 0 335 2 447
428 0 280 3 448
428 0 296 2 449
431 0 313 14 450
431 0 273 14 451
433 0 288 3 452
436 0 267 3 453
439 0 314 15 454
442 0 293 4 455
442 0 236 4 456
444 0 288 5 457
448 0 249 15 458
448 0 295 5 459
447 0 366 15 460
463 0 257 5 461
463 0 271 2 462
463 0 283 3 463
463 0 297 2 464
463 0 312 5 465
463 0 326 2 466
463 0 341 5 467
463 0 353 2 468
465 0 341 14 469
464 0 239 1 470
481 0 228 2 471
481 0 242 14 472
481 0 257 2 473
481 0 275 2 474
481 0 290 14 475
481 0 305 15 476
481 0 321 5 477
481 0 335 15 478
481 0 350 5 479
