480
-42 0 240 3 0
-42 0 255 4 1
-42 0 271 3 2
-42 0 290 3 3
-42 0 306 4 4
-42 0 323 2 5
-42 0 339 4 6
-41 0 353 3 7
-39 0 360 5 8
-26 0 260 14 9
-23 0 364 1 10
-25 0 327 14 11
-23 0 240 15 12
-19 0 322 15 13
-18 0 295 15 14
-14 0 287 5 15
-11 0 325 2 16
-12 0 246 5 17
-5 0 364 4 18
-10 0 227 3 19
-9 0 272 14 20
-12 0 264 1 21
-9 0 292 2 22
-12 0 281 3 23
-7 0 304 4 24
-9 0 247 14 25
0 0 283 5 26
-1 0 298 4 27
5 0 291 5 28
2 0 291 5 29
16 0 304 2 30
6 0 333 15 31
13 0 335 1 32
9 0 344 14 33
13 0 348 14 34
8 0 231 2 35
7 0 242 14 36
5 0 260 5 37
14 0 362 1 38
15 0 308 1 39
11 0 264 14 40
12 0 248 1 41
12 0 268 15 42
14 0 285 3 43
21 0 276 3 44
24 0 297 2 45
22 0 312 5 46
24 0 278 3 47
29 0 270 3 48
27 0 304 4 49
32 0 242 4 50
28 0 316 3 51
30 0 362 4 52
27 0 232 3 53
33 0 305 5 54
33 0 319 4 55
32 0 163 5 56
37 0 297 5 57
44 0 147 14 58
48 0 155 15 59
43 0 182 5 60
43 0 191 2 61
48 0 194 1 62
44 0 210 5 63
44 0 219 2 64
46 0 224 1 65
44 0 239 5 66
45 0 258 2 67
46 0 364 1 68
56 0 163 3 69
62 0 254 4 70
62 0 361 4 71
64 0 237 2 72
69 0 161 5 73
68 0 171 15 74
68 0 183 3 75
67 0 198 5 76
68 0 209 3 77
68 0 220 5 78
66 0 233 4 79
68 0 298 4 80
71 0 306 14 81
73 0 313 1 82
75 0 259 1 83
74 0 362 14 84
75 0 301 1 85
75 0 318 5 86
79 0 163 15 87
77 0 176 14 88
77 0 186 14 89
79 0 196 15 90
79 0 208 5 91
79 0 218 2 92
77 0 234 14 93
77 0 242 14 94
81 0 314 3 95
82 0 297 15 96
89 0 165 2 97
89 0 271 1 98
89 0 279 2 99
89 0 289 1 100
89 0 301 4 101
87 0 304 2 102
89 0 313 4 103
87 0 315 4 104
89 0 327 1 105
89 0 334 2 106
92 0 337 3 107
89 0 346 1 108
91 0 349 1 109
89 0 252 2 110
89 0 296 1 111
93 0 361 3 112
92 0 242 2 113
94 0 315 5 114
96 0 133 4 115
95 0 167 4 116
99 0 287 14 117
102 0 303 15 118
104 0 305 5 119
105 0 248 5 120
105 0 291 4 121
105 0 362 5 122
104 0 134 5 123
104 0 139 5 124
105 0 147 4 125
104 0 163 5 126
103 0 169 15 127
105 0 177 3 128
104 0 195 5 129
106 0 201 1 130
106 0 212 5 131
106 0 224 14 132
108 0 299 5 133
109 0 235 5 134
109 0 298 5 135
115 0 131 2 136
118 0 260 15 137
119 0 364 1 138
122 0 238 15 139
124 0 136 2 140
135 0 239 2 141
135 0 257 14 142
135 0 362 4 143
137 0 135 5 144
136 0 141 15 145
136 0 154 4 146
136 0 164 5 147
135 0 169 14 148
136 0 183 3 149
136 0 196 5 150
136 0 208 3 151
136 0 219 15 152
136 0 230 15 153
139 0 309 5 154
146 0 325 14 155
144 0 326 5 156
145 0 304 14 157
146 0 315 2 158
153 0 282 1 159
151 0 130 3 160
151 0 140 1 161
150 0 155 14 162
152 0 160 3 163
149 0 166 15 164
152 0 180 14 165
150 0 189 2 166
150 0 206 14 167
152 0 216 3 168
154 0 222 1 169
154 0 247 3 170
149 0 360 15 171
155 0 302 3 172
153 0 326 15 173
156 0 230 4 174
156 0 291 1 175
158 0 283 2 176
159 0 307 2 177
161 0 313 5 178
162 0 283 3 179
165 0 287 5 180
165 0 297 2 181
163 0 307 3 182
163 0 314 5 183
169 0 309 4 184
163 0 326 2 185
163 0 332 3 186
161 0 340 5 187
164 0 135 3 188
166 0 288 3 189
174 0 301 15 190
169 0 260 3 191
171 0 362 5 192
170 0 242 3 193
176 0 309 14 194
175 0 302 15 195
177 0 291 5 196
183 0 305 15 197
176 0 136 14 198
180 0 306 14 199
186 0 289 15 200
182 0 313 2 201
186 0 241 15 202
193 0 274 4 203
193 0 281 2 204
193 0 291 1 205
192 0 299 1 206
192 0 306 2 207
193 0 310 2 208
193 0 317 1 209
192 0 328 4 210
190 0 338 1 211
188 0 347 15 212
186 0 131 3 213
189 0 145 15 214
187 0 155 15 215
189 0 166 1 216
189 0 176 15 217
189 0 187 15 218
189 0 199 1 219
189 0 211 14 220
189 0 222 1 221
195 0 228 4 222
196 0 308 3 223
198 0 255 3 224
197 0 362 3 225
202 0 307 4 226
190 0 2 3 227
195 0 9 15 228
204 0 16 3 229
200 0 25 3 230
206 0 37 3 231
204 0 46 14 232
202 0 53 4 233
203 0 62 3 234
201 0 71 3 235
202 0 80 4 236
206 0 85 15 237
201 0 96 2 238
208 0 101 15 239
199 0 111 3 240
199 0 122 1 241
202 0 133 4 242
199 0 138 3 243
197 0 147 2 244
199 0 158 5 245
202 0 169 14 246
204 0 178 2 247
208 0 180 3 248
205 0 191 14 249
204 0 202 14 250
204 0 212 3 251
207 0 214 4 252
205 0 227 4 253
205 0 236 2 254
212 0 232 5 255
213 0 129 1 256
210 0 145 4 257
215 0 147 5 258
212 0 164 14 259
216 0 165 15 260
216 0 179 5 261
216 0 191 2 262
210 0 212 4 263
210 0 223 5 264
216 0 224 15 265
236 0 2 5 266
219 0 232 14 267
215 0 29 1 268
226 0 247 3 269
220 0 364 15 270
225 0 131 3 271
222 0 304 15 272
223 0 331 2 273
243 0 4 14 274
230 0 29 4 275
237 0 283 3 276
233 0 318 1 277
230 0 336 2 278
237 0 133 3 279
245 0 298 4 280
240 0 335 4 281
239 0 294 1 282
240 0 237 2 283
268 0 2 4 284
251 0 26 14 285
244 0 343 14 286
245 0 297 4 287
247 0 300 15 288
247 0 311 5 289
245 0 324 4 290
245 0 332 5 291
246 0 257 15 292
251 0 266 4 293
247 0 283 5 294
253 0 359 1 295
250 0 132 1 296
252 0 139 14 297
248 0 156 4 298
251 0 161 14 299
250 0 172 1 300
248 0 187 4 301
248 0 199 5 302
248 0 211 3 303
256 0 208 5 304
248 0 233 4 305
257 0 288 14 306
252 0 319 5 307
282 0 -4 5 308
273 0 4 5 309
255 0 20 2 310
252 0 297 5 311
253 0 341 1 312
258 0 323 5 313
269 0 280 2 314
260 0 312 3 315
260 0 335 1 316
265 0 130 4 317
264 0 141 3 318
265 0 151 15 319
262 0 166 1 320
264 0 171 3 321
262 0 187 15 322
262 0 199 1 323
262 0 211 14 324
262 0 222 1 325
262 0 233 15 326
268 0 320 15 327
269 0 227 2 328
270 0 294 1 329
269 0 326 1 330
273 0 286 5 331
272 0 283 3 332
275 0 321 2 333
274 0 273 5 334
275 0 264 2 335
276 0 312 14 336
275 0 304 4 337
280 0 240 4 338
273 0 364 3 339
279 0 326 3 340
277 0 132 14 341
279 0 292 2 342
278 0 335 4 343
286 0 336 14 344
286 0 134 14 345
289 0 343 1 346
292 0 237 5 347
293 0 256 2 348
295 0 360 1 349
294 0 137 15 350
297 0 138 1 351
296 0 153 15 352
297 0 160 3 353
299 0 166 1 354
298 0 180 14 355
298 0 191 3 356
298 0 204 3 357
298 0 215 15 358
299 0 224 1 359
306 0 130 5 360
303 0 166 2 361
308 0 343 5 362
311 0 239 2 363
314 0 158 14 364
319 0 338 5 365
318 0 259 15 366
321 0 362 14 367
319 0 310 5 368
320 0 342 1 369
325 0 160 2 370
321 0 176 5 371
321 0 187 5 372
324 0 193 14 373
324 0 206 5 374
324 0 217 1 375
321 0 234 5 376
327 0 335 15 377
330 0 299 15 378
334 0 322 14 379
334 0 163 1 380
334 0 171 3 381
336 0 180 15 382
336 0 193 2 383
334 0 209 14 384
334 0 220 1 385
334 0 231 3 386
337 0 313 4 387
336 0 239 15 388
338 0 302 4 389
339 0 292 15 390
338 0 279 2 391
338 0 288 1 392
340 0 321 1 393
343 0 306 3 394
345 0 164 4 395
344 0 259 5 396
345 0 364 4 397
348 0 326 3 398
351 0 305 5 399
355 0 336 14 400
357 0 163 14 401
356 0 175 5 402
356 0 184 5 403
357 0 193 14 404
356 0 204 5 405
356 0 213 5 406
356 0 222 14 407
356 0 233 5 408
362 0 336 15 409
363 0 232 14 410
366 0 252 1 411
367 0 168 1 412
369 0 340 3 413
376 0 364 3 414
376 0 342 5 415
379 0 240 2 416
386 0 260 4 417
393 0 314 1 418
395 0 306 15 419
396 0 298 14 420
397 0 231 2 421
402 0 251 1 422
400 0 326 15 423
402 0 360 1 424
403 0 297 15 425
405 0 276 2 426
406 0 344 1 427
404 0 320 14 428
407 0 280 2 429
407 0 303 4 430
407 0 286 4 431
413 0 330 5 432
411 0 276 3 433
413 0 307 3 434
413 0 343 5 435
414 0 260 2 436
414 0 291 2 437
417 0 271 3 438
421 0 232 4 439
420 0 277 5 440
417 0 306 4 441
423 0 242 4 442
422 0 346 4 443
426 0 362 14 444
421 0 277 5 445
420 0 294 3 446
424 0 334 5 447
428 0 273 1 448
427 0 288 5 449
431 0 304 15 450
432 0 264 5 451
434 0 281 15 452
437 0 259 3 453
441 0 305 2 454
443 0 284 4 455
442 0 231 4 456
445 0 281 3 457
448 0 242 2 458
448 0 289 2 459
447 0 364 3 460
463 0 255 14 461
463 0 269 5 462
463 0 282 14 463
463 0 293 4 464
463 0 310 14 465
463 0 324 5 466
463 0 339 14 467
463 0 351 4 468
466 0 323 5 469
464 0 237 4 470
482 0 219 5 471
482 0 234 2 472
482 0 250 3 473
482 0 269 2 474
482 0 285 5 475
482 0 302 5 476
482 0 318 2 477
482 0 333 3 478
482 0 349 1 479
