480
-41 0 245 4 0
-41 0 259 4 1
-41 0 274 4 2
-41 0 293 15 3
-41 0 308 2 4
-41 0 324 1 5
-41 0 340 4 6
-41 0 354 1 7
-39 0 362 3 8
-26 0 260 4 9
-24 0 365 14 10
-25 0 327 4 11
-23 0 240 5 12
-19 0 323 5 13
-18 0 296 14 14
-13 0 289 15 15
-11 0 325 15 16
-12 0 250 1 17
-6 0 365 2 18
-10 0 231 3 19
-9 0 276 2 20
-11 0 272 3 21
-9 0 295 15 22
-11 0 288 15 23
-6 0 308 2 24
-8 0 255 2 25
1 0 288 3 26
0 0 303 5 27
5 0 296 3 28
3 0 297 3 29
14 0 309 14 30
6 0 334 5 31
11 0 336 14 32
9 0 345 4 33
11 0 350 4 34
8 0 234 4 35
7 0 246 15 36
6 0 269 4 37
13 0 364 14 38
14 0 311 14 39
11 0 267 4 40
12 0 256 1 41
12 0 273 1 42
13 0 290 5 43
20 0 280 15 44
23 0 300 3 45
21 0 314 3 46
23 0 280 1 47
28 0 273 4 48
26 0 306 2 49
30 0 246 4 50
27 0 317 1 51
29 0 364 2 52
27 0 234 1 53
33 0 306 3 54
33 0 320 1 55
32 0 165 3 56
36 0 298 3 57
43 0 152 3 58
47 0 160 1 59
43 0 183 3 60
43 0 192 5 61
46 0 196 14 62
43 0 211 3 63
43 0 220 5 64
45 0 226 5 65
43 0 239 3 66
45 0 258 15 67
46 0 365 14 68
56 0 165 1 69
61 0 256 4 70
61 0 363 2 71
64 0 238 15 72
68 0 162 3 73
67 0 172 5 74
67 0 184 2 75
67 0 199 3 76
67 0 210 1 77
67 0 221 3 78
66 0 234 2 79
68 0 299 2 80
71 0 307 4 81
73 0 313 14 82
74 0 260 3 83
74 0 364 4 84
75 0 302 14 85
75 0 318 3 86
79 0 164 5 87
77 0 176 4 88
77 0 187 4 89
79 0 197 5 90
79 0 209 3 91
79 0 220 5 92
77 0 234 4 93
77 0 242 4 94
82 0 314 1 95
82 0 298 5 96
88 0 165 15 97
88 0 274 2 98
88 0 281 15 99
88 0 290 14 100
88 0 302 2 101
87 0 306 15 102
88 0 313 2 103
87 0 317 14 104
88 0 328 2 105
88 0 334 15 106
91 0 338 1 107
89 0 347 14 108
90 0 350 5 109
89 0 254 15 110
89 0 297 14 111
92 0 363 1 112
92 0 242 15 113
94 0 315 3 114
96 0 134 2 115
96 0 167 2 116
98 0 290 1 117
101 0 306 3 118
104 0 306 3 119
105 0 251 3 120
105 0 293 1 121
105 0 364 3 122
104 0 135 3 123
104 0 140 3 124
105 0 149 1 125
104 0 164 3 126
103 0 170 5 127
105 0 179 1 128
104 0 196 3 129
106 0 204 3 130
106 0 215 3 131
106 0 226 4 132
107 0 301 14 133
108 0 237 2 134
109 0 299 3 135
115 0 132 15 136
118 0 260 5 137
119 0 365 14 138
122 0 239 5 139
124 0 136 15 140
135 0 240 1 141
135 0 258 4 142
135 0 363 2 143
137 0 136 3 144
136 0 142 5 145
136 0 155 2 146
136 0 165 3 147
136 0 171 5 148
136 0 184 2 149
136 0 198 3 150
136 0 209 1 151
136 0 220 3 152
136 0 231 5 153
140 0 310 3 154
146 0 325 4 155
144 0 327 3 156
145 0 305 4 157
147 0 316 4 158
152 0 286 1 159
151 0 131 1 160
151 0 142 1 161
150 0 156 5 162
152 0 162 14 163
150 0 168 5 164
152 0 182 4 165
150 0 192 5 166
150 0 208 3 167
152 0 218 1 168
153 0 225 14 169
154 0 250 14 170
150 0 362 5 171
155 0 306 14 172
153 0 326 5 173
156 0 233 14 174
156 0 295 5 175
157 0 286 2 176
158 0 308 15 177
160 0 315 2 178
162 0 286 3 179
164 0 290 15 180
164 0 299 15 181
163 0 307 1 182
163 0 314 3 183
168 0 312 4 184
163 0 326 15 185
163 0 333 1 186
162 0 340 3 187
164 0 136 1 188
166 0 288 1 189
172 0 304 3 190
169 0 260 1 191
171 0 363 3 192
170 0 242 1 193
175 0 311 3 194
175 0 303 5 195
177 0 292 2 196
181 0 307 5 197
176 0 136 4 198
179 0 306 4 199
185 0 291 4 200
182 0 313 15 201
187 0 242 5 202
192 0 276 15 203
192 0 283 15 204
192 0 292 5 205
191 0 301 2 206
191 0 307 15 207
192 0 311 15 208
192 0 319 14 209
191 0 329 2 210
189 0 339 14 211
188 0 348 4 212
187 0 133 14 213
189 0 146 5 214
188 0 156 5 215
189 0 167 14 216
189 0 176 5 217
189 0 187 5 218
189 0 200 1 219
189 0 212 5 220
189 0 223 14 221
194 0 230 2 222
195 0 308 15 223
197 0 256 3 224
197 0 363 1 225
202 0 308 2 226
193 0 1 2 227
196 0 9 14 228
204 0 16 1 229
200 0 25 1 230
205 0 36 1 231
204 0 46 4 232
202 0 53 2 233
203 0 62 1 234
201 0 71 1 235
202 0 80 2 236
205 0 86 4 237
201 0 96 15 238
207 0 102 5 239
200 0 111 1 240
200 0 122 14 241
202 0 133 2 242
200 0 138 1 243
198 0 148 15 244
200 0 159 3 245
202 0 170 4 246
203 0 178 15 247
206 0 182 1 248
205 0 193 2 249
203 0 203 4 250
203 0 212 1 251
206 0 216 5 252
204 0 228 4 253
204 0 237 15 254
209 0 236 1 255
212 0 131 14 256
210 0 145 2 257
214 0 150 2 258
211 0 165 4 259
215 0 168 4 260
214 0 181 2 261
214 0 193 4 262
210 0 213 2 263
210 0 224 3 264
214 0 226 4 265
231 0 2 2 266
218 0 234 4 267
215 0 29 14 268
224 0 250 5 269
220 0 365 5 270
224 0 132 15 271
222 0 304 5 272
223 0 331 15 273
239 0 4 3 274
229 0 29 1 275
235 0 288 15 276
232 0 320 5 277
230 0 337 15 278
237 0 134 1 279
243 0 303 4 280
239 0 337 1 281
238 0 296 15 282
239 0 239 14 283
262 0 1 1 284
248 0 27 3 285
243 0 344 1 286
244 0 298 1 287
246 0 302 5 288
246 0 313 5 289
244 0 324 1 290
244 0 333 2 291
245 0 258 5 292
250 0 270 3 293
247 0 285 5 294
251 0 361 4 295
249 0 133 3 296
251 0 141 14 297
248 0 156 2 298
250 0 163 4 299
249 0 173 2 300
248 0 187 2 301
248 0 200 5 302
248 0 212 2 303
254 0 211 2 304
248 0 234 2 305
255 0 293 3 306
251 0 320 2 307
275 0 -5 2 308
268 0 4 2 309
254 0 20 14 310
252 0 297 3 311
253 0 341 14 312
257 0 324 4 313
266 0 286 2 314
260 0 313 1 315
260 0 336 14 316
264 0 131 1 317
263 0 143 1 318
264 0 152 4 319
262 0 167 14 320
263 0 173 5 321
262 0 187 5 322
262 0 200 1 323
262 0 212 5 324
262 0 223 14 325
262 0 234 5 326
266 0 322 5 327
267 0 231 2 328
269 0 297 14 329
268 0 327 14 330
271 0 290 15 331
271 0 285 3 332
273 0 322 14 333
272 0 275 3 334
273 0 267 14 335
275 0 314 4 336
274 0 306 1 337
278 0 244 4 338
273 0 365 1 339
277 0 327 1 340
276 0 133 2 341
278 0 294 15 342
278 0 335 2 343
285 0 337 4 344
285 0 135 4 345
288 0 344 3 346
291 0 238 3 347
293 0 257 15 348
294 0 362 5 349
294 0 137 5 350
297 0 140 14 351
296 0 154 5 352
296 0 162 14 353
298 0 168 14 354
297 0 181 4 355
297 0 193 14 356
297 0 206 5 357
297 0 217 1 358
298 0 226 14 359
305 0 131 3 360
303 0 166 15 361
308 0 344 15 362
310 0 240 1 363
313 0 161 2 364
318 0 340 5 365
318 0 259 5 366
320 0 363 4 367
318 0 310 3 368
320 0 342 14 369
324 0 162 4 370
321 0 176 3 371
321 0 187 3 372
324 0 195 4 373
324 0 207 3 374
324 0 218 14 375
321 0 234 3 376
327 0 335 5 377
329 0 301 15 378
333 0 323 4 379
333 0 164 14 380
333 0 172 1 381
335 0 181 5 382
335 0 195 15 383
334 0 209 4 384
333 0 220 14 385
333 0 231 1 386
336 0 314 2 387
336 0 240 14 388
338 0 303 2 389
338 0 294 5 390
338 0 280 15 391
338 0 289 14 392
340 0 321 14 393
342 0 307 1 394
345 0 165 2 395
344 0 259 3 396
345 0 365 2 397
347 0 327 1 398
351 0 305 3 399
355 0 336 3 400
357 0 164 4 401
356 0 176 3 402
356 0 184 3 403
356 0 193 4 404
356 0 204 3 405
356 0 213 3 406
356 0 223 4 407
356 0 233 3 408
362 0 338 5 409
363 0 234 4 410
366 0 254 14 411
367 0 168 14 412
369 0 341 1 413
375 0 365 1 414
376 0 342 3 415
380 0 241 1 416
386 0 260 2 417
393 0 314 14 418
395 0 306 5 419
397 0 299 4 420
398 0 234 4 421
402 0 253 14 422
401 0 328 1 423
402 0 362 14 424
404 0 299 5 425
406 0 278 15 426
406 0 345 14 427
405 0 323 5 428
407 0 283 15 429
407 0 306 15 430
408 0 290 14 431
414 0 330 3 432
413 0 281 1 433
414 0 310 1 434
414 0 345 15 435
415 0 265 15 436
415 0 296 1 437
418 0 274 4 438
421 0 234 2 439
420 0 281 3 440
418 0 311 2 441
423 0 246 5 442
423 0 346 2 443
425 0 364 4 444
422 0 283 3 445
421 0 299 2 446
424 0 334 3 447
428 0 277 4 448
427 0 292 2 449
431 0 309 5 450
431 0 269 4 451
433 0 285 15 452
436 0 264 4 453
440 0 310 15 454
443 0 290 14 455
442 0 234 14 456
444 0 285 2 457
448 0 246 3 458
448 0 292 14 459
447 0 365 1 460
463 0 256 14 461
463 0 270 3 462
463 0 283 4 463
463 0 295 2 464
463 0 311 4 465
463 0 326 3 466
463 0 340 14 467
463 0 352 3 468
465 0 333 5 469
464 0 238 2 470
481 0 224 1 471
481 0 239 14 472
481 0 254 1 473
481 0 273 3 474
481 0 288 15 475
481 0 304 1 476
481 0 320 14 477
481 0 334 1 478
481 0 349 14 479
