480
-43 0 191 4 0
-43 0 213 1 1
-43 0 236 15 2
-43 0 260 1 3
-43 0 283 2 4
-43 0 306 2 5
-43 0 329 4 6
-40 0 348 15 7
-33 0 340 14 8
-25 0 259 15 9
-16 0 355 14 10
-25 0 326 4 11
-24 0 233 5 12
-21 0 311 14 13
-21 0 288 5 14
-18 0 268 14 15
-10 0 325 15 16
-17 0 212 14 17
8 0 355 4 18
-16 0 190 2 19
-15 0 231 2 20
-25 0 180 3 21
-15 0 257 2 22
-25 0 203 15 23
-14 0 257 3 24
-23 0 157 1 25
-6 0 235 1 26
-10 0 238 14 27
1 0 243 3 28
-6 0 228 4 29
40 0 248 4 30
7 0 330 15 31
29 0 319 1 32
17 0 337 15 33
29 0 333 2 34
7 0 204 4 35
4 0 198 4 36
-2 0 165 3 37
29 0 348 15 38
31 0 277 3 39
12 0 226 14 40
16 0 158 2 41
15 0 214 5 42
20 0 236 5 43
39 0 231 14 44
42 0 261 4 45
35 0 287 5 46
36 0 249 4 47
43 0 236 3 48
38 0 287 14 49
50 0 198 14 50
38 0 303 14 51
46 0 348 4 52
30 0 207 1 53
42 0 292 3 54
42 0 313 15 55
36 0 151 2 56
50 0 278 14 57
48 0 97 5 58
63 0 101 4 59
45 0 175 4 60
47 0 182 4 61
62 0 166 2 62
48 0 200 1 63
48 0 209 4 64
56 0 202 3 65
48 0 229 1 66
49 0 251 14 67
52 0 355 14 68
59 0 151 14 69
68 0 240 2 70
68 0 344 2 71
70 0 225 3 72
77 0 142 15 73
72 0 159 14 74
72 0 173 3 75
70 0 193 3 76
72 0 201 14 77
72 0 211 2 78
68 0 231 5 79
69 0 287 5 80
71 0 301 14 81
73 0 312 14 82
76 0 256 15 83
75 0 348 2 84
77 0 296 4 85
77 0 313 15 86
84 0 151 4 87
77 0 173 4 88
78 0 183 3 89
84 0 185 5 90
84 0 196 14 91
85 0 206 5 92
78 0 232 4 93
78 0 241 4 94
80 0 307 5 95
81 0 290 5 96
90 0 155 14 97
90 0 247 2 98
90 0 256 2 99
90 0 275 2 100
90 0 287 2 101
83 0 287 1 102
90 0 303 2 103
83 0 297 5 104
90 0 322 5 105
90 0 330 2 106
102 0 322 1 107
90 0 344 14 108
97 0 340 4 109
91 0 231 3 110
91 0 289 15 111
103 0 343 5 112
92 0 240 15 113
93 0 310 1 114
96 0 122 15 115
94 0 162 1 116
107 0 256 14 117
108 0 273 14 118
109 0 293 2 119
110 0 219 14 120
110 0 272 14 121
110 0 347 3 122
104 0 126 2 123
103 0 122 1 124
108 0 121 2 125
106 0 151 2 126
101 0 150 1 127
108 0 148 3 128
106 0 182 2 129
111 0 175 4 130
111 0 185 4 131
111 0 198 5 132
116 0 280 14 133
113 0 218 15 134
113 0 293 3 135
117 0 116 1 136
119 0 259 1 137
122 0 355 14 138
125 0 226 15 139
123 0 131 2 140
133 0 231 4 141
133 0 248 2 142
133 0 347 1 143
136 0 129 5 144
133 0 126 1 145
133 0 145 1 146
133 0 154 1 147
131 0 148 1 148
133 0 172 4 149
133 0 184 1 150
133 0 195 2 151
134 0 206 1 152
133 0 217 4 153
135 0 300 4 154
146 0 325 4 155
138 0 316 2 156
139 0 289 2 157
140 0 300 5 158
159 0 241 14 159
150 0 111 5 160
150 0 125 4 161
149 0 146 4 162
155 0 141 1 163
145 0 137 4 164
155 0 162 14 165
146 0 159 15 166
148 0 188 15 167
154 0 194 14 168
160 0 189 2 169
160 0 216 2 170
141 0 341 14 171
161 0 266 14 172
155 0 325 5 173
161 0 200 3 174
162 0 250 1 175
163 0 249 1 176
163 0 291 15 177
170 0 294 15 178
165 0 258 3 179
172 0 260 2 180
172 0 279 3 181
166 0 300 4 182
166 0 309 2 183
187 0 278 14 184
166 0 321 15 185
166 0 329 4 186
160 0 340 2 187
165 0 129 3 188
168 0 284 4 189
193 0 267 5 190
169 0 257 4 191
176 0 347 3 192
170 0 240 1 193
192 0 285 2 194
179 0 296 3 195
180 0 285 14 196
198 0 280 1 197
174 0 133 3 198
181 0 304 5 199
197 0 270 15 200
183 0 313 15 201
185 0 239 3 202
205 0 254 2 203
205 0 262 1 204
205 0 274 4 205
201 0 284 4 206
201 0 293 15 207
205 0 291 1 208
205 0 300 4 209
201 0 316 1 210
194 0 332 15 211
189 0 344 5 212
175 0 116 5 213
187 0 143 1 214
180 0 146 3 215
187 0 161 14 216
187 0 172 1 217
187 0 182 4 218
187 0 194 14 219
187 0 206 5 220
187 0 217 1 221
206 0 210 1 222
203 0 298 1 223
204 0 243 1 224
203 0 347 1 225
210 0 298 2 226
162 0 9 14 227
178 0 14 3 228
209 0 18 5 229
194 0 23 15 230
217 0 42 4 231
210 0 49 3 232
203 0 53 2 233
207 0 64 2 234
197 0 71 15 235
202 0 80 2 236
214 0 77 4 237
199 0 93 14 238
221 0 87 15 239
191 0 101 2 240
193 0 115 2 241
202 0 133 2 242
193 0 128 14 243
186 0 130 1 244
193 0 147 14 245
201 0 167 2 246
208 0 172 5 247
220 0 162 5 248
214 0 180 2 249
209 0 195 3 250
208 0 205 2 251
220 0 193 5 252
212 0 214 3 253
212 0 224 4 254
234 0 191 2 255
222 0 109 5 256
212 0 140 4 257
229 0 120 5 258
218 0 152 3 259
233 0 135 15 260
231 0 154 14 261
231 0 167 15 262
212 0 209 2 263
212 0 220 4 264
231 0 195 15 265
293 0 9 3 266
233 0 205 14 267
217 0 31 15 268
243 0 214 1 269
221 0 355 4 270
233 0 116 2 271
222 0 301 15 272
224 0 328 15 273
285 0 10 2 274
238 0 25 1 275
256 0 235 4 276
242 0 296 1 277
233 0 331 2 278
245 0 122 1 279
271 0 244 3 280
251 0 311 4 281
245 0 277 3 282
246 0 225 3 283
339 0 9 5 284
276 0 24 2 285
249 0 335 3 286
249 0 288 2 287
255 0 281 5 288
255 0 292 3 289
249 0 314 5 290
249 0 324 2 291
250 0 248 4 292
269 0 224 15 293
256 0 264 3 294
275 0 334 2 295
256 0 120 4 296
263 0 122 4 297
251 0 149 2 298
260 0 145 5 299
257 0 158 15 300
251 0 182 2 301
252 0 194 4 302
251 0 205 3 303
276 0 168 2 304
251 0 227 4 305
277 0 243 1 306
258 0 306 5 307
360 0 5 4 308
329 0 10 3 309
266 0 20 2 310
253 0 292 2 311
254 0 341 14 312
262 0 318 5 313
294 0 221 5 314
264 0 307 14 315
264 0 330 1 316
275 0 111 2 317
270 0 129 3 318
274 0 132 3 319
265 0 161 15 320
272 0 156 15 321
265 0 182 5 322
265 0 194 15 323
265 0 205 14 324
265 0 216 2 325
265 0 227 15 326
284 0 301 5 327
284 0 191 5 328
291 0 258 15 329
285 0 309 4 330
292 0 250 5 331
287 0 256 14 332
293 0 302 15 333
288 0 241 3 334
289 0 232 3 335
294 0 292 3 336
289 0 288 3 337
303 0 189 2 338
279 0 355 1 339
296 0 309 14 340
286 0 117 3 341
291 0 275 15 342
282 0 331 5 343
295 0 325 5 344
291 0 126 4 345
297 0 334 14 346
298 0 224 14 347
299 0 247 1 348
306 0 340 3 349
295 0 135 14 350
305 0 121 14 351
301 0 143 2 352
304 0 143 2 353
311 0 141 4 354
307 0 159 3 355
307 0 170 3 356
307 0 182 14 357
307 0 194 1 358
313 0 199 2 359
314 0 111 2 360
305 0 160 3 361
313 0 334 2 362
315 0 230 5 363
324 0 133 4 364
330 0 317 5 365
319 0 255 3 366
331 0 346 5 367
320 0 305 4 368
320 0 341 14 369
334 0 140 14 370
321 0 175 3 371
322 0 185 3 372
333 0 178 4 373
333 0 190 1 374
333 0 200 1 375
321 0 233 3 376
330 0 330 1 377
336 0 273 2 378
344 0 307 1 379
339 0 149 5 380
339 0 158 2 381
345 0 158 4 382
345 0 176 1 383
339 0 199 15 384
339 0 210 5 385
339 0 221 15 386
345 0 297 1 387
340 0 231 3 388
346 0 286 4 389
347 0 275 4 390
341 0 273 3 391
341 0 283 1 392
342 0 317 15 393
344 0 304 1 394
350 0 152 1 395
345 0 256 4 396
349 0 355 1 397
352 0 319 2 398
354 0 302 5 399
356 0 329 14 400
361 0 151 3 401
357 0 170 14 402
357 0 180 2 403
358 0 188 14 404
357 0 199 4 405
357 0 209 2 406
357 0 219 14 407
357 0 232 3 408
368 0 318 5 409
367 0 207 5 410
370 0 232 14 411
368 0 166 14 412
373 0 328 2 413
380 0 355 1 414
376 0 335 1 415
378 0 234 15 416
386 0 259 5 417
390 0 309 4 418
391 0 300 14 419
392 0 286 14 420
391 0 203 14 421
396 0 227 5 422
390 0 303 14 423
396 0 340 15 424
397 0 277 5 425
398 0 251 5 426
401 0 337 14 427
393 0 291 3 428
399 0 249 5 429
399 0 276 5 430
394 0 245 14 431
412 0 328 3 432
398 0 218 15 433
402 0 273 1 434
402 0 318 5 435
405 0 209 5 436
403 0 242 5 437
411 0 230 3 438
419 0 207 1 439
415 0 231 4 440
405 0 257 2 441
421 0 198 3 442
421 0 343 5 443
432 0 347 4 444
415 0 219 4 445
409 0 241 14 446
424 0 330 5 447
428 0 231 14 448
425 0 237 2 449
433 0 247 15 450
433 0 211 3 451
438 0 236 4 452
442 0 208 5 453
449 0 250 1 454
451 0 228 4 455
445 0 204 15 456
453 0 233 1 457
454 0 198 2 458
454 0 248 2 459
449 0 355 15 460
463 0 240 3 461
463 0 262 3 462
463 0 274 14 463
464 0 270 3 464
464 0 296 3 465
464 0 312 14 466
464 0 328 14 467
464 0 341 14 468
473 0 212 5 469
464 0 222 4 470
483 0 164 1 471
483 0 185 15 472
483 0 208 14 473
483 0 232 15 474
483 0 255 1 475
483 0 278 1 476
483 0 301 3 477
483 0 323 14 478
483 0 345 15 479
