480
-42 0 228 3 0
-42 0 245 3 1
-42 0 262 15 2
-42 0 283 1 3
-42 0 300 3 4
-42 0 319 15 5
-42 0 337 1 6
-40 0 352 15 7
-37 0 355 1 8
-26 0 260 3 9
-21 0 362 5 10
-25 0 327 3 11
-23 0 238 3 12
-19 0 319 5 13
-19 0 294 4 14
-15 0 282 14 15
-10 0 325 14 16
-13 0 238 5 17
-2 0 362 2 18
-12 0 218 2 19
-11 0 262 14 20
-15 0 244 1 21
-11 0 283 15 22
-15 0 262 5 23
-9 0 293 14 24
-12 0 225 15 25
-1 0 272 4 26
-3 0 283 2 27
4 0 279 3 28
0 0 276 2 29
22 0 290 14 30
7 0 333 4 31
17 0 331 1 32
11 0 343 15 33
17 0 345 5 34
8 0 224 4 35
6 0 232 3 36
4 0 236 1 37
18 0 359 1 38
19 0 301 1 39
12 0 255 5 40
13 0 225 5 41
13 0 255 5 42
15 0 273 15 43
26 0 265 14 44
29 0 288 15 45
25 0 306 15 46
27 0 271 15 47
32 0 262 1 48
30 0 300 3 49
36 0 232 2 50
31 0 313 4 51
34 0 359 4 52
28 0 226 1 53
36 0 302 5 54
36 0 318 2 55
33 0 160 4 56
40 0 292 1 57
45 0 135 4 58
52 0 142 1 59
43 0 180 2 60
44 0 189 14 61
51 0 187 5 62
45 0 208 2 63
45 0 217 14 64
48 0 219 15 65
45 0 236 2 66
46 0 256 15 67
48 0 362 5 68
57 0 160 2 69
63 0 251 1 70
63 0 357 3 71
66 0 234 1 72
71 0 156 2 73
69 0 168 2 74
69 0 180 15 75
68 0 197 2 76
69 0 207 1 77
69 0 218 4 78
67 0 233 1 79
68 0 295 15 80
71 0 305 3 81
73 0 313 5 82
75 0 259 5 83
75 0 359 5 84
76 0 300 14 85
76 0 317 3 86
80 0 160 14 87
77 0 175 3 88
77 0 186 3 89
80 0 193 4 90
80 0 205 3 91
81 0 216 4 92
77 0 233 3 93
77 0 242 3 94
81 0 312 15 95
82 0 295 3 96
89 0 162 14 97
89 0 265 4 98
89 0 273 1 99
89 0 285 1 100
89 0 298 5 101
86 0 300 1 102
89 0 310 14 103
86 0 310 14 104
89 0 326 5 105
89 0 333 14 106
95 0 333 15 107
89 0 346 5 108
92 0 347 14 109
90 0 247 1 110
90 0 295 4 111
95 0 357 2 112
92 0 241 14 113
94 0 313 2 114
96 0 130 3 115
95 0 165 15 116
101 0 279 2 117
103 0 296 1 118
105 0 302 4 119
106 0 241 2 120
106 0 287 5 121
106 0 359 5 122
104 0 132 4 123
103 0 135 2 124
106 0 141 5 125
105 0 160 4 126
103 0 164 2 127
106 0 169 5 128
105 0 192 2 129
107 0 195 3 130
107 0 206 2 131
107 0 217 5 132
110 0 294 1 133
110 0 231 5 134
110 0 297 2 135
115 0 127 3 136
118 0 260 4 137
120 0 362 5 138
123 0 235 5 139
124 0 135 14 140
135 0 237 14 141
135 0 255 1 142
135 0 358 3 143
137 0 134 2 144
135 0 137 1 145
135 0 152 14 146
135 0 162 1 147
134 0 164 1 148
135 0 180 14 149
135 0 194 1 150
135 0 205 15 151
136 0 216 4 152
135 0 227 1 153
138 0 307 2 154
146 0 325 3 155
142 0 324 2 156
143 0 300 5 157
145 0 311 3 158
154 0 272 15 159
151 0 125 4 160
151 0 137 5 161
150 0 153 3 162
153 0 156 4 163
148 0 158 14 164
153 0 177 3 165
149 0 181 2 166
150 0 202 14 167
152 0 210 3 168
155 0 214 4 169
156 0 240 5 170
147 0 356 14 171
157 0 293 4 172
154 0 326 4 173
157 0 223 14 174
158 0 281 14 175
159 0 275 1 176
160 0 303 1 177
163 0 309 15 178
163 0 277 15 179
167 0 281 1 180
167 0 293 14 181
164 0 305 15 182
164 0 313 2 183
174 0 301 4 184
164 0 324 14 185
164 0 332 15 186
161 0 340 2 187
164 0 134 15 188
167 0 287 3 189
179 0 292 1 190
169 0 259 3 191
172 0 358 4 192
170 0 241 15 193
180 0 303 5 194
176 0 301 5 195
178 0 290 2 196
186 0 299 4 197
176 0 135 3 198
180 0 305 3 199
189 0 285 15 200
182 0 313 14 201
186 0 241 4 202
196 0 269 14 203
196 0 277 15 204
196 0 287 2 205
194 0 296 5 206
194 0 303 1 207
196 0 305 15 208
196 0 313 2 209
194 0 325 5 210
191 0 337 14 211
189 0 347 4 212
183 0 128 3 213
189 0 145 4 214
185 0 153 3 215
189 0 165 5 216
189 0 175 4 217
189 0 186 4 218
189 0 198 5 219
189 0 210 3 220
189 0 221 5 221
198 0 224 15 222
198 0 305 15 223
199 0 252 15 224
199 0 358 2 225
204 0 305 1 226
183 0 3 14 227
191 0 10 4 228
205 0 17 3 229
198 0 24 15 230
209 0 38 15 231
206 0 47 4 232
202 0 53 1 233
204 0 63 15 234
200 0 71 14 235
202 0 80 1 236
208 0 83 2 237
201 0 95 14 238
211 0 97 2 239
197 0 108 15 240
198 0 120 14 241
202 0 133 1 242
198 0 135 15 243
195 0 143 1 244
198 0 155 14 245
201 0 169 3 246
205 0 176 15 247
211 0 177 1 248
208 0 189 4 249
205 0 200 3 250
205 0 210 14 251
211 0 209 1 252
207 0 224 2 253
207 0 233 1 254
217 0 222 4 255
215 0 124 1 256
210 0 144 4 257
219 0 140 4 258
213 0 161 3 259
220 0 158 14 260
220 0 173 3 261
220 0 185 3 262
210 0 212 1 263
210 0 223 2 264
220 0 216 14 265
250 0 4 5 266
222 0 225 4 267
215 0 30 5 268
230 0 239 4 269
220 0 362 4 270
227 0 127 4 271
222 0 303 14 272
223 0 330 14 273
253 0 6 2 274
232 0 28 14 275
242 0 271 15 276
235 0 312 2 277
231 0 335 14 278
239 0 130 2 279
252 0 285 5 280
243 0 329 3 281
240 0 290 15 282
241 0 235 15 283
286 0 3 5 284
257 0 26 4 285
245 0 341 4 286
246 0 295 15 287
249 0 296 1 288
249 0 306 2 289
246 0 321 15 290
246 0 330 4 291
247 0 255 2 292
256 0 256 14 293
250 0 279 3 294
259 0 353 3 295
251 0 129 5 296
254 0 135 3 297
249 0 154 1 298
253 0 157 5 299
252 0 169 5 300
249 0 185 1 301
249 0 198 2 302
249 0 210 15 303
261 0 198 5 304
249 0 232 1 305
262 0 277 5 306
253 0 316 2 307
301 0 -2 14 308
287 0 6 2 309
258 0 20 14 310
252 0 296 2 311
254 0 341 5 312
259 0 322 2 313
275 0 266 14 314
261 0 311 5 315
261 0 334 5 316
268 0 125 5 317
265 0 138 14 318
267 0 146 5 319
263 0 165 5 320
266 0 167 14 321
263 0 185 4 322
263 0 198 5 323
263 0 210 3 324
263 0 221 5 325
263 0 232 4 326
272 0 315 2 327
272 0 218 2 328
275 0 285 3 329
273 0 322 5 330
278 0 277 1 331
276 0 276 1 332
279 0 316 15 333
277 0 265 14 334
278 0 256 3 335
281 0 307 2 336
279 0 300 3 337
286 0 227 3 338
275 0 362 1 339
283 0 322 15 340
279 0 128 15 341
282 0 288 1 342
279 0 334 1 343
288 0 333 3 344
287 0 132 5 345
291 0 341 14 346
293 0 234 3 347
295 0 254 5 348
298 0 355 4 349
294 0 136 4 350
299 0 134 5 351
297 0 151 3 352
299 0 156 4 353
302 0 160 1 354
300 0 175 5 355
300 0 186 5 356
300 0 198 14 357
300 0 210 4 358
303 0 218 1 359
308 0 125 14 360
303 0 164 14 361
309 0 341 2 362
312 0 237 14 363
316 0 152 15 364
322 0 333 3 365
318 0 258 4 366
323 0 358 5 367
319 0 308 2 368
320 0 342 5 369
327 0 155 3 370
321 0 176 2 371
321 0 186 2 372
327 0 189 14 373
327 0 202 14 374
327 0 213 3 375
321 0 234 2 376
328 0 334 4 377
331 0 292 3 378
336 0 318 5 379
335 0 160 1 380
335 0 168 14 381
338 0 174 5 382
338 0 189 1 383
335 0 206 5 384
335 0 217 1 385
335 0 228 1 386
339 0 309 14 387
337 0 237 4 388
340 0 298 14 389
341 0 288 14 390
339 0 278 14 391
339 0 287 1 392
340 0 320 5 393
343 0 306 15 394
346 0 161 1 395
344 0 258 2 396
346 0 362 1 397
349 0 325 15 398
352 0 304 2 399
355 0 334 3 400
358 0 160 5 401
357 0 174 2 402
357 0 182 1 403
357 0 192 3 404
357 0 203 5 405
357 0 212 2 406
357 0 222 3 407
357 0 233 2 408
364 0 331 14 409
364 0 226 4 410
367 0 247 15 411
367 0 167 5 412
370 0 337 14 413
377 0 362 15 414
376 0 340 2 415
379 0 239 5 416
386 0 260 1 417
392 0 312 5 418
394 0 304 3 419
395 0 295 2 420
396 0 224 4 421
400 0 245 15 422
397 0 321 2 423
400 0 355 4 424
402 0 292 3 425
403 0 270 4 426
405 0 342 1 427
401 0 313 15 428
405 0 272 1 429
405 0 297 5 430
404 0 276 5 431
413 0 329 2 432
408 0 262 5 433
410 0 299 14 434
410 0 337 15 435
412 0 248 15 436
411 0 279 15 437
416 0 261 15 438
421 0 226 2 439
419 0 265 14 440
414 0 294 5 441
422 0 231 4 442
422 0 345 1 443
427 0 359 5 444
420 0 263 1 445
417 0 281 1 446
424 0 333 2 447
428 0 263 2 448
427 0 275 5 449
431 0 290 3 450
432 0 251 4 451
435 0 270 4 452
438 0 247 15 453
443 0 292 4 454
445 0 271 14 455
443 0 224 14 456
447 0 269 14 457
450 0 231 3 458
450 0 279 1 459
447 0 362 15 460
463 0 251 3 461
463 0 267 1 462
463 0 280 3 463
463 0 288 2 464
463 0 307 3 465
463 0 322 1 466
463 0 336 3 467
463 0 349 1 468
468 0 296 3 469
464 0 233 2 470
482 0 205 14 471
482 0 222 15 472
482 0 240 14 473
482 0 260 14 474
482 0 278 15 475
482 0 296 14 476
482 0 314 2 477
482 0 331 2 478
482 0 348 5 479
