480
-42 0 208 4 0
-42 0 227 14 1
-42 0 248 14 2
-42 0 270 5 3
-42 0 291 5 4
-42 0 312 1 5
-42 0 332 14 6
-40 0 350 4 7
-35 0 347 14 8
-25 0 260 1 9
-18 0 358 14 10
-25 0 327 1 11
-24 0 235 2 12
-20 0 315 5 13
-20 0 291 2 14
-17 0 274 14 15
-10 0 325 4 16
-15 0 224 4 17
4 0 358 3 18
-14 0 203 15 19
-13 0 245 15 20
-21 0 208 1 21
-13 0 269 4 22
-21 0 229 5 23
-12 0 273 15 24
-18 0 187 3 25
-4 0 251 15 26
-7 0 258 1 27
2 0 259 3 28
-3 0 249 15 29
32 0 266 5 30
7 0 331 4 31
24 0 324 4 32
15 0 340 5 33
24 0 338 5 34
7 0 213 1 35
5 0 213 15 36
1 0 196 1 37
24 0 353 4 38
26 0 287 1 39
12 0 239 1 40
15 0 187 2 41
14 0 232 2 42
18 0 253 4 43
33 0 246 2 44
36 0 273 3 45
31 0 296 14 46
32 0 259 2 47
38 0 247 3 48
35 0 293 5 49
44 0 213 1 50
35 0 307 15 51
41 0 353 1 52
29 0 215 5 53
39 0 297 15 54
39 0 315 3 55
34 0 155 14 56
46 0 284 5 57
46 0 114 5 58
58 0 119 4 59
44 0 178 15 60
46 0 185 2 61
57 0 176 4 62
47 0 203 5 63
46 0 213 2 64
53 0 210 2 65
46 0 232 2 66
47 0 253 3 67
50 0 358 5 68
58 0 155 4 69
66 0 245 2 70
66 0 350 5 71
68 0 229 2 72
74 0 148 15 73
71 0 163 1 74
71 0 177 14 75
69 0 194 15 76
71 0 204 15 77
71 0 214 15 78
67 0 232 14 79
69 0 291 14 80
71 0 303 3 81
73 0 313 3 82
76 0 257 4 83
75 0 353 15 84
76 0 297 1 85
76 0 315 4 86
83 0 155 2 87
77 0 174 1 88
78 0 184 1 89
83 0 189 5 90
83 0 200 5 91
83 0 210 1 92
78 0 232 1 93
78 0 242 1 94
81 0 309 3 95
81 0 292 1 96
90 0 158 14 97
90 0 255 4 98
90 0 264 2 99
90 0 280 4 100
90 0 292 2 101
84 0 293 1 102
90 0 306 4 103
84 0 303 5 104
90 0 324 3 105
90 0 332 4 106
99 0 327 5 107
90 0 345 3 108
95 0 343 15 109
90 0 238 2 110
90 0 292 2 111
100 0 349 4 112
92 0 240 4 113
93 0 312 15 114
96 0 126 5 115
95 0 164 5 116
104 0 266 5 117
106 0 283 1 118
108 0 297 15 119
109 0 229 3 120
109 0 279 1 121
108 0 352 15 122
104 0 129 2 123
103 0 128 14 124
107 0 130 3 125
105 0 155 14 126
102 0 156 14 127
107 0 157 3 128
105 0 186 14 129
110 0 183 14 130
110 0 194 1 131
110 0 206 15 132
113 0 286 4 133
112 0 224 2 134
111 0 295 15 135
116 0 121 1 136
119 0 260 2 137
121 0 358 14 138
124 0 230 14 139
123 0 133 4 140
134 0 234 5 141
134 0 251 14 142
134 0 352 5 143
136 0 131 2 144
134 0 131 1 145
134 0 148 5 146
134 0 158 1 147
132 0 155 5 148
134 0 176 5 149
134 0 188 1 150
134 0 200 1 151
135 0 210 4 152
134 0 221 14 153
137 0 303 2 154
146 0 325 1 155
140 0 320 5 156
141 0 294 14 157
142 0 305 1 158
157 0 255 4 159
150 0 117 1 160
150 0 130 4 161
149 0 149 15 162
154 0 148 2 163
147 0 146 1 164
154 0 168 3 165
147 0 169 4 166
149 0 194 2 167
153 0 201 5 168
158 0 200 14 169
158 0 226 4 170
144 0 348 14 171
159 0 278 4 172
154 0 326 2 173
160 0 210 2 174
160 0 264 2 175
161 0 261 4 176
162 0 296 4 177
167 0 301 1 178
164 0 267 3 179
170 0 269 5 180
170 0 285 1 181
165 0 302 15 182
165 0 311 5 183
181 0 289 1 184
165 0 323 3 185
165 0 330 15 186
161 0 340 15 187
165 0 131 15 188
167 0 285 1 189
187 0 278 3 190
169 0 258 1 191
174 0 352 14 192
170 0 240 5 193
186 0 293 1 194
177 0 298 15 195
179 0 287 3 196
193 0 288 3 197
175 0 134 15 198
181 0 304 2 199
193 0 277 4 200
183 0 313 4 201
186 0 240 2 202
201 0 261 5 203
201 0 268 5 204
201 0 280 14 205
198 0 289 4 206
198 0 297 4 207
201 0 297 5 208
201 0 306 14 209
198 0 320 3 210
192 0 334 4 211
189 0 345 2 212
179 0 121 14 213
188 0 144 5 214
182 0 149 15 215
188 0 163 3 216
188 0 174 2 217
188 0 184 2 218
188 0 196 3 219
188 0 207 2 220
188 0 218 5 221
202 0 216 1 222
201 0 301 1 223
202 0 247 1 224
201 0 352 5 225
208 0 301 2 226
171 0 6 14 227
184 0 12 15 228
208 0 17 2 229
196 0 23 5 230
214 0 41 15 231
208 0 48 2 232
203 0 53 14 233
205 0 63 14 234
198 0 71 4 235
202 0 80 14 236
211 0 80 1 237
200 0 94 3 238
217 0 92 1 239
194 0 104 14 240
195 0 117 3 241
202 0 133 14 242
195 0 131 14 243
190 0 136 3 244
195 0 151 2 245
201 0 168 14 246
207 0 174 14 247
217 0 169 4 248
211 0 183 14 249
207 0 197 15 250
207 0 207 14 251
216 0 200 4 252
210 0 218 2 253
210 0 228 2 254
226 0 205 2 255
220 0 116 4 256
211 0 142 3 257
224 0 129 4 258
216 0 156 1 259
227 0 145 2 260
226 0 163 3 261
226 0 175 2 262
211 0 210 14 263
211 0 221 1 264
226 0 204 2 265
274 0 7 4 266
228 0 214 2 267
216 0 31 4 268
237 0 225 5 269
220 0 358 4 270
230 0 121 2 271
222 0 302 4 272
224 0 329 4 273
271 0 8 4 274
235 0 27 5 275
250 0 251 1 276
239 0 303 15 277
232 0 333 4 278
243 0 126 5 279
262 0 262 2 280
247 0 319 14 281
243 0 283 14 282
244 0 229 1 283
315 0 6 14 284
267 0 25 4 285
247 0 337 15 286
248 0 291 14 287
252 0 287 3 288
252 0 298 15 289
248 0 317 14 290
248 0 326 14 291
248 0 251 15 292
263 0 238 1 293
253 0 270 15 294
268 0 343 14 295
254 0 124 14 296
259 0 128 1 297
250 0 151 14 298
257 0 150 15 299
255 0 163 2 300
250 0 184 15 301
251 0 195 1 302
250 0 207 15 303
269 0 181 2 304
250 0 229 3 305
270 0 258 15 306
256 0 310 2 307
334 0 2 5 308
310 0 8 5 309
262 0 20 5 310
253 0 294 14 311
254 0 341 3 312
261 0 320 1 313
285 0 241 15 314
263 0 309 3 315
263 0 332 3 316
272 0 117 4 317
268 0 133 4 318
271 0 138 5 319
264 0 162 3 320
269 0 161 4 321
264 0 184 2 322
264 0 195 3 323
264 0 207 2 324
264 0 218 5 325
264 0 229 5 326
279 0 307 14 327
279 0 203 1 328
284 0 270 14 329
280 0 315 2 330
286 0 262 15 331
282 0 265 5 332
287 0 308 1 333
283 0 252 15 334
284 0 243 14 335
288 0 299 15 336
284 0 293 5 337
295 0 206 2 338
277 0 358 1 339
290 0 315 4 340
283 0 122 5 341
287 0 281 1 342
281 0 332 15 343
292 0 329 4 344
289 0 128 15 345
294 0 337 2 346
296 0 229 5 347
297 0 250 3 348
302 0 347 3 349
295 0 136 3 350
303 0 127 3 351
299 0 146 2 352
302 0 149 2 353
307 0 149 3 354
304 0 166 4 355
304 0 177 2 356
304 0 189 14 357
304 0 201 14 358
308 0 207 4 359
311 0 117 5 360
304 0 162 4 361
312 0 337 14 362
314 0 233 5 363
321 0 142 3 364
326 0 324 1 365
319 0 256 2 366
328 0 351 15 367
319 0 307 15 368
320 0 342 3 369
331 0 147 2 370
321 0 176 15 371
322 0 186 15 372
330 0 182 1 373
330 0 195 3 374
330 0 206 2 375
321 0 234 15 376
329 0 332 2 377
334 0 282 3 378
341 0 312 15 379
337 0 154 3 380
337 0 162 4 381
342 0 165 5 382
342 0 181 3 383
337 0 202 14 384
337 0 213 3 385
337 0 224 4 386
342 0 302 15 387
339 0 233 3 388
344 0 291 4 389
344 0 281 5 390
340 0 275 15 391
340 0 285 15 392
341 0 318 4 393
343 0 305 5 394
349 0 156 5 395
345 0 257 1 396
348 0 358 1 397
351 0 322 5 398
353 0 303 2 399
356 0 331 3 400
360 0 155 1 401
357 0 172 3 402
357 0 181 14 403
357 0 190 3 404
357 0 201 3 405
357 0 211 14 406
357 0 220 1 407
357 0 233 15 408
366 0 324 2 409
366 0 215 2 410
369 0 239 1 411
368 0 166 3 412
372 0 332 4 413
379 0 358 15 414
376 0 337 5 415
378 0 236 3 416
386 0 260 14 417
391 0 311 1 418
393 0 302 3 419
394 0 290 15 420
393 0 212 15 421
398 0 235 1 422
393 0 311 1 423
398 0 347 1 424
399 0 284 4 425
400 0 259 5 426
403 0 339 3 427
397 0 301 4 428
401 0 259 5 429
401 0 285 5 430
398 0 259 4 431
412 0 328 15 432
402 0 237 1 433
406 0 285 14 434
406 0 326 3 435
408 0 226 4 436
407 0 259 14 437
413 0 243 4 438
420 0 215 14 439
417 0 246 1 440
409 0 274 14 441
422 0 213 14 442
422 0 344 14 443
430 0 352 1 444
417 0 239 4 445
412 0 259 15 446
424 0 332 15 447
428 0 245 3 448
426 0 254 1 449
432 0 266 15 450
432 0 229 4 451
436 0 251 3 452
440 0 225 4 453
446 0 269 4 454
449 0 247 15 455
444 0 213 3 456
450 0 249 14 457
452 0 213 5 458
452 0 261 5 459
448 0 358 15 460
463 0 245 3 461
463 0 264 14 462
463 0 277 1 463
464 0 278 1 464
464 0 301 3 465
464 0 316 15 466
464 0 332 1 467
464 0 344 15 468
471 0 249 3 469
464 0 227 1 470
482 0 182 3 471
482 0 202 15 472
482 0 222 5 473
482 0 245 15 474
482 0 265 3 475
482 0 286 15 476
482 0 307 5 477
482 0 326 4 478
482 0 347 4 479
