480
-42 0 205 5 0
-42 0 225 14 1
-42 0 246 1 2
-42 0 269 5 3
-42 0 290 5 4
-42 0 311 14 5
-42 0 332 14 6
-40 0 350 4 7
-35 0 346 14 8
-25 0 260 1 9
-18 0 358 14 10
-25 0 327 1 11
-24 0 235 2 12
-21 0 314 5 13
-20 0 290 2 14
-17 0 274 14 15
-10 0 325 4 16
-16 0 222 4 17
4 0 358 3 18
-14 0 201 15 19
-14 0 243 4 20
-21 0 204 2 21
-14 0 267 3 22
-21 0 225 3 23
-12 0 271 4 24
-19 0 182 2 25
-4 0 249 15 26
-7 0 255 14 27
2 0 257 3 28
-4 0 246 2 29
33 0 264 5 30
7 0 331 4 31
25 0 324 4 32
15 0 339 3 33
25 0 338 5 34
7 0 212 1 35
5 0 211 14 36
0 0 192 15 37
25 0 352 4 38
26 0 286 1 39
12 0 237 1 40
15 0 183 1 41
14 0 230 5 42
18 0 250 4 43
34 0 244 2 44
37 0 271 15 45
31 0 294 5 46
33 0 257 2 47
39 0 246 3 48
35 0 292 5 49
45 0 211 15 50
35 0 307 15 51
41 0 352 1 52
29 0 214 5 53
39 0 296 15 54
39 0 315 3 55
35 0 155 14 56
46 0 283 3 57
46 0 111 3 58
59 0 117 4 59
44 0 177 15 60
46 0 185 2 61
58 0 174 4 62
47 0 203 5 63
46 0 212 2 64
53 0 209 2 65
46 0 232 2 66
48 0 253 3 67
50 0 358 5 68
58 0 155 4 69
66 0 244 2 70
66 0 349 5 71
68 0 228 2 72
75 0 147 15 73
71 0 162 1 74
71 0 176 15 75
69 0 194 15 76
71 0 203 3 77
71 0 214 15 78
67 0 232 14 79
69 0 290 14 80
71 0 303 3 81
73 0 313 3 82
76 0 257 4 83
75 0 352 15 84
76 0 297 1 85
76 0 315 4 86
83 0 154 2 87
77 0 174 1 88
78 0 184 1 89
83 0 188 5 90
83 0 199 3 91
83 0 210 1 92
78 0 232 1 93
78 0 242 1 94
81 0 309 3 95
81 0 292 1 96
90 0 158 14 97
90 0 254 4 98
90 0 263 3 99
90 0 279 4 100
90 0 291 3 101
84 0 292 1 102
90 0 306 4 103
84 0 302 5 104
90 0 324 3 105
90 0 331 14 106
99 0 327 5 107
90 0 345 3 108
95 0 343 15 109
90 0 237 2 110
90 0 291 3 111
100 0 348 4 112
92 0 240 4 113
93 0 311 5 114
96 0 125 5 115
95 0 163 5 116
105 0 265 5 117
106 0 281 1 118
108 0 296 15 119
109 0 228 3 120
109 0 278 1 121
109 0 352 15 122
104 0 128 14 123
103 0 127 14 124
107 0 129 3 125
105 0 154 14 126
102 0 156 14 127
107 0 156 15 128
105 0 186 14 129
110 0 182 14 130
110 0 193 1 131
110 0 205 15 132
114 0 286 4 133
112 0 223 2 134
112 0 295 15 135
116 0 120 2 136
119 0 260 2 137
121 0 358 14 138
124 0 229 14 139
123 0 133 4 140
133 0 233 5 141
133 0 251 14 142
133 0 351 4 143
136 0 131 2 144
134 0 131 1 145
134 0 148 5 146
134 0 157 1 147
132 0 154 5 148
134 0 175 5 149
134 0 188 1 150
134 0 199 14 151
134 0 210 4 152
134 0 221 14 153
137 0 303 2 154
146 0 325 1 155
140 0 319 14 156
140 0 293 5 157
141 0 304 1 158
157 0 253 4 159
150 0 117 1 160
150 0 130 4 161
149 0 148 1 162
154 0 147 2 163
147 0 145 1 164
154 0 167 3 165
147 0 168 2 166
149 0 193 2 167
153 0 200 5 168
158 0 199 4 169
159 0 225 4 170
143 0 347 15 171
159 0 276 4 172
154 0 326 2 173
160 0 208 2 174
160 0 262 3 175
161 0 259 15 176
162 0 296 4 177
167 0 300 1 178
164 0 266 3 179
170 0 268 5 180
170 0 284 1 181
165 0 302 15 182
165 0 311 5 183
182 0 287 4 184
165 0 322 3 185
165 0 330 15 186
161 0 340 15 187
165 0 131 15 188
167 0 285 1 189
188 0 277 3 190
169 0 258 1 191
175 0 351 5 192
170 0 240 5 193
187 0 292 1 194
178 0 298 15 195
179 0 287 3 196
194 0 287 14 197
174 0 134 15 198
181 0 304 2 199
194 0 276 4 200
183 0 313 4 201
186 0 240 2 202
201 0 260 5 203
201 0 267 4 204
201 0 279 14 205
198 0 289 4 206
198 0 297 4 207
201 0 296 5 208
201 0 305 14 209
198 0 319 4 210
192 0 334 4 211
189 0 345 2 212
178 0 121 14 213
187 0 144 5 214
182 0 148 1 215
187 0 163 3 216
187 0 173 2 217
187 0 184 2 218
188 0 196 3 219
187 0 207 2 220
187 0 218 5 221
203 0 215 5 222
201 0 301 1 223
202 0 246 1 224
202 0 351 4 225
208 0 300 2 226
170 0 7 5 227
183 0 12 15 228
208 0 17 2 229
195 0 23 4 230
214 0 41 15 231
209 0 48 2 232
203 0 53 14 233
206 0 63 14 234
198 0 71 4 235
202 0 80 14 236
212 0 79 1 237
199 0 94 3 238
218 0 91 1 239
193 0 104 14 240
195 0 117 3 241
202 0 133 14 242
195 0 131 14 243
189 0 135 3 244
195 0 150 2 245
201 0 168 14 246
207 0 173 14 247
217 0 168 2 248
211 0 183 14 249
207 0 197 15 250
207 0 207 14 251
217 0 199 2 252
210 0 218 2 253
210 0 227 15 254
227 0 203 5 255
220 0 115 4 256
211 0 142 3 257
225 0 128 2 258
216 0 155 1 259
228 0 143 5 260
227 0 162 3 261
226 0 174 2 262
211 0 210 14 263
211 0 221 1 264
226 0 203 5 265
277 0 7 5 266
229 0 213 2 267
216 0 31 4 268
238 0 224 5 269
220 0 358 4 270
231 0 120 3 271
222 0 302 4 272
224 0 329 4 273
273 0 9 3 274
235 0 26 5 275
251 0 249 1 276
239 0 302 15 277
232 0 333 4 278
243 0 125 5 279
263 0 260 2 280
248 0 318 14 281
244 0 282 14 282
244 0 229 1 283
318 0 7 14 284
269 0 25 4 285
247 0 337 15 286
248 0 291 14 287
253 0 286 3 288
253 0 298 15 289
248 0 317 14 290
248 0 326 14 291
248 0 250 15 292
264 0 236 1 293
253 0 269 15 294
269 0 341 14 295
255 0 123 14 296
260 0 127 1 297
250 0 151 14 298
258 0 149 15 299
255 0 162 2 300
250 0 183 14 301
251 0 195 1 302
250 0 207 15 303
270 0 180 3 304
250 0 229 3 305
271 0 256 15 306
257 0 310 2 307
338 0 2 14 308
313 0 9 4 309
263 0 20 5 310
253 0 294 14 311
254 0 341 3 312
261 0 320 1 313
287 0 238 14 314
263 0 309 3 315
263 0 332 3 316
272 0 117 4 317
268 0 133 4 318
272 0 137 5 319
264 0 162 3 320
270 0 160 15 321
264 0 183 1 322
264 0 195 3 323
264 0 207 2 324
264 0 218 5 325
264 0 229 5 326
279 0 307 14 327
280 0 201 2 328
285 0 269 15 329
281 0 314 2 330
287 0 260 15 331
282 0 264 5 332
288 0 307 1 333
284 0 250 15 334
285 0 241 15 335
289 0 298 15 336
285 0 292 14 337
296 0 204 2 338
278 0 358 1 339
291 0 314 4 340
283 0 122 5 341
287 0 280 1 342
281 0 332 15 343
292 0 328 4 344
289 0 128 15 345
295 0 336 3 346
297 0 228 5 347
298 0 250 3 348
303 0 346 3 349
295 0 136 3 350
303 0 126 3 351
300 0 146 3 352
302 0 148 3 353
307 0 148 4 354
305 0 165 5 355
305 0 176 4 356
305 0 188 15 357
305 0 200 15 358
309 0 206 4 359
312 0 117 5 360
305 0 161 4 361
312 0 336 14 362
314 0 232 5 363
321 0 141 3 364
327 0 323 15 365
319 0 256 2 366
328 0 351 15 367
319 0 306 15 368
320 0 342 3 369
331 0 146 2 370
321 0 176 15 371
322 0 186 15 372
330 0 181 1 373
330 0 194 3 374
330 0 205 2 375
321 0 234 15 376
329 0 332 2 377
334 0 280 3 378
341 0 311 5 379
337 0 153 3 380
337 0 162 4 381
342 0 164 5 382
342 0 180 3 383
338 0 202 14 384
337 0 213 3 385
337 0 224 4 386
343 0 301 15 387
339 0 233 3 388
344 0 290 4 389
345 0 280 14 390
340 0 275 15 391
340 0 285 15 392
342 0 318 4 393
343 0 305 5 394
349 0 156 5 395
345 0 257 1 396
348 0 358 1 397
351 0 321 5 398
353 0 303 2 399
356 0 331 3 400
360 0 154 1 401
357 0 172 3 402
357 0 180 14 403
357 0 190 3 404
357 0 201 3 405
357 0 210 14 406
357 0 220 1 407
357 0 233 15 408
366 0 323 1 409
366 0 214 2 410
369 0 238 1 411
368 0 166 3 412
372 0 332 4 413
379 0 358 15 414
376 0 337 5 415
378 0 236 3 416
386 0 260 14 417
391 0 310 1 418
392 0 301 3 419
394 0 290 15 420
393 0 211 14 421
397 0 234 1 422
393 0 310 1 423
397 0 346 1 424
399 0 283 2 425
400 0 258 5 426
402 0 339 3 427
396 0 299 1 428
401 0 258 5 429
401 0 284 5 430
398 0 257 4 431
412 0 328 15 432
402 0 235 2 433
405 0 283 4 434
405 0 325 3 435
408 0 224 4 436
406 0 256 14 437
413 0 242 4 438
420 0 214 14 439
416 0 244 1 440
408 0 271 3 441
422 0 211 5 442
421 0 344 14 443
431 0 352 1 444
417 0 236 4 445
412 0 256 15 446
424 0 331 2 447
428 0 243 15 448
426 0 252 1 449
433 0 263 1 450
432 0 227 2 451
436 0 249 3 452
440 0 223 4 453
447 0 266 3 454
449 0 245 15 455
444 0 212 3 456
451 0 246 1 457
453 0 211 4 458
453 0 260 5 459
448 0 358 15 460
463 0 245 3 461
463 0 264 14 462
463 0 276 1 463
464 0 277 1 464
464 0 300 3 465
464 0 316 15 466
464 0 331 3 467
464 0 344 15 468
471 0 244 5 469
464 0 227 1 470
482 0 180 3 471
482 0 199 5 472
482 0 220 5 473
482 0 243 4 474
482 0 264 4 475
482 0 285 15 476
482 0 306 5 477
482 0 326 4 478
482 0 346 4 479
