480
-43 0 188 5 0
-43 0 210 1 1
-43 0 233 2 2
-43 0 258 5 3
-43 0 281 3 4
-43 0 305 3 5
-43 0 328 5 6
-40 0 348 1 7
-33 0 339 5 8
-25 0 259 1 9
-16 0 354 15 10
-25 0 326 5 11
-24 0 232 14 12
-21 0 310 15 13
-21 0 288 14 14
-18 0 267 14 15
-10 0 325 1 16
-17 0 210 14 17
9 0 354 5 18
-16 0 187 15 19
-16 0 228 3 20
-26 0 175 5 21
-16 0 254 1 22
-26 0 197 14 23
-14 0 254 2 24
-24 0 151 5 25
-6 0 232 2 26
-10 0 234 1 27
1 0 239 3 28
-7 0 223 3 29
41 0 243 5 30
7 0 330 1 31
31 0 318 3 32
18 0 337 1 33
31 0 332 4 34
7 0 202 1 35
4 0 195 5 36
-2 0 158 14 37
30 0 347 2 38
32 0 274 14 39
12 0 223 15 40
16 0 151 14 41
15 0 210 5 42
20 0 233 15 43
41 0 228 1 44
43 0 258 1 45
36 0 286 15 46
37 0 247 15 47
44 0 233 5 48
39 0 285 15 49
52 0 195 1 50
39 0 302 15 51
47 0 347 14 52
30 0 205 2 53
42 0 291 5 54
42 0 313 1 55
36 0 150 3 56
51 0 276 1 57
48 0 93 5 58
65 0 97 2 59
45 0 175 5 60
47 0 182 5 61
63 0 164 3 62
48 0 199 15 63
48 0 209 5 64
56 0 201 4 65
48 0 229 2 66
49 0 250 15 67
52 0 354 15 68
59 0 150 15 69
69 0 239 2 70
69 0 342 14 71
70 0 224 4 72
77 0 140 14 73
72 0 158 15 74
72 0 172 15 75
70 0 192 4 76
72 0 201 15 77
72 0 211 3 78
68 0 231 14 79
69 0 286 14 80
71 0 301 15 81
73 0 312 15 82
76 0 256 1 83
75 0 347 4 84
77 0 295 4 85
77 0 313 1 86
85 0 150 5 87
77 0 173 5 88
78 0 183 4 89
85 0 184 14 90
85 0 195 15 91
85 0 205 14 92
78 0 232 5 93
78 0 241 5 94
80 0 307 14 95
81 0 289 14 96
90 0 155 15 97
90 0 245 3 98
90 0 254 1 99
90 0 274 3 100
90 0 286 3 101
83 0 286 2 102
90 0 303 3 103
83 0 295 5 104
90 0 322 14 105
90 0 330 3 106
103 0 321 2 107
90 0 344 15 108
97 0 339 3 109
91 0 229 4 110
91 0 289 1 111
103 0 342 14 112
92 0 240 1 113
93 0 310 2 114
96 0 121 1 115
94 0 162 2 116
107 0 253 5 117
109 0 271 4 118
110 0 292 3 119
111 0 217 1 120
111 0 271 5 121
110 0 346 4 122
104 0 126 3 123
103 0 121 2 124
108 0 120 4 125
106 0 150 3 126
101 0 149 2 127
108 0 146 4 128
106 0 181 3 129
112 0 173 5 130
112 0 183 4 131
112 0 196 14 132
117 0 279 15 133
113 0 217 1 134
113 0 293 4 135
117 0 114 2 136
119 0 259 2 137
122 0 354 15 138
125 0 225 1 139
123 0 131 3 140
133 0 231 5 141
133 0 248 3 142
133 0 345 2 143
136 0 129 14 144
133 0 125 2 145
133 0 144 5 146
133 0 153 2 147
131 0 147 2 148
133 0 171 5 149
133 0 183 1 150
133 0 194 3 151
134 0 205 2 152
133 0 216 5 153
135 0 300 5 154
146 0 325 5 155
138 0 316 3 156
138 0 287 14 157
139 0 298 3 158
160 0 238 14 159
150 0 110 14 160
150 0 124 4 161
149 0 145 5 162
155 0 140 15 163
145 0 135 5 164
155 0 160 2 165
146 0 156 5 166
148 0 187 5 167
154 0 193 15 168
160 0 187 15 169
161 0 213 1 170
141 0 340 15 171
161 0 263 1 172
155 0 325 14 173
162 0 198 2 174
162 0 247 4 175
163 0 247 4 176
163 0 290 1 177
170 0 293 1 178
165 0 257 4 179
173 0 258 14 180
173 0 278 4 181
166 0 299 2 182
166 0 309 3 183
189 0 276 15 184
166 0 321 1 185
166 0 329 5 186
160 0 340 3 187
165 0 129 4 188
168 0 284 5 189
195 0 264 14 190
169 0 257 5 191
176 0 345 4 192
170 0 240 2 193
193 0 283 1 194
179 0 296 4 195
180 0 285 15 196
200 0 278 2 197
174 0 133 4 198
181 0 304 14 199
198 0 269 1 200
183 0 313 1 201
185 0 239 4 202
206 0 253 4 203
206 0 260 3 204
206 0 273 14 205
201 0 283 3 206
201 0 292 1 207
206 0 289 3 208
206 0 298 3 209
201 0 315 5 210
194 0 332 1 211
189 0 344 14 212
174 0 115 14 213
187 0 143 2 214
180 0 145 4 215
187 0 161 15 216
187 0 172 2 217
187 0 182 5 218
187 0 194 15 219
187 0 205 14 220
187 0 216 2 221
207 0 209 2 222
204 0 298 2 223
205 0 242 2 224
204 0 345 2 225
211 0 297 4 226
160 0 9 14 227
177 0 14 4 228
210 0 18 14 229
193 0 23 1 230
218 0 43 5 231
211 0 49 5 232
203 0 53 3 233
207 0 64 3 234
197 0 71 1 235
202 0 80 3 236
215 0 77 5 237
199 0 93 15 238
222 0 86 1 239
191 0 101 3 240
193 0 114 3 241
202 0 133 3 242
193 0 128 15 243
185 0 129 1 244
193 0 146 15 245
201 0 167 3 246
208 0 171 14 247
221 0 161 14 248
214 0 179 3 249
209 0 194 4 250
208 0 204 3 251
221 0 192 14 252
212 0 213 4 253
212 0 223 5 254
235 0 188 4 255
222 0 107 14 256
212 0 140 5 257
230 0 118 15 258
219 0 151 4 259
235 0 133 2 260
233 0 153 15 261
232 0 165 1 262
212 0 209 3 263
212 0 220 5 264
232 0 193 1 265
297 0 10 5 266
234 0 203 3 267
217 0 31 1 268
244 0 212 2 269
221 0 354 5 270
234 0 114 3 271
222 0 301 1 272
224 0 328 1 273
288 0 11 3 274
238 0 25 2 275
258 0 231 1 276
242 0 295 1 277
233 0 331 3 278
246 0 121 2 279
272 0 240 1 280
252 0 309 5 281
246 0 276 4 282
246 0 224 4 283
344 0 9 15 284
278 0 24 3 285
249 0 334 4 286
249 0 288 3 287
256 0 279 14 288
256 0 291 5 289
249 0 314 14 290
249 0 323 2 291
250 0 247 15 292
270 0 221 2 293
256 0 262 5 294
277 0 333 3 295
257 0 119 5 296
264 0 120 14 297
251 0 148 4 298
261 0 143 2 299
258 0 157 1 300
251 0 182 3 301
252 0 193 5 302
251 0 205 4 303
278 0 165 3 304
251 0 227 5 305
279 0 239 1 306
259 0 305 14 307
366 0 6 14 308
333 0 11 5 309
267 0 20 3 310
253 0 292 3 311
254 0 341 15 312
262 0 318 14 313
296 0 217 2 314
264 0 307 15 315
264 0 330 2 316
276 0 110 3 317
270 0 128 1 318
275 0 130 5 319
265 0 160 3 320
272 0 155 1 321
265 0 182 14 322
265 0 193 1 323
265 0 205 15 324
265 0 216 3 325
265 0 227 1 326
285 0 300 15 327
286 0 188 15 328
292 0 256 1 329
286 0 308 5 330
294 0 247 1 331
288 0 254 5 332
295 0 300 2 333
289 0 239 3 334
290 0 229 1 335
296 0 291 14 336
290 0 286 1 337
304 0 186 15 338
280 0 354 3 339
297 0 308 15 340
286 0 116 15 341
292 0 274 1 342
282 0 331 14 343
295 0 324 14 344
291 0 125 5 345
297 0 333 15 346
299 0 223 15 347
300 0 246 3 348
307 0 338 2 349
295 0 135 15 350
306 0 120 1 351
301 0 142 3 352
304 0 142 3 353
312 0 139 3 354
308 0 157 4 355
308 0 168 2 356
308 0 180 15 357
308 0 193 2 358
314 0 197 3 359
315 0 110 4 360
305 0 159 4 361
314 0 333 3 362
315 0 229 14 363
324 0 132 15 364
331 0 316 14 365
319 0 255 4 366
331 0 345 14 367
320 0 305 5 368
320 0 341 15 369
334 0 139 15 370
321 0 175 4 371
322 0 185 4 372
333 0 176 14 373
333 0 188 2 374
333 0 199 15 375
321 0 233 4 376
330 0 330 2 377
336 0 271 15 378
344 0 305 2 379
339 0 148 15 380
339 0 157 3 381
345 0 157 5 382
345 0 175 2 383
339 0 199 1 384
339 0 210 14 385
339 0 221 1 386
346 0 295 1 387
340 0 230 4 388
347 0 284 5 389
347 0 273 5 390
341 0 273 4 391
341 0 283 2 392
342 0 317 1 393
344 0 304 2 394
351 0 151 2 395
345 0 256 5 396
349 0 354 2 397
352 0 319 3 398
354 0 302 14 399
356 0 329 15 400
361 0 150 4 401
357 0 170 15 402
357 0 180 3 403
358 0 188 15 404
357 0 199 5 405
357 0 209 3 406
357 0 219 15 407
357 0 232 4 408
368 0 316 14 409
367 0 205 14 410
370 0 230 3 411
368 0 166 15 412
373 0 327 15 413
380 0 354 2 414
376 0 335 2 415
378 0 234 1 416
386 0 259 14 417
390 0 309 5 418
391 0 299 4 419
392 0 285 15 420
390 0 201 15 421
395 0 226 14 422
389 0 302 14 423
395 0 339 14 424
396 0 275 1 425
397 0 249 14 426
401 0 336 15 427
392 0 289 4 428
398 0 246 1 429
398 0 274 1 430
393 0 242 4 431
412 0 328 4 432
397 0 214 5 433
401 0 271 14 434
401 0 316 14 435
405 0 205 15 436
402 0 239 5 437
410 0 227 2 438
419 0 205 2 439
415 0 228 5 440
404 0 254 15 441
421 0 195 4 442
421 0 343 14 443
433 0 346 5 444
414 0 215 1 445
408 0 237 14 446
424 0 330 14 447
428 0 228 15 448
425 0 234 4 449
433 0 243 5 450
433 0 207 5 451
438 0 233 14 452
442 0 204 15 453
450 0 246 5 454
452 0 224 3 455
445 0 202 4 456
453 0 229 5 457
455 0 195 4 458
455 0 245 14 459
449 0 354 1 460
463 0 239 3 461
463 0 261 4 462
463 0 274 15 463
464 0 269 4 464
464 0 295 3 465
464 0 311 5 466
464 0 327 4 467
464 0 340 15 468
474 0 204 14 469
464 0 221 5 470
483 0 160 4 471
483 0 181 15 472
483 0 205 1 473
483 0 230 4 474
483 0 253 2 475
483 0 276 2 476
483 0 300 4 477
483 0 322 15 478
483 0 345 1 479
