480
-44 0 146 5 0
-44 0 175 5 1
-44 0 203 1 2
-44 0 232 5 3
-44 0 261 5 4
-44 0 290 5 5
-44 0 319 5 6
-39 0 343 2 7
-28 0 321 15 8
-25 0 258 4 9
-9 0 346 5 10
-25 0 325 1 11
-24 0 226 3 12
-23 0 300 5 13
-23 0 281 3 14
-22 0 251 3 15
-9 0 326 5 16
-22 0 180 1 17
20 0 346 3 18
-21 0 156 2 19
-21 0 193 3 20
-37 0 101 2 21
-21 0 224 3 22
-37 0 130 2 23
-21 0 213 2 24
-36 0 72 14 25
-12 0 190 15 26
-18 0 182 2 27
-2 0 197 15 28
-15 0 169 14 29
62 0 194 14 30
8 0 328 4 31
45 0 304 2 32
25 0 330 15 33
45 0 319 1 34
7 0 179 15 35
2 0 158 3 36
-8 0 75 1 37
43 0 334 2 38
46 0 247 5 39
13 0 191 5 40
19 0 72 3 41
18 0 164 4 42
26 0 190 1 43
56 0 189 15 44
58 0 227 5 45
47 0 265 1 46
48 0 222 3 47
56 0 204 4 48
48 0 270 2 49
68 0 158 2 50
48 0 291 2 51
61 0 334 14 52
32 0 183 5 53
50 0 280 3 54
50 0 307 3 55
39 0 140 1 56
62 0 260 5 57
51 0 49 4 58
78 0 51 2 59
47 0 168 3 60
50 0 175 2 61
75 0 139 1 62
52 0 190 14 63
51 0 200 14 64
65 0 182 4 65
51 0 220 4 66
52 0 244 14 67
57 0 346 4 68
61 0 140 14 69
75 0 226 1 70
75 0 327 15 71
75 0 213 15 72
84 0 124 1 73
76 0 147 1 74
76 0 162 2 75
73 0 187 15 76
76 0 194 2 77
76 0 203 4 78
69 0 228 2 79
69 0 277 15 80
71 0 297 15 81
73 0 311 1 82
78 0 254 2 83
76 0 334 2 84
78 0 290 1 85
78 0 309 2 86
89 0 139 4 87
77 0 171 4 88
78 0 181 15 89
89 0 175 3 90
89 0 185 3 91
90 0 195 4 92
78 0 230 4 93
78 0 240 1 94
79 0 301 4 95
79 0 282 2 96
92 0 146 4 97
92 0 224 5 98
92 0 234 4 99
92 0 262 4 100
92 0 275 15 101
80 0 271 1 102
92 0 294 3 103
80 0 279 2 104
92 0 317 4 105
92 0 327 4 106
112 0 309 2 107
92 0 341 15 108
103 0 331 2 109
92 0 211 3 110
92 0 282 5 111
112 0 326 1 112
92 0 238 3 113
93 0 306 5 114
96 0 112 14 115
93 0 158 15 116
114 0 227 2 117
115 0 244 4 118
114 0 281 2 119
115 0 192 2 120
115 0 254 2 121
115 0 333 2 122
104 0 119 14 123
102 0 106 15 124
111 0 98 1 125
107 0 140 1 126
100 0 133 14 127
111 0 120 1 128
107 0 171 3 129
116 0 150 1 130
116 0 161 3 131
116 0 174 2 132
125 0 263 3 133
117 0 202 5 134
116 0 288 2 135
118 0 101 5 136
119 0 258 5 137
124 0 346 3 138
128 0 215 4 139
121 0 127 3 140
131 0 224 14 141
131 0 240 5 142
131 0 332 14 143
136 0 123 5 144
131 0 113 1 145
131 0 136 14 146
131 0 145 5 147
127 0 129 15 148
131 0 160 1 149
131 0 174 5 150
131 0 183 4 151
132 0 194 14 152
131 0 205 5 153
132 0 292 4 154
146 0 324 1 155
133 0 307 14 156
133 0 274 1 157
133 0 285 1 158
166 0 202 1 159
150 0 94 15 160
150 0 111 2 161
147 0 137 2 162
157 0 123 2 163
142 0 109 1 164
157 0 143 14 165
143 0 130 3 166
147 0 172 4 167
156 0 175 3 168
166 0 160 1 169
166 0 186 5 170
134 0 323 4 171
166 0 231 1 172
156 0 324 3 173
166 0 172 1 174
167 0 212 5 175
167 0 218 1 176
167 0 276 14 177
178 0 276 1 178
168 0 235 5 179
179 0 235 15 180
179 0 262 15 181
168 0 293 4 182
168 0 305 14 183
204 0 249 14 184
168 0 317 5 185
168 0 327 5 186
159 0 340 14 187
165 0 123 3 188
169 0 280 14 189
211 0 235 15 190
169 0 255 14 191
181 0 332 2 192
170 0 238 4 193
206 0 263 14 194
182 0 290 1 195
182 0 279 2 196
213 0 256 3 197
172 0 130 2 198
183 0 302 4 199
208 0 252 15 200
183 0 312 4 201
184 0 236 15 202
216 0 235 1 203
216 0 243 1 204
216 0 258 4 205
209 0 270 14 206
209 0 281 15 207
216 0 273 4 208
216 0 283 2 209
209 0 305 15 210
197 0 326 4 211
190 0 342 5 212
165 0 102 15 213
185 0 140 2 214
173 0 137 15 215
185 0 156 1 216
185 0 169 4 217
185 0 179 15 218
186 0 189 5 219
185 0 200 4 220
185 0 211 15 221
217 0 193 2 222
210 0 289 14 223
211 0 231 3 224
209 0 332 15 225
218 0 289 1 226
135 0 16 5 227
162 0 18 15 228
214 0 19 3 229
188 0 21 3 230
226 0 48 5 231
216 0 52 2 232
203 0 53 14 233
210 0 65 5 234
194 0 71 3 235
202 0 79 14 236
222 0 70 1 237
197 0 90 4 238
234 0 74 14 239
184 0 92 1 240
187 0 108 3 241
202 0 133 14 242
187 0 119 2 243
176 0 114 3 244
187 0 136 3 245
200 0 164 5 246
212 0 166 1 247
233 0 144 14 248
221 0 169 4 249
213 0 187 15 250
212 0 198 1 251
232 0 175 3 252
218 0 202 4 253
218 0 212 1 254
255 0 153 1 255
231 0 90 3 256
214 0 136 1 257
243 0 94 4 258
224 0 141 4 259
250 0 106 1 260
247 0 131 2 261
246 0 143 2 262
213 0 207 15 263
213 0 218 3 264
246 0 168 15 265
347 0 16 5 266
247 0 180 5 267
218 0 33 1 268
259 0 184 1 269
222 0 346 1 270
242 0 101 1 271
222 0 299 1 272
224 0 325 1 273
324 0 16 15 274
245 0 22 15 275
274 0 189 15 276
250 0 276 1 277
236 0 327 4 278
253 0 112 1 279
294 0 194 2 280
262 0 289 2 281
252 0 261 15 282
252 0 214 15 283
405 0 16 3 284
300 0 21 4 285
253 0 327 15 286
253 0 280 1 287
264 0 262 2 288
264 0 275 5 289
253 0 305 1 290
253 0 316 15 291
253 0 239 14 292
285 0 185 15 293
264 0 245 5 294
296 0 312 5 295
263 0 108 3 296
273 0 105 5 297
254 0 142 3 298
269 0 129 14 299
264 0 146 2 300
254 0 179 14 301
255 0 188 4 302
254 0 199 1 303
296 0 130 5 304
254 0 221 1 305
297 0 199 3 306
265 0 294 2 307
434 0 14 1 308
381 0 16 5 309
276 0 20 1 310
255 0 288 1 311
255 0 340 4 312
266 0 314 14 313
318 0 167 15 314
267 0 303 14 315
267 0 325 3 316
285 0 94 14 317
276 0 118 5 318
283 0 114 2 319
267 0 155 3 320
279 0 142 1 321
267 0 179 2 322
268 0 188 14 323
267 0 199 4 324
267 0 210 2 325
267 0 221 4 326
299 0 284 5 327
299 0 157 5 328
310 0 225 14 329
300 0 293 2 330
310 0 215 5 331
300 0 231 14 332
311 0 284 1 333
301 0 212 3 334
302 0 201 14 335
311 0 273 1 336
301 0 272 14 337
324 0 143 3 338
285 0 346 15 339
312 0 293 4 340
294 0 104 4 341
302 0 259 14 342
285 0 327 15 343
303 0 315 14 344
295 0 118 2 345
304 0 325 3 346
305 0 212 4 347
305 0 238 3 348
316 0 321 5 349
295 0 134 3 350
313 0 105 14 351
306 0 133 5 352
311 0 127 5 353
322 0 117 15 354
316 0 139 15 355
316 0 149 5 356
316 0 162 15 357
316 0 176 14 358
325 0 176 1 359
323 0 94 14 360
307 0 154 4 361
318 0 325 14 362
319 0 221 15 363
333 0 110 3 364
340 0 298 4 365
321 0 251 1 366
340 0 331 15 367
321 0 301 3 368
321 0 340 3 369
342 0 121 3 370
321 0 174 15 371
322 0 184 15 372
341 0 162 5 373
341 0 175 4 374
341 0 184 4 375
321 0 232 15 376
332 0 326 2 377
342 0 249 5 378
353 0 292 5 379
343 0 137 5 380
343 0 146 4 381
353 0 138 15 382
353 0 159 2 383
344 0 190 15 384
343 0 201 15 385
343 0 212 4 386
354 0 281 15 387
343 0 223 5 388
354 0 270 14 389
354 0 258 2 390
344 0 267 3 391
344 0 278 5 392
344 0 313 15 393
345 0 301 1 394
355 0 142 3 395
345 0 253 14 396
352 0 346 14 397
356 0 312 3 398
357 0 299 15 399
358 0 323 14 400
364 0 139 2 401
358 0 166 1 402
358 0 176 15 403
359 0 184 15 404
358 0 195 1 405
358 0 206 15 406
358 0 217 3 407
358 0 231 3 408
373 0 300 14 409
370 0 183 2 410
373 0 213 3 411
368 0 164 3 412
376 0 318 4 413
384 0 346 5 414
376 0 329 15 415
376 0 228 15 416
386 0 258 2 417
388 0 305 15 418
388 0 294 5 419
389 0 276 15 420
384 0 178 4 421
390 0 205 15 422
380 0 282 14 423
390 0 321 14 424
390 0 258 3 425
391 0 227 1 426
396 0 329 4 427
382 0 263 5 428
391 0 220 1 429
391 0 251 1 430
382 0 206 5 431
410 0 326 4 432
385 0 165 15 433
392 0 242 15 434
392 0 294 14 435
397 0 161 2 436
392 0 196 1 437
404 0 191 5 438
418 0 183 4 439
410 0 188 15 440
393 0 211 14 441
420 0 157 2 442
420 0 341 2 443
439 0 333 3 444
408 0 165 4 445
399 0 192 2 446
424 0 327 14 447
428 0 192 1 448
424 0 190 2 449
435 0 193 3 450
434 0 162 2 451
441 0 194 4 452
446 0 160 15 453
458 0 199 15 454
459 0 177 5 455
448 0 179 3 456
460 0 187 15 457
460 0 157 3 458
460 0 209 14 459
451 0 346 5 460
463 0 227 1 461
463 0 254 1 462
463 0 267 14 463
464 0 249 1 464
464 0 284 3 465
464 0 301 3 466
464 0 318 15 467
464 0 331 3 468
480 0 109 5 469
464 0 209 14 470
484 0 111 5 471
484 0 140 5 472
484 0 169 15 473
484 0 197 5 474
484 0 226 5 475
484 0 255 5 476
484 0 284 15 477
484 0 313 15 478
484 0 342 15 479
