480
-44 0 150 3 0
-44 0 178 3 1
-44 0 205 4 2
-44 0 234 4 3
-44 0 263 4 4
-44 0 292 3 5
-44 0 320 3 6
-39 0 343 1 7
-28 0 323 14 8
-25 0 259 3 9
-10 0 346 3 10
-25 0 326 15 11
-24 0 226 2 12
-23 0 301 4 13
-23 0 282 2 14
-22 0 252 2 15
-9 0 326 4 16
-21 0 183 15 17
19 0 346 2 18
-21 0 159 4 19
-21 0 195 2 20
-36 0 107 14 21
-21 0 226 2 22
-36 0 136 14 23
-20 0 216 4 24
-35 0 78 14 25
-11 0 193 4 26
-18 0 186 2 27
-2 0 200 1 28
-14 0 174 3 29
60 0 198 4 30
8 0 328 3 31
44 0 305 1 32
24 0 331 14 33
44 0 321 14 34
7 0 180 14 35
2 0 161 15 36
-7 0 81 5 37
42 0 335 1 38
45 0 249 1 39
13 0 193 2 40
19 0 78 3 41
18 0 168 3 42
25 0 193 4 43
55 0 192 3 44
57 0 229 14 45
46 0 266 15 46
47 0 224 2 47
55 0 206 2 48
48 0 271 1 49
67 0 161 14 50
47 0 291 1 51
60 0 335 4 52
32 0 185 5 53
49 0 281 2 54
49 0 308 2 55
38 0 141 2 56
61 0 261 4 57
51 0 53 3 58
77 0 55 1 59
47 0 168 2 60
50 0 176 1 61
74 0 141 2 62
52 0 191 5 63
51 0 200 5 64
64 0 183 3 65
51 0 221 3 66
51 0 244 5 67
56 0 346 3 68
61 0 141 15 69
74 0 227 15 70
74 0 328 2 71
75 0 214 14 72
84 0 125 1 73
76 0 148 15 74
76 0 163 1 75
73 0 188 2 76
76 0 194 1 77
76 0 204 15 78
69 0 229 1 79
69 0 278 14 80
71 0 297 14 81
73 0 312 2 82
78 0 254 1 83
76 0 335 1 84
78 0 291 15 85
78 0 310 1 86
89 0 140 3 87
77 0 171 3 88
78 0 181 14 89
89 0 176 2 90
89 0 186 2 91
90 0 196 3 92
78 0 230 3 93
78 0 241 15 94
79 0 301 3 95
79 0 283 1 96
92 0 147 3 97
92 0 226 4 98
92 0 236 2 99
92 0 263 3 100
92 0 276 4 101
81 0 272 4 102
92 0 295 2 103
81 0 281 2 104
92 0 317 3 105
92 0 327 3 106
111 0 310 1 107
92 0 342 14 108
102 0 331 1 109
92 0 212 3 110
92 0 283 4 111
111 0 328 3 112
92 0 238 2 113
93 0 306 4 114
96 0 113 15 115
93 0 158 14 116
114 0 229 3 117
114 0 246 3 118
114 0 282 1 119
115 0 194 1 120
115 0 255 1 121
114 0 335 1 122
104 0 119 5 123
102 0 108 14 124
111 0 99 15 125
107 0 141 2 126
100 0 134 5 127
111 0 123 14 128
107 0 171 2 129
116 0 151 15 130
116 0 162 2 131
116 0 176 1 132
124 0 264 1 133
117 0 203 4 134
115 0 288 15 135
118 0 102 4 136
119 0 259 4 137
124 0 346 2 138
128 0 216 14 139
121 0 128 2 140
131 0 224 5 141
131 0 241 4 142
131 0 333 5 143
136 0 124 4 144
131 0 114 15 145
131 0 136 5 146
131 0 145 4 147
127 0 130 14 148
131 0 161 5 149
131 0 175 4 150
131 0 184 4 151
132 0 194 5 152
131 0 205 4 153
132 0 293 3 154
146 0 324 15 155
133 0 307 5 156
133 0 275 15 157
134 0 286 15 158
165 0 205 3 159
150 0 95 14 160
150 0 113 3 161
147 0 138 1 162
157 0 124 1 163
142 0 112 15 164
157 0 145 2 165
143 0 132 2 166
147 0 174 15 167
156 0 177 1 168
165 0 162 4 169
166 0 188 15 170
134 0 324 4 171
166 0 234 4 172
156 0 325 2 173
166 0 174 4 174
167 0 214 4 175
167 0 220 5 176
167 0 277 5 177
178 0 277 15 178
168 0 237 3 179
179 0 236 5 180
179 0 264 5 181
168 0 293 3 182
168 0 306 5 183
203 0 252 5 184
168 0 317 4 185
168 0 327 4 186
159 0 340 5 187
165 0 124 2 188
169 0 281 5 189
210 0 238 4 190
169 0 255 5 191
180 0 333 15 192
170 0 238 3 193
205 0 264 3 194
181 0 291 15 195
182 0 280 1 196
212 0 257 2 197
172 0 130 1 198
183 0 302 3 199
207 0 253 14 200
183 0 312 3 201
184 0 237 14 202
215 0 237 5 203
215 0 245 2 204
215 0 260 14 205
209 0 272 1 206
209 0 281 14 207
215 0 274 2 208
215 0 284 2 209
209 0 306 14 210
197 0 327 3 211
190 0 342 4 212
166 0 104 15 213
185 0 141 3 214
174 0 138 14 215
185 0 156 15 216
185 0 169 3 217
185 0 180 14 218
186 0 189 4 219
185 0 201 3 220
185 0 212 15 221
216 0 195 1 222
210 0 290 5 223
210 0 232 5 224
209 0 333 14 225
217 0 290 15 226
137 0 15 5 227
163 0 17 14 228
214 0 19 2 229
188 0 21 2 230
226 0 47 4 231
216 0 52 1 232
203 0 53 5 233
209 0 65 4 234
194 0 71 2 235
202 0 79 5 236
221 0 70 15 237
197 0 90 3 238
233 0 75 5 239
184 0 93 14 240
188 0 108 2 241
202 0 133 5 242
188 0 120 1 243
177 0 116 2 244
188 0 137 2 245
200 0 165 4 246
212 0 166 15 247
232 0 145 2 248
220 0 170 3 249
213 0 188 2 250
212 0 198 15 251
231 0 176 2 252
218 0 202 3 253
218 0 213 15 254
254 0 156 14 255
230 0 91 2 256
214 0 137 15 257
242 0 96 3 258
223 0 142 3 259
249 0 108 14 260
246 0 133 14 261
245 0 145 5 262
213 0 207 14 263
213 0 218 2 264
245 0 171 1 265
343 0 16 3 266
246 0 182 4 267
218 0 33 15 268
258 0 186 15 269
222 0 346 15 270
241 0 102 15 271
222 0 299 15 272
224 0 325 15 273
321 0 16 14 274
244 0 22 5 275
273 0 192 4 276
250 0 278 15 277
236 0 327 3 278
252 0 113 2 279
292 0 198 1 280
261 0 290 1 281
251 0 262 14 282
251 0 215 14 283
400 0 15 1 284
298 0 22 2 285
253 0 327 14 286
253 0 281 15 287
263 0 264 15 288
263 0 276 2 289
253 0 306 15 290
253 0 316 14 291
253 0 240 14 292
284 0 188 1 293
263 0 247 4 294
294 0 313 3 295
262 0 109 2 296
272 0 106 4 297
254 0 142 2 298
268 0 130 5 299
264 0 147 1 300
254 0 179 5 301
254 0 189 2 302
254 0 200 2 303
294 0 133 1 304
254 0 222 15 305
295 0 202 4 306
264 0 294 15 307
428 0 14 14 308
377 0 16 3 309
275 0 20 15 310
255 0 289 15 311
255 0 340 3 312
266 0 314 5 313
316 0 171 1 314
266 0 303 5 315
266 0 325 2 316
284 0 95 4 317
275 0 119 4 318
282 0 115 1 319
267 0 156 2 320
279 0 143 15 321
267 0 179 1 322
268 0 189 5 323
267 0 200 5 324
267 0 211 1 325
267 0 222 3 326
298 0 285 4 327
298 0 160 4 328
308 0 228 14 329
299 0 295 15 330
309 0 218 14 331
299 0 233 1 332
310 0 285 15 333
300 0 214 2 334
301 0 204 2 335
310 0 275 15 336
300 0 273 5 337
322 0 146 14 338
284 0 346 5 339
311 0 295 3 340
294 0 105 1 341
301 0 260 2 342
285 0 328 2 343
303 0 316 2 344
295 0 118 1 345
304 0 326 2 346
304 0 213 2 347
305 0 238 2 348
315 0 322 4 349
295 0 134 2 350
312 0 106 5 351
305 0 134 4 352
310 0 128 4 353
321 0 119 14 354
315 0 140 14 355
315 0 150 4 356
315 0 164 14 357
315 0 177 4 358
324 0 178 5 359
322 0 95 5 360
307 0 154 3 361
318 0 326 5 362
319 0 222 14 363
332 0 112 2 364
339 0 299 2 365
321 0 252 15 366
339 0 332 3 367
321 0 301 2 368
321 0 341 2 369
342 0 123 2 370
321 0 175 14 371
322 0 184 14 372
340 0 163 4 373
340 0 176 3 374
340 0 186 3 375
321 0 233 14 376
332 0 327 1 377
341 0 251 4 378
352 0 293 4 379
343 0 138 4 380
343 0 146 3 381
353 0 140 14 382
353 0 161 14 383
343 0 191 14 384
343 0 202 14 385
343 0 213 3 386
353 0 282 14 387
343 0 223 4 388
353 0 271 5 389
354 0 259 1 390
344 0 268 3 391
344 0 278 4 392
344 0 314 14 393
345 0 302 15 394
355 0 142 2 395
345 0 253 5 396
351 0 346 5 397
356 0 313 2 398
357 0 299 14 399
358 0 323 5 400
363 0 140 1 401
358 0 166 15 402
358 0 176 14 403
359 0 185 14 404
358 0 196 15 405
358 0 206 14 406
358 0 217 2 407
358 0 232 14 408
373 0 302 5 409
370 0 184 2 410
373 0 214 2 411
368 0 164 2 412
375 0 318 3 413
384 0 346 4 414
376 0 329 14 415
376 0 229 14 416
386 0 259 1 417
388 0 305 14 418
389 0 294 4 419
389 0 276 14 420
385 0 180 4 421
390 0 207 14 422
381 0 284 15 423
390 0 323 5 424
391 0 259 2 425
391 0 229 2 426
397 0 330 3 427
383 0 265 3 428
392 0 222 15 429
392 0 252 15 430
383 0 209 3 431
410 0 326 3 432
386 0 169 1 433
393 0 244 2 434
393 0 296 14 435
397 0 165 1 436
393 0 199 15 437
405 0 194 3 438
418 0 184 4 439
411 0 191 14 440
394 0 214 14 441
420 0 160 1 442
420 0 341 1 443
438 0 335 2 444
409 0 169 5 445
399 0 196 1 446
424 0 327 5 447
428 0 195 15 448
424 0 193 14 449
435 0 197 2 450
434 0 166 1 451
441 0 198 3 452
446 0 164 4 453
457 0 203 1 454
458 0 180 4 455
448 0 180 2 456
460 0 191 2 457
460 0 160 2 458
460 0 212 14 459
451 0 346 4 460
463 0 228 2 461
463 0 255 15 462
463 0 267 5 463
464 0 251 15 464
464 0 285 2 465
464 0 302 2 466
464 0 319 14 467
464 0 332 15 468
480 0 117 3 469
464 0 210 5 470
484 0 115 14 471
484 0 143 14 472
484 0 172 14 473
484 0 200 14 474
484 0 228 14 475
484 0 257 14 476
484 0 286 14 477
484 0 314 14 478
484 0 342 14 479
