480
-44 0 159 5 0
-44 0 185 2 1
-44 0 212 2 2
-44 0 240 2 3
-44 0 267 1 4
-44 0 295 1 5
-44 0 322 1 6
-39 0 344 3 7
-29 0 327 5 8
-25 0 259 1 9
-11 0 348 15 10
-25 0 326 5 11
-24 0 228 2 12
-23 0 303 2 13
-22 0 283 15 14
-21 0 256 2 15
-9 0 326 2 16
-20 0 189 2 17
17 0 348 14 18
-20 0 166 15 19
-20 0 203 3 20
-34 0 124 3 21
-20 0 233 15 22
-34 0 151 3 23
-19 0 225 1 24
-33 0 96 3 25
-10 0 202 4 26
-16 0 198 1 27
-2 0 210 2 28
-12 0 185 1 29
56 0 209 15 30
8 0 328 1 31
41 0 308 14 32
23 0 332 2 33
41 0 323 4 34
7 0 185 5 35
3 0 170 15 36
-6 0 100 2 37
39 0 338 5 38
41 0 255 14 39
13 0 201 2 40
18 0 96 14 41
17 0 178 14 42
24 0 203 4 43
51 0 201 3 44
54 0 236 14 45
44 0 271 5 46
44 0 230 1 47
53 0 213 15 48
45 0 275 1 49
63 0 170 5 50
45 0 294 4 51
56 0 338 2 52
31 0 190 14 53
47 0 284 2 54
47 0 309 15 55
38 0 143 15 56
59 0 265 15 57
50 0 62 14 58
74 0 65 3 59
47 0 170 2 60
49 0 177 5 61
71 0 147 4 62
51 0 193 1 63
50 0 202 2 64
62 0 187 2 65
50 0 223 15 66
51 0 246 3 67
55 0 348 14 68
60 0 143 4 69
73 0 230 15 70
73 0 332 5 71
74 0 216 15 72
82 0 129 2 73
75 0 150 3 74
75 0 165 5 75
72 0 189 15 76
75 0 196 5 77
75 0 205 4 78
68 0 229 14 79
69 0 280 4 80
71 0 298 4 81
73 0 312 15 82
77 0 254 14 83
76 0 338 14 84
77 0 292 4 85
77 0 311 14 86
88 0 142 3 87
77 0 172 1 88
78 0 181 4 89
88 0 178 14 90
88 0 188 3 91
89 0 198 1 92
78 0 231 1 93
78 0 241 5 94
79 0 303 1 95
80 0 284 1 96
91 0 149 15 97
91 0 230 4 98
91 0 240 1 99
91 0 266 15 100
91 0 278 2 101
81 0 275 2 102
91 0 297 1 103
81 0 284 2 104
91 0 318 1 105
91 0 328 4 106
109 0 313 15 107
91 0 342 4 108
101 0 333 4 109
91 0 217 4 110
91 0 284 4 111
109 0 331 15 112
92 0 239 15 113
93 0 307 2 114
96 0 115 5 115
93 0 159 4 116
112 0 235 5 117
113 0 252 14 118
113 0 284 1 119
114 0 199 14 120
114 0 259 1 121
113 0 337 14 122
104 0 121 2 123
102 0 111 4 124
110 0 104 15 125
106 0 143 15 126
100 0 138 3 127
110 0 128 4 128
106 0 174 4 129
115 0 157 1 130
115 0 168 14 131
115 0 180 4 132
122 0 268 15 133
116 0 206 14 134
115 0 289 5 135
118 0 105 15 136
119 0 259 2 137
123 0 348 14 138
127 0 218 4 139
122 0 129 3 140
131 0 226 3 141
131 0 242 2 142
131 0 336 3 143
136 0 125 3 144
132 0 117 2 145
132 0 138 3 146
132 0 147 2 147
128 0 134 2 148
132 0 163 3 149
132 0 177 1 150
132 0 187 2 151
132 0 197 3 152
132 0 208 1 153
133 0 294 1 154
146 0 324 5 155
134 0 309 3 156
134 0 278 3 157
135 0 289 2 158
164 0 213 1 159
150 0 99 5 160
150 0 115 1 161
148 0 140 14 162
156 0 128 15 163
143 0 117 4 164
156 0 148 15 165
143 0 138 5 166
147 0 177 4 167
156 0 180 14 168
164 0 168 2 169
164 0 194 2 170
136 0 328 14 171
165 0 241 1 172
155 0 325 14 173
165 0 180 15 174
166 0 222 3 175
166 0 227 3 176
166 0 280 3 177
176 0 281 5 178
167 0 242 2 179
177 0 242 4 180
177 0 267 3 181
167 0 295 1 182
167 0 307 3 183
199 0 258 4 184
167 0 318 2 185
167 0 327 2 186
159 0 340 3 187
165 0 125 1 188
168 0 281 3 189
206 0 244 14 190
169 0 256 5 191
179 0 336 5 192
170 0 239 1 193
202 0 269 2 194
181 0 292 4 195
181 0 281 14 196
209 0 262 3 197
172 0 131 14 198
182 0 303 1 199
205 0 257 5 200
183 0 312 1 201
184 0 237 4 202
213 0 241 4 203
213 0 248 5 204
213 0 263 4 205
207 0 274 14 206
207 0 284 14 207
213 0 278 5 208
213 0 288 4 209
207 0 308 4 210
196 0 328 4 211
190 0 342 2 212
168 0 106 3 213
185 0 141 1 214
175 0 140 4 215
185 0 157 1 216
185 0 170 1 217
185 0 180 4 218
186 0 190 2 219
185 0 202 1 220
185 0 213 5 221
214 0 198 5 222
208 0 292 2 223
209 0 234 3 224
207 0 336 4 225
216 0 292 4 226
143 0 14 4 227
166 0 16 2 228
213 0 19 15 229
190 0 22 15 230
224 0 46 1 231
214 0 51 5 232
203 0 53 3 233
209 0 65 2 234
194 0 71 15 235
202 0 79 3 236
220 0 72 5 237
197 0 91 1 238
231 0 78 1 239
186 0 95 5 240
189 0 110 15 241
202 0 133 3 242
189 0 122 5 243
179 0 119 4 244
189 0 139 15 245
200 0 165 2 246
211 0 167 5 247
229 0 149 5 248
219 0 172 1 249
212 0 189 15 250
211 0 200 15 251
229 0 180 5 252
217 0 205 5 253
217 0 215 5 254
249 0 164 4 255
228 0 95 5 256
214 0 138 5 257
239 0 101 4 258
222 0 144 1 259
245 0 114 14 260
243 0 138 3 261
242 0 150 1 262
213 0 207 4 263
213 0 218 15 264
242 0 176 2 265
332 0 14 14 266
243 0 187 2 267
218 0 32 1 268
254 0 192 5 269
222 0 348 4 270
239 0 105 2 271
222 0 300 1 272
224 0 326 5 273
313 0 15 2 274
243 0 23 3 275
269 0 202 3 276
248 0 282 4 277
235 0 328 4 278
251 0 115 15 279
287 0 208 3 280
259 0 295 4 281
250 0 265 3 282
250 0 217 15 283
386 0 14 3 284
293 0 22 14 285
252 0 329 15 286
252 0 282 5 287
261 0 267 5 288
261 0 280 15 289
252 0 308 5 290
252 0 318 4 291
252 0 242 4 292
281 0 196 4 293
262 0 250 15 294
290 0 318 5 295
261 0 111 15 296
270 0 110 2 297
253 0 144 15 298
267 0 133 1 299
262 0 149 5 300
253 0 180 3 301
254 0 190 15 302
253 0 201 15 303
290 0 141 1 304
253 0 223 5 305
291 0 211 4 306
263 0 297 14 307
413 0 12 15 308
366 0 15 14 309
273 0 20 4 310
254 0 290 4 311
255 0 340 1 312
265 0 315 3 313
311 0 181 1 314
266 0 304 1 315
266 0 326 15 316
282 0 99 3 317
274 0 121 15 318
281 0 119 3 319
266 0 157 3 320
277 0 146 2 321
266 0 180 14 322
267 0 190 3 323
266 0 201 3 324
266 0 212 15 325
266 0 223 1 326
295 0 289 14 327
295 0 167 15 328
304 0 235 15 329
295 0 298 14 330
305 0 225 2 331
296 0 238 5 332
306 0 289 1 333
297 0 220 15 334
298 0 210 5 335
306 0 279 2 336
298 0 276 15 337
318 0 156 3 338
283 0 348 2 339
307 0 298 1 340
292 0 108 14 341
299 0 263 14 342
285 0 328 14 343
301 0 318 15 344
294 0 120 5 345
302 0 328 3 346
303 0 216 3 347
304 0 240 15 348
313 0 326 2 349
295 0 134 15 350
311 0 109 3 351
304 0 136 1 352
309 0 131 4 353
319 0 124 2 354
314 0 145 2 355
314 0 155 2 356
314 0 168 3 357
314 0 180 1 358
322 0 182 3 359
320 0 99 4 360
307 0 155 1 361
317 0 328 14 362
318 0 224 4 363
330 0 117 14 364
337 0 303 3 365
320 0 252 5 366
337 0 335 1 367
321 0 302 15 368
321 0 341 15 369
340 0 127 1 370
321 0 175 4 371
322 0 184 4 372
339 0 166 1 373
339 0 180 14 374
339 0 189 3 375
321 0 233 4 376
331 0 328 2 377
340 0 256 4 378
350 0 296 3 379
342 0 140 2 380
342 0 149 15 381
351 0 144 14 382
351 0 164 4 383
342 0 193 2 384
342 0 204 1 385
342 0 215 1 386
351 0 286 14 387
343 0 225 2 388
352 0 275 14 389
352 0 263 3 390
343 0 269 1 391
343 0 279 2 392
344 0 314 4 393
345 0 302 4 394
354 0 145 3 395
345 0 254 3 396
351 0 348 2 397
355 0 314 15 398
356 0 300 15 399
357 0 325 4 400
363 0 142 1 401
358 0 167 5 402
358 0 177 3 403
359 0 186 4 404
358 0 197 5 405
358 0 207 4 406
358 0 217 15 407
358 0 232 4 408
372 0 305 1 409
370 0 189 2 410
373 0 218 3 411
368 0 165 15 412
375 0 321 15 413
383 0 348 1 414
376 0 331 4 415
377 0 230 4 416
386 0 259 14 417
389 0 306 4 418
389 0 295 2 419
390 0 279 5 420
386 0 184 3 421
392 0 212 4 422
383 0 288 2 423
392 0 327 4 424
392 0 263 4 425
393 0 234 4 426
398 0 331 1 427
385 0 271 3 428
393 0 228 15 429
393 0 258 15 430
385 0 217 14 431
411 0 327 1 432
389 0 180 2 433
395 0 251 14 434
395 0 301 1 435
399 0 175 5 436
395 0 209 4 437
406 0 202 3 438
418 0 189 5 439
412 0 200 4 440
397 0 224 14 441
421 0 169 14 442
420 0 342 14 443
437 0 337 15 444
410 0 180 15 445
402 0 206 14 446
424 0 328 14 447
428 0 203 15 448
424 0 203 14 449
435 0 209 5 450
434 0 176 5 451
440 0 206 15 452
445 0 174 1 453
455 0 214 3 454
457 0 191 14 455
447 0 185 1 456
458 0 200 14 457
459 0 169 14 458
459 0 220 4 459
450 0 348 1 460
463 0 231 15 461
463 0 256 15 462
463 0 269 4 463
464 0 255 5 464
464 0 287 15 465
464 0 304 5 466
464 0 321 3 467
464 0 334 5 468
478 0 139 1 469
464 0 213 4 470
484 0 126 1 471
484 0 153 1 472
484 0 180 15 473
484 0 207 1 474
484 0 234 1 475
484 0 262 1 476
484 0 289 1 477
484 0 316 1 478
484 0 343 4 479
