480
-43 0 186 2 0
-43 0 209 1 1
-43 0 232 2 2
-43 0 257 5 3
-43 0 281 3 4
-43 0 304 3 5
-43 0 328 5 6
-40 0 347 2 7
-32 0 338 5 8
-25 0 259 1 9
-15 0 354 15 10
-25 0 326 5 11
-24 0 232 14 12
-21 0 310 15 13
-21 0 287 2 14
-18 0 266 14 15
-10 0 325 1 16
-17 0 209 14 17
9 0 354 5 18
-17 0 186 15 19
-16 0 227 1 20
-26 0 172 1 21
-16 0 254 1 22
-26 0 195 14 23
-15 0 252 1 24
-24 0 148 14 25
-7 0 230 5 26
-11 0 232 1 27
1 0 238 3 28
-7 0 222 3 29
42 0 242 5 30
7 0 330 1 31
31 0 317 3 32
18 0 336 1 33
31 0 332 4 34
7 0 201 1 35
4 0 194 5 36
-2 0 156 3 37
30 0 347 2 38
33 0 274 14 39
12 0 222 15 40
16 0 149 14 41
15 0 209 5 42
21 0 231 4 43
41 0 227 14 44
44 0 257 1 45
36 0 285 15 46
37 0 246 15 47
44 0 233 5 48
39 0 285 15 49
52 0 194 1 50
39 0 302 15 51
48 0 347 14 52
30 0 205 2 53
43 0 291 5 54
43 0 312 1 55
36 0 150 3 56
51 0 276 1 57
48 0 92 14 58
65 0 96 1 59
45 0 174 5 60
47 0 181 5 61
63 0 163 3 62
48 0 199 15 63
48 0 208 5 64
57 0 200 4 65
48 0 228 2 66
49 0 250 15 67
52 0 354 15 68
59 0 150 15 69
69 0 239 2 70
69 0 342 14 71
71 0 224 5 72
78 0 140 14 73
72 0 158 15 74
72 0 172 15 75
70 0 192 4 76
72 0 200 15 77
72 0 210 3 78
68 0 231 14 79
69 0 286 14 80
71 0 301 15 81
73 0 312 15 82
76 0 256 1 83
75 0 347 4 84
77 0 295 4 85
77 0 313 1 86
85 0 150 5 87
77 0 173 5 88
78 0 183 4 89
85 0 184 14 90
85 0 195 15 91
86 0 205 15 92
78 0 232 5 93
78 0 241 5 94
80 0 306 14 95
81 0 289 14 96
90 0 154 15 97
90 0 245 3 98
90 0 254 1 99
90 0 274 3 100
90 0 286 3 101
83 0 285 2 102
90 0 302 3 103
83 0 295 5 104
90 0 321 14 105
90 0 330 3 106
103 0 321 2 107
90 0 344 15 108
98 0 339 3 109
91 0 229 4 110
91 0 288 1 111
104 0 341 14 112
92 0 240 1 113
93 0 310 2 114
96 0 121 1 115
94 0 162 2 116
108 0 253 5 117
109 0 270 4 118
110 0 292 3 119
111 0 216 1 120
111 0 270 5 121
110 0 346 4 122
104 0 125 3 123
103 0 120 3 124
108 0 119 4 125
106 0 150 3 126
101 0 148 3 127
108 0 145 4 128
106 0 181 3 129
112 0 172 1 130
112 0 182 4 131
112 0 195 14 132
117 0 278 15 133
113 0 216 1 134
113 0 292 4 135
117 0 114 2 136
119 0 259 2 137
122 0 354 15 138
125 0 225 1 139
123 0 131 3 140
133 0 230 5 141
133 0 247 5 142
133 0 345 2 143
136 0 128 3 144
133 0 125 2 145
133 0 144 5 146
133 0 153 2 147
131 0 146 2 148
133 0 171 5 149
133 0 183 1 150
133 0 194 3 151
134 0 205 2 152
133 0 216 5 153
135 0 299 2 154
146 0 325 5 155
137 0 315 14 156
138 0 287 14 157
139 0 298 3 158
160 0 237 14 159
150 0 109 14 160
150 0 124 4 161
149 0 145 5 162
155 0 139 15 163
145 0 134 5 164
155 0 160 2 165
146 0 156 5 166
148 0 186 5 167
154 0 192 15 168
161 0 186 1 169
161 0 213 1 170
140 0 339 4 171
162 0 262 1 172
155 0 325 14 173
162 0 197 2 174
163 0 246 4 175
163 0 246 4 176
163 0 289 1 177
171 0 292 2 178
165 0 256 4 179
173 0 257 14 180
173 0 277 4 181
166 0 299 2 182
166 0 309 3 183
189 0 275 2 184
166 0 321 1 185
166 0 329 5 186
160 0 340 3 187
165 0 128 1 188
168 0 284 5 189
195 0 264 14 190
169 0 257 5 191
176 0 345 4 192
170 0 240 2 193
193 0 283 1 194
179 0 295 3 195
180 0 284 15 196
200 0 277 2 197
174 0 133 4 198
181 0 304 14 199
198 0 268 1 200
183 0 313 1 201
185 0 239 4 202
206 0 252 4 203
206 0 260 3 204
206 0 272 14 205
202 0 283 3 206
202 0 292 1 207
206 0 289 3 208
206 0 298 3 209
202 0 315 5 210
194 0 331 3 211
190 0 344 14 212
174 0 115 14 213
187 0 143 2 214
179 0 145 4 215
187 0 160 2 216
187 0 172 2 217
187 0 182 5 218
187 0 193 15 219
187 0 205 14 220
187 0 216 2 221
207 0 208 2 222
204 0 297 2 223
205 0 242 2 224
204 0 345 2 225
211 0 297 4 226
159 0 10 14 227
176 0 14 4 228
210 0 18 14 229
193 0 23 1 230
218 0 43 5 231
211 0 49 5 232
203 0 53 3 233
207 0 64 3 234
197 0 71 1 235
202 0 80 3 236
215 0 76 15 237
199 0 93 15 238
222 0 86 1 239
190 0 100 14 240
192 0 114 3 241
202 0 133 3 242
192 0 127 15 243
185 0 128 5 244
192 0 146 15 245
201 0 167 3 246
208 0 171 14 247
221 0 160 1 248
215 0 179 3 249
209 0 194 4 250
208 0 204 3 251
221 0 191 1 252
213 0 213 4 253
213 0 223 5 254
236 0 187 1 255
223 0 107 14 256
212 0 140 5 257
230 0 117 15 258
219 0 151 4 259
235 0 132 4 260
233 0 152 14 261
233 0 165 1 262
212 0 209 3 263
212 0 220 5 264
233 0 192 1 265
299 0 10 5 266
234 0 202 3 267
217 0 31 1 268
245 0 211 2 269
221 0 354 5 270
234 0 114 3 271
222 0 301 1 272
224 0 328 1 273
289 0 11 3 274
238 0 25 2 275
258 0 230 1 276
243 0 294 1 277
233 0 331 3 278
246 0 121 2 279
273 0 239 15 280
252 0 309 5 281
246 0 275 14 282
247 0 224 4 283
346 0 10 1 284
279 0 24 3 285
249 0 334 4 286
249 0 287 14 287
256 0 279 14 288
256 0 290 5 289
249 0 313 14 290
249 0 323 2 291
250 0 247 15 292
271 0 220 2 293
257 0 262 5 294
277 0 332 3 295
257 0 119 5 296
264 0 120 14 297
251 0 148 4 298
261 0 143 2 299
258 0 157 1 300
251 0 182 3 301
252 0 193 5 302
251 0 204 4 303
278 0 164 3 304
251 0 226 5 305
279 0 238 1 306
259 0 305 14 307
368 0 6 14 308
334 0 11 5 309
267 0 20 3 310
253 0 292 3 311
254 0 341 15 312
262 0 318 14 313
297 0 215 14 314
264 0 307 15 315
264 0 329 2 316
276 0 109 3 317
271 0 128 1 318
275 0 130 5 319
265 0 160 3 320
273 0 155 1 321
265 0 182 14 322
265 0 193 1 323
265 0 204 15 324
265 0 215 15 325
265 0 226 1 326
286 0 299 4 327
286 0 187 4 328
293 0 255 14 329
287 0 307 5 330
294 0 246 1 331
288 0 253 5 332
295 0 300 2 333
289 0 238 3 334
290 0 229 1 335
296 0 290 14 336
290 0 286 1 337
305 0 184 1 338
280 0 354 3 339
298 0 307 15 340
287 0 116 15 341
292 0 273 1 342
282 0 331 14 343
296 0 324 14 344
291 0 125 5 345
298 0 333 15 346
299 0 223 15 347
300 0 246 3 348
307 0 338 2 349
295 0 135 15 350
306 0 119 1 351
301 0 142 3 352
305 0 141 4 353
312 0 139 3 354
308 0 157 4 355
308 0 168 2 356
308 0 180 15 357
308 0 192 2 358
314 0 197 3 359
315 0 109 4 360
305 0 159 4 361
314 0 333 3 362
315 0 229 14 363
325 0 131 1 364
331 0 315 2 365
319 0 255 4 366
332 0 344 14 367
320 0 305 5 368
320 0 341 15 369
335 0 138 1 370
321 0 175 4 371
322 0 185 4 372
334 0 176 14 373
334 0 188 2 374
334 0 198 15 375
321 0 233 4 376
330 0 330 2 377
337 0 270 15 378
345 0 305 3 379
339 0 148 15 380
339 0 157 3 381
346 0 156 2 382
346 0 174 2 383
339 0 198 1 384
339 0 209 14 385
339 0 220 1 386
346 0 295 1 387
340 0 230 4 388
347 0 284 5 389
348 0 273 5 390
341 0 272 4 391
341 0 282 2 392
342 0 317 1 393
344 0 304 2 394
351 0 151 2 395
345 0 256 5 396
349 0 354 2 397
352 0 318 3 398
354 0 302 14 399
356 0 328 15 400
361 0 150 4 401
357 0 170 15 402
357 0 180 3 403
358 0 188 15 404
357 0 199 5 405
357 0 209 3 406
357 0 219 15 407
357 0 232 4 408
369 0 316 14 409
367 0 204 14 410
370 0 230 3 411
368 0 166 15 412
373 0 327 15 413
380 0 354 2 414
376 0 334 2 415
378 0 233 1 416
386 0 259 14 417
390 0 309 5 418
391 0 299 4 419
392 0 285 15 420
390 0 200 15 421
395 0 225 14 422
389 0 301 14 423
395 0 338 14 424
396 0 275 1 425
397 0 249 14 426
401 0 336 15 427
392 0 288 4 428
398 0 246 1 429
398 0 273 1 430
393 0 241 4 431
412 0 328 4 432
397 0 212 5 433
401 0 270 14 434
401 0 316 14 435
404 0 204 14 436
402 0 237 5 437
410 0 226 2 438
419 0 204 2 439
415 0 227 3 440
404 0 252 15 441
421 0 194 4 442
421 0 343 14 443
433 0 346 5 444
414 0 213 1 445
408 0 236 14 446
424 0 330 14 447
428 0 227 5 448
425 0 232 4 449
433 0 241 5 450
433 0 206 5 451
438 0 232 14 452
442 0 203 3 453
450 0 245 5 454
452 0 223 3 455
445 0 201 4 456
454 0 228 5 457
455 0 194 4 458
455 0 244 14 459
449 0 354 1 460
463 0 239 3 461
463 0 261 4 462
463 0 273 15 463
464 0 268 4 464
464 0 295 3 465
464 0 311 5 466
464 0 327 4 467
464 0 340 15 468
474 0 202 2 469
464 0 221 5 470
483 0 159 4 471
483 0 180 15 472
483 0 203 4 473
483 0 229 4 474
483 0 252 2 475
483 0 275 4 476
483 0 299 1 477
483 0 322 15 478
483 0 345 1 479
