480
-43 0 172 2 0
-43 0 196 15 1
-43 0 221 15 2
-43 0 248 15 3
-43 0 273 2 4
-43 0 299 14 5
-43 0 325 14 6
-39 0 346 15 7
-31 0 332 2 8
-25 0 259 5 9
-13 0 351 4 10
-25 0 326 2 11
-24 0 230 14 12
-22 0 306 4 13
-22 0 285 14 14
-20 0 261 3 15
-9 0 325 14 16
-19 0 198 5 17
13 0 351 2 18
-18 0 176 4 19
-18 0 214 4 20
-30 0 146 1 21
-18 0 243 4 22
-30 0 172 4 23
-17 0 238 3 24
-29 0 120 2 25
-9 0 215 14 26
-14 0 214 5 27
-1 0 223 1 28
-10 0 202 1 29
49 0 224 4 30
8 0 329 5 31
36 0 313 4 32
21 0 334 14 33
36 0 327 1 34
7 0 192 3 35
3 0 180 15 36
-4 0 126 15 37
35 0 342 3 38
37 0 264 15 39
13 0 211 2 40
17 0 120 4 41
16 0 192 5 42
23 0 216 1 43
47 0 213 3 44
49 0 246 14 45
40 0 278 2 46
41 0 237 1 47
49 0 222 4 48
43 0 279 3 49
58 0 180 4 50
42 0 298 2 51
52 0 342 15 52
31 0 197 1 53
45 0 287 5 54
45 0 311 3 55
37 0 146 1 56
55 0 270 4 57
49 0 76 14 58
70 0 79 1 59
46 0 172 14 60
49 0 180 2 61
67 0 154 15 62
50 0 195 4 63
49 0 205 3 64
60 0 193 14 65
49 0 225 4 66
50 0 248 4 67
54 0 351 3 68
60 0 146 5 69
71 0 234 1 70
71 0 336 2 71
72 0 220 2 72
80 0 134 3 73
74 0 154 1 74
74 0 168 2 75
71 0 190 4 76
74 0 198 2 77
74 0 208 15 78
68 0 230 3 79
69 0 283 1 80
71 0 299 1 81
73 0 312 4 82
77 0 255 3 83
76 0 342 5 84
77 0 293 1 85
77 0 312 5 86
87 0 146 4 87
77 0 172 5 88
78 0 182 1 89
87 0 180 3 90
87 0 191 15 91
87 0 201 15 92
78 0 231 5 93
78 0 241 2 94
80 0 304 3 95
80 0 286 5 96
91 0 151 4 97
91 0 237 4 98
91 0 246 1 99
91 0 269 5 100
91 0 282 14 101
82 0 280 4 102
91 0 299 5 103
82 0 289 3 104
91 0 320 4 105
91 0 329 1 106
106 0 317 1 107
91 0 343 1 108
100 0 336 15 109
91 0 222 14 110
91 0 286 1 111
107 0 336 2 112
92 0 239 4 113
93 0 308 14 114
96 0 118 14 115
94 0 160 1 116
110 0 243 1 117
111 0 260 2 118
112 0 288 2 119
113 0 207 2 120
113 0 264 1 121
112 0 341 5 122
104 0 123 14 123
102 0 115 3 124
109 0 111 2 125
106 0 146 1 126
101 0 143 3 127
109 0 136 2 128
106 0 177 15 129
114 0 164 3 130
114 0 175 2 131
114 0 187 2 132
120 0 273 14 133
115 0 211 1 134
114 0 291 2 135
117 0 109 4 136
119 0 259 14 137
123 0 351 3 138
126 0 221 14 139
122 0 130 15 140
132 0 228 2 141
132 0 245 2 142
132 0 340 2 143
136 0 127 15 144
132 0 121 5 145
132 0 141 2 146
132 0 150 5 147
129 0 140 14 148
132 0 167 15 149
132 0 180 5 150
132 0 190 2 151
133 0 201 2 152
132 0 212 5 153
134 0 297 14 154
146 0 325 2 155
136 0 312 3 156
136 0 282 1 157
137 0 293 14 158
162 0 224 14 159
150 0 104 5 160
150 0 119 2 161
148 0 142 5 162
156 0 133 5 163
144 0 125 1 164
156 0 154 4 165
144 0 146 1 166
148 0 181 1 167
155 0 186 3 168
163 0 177 4 169
163 0 203 1 170
138 0 333 1 171
163 0 250 14 172
155 0 325 3 173
164 0 187 5 174
164 0 233 5 175
164 0 236 4 176
165 0 285 1 177
174 0 286 3 178
166 0 248 15 179
175 0 249 1 180
175 0 272 3 181
167 0 297 14 182
167 0 308 15 183
195 0 266 3 184
167 0 319 14 185
167 0 328 2 186
160 0 340 15 187
165 0 127 5 188
168 0 282 15 189
201 0 253 15 190
169 0 256 2 191
178 0 340 4 192
170 0 239 5 193
198 0 275 1 194
180 0 294 15 195
181 0 283 3 196
205 0 269 14 197
173 0 132 3 198
182 0 303 5 199
202 0 262 14 200
183 0 313 5 201
185 0 238 1 202
210 0 246 3 203
210 0 254 1 204
210 0 267 14 205
205 0 278 15 206
205 0 288 2 207
210 0 283 1 208
210 0 292 14 209
205 0 311 15 210
195 0 330 15 211
190 0 343 14 212
171 0 110 1 213
186 0 142 14 214
177 0 142 4 215
186 0 159 14 216
186 0 171 14 217
186 0 181 2 218
187 0 192 4 219
186 0 203 14 220
186 0 214 3 221
211 0 203 4 222
206 0 294 14 223
207 0 238 14 224
206 0 340 3 225
214 0 294 15 226
150 0 12 1 227
171 0 15 15 228
212 0 18 4 229
191 0 22 5 230
221 0 45 5 231
213 0 50 2 232
203 0 53 15 233
208 0 64 15 234
195 0 71 4 235
202 0 80 15 236
218 0 74 5 237
198 0 92 5 238
227 0 81 4 239
188 0 97 3 240
190 0 112 4 241
202 0 133 15 242
190 0 124 2 243
182 0 123 1 244
190 0 142 14 245
200 0 166 14 246
210 0 169 3 247
226 0 154 3 248
217 0 175 2 249
210 0 191 3 250
210 0 202 3 251
225 0 185 3 252
215 0 209 15 253
215 0 219 4 254
243 0 175 14 255
226 0 100 3 256
213 0 139 2 257
235 0 108 14 258
220 0 147 2 259
241 0 122 5 260
238 0 144 1 261
238 0 157 1 262
212 0 208 15 263
212 0 219 4 264
238 0 183 4 265
317 0 12 14 266
239 0 194 14 267
217 0 32 5 268
250 0 201 4 269
221 0 351 1 270
237 0 109 14 271
222 0 300 5 272
224 0 327 2 273
302 0 13 4 274
241 0 24 15 275
264 0 215 3 276
246 0 288 15 277
234 0 329 15 278
249 0 118 15 279
281 0 222 1 280
256 0 301 5 281
248 0 270 15 282
249 0 220 1 283
368 0 12 2 284
286 0 23 2 285
250 0 331 4 286
251 0 285 4 287
259 0 273 5 288
259 0 285 5 289
251 0 310 2 290
251 0 320 15 291
251 0 244 4 292
276 0 207 14 293
259 0 256 5 294
284 0 325 15 295
259 0 115 5 296
267 0 114 15 297
252 0 146 1 298
264 0 138 4 299
260 0 153 3 300
252 0 180 15 301
253 0 191 4 302
252 0 203 4 303
285 0 152 15 304
252 0 225 2 305
286 0 224 2 306
261 0 301 14 307
392 0 9 15 308
351 0 13 15 309
270 0 20 1 310
254 0 291 1 311
254 0 341 4 312
264 0 316 3 313
304 0 197 5 314
265 0 305 5 315
265 0 328 15 316
279 0 104 2 317
273 0 124 4 318
278 0 124 5 319
266 0 158 15 320
275 0 150 5 321
266 0 180 3 322
266 0 191 15 323
266 0 203 15 324
266 0 214 4 325
266 0 225 5 326
291 0 294 1 327
291 0 176 2 328
299 0 244 14 329
291 0 302 5 330
300 0 234 4 331
293 0 245 5 332
301 0 294 3 333
293 0 228 5 334
294 0 219 5 335
302 0 284 15 336
294 0 281 3 337
312 0 170 2 338
282 0 351 14 339
303 0 302 15 340
290 0 112 3 341
296 0 268 3 342
284 0 329 3 343
299 0 321 2 344
292 0 122 1 345
300 0 330 15 346
301 0 219 15 347
302 0 243 4 348
310 0 331 2 349
295 0 135 4 350
309 0 114 1 351
303 0 138 5 352
307 0 136 14 353
316 0 131 3 354
311 0 150 5 355
311 0 161 15 356
311 0 174 14 357
311 0 186 14 358
318 0 189 3 359
318 0 104 3 360
306 0 157 1 361
316 0 330 3 362
317 0 226 1 363
328 0 123 1 364
334 0 309 4 365
320 0 253 2 366
335 0 340 15 367
320 0 303 4 368
321 0 341 4 369
338 0 132 15 370
321 0 175 1 371
322 0 185 1 372
336 0 171 15 373
336 0 183 3 374
336 0 193 5 375
321 0 233 1 376
331 0 329 14 377
339 0 262 4 378
348 0 300 2 379
340 0 144 1 380
340 0 152 4 381
349 0 150 5 382
349 0 169 2 383
341 0 195 14 384
340 0 206 5 385
340 0 217 1 386
349 0 290 14 387
342 0 227 14 388
350 0 279 1 389
350 0 267 14 390
342 0 271 5 391
342 0 281 14 392
343 0 315 1 393
344 0 303 1 394
353 0 148 15 395
345 0 255 15 396
350 0 351 14 397
354 0 316 15 398
355 0 301 4 399
357 0 326 1 400
362 0 146 2 401
358 0 168 2 402
358 0 178 15 403
358 0 187 1 404
358 0 198 2 405
358 0 208 15 406
358 0 218 4 407
358 0 232 1 408
370 0 310 5 409
369 0 196 4 410
372 0 223 5 411
368 0 165 4 412
374 0 324 4 413
382 0 351 5 414
376 0 332 14 415
377 0 232 5 416
386 0 259 3 417
389 0 307 1 418
390 0 297 1 419
391 0 282 2 420
388 0 192 1 421
393 0 218 4 422
386 0 294 14 423
393 0 332 2 424
394 0 268 1 425
395 0 241 2 426
399 0 333 3 427
388 0 279 1 428
395 0 236 1 429
395 0 265 1 430
389 0 228 3 431
411 0 327 5 432
392 0 194 2 433
398 0 260 2 434
398 0 308 3 435
401 0 188 14 436
398 0 222 3 437
408 0 213 4 438
419 0 196 15 439
413 0 212 5 440
400 0 237 2 441
421 0 180 14 442
421 0 342 3 443
435 0 341 14 444
412 0 195 14 445
404 0 220 4 446
424 0 329 3 447
428 0 214 1 448
425 0 217 4 449
434 0 224 3 450
433 0 190 5 451
439 0 218 14 452
443 0 187 4 453
453 0 228 2 454
455 0 206 15 455
446 0 192 14 456
456 0 213 15 457
457 0 180 14 458
457 0 231 3 459
450 0 351 5 460
463 0 235 1 461
463 0 258 4 462
463 0 271 1 463
464 0 261 1 464
464 0 291 1 465
464 0 307 2 466
464 0 324 1 467
464 0 336 2 468
476 0 168 5 469
464 0 217 4 470
483 0 141 1 471
483 0 166 14 472
483 0 190 1 473
483 0 217 1 474
483 0 242 5 475
483 0 268 5 476
483 0 294 4 477
483 0 319 5 478
483 0 344 5 479
