480
-44 0 130 15 0
-44 0 161 5 1
-44 0 191 15 2
-44 0 222 5 3
-44 0 253 5 4
-44 0 285 15 5
-44 0 316 4 6
-38 0 341 1 7
-26 0 315 3 8
-25 0 258 3 9
-7 0 342 15 10
-25 0 325 15 11
-24 0 224 2 12
-24 0 297 1 13
-24 0 279 2 14
-24 0 244 4 15
-9 0 326 4 16
-23 0 170 4 17
24 0 342 14 18
-23 0 144 4 19
-23 0 180 15 20
-42 0 72 4 21
-23 0 212 1 22
-42 0 104 15 23
-23 0 197 2 24
-41 0 41 4 25
-14 0 174 3 26
-21 0 163 2 27
-4 0 180 4 28
-17 0 148 2 29
70 0 176 5 30
8 0 327 15 31
51 0 299 2 32
28 0 328 15 33
51 0 314 5 34
7 0 169 3 35
1 0 143 2 36
-10 0 42 3 37
48 0 329 4 38
51 0 236 1 39
13 0 179 15 40
20 0 41 2 41
19 0 146 2 42
28 0 174 4 43
62 0 174 4 44
64 0 214 4 45
52 0 257 5 46
52 0 213 2 47
61 0 192 5 48
52 0 264 1 49
74 0 143 2 50
51 0 286 5 51
66 0 329 1 52
33 0 176 5 53
53 0 276 3 54
53 0 305 3 55
40 0 136 15 56
67 0 253 14 57
53 0 32 5 58
83 0 32 4 59
48 0 165 2 60
52 0 172 5 61
79 0 130 3 62
54 0 186 2 63
53 0 196 3 64
68 0 175 5 65
53 0 217 5 66
53 0 242 2 67
59 0 342 14 68
62 0 136 5 69
77 0 221 1 70
77 0 321 14 71
77 0 209 14 72
87 0 117 2 73
78 0 143 3 74
78 0 159 3 75
74 0 185 14 76
78 0 191 3 77
78 0 200 3 78
69 0 228 1 79
69 0 274 1 80
71 0 295 5 81
73 0 311 15 82
78 0 253 1 83
76 0 329 3 84
78 0 288 15 85
78 0 308 1 86
91 0 135 4 87
77 0 171 3 88
78 0 180 14 89
91 0 172 14 90
91 0 181 2 91
92 0 191 14 92
78 0 229 3 93
78 0 240 15 94
79 0 299 15 95
79 0 280 1 96
92 0 143 14 97
92 0 216 14 98
92 0 226 4 99
92 0 257 14 100
92 0 270 3 101
79 0 265 14 102
92 0 291 3 103
79 0 273 3 104
92 0 315 14 105
92 0 326 3 106
115 0 304 1 107
92 0 341 14 108
105 0 327 5 109
92 0 204 3 110
92 0 280 4 111
115 0 320 14 112
92 0 237 2 113
93 0 304 4 114
96 0 108 5 115
93 0 156 3 116
117 0 216 4 117
117 0 234 1 118
116 0 277 2 119
117 0 182 15 120
117 0 247 4 121
116 0 328 4 122
104 0 116 1 123
102 0 101 1 124
112 0 89 15 125
107 0 136 15 126
99 0 126 4 127
112 0 111 1 128
107 0 166 15 129
118 0 140 2 130
118 0 151 15 131
118 0 165 2 132
127 0 256 14 133
119 0 196 2 134
117 0 286 4 135
119 0 96 15 136
119 0 258 4 137
125 0 342 5 138
129 0 211 2 139
121 0 126 2 140
130 0 221 4 141
130 0 237 2 142
130 0 327 3 143
136 0 121 4 144
130 0 108 4 145
130 0 132 14 146
130 0 141 14 147
125 0 122 1 148
130 0 156 3 149
130 0 170 14 150
130 0 180 2 151
131 0 189 15 152
130 0 200 14 153
130 0 289 3 154
146 0 324 15 155
131 0 303 15 156
131 0 269 4 157
131 0 280 5 158
168 0 188 15 159
150 0 87 3 160
150 0 106 1 161
147 0 134 1 162
158 0 116 5 163
140 0 100 5 164
158 0 137 3 165
141 0 119 14 166
146 0 166 1 167
157 0 168 3 168
168 0 149 3 169
168 0 176 4 170
131 0 316 4 171
168 0 219 15 172
156 0 324 2 173
168 0 162 5 174
169 0 198 5 175
168 0 207 4 176
169 0 271 4 177
181 0 269 15 178
169 0 227 5 179
182 0 225 1 180
182 0 256 3 181
169 0 291 4 182
169 0 304 5 183
210 0 239 4 184
169 0 315 15 185
169 0 326 4 186
158 0 340 5 187
165 0 121 2 188
169 0 279 5 189
218 0 224 1 190
169 0 255 5 191
182 0 327 15 192
170 0 237 3 193
211 0 255 15 194
183 0 288 15 195
183 0 277 1 196
219 0 247 3 197
171 0 129 1 198
183 0 301 3 199
212 0 245 2 200
183 0 312 3 201
184 0 236 14 202
220 0 229 3 203
220 0 237 14 204
220 0 253 1 205
212 0 265 5 206
212 0 276 15 207
220 0 266 14 208
220 0 277 1 209
212 0 301 2 210
199 0 324 3 211
191 0 341 5 212
162 0 97 3 213
184 0 140 1 214
171 0 134 14 215
184 0 154 15 216
184 0 168 1 217
184 0 178 14 218
185 0 187 15 219
184 0 198 1 220
184 0 209 14 221
220 0 187 15 222
213 0 286 2 223
213 0 227 15 224
211 0 327 14 225
220 0 286 3 226
126 0 18 14 227
156 0 19 5 228
216 0 20 3 229
186 0 20 4 230
230 0 50 3 231
218 0 53 1 232
203 0 53 5 233
211 0 66 5 234
192 0 71 2 235
202 0 79 5 236
224 0 67 14 237
196 0 89 3 238
239 0 69 3 239
181 0 89 15 240
185 0 106 1 241
202 0 133 5 242
185 0 116 3 243
172 0 109 14 244
185 0 133 1 245
200 0 164 4 246
214 0 163 15 247
237 0 137 4 248
224 0 165 1 249
214 0 185 14 250
214 0 196 15 251
236 0 168 4 252
220 0 197 1 253
220 0 208 14 254
263 0 139 2 255
234 0 83 3 256
215 0 135 15 257
248 0 84 14 258
226 0 137 2 259
256 0 96 14 260
253 0 123 5 261
252 0 135 15 262
214 0 206 14 263
214 0 217 2 264
252 0 159 2 265
367 0 18 4 266
252 0 172 2 267
219 0 34 15 268
265 0 174 2 269
222 0 342 3 270
244 0 96 3 271
222 0 299 15 272
224 0 324 15 273
338 0 19 5 274
247 0 21 14 275
281 0 173 5 276
253 0 269 14 277
237 0 325 3 278
256 0 108 1 279
303 0 176 2 280
266 0 281 3 281
254 0 255 15 282
254 0 210 5 283
429 0 18 2 284
309 0 21 4 285
254 0 324 14 286
255 0 277 1 287
266 0 256 5 288
266 0 268 2 289
255 0 302 3 290
255 0 313 3 291
255 0 236 14 292
291 0 172 3 293
267 0 239 1 294
303 0 304 3 295
265 0 104 5 296
277 0 99 4 297
255 0 140 1 298
272 0 123 2 299
267 0 141 5 300
255 0 177 14 301
256 0 186 15 302
255 0 197 1 303
303 0 116 5 304
255 0 219 3 305
304 0 184 2 306
267 0 289 2 307
460 0 18 2 308
400 0 19 4 309
279 0 20 15 310
255 0 287 3 311
255 0 340 3 312
268 0 312 5 313
327 0 147 15 314
268 0 301 5 315
268 0 323 1 316
288 0 87 2 317
278 0 114 15 318
286 0 107 15 319
268 0 153 2 320
282 0 137 14 321
268 0 177 1 322
269 0 186 2 323
268 0 197 3 324
268 0 208 1 325
268 0 219 5 326
305 0 277 4 327
305 0 145 3 328
317 0 213 5 329
305 0 288 3 330
317 0 203 1 331
305 0 222 4 332
317 0 277 14 333
305 0 201 14 334
306 0 190 14 335
317 0 267 4 336
305 0 266 2 337
331 0 126 1 338
287 0 342 2 339
318 0 288 5 340
297 0 99 1 341
306 0 253 4 342
287 0 326 14 343
306 0 312 4 344
296 0 115 4 345
307 0 322 2 346
307 0 208 2 347
307 0 234 3 348
319 0 314 1 349
295 0 133 2 350
316 0 99 5 351
307 0 129 14 352
313 0 121 3 353
326 0 109 1 354
319 0 132 1 355
319 0 141 1 356
319 0 155 5 357
319 0 169 1 358
329 0 168 1 359
325 0 87 3 360
308 0 151 2 361
320 0 322 5 362
321 0 218 2 363
336 0 102 5 364
343 0 291 3 365
321 0 250 15 366
343 0 326 3 367
321 0 299 14 368
321 0 340 2 369
345 0 115 15 370
321 0 174 14 371
322 0 183 5 372
344 0 156 3 373
344 0 170 14 374
344 0 180 2 375
321 0 232 14 376
333 0 325 1 377
344 0 240 3 378
356 0 287 2 379
344 0 132 14 380
344 0 141 14 381
356 0 131 2 382
356 0 153 14 383
345 0 187 4 384
344 0 198 4 385
344 0 209 2 386
356 0 276 15 387
345 0 220 5 388
357 0 265 5 389
357 0 252 15 390
345 0 265 3 391
345 0 276 5 392
345 0 312 15 393
345 0 301 15 394
357 0 138 15 395
345 0 252 5 396
353 0 342 1 397
358 0 310 15 398
358 0 298 14 399
358 0 321 5 400
365 0 135 2 401
358 0 164 15 402
358 0 174 14 403
359 0 183 5 404
358 0 194 15 405
358 0 205 14 406
358 0 216 2 407
358 0 231 2 408
375 0 294 2 409
372 0 175 2 410
375 0 206 3 411
368 0 163 2 412
377 0 314 14 413
385 0 342 1 414
376 0 327 3 415
376 0 226 4 416
386 0 258 1 417
387 0 303 1 418
387 0 291 5 419
387 0 272 1 420
382 0 168 5 421
388 0 197 14 422
377 0 274 14 423
388 0 315 1 424
388 0 251 14 425
388 0 219 1 426
395 0 327 15 427
378 0 253 4 428
388 0 209 4 429
388 0 241 5 430
377 0 192 4 431
410 0 325 3 432
381 0 145 4 433
389 0 231 1 434
389 0 286 1 435
394 0 144 2 436
388 0 180 4 437
402 0 178 15 438
417 0 175 4 439
409 0 174 2 440
389 0 194 14 441
420 0 142 1 442
419 0 341 15 443
441 0 328 5 444
406 0 146 2 445
395 0 175 15 446
424 0 326 5 447
428 0 179 5 448
423 0 174 5 449
436 0 175 1 450
434 0 144 3 451
443 0 180 1 452
447 0 143 14 453
460 0 181 5 454
462 0 158 2 455
449 0 169 14 456
463 0 172 2 457
462 0 142 2 458
462 0 195 15 459
451 0 342 15 460
463 0 222 15 461
463 0 252 15 462
463 0 264 5 463
464 0 241 14 464
464 0 279 15 465
464 0 297 14 466
464 0 315 2 467
464 0 327 14 468
483 0 72 3 469
464 0 204 14 470
484 0 92 3 471
484 0 123 2 472
484 0 154 3 473
484 0 185 3 474
484 0 216 14 475
484 0 247 14 476
484 0 279 4 477
484 0 310 4 478
484 0 341 14 479
