480
-44 0 126 14 0
-44 0 158 2 1
-44 0 188 2 2
-44 0 220 15 3
-44 0 252 15 4
-44 0 284 2 5
-44 0 315 2 6
-38 0 341 3 7
-25 0 313 5 8
-25 0 258 5 9
-7 0 342 2 10
-25 0 325 2 11
-24 0 223 4 12
-24 0 296 3 13
-24 0 278 4 14
-24 0 243 3 15
-9 0 326 14 16
-24 0 168 4 17
25 0 342 1 18
-24 0 141 14 19
-24 0 177 2 20
-42 0 67 5 21
-24 0 210 2 22
-42 0 98 14 23
-23 0 194 4 24
-42 0 35 14 25
-14 0 171 1 26
-22 0 159 14 27
-4 0 178 14 28
-18 0 143 15 29
72 0 172 4 30
8 0 326 2 31
52 0 298 4 32
28 0 327 14 33
52 0 313 15 34
7 0 168 3 35
1 0 140 2 36
-11 0 36 5 37
49 0 328 14 38
52 0 234 4 39
13 0 176 3 40
20 0 35 4 41
19 0 142 15 42
28 0 171 2 43
64 0 171 2 44
66 0 212 15 45
52 0 255 5 46
52 0 211 3 47
62 0 190 2 48
53 0 263 4 49
75 0 140 2 50
52 0 285 15 51
67 0 328 3 52
33 0 174 15 53
53 0 275 15 54
53 0 305 5 55
40 0 135 2 56
67 0 252 1 57
53 0 28 5 58
84 0 29 14 59
48 0 164 4 60
52 0 171 15 61
80 0 128 2 62
54 0 186 4 63
53 0 196 5 64
69 0 174 15 65
53 0 217 15 66
53 0 241 4 67
59 0 342 1 68
62 0 135 15 69
77 0 220 3 70
77 0 320 1 71
78 0 208 1 72
87 0 116 15 73
78 0 142 5 74
78 0 158 5 75
74 0 185 1 76
78 0 190 5 77
78 0 199 3 78
69 0 227 1 79
69 0 273 3 80
71 0 295 15 81
73 0 311 2 82
78 0 252 3 83
76 0 328 5 84
78 0 288 2 85
78 0 308 3 86
92 0 134 14 87
77 0 170 5 88
78 0 180 1 89
92 0 171 1 90
92 0 180 4 91
93 0 190 1 92
78 0 229 5 93
78 0 240 2 94
79 0 298 2 95
79 0 279 3 96
92 0 143 1 97
92 0 214 5 98
92 0 225 14 99
92 0 256 1 100
92 0 269 5 101
79 0 264 1 102
92 0 291 5 103
79 0 272 5 104
92 0 315 1 105
92 0 326 5 106
116 0 303 14 107
92 0 340 1 108
105 0 327 15 109
92 0 202 1 110
92 0 279 14 111
116 0 319 3 112
92 0 237 4 113
93 0 304 14 114
96 0 108 15 115
93 0 156 5 116
117 0 214 3 117
117 0 232 3 118
117 0 276 4 119
118 0 180 2 120
118 0 246 14 121
117 0 327 3 122
104 0 115 3 123
102 0 100 15 124
112 0 87 5 125
107 0 135 2 126
99 0 125 14 127
112 0 109 3 128
107 0 165 2 129
119 0 138 4 130
119 0 149 2 131
119 0 163 4 132
128 0 255 14 133
119 0 195 4 134
117 0 286 14 135
119 0 95 2 136
119 0 258 14 137
125 0 342 15 138
129 0 210 4 139
121 0 126 4 140
130 0 220 14 141
130 0 236 4 142
130 0 326 5 143
136 0 121 14 144
130 0 107 14 145
130 0 132 1 146
130 0 141 1 147
125 0 120 4 148
130 0 155 5 149
130 0 169 1 150
130 0 179 4 151
131 0 188 2 152
130 0 199 14 153
130 0 288 5 154
146 0 324 2 155
130 0 303 1 156
130 0 268 5 157
131 0 279 15 158
168 0 185 14 159
150 0 86 5 160
150 0 105 3 161
147 0 133 3 162
158 0 115 15 163
140 0 98 15 164
158 0 135 5 165
141 0 117 1 166
146 0 165 3 167
157 0 167 5 168
168 0 146 14 169
169 0 174 14 170
131 0 315 2 171
169 0 216 2 172
156 0 324 4 173
169 0 160 2 174
170 0 195 15 175
169 0 205 14 176
169 0 270 14 177
182 0 268 2 178
169 0 225 15 179
182 0 224 3 180
182 0 255 3 181
169 0 290 14 182
169 0 304 15 183
212 0 237 15 184
169 0 315 2 185
169 0 325 14 186
158 0 340 15 187
165 0 121 4 188
169 0 279 15 189
219 0 222 3 190
169 0 254 15 191
183 0 326 2 192
170 0 237 5 193
212 0 253 2 194
183 0 288 2 195
183 0 277 3 196
220 0 245 5 197
171 0 129 3 198
183 0 301 5 199
213 0 244 4 200
183 0 312 5 201
184 0 235 2 202
220 0 227 3 203
220 0 235 2 204
220 0 252 3 205
213 0 264 15 206
213 0 275 4 207
220 0 265 1 208
220 0 276 3 209
213 0 300 4 210
199 0 324 5 211
191 0 340 15 212
161 0 96 4 213
184 0 139 3 214
171 0 133 1 215
184 0 154 2 216
184 0 168 3 217
184 0 178 1 218
185 0 187 2 219
184 0 198 3 220
184 0 209 1 221
221 0 186 2 222
213 0 286 4 223
213 0 226 2 224
212 0 326 1 225
220 0 286 5 226
124 0 19 15 227
155 0 19 14 228
216 0 20 5 229
186 0 20 14 230
231 0 50 5 231
219 0 53 3 232
203 0 53 15 233
211 0 66 15 234
192 0 71 4 235
202 0 79 15 236
225 0 66 2 237
196 0 89 5 238
240 0 68 5 239
181 0 89 2 240
185 0 105 3 241
202 0 133 15 242
185 0 116 5 243
171 0 108 1 244
185 0 132 5 245
200 0 163 14 246
214 0 163 2 247
238 0 136 14 248
224 0 164 3 249
215 0 184 1 250
214 0 195 2 251
237 0 166 14 252
220 0 196 3 253
220 0 207 2 254
265 0 136 5 255
235 0 81 14 256
215 0 135 2 257
249 0 83 1 258
226 0 136 4 259
258 0 94 1 260
254 0 121 15 261
253 0 133 2 262
214 0 205 1 263
214 0 216 4 264
253 0 157 4 265
370 0 19 15 266
253 0 170 4 267
219 0 34 2 268
266 0 171 15 269
222 0 342 5 270
245 0 95 14 271
222 0 298 2 272
224 0 324 2 273
340 0 19 1 274
248 0 21 1 275
282 0 170 3 276
254 0 268 1 277
237 0 325 5 278
256 0 108 3 279
304 0 173 4 280
267 0 279 5 281
254 0 254 2 282
254 0 209 15 283
434 0 19 5 284
310 0 20 2 285
255 0 323 1 286
255 0 276 3 287
267 0 254 5 288
267 0 267 3 289
255 0 302 5 290
255 0 312 5 291
255 0 236 1 292
293 0 169 5 293
267 0 237 3 294
305 0 302 1 295
265 0 103 15 296
278 0 98 14 297
255 0 139 3 298
273 0 122 4 299
267 0 140 5 300
255 0 177 1 301
256 0 186 2 302
255 0 197 3 303
304 0 114 15 304
255 0 219 5 305
305 0 181 4 306
267 0 288 4 307
465 0 18 5 308
404 0 19 14 309
280 0 20 3 310
255 0 287 5 311
255 0 340 5 312
268 0 312 15 313
328 0 143 5 314
268 0 301 15 315
268 0 323 3 316
289 0 86 4 317
278 0 113 2 318
287 0 106 2 319
268 0 153 4 320
282 0 136 1 321
268 0 177 3 322
269 0 186 4 323
268 0 197 5 324
268 0 208 3 325
268 0 219 15 326
306 0 276 14 327
306 0 142 1 328
318 0 211 14 329
306 0 287 1 330
318 0 200 3 331
306 0 220 14 332
318 0 276 1 333
306 0 199 14 334
307 0 188 1 335
319 0 265 14 336
306 0 265 4 337
333 0 122 2 338
287 0 342 4 339
319 0 287 3 340
298 0 98 3 341
307 0 252 14 342
287 0 326 1 343
307 0 311 14 344
297 0 114 14 345
307 0 322 4 346
307 0 207 5 347
308 0 234 5 348
320 0 312 4 349
295 0 133 4 350
316 0 98 15 351
308 0 129 1 352
313 0 120 14 353
327 0 107 3 354
320 0 130 4 355
320 0 140 2 356
320 0 154 1 357
320 0 167 2 358
330 0 166 4 359
326 0 86 5 360
308 0 151 4 361
321 0 322 15 362
321 0 218 4 363
337 0 100 4 364
344 0 289 5 365
321 0 250 2 366
344 0 325 5 367
321 0 299 1 368
321 0 340 4 369
346 0 113 2 370
321 0 174 1 371
322 0 183 15 372
344 0 155 5 373
344 0 169 1 374
344 0 179 4 375
321 0 232 1 376
333 0 325 3 377
344 0 238 4 378
357 0 286 4 379
345 0 131 2 380
345 0 140 15 381
357 0 130 4 382
357 0 152 15 383
346 0 187 14 384
345 0 198 15 385
345 0 209 5 386
357 0 275 4 387
345 0 219 2 388
357 0 264 15 389
357 0 251 2 390
345 0 265 5 391
345 0 276 15 392
345 0 312 2 393
345 0 300 2 394
358 0 137 2 395
345 0 252 15 396
353 0 342 3 397
358 0 309 2 398
358 0 298 1 399
358 0 320 15 400
365 0 134 4 401
358 0 164 2 402
358 0 174 1 403
359 0 183 15 404
358 0 194 2 405
358 0 205 1 406
358 0 215 1 407
358 0 231 4 408
376 0 293 4 409
372 0 173 4 410
375 0 204 5 411
368 0 163 4 412
377 0 313 1 413
386 0 342 3 414
376 0 326 5 415
376 0 226 14 416
386 0 258 3 417
387 0 303 3 418
387 0 291 15 419
387 0 271 15 420
382 0 167 15 421
387 0 196 1 422
376 0 273 1 423
387 0 313 3 424
388 0 249 1 425
388 0 217 3 426
394 0 326 1 427
377 0 251 14 428
388 0 207 15 429
388 0 240 15 430
377 0 189 1 431
410 0 325 5 432
380 0 142 2 433
388 0 229 3 434
388 0 284 3 435
393 0 141 4 436
387 0 177 14 437
402 0 176 3 438
417 0 173 14 439
408 0 171 15 440
389 0 191 3 441
420 0 139 1 442
419 0 340 2 443
441 0 327 4 444
406 0 142 15 445
394 0 172 4 446
424 0 326 15 447
428 0 176 1 448
423 0 170 3 449
436 0 171 14 450
434 0 141 5 451
443 0 177 3 452
448 0 140 14 453
461 0 178 15 454
462 0 154 1 455
449 0 168 14 456
463 0 169 4 457
463 0 139 2 458
463 0 193 2 459
451 0 342 2 460
463 0 221 2 461
463 0 251 2 462
463 0 263 1 463
464 0 240 1 464
464 0 278 2 465
464 0 296 1 466
464 0 314 4 467
464 0 327 1 468
483 0 65 4 469
464 0 203 4 470
484 0 88 1 471
484 0 120 5 472
484 0 152 4 473
484 0 182 4 474
484 0 214 5 475
484 0 246 1 476
484 0 277 14 477
484 0 309 14 478
484 0 341 1 479
