480
-43 0 179 3 0
-43 0 202 15 1
-43 0 226 5 2
-43 0 252 5 3
-43 0 277 5 4
-43 0 302 15 5
-43 0 326 4 6
-39 0 347 5 7
-32 0 335 15 8
-25 0 259 3 9
-14 0 352 3 10
-25 0 326 15 11
-24 0 231 4 12
-22 0 308 2 13
-21 0 286 4 14
-19 0 263 2 15
-10 0 325 3 16
-18 0 203 5 17
11 0 352 1 18
-17 0 180 1 19
-17 0 220 3 20
-29 0 158 3 21
-17 0 248 3 22
-29 0 182 14 23
-16 0 244 5 24
-27 0 133 1 25
-8 0 222 5 26
-12 0 222 4 27
0 0 230 1 28
-9 0 211 3 29
46 0 232 1 30
7 0 330 3 31
34 0 315 1 32
20 0 335 3 33
34 0 329 1 34
7 0 196 1 35
4 0 187 14 36
-3 0 139 14 37
33 0 344 5 38
35 0 268 5 39
12 0 216 4 40
17 0 133 3 41
16 0 199 3 42
22 0 223 4 43
44 0 219 3 44
47 0 251 2 45
39 0 281 15 46
39 0 242 14 47
47 0 227 2 48
41 0 282 1 49
55 0 187 2 50
41 0 299 15 51
50 0 344 1 52
30 0 200 15 53
44 0 289 15 54
44 0 311 1 55
36 0 148 14 56
54 0 273 5 57
49 0 83 2 58
68 0 87 1 59
46 0 173 1 60
48 0 180 15 61
65 0 158 15 62
49 0 197 2 63
49 0 207 1 64
58 0 196 4 65
49 0 227 2 66
49 0 249 2 67
53 0 352 2 68
59 0 148 3 69
70 0 236 4 70
70 0 339 14 71
71 0 222 15 72
79 0 137 1 73
73 0 156 14 74
73 0 170 2 75
71 0 191 2 76
73 0 199 15 77
73 0 209 5 78
68 0 230 1 79
69 0 284 1 80
71 0 300 2 81
73 0 312 2 82
77 0 256 3 83
75 0 344 14 84
77 0 294 14 85
77 0 312 3 86
86 0 148 2 87
77 0 173 15 88
78 0 183 14 89
86 0 182 1 90
86 0 193 3 91
86 0 203 5 92
78 0 231 3 93
78 0 241 15 94
80 0 305 1 95
80 0 288 15 96
91 0 153 3 97
91 0 240 3 98
91 0 250 4 99
91 0 271 3 100
91 0 284 14 101
83 0 282 2 102
91 0 301 14 103
83 0 292 15 104
91 0 321 2 105
91 0 329 14 106
105 0 319 5 107
91 0 343 14 108
99 0 337 5 109
91 0 225 4 110
91 0 287 14 111
105 0 338 14 112
92 0 239 2 113
93 0 309 4 114
96 0 119 4 115
94 0 161 4 116
109 0 247 2 117
110 0 265 5 118
111 0 290 15 119
112 0 211 14 120
112 0 267 14 121
111 0 343 3 122
104 0 124 4 123
103 0 118 5 124
109 0 115 2 125
106 0 148 14 126
101 0 145 5 127
109 0 140 15 128
106 0 179 5 129
113 0 168 1 130
113 0 179 14 131
113 0 191 3 132
119 0 275 4 133
114 0 213 15 134
113 0 292 14 135
117 0 111 2 136
119 0 259 4 137
122 0 352 2 138
126 0 223 4 139
122 0 130 5 140
132 0 229 15 141
132 0 246 15 142
132 0 342 15 143
136 0 127 5 144
133 0 123 3 145
133 0 142 15 146
133 0 152 3 147
130 0 143 14 148
133 0 169 15 149
133 0 181 3 150
133 0 192 5 151
133 0 202 15 152
133 0 213 4 153
134 0 298 4 154
146 0 325 15 155
137 0 314 1 156
137 0 284 1 157
138 0 295 4 158
161 0 230 14 159
150 0 106 1 160
150 0 121 14 161
148 0 143 3 162
155 0 136 2 163
144 0 129 2 164
155 0 156 1 165
145 0 150 5 166
148 0 183 14 167
155 0 189 4 168
162 0 181 2 169
162 0 207 3 170
139 0 336 14 171
162 0 256 14 172
155 0 325 1 173
163 0 192 4 174
163 0 239 2 175
164 0 240 3 176
164 0 287 14 177
172 0 289 5 178
166 0 252 5 179
174 0 253 14 180
174 0 274 1 181
166 0 298 4 182
166 0 308 5 183
192 0 270 2 184
166 0 320 3 185
166 0 329 15 186
160 0 340 5 187
165 0 127 3 188
168 0 283 5 189
198 0 258 14 190
169 0 257 15 191
177 0 342 2 192
170 0 239 3 193
196 0 279 4 194
179 0 294 5 195
180 0 283 15 196
203 0 273 15 197
173 0 132 1 198
182 0 303 3 199
200 0 265 2 200
183 0 313 3 201
185 0 238 14 202
208 0 249 14 203
208 0 256 1 204
208 0 270 5 205
203 0 280 5 206
203 0 289 4 207
208 0 286 1 208
208 0 295 4 209
203 0 313 15 210
195 0 330 5 211
190 0 344 1 212
172 0 112 14 213
186 0 142 4 214
178 0 143 2 215
186 0 160 4 216
186 0 171 4 217
186 0 181 15 218
187 0 193 2 219
186 0 204 1 220
186 0 215 1 221
209 0 205 5 222
205 0 296 4 223
206 0 240 5 224
205 0 342 15 225
213 0 295 5 226
154 0 11 15 227
173 0 15 5 228
211 0 18 2 229
192 0 22 3 230
220 0 44 15 231
212 0 50 15 232
203 0 53 5 233
207 0 64 5 234
196 0 71 3 235
202 0 80 5 236
217 0 75 3 237
198 0 92 3 238
225 0 83 2 239
189 0 99 1 240
191 0 113 5 241
202 0 133 5 242
191 0 126 2 243
183 0 126 15 244
191 0 144 5 245
201 0 166 5 246
209 0 170 1 247
224 0 157 3 248
216 0 177 14 249
210 0 193 14 250
209 0 203 1 251
223 0 188 3 252
214 0 210 5 253
214 0 221 15 254
240 0 180 3 255
224 0 103 3 256
213 0 139 15 257
233 0 112 3 258
220 0 149 14 259
238 0 127 3 260
236 0 148 3 261
235 0 160 14 262
212 0 209 5 263
212 0 220 15 264
235 0 187 3 265
309 0 11 2 266
237 0 198 4 267
217 0 32 3 268
247 0 206 5 269
221 0 352 15 270
236 0 111 4 271
222 0 301 3 272
224 0 327 15 273
296 0 12 15 274
240 0 24 5 275
261 0 222 2 276
244 0 291 4 277
234 0 330 5 278
248 0 119 5 279
277 0 230 15 280
254 0 305 15 281
247 0 272 1 282
248 0 222 14 283
358 0 11 5 284
283 0 23 14 285
250 0 332 15 286
250 0 286 2 287
258 0 275 3 288
258 0 287 3 289
250 0 312 2 290
250 0 321 5 291
251 0 245 2 292
274 0 213 3 293
258 0 258 3 294
281 0 328 1 295
258 0 117 15 296
266 0 117 2 297
252 0 147 14 298
263 0 140 2 299
259 0 155 15 300
252 0 181 5 301
252 0 192 15 302
252 0 203 2 303
282 0 157 1 304
252 0 225 15 305
283 0 230 1 306
260 0 302 4 307
381 0 8 4 308
344 0 12 2 309
269 0 20 5 310
254 0 291 14 311
254 0 341 2 312
263 0 317 1 313
301 0 205 2 314
264 0 306 2 315
264 0 329 4 316
278 0 106 5 317
272 0 126 3 318
277 0 127 4 319
265 0 159 5 320
274 0 152 2 321
265 0 181 1 322
266 0 192 3 323
265 0 203 5 324
265 0 214 2 325
265 0 225 3 326
288 0 296 14 327
289 0 181 5 328
296 0 249 2 329
289 0 305 15 330
297 0 240 1 331
290 0 249 1 332
298 0 297 1 333
291 0 233 15 334
292 0 223 1 335
299 0 287 4 336
292 0 283 1 337
309 0 177 2 338
281 0 352 5 339
300 0 305 3 340
288 0 114 2 341
294 0 270 15 342
283 0 330 1 343
297 0 322 15 344
292 0 123 14 345
299 0 331 4 346
300 0 221 3 347
301 0 244 5 348
309 0 334 4 349
295 0 135 2 350
308 0 116 14 351
302 0 140 3 352
306 0 138 4 353
314 0 134 5 354
310 0 153 4 355
310 0 164 5 356
310 0 177 3 357
310 0 189 15 358
316 0 192 14 359
317 0 106 14 360
306 0 158 14 361
315 0 331 1 362
316 0 227 14 363
326 0 127 15 364
333 0 312 4 365
320 0 254 15 366
333 0 342 4 367
320 0 304 15 368
320 0 341 2 369
336 0 135 3 370
321 0 175 14 371
322 0 185 14 372
335 0 173 2 373
335 0 185 2 374
335 0 196 3 375
321 0 233 14 376
330 0 329 4 377
338 0 266 1 378
346 0 302 15 379
340 0 146 3 380
340 0 154 3 381
347 0 153 4 382
347 0 171 15 383
340 0 197 4 384
340 0 208 2 385
340 0 219 14 386
348 0 292 3 387
341 0 228 14 388
349 0 281 5 389
349 0 270 4 390
342 0 271 3 391
342 0 282 4 392
343 0 316 3 393
344 0 303 14 394
352 0 149 4 395
345 0 255 5 396
350 0 352 5 397
353 0 317 5 398
355 0 301 2 399
357 0 327 14 400
361 0 148 15 401
357 0 169 2 402
357 0 179 5 403
358 0 187 14 404
357 0 198 15 405
357 0 208 5 406
357 0 219 2 407
357 0 232 14 408
369 0 313 4 409
368 0 200 4 410
371 0 226 3 411
368 0 165 2 412
373 0 325 2 413
381 0 352 4 414
376 0 333 4 415
377 0 232 3 416
386 0 259 1 417
390 0 308 15 418
391 0 298 14 419
391 0 283 15 420
389 0 196 14 421
394 0 221 15 422
387 0 297 5 423
394 0 335 15 424
395 0 271 15 425
396 0 244 3 426
400 0 335 2 427
390 0 283 15 428
396 0 240 15 429
396 0 269 15 430
390 0 234 14 431
411 0 327 3 432
394 0 203 2 433
399 0 264 14 434
399 0 311 1 435
403 0 195 2 436
400 0 229 4 437
409 0 219 5 438
419 0 200 15 439
414 0 219 14 440
402 0 244 4 441
421 0 186 5 442
421 0 343 1 443
434 0 343 3 444
413 0 203 14 445
406 0 227 3 446
424 0 329 1 447
428 0 220 15 448
425 0 224 15 449
434 0 232 15 450
433 0 197 1 451
439 0 224 2 452
443 0 194 3 453
452 0 236 3 454
454 0 214 4 455
446 0 196 4 456
455 0 220 14 457
456 0 186 5 458
456 0 237 4 459
449 0 352 3 460
463 0 237 5 461
463 0 260 14 462
463 0 272 2 463
464 0 264 5 464
464 0 293 5 465
464 0 309 15 466
464 0 325 14 467
464 0 338 15 468
475 0 183 1 469
464 0 219 2 470
483 0 149 2 471
483 0 173 3 472
483 0 196 4 473
483 0 222 4 474
483 0 247 14 475
483 0 271 3 476
483 0 296 3 477
483 0 320 2 478
483 0 344 3 479
