480
-44 0 125 15 0
-44 0 156 15 1
-44 0 187 15 2
-44 0 219 3 3
-44 0 251 1 4
-44 0 283 1 5
-44 0 315 3 6
-38 0 341 4 7
-25 0 313 14 8
-25 0 258 14 9
-6 0 341 3 10
-25 0 325 3 11
-24 0 223 5 12
-24 0 295 3 13
-24 0 278 5 14
-24 0 242 4 15
-9 0 326 15 16
-24 0 166 5 17
26 0 341 3 18
-24 0 140 5 19
-24 0 175 4 20
-43 0 64 15 21
-24 0 209 3 22
-43 0 96 14 23
-24 0 192 5 24
-43 0 32 3 25
-15 0 169 1 26
-22 0 157 15 27
-4 0 176 1 28
-18 0 141 1 29
72 0 170 5 30
8 0 326 3 31
52 0 297 5 32
28 0 327 15 33
52 0 313 1 34
7 0 167 4 35
1 0 139 3 36
-11 0 33 14 37
50 0 328 15 38
52 0 233 5 39
13 0 175 4 40
21 0 32 2 41
19 0 140 14 42
29 0 169 3 43
64 0 170 3 44
66 0 211 15 45
53 0 254 14 46
53 0 210 4 47
63 0 189 3 48
53 0 262 5 49
76 0 139 4 50
52 0 285 1 51
67 0 328 4 52
33 0 173 1 53
53 0 275 1 54
53 0 305 14 55
40 0 135 3 56
68 0 252 2 57
53 0 27 14 58
84 0 27 5 59
48 0 164 5 60
52 0 171 1 61
81 0 127 4 62
54 0 185 5 63
53 0 195 14 64
69 0 173 1 65
53 0 216 1 66
53 0 241 5 67
59 0 341 2 68
62 0 135 1 69
78 0 220 4 70
78 0 319 3 71
78 0 208 2 72
87 0 116 1 73
78 0 142 14 74
78 0 157 14 75
74 0 185 2 76
78 0 190 14 77
78 0 199 4 78
69 0 227 2 79
69 0 272 4 80
71 0 295 1 81
73 0 311 3 82
78 0 252 4 83
76 0 328 14 84
78 0 288 3 85
78 0 308 4 86
92 0 134 15 87
77 0 170 14 88
78 0 180 2 89
92 0 170 2 90
92 0 180 5 91
93 0 190 2 92
78 0 229 14 93
78 0 240 3 94
79 0 298 3 95
79 0 279 4 96
92 0 142 2 97
92 0 213 14 98
92 0 224 15 99
92 0 256 2 100
92 0 269 14 101
79 0 263 3 102
92 0 290 14 103
79 0 271 3 104
92 0 315 2 105
92 0 325 14 106
116 0 303 15 107
93 0 340 2 108
106 0 326 2 109
92 0 202 2 110
92 0 279 15 111
116 0 318 4 112
92 0 237 5 113
93 0 304 15 114
96 0 107 1 115
93 0 156 14 116
117 0 213 4 117
118 0 231 15 118
117 0 276 5 119
118 0 180 3 120
118 0 246 15 121
117 0 327 4 122
104 0 115 4 123
102 0 99 1 124
112 0 86 14 125
107 0 135 3 126
99 0 124 14 127
112 0 108 4 128
107 0 165 3 129
119 0 138 5 130
119 0 149 3 131
119 0 162 5 132
128 0 254 15 133
119 0 194 5 134
117 0 286 15 135
119 0 94 3 136
119 0 258 15 137
125 0 341 1 138
129 0 210 5 139
121 0 126 5 140
130 0 220 15 141
130 0 236 5 142
130 0 325 14 143
136 0 121 15 144
130 0 107 15 145
130 0 131 2 146
130 0 140 15 147
125 0 120 5 148
130 0 155 14 149
130 0 169 2 150
130 0 179 5 151
131 0 188 3 152
130 0 199 15 153
130 0 288 14 154
146 0 324 3 155
130 0 302 2 156
130 0 267 5 157
130 0 278 15 158
169 0 184 15 159
150 0 85 14 160
150 0 105 4 161
147 0 133 4 162
158 0 115 1 163
140 0 97 1 164
158 0 135 14 165
141 0 116 5 166
146 0 164 4 167
157 0 166 14 168
169 0 145 15 169
169 0 173 15 170
131 0 315 3 171
169 0 215 15 172
156 0 324 5 173
169 0 159 3 174
170 0 193 1 175
169 0 203 3 176
169 0 269 15 177
182 0 268 3 178
169 0 224 1 179
183 0 223 4 180
183 0 254 4 181
169 0 290 15 182
169 0 304 1 183
212 0 236 1 184
169 0 315 3 185
169 0 325 15 186
158 0 340 1 187
165 0 121 5 188
169 0 279 1 189
220 0 220 4 190
169 0 254 1 191
183 0 325 3 192
170 0 237 14 193
212 0 252 3 194
183 0 288 3 195
183 0 277 4 196
220 0 244 14 197
171 0 128 1 198
183 0 301 14 199
213 0 244 5 200
183 0 312 14 201
184 0 235 3 202
220 0 227 4 203
220 0 235 3 204
220 0 251 4 205
213 0 264 1 206
213 0 275 5 207
220 0 265 2 208
220 0 275 14 209
213 0 300 5 210
199 0 324 14 211
191 0 340 1 212
161 0 96 5 213
184 0 139 4 214
170 0 133 1 215
184 0 154 3 216
184 0 167 4 217
184 0 178 2 218
185 0 187 3 219
184 0 198 4 220
184 0 209 2 221
221 0 185 3 222
214 0 285 5 223
214 0 226 3 224
212 0 325 2 225
220 0 285 14 226
123 0 19 1 227
154 0 19 15 228
217 0 20 14 229
185 0 20 14 230
231 0 50 14 231
219 0 54 4 232
203 0 53 1 233
211 0 66 1 234
192 0 71 5 235
202 0 79 1 236
225 0 66 3 237
196 0 88 2 238
241 0 68 14 239
181 0 88 14 240
184 0 105 4 241
202 0 133 1 242
184 0 115 14 243
171 0 107 2 244
184 0 131 14 245
200 0 163 15 246
214 0 163 3 247
239 0 136 15 248
224 0 164 4 249
215 0 184 2 250
214 0 195 3 251
238 0 166 15 252
221 0 196 4 253
221 0 207 3 254
265 0 134 14 255
235 0 81 15 256
215 0 135 3 257
250 0 82 3 258
227 0 136 5 259
258 0 93 2 260
254 0 120 2 261
253 0 132 5 262
214 0 205 2 263
214 0 216 5 264
253 0 156 2 265
372 0 19 1 266
254 0 170 5 267
219 0 34 3 268
266 0 170 1 269
222 0 341 14 270
245 0 94 15 271
222 0 298 3 272
224 0 323 2 273
342 0 19 2 274
248 0 20 4 275
283 0 168 2 276
254 0 267 1 277
237 0 325 14 278
256 0 107 4 279
305 0 171 2 280
267 0 278 14 281
255 0 253 4 282
255 0 209 2 283
436 0 19 15 284
311 0 20 3 285
255 0 323 2 286
255 0 276 4 287
267 0 254 14 288
267 0 266 4 289
255 0 301 14 290
255 0 312 14 291
255 0 235 3 292
293 0 168 4 293
267 0 237 4 294
306 0 301 2 295
266 0 103 1 296
278 0 97 15 297
255 0 139 4 298
273 0 121 5 299
268 0 140 14 300
255 0 177 2 301
256 0 186 3 302
255 0 197 4 303
305 0 112 15 304
255 0 219 14 305
306 0 180 5 306
268 0 288 5 307
468 0 19 14 308
405 0 19 1 309
280 0 20 4 310
255 0 287 14 311
255 0 340 14 312
268 0 312 1 313
329 0 141 14 314
268 0 301 1 315
268 0 323 4 316
289 0 85 5 317
279 0 113 3 318
287 0 106 3 319
268 0 153 5 320
282 0 135 2 321
268 0 177 4 322
269 0 186 5 323
268 0 197 14 324
268 0 208 4 325
268 0 219 1 326
306 0 275 2 327
306 0 141 2 328
319 0 210 15 329
306 0 286 2 330
319 0 199 2 331
307 0 220 15 332
319 0 276 2 333
307 0 198 15 334
308 0 187 14 335
319 0 265 15 336
307 0 264 5 337
334 0 121 3 338
287 0 341 5 339
319 0 286 4 340
298 0 98 4 341
307 0 251 15 342
287 0 326 2 343
307 0 310 15 344
297 0 114 15 345
307 0 321 5 346
308 0 207 14 347
308 0 233 14 348
320 0 312 5 349
295 0 133 5 350
316 0 97 1 351
308 0 128 14 352
314 0 119 15 353
327 0 106 4 354
320 0 130 5 355
320 0 139 3 356
320 0 153 2 357
320 0 167 3 358
331 0 165 5 359
326 0 85 14 360
308 0 151 5 361
321 0 321 1 362
321 0 217 5 363
337 0 99 5 364
344 0 289 14 365
321 0 250 3 366
344 0 324 14 367
321 0 299 2 368
321 0 340 5 369
346 0 113 3 370
321 0 174 2 371
322 0 183 1 372
344 0 154 14 373
344 0 168 15 374
344 0 178 5 375
321 0 232 2 376
333 0 325 4 377
345 0 237 14 378
357 0 285 5 379
345 0 131 3 380
345 0 140 1 381
357 0 129 5 382
357 0 151 1 383
346 0 186 15 384
345 0 197 1 385
345 0 208 14 386
357 0 274 5 387
345 0 219 3 388
357 0 263 2 389
357 0 250 3 390
345 0 265 14 391
345 0 276 1 392
345 0 312 3 393
345 0 300 3 394
358 0 137 3 395
345 0 251 1 396
353 0 341 4 397
358 0 309 3 398
358 0 297 2 399
358 0 320 1 400
365 0 134 5 401
358 0 164 3 402
358 0 174 2 403
359 0 183 1 404
358 0 194 3 405
358 0 204 2 406
358 0 215 2 407
358 0 231 5 408
376 0 292 5 409
372 0 172 1 410
375 0 204 14 411
368 0 163 5 412
377 0 313 2 413
386 0 341 4 414
376 0 326 14 415
376 0 226 15 416
386 0 258 4 417
387 0 303 4 418
387 0 291 1 419
387 0 271 1 420
381 0 166 1 421
387 0 195 2 422
376 0 272 2 423
387 0 313 4 424
387 0 249 2 425
387 0 216 4 426
394 0 326 2 427
377 0 250 15 428
388 0 206 1 429
388 0 239 15 430
376 0 188 2 431
410 0 325 14 432
379 0 140 15 433
388 0 227 2 434
388 0 283 2 435
393 0 139 3 436
387 0 175 1 437
401 0 174 4 438
417 0 172 3 439
408 0 169 1 440
388 0 190 4 441
420 0 138 2 442
419 0 340 3 443
442 0 327 5 444
405 0 140 14 445
394 0 170 5 446
424 0 325 1 447
428 0 175 2 448
423 0 169 4 449
436 0 170 15 450
434 0 139 4 451
443 0 176 5 452
448 0 138 15 453
461 0 176 2 454
462 0 152 1 455
449 0 167 15 456
463 0 167 3 457
463 0 138 3 458
463 0 191 5 459
452 0 341 3 460
463 0 221 3 461
463 0 251 3 462
463 0 263 2 463
464 0 239 1 464
464 0 278 3 465
464 0 296 2 466
464 0 313 5 467
464 0 326 2 468
484 0 61 14 469
464 0 203 5 470
484 0 87 2 471
484 0 118 14 472
484 0 150 5 473
484 0 181 5 474
484 0 213 14 475
484 0 245 2 476
484 0 277 15 477
484 0 309 15 478
484 0 340 2 479
