480
-44 0 141 3 0
-44 0 170 3 1
-44 0 199 1 2
-44 0 229 3 3
-44 0 259 3 4
-44 0 288 15 5
-44 0 318 15 6
-39 0 342 4 7
-27 0 319 3 8
-25 0 258 14 9
-9 0 344 15 10
-25 0 325 3 11
-24 0 225 5 12
-23 0 299 4 13
-23 0 280 5 14
-23 0 249 5 15
-9 0 326 15 16
-22 0 178 3 17
21 0 344 14 18
-22 0 152 3 19
-22 0 188 15 20
-39 0 92 1 21
-22 0 220 5 22
-39 0 121 15 23
-21 0 208 3 24
-38 0 62 1 25
-13 0 184 14 26
-19 0 176 5 27
-3 0 191 4 28
-16 0 162 14 29
65 0 188 3 30
8 0 327 3 31
47 0 302 15 32
26 0 329 3 33
47 0 318 4 34
7 0 176 3 35
2 0 153 2 36
-9 0 64 15 37
45 0 333 4 38
47 0 244 4 39
13 0 186 4 40
19 0 62 5 41
18 0 158 1 42
27 0 184 15 43
58 0 184 14 44
60 0 223 15 45
49 0 262 4 46
49 0 219 15 47
58 0 200 2 48
50 0 268 4 49
70 0 153 1 50
49 0 289 4 51
62 0 333 1 52
32 0 181 15 53
51 0 279 14 54
51 0 307 14 55
39 0 139 3 56
64 0 258 3 57
52 0 43 5 58
79 0 45 14 59
47 0 167 5 60
51 0 174 5 61
76 0 136 4 62
53 0 189 1 63
52 0 199 14 64
66 0 180 15 65
52 0 219 1 66
52 0 243 5 67
57 0 344 14 68
61 0 139 1 69
75 0 225 3 70
75 0 325 2 71
76 0 212 3 72
85 0 122 3 73
77 0 146 3 74
77 0 161 4 75
73 0 187 2 76
77 0 193 4 77
77 0 202 14 78
69 0 228 4 79
69 0 276 2 80
71 0 296 2 81
73 0 311 3 82
78 0 253 4 83
76 0 333 4 84
78 0 290 3 85
78 0 309 4 86
90 0 138 14 87
77 0 171 14 88
78 0 180 2 89
90 0 174 5 90
90 0 183 4 91
91 0 194 15 92
78 0 230 14 93
78 0 240 3 94
79 0 300 14 95
79 0 282 4 96
92 0 145 14 97
92 0 221 15 98
92 0 232 14 99
92 0 260 14 100
92 0 273 2 101
80 0 269 3 102
92 0 293 5 103
80 0 277 4 104
92 0 316 14 105
92 0 327 14 106
113 0 308 4 107
92 0 341 2 108
104 0 329 4 109
92 0 209 5 110
92 0 281 15 111
113 0 324 3 112
92 0 238 5 113
93 0 305 15 114
96 0 111 1 115
93 0 157 2 116
115 0 223 4 117
115 0 241 3 118
115 0 280 4 119
116 0 188 15 120
116 0 252 5 121
115 0 332 4 122
104 0 118 1 123
102 0 105 2 124
111 0 95 2 125
107 0 138 3 126
99 0 131 3 127
111 0 117 3 128
107 0 169 5 129
117 0 146 4 130
117 0 157 15 131
117 0 171 15 132
125 0 261 14 133
118 0 200 15 134
116 0 287 15 135
119 0 99 4 136
119 0 258 15 137
124 0 344 5 138
128 0 213 14 139
121 0 127 5 140
131 0 223 1 141
131 0 239 14 142
131 0 330 3 143
136 0 123 15 144
131 0 111 1 145
131 0 134 1 146
131 0 144 3 147
126 0 126 14 148
131 0 159 3 149
131 0 173 15 150
131 0 182 14 151
132 0 192 1 152
131 0 203 3 153
131 0 291 15 154
146 0 324 3 155
132 0 306 1 156
132 0 272 3 157
133 0 283 1 158
166 0 197 1 159
150 0 92 3 160
150 0 110 4 161
147 0 136 4 162
157 0 121 4 163
141 0 106 3 164
157 0 141 1 165
142 0 126 2 166
146 0 170 14 167
156 0 173 5 168
167 0 156 15 169
167 0 183 14 170
133 0 321 14 171
167 0 227 1 172
156 0 324 5 173
167 0 169 3 174
168 0 207 15 175
167 0 214 15 176
168 0 274 3 177
179 0 274 5 178
168 0 232 15 179
180 0 231 5 180
180 0 260 2 181
168 0 292 14 182
168 0 305 1 183
206 0 246 4 184
168 0 316 15 185
168 0 326 15 186
159 0 340 1 187
165 0 123 5 188
169 0 280 1 189
214 0 231 5 190
169 0 255 1 191
181 0 330 14 192
170 0 238 14 193
208 0 260 1 194
182 0 290 3 195
182 0 279 4 196
215 0 253 3 197
172 0 129 4 198
183 0 302 14 199
209 0 250 2 200
183 0 312 14 201
184 0 236 2 202
217 0 233 3 203
217 0 241 3 204
217 0 257 14 205
210 0 269 1 206
210 0 279 2 207
217 0 271 3 208
217 0 281 4 209
210 0 303 4 210
198 0 326 14 211
190 0 341 15 212
164 0 101 2 213
185 0 140 4 214
173 0 136 2 215
185 0 155 3 216
185 0 169 14 217
185 0 179 2 218
185 0 188 14 219
185 0 200 14 220
185 0 211 2 221
218 0 191 14 222
211 0 288 2 223
211 0 230 5 224
210 0 330 4 225
219 0 288 3 226
132 0 17 3 227
160 0 18 1 228
215 0 19 5 229
187 0 21 5 230
228 0 48 15 231
217 0 53 4 232
203 0 53 1 233
210 0 65 15 234
193 0 71 5 235
202 0 79 1 236
223 0 69 3 237
197 0 89 14 238
236 0 72 14 239
183 0 91 3 240
186 0 107 5 241
202 0 133 1 242
186 0 118 4 243
175 0 113 4 244
186 0 135 5 245
200 0 164 15 246
213 0 165 3 247
234 0 142 1 248
222 0 168 4 249
213 0 187 2 250
213 0 197 3 251
233 0 172 1 252
219 0 200 14 253
219 0 211 2 254
258 0 148 3 255
232 0 87 1 256
214 0 136 3 257
245 0 91 1 258
224 0 139 4 259
252 0 103 5 260
249 0 128 1 261
248 0 141 4 262
214 0 206 2 263
214 0 217 5 264
248 0 165 2 265
354 0 17 4 266
249 0 178 15 267
219 0 33 3 268
261 0 180 3 269
222 0 344 3 270
243 0 99 15 271
222 0 299 3 272
224 0 324 3 273
328 0 17 14 274
246 0 22 2 275
277 0 183 14 276
251 0 274 5 277
236 0 326 14 278
254 0 111 3 279
297 0 188 15 280
263 0 286 15 281
252 0 259 5 282
253 0 213 2 283
413 0 17 2 284
303 0 21 14 285
253 0 326 2 286
254 0 279 3 287
265 0 260 5 288
265 0 273 1 289
254 0 304 3 290
254 0 315 5 291
254 0 238 1 292
287 0 180 1 293
265 0 243 5 294
298 0 309 5 295
263 0 107 5 296
274 0 103 2 297
254 0 141 5 298
270 0 127 14 299
265 0 144 1 300
254 0 178 1 301
255 0 188 14 302
254 0 199 3 303
298 0 126 4 304
254 0 221 3 305
299 0 194 5 306
265 0 292 4 307
442 0 16 5 308
387 0 17 4 309
277 0 20 3 310
255 0 288 3 311
255 0 340 14 312
267 0 313 1 313
321 0 160 5 314
267 0 302 1 315
267 0 324 5 316
286 0 92 2 317
277 0 117 15 318
284 0 112 2 319
267 0 155 5 320
280 0 140 2 321
267 0 178 4 322
268 0 188 1 323
267 0 199 14 324
267 0 210 4 325
267 0 221 14 326
301 0 282 14 327
301 0 153 5 328
312 0 221 1 329
301 0 292 4 330
313 0 211 14 331
302 0 228 1 332
313 0 282 1 333
302 0 208 4 334
303 0 198 14 335
313 0 271 15 336
302 0 270 5 337
326 0 137 4 338
285 0 344 2 339
314 0 292 14 340
295 0 102 15 341
303 0 257 1 342
286 0 327 2 343
304 0 314 1 344
295 0 117 4 345
305 0 324 14 346
305 0 211 5 347
306 0 236 5 348
317 0 318 1 349
295 0 134 5 350
314 0 103 3 351
306 0 132 2 352
311 0 125 15 353
323 0 115 5 354
317 0 137 2 355
317 0 146 1 356
317 0 160 4 357
317 0 173 1 358
326 0 174 3 359
324 0 92 2 360
307 0 153 14 361
319 0 324 1 362
320 0 220 3 363
334 0 107 5 364
341 0 295 5 365
321 0 251 3 366
341 0 329 2 367
321 0 300 5 368
321 0 340 5 369
343 0 119 14 370
321 0 174 2 371
322 0 184 2 372
342 0 160 2 373
342 0 173 14 374
342 0 183 5 375
321 0 232 2 376
332 0 326 4 377
343 0 246 2 378
354 0 290 1 379
343 0 135 15 380
343 0 144 2 381
354 0 136 2 382
354 0 157 4 383
344 0 189 2 384
343 0 200 2 385
343 0 211 5 386
355 0 279 3 387
344 0 222 15 388
355 0 268 2 389
355 0 256 5 390
344 0 267 5 391
344 0 277 15 392
344 0 313 2 393
345 0 301 3 394
356 0 140 3 395
345 0 252 1 396
352 0 344 1 397
357 0 311 3 398
357 0 298 2 399
358 0 322 1 400
364 0 138 4 401
358 0 165 3 402
358 0 175 2 403
359 0 184 2 404
358 0 195 3 405
358 0 206 2 406
358 0 216 5 407
358 0 231 5 408
374 0 298 5 409
371 0 180 4 410
374 0 210 4 411
368 0 164 5 412
376 0 316 14 413
384 0 344 15 414
376 0 328 2 415
376 0 228 2 416
386 0 258 4 417
388 0 304 2 418
388 0 293 15 419
388 0 274 4 420
384 0 175 15 421
389 0 203 4 422
379 0 279 15 423
389 0 319 1 424
390 0 255 3 425
390 0 225 3 426
396 0 329 14 427
381 0 260 15 428
390 0 216 5 429
390 0 247 5 430
380 0 201 3 431
410 0 326 14 432
384 0 158 3 433
391 0 238 1 434
391 0 292 1 435
396 0 156 3 436
391 0 190 5 437
404 0 187 4 438
417 0 180 14 439
410 0 183 5 440
392 0 205 2 441
420 0 152 15 442
420 0 341 4 443
439 0 332 5 444
408 0 159 1 445
397 0 186 3 446
424 0 327 1 447
428 0 187 2 448
423 0 184 1 449
435 0 187 4 450
434 0 156 3 451
442 0 189 1 452
446 0 155 14 453
459 0 193 2 454
460 0 171 5 455
448 0 176 14 456
461 0 182 1 457
461 0 152 1 458
461 0 205 2 459
451 0 344 15 460
463 0 226 3 461
463 0 254 3 462
463 0 266 1 463
464 0 246 5 464
464 0 282 3 465
464 0 300 5 466
464 0 317 2 467
464 0 330 5 468
481 0 97 14 469
464 0 208 1 470
484 0 105 15 471
484 0 134 15 472
484 0 164 15 473
484 0 193 15 474
484 0 223 15 475
484 0 253 15 476
484 0 283 15 477
484 0 312 2 478
484 0 342 2 479
