480
-44 0 136 2 0
-44 0 167 2 1
-44 0 196 2 2
-44 0 227 2 3
-44 0 257 4 4
-44 0 287 4 5
-44 0 317 1 6
-39 0 342 5 7
-27 0 317 4 8
-25 0 258 15 9
-8 0 344 1 10
-25 0 325 4 11
-24 0 225 14 12
-24 0 298 5 13
-24 0 280 14 14
-23 0 247 1 15
-9 0 326 1 16
-23 0 175 5 17
23 0 344 15 18
-22 0 149 4 19
-22 0 184 5 20
-40 0 84 2 21
-22 0 217 1 22
-40 0 115 4 23
-22 0 204 5 24
-39 0 54 3 25
-13 0 180 14 26
-20 0 171 1 27
-3 0 187 2 28
-16 0 157 2 29
67 0 183 1 30
8 0 327 4 31
48 0 301 1 32
26 0 329 4 33
48 0 317 5 34
7 0 173 4 35
1 0 149 2 36
-9 0 56 2 37
46 0 331 1 38
49 0 241 5 39
13 0 183 4 40
20 0 54 15 41
18 0 153 14 42
27 0 180 15 43
60 0 180 14 44
62 0 219 4 45
50 0 260 5 46
50 0 217 1 47
59 0 197 1 48
50 0 267 4 49
72 0 149 2 50
50 0 288 5 51
64 0 331 4 52
33 0 179 1 53
51 0 278 15 54
51 0 306 15 55
39 0 138 4 56
65 0 256 4 57
52 0 39 5 58
81 0 40 4 59
48 0 166 14 60
51 0 173 14 61
77 0 134 5 62
53 0 188 2 63
52 0 198 15 64
67 0 178 1 65
52 0 219 2 66
52 0 243 14 67
58 0 344 15 68
62 0 138 2 69
76 0 223 5 70
76 0 324 4 71
76 0 211 3 72
86 0 120 14 73
77 0 145 4 74
77 0 160 15 75
73 0 186 3 76
77 0 192 5 77
77 0 201 15 78
69 0 228 5 79
69 0 275 5 80
71 0 296 3 81
73 0 311 4 82
78 0 253 5 83
76 0 331 15 84
78 0 289 4 85
78 0 309 5 86
91 0 137 1 87
77 0 171 15 88
78 0 180 3 89
91 0 173 15 90
91 0 182 14 91
91 0 193 1 92
78 0 230 15 93
78 0 240 4 94
79 0 299 4 95
79 0 281 5 96
92 0 145 15 97
92 0 219 3 98
92 0 230 3 99
92 0 259 3 100
92 0 272 3 101
80 0 267 3 102
92 0 293 14 103
80 0 276 5 104
92 0 316 15 105
92 0 326 15 106
114 0 306 5 107
92 0 341 3 108
104 0 329 5 109
92 0 207 15 110
92 0 281 1 111
114 0 323 3 112
92 0 238 14 113
93 0 305 1 114
96 0 110 2 115
93 0 157 3 116
116 0 221 14 117
116 0 238 4 118
116 0 279 14 119
117 0 186 5 120
117 0 250 14 121
116 0 331 1 122
104 0 117 2 123
102 0 103 5 124
111 0 93 3 125
107 0 137 4 126
99 0 129 4 127
111 0 115 15 128
107 0 168 4 129
118 0 144 1 130
118 0 155 5 131
118 0 169 1 132
126 0 259 3 133
118 0 198 14 134
116 0 287 1 135
119 0 98 5 136
119 0 258 1 137
125 0 344 14 138
128 0 212 15 139
121 0 127 14 140
130 0 222 1 141
130 0 238 14 142
130 0 329 3 143
136 0 122 1 144
130 0 110 1 145
130 0 134 1 146
130 0 143 3 147
126 0 125 15 148
130 0 158 3 149
130 0 172 3 150
130 0 181 14 151
131 0 191 4 152
130 0 202 3 153
131 0 290 1 154
146 0 324 4 155
132 0 305 2 156
132 0 271 1 157
132 0 282 2 158
167 0 194 2 159
150 0 90 4 160
150 0 109 5 161
147 0 135 5 162
158 0 119 14 163
141 0 104 14 164
158 0 139 15 165
142 0 124 2 166
146 0 169 15 167
157 0 171 2 168
167 0 153 1 169
167 0 180 15 170
132 0 319 1 171
167 0 224 2 172
156 0 324 14 173
168 0 166 2 174
168 0 203 4 175
168 0 211 15 176
168 0 273 4 177
180 0 272 14 178
168 0 230 4 179
181 0 229 15 180
181 0 259 15 181
169 0 292 15 182
169 0 305 2 183
208 0 243 2 184
169 0 316 1 185
169 0 326 1 186
159 0 340 2 187
165 0 122 14 188
169 0 279 2 189
215 0 229 14 190
169 0 255 2 191
182 0 329 15 192
170 0 238 15 193
209 0 258 5 194
182 0 289 4 195
183 0 278 5 196
217 0 251 5 197
171 0 129 5 198
183 0 302 15 199
210 0 248 3 200
183 0 312 15 201
184 0 236 3 202
218 0 231 15 203
218 0 239 3 204
218 0 255 5 205
211 0 268 3 206
211 0 278 4 207
218 0 269 4 208
218 0 280 5 209
211 0 302 14 210
198 0 325 15 211
191 0 341 2 212
163 0 100 15 213
184 0 140 5 214
172 0 135 3 215
184 0 155 4 216
184 0 168 5 217
184 0 179 3 218
185 0 188 15 219
184 0 199 5 220
184 0 210 3 221
219 0 190 15 222
212 0 288 3 223
212 0 229 14 224
210 0 329 5 225
219 0 287 15 226
130 0 17 3 227
158 0 18 2 228
215 0 19 14 229
187 0 21 14 230
228 0 49 14 231
217 0 53 5 232
203 0 53 2 233
210 0 65 1 234
193 0 71 14 235
202 0 79 2 236
223 0 68 3 237
196 0 89 15 238
237 0 71 15 239
182 0 91 4 240
186 0 107 14 241
202 0 133 2 242
186 0 118 5 243
174 0 111 3 244
186 0 134 14 245
200 0 164 1 246
213 0 164 4 247
235 0 140 1 248
222 0 167 5 249
214 0 186 3 250
213 0 197 4 251
235 0 171 3 252
220 0 199 5 253
220 0 210 3 254
260 0 145 5 255
233 0 86 2 256
215 0 136 4 257
246 0 88 5 258
225 0 138 14 259
254 0 100 3 260
250 0 126 3 261
249 0 138 3 262
214 0 206 3 263
214 0 217 14 264
249 0 163 3 265
359 0 17 14 266
250 0 176 3 267
219 0 33 4 268
262 0 178 4 269
222 0 344 4 270
243 0 98 1 271
222 0 299 4 272
224 0 324 4 273
332 0 18 1 274
246 0 21 3 275
278 0 180 15 276
252 0 272 14 277
236 0 326 15 278
255 0 110 5 279
299 0 183 4 280
264 0 284 1 281
253 0 257 14 282
253 0 212 3 283
419 0 17 4 284
305 0 21 1 285
254 0 325 3 286
254 0 278 4 287
265 0 258 2 288
265 0 271 14 289
254 0 304 4 290
254 0 314 14 291
254 0 237 2 292
289 0 178 2 293
265 0 241 14 294
300 0 307 15 295
264 0 106 14 296
275 0 102 4 297
254 0 141 14 298
271 0 125 15 299
266 0 143 2 300
254 0 178 2 301
255 0 187 4 302
254 0 198 4 303
300 0 122 5 304
254 0 220 4 305
301 0 190 2 306
266 0 291 14 307
449 0 16 15 308
392 0 18 14 309
278 0 20 4 310
255 0 288 4 311
255 0 340 15 312
267 0 313 2 313
323 0 155 3 314
267 0 302 2 315
267 0 324 14 316
287 0 90 3 317
277 0 116 4 318
285 0 110 4 319
268 0 154 14 320
281 0 139 3 321
268 0 178 5 322
268 0 187 14 323
268 0 198 15 324
268 0 209 5 325
268 0 220 15 326
302 0 280 15 327
303 0 150 5 328
314 0 218 4 329
303 0 290 14 330
314 0 208 15 331
303 0 226 15 332
315 0 280 3 333
303 0 206 14 334
304 0 195 15 335
315 0 269 2 336
304 0 268 14 337
328 0 133 5 338
286 0 344 3 339
315 0 290 2 340
296 0 101 1 341
304 0 255 15 342
286 0 326 3 343
305 0 313 3 344
296 0 116 1 345
306 0 323 14 346
306 0 210 14 347
306 0 236 14 348
318 0 317 2 349
295 0 134 14 350
315 0 101 5 351
307 0 131 3 352
312 0 123 15 353
324 0 112 4 354
318 0 135 3 355
318 0 144 5 356
318 0 158 5 357
318 0 172 5 358
328 0 171 15 359
324 0 90 3 360
308 0 152 14 361
320 0 323 2 362
320 0 219 14 363
335 0 105 15 364
342 0 294 14 365
321 0 250 4 366
342 0 328 3 367
321 0 300 14 368
321 0 340 14 369
344 0 117 15 370
321 0 174 3 371
322 0 184 3 372
342 0 158 3 373
342 0 172 3 374
342 0 181 14 375
321 0 232 3 376
333 0 326 5 377
343 0 244 3 378
355 0 289 3 379
344 0 134 1 380
344 0 143 3 381
355 0 134 4 382
355 0 156 3 383
345 0 189 4 384
344 0 200 3 385
344 0 211 14 386
355 0 278 4 387
344 0 221 1 388
356 0 267 2 389
356 0 255 4 390
344 0 266 14 391
344 0 277 1 392
345 0 312 4 393
345 0 301 4 394
357 0 139 4 395
345 0 252 2 396
352 0 344 2 397
357 0 311 4 398
357 0 298 3 399
358 0 321 2 400
364 0 137 5 401
358 0 165 4 402
358 0 175 3 403
359 0 184 3 404
358 0 195 4 405
358 0 205 3 406
358 0 216 14 407
358 0 231 14 408
374 0 297 14 409
371 0 179 5 410
374 0 209 5 411
368 0 164 14 412
376 0 315 3 413
385 0 344 2 414
376 0 327 15 415
376 0 227 1 416
386 0 258 5 417
387 0 304 3 418
388 0 292 1 419
388 0 273 5 420
383 0 172 4 421
389 0 201 5 422
378 0 277 1 423
389 0 317 2 424
389 0 254 3 425
389 0 222 3 426
395 0 328 15 427
380 0 257 4 428
390 0 214 2 429
390 0 245 5 430
379 0 198 1 431
410 0 326 15 432
383 0 154 1 433
390 0 235 3 434
390 0 289 3 435
395 0 151 3 436
390 0 186 3 437
403 0 183 4 438
417 0 179 15 439
409 0 180 5 440
391 0 201 14 441
420 0 149 1 442
420 0 341 5 443
440 0 331 2 444
407 0 154 14 445
397 0 182 3 446
424 0 326 2 447
428 0 184 3 448
423 0 180 1 449
436 0 182 4 450
434 0 152 3 451
442 0 186 14 452
447 0 150 14 453
459 0 188 5 454
461 0 166 4 455
448 0 173 15 456
462 0 179 2 457
461 0 149 2 458
461 0 201 14 459
451 0 344 1 460
463 0 224 4 461
463 0 253 4 462
463 0 265 2 463
464 0 244 14 464
464 0 281 4 465
464 0 299 3 466
464 0 316 3 467
464 0 329 14 468
482 0 88 3 469
464 0 206 3 470
484 0 100 15 471
484 0 130 3 472
484 0 160 3 473
484 0 190 3 474
484 0 220 1 475
484 0 251 1 476
484 0 281 1 477
484 0 311 1 478
484 0 341 3 479
