480
-44 0 111 5 0
-30 0 157 15 1
-38 0 156 15 2
-44 0 170 5 3
-30 0 203 15 4
-44 0 208 5 5
-44 0 235 5 6
-30 0 258 15 7
-30 0 277 15 8
-30 0 295 15 9
-30 0 312 15 10
-30 0 329 15 11
-43 0 128 5 12
-34 0 114 15 13
-28 0 151 15 14
-18 0 333 15 15
-24 0 151 15 16
-16 0 109 15 17
-22 0 124 5 18
-16 0 341 5 19
-17 0 122 5 20
8 0 109 15 21
10 0 130 15 22
13 0 341 5 23
13 0 125 1 24
28 0 93 1 25
41 0 130 15 26
43 0 341 5 27
44 0 119 1 28
39 0 153 15 29
22 0 162 1 30
25 0 217 15 31
11 0 301 5 32
33 0 125 5 33
26 0 141 5 34
26 0 198 15 35
26 0 231 15 36
26 0 249 15 37
11 0 280 5 38
26 0 315 15 39
33 0 321 15 40
38 0 331 5 41
58 0 93 1 42
54 0 125 5 43
66 0 131 15 44
62 0 161 15 45
72 0 216 15 46
80 0 228 15 47
37 0 262 15 48
63 0 341 5 49
72 0 119 1 50
60 0 314 15 51
72 0 331 5 52
76 0 151 15 53
77 0 130 15 54
77 0 336 15 55
78 0 165 15 56
79 0 122 15 57
79 0 133 15 58
79 0 149 15 59
79 0 177 15 60
82 0 175 1 61
82 0 186 1 62
82 0 198 1 63
79 0 217 15 64
82 0 220 1 65
82 0 234 1 66
79 0 248 15 67
82 0 256 1 68
79 0 268 15 69
82 0 275 1 70
79 0 287 15 71
82 0 299 1 72
79 0 308 15 73
79 0 324 15 74
86 0 98 1 75
89 0 111 1 76
92 0 129 1 77
95 0 135 1 78
97 0 143 15 79
95 0 160 1 80
97 0 166 15 81
95 0 193 1 82
95 0 206 1 83
97 0 214 15 84
95 0 231 1 85
94 0 251 1 86
94 0 266 1 87
94 0 280 1 88
92 0 288 1 89
94 0 304 1 90
92 0 316 1 91
94 0 324 1 92
96 0 180 1 93
97 0 74 1 94
99 0 118 1 95
103 0 75 1 96
105 0 108 15 97
107 0 330 15 98
112 0 126 1 99
107 0 162 15 100
115 0 75 1 101
115 0 93 1 102
115 0 272 15 103
115 0 286 15 104
115 0 306 15 105
115 0 328 15 106
118 0 340 5 107
119 0 174 15 108
119 0 208 15 109
119 0 226 15 110
115 0 236 15 111
120 0 89 1 112
120 0 133 1 113
120 0 143 1 114
120 0 155 1 115
120 0 188 15 116
116 0 254 15 117
121 0 123 1 118
127 0 114 1 119
130 0 102 15 120
129 0 126 1 121
130 0 134 1 122
129 0 146 1 123
130 0 161 1 124
130 0 163 1 125
128 0 175 1 126
132 0 183 1 127
132 0 197 1 128
133 0 215 15 129
134 0 244 15 130
127 0 259 15 131
127 0 273 15 132
127 0 288 15 133
127 0 302 15 134
132 0 317 1 135
134 0 339 5 136
132 0 172 1 137
135 0 118 1 138
134 0 77 1 139
139 0 111 1 140
144 0 155 1 141
146 0 331 1 142
144 0 126 1 143
145 0 78 1 144
147 0 104 1 145
158 0 325 1 146
156 0 160 1 147
158 0 111 1 148
156 0 130 1 149
149 0 74 1 150
161 0 116 1 151
165 0 102 15 152
162 0 126 1 153
165 0 136 1 154
165 0 149 1 155
162 0 155 1 156
165 0 169 1 157
161 0 179 1 158
163 0 192 1 159
160 0 193 1 160
161 0 209 1 161
161 0 232 15 162
162 0 249 15 163
163 0 288 1 164
167 0 293 1 165
169 0 306 1 166
172 0 318 1 167
170 0 332 1 168
166 0 125 1 169
162 0 168 1 170
171 0 76 1 171
181 0 102 15 172
187 0 111 1 173
185 0 126 1 174
184 0 137 1 175
183 0 147 1 176
186 0 156 1 177
187 0 158 1 178
185 0 192 15 179
179 0 196 15 180
179 0 207 15 181
186 0 226 15 182
179 0 237 15 183
180 0 253 15 184
186 0 284 1 185
181 0 292 1 186
188 0 305 1 187
183 0 312 1 188
186 0 339 5 189
186 0 180 15 190
170 0 51 1 191
196 0 90 15 192
199 0 157 1 193
198 0 324 1 194
200 0 126 1 195
193 0 70 1 196
195 0 32 5 197
205 0 61 1 198
213 0 330 1 199
213 0 148 1 200
211 0 171 1 201
211 0 180 1 202
211 0 194 1 203
209 0 193 1 204
209 0 201 1 205
210 0 210 1 206
209 0 214 1 207
209 0 228 1 208
208 0 259 15 209
215 0 290 1 210
214 0 303 1 211
216 0 133 1 212
213 0 165 1 213
220 0 19 5 214
217 0 52 1 215
221 0 186 15 216
221 0 197 15 217
219 0 190 1 218
220 0 199 1 219
218 0 205 1 220
220 0 230 15 221
217 0 213 1 222
220 0 251 15 223
225 0 282 1 224
223 0 293 1 225
220 0 307 1 226
220 0 170 1 227
227 0 325 1 228
223 0 146 1 229
227 0 60 1 230
225 0 128 1 231
237 0 31 5 232
229 0 83 15 233
237 0 331 1 234
238 0 154 1 235
241 0 130 1 236
245 0 60 1 237
242 0 93 15 238
259 0 69 1 239
255 0 125 1 240
256 0 138 1 241
254 0 144 1 242
253 0 150 1 243
254 0 162 1 244
254 0 181 1 245
253 0 180 1 246
251 0 203 15 247
251 0 218 15 248
251 0 237 15 249
250 0 252 15 250
251 0 287 1 251
253 0 291 1 252
257 0 304 1 253
253 0 316 1 254
257 0 329 1 255
257 0 116 1 256
255 0 171 1 257
255 0 106 1 258
258 0 91 15 259
267 0 102 1 260
267 0 126 1 261
269 0 137 1 262
269 0 151 1 263
269 0 159 1 264
268 0 173 15 265
268 0 192 15 266
265 0 181 1 267
267 0 214 15 268
267 0 231 15 269
275 0 243 15 270
275 0 258 15 271
274 0 273 15 272
274 0 287 15 273
274 0 302 15 274
269 0 316 1 275
267 0 338 5 276
266 0 170 1 277
273 0 118 1 278
279 0 95 15 279
278 0 112 1 280
279 0 129 1 281
282 0 157 1 282
286 0 331 1 283
284 0 105 1 284
294 0 72 1 285
290 0 129 1 286
289 0 154 1 287
294 0 113 1 288
300 0 96 15 289
308 0 107 1 290
300 0 123 1 291
301 0 130 1 292
296 0 140 1 293
307 0 162 15 294
297 0 160 1 295
303 0 186 15 296
306 0 203 15 297
303 0 213 15 298
306 0 229 15 299
306 0 248 15 300
309 0 263 1 301
306 0 272 15 302
306 0 286 15 303
309 0 300 1 304
306 0 311 15 305
306 0 327 15 306
307 0 182 15 307
311 0 116 15 308
315 0 91 1 309
321 0 126 1 310
317 0 132 1 311
317 0 146 1 312
307 0 152 1 313
309 0 162 1 314
318 0 190 1 315
321 0 203 1 316
312 0 205 15 317
318 0 228 1 318
321 0 248 1 319
318 0 257 1 320
321 0 271 1 321
318 0 285 1 322
321 0 300 1 323
318 0 313 1 324
320 0 320 1 325
321 0 182 1 326
326 0 78 1 327
329 0 101 15 328
328 0 125 1 329
324 0 154 15 330
332 0 328 15 331
332 0 94 1 332
336 0 83 15 333
345 0 101 1 334
340 0 118 15 335
340 0 141 15 336
337 0 158 1 337
340 0 169 15 338
334 0 185 1 339
341 0 202 15 340
325 0 196 1 341
340 0 228 15 342
340 0 247 15 343
340 0 264 15 344
337 0 279 1 345
340 0 287 15 346
340 0 303 15 347
336 0 331 5 348
341 0 334 15 349
338 0 178 1 350
347 0 93 15 351
359 0 94 1 352
360 0 110 15 353
361 0 100 5 354
362 0 116 1 355
369 0 123 1 356
350 0 186 15 357
334 0 181 1 358
333 0 189 1 359
335 0 204 1 360
344 0 233 1 361
347 0 249 1 362
399 0 279 1 363
366 0 311 5 364
364 0 317 15 365
352 0 328 5 366
359 0 336 5 367
350 0 168 15 368
371 0 108 15 369
379 0 130 15 370
393 0 114 5 371
402 0 130 1 372
397 0 265 15 373
408 0 153 1 374
406 0 189 15 375
398 0 233 15 376
398 0 304 15 377
384 0 336 15 378
389 0 88 5 379
394 0 331 5 380
394 0 130 15 381
416 0 114 5 382
419 0 135 1 383
414 0 157 15 384
414 0 169 15 385
410 0 186 15 386
418 0 189 1 387
406 0 220 15 388
405 0 239 15 389
405 0 253 15 390
405 0 271 15 391
405 0 286 15 392
405 0 298 15 393
405 0 317 15 394
405 0 326 15 395
406 0 94 1 396
413 0 130 15 397
404 0 336 15 398
423 0 134 15 399
417 0 109 15 400
444 0 112 5 401
431 0 340 5 402
427 0 156 15 403
448 0 88 5 404
448 0 129 1 405
449 0 340 5 406
450 0 145 1 407
457 0 101 1 408
441 0 157 15 409
469 0 340 5 410
446 0 168 15 411
473 0 104 5 412
474 0 141 5 413
483 0 159 5 414
477 0 116 1 415
468 0 139 15 416
472 0 180 1 417
472 0 218 1 418
473 0 248 1 419
483 0 260 5 420
473 0 155 1 421
473 0 197 1 422
484 0 228 5 423
473 0 274 1 424
484 0 297 5 425
484 0 317 5 426
470 0 325 1 427
-51 0 9 5 428
-15 0 14 1 429
17 0 9 5 430
54 0 9 5 431
84 0 9 5 432
114 0 9 5 433
145 0 9 5 434
175 0 9 5 435
212 0 9 5 436
256 0 9 5 437
286 0 9 5 438
316 0 9 5 439
346 0 9 5 440
384 0 9 5 441
414 0 16 1 442
451 0 9 5 443
483 0 15 1 444
492 0 34 1 445
498 0 60 5 446
498 0 97 5 447
498 0 135 5 448
498 0 172 5 449
498 0 201 5 450
498 0 239 5 451
498 0 276 5 452
487 0 309 1 453
498 0 344 5 454
456 0 342 1 455
431 0 351 5 456
393 0 351 5 457
354 0 347 15 458
315 0 345 15 459
288 0 351 5 460
251 0 351 5 461
221 0 351 5 462
193 0 342 1 463
161 0 351 5 464
125 0 342 1 465
94 0 351 5 466
58 0 347 15 467
21 0 347 15 468
-19 0 351 5 469
-54 0 349 5 470
-58 0 316 5 471
-58 0 278 5 472
-58 0 248 5 473
-58 0 211 5 474
-58 0 174 5 475
-58 0 137 5 476
-52 0 110 15 477
-52 0 76 15 478
-58 0 32 5 479
