480
-39 0 117 5 0
-29 0 158 15 1
-35 0 160 15 2
-39 0 174 5 3
-28 0 203 15 4
-39 0 212 5 5
-39 0 236 5 6
-28 0 258 15 7
-28 0 277 15 8
-28 0 295 15 9
-28 0 312 15 10
-28 0 328 15 11
-38 0 134 5 12
-31 0 119 15 13
-25 0 154 15 14
-16 0 332 15 15
-19 0 155 15 16
-12 0 115 15 17
-15 0 134 5 18
-10 0 337 5 19
-10 0 134 5 20
11 0 115 15 21
15 0 138 15 22
17 0 337 5 23
18 0 136 1 24
31 0 103 1 25
43 0 138 15 26
45 0 337 5 27
46 0 132 1 28
42 0 163 15 29
30 0 175 1 30
32 0 223 15 31
21 0 297 5 32
38 0 140 5 33
33 0 157 5 34
33 0 205 15 35
33 0 236 15 36
33 0 252 15 37
22 0 278 5 38
33 0 310 15 39
38 0 317 15 40
42 0 326 5 41
59 0 103 1 42
57 0 140 5 43
66 0 139 15 44
63 0 172 15 45
72 0 219 15 46
78 0 233 15 47
45 0 265 15 48
65 0 337 5 49
72 0 132 1 50
63 0 309 15 51
72 0 326 5 52
76 0 159 15 53
77 0 138 15 54
77 0 334 15 55
78 0 166 15 56
79 0 124 15 57
79 0 135 15 58
79 0 151 15 59
79 0 178 15 60
81 0 179 1 61
81 0 189 1 62
81 0 200 1 63
79 0 217 15 64
81 0 222 1 65
81 0 236 1 66
79 0 249 15 67
81 0 257 1 68
79 0 268 15 69
81 0 276 1 70
79 0 287 15 71
81 0 299 1 72
79 0 308 15 73
79 0 322 15 74
85 0 104 1 75
89 0 112 1 76
92 0 130 1 77
95 0 137 1 78
96 0 146 15 79
95 0 162 1 80
96 0 169 15 81
94 0 195 1 82
94 0 207 1 83
96 0 216 15 84
94 0 233 1 85
94 0 252 1 86
94 0 267 1 87
94 0 280 1 88
92 0 289 1 89
94 0 303 1 90
92 0 316 1 91
94 0 324 1 92
95 0 182 1 93
97 0 82 1 94
99 0 119 1 95
103 0 81 1 96
104 0 110 15 97
107 0 329 15 98
111 0 128 1 99
107 0 162 15 100
115 0 77 1 101
115 0 96 1 102
115 0 273 15 103
115 0 286 15 104
115 0 305 15 105
115 0 325 15 106
118 0 337 5 107
119 0 174 15 108
119 0 208 15 109
119 0 227 15 110
116 0 238 15 111
120 0 90 1 112
120 0 133 1 113
120 0 143 1 114
120 0 156 1 115
120 0 189 15 116
117 0 255 15 117
121 0 124 1 118
126 0 115 1 119
130 0 103 15 120
129 0 127 1 121
130 0 135 1 122
129 0 148 1 123
130 0 162 1 124
130 0 166 1 125
129 0 180 1 126
131 0 189 1 127
131 0 202 1 128
132 0 220 15 129
133 0 246 15 130
127 0 261 15 131
127 0 274 15 132
127 0 288 15 133
127 0 302 15 134
131 0 316 1 135
133 0 335 5 136
132 0 175 1 137
135 0 119 1 138
136 0 81 1 139
139 0 111 1 140
144 0 157 1 141
146 0 329 1 142
145 0 128 1 143
146 0 79 1 144
147 0 103 1 145
157 0 325 1 146
156 0 161 1 147
158 0 111 1 148
156 0 130 1 149
151 0 79 1 150
162 0 117 1 151
166 0 103 15 152
164 0 128 1 153
166 0 137 1 154
166 0 151 1 155
164 0 158 1 156
166 0 171 1 157
163 0 183 1 158
164 0 196 1 159
163 0 200 1 160
163 0 216 1 161
163 0 238 15 162
164 0 253 15 163
165 0 286 1 164
168 0 292 1 165
169 0 305 1 166
171 0 317 1 167
170 0 330 1 168
167 0 126 1 169
164 0 173 1 170
173 0 78 1 171
182 0 102 15 172
186 0 112 1 173
185 0 127 1 174
184 0 137 1 175
183 0 149 1 176
185 0 158 1 177
186 0 163 1 178
185 0 193 15 179
180 0 199 15 180
180 0 210 15 181
186 0 228 15 182
180 0 241 15 183
181 0 256 15 184
186 0 282 1 185
182 0 291 1 186
187 0 304 1 187
183 0 312 1 188
186 0 335 5 189
186 0 182 15 190
176 0 56 1 191
196 0 90 15 192
199 0 159 1 193
198 0 324 1 194
200 0 128 1 195
196 0 72 1 196
197 0 37 5 197
207 0 62 1 198
213 0 328 1 199
213 0 151 1 200
212 0 177 1 201
212 0 186 1 202
212 0 199 1 203
210 0 201 1 204
211 0 208 1 205
211 0 218 1 206
210 0 223 1 207
210 0 236 1 208
210 0 262 15 209
215 0 288 1 210
214 0 302 1 211
216 0 133 1 212
213 0 169 1 213
220 0 23 5 214
217 0 52 1 215
221 0 188 15 216
221 0 199 15 217
220 0 196 1 218
220 0 205 1 219
219 0 212 1 220
220 0 233 15 221
218 0 222 1 222
220 0 254 15 223
224 0 280 1 224
223 0 290 1 225
220 0 305 1 226
221 0 173 1 227
226 0 324 1 228
224 0 150 1 229
227 0 61 1 230
226 0 130 1 231
236 0 36 5 232
231 0 82 15 233
237 0 329 1 234
239 0 156 1 235
241 0 131 1 236
244 0 62 1 237
243 0 93 15 238
257 0 71 1 239
255 0 126 1 240
256 0 138 1 241
254 0 146 1 242
254 0 154 1 243
254 0 166 1 244
254 0 184 1 245
253 0 187 1 246
252 0 207 15 247
252 0 222 15 248
252 0 240 15 249
251 0 255 15 250
252 0 284 1 251
254 0 290 1 252
257 0 303 1 253
254 0 315 1 254
257 0 328 1 255
257 0 116 1 256
255 0 175 1 257
256 0 106 1 258
259 0 90 15 259
267 0 102 1 260
267 0 127 1 261
269 0 137 1 262
269 0 151 1 263
269 0 160 1 264
268 0 174 15 265
268 0 193 15 266
266 0 188 1 267
267 0 215 15 268
268 0 232 15 269
273 0 245 15 270
273 0 260 15 271
273 0 273 15 272
273 0 287 15 273
273 0 301 15 274
269 0 315 1 275
268 0 334 5 276
267 0 174 1 277
274 0 118 1 278
279 0 95 15 279
279 0 111 1 280
280 0 130 1 281
283 0 158 1 282
287 0 330 1 283
285 0 104 1 284
293 0 75 1 285
291 0 130 1 286
291 0 156 1 287
295 0 113 1 288
300 0 96 15 289
308 0 107 1 290
302 0 124 1 291
303 0 132 1 292
299 0 142 1 293
307 0 163 15 294
300 0 163 1 295
304 0 188 15 296
307 0 204 15 297
304 0 214 15 298
307 0 230 15 299
307 0 248 15 300
309 0 263 1 301
307 0 272 15 302
307 0 285 15 303
309 0 300 1 304
307 0 311 15 305
307 0 325 15 306
308 0 182 15 307
312 0 116 15 308
316 0 92 1 309
321 0 126 1 310
318 0 133 1 311
318 0 147 1 312
311 0 155 1 313
312 0 165 1 314
319 0 191 1 315
321 0 203 1 316
314 0 208 15 317
319 0 229 1 318
321 0 248 1 319
319 0 258 1 320
321 0 272 1 321
319 0 284 1 322
321 0 300 1 323
319 0 312 1 324
321 0 320 1 325
322 0 182 1 326
326 0 79 1 327
329 0 101 15 328
329 0 127 1 329
326 0 156 15 330
332 0 327 15 331
333 0 99 1 332
336 0 86 15 333
345 0 108 1 334
342 0 123 15 335
342 0 144 15 336
339 0 160 1 337
342 0 171 15 338
337 0 188 1 339
342 0 203 15 340
330 0 201 1 341
342 0 230 15 342
342 0 248 15 343
341 0 264 15 344
339 0 278 1 345
341 0 286 15 346
341 0 302 15 347
338 0 326 5 348
342 0 331 15 349
340 0 180 1 350
347 0 97 15 351
359 0 102 1 352
360 0 116 15 353
361 0 112 5 354
361 0 128 1 355
367 0 135 1 356
352 0 187 15 357
340 0 186 1 358
339 0 196 1 359
341 0 210 1 360
347 0 237 1 361
350 0 252 1 362
389 0 277 1 363
364 0 304 5 364
363 0 312 15 365
354 0 323 5 366
359 0 332 5 367
353 0 172 15 368
370 0 114 15 369
377 0 138 15 370
388 0 127 5 371
395 0 143 1 372
392 0 266 15 373
400 0 165 1 374
399 0 198 15 375
392 0 236 15 376
393 0 301 15 377
382 0 334 15 378
386 0 99 5 379
390 0 326 5 380
391 0 138 15 381
409 0 127 5 382
411 0 147 1 383
407 0 165 15 384
407 0 177 15 385
404 0 193 15 386
410 0 197 1 387
401 0 223 15 388
401 0 241 15 389
401 0 254 15 390
401 0 271 15 391
401 0 284 15 392
401 0 296 15 393
401 0 313 15 394
401 0 322 15 395
403 0 103 1 396
408 0 138 15 397
401 0 333 15 398
418 0 143 15 399
414 0 114 15 400
435 0 124 5 401
426 0 337 5 402
424 0 159 15 403
441 0 99 5 404
442 0 137 1 405
443 0 337 5 406
445 0 151 1 407
452 0 109 1 408
440 0 158 15 409
462 0 337 5 410
445 0 169 15 411
467 0 110 5 412
468 0 146 5 413
478 0 162 5 414
474 0 120 1 415
467 0 140 15 416
470 0 181 1 417
470 0 218 1 418
470 0 248 1 419
478 0 261 5 420
471 0 157 1 421
471 0 198 1 422
479 0 230 5 423
471 0 274 1 424
479 0 296 5 425
479 0 316 5 426
469 0 325 1 427
-49 0 12 5 428
-14 0 16 1 429
18 0 12 5 430
54 0 12 5 431
85 0 12 5 432
116 0 12 5 433
146 0 12 5 434
177 0 12 5 435
213 0 12 5 436
254 0 12 5 437
285 0 12 5 438
316 0 12 5 439
347 0 12 5 440
383 0 12 5 441
414 0 17 1 442
450 0 12 5 443
482 0 16 1 444
490 0 37 1 445
495 0 65 5 446
495 0 101 5 447
495 0 137 5 448
495 0 173 5 449
495 0 203 5 450
495 0 240 5 451
495 0 276 5 452
487 0 308 1 453
495 0 343 5 454
455 0 342 1 455
428 0 348 5 456
391 0 348 5 457
354 0 345 15 458
317 0 344 15 459
288 0 348 5 460
252 0 348 5 461
221 0 348 5 462
192 0 342 1 463
160 0 348 5 464
125 0 341 1 465
93 0 348 5 466
58 0 345 15 467
23 0 345 15 468
-15 0 348 5 469
-50 0 347 5 470
-55 0 315 5 471
-55 0 279 5 472
-55 0 248 5 473
-55 0 212 5 474
-55 0 177 5 475
-55 0 140 5 476
-50 0 112 15 477
-50 0 78 15 478
-55 0 37 5 479
