480
-46 0 109 5 0
-30 0 156 15 1
-39 0 155 15 2
-46 0 168 5 3
-30 0 203 15 4
-46 0 207 5 5
-46 0 235 5 6
-30 0 258 15 7
-30 0 277 15 8
-30 0 296 15 9
-30 0 312 15 10
-30 0 329 15 11
-45 0 126 5 12
-36 0 112 15 13
-29 0 150 15 14
-19 0 334 15 15
-26 0 149 15 16
-17 0 107 15 17
-25 0 120 5 18
-18 0 343 5 19
-20 0 117 5 20
7 0 107 15 21
8 0 127 15 22
12 0 343 5 23
11 0 120 1 24
27 0 89 1 25
41 0 127 15 26
42 0 343 5 27
43 0 114 1 28
37 0 149 15 29
19 0 157 1 30
22 0 215 15 31
7 0 303 5 32
31 0 119 5 33
23 0 134 5 34
23 0 194 15 35
23 0 229 15 36
23 0 248 15 37
7 0 281 5 38
23 0 317 15 39
30 0 323 15 40
36 0 332 5 41
58 0 89 1 42
53 0 119 5 43
66 0 128 15 44
61 0 157 15 45
73 0 215 15 46
82 0 226 15 47
33 0 262 15 48
62 0 343 5 49
72 0 114 1 50
59 0 316 15 51
72 0 332 5 52
76 0 148 15 53
77 0 127 15 54
77 0 337 15 55
78 0 164 15 56
79 0 121 15 57
79 0 132 15 58
79 0 149 15 59
79 0 176 15 60
82 0 173 1 61
83 0 185 1 62
82 0 197 1 63
79 0 217 15 64
82 0 219 1 65
82 0 233 1 66
79 0 248 15 67
82 0 256 1 68
79 0 267 15 69
82 0 274 1 70
79 0 287 15 71
82 0 300 1 72
79 0 308 15 73
79 0 324 15 74
86 0 96 1 75
89 0 111 1 76
92 0 129 1 77
95 0 134 1 78
97 0 142 15 79
95 0 159 1 80
97 0 165 15 81
95 0 192 1 82
95 0 206 1 83
97 0 214 15 84
95 0 231 1 85
94 0 251 1 86
94 0 266 1 87
94 0 281 1 88
92 0 288 1 89
94 0 304 1 90
92 0 316 1 91
94 0 324 1 92
96 0 180 1 93
97 0 70 1 94
99 0 117 1 95
103 0 73 1 96
105 0 108 15 97
107 0 331 15 98
112 0 125 1 99
107 0 161 15 100
116 0 74 1 101
116 0 92 1 102
114 0 272 15 103
114 0 287 15 104
114 0 306 15 105
114 0 330 15 106
118 0 342 5 107
119 0 173 15 108
119 0 208 15 109
119 0 226 15 110
115 0 236 15 111
120 0 89 1 112
120 0 132 1 113
120 0 143 1 114
120 0 155 1 115
120 0 188 15 116
116 0 254 15 117
121 0 123 1 118
127 0 114 1 119
130 0 102 15 120
129 0 126 1 121
130 0 133 1 122
129 0 146 1 123
130 0 160 1 124
130 0 161 1 125
128 0 173 1 126
132 0 180 1 127
132 0 195 1 128
133 0 213 15 129
134 0 243 15 130
126 0 258 15 131
127 0 273 15 132
127 0 288 15 133
127 0 303 15 134
132 0 318 1 135
134 0 341 5 136
132 0 170 1 137
135 0 118 1 138
134 0 75 1 139
139 0 111 1 140
144 0 154 1 141
146 0 331 1 142
144 0 126 1 143
145 0 78 1 144
147 0 104 1 145
158 0 326 1 146
156 0 160 1 147
158 0 111 1 148
156 0 129 1 149
147 0 72 1 150
160 0 115 1 151
165 0 102 15 152
161 0 126 1 153
165 0 135 1 154
165 0 148 1 155
161 0 154 1 156
165 0 168 1 157
161 0 177 1 158
162 0 190 1 159
159 0 190 1 160
161 0 207 1 161
161 0 230 15 162
162 0 247 15 163
163 0 289 1 164
167 0 294 1 165
169 0 307 1 166
172 0 319 1 167
170 0 332 1 168
166 0 124 1 169
161 0 166 1 170
170 0 75 1 171
181 0 101 15 172
188 0 111 1 173
185 0 125 1 174
184 0 136 1 175
183 0 146 1 176
186 0 155 1 177
188 0 156 1 178
185 0 191 15 179
178 0 195 15 180
179 0 206 15 181
186 0 225 15 182
179 0 236 15 183
180 0 252 15 184
187 0 285 1 185
181 0 293 1 186
188 0 305 1 187
183 0 312 1 188
186 0 341 5 189
186 0 180 15 190
168 0 49 1 191
196 0 91 15 192
199 0 156 1 193
198 0 325 1 194
200 0 125 1 195
192 0 69 1 196
194 0 30 5 197
205 0 60 1 198
213 0 331 1 199
213 0 146 1 200
211 0 169 1 201
210 0 179 1 202
211 0 192 1 203
209 0 190 1 204
209 0 197 1 205
209 0 207 1 206
209 0 211 1 207
209 0 225 1 208
208 0 257 15 209
215 0 291 1 210
214 0 303 1 211
216 0 132 1 212
212 0 163 1 213
220 0 17 5 214
216 0 52 1 215
221 0 185 15 216
221 0 197 15 217
219 0 187 1 218
219 0 197 1 219
218 0 203 1 220
220 0 229 15 221
217 0 209 1 222
220 0 250 15 223
225 0 283 1 224
223 0 293 1 225
220 0 308 1 226
220 0 168 1 227
227 0 325 1 228
223 0 145 1 229
227 0 59 1 230
225 0 127 1 231
237 0 29 5 232
229 0 84 15 233
237 0 331 1 234
238 0 153 1 235
241 0 130 1 236
245 0 60 1 237
242 0 93 15 238
260 0 68 1 239
255 0 125 1 240
256 0 138 1 241
254 0 143 1 242
253 0 148 1 243
254 0 161 1 244
254 0 180 1 245
252 0 178 1 246
251 0 201 15 247
251 0 216 15 248
250 0 235 15 249
249 0 251 15 250
251 0 288 1 251
253 0 292 1 252
257 0 304 1 253
253 0 317 1 254
257 0 330 1 255
257 0 116 1 256
255 0 170 1 257
255 0 106 1 258
258 0 91 15 259
267 0 102 1 260
267 0 126 1 261
269 0 137 1 262
269 0 151 1 263
269 0 158 1 264
268 0 173 15 265
268 0 191 15 266
265 0 180 1 267
267 0 214 15 268
267 0 231 15 269
275 0 243 15 270
275 0 258 15 271
275 0 272 15 272
275 0 287 15 273
275 0 302 15 274
269 0 317 1 275
267 0 340 5 276
266 0 168 1 277
273 0 117 1 278
279 0 95 15 279
278 0 112 1 280
279 0 129 1 281
281 0 156 1 282
286 0 332 1 283
284 0 105 1 284
294 0 71 1 285
290 0 129 1 286
288 0 153 1 287
294 0 113 1 288
300 0 96 15 289
308 0 107 1 290
299 0 122 1 291
301 0 130 1 292
295 0 139 1 293
307 0 162 15 294
295 0 159 1 295
302 0 185 15 296
306 0 203 15 297
302 0 213 15 298
306 0 228 15 299
306 0 248 15 300
309 0 263 1 301
306 0 271 15 302
306 0 286 15 303
309 0 300 1 304
306 0 312 15 305
306 0 327 15 306
307 0 181 15 307
311 0 116 15 308
315 0 91 1 309
321 0 125 1 310
317 0 131 1 311
317 0 146 1 312
306 0 150 1 313
308 0 161 1 314
317 0 189 1 315
321 0 203 1 316
311 0 204 15 317
317 0 227 1 318
321 0 248 1 319
318 0 256 1 320
321 0 271 1 321
318 0 285 1 322
321 0 300 1 323
318 0 313 1 324
320 0 320 1 325
321 0 182 1 326
326 0 78 1 327
329 0 100 15 328
328 0 125 1 329
323 0 153 15 330
332 0 329 15 331
332 0 92 1 332
335 0 82 15 333
345 0 99 1 334
340 0 116 15 335
340 0 140 15 336
337 0 157 1 337
340 0 168 15 338
333 0 184 1 339
340 0 201 15 340
323 0 194 1 341
340 0 227 15 342
340 0 247 15 343
340 0 264 15 344
337 0 279 1 345
340 0 287 15 346
340 0 304 15 347
335 0 332 5 348
340 0 335 15 349
337 0 178 1 350
347 0 91 15 351
359 0 91 1 352
360 0 108 15 353
362 0 95 5 354
362 0 112 1 355
371 0 118 1 356
349 0 185 15 357
332 0 179 1 358
331 0 187 1 359
332 0 201 1 360
342 0 232 1 361
346 0 248 1 362
402 0 279 1 363
367 0 314 5 364
364 0 318 15 365
351 0 330 5 366
359 0 338 5 367
349 0 167 15 368
372 0 106 15 369
381 0 127 15 370
395 0 108 5 371
405 0 125 1 372
399 0 265 15 373
412 0 149 1 374
409 0 186 15 375
400 0 231 15 376
401 0 305 15 377
385 0 337 15 378
390 0 83 5 379
396 0 332 5 380
396 0 126 15 381
419 0 108 5 382
422 0 131 1 383
416 0 153 15 384
416 0 166 15 385
412 0 184 15 386
421 0 185 1 387
408 0 218 15 388
407 0 238 15 389
407 0 253 15 390
407 0 271 15 391
407 0 286 15 392
407 0 299 15 393
407 0 318 15 394
407 0 327 15 395
408 0 90 1 396
415 0 127 15 397
405 0 337 15 398
426 0 131 15 399
418 0 106 15 400
448 0 107 5 401
433 0 342 5 402
428 0 154 15 403
450 0 83 5 404
451 0 126 1 405
451 0 342 5 406
452 0 142 1 407
459 0 98 1 408
441 0 156 15 409
471 0 342 5 410
446 0 168 15 411
475 0 101 5 412
476 0 138 5 413
485 0 158 5 414
478 0 114 1 415
469 0 138 15 416
473 0 179 1 417
473 0 218 1 418
474 0 247 1 419
485 0 260 5 420
474 0 155 1 421
474 0 196 1 422
486 0 227 5 423
474 0 274 1 424
486 0 297 5 425
486 0 317 5 426
470 0 325 1 427
-52 0 8 5 428
-15 0 14 1 429
16 0 8 5 430
54 0 8 5 431
84 0 8 5 432
114 0 8 5 433
144 0 8 5 434
174 0 8 5 435
212 0 8 5 436
256 0 8 5 437
286 0 8 5 438
316 0 8 5 439
346 0 8 5 440
384 0 8 5 441
415 0 15 1 442
452 0 8 5 443
483 0 14 1 444
493 0 33 1 445
499 0 58 5 446
499 0 96 5 447
499 0 134 5 448
499 0 172 5 449
499 0 201 5 450
499 0 239 5 451
499 0 276 5 452
487 0 309 1 453
499 0 344 5 454
456 0 342 1 455
432 0 352 5 456
394 0 352 5 457
355 0 347 15 458
315 0 346 15 459
288 0 352 5 460
250 0 352 5 461
220 0 352 5 462
193 0 342 1 463
161 0 352 5 464
125 0 342 1 465
94 0 352 5 466
58 0 347 15 467
21 0 347 15 468
-20 0 352 5 469
-55 0 350 5 470
-59 0 316 5 471
-59 0 278 5 472
-59 0 248 5 473
-59 0 210 5 474
-59 0 174 5 475
-59 0 136 5 476
-53 0 109 15 477
-52 0 75 15 478
-59 0 30 5 479
