480
-38 0 119 5 0
-28 0 158 15 1
-34 0 161 15 2
-38 0 175 5 3
-28 0 203 15 4
-38 0 212 5 5
-38 0 237 5 6
-28 0 258 15 7
-28 0 277 15 8
-28 0 295 15 9
-28 0 311 15 10
-28 0 327 15 11
-37 0 135 5 12
-30 0 120 15 13
-24 0 155 15 14
-15 0 331 15 15
-18 0 157 15 16
-11 0 117 15 17
-13 0 136 5 18
-8 0 336 5 19
-8 0 137 5 20
12 0 117 15 21
16 0 140 15 22
18 0 336 5 23
19 0 139 1 24
32 0 105 1 25
44 0 140 15 26
46 0 336 5 27
47 0 135 1 28
43 0 166 15 29
31 0 179 1 30
34 0 224 15 31
24 0 296 5 32
40 0 143 5 33
35 0 161 5 34
35 0 207 15 35
35 0 237 15 36
35 0 252 15 37
25 0 278 5 38
35 0 309 15 39
39 0 316 15 40
43 0 325 5 41
60 0 105 1 42
58 0 143 5 43
66 0 141 15 44
64 0 175 15 45
72 0 219 15 46
77 0 234 15 47
47 0 265 15 48
65 0 336 5 49
72 0 135 1 50
63 0 308 15 51
72 0 325 5 52
76 0 162 15 53
77 0 140 15 54
77 0 333 15 55
78 0 166 15 56
79 0 125 15 57
79 0 135 15 58
79 0 151 15 59
79 0 178 15 60
81 0 180 1 61
81 0 190 1 62
81 0 200 1 63
79 0 217 15 64
81 0 223 1 65
81 0 236 1 66
79 0 249 15 67
81 0 258 1 68
79 0 268 15 69
81 0 276 1 70
79 0 287 15 71
81 0 299 1 72
79 0 308 15 73
79 0 322 15 74
85 0 106 1 75
89 0 112 1 76
92 0 130 1 77
94 0 137 1 78
95 0 147 15 79
94 0 163 1 80
95 0 170 15 81
94 0 195 1 82
94 0 208 1 83
96 0 216 15 84
94 0 233 1 85
94 0 252 1 86
94 0 267 1 87
94 0 280 1 88
92 0 289 1 89
94 0 303 1 90
92 0 315 1 91
94 0 324 1 92
95 0 182 1 93
97 0 84 1 94
99 0 119 1 95
103 0 82 1 96
104 0 110 15 97
107 0 329 15 98
110 0 128 1 99
107 0 162 15 100
115 0 77 1 101
115 0 97 1 102
115 0 273 15 103
115 0 286 15 104
115 0 304 15 105
115 0 325 15 106
118 0 336 5 107
119 0 174 15 108
119 0 208 15 109
119 0 227 15 110
116 0 238 15 111
120 0 90 1 112
120 0 133 1 113
120 0 144 1 114
120 0 156 1 115
120 0 190 15 116
117 0 255 15 117
121 0 124 1 118
126 0 115 1 119
130 0 103 15 120
129 0 128 1 121
130 0 135 1 122
129 0 148 1 123
130 0 163 1 124
130 0 167 1 125
129 0 181 1 126
131 0 191 1 127
131 0 204 1 128
132 0 221 15 129
133 0 246 15 130
127 0 261 15 131
128 0 274 15 132
128 0 288 15 133
128 0 302 15 134
131 0 316 1 135
132 0 334 5 136
132 0 176 1 137
135 0 119 1 138
136 0 82 1 139
139 0 111 1 140
144 0 157 1 141
146 0 329 1 142
145 0 128 1 143
147 0 80 1 144
148 0 103 1 145
157 0 325 1 146
156 0 161 1 147
158 0 111 1 148
157 0 130 1 149
152 0 80 1 150
162 0 117 1 151
167 0 103 15 152
164 0 128 1 153
167 0 137 1 154
167 0 151 1 155
164 0 159 1 156
167 0 172 1 157
164 0 185 1 158
165 0 197 1 159
163 0 202 1 160
164 0 218 1 161
164 0 239 15 162
165 0 254 15 163
165 0 285 1 164
168 0 292 1 165
169 0 305 1 166
171 0 317 1 167
170 0 330 1 168
167 0 126 1 169
164 0 174 1 170
174 0 79 1 171
182 0 102 15 172
186 0 112 1 173
185 0 127 1 174
184 0 137 1 175
183 0 149 1 176
185 0 159 1 177
186 0 164 1 178
185 0 193 15 179
180 0 200 15 180
180 0 211 15 181
185 0 229 15 182
181 0 242 15 183
181 0 257 15 184
186 0 282 1 185
182 0 291 1 186
187 0 304 1 187
183 0 312 1 188
185 0 334 5 189
186 0 182 15 190
177 0 57 1 191
196 0 90 15 192
199 0 159 1 193
198 0 324 1 194
200 0 128 1 195
196 0 73 1 196
198 0 39 5 197
207 0 62 1 198
213 0 328 1 199
213 0 152 1 200
212 0 178 1 201
212 0 188 1 202
212 0 201 1 203
211 0 202 1 204
211 0 210 1 205
211 0 220 1 206
211 0 225 1 207
211 0 238 1 208
210 0 263 15 209
215 0 288 1 210
214 0 301 1 211
216 0 133 1 212
213 0 171 1 213
220 0 24 5 214
217 0 53 1 215
221 0 188 15 216
221 0 200 15 217
220 0 198 1 218
220 0 207 1 219
220 0 213 1 220
220 0 233 15 221
219 0 224 1 222
220 0 254 15 223
224 0 279 1 224
223 0 290 1 225
220 0 304 1 226
221 0 174 1 227
226 0 324 1 228
224 0 151 1 229
227 0 61 1 230
226 0 130 1 231
236 0 37 5 232
232 0 82 15 233
237 0 329 1 234
239 0 156 1 235
241 0 131 1 236
244 0 62 1 237
244 0 93 15 238
257 0 72 1 239
255 0 126 1 240
256 0 138 1 241
254 0 146 1 242
254 0 155 1 243
254 0 167 1 244
254 0 185 1 245
253 0 188 1 246
253 0 208 15 247
252 0 223 15 248
252 0 241 15 249
252 0 256 15 250
252 0 283 1 251
254 0 290 1 252
257 0 303 1 253
254 0 315 1 254
257 0 327 1 255
257 0 116 1 256
255 0 176 1 257
256 0 106 1 258
259 0 90 15 259
267 0 102 1 260
267 0 127 1 261
269 0 137 1 262
269 0 151 1 263
269 0 161 1 264
268 0 174 15 265
268 0 193 15 266
266 0 189 1 267
267 0 215 15 268
268 0 232 15 269
273 0 246 15 270
273 0 260 15 271
273 0 273 15 272
273 0 287 15 273
273 0 301 15 274
269 0 315 1 275
268 0 333 5 276
267 0 175 1 277
274 0 118 1 278
279 0 95 15 279
279 0 111 1 280
281 0 130 1 281
283 0 158 1 282
287 0 329 1 283
285 0 104 1 284
293 0 75 1 285
292 0 131 1 286
291 0 156 1 287
295 0 113 1 288
300 0 96 15 289
308 0 107 1 290
303 0 124 1 291
304 0 132 1 292
300 0 143 1 293
307 0 163 15 294
300 0 164 1 295
305 0 188 15 296
307 0 204 15 297
305 0 214 15 298
307 0 230 15 299
307 0 248 15 300
309 0 263 1 301
307 0 272 15 302
307 0 285 15 303
309 0 299 1 304
307 0 311 15 305
307 0 325 15 306
308 0 182 15 307
312 0 116 15 308
316 0 92 1 309
321 0 126 1 310
319 0 133 1 311
319 0 148 1 312
312 0 155 1 313
313 0 166 1 314
319 0 191 1 315
321 0 204 1 316
315 0 209 15 317
319 0 229 1 318
321 0 248 1 319
319 0 258 1 320
321 0 272 1 321
319 0 284 1 322
321 0 299 1 323
319 0 312 1 324
321 0 320 1 325
322 0 182 1 326
326 0 80 1 327
329 0 101 15 328
329 0 128 1 329
326 0 156 15 330
332 0 327 15 331
333 0 100 1 332
336 0 87 15 333
345 0 110 1 334
342 0 124 15 335
342 0 145 15 336
340 0 160 1 337
342 0 171 15 338
338 0 188 1 339
342 0 203 15 340
332 0 203 1 341
342 0 230 15 342
342 0 249 15 343
342 0 264 15 344
340 0 277 1 345
342 0 286 15 346
342 0 302 15 347
339 0 325 5 348
342 0 330 15 349
341 0 180 1 350
347 0 98 15 351
359 0 104 1 352
360 0 118 15 353
361 0 115 5 354
361 0 131 1 355
366 0 138 1 356
352 0 188 15 357
342 0 188 1 358
341 0 197 1 359
342 0 212 1 360
348 0 238 1 361
350 0 253 1 362
386 0 277 1 363
364 0 302 5 364
362 0 311 15 365
354 0 322 5 366
359 0 331 5 367
353 0 173 15 368
369 0 116 15 369
376 0 140 15 370
387 0 131 5 371
394 0 146 1 372
390 0 267 15 373
398 0 168 1 374
397 0 200 15 375
391 0 237 15 376
392 0 300 15 377
382 0 333 15 378
386 0 101 5 379
389 0 325 5 380
390 0 140 15 381
407 0 131 5 382
409 0 150 1 383
405 0 168 15 384
405 0 180 15 385
403 0 194 15 386
408 0 199 1 387
400 0 224 15 388
400 0 241 15 389
400 0 255 15 390
400 0 270 15 391
400 0 284 15 392
400 0 296 15 393
400 0 312 15 394
400 0 321 15 395
402 0 105 1 396
407 0 140 15 397
401 0 333 15 398
416 0 145 15 399
413 0 116 15 400
433 0 128 5 401
424 0 336 5 402
424 0 160 15 403
439 0 101 5 404
440 0 139 1 405
441 0 336 5 406
443 0 152 1 407
450 0 111 1 408
440 0 158 15 409
461 0 336 5 410
445 0 169 15 411
465 0 112 5 412
466 0 147 5 413
476 0 162 5 414
473 0 121 1 415
467 0 141 15 416
470 0 181 1 417
470 0 218 1 418
470 0 248 1 419
477 0 261 5 420
470 0 157 1 421
470 0 198 1 422
478 0 230 5 423
470 0 275 1 424
478 0 296 5 425
478 0 315 5 426
468 0 325 1 427
-49 0 12 5 428
-14 0 16 1 429
18 0 12 5 430
54 0 12 5 431
85 0 12 5 432
116 0 12 5 433
147 0 12 5 434
178 0 12 5 435
214 0 12 5 436
254 0 12 5 437
285 0 12 5 438
316 0 12 5 439
347 0 12 5 440
383 0 12 5 441
414 0 17 1 442
450 0 12 5 443
481 0 16 1 444
490 0 38 1 445
494 0 66 5 446
494 0 102 5 447
494 0 138 5 448
494 0 174 5 449
494 0 204 5 450
494 0 240 5 451
494 0 276 5 452
486 0 308 1 453
494 0 343 5 454
455 0 341 1 455
427 0 348 5 456
391 0 348 5 457
354 0 345 15 458
317 0 344 15 459
288 0 348 5 460
252 0 348 5 461
221 0 348 5 462
192 0 341 1 463
160 0 348 5 464
125 0 341 1 465
93 0 348 5 466
58 0 345 15 467
23 0 345 15 468
-15 0 348 5 469
-49 0 346 5 470
-54 0 315 5 471
-54 0 279 5 472
-54 0 248 5 473
-54 0 212 5 474
-54 0 177 5 475
-54 0 141 5 476
-50 0 112 15 477
-49 0 79 15 478
-54 0 38 5 479
