480
-31 0 127 5 0
-26 0 160 15 1
-29 0 165 15 2
-31 0 180 5 3
-26 0 204 15 4
-31 0 217 5 5
-31 0 238 5 6
-26 0 258 15 7
-26 0 277 15 8
-26 0 294 15 9
-26 0 311 15 10
-26 0 326 15 11
-30 0 142 5 12
-24 0 127 15 13
-20 0 159 15 14
-12 0 328 15 15
-11 0 164 15 16
-5 0 125 15 17
-3 0 150 5 18
0 0 331 5 19
3 0 154 5 20
16 0 125 15 21
23 0 152 15 22
24 0 331 5 23
27 0 155 1 24
36 0 120 1 25
46 0 152 15 26
49 0 331 5 27
50 0 153 1 28
49 0 180 15 29
43 0 197 1 30
44 0 232 15 31
39 0 289 5 32
47 0 165 5 33
45 0 184 5 34
45 0 219 15 35
45 0 244 15 36
45 0 256 15 37
40 0 275 5 38
45 0 302 15 39
47 0 310 15 40
49 0 318 5 41
61 0 120 1 42
61 0 165 5 43
66 0 153 15 44
66 0 191 15 45
70 0 223 15 46
73 0 242 15 47
59 0 268 15 48
67 0 331 5 49
71 0 153 1 50
68 0 301 15 51
72 0 318 5 52
75 0 174 15 53
76 0 152 15 54
77 0 329 15 55
78 0 168 15 56
79 0 129 15 57
79 0 138 15 58
79 0 154 15 59
79 0 179 15 60
80 0 184 1 61
80 0 194 1 62
80 0 203 1 63
79 0 218 15 64
80 0 226 1 65
80 0 238 1 66
79 0 251 15 67
80 0 259 1 68
79 0 269 15 69
80 0 277 1 70
79 0 287 15 71
80 0 298 1 72
79 0 307 15 73
79 0 319 15 74
84 0 115 1 75
89 0 112 1 76
92 0 131 1 77
93 0 139 1 78
94 0 151 15 79
93 0 166 1 80
94 0 175 15 81
93 0 197 1 82
93 0 209 1 83
94 0 219 15 84
93 0 235 1 85
93 0 253 1 86
93 0 267 1 87
93 0 279 1 88
92 0 289 1 89
93 0 303 1 90
92 0 315 1 91
93 0 325 1 92
94 0 185 1 93
96 0 95 1 94
99 0 121 1 95
102 0 90 1 96
104 0 112 15 97
107 0 327 15 98
109 0 131 1 99
107 0 163 15 100
113 0 80 1 101
113 0 100 1 102
117 0 273 15 103
117 0 285 15 104
117 0 303 15 105
117 0 320 15 106
118 0 330 5 107
119 0 175 15 108
119 0 209 15 109
119 0 227 15 110
117 0 241 15 111
120 0 91 1 112
120 0 134 1 113
120 0 144 1 114
120 0 158 1 115
120 0 191 15 116
118 0 257 15 117
121 0 124 1 118
125 0 116 1 119
130 0 104 15 120
129 0 129 1 121
130 0 137 1 122
129 0 151 1 123
130 0 165 1 124
130 0 172 1 125
129 0 189 1 126
130 0 200 1 127
130 0 212 1 128
131 0 228 15 129
131 0 249 15 130
129 0 263 15 131
129 0 275 15 132
129 0 287 15 133
129 0 301 15 134
130 0 314 1 135
131 0 328 5 136
131 0 181 1 137
135 0 119 1 138
138 0 88 1 139
140 0 112 1 140
145 0 160 1 141
146 0 326 1 142
146 0 130 1 143
148 0 81 1 144
149 0 103 1 145
157 0 324 1 146
157 0 162 1 147
158 0 112 1 148
158 0 131 1 149
156 0 87 1 150
164 0 119 1 151
168 0 104 15 152
167 0 130 1 153
168 0 139 1 154
168 0 153 1 155
167 0 164 1 156
168 0 176 1 157
167 0 192 1 158
167 0 204 1 159
166 0 212 1 160
167 0 228 1 161
167 0 247 15 162
167 0 261 15 163
167 0 281 1 164
169 0 290 1 165
169 0 304 1 166
170 0 315 1 167
170 0 327 1 168
169 0 127 1 169
168 0 181 1 170
177 0 83 1 171
183 0 103 15 172
185 0 113 1 173
184 0 129 1 174
184 0 138 1 175
183 0 151 1 176
184 0 163 1 177
185 0 171 1 178
184 0 195 15 179
182 0 204 15 180
182 0 215 15 181
184 0 232 15 182
182 0 247 15 183
182 0 261 15 184
184 0 279 1 185
183 0 289 1 186
185 0 302 1 187
183 0 312 1 188
184 0 328 5 189
185 0 184 15 190
184 0 64 1 191
196 0 89 15 192
199 0 161 1 193
199 0 323 1 194
201 0 131 1 195
199 0 76 1 196
201 0 46 5 197
209 0 64 1 198
213 0 325 1 199
214 0 157 1 200
213 0 186 1 201
213 0 197 1 202
213 0 209 1 203
213 0 214 1 204
213 0 222 1 205
213 0 231 1 206
213 0 237 1 207
213 0 251 1 208
212 0 268 15 209
215 0 286 1 210
214 0 300 1 211
216 0 134 1 212
215 0 178 1 213
220 0 29 5 214
219 0 53 1 215
221 0 191 15 216
221 0 202 15 217
220 0 207 1 218
221 0 216 1 219
220 0 223 1 220
221 0 237 15 221
220 0 237 1 222
221 0 258 15 223
223 0 276 1 224
222 0 287 1 225
221 0 301 1 226
222 0 179 1 227
225 0 324 1 228
225 0 157 1 229
227 0 63 1 230
227 0 132 1 231
234 0 44 5 232
234 0 80 15 233
237 0 326 1 234
239 0 160 1 235
241 0 132 1 236
243 0 64 1 237
245 0 92 15 238
254 0 75 1 239
255 0 128 1 240
256 0 138 1 241
255 0 149 1 242
255 0 161 1 243
255 0 171 1 244
255 0 191 1 245
255 0 198 1 246
254 0 213 15 247
254 0 229 15 248
254 0 246 15 249
254 0 260 15 250
254 0 279 1 251
255 0 288 1 252
256 0 301 1 253
255 0 313 1 254
256 0 324 1 255
257 0 117 1 256
256 0 180 1 257
257 0 106 1 258
260 0 90 15 259
267 0 101 1 260
268 0 128 1 261
269 0 138 1 262
269 0 152 1 263
269 0 164 1 264
268 0 175 15 265
268 0 195 15 266
267 0 198 1 267
268 0 217 15 268
268 0 233 15 269
271 0 248 15 270
271 0 262 15 271
270 0 274 15 272
270 0 286 15 273
270 0 301 15 274
269 0 313 1 275
268 0 327 5 276
268 0 180 1 277
274 0 119 1 278
279 0 95 15 279
279 0 111 1 280
282 0 132 1 281
284 0 160 1 282
287 0 327 1 283
287 0 104 1 284
292 0 79 1 285
294 0 132 1 286
293 0 159 1 287
296 0 113 1 288
300 0 96 15 289
308 0 107 1 290
306 0 126 1 291
306 0 134 1 292
304 0 147 1 293
308 0 163 15 294
305 0 169 1 295
307 0 191 15 296
308 0 204 15 297
307 0 215 15 298
308 0 231 15 299
308 0 249 15 300
309 0 262 1 301
308 0 273 15 302
308 0 285 15 303
309 0 299 1 304
308 0 310 15 305
308 0 322 15 306
309 0 183 15 307
313 0 117 15 308
317 0 94 1 309
321 0 127 1 310
320 0 135 1 311
320 0 149 1 312
317 0 160 1 313
317 0 170 1 314
320 0 193 1 315
321 0 204 1 316
318 0 212 15 317
320 0 231 1 318
321 0 249 1 319
320 0 260 1 320
321 0 272 1 321
320 0 284 1 322
321 0 299 1 323
320 0 310 1 324
321 0 320 1 325
322 0 183 1 326
327 0 81 1 327
329 0 102 15 328
331 0 130 1 329
330 0 159 15 330
333 0 325 15 331
335 0 107 1 332
338 0 92 15 333
345 0 120 1 334
344 0 131 15 335
344 0 148 15 336
343 0 163 1 337
344 0 174 15 338
342 0 192 1 339
344 0 205 15 340
339 0 211 1 341
344 0 232 15 342
344 0 250 15 343
344 0 264 15 344
343 0 276 1 345
344 0 286 15 346
344 0 301 15 347
342 0 318 5 348
344 0 326 15 349
344 0 182 1 350
347 0 104 15 351
359 0 115 1 352
359 0 127 15 353
360 0 133 5 354
360 0 147 1 355
362 0 156 1 356
356 0 191 15 357
351 0 196 1 358
350 0 206 1 359
351 0 222 1 360
354 0 243 1 361
355 0 257 1 362
372 0 274 1 363
361 0 292 5 364
360 0 304 15 365
356 0 315 5 366
359 0 325 5 367
356 0 178 15 368
367 0 124 15 369
372 0 152 15 370
379 0 151 5 371
384 0 165 1 372
382 0 268 15 373
386 0 185 1 374
386 0 213 15 375
383 0 242 15 376
384 0 295 15 377
379 0 329 15 378
381 0 117 5 379
383 0 318 5 380
385 0 151 15 381
396 0 151 5 382
397 0 168 1 383
396 0 180 15 384
396 0 191 15 385
394 0 204 15 386
397 0 212 1 387
393 0 230 15 388
393 0 244 15 389
393 0 256 15 390
393 0 270 15 391
393 0 282 15 392
393 0 293 15 393
393 0 307 15 394
393 0 315 15 395
396 0 119 1 396
399 0 152 15 397
397 0 329 15 398
408 0 157 15 399
409 0 124 15 400
420 0 146 5 401
417 0 330 5 402
420 0 165 15 403
429 0 117 5 404
431 0 151 1 405
433 0 330 5 406
436 0 161 1 407
442 0 122 1 408
438 0 160 15 409
451 0 330 5 410
444 0 169 15 411
457 0 122 5 412
458 0 156 5 413
469 0 166 5 414
468 0 127 1 415
465 0 143 15 416
466 0 184 1 417
466 0 219 1 418
467 0 249 1 419
470 0 261 5 420
467 0 159 1 421
467 0 200 1 422
471 0 233 5 423
467 0 275 1 424
471 0 295 5 425
471 0 314 5 426
466 0 325 1 427
-47 0 16 5 428
-13 0 18 1 429
20 0 16 5 430
54 0 16 5 431
86 0 16 5 432
118 0 16 5 433
149 0 16 5 434
181 0 16 5 435
216 0 16 5 436
251 0 16 5 437
283 0 16 5 438
315 0 16 5 439
347 0 16 5 440
381 0 16 5 441
413 0 19 1 442
447 0 16 5 443
480 0 18 1 444
487 0 42 1 445
489 0 73 5 446
489 0 107 5 447
489 0 141 5 448
489 0 176 5 449
489 0 207 5 450
489 0 241 5 451
489 0 275 5 452
485 0 308 1 453
489 0 341 5 454
453 0 341 1 455
423 0 344 5 456
389 0 344 5 457
354 0 342 15 458
319 0 342 15 459
288 0 344 5 460
254 0 344 5 461
222 0 344 5 462
191 0 341 1 463
159 0 344 5 464
125 0 341 1 465
93 0 344 5 466
59 0 342 15 467
25 0 342 15 468
-10 0 344 5 469
-43 0 343 5 470
-49 0 314 5 471
-49 0 280 5 472
-49 0 248 5 473
-49 0 214 5 474
-49 0 180 5 475
-49 0 146 5 476
-47 0 115 15 477
-47 0 82 15 478
-49 0 46 5 479
