480
-36 0 122 5 0
-28 0 159 15 1
-32 0 162 15 2
-36 0 177 5 3
-27 0 204 15 4
-36 0 214 5 5
-36 0 237 5 6
-27 0 258 15 7
-27 0 277 15 8
-27 0 295 15 9
-27 0 311 15 10
-27 0 327 15 11
-35 0 137 5 12
-28 0 122 15 13
-22 0 156 15 14
-14 0 330 15 15
-16 0 159 15 16
-9 0 120 15 17
-10 0 141 5 18
-5 0 335 5 19
-4 0 143 5 20
13 0 120 15 21
18 0 145 15 22
20 0 335 5 23
22 0 145 1 24
34 0 111 1 25
44 0 144 15 26
47 0 335 5 27
48 0 141 1 28
45 0 171 15 29
36 0 185 1 30
37 0 227 15 31
29 0 293 5 32
42 0 151 5 33
38 0 170 5 34
38 0 211 15 35
38 0 240 15 36
38 0 254 15 37
30 0 277 5 38
38 0 306 15 39
42 0 314 15 40
45 0 322 5 41
60 0 110 1 42
59 0 151 5 43
66 0 145 15 44
65 0 180 15 45
71 0 221 15 46
76 0 237 15 47
51 0 266 15 48
66 0 335 5 49
71 0 141 1 50
65 0 306 15 51
72 0 322 5 52
75 0 166 15 53
76 0 145 15 54
77 0 332 15 55
78 0 167 15 56
79 0 127 15 57
79 0 136 15 58
79 0 152 15 59
79 0 178 15 60
80 0 180 1 61
81 0 191 1 62
80 0 202 1 63
79 0 217 15 64
80 0 224 1 65
80 0 237 1 66
79 0 250 15 67
80 0 258 1 68
79 0 268 15 69
80 0 276 1 70
79 0 287 15 71
80 0 298 1 72
79 0 308 15 73
79 0 321 15 74
84 0 109 1 75
89 0 112 1 76
92 0 130 1 77
94 0 138 1 78
95 0 148 15 79
94 0 164 1 80
95 0 172 15 81
94 0 196 1 82
94 0 208 1 83
95 0 217 15 84
94 0 234 1 85
93 0 252 1 86
93 0 267 1 87
93 0 279 1 88
92 0 289 1 89
93 0 303 1 90
92 0 315 1 91
93 0 325 1 92
95 0 183 1 93
96 0 88 1 94
99 0 119 1 95
102 0 85 1 96
104 0 111 15 97
107 0 328 15 98
110 0 129 1 99
107 0 162 15 100
114 0 78 1 101
114 0 98 1 102
116 0 273 15 103
116 0 286 15 104
116 0 304 15 105
116 0 323 15 106
118 0 334 5 107
119 0 175 15 108
119 0 209 15 109
119 0 227 15 110
117 0 239 15 111
120 0 90 1 112
120 0 133 1 113
120 0 144 1 114
120 0 157 1 115
120 0 190 15 116
117 0 256 15 117
121 0 124 1 118
126 0 115 1 119
130 0 103 15 120
129 0 128 1 121
130 0 136 1 122
129 0 149 1 123
130 0 163 1 124
130 0 169 1 125
129 0 184 1 126
131 0 194 1 127
131 0 206 1 128
131 0 223 15 129
132 0 248 15 130
128 0 262 15 131
128 0 275 15 132
128 0 288 15 133
128 0 302 15 134
131 0 315 1 135
132 0 332 5 136
131 0 178 1 137
135 0 119 1 138
137 0 84 1 139
140 0 111 1 140
145 0 158 1 141
146 0 328 1 142
145 0 129 1 143
147 0 80 1 144
148 0 103 1 145
157 0 325 1 146
157 0 161 1 147
158 0 111 1 148
157 0 131 1 149
153 0 82 1 150
163 0 117 1 151
167 0 103 15 152
165 0 129 1 153
167 0 138 1 154
167 0 152 1 155
165 0 161 1 156
167 0 173 1 157
165 0 187 1 158
166 0 200 1 159
164 0 205 1 160
165 0 221 1 161
165 0 242 15 162
165 0 257 15 163
166 0 284 1 164
168 0 291 1 165
169 0 305 1 166
171 0 317 1 167
170 0 329 1 168
168 0 126 1 169
165 0 177 1 170
175 0 81 1 171
182 0 103 15 172
186 0 112 1 173
184 0 128 1 174
184 0 138 1 175
183 0 150 1 176
185 0 161 1 177
186 0 166 1 178
184 0 194 15 179
181 0 201 15 180
181 0 212 15 181
185 0 230 15 182
181 0 244 15 183
182 0 258 15 184
185 0 281 1 185
182 0 290 1 186
186 0 303 1 187
183 0 312 1 188
185 0 332 5 189
185 0 183 15 190
180 0 60 1 191
196 0 89 15 192
199 0 160 1 193
199 0 324 1 194
201 0 129 1 195
197 0 74 1 196
199 0 41 5 197
208 0 63 1 198
213 0 327 1 199
214 0 154 1 200
212 0 180 1 201
212 0 191 1 202
213 0 203 1 203
211 0 206 1 204
212 0 214 1 205
212 0 224 1 206
211 0 229 1 207
211 0 243 1 208
211 0 265 15 209
215 0 287 1 210
214 0 301 1 211
216 0 133 1 212
214 0 173 1 213
220 0 25 5 214
218 0 53 1 215
221 0 190 15 216
221 0 201 15 217
220 0 201 1 218
220 0 210 1 219
220 0 217 1 220
221 0 235 15 221
219 0 229 1 222
221 0 256 15 223
223 0 278 1 224
222 0 289 1 225
220 0 303 1 226
221 0 176 1 227
226 0 324 1 228
224 0 153 1 229
227 0 62 1 230
226 0 131 1 231
235 0 40 5 232
233 0 81 15 233
237 0 328 1 234
239 0 158 1 235
241 0 131 1 236
244 0 63 1 237
244 0 93 15 238
256 0 73 1 239
255 0 127 1 240
256 0 138 1 241
255 0 147 1 242
254 0 157 1 243
255 0 168 1 244
255 0 187 1 245
254 0 192 1 246
253 0 209 15 247
253 0 225 15 248
253 0 243 15 249
252 0 257 15 250
253 0 282 1 251
254 0 289 1 252
256 0 302 1 253
254 0 314 1 254
256 0 326 1 255
257 0 116 1 256
256 0 178 1 257
256 0 106 1 258
259 0 90 15 259
267 0 102 1 260
268 0 127 1 261
269 0 137 1 262
269 0 151 1 263
269 0 162 1 264
268 0 174 15 265
268 0 194 15 266
267 0 192 1 267
268 0 216 15 268
268 0 233 15 269
272 0 247 15 270
272 0 261 15 271
272 0 274 15 272
272 0 287 15 273
272 0 301 15 274
269 0 314 1 275
268 0 331 5 276
268 0 177 1 277
274 0 118 1 278
279 0 95 15 279
279 0 111 1 280
281 0 131 1 281
283 0 159 1 282
287 0 329 1 283
286 0 104 1 284
292 0 77 1 285
293 0 131 1 286
292 0 157 1 287
296 0 113 1 288
300 0 96 15 289
308 0 107 1 290
304 0 124 1 291
305 0 133 1 292
301 0 144 1 293
308 0 163 15 294
302 0 166 1 295
305 0 190 15 296
307 0 204 15 297
305 0 214 15 298
307 0 230 15 299
307 0 248 15 300
309 0 263 1 301
307 0 272 15 302
307 0 285 15 303
309 0 299 1 304
307 0 310 15 305
307 0 324 15 306
308 0 182 15 307
313 0 116 15 308
316 0 93 1 309
321 0 126 1 310
319 0 133 1 311
319 0 148 1 312
313 0 157 1 313
314 0 167 1 314
319 0 192 1 315
321 0 204 1 316
316 0 210 15 317
319 0 230 1 318
321 0 248 1 319
320 0 259 1 320
321 0 272 1 321
320 0 284 1 322
321 0 299 1 323
320 0 311 1 324
321 0 320 1 325
322 0 182 1 326
327 0 80 1 327
329 0 102 15 328
330 0 129 1 329
327 0 157 15 330
333 0 327 15 331
334 0 103 1 332
337 0 89 15 333
345 0 113 1 334
343 0 127 15 335
343 0 146 15 336
341 0 161 1 337
343 0 172 15 338
339 0 190 1 339
343 0 204 15 340
334 0 205 1 341
343 0 231 15 342
343 0 249 15 343
343 0 264 15 344
341 0 277 1 345
343 0 286 15 346
343 0 302 15 347
340 0 322 5 348
343 0 329 15 349
342 0 181 1 350
347 0 100 15 351
359 0 108 1 352
359 0 121 15 353
360 0 121 5 354
361 0 137 1 355
365 0 145 1 356
353 0 189 15 357
345 0 191 1 358
344 0 200 1 359
345 0 216 1 360
350 0 240 1 361
352 0 254 1 362
381 0 276 1 363
363 0 299 5 364
362 0 308 15 365
355 0 320 5 366
359 0 329 5 367
354 0 175 15 368
369 0 119 15 369
375 0 145 15 370
384 0 138 5 371
390 0 153 1 372
387 0 267 15 373
394 0 175 1 374
393 0 205 15 375
388 0 238 15 376
389 0 298 15 377
381 0 331 15 378
384 0 107 5 379
387 0 322 5 380
388 0 144 15 381
403 0 138 5 382
405 0 157 1 383
402 0 172 15 384
402 0 183 15 385
400 0 198 15 386
404 0 204 1 387
397 0 226 15 388
397 0 242 15 389
397 0 255 15 390
397 0 270 15 391
397 0 283 15 392
397 0 295 15 393
397 0 310 15 394
397 0 319 15 395
400 0 110 1 396
404 0 145 15 397
399 0 331 15 398
413 0 149 15 399
411 0 119 15 400
428 0 134 5 401
422 0 334 5 402
422 0 161 15 403
435 0 107 5 404
437 0 144 1 405
438 0 334 5 406
441 0 155 1 407
447 0 115 1 408
439 0 159 15 409
457 0 334 5 410
445 0 169 15 411
462 0 116 5 412
463 0 150 5 413
474 0 163 5 414
471 0 123 1 415
466 0 141 15 416
469 0 182 1 417
469 0 218 1 418
469 0 249 1 419
475 0 261 5 420
469 0 158 1 421
469 0 199 1 422
476 0 231 5 423
469 0 275 1 424
476 0 296 5 425
476 0 315 5 426
468 0 325 1 427
-48 0 14 5 428
-14 0 17 1 429
19 0 14 5 430
54 0 14 5 431
85 0 14 5 432
116 0 14 5 433
148 0 14 5 434
179 0 14 5 435
214 0 14 5 436
253 0 14 5 437
284 0 14 5 438
315 0 14 5 439
347 0 14 5 440
382 0 14 5 441
414 0 17 1 442
449 0 14 5 443
481 0 17 1 444
489 0 39 1 445
492 0 68 5 446
492 0 104 5 447
492 0 139 5 448
492 0 174 5 449
492 0 205 5 450
492 0 240 5 451
492 0 275 5 452
486 0 308 1 453
492 0 342 5 454
454 0 341 1 455
426 0 346 5 456
390 0 346 5 457
354 0 344 15 458
318 0 343 15 459
288 0 346 5 460
253 0 346 5 461
221 0 346 5 462
192 0 341 1 463
160 0 346 5 464
125 0 341 1 465
93 0 346 5 466
59 0 344 15 467
24 0 344 15 468
-13 0 346 5 469
-47 0 345 5 470
-52 0 315 5 471
-52 0 279 5 472
-52 0 248 5 473
-52 0 213 5 474
-52 0 178 5 475
-52 0 143 5 476
-49 0 113 15 477
-49 0 80 15 478
-52 0 41 5 479
