480
-52 0 102 5 0
-32 0 155 15 1
-43 0 151 15 2
-52 0 163 5 3
-31 0 203 15 4
-52 0 203 5 5
-52 0 233 5 6
-31 0 258 15 7
-31 0 277 15 8
-31 0 296 15 9
-31 0 313 15 10
-31 0 330 15 11
-51 0 121 5 12
-40 0 107 15 13
-32 0 147 15 14
-22 0 336 15 15
-32 0 143 15 16
-22 0 100 15 17
-33 0 109 5 18
-25 0 347 5 19
-29 0 103 5 20
4 0 100 15 21
2 0 118 15 22
7 0 347 5 23
5 0 108 1 24
24 0 78 1 25
39 0 117 15 26
40 0 347 5 27
41 0 100 1 28
33 0 137 15 29
10 0 141 1 30
14 0 208 15 31
-6 0 309 5 32
25 0 102 5 33
15 0 115 5 34
15 0 185 15 35
15 0 223 15 36
15 0 244 15 37
-5 0 283 5 38
15 0 323 15 39
24 0 328 15 40
32 0 338 5 41
57 0 78 1 42
51 0 102 5 43
65 0 118 15 44
59 0 143 15 45
74 0 211 15 46
85 0 220 15 47
24 0 259 15 48
60 0 347 5 49
73 0 99 1 50
55 0 322 15 51
72 0 338 5 52
77 0 138 15 53
78 0 118 15 54
78 0 340 15 55
79 0 163 15 56
79 0 117 15 57
79 0 130 15 58
79 0 147 15 59
79 0 175 15 60
83 0 169 1 61
84 0 182 1 62
83 0 195 1 63
79 0 216 15 64
83 0 216 1 65
83 0 232 1 66
79 0 247 15 67
83 0 254 1 68
80 0 267 15 69
83 0 273 1 70
80 0 287 15 71
83 0 300 1 72
80 0 309 15 73
79 0 326 15 74
87 0 89 1 75
90 0 111 1 76
92 0 128 1 77
96 0 133 1 78
98 0 138 15 79
96 0 156 1 80
98 0 161 15 81
96 0 191 1 82
96 0 205 1 83
99 0 212 15 84
96 0 229 1 85
95 0 250 1 86
95 0 266 1 87
95 0 281 1 88
92 0 288 1 89
95 0 304 1 90
92 0 317 1 91
95 0 324 1 92
97 0 177 1 93
98 0 61 1 94
100 0 116 1 95
104 0 67 1 96
105 0 106 15 97
107 0 332 15 98
113 0 123 1 99
107 0 161 15 100
117 0 71 1 101
117 0 89 1 102
113 0 272 15 103
113 0 287 15 104
113 0 308 15 105
113 0 333 15 106
118 0 346 5 107
119 0 173 15 108
119 0 208 15 109
119 0 226 15 110
114 0 234 15 111
121 0 88 1 112
120 0 132 1 113
121 0 142 1 114
121 0 154 1 115
120 0 187 15 116
115 0 253 15 117
121 0 123 1 118
127 0 113 1 119
130 0 101 15 120
129 0 125 1 121
131 0 132 1 122
129 0 144 1 123
130 0 158 1 124
131 0 157 1 125
128 0 166 1 126
132 0 174 1 127
133 0 188 1 128
134 0 207 15 129
136 0 241 15 130
125 0 257 15 131
126 0 272 15 132
126 0 288 15 133
126 0 303 15 134
133 0 319 1 135
135 0 345 5 136
133 0 166 1 137
135 0 118 1 138
133 0 71 1 139
138 0 111 1 140
143 0 152 1 141
147 0 333 1 142
143 0 124 1 143
144 0 76 1 144
146 0 104 1 145
158 0 326 1 146
155 0 159 1 147
157 0 111 1 148
155 0 129 1 149
144 0 66 1 150
159 0 114 1 151
164 0 101 15 152
159 0 124 1 153
164 0 134 1 154
164 0 147 1 155
159 0 150 1 156
164 0 165 1 157
158 0 171 1 158
160 0 185 1 159
157 0 182 1 160
158 0 199 1 161
158 0 224 15 162
160 0 242 15 163
161 0 292 1 164
166 0 295 1 165
169 0 308 1 166
173 0 320 1 167
171 0 334 1 168
164 0 123 1 169
158 0 160 1 170
168 0 71 1 171
181 0 101 15 172
189 0 110 1 173
186 0 124 1 174
184 0 136 1 175
182 0 145 1 176
186 0 151 1 177
189 0 151 1 178
186 0 190 15 179
177 0 191 15 180
177 0 203 15 181
187 0 222 15 182
178 0 232 15 183
179 0 249 15 184
188 0 288 1 185
181 0 294 1 186
190 0 306 1 187
183 0 312 1 188
187 0 345 5 189
187 0 179 15 190
162 0 43 1 191
196 0 91 15 192
198 0 155 1 193
197 0 325 1 194
199 0 123 1 195
190 0 66 1 196
192 0 24 5 197
203 0 59 1 198
213 0 333 1 199
212 0 142 1 200
210 0 162 1 201
209 0 172 1 202
210 0 185 1 203
207 0 181 1 204
208 0 188 1 205
208 0 198 1 206
207 0 201 1 207
207 0 215 1 208
206 0 253 15 209
215 0 292 1 210
213 0 305 1 211
216 0 132 1 212
211 0 157 1 213
220 0 13 5 214
215 0 51 1 215
221 0 183 15 216
221 0 194 15 217
218 0 180 1 218
218 0 190 1 219
217 0 195 1 220
220 0 226 15 221
215 0 199 1 222
220 0 247 15 223
226 0 286 1 224
224 0 296 1 225
220 0 310 1 226
220 0 164 1 227
227 0 325 1 228
223 0 140 1 229
228 0 58 1 230
225 0 126 1 231
239 0 23 5 232
227 0 85 15 233
237 0 333 1 234
238 0 150 1 235
241 0 129 1 236
246 0 58 1 237
241 0 94 15 238
262 0 65 1 239
254 0 124 1 240
256 0 138 1 241
253 0 140 1 242
253 0 143 1 243
253 0 157 1 244
253 0 176 1 245
251 0 171 1 246
250 0 197 15 247
249 0 212 15 248
249 0 231 15 249
248 0 248 15 250
249 0 291 1 251
252 0 293 1 252
258 0 305 1 253
253 0 318 1 254
258 0 332 1 255
258 0 116 1 256
254 0 166 1 257
255 0 106 1 258
258 0 91 15 259
268 0 103 1 260
266 0 125 1 261
269 0 137 1 262
269 0 150 1 263
269 0 156 1 264
268 0 172 15 265
268 0 190 15 266
264 0 172 1 267
266 0 213 15 268
267 0 230 15 269
277 0 240 15 270
277 0 256 15 271
277 0 272 15 272
277 0 288 15 273
277 0 302 15 274
270 0 318 1 275
267 0 345 5 276
265 0 164 1 277
273 0 117 1 278
279 0 95 15 279
278 0 112 1 280
278 0 128 1 281
280 0 155 1 282
286 0 334 1 283
282 0 105 1 284
295 0 68 1 285
288 0 128 1 286
286 0 151 1 287
293 0 113 1 288
300 0 96 15 289
308 0 107 1 290
297 0 121 1 291
299 0 128 1 292
291 0 136 1 293
306 0 162 15 294
292 0 155 1 295
301 0 183 15 296
306 0 203 15 297
301 0 212 15 298
306 0 227 15 299
306 0 247 15 300
309 0 263 1 301
306 0 271 15 302
306 0 286 15 303
309 0 301 1 304
306 0 312 15 305
306 0 329 15 306
307 0 181 15 307
310 0 116 15 308
314 0 90 1 309
320 0 125 1 310
316 0 130 1 311
316 0 145 1 312
302 0 147 1 313
304 0 158 1 314
316 0 188 1 315
320 0 202 1 316
308 0 201 15 317
316 0 226 1 318
321 0 247 1 319
317 0 255 1 320
320 0 271 1 321
317 0 285 1 322
320 0 301 1 323
317 0 314 1 324
320 0 320 1 325
321 0 181 1 326
325 0 76 1 327
329 0 100 15 328
326 0 122 1 329
320 0 151 15 330
331 0 330 15 331
330 0 86 1 332
334 0 78 15 333
345 0 91 1 334
339 0 110 15 335
339 0 137 15 336
334 0 155 1 337
339 0 166 15 338
330 0 181 1 339
339 0 200 15 340
318 0 187 1 341
339 0 226 15 342
339 0 246 15 343
338 0 264 15 344
334 0 280 1 345
338 0 287 15 346
338 0 305 15 347
332 0 338 5 348
339 0 338 15 349
335 0 175 1 350
347 0 87 15 351
359 0 82 1 352
361 0 101 15 353
363 0 81 5 354
363 0 99 1 355
374 0 104 1 356
346 0 183 15 357
325 0 173 1 358
324 0 180 1 359
326 0 193 1 360
338 0 227 1 361
342 0 244 1 362
414 0 281 1 363
369 0 322 5 364
366 0 324 15 365
350 0 336 5 366
360 0 343 5 367
347 0 162 15 368
373 0 99 15 369
384 0 118 15 370
401 0 93 5 371
413 0 110 1 372
406 0 264 15 373
421 0 135 1 374
418 0 176 15 375
406 0 228 15 376
407 0 309 15 377
387 0 341 15 378
394 0 71 5 379
401 0 338 5 380
400 0 117 15 381
428 0 93 5 382
432 0 117 1 383
424 0 142 15 384
424 0 156 15 385
419 0 177 15 386
430 0 176 1 387
413 0 214 15 388
413 0 236 15 389
413 0 251 15 390
413 0 272 15 391
413 0 288 15 392
413 0 301 15 393
413 0 322 15 394
413 0 332 15 395
412 0 79 1 396
421 0 118 15 397
408 0 340 15 398
432 0 121 15 399
421 0 100 15 400
458 0 92 5 401
439 0 346 5 402
431 0 151 15 403
458 0 71 5 404
458 0 117 1 405
458 0 346 5 406
458 0 135 1 407
466 0 90 1 408
443 0 155 15 409
479 0 346 5 410
447 0 168 15 411
482 0 93 5 412
483 0 132 5 413
490 0 155 5 414
482 0 109 1 415
470 0 136 15 416
476 0 177 1 417
476 0 217 1 418
476 0 247 1 419
491 0 260 5 420
476 0 153 1 421
476 0 195 1 422
492 0 224 5 423
476 0 273 1 424
492 0 298 5 425
492 0 319 5 426
472 0 325 1 427
-53 0 5 5 428
-16 0 12 1 429
15 0 5 5 430
54 0 5 5 431
83 0 5 5 432
113 0 5 5 433
142 0 5 5 434
171 0 5 5 435
210 0 5 5 436
258 0 5 5 437
288 0 5 5 438
317 0 5 5 439
346 0 5 5 440
385 0 5 5 441
415 0 14 1 442
454 0 5 5 443
484 0 13 1 444
495 0 29 1 445
503 0 53 5 446
503 0 92 5 447
503 0 131 5 448
503 0 170 5 449
503 0 198 5 450
503 0 238 5 451
503 0 277 5 452
488 0 309 1 453
503 0 345 5 454
457 0 343 1 455
435 0 355 5 456
396 0 355 5 457
355 0 349 15 458
313 0 347 15 459
288 0 355 5 460
249 0 355 5 461
220 0 355 5 462
193 0 343 1 463
162 0 355 5 464
125 0 342 1 465
94 0 355 5 466
57 0 349 15 467
19 0 349 15 468
-24 0 355 5 469
-60 0 352 5 470
-63 0 317 5 471
-63 0 277 5 472
-63 0 248 5 473
-63 0 209 5 474
-63 0 171 5 475
-63 0 132 5 476
-55 0 106 15 477
-54 0 72 15 478
-63 0 24 5 479
