480
-36 0 121 5 0
-28 0 159 15 1
-33 0 162 15 2
-36 0 177 5 3
-28 0 203 15 4
-36 0 214 5 5
-36 0 237 5 6
-28 0 258 15 7
-28 0 277 15 8
-28 0 295 15 9
-28 0 311 15 10
-28 0 327 15 11
-35 0 137 5 12
-28 0 122 15 13
-23 0 156 15 14
-14 0 330 15 15
-16 0 158 15 16
-9 0 119 15 17
-11 0 140 5 18
-6 0 335 5 19
-5 0 141 5 20
13 0 119 15 21
18 0 143 15 22
20 0 335 5 23
21 0 143 1 24
33 0 109 1 25
44 0 143 15 26
46 0 335 5 27
48 0 140 1 28
45 0 170 15 29
35 0 183 1 30
36 0 226 15 31
28 0 294 5 32
42 0 149 5 33
37 0 167 5 34
37 0 210 15 35
37 0 239 15 36
37 0 253 15 37
29 0 277 5 38
37 0 307 15 39
41 0 314 15 40
45 0 323 5 41
60 0 109 1 42
58 0 149 5 43
66 0 144 15 44
64 0 179 15 45
71 0 220 15 46
76 0 236 15 47
50 0 266 15 48
66 0 335 5 49
71 0 139 1 50
65 0 306 15 51
72 0 323 5 52
76 0 165 15 53
76 0 143 15 54
77 0 332 15 55
78 0 167 15 56
79 0 126 15 57
79 0 136 15 58
79 0 152 15 59
79 0 178 15 60
81 0 180 1 61
81 0 191 1 62
81 0 201 1 63
79 0 217 15 64
81 0 224 1 65
80 0 236 1 66
79 0 250 15 67
80 0 258 1 68
79 0 268 15 69
81 0 276 1 70
79 0 287 15 71
81 0 298 1 72
79 0 308 15 73
79 0 321 15 74
84 0 108 1 75
89 0 112 1 76
92 0 130 1 77
94 0 137 1 78
95 0 148 15 79
94 0 163 1 80
95 0 171 15 81
94 0 195 1 82
94 0 208 1 83
95 0 217 15 84
94 0 234 1 85
94 0 252 1 86
94 0 267 1 87
94 0 279 1 88
92 0 289 1 89
94 0 303 1 90
92 0 315 1 91
94 0 324 1 92
95 0 183 1 93
97 0 87 1 94
99 0 119 1 95
102 0 84 1 96
104 0 111 15 97
107 0 328 15 98
110 0 129 1 99
107 0 162 15 100
114 0 78 1 101
114 0 98 1 102
116 0 273 15 103
116 0 286 15 104
116 0 304 15 105
116 0 323 15 106
118 0 334 5 107
119 0 175 15 108
119 0 208 15 109
119 0 227 15 110
117 0 239 15 111
120 0 90 1 112
120 0 133 1 113
120 0 144 1 114
120 0 157 1 115
120 0 190 15 116
117 0 256 15 117
121 0 124 1 118
126 0 115 1 119
130 0 103 15 120
129 0 128 1 121
130 0 136 1 122
129 0 149 1 123
130 0 163 1 124
130 0 168 1 125
129 0 183 1 126
131 0 193 1 127
131 0 206 1 128
132 0 223 15 129
132 0 247 15 130
128 0 261 15 131
128 0 274 15 132
128 0 288 15 133
128 0 302 15 134
131 0 315 1 135
132 0 333 5 136
131 0 178 1 137
135 0 119 1 138
136 0 83 1 139
140 0 111 1 140
145 0 158 1 141
146 0 328 1 142
145 0 129 1 143
147 0 80 1 144
148 0 103 1 145
157 0 325 1 146
157 0 161 1 147
158 0 111 1 148
157 0 131 1 149
153 0 82 1 150
163 0 117 1 151
167 0 103 15 152
165 0 129 1 153
167 0 138 1 154
167 0 151 1 155
165 0 161 1 156
167 0 173 1 157
165 0 187 1 158
165 0 199 1 159
164 0 204 1 160
165 0 221 1 161
165 0 241 15 162
165 0 256 15 163
166 0 284 1 164
168 0 291 1 165
169 0 305 1 166
171 0 317 1 167
170 0 329 1 168
168 0 126 1 169
165 0 176 1 170
175 0 80 1 171
182 0 103 15 172
186 0 112 1 173
185 0 128 1 174
184 0 138 1 175
183 0 149 1 176
185 0 160 1 177
186 0 166 1 178
185 0 194 15 179
181 0 201 15 180
181 0 212 15 181
185 0 230 15 182
181 0 243 15 183
182 0 258 15 184
185 0 281 1 185
182 0 290 1 186
186 0 303 1 187
183 0 312 1 188
185 0 333 5 189
185 0 183 15 190
179 0 59 1 191
196 0 89 15 192
199 0 159 1 193
199 0 324 1 194
201 0 129 1 195
197 0 73 1 196
199 0 41 5 197
208 0 63 1 198
213 0 327 1 199
214 0 153 1 200
212 0 180 1 201
212 0 190 1 202
213 0 203 1 203
211 0 205 1 204
211 0 213 1 205
212 0 223 1 206
211 0 228 1 207
211 0 242 1 208
211 0 264 15 209
215 0 288 1 210
214 0 301 1 211
216 0 133 1 212
214 0 172 1 213
220 0 25 5 214
218 0 53 1 215
221 0 189 15 216
221 0 200 15 217
220 0 200 1 218
220 0 209 1 219
220 0 216 1 220
221 0 234 15 221
219 0 227 1 222
220 0 255 15 223
223 0 279 1 224
222 0 289 1 225
220 0 303 1 226
221 0 175 1 227
226 0 324 1 228
224 0 153 1 229
227 0 62 1 230
226 0 130 1 231
235 0 39 5 232
232 0 81 15 233
237 0 328 1 234
239 0 157 1 235
241 0 131 1 236
244 0 63 1 237
244 0 93 15 238
256 0 72 1 239
255 0 127 1 240
256 0 138 1 241
255 0 147 1 242
254 0 156 1 243
255 0 168 1 244
255 0 187 1 245
254 0 191 1 246
253 0 209 15 247
253 0 224 15 248
253 0 242 15 249
252 0 257 15 250
253 0 282 1 251
254 0 289 1 252
256 0 302 1 253
254 0 314 1 254
256 0 326 1 255
257 0 116 1 256
255 0 177 1 257
256 0 106 1 258
259 0 90 15 259
267 0 102 1 260
268 0 127 1 261
269 0 137 1 262
269 0 151 1 263
269 0 162 1 264
268 0 174 15 265
268 0 193 15 266
266 0 192 1 267
268 0 216 15 268
268 0 232 15 269
272 0 246 15 270
272 0 261 15 271
272 0 274 15 272
272 0 287 15 273
272 0 301 15 274
269 0 314 1 275
268 0 332 5 276
268 0 176 1 277
274 0 118 1 278
279 0 95 15 279
279 0 111 1 280
281 0 131 1 281
283 0 159 1 282
287 0 329 1 283
286 0 104 1 284
292 0 76 1 285
292 0 131 1 286
292 0 157 1 287
296 0 113 1 288
300 0 96 15 289
308 0 107 1 290
304 0 124 1 291
304 0 133 1 292
301 0 144 1 293
307 0 163 15 294
301 0 166 1 295
305 0 189 15 296
307 0 204 15 297
305 0 214 15 298
307 0 230 15 299
307 0 248 15 300
309 0 263 1 301
307 0 272 15 302
307 0 285 15 303
309 0 299 1 304
307 0 310 15 305
307 0 324 15 306
308 0 182 15 307
312 0 116 15 308
316 0 93 1 309
321 0 126 1 310
319 0 133 1 311
319 0 148 1 312
313 0 157 1 313
314 0 167 1 314
319 0 191 1 315
321 0 204 1 316
316 0 210 15 317
319 0 230 1 318
321 0 248 1 319
320 0 259 1 320
321 0 272 1 321
320 0 284 1 322
321 0 299 1 323
320 0 311 1 324
321 0 320 1 325
322 0 182 1 326
326 0 80 1 327
329 0 102 15 328
330 0 128 1 329
327 0 157 15 330
333 0 327 15 331
334 0 102 1 332
337 0 88 15 333
345 0 112 1 334
342 0 126 15 335
342 0 146 15 336
341 0 161 1 337
342 0 172 15 338
339 0 189 1 339
343 0 204 15 340
333 0 205 1 341
342 0 230 15 342
342 0 249 15 343
342 0 264 15 344
341 0 277 1 345
342 0 286 15 346
342 0 302 15 347
340 0 323 5 348
343 0 329 15 349
341 0 180 1 350
347 0 100 15 351
359 0 107 1 352
359 0 120 15 353
360 0 120 5 354
361 0 135 1 355
365 0 143 1 356
353 0 189 15 357
344 0 190 1 358
343 0 200 1 359
344 0 215 1 360
350 0 239 1 361
352 0 254 1 362
382 0 276 1 363
363 0 300 5 364
362 0 309 15 365
355 0 320 5 366
359 0 329 5 367
354 0 174 15 368
369 0 118 15 369
375 0 143 15 370
385 0 136 5 371
391 0 151 1 372
388 0 267 15 373
395 0 173 1 374
394 0 204 15 375
389 0 238 15 376
390 0 298 15 377
381 0 332 15 378
385 0 106 5 379
387 0 323 5 380
389 0 143 15 381
404 0 136 5 382
406 0 155 1 383
403 0 171 15 384
403 0 182 15 385
401 0 197 15 386
405 0 202 1 387
398 0 226 15 388
398 0 242 15 389
398 0 255 15 390
398 0 270 15 391
398 0 283 15 392
398 0 295 15 393
398 0 311 15 394
398 0 319 15 395
400 0 109 1 396
405 0 143 15 397
400 0 332 15 398
414 0 148 15 399
412 0 118 15 400
429 0 132 5 401
422 0 334 5 402
423 0 161 15 403
436 0 106 5 404
438 0 142 1 405
439 0 334 5 406
441 0 154 1 407
448 0 114 1 408
439 0 159 15 409
458 0 334 5 410
445 0 169 15 411
463 0 115 5 412
464 0 150 5 413
475 0 163 5 414
472 0 122 1 415
466 0 141 15 416
469 0 182 1 417
469 0 218 1 418
469 0 249 1 419
475 0 261 5 420
469 0 158 1 421
470 0 199 1 422
476 0 231 5 423
470 0 275 1 424
476 0 296 5 425
476 0 315 5 426
468 0 325 1 427
-48 0 13 5 428
-14 0 17 1 429
18 0 13 5 430
54 0 13 5 431
85 0 13 5 432
116 0 13 5 433
148 0 13 5 434
179 0 13 5 435
214 0 13 5 436
253 0 13 5 437
284 0 13 5 438
316 0 13 5 439
347 0 13 5 440
382 0 13 5 441
414 0 17 1 442
449 0 13 5 443
481 0 17 1 444
489 0 39 1 445
493 0 68 5 446
493 0 103 5 447
493 0 139 5 448
493 0 174 5 449
493 0 205 5 450
493 0 240 5 451
493 0 276 5 452
486 0 308 1 453
493 0 342 5 454
454 0 341 1 455
426 0 347 5 456
390 0 347 5 457
354 0 344 15 458
317 0 343 15 459
288 0 347 5 460
253 0 347 5 461
221 0 347 5 462
192 0 341 1 463
160 0 347 5 464
125 0 341 1 465
93 0 347 5 466
59 0 344 15 467
24 0 344 15 468
-13 0 347 5 469
-47 0 345 5 470
-53 0 315 5 471
-53 0 279 5 472
-53 0 248 5 473
-53 0 213 5 474
-53 0 178 5 475
-53 0 143 5 476
-49 0 113 15 477
-49 0 80 15 478
-53 0 40 5 479
