480
-47 0 107 5 0
-31 0 156 15 1
-41 0 154 15 2
-47 0 167 5 3
-30 0 203 15 4
-47 0 206 5 5
-47 0 234 5 6
-30 0 258 15 7
-30 0 277 15 8
-30 0 296 15 9
-30 0 312 15 10
-30 0 329 15 11
-47 0 125 5 12
-37 0 111 15 13
-30 0 149 15 14
-20 0 335 15 15
-27 0 147 15 16
-18 0 105 15 17
-27 0 117 5 18
-20 0 344 5 19
-23 0 113 5 20
6 0 105 15 21
7 0 125 15 22
10 0 344 5 23
9 0 117 1 24
26 0 86 1 25
40 0 124 15 26
42 0 344 5 27
43 0 110 1 28
36 0 146 15 29
16 0 153 1 30
20 0 213 15 31
3 0 305 5 32
29 0 115 5 33
21 0 129 5 34
21 0 192 15 35
21 0 227 15 36
21 0 247 15 37
4 0 281 5 38
21 0 319 15 39
29 0 324 15 40
35 0 334 5 41
58 0 86 1 42
53 0 115 5 43
65 0 125 15 44
60 0 153 15 45
73 0 214 15 46
82 0 224 15 47
31 0 261 15 48
62 0 344 5 49
72 0 110 1 50
58 0 318 15 51
72 0 334 5 52
77 0 145 15 53
77 0 125 15 54
78 0 338 15 55
79 0 164 15 56
79 0 120 15 57
79 0 132 15 58
79 0 148 15 59
79 0 176 15 60
83 0 172 1 61
83 0 184 1 62
83 0 197 1 63
79 0 217 15 64
83 0 218 1 65
82 0 233 1 66
79 0 247 15 67
82 0 255 1 68
80 0 267 15 69
83 0 274 1 70
80 0 287 15 71
83 0 300 1 72
80 0 308 15 73
79 0 325 15 74
86 0 94 1 75
90 0 111 1 76
92 0 129 1 77
96 0 134 1 78
97 0 141 15 79
96 0 158 1 80
97 0 164 15 81
95 0 192 1 82
95 0 206 1 83
98 0 213 15 84
95 0 230 1 85
95 0 251 1 86
95 0 266 1 87
95 0 281 1 88
92 0 288 1 89
95 0 304 1 90
92 0 316 1 91
95 0 324 1 92
96 0 179 1 93
98 0 68 1 94
100 0 117 1 95
103 0 72 1 96
105 0 107 15 97
107 0 331 15 98
112 0 125 1 99
107 0 161 15 100
116 0 73 1 101
116 0 91 1 102
114 0 272 15 103
114 0 287 15 104
114 0 307 15 105
114 0 331 15 106
118 0 343 5 107
119 0 173 15 108
119 0 208 15 109
119 0 226 15 110
115 0 235 15 111
121 0 89 1 112
120 0 132 1 113
121 0 143 1 114
121 0 154 1 115
120 0 188 15 116
115 0 253 15 117
121 0 123 1 118
127 0 114 1 119
130 0 102 15 120
129 0 126 1 121
131 0 133 1 122
129 0 145 1 123
130 0 160 1 124
131 0 160 1 125
128 0 171 1 126
132 0 179 1 127
132 0 193 1 128
134 0 211 15 129
135 0 243 15 130
126 0 258 15 131
126 0 273 15 132
126 0 288 15 133
126 0 303 15 134
132 0 318 1 135
135 0 342 5 136
132 0 169 1 137
135 0 118 1 138
134 0 74 1 139
139 0 111 1 140
144 0 154 1 141
147 0 332 1 142
144 0 125 1 143
145 0 77 1 144
146 0 104 1 145
158 0 326 1 146
156 0 160 1 147
157 0 111 1 148
155 0 129 1 149
147 0 70 1 150
160 0 115 1 151
165 0 102 15 152
160 0 125 1 153
165 0 135 1 154
165 0 148 1 155
161 0 153 1 156
165 0 167 1 157
160 0 176 1 158
161 0 188 1 159
159 0 188 1 160
160 0 205 1 161
160 0 229 15 162
161 0 245 15 163
162 0 290 1 164
167 0 294 1 165
169 0 307 1 166
172 0 319 1 167
171 0 333 1 168
165 0 124 1 169
160 0 164 1 170
170 0 74 1 171
181 0 101 15 172
188 0 111 1 173
186 0 125 1 174
184 0 136 1 175
182 0 146 1 176
186 0 154 1 177
188 0 155 1 178
186 0 191 15 179
178 0 194 15 180
178 0 205 15 181
187 0 224 15 182
179 0 235 15 183
180 0 251 15 184
187 0 286 1 185
181 0 293 1 186
189 0 306 1 187
183 0 312 1 188
187 0 342 5 189
186 0 180 15 190
167 0 47 1 191
196 0 91 15 192
198 0 156 1 193
198 0 325 1 194
200 0 125 1 195
192 0 68 1 196
194 0 29 5 197
204 0 60 1 198
213 0 331 1 199
213 0 145 1 200
210 0 167 1 201
210 0 177 1 202
211 0 190 1 203
208 0 187 1 204
209 0 195 1 205
209 0 205 1 206
208 0 208 1 207
208 0 222 1 208
207 0 256 15 209
215 0 291 1 210
213 0 304 1 211
216 0 132 1 212
212 0 161 1 213
220 0 16 5 214
216 0 52 1 215
221 0 185 15 216
221 0 196 15 217
219 0 185 1 218
219 0 195 1 219
218 0 201 1 220
220 0 228 15 221
216 0 207 1 222
220 0 249 15 223
225 0 284 1 224
223 0 294 1 225
220 0 308 1 226
220 0 167 1 227
227 0 325 1 228
223 0 144 1 229
228 0 59 1 230
225 0 127 1 231
238 0 27 5 232
228 0 84 15 233
237 0 332 1 234
238 0 152 1 235
241 0 130 1 236
245 0 59 1 237
242 0 93 15 238
261 0 67 1 239
254 0 124 1 240
256 0 138 1 241
254 0 142 1 242
253 0 147 1 243
254 0 160 1 244
254 0 179 1 245
252 0 176 1 246
251 0 200 15 247
250 0 215 15 248
250 0 234 15 249
249 0 250 15 250
250 0 289 1 251
253 0 292 1 252
257 0 305 1 253
253 0 317 1 254
257 0 331 1 255
258 0 116 1 256
254 0 169 1 257
255 0 106 1 258
258 0 91 15 259
268 0 102 1 260
267 0 126 1 261
269 0 137 1 262
269 0 151 1 263
269 0 157 1 264
268 0 173 15 265
268 0 191 15 266
264 0 178 1 267
267 0 213 15 268
267 0 231 15 269
276 0 242 15 270
276 0 257 15 271
275 0 272 15 272
275 0 287 15 273
275 0 302 15 274
270 0 317 1 275
267 0 341 5 276
266 0 167 1 277
273 0 117 1 278
279 0 95 15 279
278 0 112 1 280
279 0 128 1 281
281 0 156 1 282
286 0 332 1 283
283 0 105 1 284
294 0 70 1 285
289 0 129 1 286
288 0 153 1 287
294 0 113 1 288
300 0 96 15 289
308 0 107 1 290
299 0 122 1 291
300 0 129 1 292
294 0 138 1 293
306 0 162 15 294
295 0 158 1 295
302 0 185 15 296
306 0 203 15 297
302 0 213 15 298
306 0 228 15 299
306 0 248 15 300
309 0 263 1 301
306 0 271 15 302
306 0 286 15 303
309 0 300 1 304
306 0 312 15 305
306 0 328 15 306
307 0 181 15 307
310 0 116 15 308
315 0 90 1 309
320 0 125 1 310
317 0 131 1 311
317 0 146 1 312
305 0 149 1 313
307 0 160 1 314
317 0 189 1 315
320 0 203 1 316
310 0 203 15 317
317 0 227 1 318
321 0 248 1 319
318 0 256 1 320
320 0 271 1 321
318 0 285 1 322
320 0 300 1 323
318 0 314 1 324
320 0 320 1 325
321 0 182 1 326
325 0 77 1 327
329 0 100 15 328
327 0 124 1 329
322 0 153 15 330
332 0 329 15 331
331 0 90 1 332
335 0 81 15 333
345 0 97 1 334
340 0 115 15 335
340 0 139 15 336
336 0 157 1 337
340 0 168 15 338
332 0 183 1 339
340 0 201 15 340
322 0 192 1 341
340 0 227 15 342
340 0 247 15 343
339 0 264 15 344
336 0 279 1 345
339 0 287 15 346
339 0 304 15 347
334 0 334 5 348
340 0 336 15 349
336 0 177 1 350
347 0 90 15 351
359 0 89 1 352
360 0 106 15 353
362 0 91 5 354
363 0 108 1 355
371 0 114 1 356
348 0 184 15 357
330 0 177 1 358
329 0 185 1 359
331 0 199 1 360
341 0 231 1 361
345 0 247 1 362
406 0 280 1 363
368 0 316 5 364
365 0 320 15 365
351 0 332 5 366
359 0 339 5 367
349 0 166 15 368
372 0 104 15 369
381 0 125 15 370
396 0 104 5 371
407 0 121 1 372
401 0 265 15 373
414 0 145 1 374
412 0 183 15 375
402 0 230 15 376
402 0 306 15 377
386 0 338 15 378
391 0 80 5 379
397 0 334 5 380
397 0 124 15 381
422 0 104 5 382
425 0 127 1 383
419 0 150 15 384
419 0 163 15 385
414 0 182 15 386
423 0 183 1 387
409 0 217 15 388
409 0 238 15 389
409 0 252 15 390
409 0 271 15 391
409 0 287 15 392
409 0 299 15 393
409 0 319 15 394
409 0 328 15 395
409 0 87 1 396
417 0 125 15 397
406 0 338 15 398
427 0 128 15 399
419 0 104 15 400
450 0 103 5 401
435 0 343 5 402
429 0 153 15 403
452 0 80 5 404
453 0 124 1 405
453 0 343 5 406
454 0 140 1 407
461 0 96 1 408
442 0 156 15 409
473 0 343 5 410
446 0 168 15 411
477 0 99 5 412
478 0 137 5 413
486 0 157 5 414
480 0 113 1 415
469 0 138 15 416
474 0 179 1 417
474 0 218 1 418
474 0 247 1 419
487 0 260 5 420
474 0 154 1 421
475 0 196 1 422
487 0 226 5 423
475 0 274 1 424
487 0 298 5 425
487 0 318 5 426
471 0 325 1 427
-52 0 7 5 428
-16 0 13 1 429
16 0 7 5 430
54 0 7 5 431
84 0 7 5 432
114 0 7 5 433
143 0 7 5 434
173 0 7 5 435
211 0 7 5 436
257 0 7 5 437
287 0 7 5 438
316 0 7 5 439
346 0 7 5 440
384 0 7 5 441
415 0 15 1 442
452 0 7 5 443
484 0 14 1 444
493 0 32 1 445
501 0 57 5 446
501 0 95 5 447
501 0 133 5 448
501 0 171 5 449
501 0 200 5 450
501 0 238 5 451
501 0 276 5 452
488 0 309 1 453
501 0 344 5 454
457 0 342 1 455
433 0 353 5 456
394 0 353 5 457
355 0 348 15 458
314 0 346 15 459
288 0 353 5 460
250 0 353 5 461
220 0 353 5 462
193 0 342 1 463
162 0 353 5 464
125 0 342 1 465
94 0 353 5 466
57 0 348 15 467
20 0 348 15 468
-21 0 353 5 469
-56 0 350 5 470
-61 0 316 5 471
-61 0 278 5 472
-61 0 248 5 473
-61 0 210 5 474
-61 0 173 5 475
-61 0 135 5 476
-53 0 108 15 477
-53 0 74 15 478
-61 0 28 5 479
