480
-43 0 113 5 0
-29 0 157 15 1
-37 0 157 15 2
-43 0 171 5 3
-29 0 203 15 4
-43 0 209 5 5
-43 0 236 5 6
-29 0 258 15 7
-29 0 277 15 8
-29 0 295 15 9
-29 0 312 15 10
-29 0 328 15 11
-42 0 130 5 12
-33 0 116 15 13
-27 0 152 15 14
-18 0 333 15 15
-23 0 152 15 16
-14 0 111 15 17
-20 0 127 5 18
-14 0 340 5 19
-15 0 125 5 20
9 0 111 15 21
11 0 133 15 22
14 0 340 5 23
14 0 128 1 24
29 0 96 1 25
42 0 132 15 26
44 0 340 5 27
45 0 123 1 28
40 0 156 15 29
24 0 166 1 30
27 0 219 15 31
14 0 300 5 32
35 0 129 5 33
28 0 145 5 34
28 0 200 15 35
28 0 232 15 36
28 0 250 15 37
15 0 280 5 38
28 0 314 15 39
34 0 320 15 40
39 0 329 5 41
59 0 96 1 42
55 0 129 5 43
66 0 133 15 44
62 0 164 15 45
72 0 217 15 46
80 0 229 15 47
39 0 263 15 48
63 0 340 5 49
72 0 123 1 50
61 0 313 15 51
72 0 329 5 52
76 0 154 15 53
77 0 133 15 54
77 0 336 15 55
78 0 165 15 56
79 0 123 15 57
79 0 133 15 58
79 0 150 15 59
79 0 177 15 60
82 0 176 1 61
82 0 187 1 62
82 0 199 1 63
79 0 217 15 64
82 0 220 1 65
82 0 234 1 66
79 0 248 15 67
82 0 257 1 68
79 0 268 15 69
82 0 275 1 70
79 0 287 15 71
82 0 299 1 72
79 0 308 15 73
79 0 323 15 74
86 0 100 1 75
89 0 111 1 76
92 0 129 1 77
95 0 135 1 78
96 0 144 15 79
95 0 160 1 80
96 0 167 15 81
95 0 193 1 82
95 0 207 1 83
97 0 215 15 84
95 0 232 1 85
94 0 251 1 86
94 0 266 1 87
94 0 280 1 88
92 0 288 1 89
94 0 304 1 90
92 0 316 1 91
94 0 324 1 92
96 0 180 1 93
97 0 76 1 94
99 0 118 1 95
103 0 77 1 96
105 0 109 15 97
107 0 330 15 98
111 0 126 1 99
107 0 162 15 100
115 0 75 1 101
115 0 94 1 102
115 0 272 15 103
115 0 286 15 104
115 0 305 15 105
115 0 328 15 106
118 0 339 5 107
119 0 174 15 108
119 0 208 15 109
119 0 226 15 110
115 0 237 15 111
120 0 90 1 112
120 0 133 1 113
120 0 143 1 114
120 0 155 1 115
120 0 189 15 116
116 0 254 15 117
121 0 123 1 118
126 0 114 1 119
130 0 103 15 120
129 0 127 1 121
130 0 134 1 122
129 0 147 1 123
130 0 161 1 124
130 0 164 1 125
128 0 177 1 126
131 0 185 1 127
132 0 198 1 128
133 0 216 15 129
134 0 245 15 130
127 0 259 15 131
127 0 274 15 132
127 0 288 15 133
127 0 302 15 134
132 0 317 1 135
134 0 338 5 136
132 0 173 1 137
135 0 118 1 138
135 0 78 1 139
139 0 111 1 140
144 0 155 1 141
146 0 330 1 142
144 0 127 1 143
146 0 79 1 144
147 0 104 1 145
158 0 325 1 146
156 0 160 1 147
158 0 111 1 148
156 0 130 1 149
149 0 75 1 150
161 0 116 1 151
166 0 102 15 152
162 0 127 1 153
166 0 136 1 154
166 0 149 1 155
163 0 156 1 156
166 0 170 1 157
162 0 180 1 158
163 0 193 1 159
161 0 195 1 160
162 0 211 1 161
162 0 234 15 162
163 0 250 15 163
164 0 288 1 164
167 0 293 1 165
169 0 306 1 166
172 0 318 1 167
170 0 331 1 168
166 0 125 1 169
162 0 169 1 170
172 0 77 1 171
182 0 102 15 172
187 0 111 1 173
185 0 126 1 174
184 0 137 1 175
183 0 147 1 176
185 0 157 1 177
187 0 160 1 178
185 0 192 15 179
179 0 197 15 180
179 0 208 15 181
186 0 226 15 182
180 0 238 15 183
180 0 254 15 184
186 0 284 1 185
182 0 292 1 186
188 0 305 1 187
183 0 312 1 188
186 0 338 5 189
186 0 181 15 190
172 0 52 1 191
196 0 90 15 192
199 0 157 1 193
198 0 324 1 194
200 0 126 1 195
194 0 70 1 196
196 0 34 5 197
206 0 61 1 198
213 0 330 1 199
213 0 149 1 200
211 0 173 1 201
211 0 182 1 202
211 0 195 1 203
210 0 195 1 204
210 0 203 1 205
210 0 212 1 206
210 0 217 1 207
210 0 230 1 208
209 0 260 15 209
215 0 290 1 210
214 0 302 1 211
216 0 133 1 212
213 0 166 1 213
220 0 20 5 214
217 0 52 1 215
221 0 187 15 216
221 0 198 15 217
219 0 191 1 218
220 0 201 1 219
219 0 207 1 220
220 0 231 15 221
218 0 215 1 222
220 0 252 15 223
225 0 282 1 224
223 0 292 1 225
220 0 306 1 226
221 0 171 1 227
226 0 325 1 228
224 0 147 1 229
227 0 60 1 230
226 0 128 1 231
237 0 32 5 232
230 0 83 15 233
237 0 330 1 234
238 0 154 1 235
241 0 131 1 236
245 0 61 1 237
243 0 93 15 238
259 0 69 1 239
255 0 125 1 240
256 0 138 1 241
254 0 144 1 242
254 0 151 1 243
254 0 163 1 244
254 0 182 1 245
253 0 182 1 246
252 0 204 15 247
251 0 219 15 248
251 0 238 15 249
250 0 253 15 250
251 0 286 1 251
253 0 291 1 252
257 0 304 1 253
254 0 316 1 254
257 0 329 1 255
257 0 116 1 256
255 0 172 1 257
256 0 106 1 258
259 0 91 15 259
267 0 102 1 260
267 0 127 1 261
269 0 137 1 262
269 0 151 1 263
269 0 159 1 264
268 0 174 15 265
268 0 192 15 266
265 0 183 1 267
267 0 214 15 268
267 0 232 15 269
274 0 244 15 270
274 0 259 15 271
274 0 273 15 272
274 0 287 15 273
274 0 302 15 274
269 0 316 1 275
267 0 337 5 276
266 0 171 1 277
273 0 118 1 278
279 0 95 15 279
278 0 112 1 280
280 0 129 1 281
282 0 157 1 282
286 0 331 1 283
284 0 105 1 284
294 0 73 1 285
291 0 130 1 286
289 0 155 1 287
294 0 113 1 288
300 0 96 15 289
308 0 107 1 290
301 0 123 1 291
302 0 131 1 292
297 0 140 1 293
307 0 162 15 294
297 0 161 1 295
303 0 187 15 296
307 0 203 15 297
303 0 213 15 298
307 0 229 15 299
307 0 248 15 300
309 0 263 1 301
307 0 272 15 302
307 0 286 15 303
309 0 300 1 304
307 0 311 15 305
307 0 326 15 306
308 0 182 15 307
311 0 116 15 308
315 0 91 1 309
321 0 126 1 310
318 0 132 1 311
318 0 147 1 312
308 0 152 1 313
310 0 163 1 314
318 0 190 1 315
321 0 203 1 316
312 0 206 15 317
318 0 228 1 318
321 0 248 1 319
318 0 257 1 320
321 0 271 1 321
318 0 285 1 322
321 0 300 1 323
318 0 313 1 324
320 0 320 1 325
321 0 182 1 326
326 0 79 1 327
329 0 101 15 328
328 0 126 1 329
324 0 155 15 330
332 0 328 15 331
332 0 95 1 332
336 0 84 15 333
345 0 103 1 334
341 0 120 15 335
341 0 142 15 336
338 0 159 1 337
341 0 169 15 338
335 0 186 1 339
341 0 202 15 340
327 0 197 1 341
341 0 228 15 342
341 0 248 15 343
341 0 264 15 344
338 0 278 1 345
341 0 287 15 346
341 0 303 15 347
336 0 329 5 348
341 0 333 15 349
339 0 179 1 350
347 0 94 15 351
359 0 96 1 352
360 0 112 15 353
361 0 103 5 354
362 0 120 1 355
369 0 126 1 356
350 0 186 15 357
336 0 182 1 358
335 0 191 1 359
336 0 206 1 360
345 0 234 1 361
348 0 250 1 362
396 0 278 1 363
366 0 309 5 364
363 0 315 15 365
353 0 327 5 366
359 0 335 5 367
351 0 169 15 368
371 0 110 15 369
379 0 133 15 370
391 0 118 5 371
400 0 134 1 372
395 0 266 15 373
406 0 157 1 374
404 0 192 15 375
396 0 234 15 376
397 0 303 15 377
384 0 335 15 378
388 0 91 5 379
393 0 329 5 380
393 0 132 15 381
414 0 118 5 382
417 0 139 1 383
412 0 159 15 384
412 0 172 15 385
408 0 188 15 386
415 0 191 1 387
404 0 221 15 388
404 0 239 15 389
404 0 254 15 390
404 0 271 15 391
404 0 285 15 392
404 0 297 15 393
404 0 316 15 394
404 0 325 15 395
405 0 96 1 396
412 0 133 15 397
403 0 335 15 398
422 0 137 15 399
416 0 110 15 400
441 0 115 5 401
430 0 339 5 402
426 0 157 15 403
446 0 91 5 404
446 0 132 1 405
447 0 339 5 406
448 0 146 1 407
455 0 104 1 408
441 0 157 15 409
467 0 339 5 410
446 0 168 15 411
471 0 106 5 412
472 0 142 5 413
481 0 160 5 414
476 0 117 1 415
468 0 139 15 416
472 0 180 1 417
472 0 218 1 418
472 0 248 1 419
482 0 260 5 420
472 0 156 1 421
473 0 197 1 422
483 0 228 5 423
473 0 274 1 424
483 0 297 5 425
483 0 317 5 426
469 0 325 1 427
-51 0 10 5 428
-15 0 15 1 429
17 0 10 5 430
54 0 10 5 431
84 0 10 5 432
115 0 10 5 433
145 0 10 5 434
176 0 10 5 435
213 0 10 5 436
255 0 10 5 437
286 0 10 5 438
316 0 10 5 439
346 0 10 5 440
384 0 10 5 441
414 0 16 1 442
451 0 10 5 443
482 0 15 1 444
491 0 35 1 445
497 0 61 5 446
497 0 98 5 447
497 0 136 5 448
497 0 173 5 449
497 0 202 5 450
497 0 239 5 451
497 0 276 5 452
487 0 309 1 453
497 0 344 5 454
456 0 342 1 455
430 0 350 5 456
393 0 350 5 457
354 0 346 15 458
316 0 345 15 459
288 0 350 5 460
251 0 350 5 461
221 0 350 5 462
192 0 342 1 463
161 0 350 5 464
125 0 342 1 465
94 0 350 5 466
58 0 346 15 467
22 0 346 15 468
-18 0 350 5 469
-53 0 348 5 470
-57 0 316 5 471
-57 0 279 5 472
-57 0 248 5 473
-57 0 211 5 474
-57 0 175 5 475
-57 0 138 5 476
-51 0 110 15 477
-51 0 76 15 478
-57 0 33 5 479
