480
-70 0 80 5 0
-37 0 149 15 1
-57 0 138 15 2
-70 0 146 5 3
-36 0 202 15 4
-70 0 190 5 5
-70 0 229 5 6
-36 0 257 15 7
-36 0 276 15 8
-36 0 297 15 9
-36 0 315 15 10
-36 0 333 15 11
-70 0 101 5 12
-54 0 89 15 13
-44 0 136 15 14
-31 0 343 15 15
-50 0 125 15 16
-37 0 77 15 17
-61 0 71 5 18
-49 0 362 5 19
-59 0 57 5 20
-7 0 77 15 21
-16 0 86 15 22
-9 0 362 5 23
-15 0 64 1 24
12 0 40 1 25
32 0 86 15 26
32 0 362 5 27
33 0 51 1 28
19 0 96 15 29
-21 0 89 1 30
-13 0 186 15 31
-47 0 326 5 32
4 0 44 5 33
-13 0 51 5 34
-13 0 156 15 35
-13 0 204 15 36
-12 0 234 15 37
-46 0 290 5 38
-12 0 342 15 39
3 0 344 15 40
16 0 357 5 41
53 0 39 1 42
41 0 44 5 43
64 0 87 15 44
52 0 99 15 45
76 0 201 15 46
95 0 200 15 47
-8 0 251 15 48
54 0 362 5 49
74 0 50 1 50
44 0 342 15 51
72 0 357 5 52
79 0 106 15 53
79 0 86 15 54
79 0 350 15 55
80 0 157 15 56
80 0 107 15 57
80 0 123 15 58
80 0 140 15 59
80 0 172 15 60
87 0 154 1 61
88 0 172 1 62
87 0 187 1 63
80 0 215 15 64
87 0 207 1 65
86 0 226 1 66
80 0 243 15 67
86 0 250 1 68
81 0 266 15 69
87 0 270 1 70
81 0 288 15 71
87 0 303 1 72
81 0 310 15 73
80 0 332 15 74
90 0 65 1 75
91 0 109 1 76
91 0 125 1 77
99 0 127 1 78
102 0 126 15 79
99 0 147 1 80
102 0 148 15 81
98 0 185 1 82
98 0 202 1 83
103 0 206 15 84
98 0 224 1 85
97 0 247 1 86
97 0 266 1 87
97 0 284 1 88
91 0 288 1 89
97 0 304 1 90
92 0 319 1 91
97 0 323 1 92
99 0 169 1 93
100 0 30 1 94
101 0 112 1 95
105 0 46 1 96
106 0 101 15 97
107 0 338 15 98
117 0 116 1 99
107 0 160 15 100
119 0 64 1 101
119 0 79 1 102
111 0 270 15 103
111 0 288 15 104
111 0 312 15 105
111 0 345 15 106
119 0 361 5 107
119 0 170 15 108
119 0 207 15 109
119 0 226 15 110
111 0 228 15 111
122 0 86 1 112
121 0 131 1 113
122 0 140 1 114
122 0 150 1 115
120 0 184 15 116
111 0 249 15 117
121 0 121 1 118
129 0 110 1 119
131 0 99 15 120
129 0 122 1 121
132 0 126 1 122
128 0 138 1 123
130 0 152 1 124
132 0 144 1 125
127 0 144 1 126
134 0 150 1 127
135 0 168 1 128
138 0 187 15 129
140 0 233 15 130
123 0 251 15 131
123 0 270 15 132
123 0 289 15 133
123 0 304 15 134
135 0 324 1 135
140 0 361 5 136
134 0 151 1 137
134 0 116 1 138
128 0 55 1 139
137 0 110 1 140
142 0 145 1 141
148 0 340 1 142
141 0 119 1 143
140 0 72 1 144
143 0 104 1 145
159 0 327 1 146
154 0 156 1 147
156 0 110 1 148
152 0 126 1 149
134 0 46 1 150
154 0 110 1 151
160 0 98 15 152
151 0 119 1 153
160 0 129 1 154
160 0 141 1 155
152 0 136 1 156
160 0 155 1 157
151 0 151 1 158
153 0 168 1 159
148 0 157 1 160
151 0 173 1 161
151 0 203 15 162
153 0 224 15 163
155 0 302 1 164
164 0 299 1 165
169 0 311 1 166
175 0 324 1 167
172 0 340 1 168
160 0 120 1 169
150 0 140 1 170
160 0 61 1 171
179 0 98 15 172
193 0 107 1 173
188 0 120 1 174
185 0 133 1 175
181 0 139 1 176
188 0 141 1 177
193 0 133 1 178
188 0 184 15 179
172 0 180 15 180
173 0 192 15 181
190 0 213 15 182
174 0 218 15 183
176 0 237 15 184
190 0 295 1 185
179 0 299 1 186
194 0 310 1 187
183 0 313 1 188
190 0 361 5 189
188 0 174 15 190
142 0 24 1 191
196 0 94 15 192
197 0 149 1 193
196 0 326 1 194
198 0 116 1 195
181 0 57 1 196
184 0 4 5 197
197 0 53 1 198
213 0 340 1 199
211 0 129 1 200
206 0 139 1 201
205 0 148 1 202
207 0 165 1 203
202 0 152 1 204
203 0 159 1 205
203 0 170 1 206
202 0 169 1 207
202 0 182 1 208
200 0 240 15 209
216 0 298 1 210
212 0 309 1 211
216 0 131 1 212
209 0 139 1 213
222 0 -2 5 214
213 0 49 1 215
220 0 176 15 216
220 0 187 15 217
215 0 155 1 218
216 0 167 1 219
213 0 170 1 220
219 0 215 15 221
210 0 165 1 222
218 0 236 15 223
229 0 295 1 224
225 0 304 1 225
218 0 319 1 226
219 0 151 1 227
229 0 327 1 228
221 0 125 1 229
229 0 52 1 230
223 0 120 1 231
243 0 4 5 232
220 0 91 15 233
237 0 340 1 234
237 0 141 1 235
241 0 127 1 236
248 0 53 1 237
237 0 95 15 238
270 0 56 1 239
253 0 120 1 240
256 0 138 1 241
252 0 133 1 242
251 0 128 1 243
252 0 144 1 244
252 0 161 1 245
249 0 145 1 246
246 0 183 15 247
245 0 196 15 248
244 0 218 15 249
242 0 237 15 250
245 0 302 1 251
250 0 298 1 252
259 0 309 1 253
251 0 324 1 254
259 0 339 1 255
259 0 115 1 256
252 0 152 1 257
253 0 105 1 258
256 0 93 15 259
269 0 104 1 260
265 0 123 1 261
269 0 136 1 262
269 0 149 1 263
269 0 149 1 264
268 0 170 15 265
267 0 186 15 266
260 0 147 1 267
265 0 209 15 268
266 0 228 15 269
283 0 233 15 270
283 0 251 15 271
282 0 269 15 272
282 0 289 15 273
282 0 304 15 274
271 0 324 1 275
265 0 360 5 276
262 0 148 1 277
272 0 116 1 278
278 0 96 15 279
277 0 112 1 280
274 0 124 1 281
276 0 150 1 282
285 0 340 1 283
278 0 107 1 284
298 0 57 1 285
283 0 125 1 286
280 0 143 1 287
290 0 113 1 288
301 0 95 15 289
308 0 107 1 290
289 0 117 1 291
292 0 123 1 292
279 0 126 1 293
304 0 160 15 294
281 0 141 1 295
295 0 176 15 296
304 0 201 15 297
295 0 209 15 298
304 0 224 15 299
304 0 246 15 300
310 0 264 1 301
304 0 270 15 302
304 0 288 15 303
310 0 303 1 304
304 0 315 15 305
304 0 336 15 306
305 0 180 15 307
306 0 115 15 308
312 0 86 1 309
319 0 124 1 310
312 0 126 1 311
312 0 142 1 312
288 0 135 1 313
292 0 146 1 314
312 0 184 1 315
319 0 200 1 316
299 0 191 15 317
312 0 222 1 318
320 0 246 1 319
314 0 249 1 320
319 0 269 1 321
314 0 285 1 322
319 0 303 1 323
314 0 318 1 324
319 0 321 1 325
320 0 180 1 326
323 0 72 1 327
329 0 97 15 328
322 0 115 1 329
312 0 143 15 330
330 0 334 15 331
326 0 67 1 332
332 0 66 15 333
344 0 64 1 334
334 0 91 15 335
334 0 127 15 336
327 0 147 1 337
334 0 159 15 338
319 0 171 1 339
334 0 194 15 340
298 0 167 1 341
334 0 220 15 342
334 0 243 15 343
333 0 264 15 344
327 0 283 1 345
333 0 287 15 346
333 0 308 15 347
323 0 357 5 348
334 0 349 15 349
326 0 168 1 350
346 0 70 15 351
359 0 52 1 352
362 0 77 15 353
366 0 33 5 354
367 0 54 1 355
384 0 55 1 356
338 0 177 15 357
302 0 150 1 358
299 0 155 1 359
303 0 168 1 360
324 0 213 1 361
331 0 232 1 362
452 0 288 1 363
377 0 348 5 364
371 0 343 15 365
343 0 356 5 366
360 0 359 5 367
338 0 148 15 368
379 0 76 15 369
394 0 86 15 370
420 0 40 5 371
439 0 58 1 372
427 0 261 15 373
453 0 88 1 374
448 0 142 15 375
428 0 215 15 376
428 0 323 15 377
395 0 351 15 378
405 0 28 5 379
417 0 357 5 380
413 0 86 15 381
458 0 40 5 382
463 0 70 1 383
451 0 107 15 384
451 0 124 15 385
442 0 151 15 386
460 0 143 1 387
432 0 199 15 388
431 0 229 15 389
431 0 247 15 390
431 0 274 15 391
431 0 293 15 392
431 0 309 15 393
431 0 336 15 394
431 0 347 15 395
426 0 42 1 396
441 0 86 15 397
418 0 351 15 398
454 0 88 15 399
433 0 77 15 400
493 0 43 5 401
460 0 361 5 402
441 0 138 15 403
485 0 28 5 404
483 0 85 1 405
481 0 361 5 406
479 0 112 1 407
487 0 60 1 408
447 0 149 15 409
504 0 361 5 410
449 0 166 15 411
506 0 67 5 412
506 0 110 5 413
510 0 146 5 414
496 0 94 1 415
475 0 130 15 416
484 0 170 1 417
484 0 216 1 418
485 0 244 1 419
510 0 258 5 420
484 0 148 1 421
485 0 191 1 422
510 0 216 5 423
485 0 271 1 424
510 0 301 5 425
510 0 324 5 426
477 0 326 1 427
-60 0 -6 5 428
-19 0 7 1 429
11 0 -6 5 430
54 0 -6 5 431
81 0 -6 5 432
108 0 -6 5 433
135 0 -6 5 434
162 0 -6 5 435
205 0 -6 5 436
265 0 -6 5 437
292 0 -6 5 438
318 0 -6 5 439
345 0 -6 5 440
389 0 -6 5 441
417 0 10 1 442
459 0 -6 5 443
489 0 7 1 444
502 0 17 1 445
517 0 34 5 446
517 0 78 5 447
517 0 122 5 448
517 0 165 5 449
517 0 191 5 450
517 0 235 5 451
517 0 278 5 452
491 0 311 1 453
517 0 349 5 454
461 0 345 1 455
446 0 366 5 456
402 0 366 5 457
356 0 356 15 458
307 0 353 15 459
288 0 366 5 460
245 0 366 5 461
219 0 366 5 462
195 0 345 1 463
165 0 366 5 464
125 0 344 1 465
95 0 366 5 466
55 0 356 15 467
13 0 356 15 468
-36 0 366 5 469
-75 0 360 5 470
-77 0 319 5 471
-77 0 275 5 472
-77 0 248 5 473
-77 0 205 5 474
-77 0 162 5 475
-77 0 118 5 476
-62 0 98 15 477
-61 0 62 15 478
-77 0 4 5 479
