480
-86 0 61 5 0
-41 0 145 15 1
-67 0 127 15 2
-86 0 132 5 3
-40 0 201 15 4
-86 0 180 5 5
-86 0 225 5 6
-40 0 257 15 7
-40 0 276 15 8
-40 0 299 15 9
-40 0 317 15 10
-40 0 336 15 11
-86 0 85 5 12
-66 0 74 15 13
-54 0 127 15 14
-39 0 349 15 15
-66 0 110 15 16
-50 0 59 15 17
-84 0 41 5 18
-68 0 373 5 19
-83 0 19 5 20
-16 0 59 15 21
-32 0 61 15 22
-22 0 373 5 23
-32 0 29 1 24
2 0 8 1 25
26 0 60 15 26
25 0 373 5 27
26 0 11 1 28
7 0 63 15 29
-46 0 47 1 30
-36 0 169 15 31
-80 0 341 5 32
-13 0 -3 5 33
-35 0 -1 5 34
-36 0 131 15 35
-36 0 188 15 36
-35 0 225 15 37
-80 0 295 5 38
-35 0 358 15 39
-14 0 358 15 40
3 0 372 5 41
49 0 7 1 42
33 0 -3 5 43
64 0 61 15 44
47 0 63 15 45
79 0 192 15 46
104 0 183 15 47
-34 0 244 15 48
49 0 373 5 49
75 0 10 1 50
35 0 358 15 51
72 0 372 5 52
80 0 79 15 53
80 0 61 15 54
79 0 359 15 55
80 0 153 15 56
80 0 98 15 57
80 0 118 15 58
80 0 135 15 59
80 0 170 15 60
90 0 143 1 61
91 0 163 1 62
90 0 181 1 63
80 0 214 15 64
90 0 200 1 65
89 0 221 1 66
80 0 240 15 67
89 0 246 1 68
81 0 264 15 69
90 0 268 1 70
81 0 288 15 71
90 0 304 1 72
81 0 311 15 73
80 0 337 15 74
93 0 45 1 75
91 0 107 1 76
91 0 123 1 77
101 0 122 1 78
106 0 117 15 79
101 0 140 1 80
106 0 138 15 81
100 0 180 1 82
100 0 199 1 83
106 0 201 15 84
100 0 219 1 85
98 0 245 1 86
98 0 265 1 87
98 0 285 1 88
91 0 287 1 89
98 0 305 1 90
92 0 321 1 91
98 0 322 1 92
101 0 162 1 93
101 0 5 1 94
101 0 108 1 95
106 0 29 1 96
107 0 96 15 97
107 0 342 15 98
121 0 111 1 99
107 0 158 15 100
122 0 57 1 101
122 0 71 1 102
108 0 268 15 103
108 0 290 15 104
108 0 316 15 105
108 0 355 15 106
120 0 373 5 107
119 0 169 15 108
119 0 206 15 109
119 0 225 15 110
108 0 223 15 111
122 0 84 1 112
121 0 129 1 113
122 0 138 1 114
122 0 147 1 115
120 0 181 15 116
108 0 246 15 117
121 0 119 1 118
131 0 108 1 119
131 0 97 15 120
129 0 119 1 121
132 0 122 1 122
128 0 133 1 123
130 0 147 1 124
132 0 132 1 125
126 0 126 1 126
136 0 130 1 127
137 0 150 1 128
141 0 172 15 129
143 0 227 15 130
120 0 246 15 131
121 0 268 15 132
121 0 290 15 133
121 0 306 15 134
137 0 328 1 135
143 0 373 5 136
135 0 139 1 137
134 0 114 1 138
124 0 43 1 139
136 0 109 1 140
141 0 140 1 141
148 0 345 1 142
139 0 114 1 143
136 0 68 1 144
141 0 105 1 145
160 0 329 1 146
153 0 154 1 147
156 0 109 1 148
150 0 125 1 149
125 0 30 1 150
151 0 106 1 151
156 0 96 15 152
145 0 114 1 153
156 0 125 1 154
156 0 136 1 155
146 0 125 1 156
156 0 147 1 157
144 0 135 1 158
148 0 153 1 159
141 0 135 1 160
144 0 152 1 161
144 0 186 15 162
147 0 209 15 163
150 0 311 1 164
162 0 302 1 165
169 0 313 1 166
177 0 328 1 167
172 0 345 1 168
157 0 118 1 169
143 0 123 1 170
153 0 52 1 171
177 0 97 15 172
196 0 105 1 173
189 0 117 1 174
185 0 132 1 175
181 0 134 1 176
190 0 132 1 177
196 0 118 1 178
189 0 180 15 179
169 0 171 15 180
170 0 183 15 181
192 0 206 15 182
170 0 206 15 183
173 0 228 15 184
193 0 302 1 185
177 0 303 1 186
197 0 313 1 187
183 0 313 1 188
192 0 373 5 189
189 0 169 15 190
125 0 8 1 191
196 0 95 15 192
197 0 144 1 193
195 0 328 1 194
197 0 111 1 195
174 0 50 1 196
178 0 -12 5 197
192 0 49 1 198
213 0 345 1 199
210 0 117 1 200
203 0 120 1 201
202 0 129 1 202
204 0 147 1 203
198 0 127 1 204
199 0 134 1 205
200 0 145 1 206
198 0 141 1 207
198 0 156 1 208
195 0 228 15 209
216 0 303 1 210
212 0 313 1 211
216 0 129 1 212
206 0 124 1 213
223 0 -13 5 214
210 0 47 1 215
220 0 170 15 216
220 0 181 15 217
212 0 134 1 218
213 0 147 1 219
209 0 149 1 220
218 0 207 15 221
206 0 137 1 222
217 0 228 15 223
232 0 302 1 224
226 0 311 1 225
216 0 326 1 226
217 0 139 1 227
231 0 329 1 228
220 0 113 1 229
229 0 48 1 230
221 0 115 1 231
246 0 -12 5 232
215 0 95 15 233
237 0 345 1 234
236 0 133 1 235
241 0 125 1 236
250 0 48 1 237
233 0 96 15 238
276 0 49 1 239
253 0 117 1 240
256 0 138 1 241
251 0 126 1 242
249 0 115 1 243
251 0 133 1 244
251 0 149 1 245
246 0 123 1 246
242 0 172 15 247
242 0 184 15 248
241 0 206 15 249
238 0 228 15 250
242 0 311 1 251
248 0 302 1 252
260 0 312 1 253
249 0 328 1 254
260 0 345 1 255
259 0 114 1 256
251 0 140 1 257
251 0 105 1 258
254 0 95 15 259
269 0 105 1 260
264 0 121 1 261
269 0 135 1 262
269 0 148 1 263
269 0 143 1 264
268 0 168 15 265
267 0 182 15 266
257 0 127 1 267
264 0 206 15 268
265 0 226 15 269
288 0 227 15 270
288 0 246 15 271
287 0 268 15 272
287 0 290 15 273
287 0 306 15 274
271 0 328 1 275
264 0 373 5 276
259 0 136 1 277
271 0 114 1 278
278 0 96 15 279
276 0 113 1 280
270 0 121 1 281
273 0 146 1 282
284 0 345 1 283
275 0 109 1 284
301 0 49 1 285
279 0 122 1 286
275 0 137 1 287
287 0 113 1 288
301 0 95 15 289
308 0 107 1 290
282 0 113 1 291
286 0 118 1 292
269 0 117 1 293
303 0 158 15 294
271 0 130 1 295
291 0 170 15 296
302 0 199 15 297
291 0 207 15 298
302 0 222 15 299
302 0 245 15 300
310 0 265 1 301
302 0 268 15 302
302 0 290 15 303
310 0 305 1 304
302 0 316 15 305
302 0 341 15 306
303 0 179 15 307
303 0 114 15 308
310 0 83 1 309
319 0 122 1 310
308 0 122 1 311
308 0 139 1 312
277 0 125 1 313
282 0 137 1 314
309 0 180 1 315
319 0 198 1 316
291 0 183 15 317
309 0 219 1 318
320 0 245 1 319
311 0 245 1 320
319 0 267 1 321
311 0 286 1 322
319 0 305 1 323
311 0 321 1 324
318 0 321 1 325
319 0 180 1 326
322 0 68 1 327
329 0 96 15 328
319 0 109 1 329
305 0 137 15 330
329 0 338 15 331
323 0 51 1 332
329 0 56 15 333
344 0 43 1 334
330 0 76 15 335
330 0 119 15 336
320 0 141 1 337
330 0 154 15 338
310 0 163 1 339
331 0 190 15 340
282 0 149 1 341
330 0 215 15 342
330 0 240 15 343
329 0 264 15 344
320 0 286 1 345
329 0 288 15 346
329 0 310 15 347
315 0 372 5 348
331 0 358 15 349
320 0 162 1 350
346 0 57 15 351
359 0 27 1 352
363 0 58 15 353
368 0 -5 5 354
370 0 17 1 355
393 0 16 1 356
331 0 171 15 357
283 0 132 1 358
279 0 135 1 359
284 0 146 1 360
312 0 202 1 361
322 0 223 1 362
484 0 293 1 363
383 0 370 5 364
375 0 358 15 365
338 0 372 5 366
361 0 373 5 367
331 0 137 15 368
383 0 58 15 369
403 0 61 15 370
436 0 -4 5 371
461 0 17 1 372
445 0 258 15 373
479 0 50 1 374
472 0 114 15 375
445 0 204 15 376
445 0 334 15 377
401 0 360 15 378
414 0 -7 5 379
430 0 372 5 380
424 0 61 15 381
482 0 -4 5 382
489 0 32 1 383
472 0 79 15 384
472 0 97 15 385
460 0 130 15 386
484 0 116 1 387
447 0 187 15 388
446 0 224 15 389
446 0 243 15 390
446 0 276 15 391
446 0 298 15 392
446 0 315 15 393
446 0 348 15 394
446 0 359 15 395
438 0 12 1 396
458 0 61 15 397
426 0 359 15 398
472 0 60 15 399
443 0 59 15 400
522 0 3 5 401
477 0 373 5 402
449 0 127 15 403
507 0 -7 5 404
503 0 60 1 405
501 0 373 5 406
495 0 93 1 407
505 0 36 1 408
450 0 145 15 409
524 0 373 5 410
451 0 164 15 411
525 0 45 5 412
525 0 93 5 413
526 0 138 5 414
506 0 81 1 415
478 0 125 15 416
491 0 165 1 417
491 0 215 1 418
492 0 243 1 419
526 0 256 5 420
491 0 143 1 421
491 0 188 1 422
526 0 210 5 423
491 0 269 1 424
526 0 304 5 425
526 0 327 5 426
481 0 326 1 427
-65 0 -14 5 428
-22 0 2 1 429
7 0 -14 5 430
55 0 -14 5 431
80 0 -14 5 432
104 0 -14 5 433
129 0 -14 5 434
154 0 -14 5 435
201 0 -14 5 436
270 0 -14 5 437
295 0 -14 5 438
320 0 -14 5 439
345 0 -14 5 440
392 0 -14 5 441
418 0 6 1 442
464 0 -14 5 443
492 0 3 1 444
508 0 7 1 445
527 0 19 5 446
527 0 67 5 447
527 0 114 5 448
527 0 161 5 449
527 0 185 5 450
527 0 232 5 451
527 0 280 5 452
493 0 312 1 453
527 0 352 5 454
465 0 347 1 455
455 0 374 5 456
408 0 374 5 457
356 0 361 15 458
303 0 357 15 459
288 0 374 5 460
241 0 374 5 461
217 0 374 5 462
196 0 347 1 463
168 0 374 5 464
125 0 346 1 465
95 0 374 5 466
53 0 361 15 467
8 0 361 15 468
-47 0 374 5 469
-87 0 367 5 470
-87 0 320 5 471
-87 0 273 5 472
-87 0 248 5 473
-87 0 201 5 474
-87 0 155 5 475
-87 0 107 5 476
-68 0 91 15 477
-67 0 54 15 478
-87 0 -12 5 479
