480
-62 0 89 5 0
-35 0 152 15 1
-51 0 144 15 2
-62 0 153 5 3
-34 0 202 15 4
-62 0 195 5 5
-62 0 231 5 6
-34 0 257 15 7
-34 0 276 15 8
-34 0 297 15 9
-34 0 314 15 10
-34 0 332 15 11
-62 0 109 5 12
-48 0 97 15 13
-39 0 141 15 14
-27 0 340 15 15
-42 0 133 15 16
-30 0 87 15 17
-49 0 88 5 18
-39 0 355 5 19
-46 0 77 5 20
-2 0 87 15 21
-8 0 100 15 22
-2 0 355 5 23
-7 0 83 1 24
17 0 56 1 25
35 0 99 15 26
35 0 355 5 27
36 0 72 1 28
25 0 114 15 29
-8 0 112 1 30
-2 0 196 15 31
-29 0 319 5 32
13 0 69 5 33
-1 0 79 5 34
-1 0 169 15 35
-1 0 212 15 36
-1 0 238 15 37
-29 0 287 5 38
-1 0 334 15 39
12 0 337 15 40
23 0 349 5 41
54 0 56 1 42
45 0 69 5 43
65 0 100 15 44
55 0 118 15 45
75 0 205 15 46
91 0 208 15 47
6 0 254 15 48
57 0 355 5 49
73 0 71 1 50
49 0 334 15 51
72 0 349 5 52
78 0 120 15 53
78 0 100 15 54
78 0 346 15 55
79 0 160 15 56
80 0 111 15 57
80 0 126 15 58
80 0 143 15 59
80 0 174 15 60
85 0 161 1 61
86 0 177 1 62
85 0 191 1 63
80 0 216 15 64
85 0 211 1 65
85 0 229 1 66
80 0 245 15 67
85 0 252 1 68
80 0 266 15 69
85 0 272 1 70
80 0 288 15 71
85 0 302 1 72
80 0 309 15 73
80 0 330 15 74
89 0 75 1 75
90 0 110 1 76
91 0 126 1 77
98 0 130 1 78
101 0 131 15 79
98 0 151 1 80
101 0 154 15 81
97 0 188 1 82
97 0 203 1 83
101 0 208 15 84
97 0 226 1 85
96 0 248 1 86
96 0 266 1 87
96 0 283 1 88
91 0 288 1 89
96 0 304 1 90
92 0 318 1 91
96 0 323 1 92
98 0 172 1 93
99 0 43 1 94
100 0 113 1 95
104 0 55 1 96
106 0 103 15 97
107 0 335 15 98
116 0 119 1 99
107 0 160 15 100
118 0 67 1 101
118 0 83 1 102
112 0 271 15 103
112 0 288 15 104
112 0 310 15 105
112 0 340 15 106
119 0 355 5 107
119 0 171 15 108
119 0 207 15 109
119 0 226 15 110
112 0 230 15 111
121 0 87 1 112
121 0 131 1 113
121 0 141 1 114
121 0 152 1 115
120 0 185 15 116
113 0 251 15 117
121 0 122 1 118
129 0 111 1 119
131 0 100 15 120
129 0 123 1 121
131 0 129 1 122
128 0 140 1 123
130 0 155 1 124
131 0 149 1 125
127 0 154 1 126
134 0 160 1 127
134 0 177 1 128
136 0 195 15 129
138 0 237 15 130
124 0 254 15 131
124 0 271 15 132
124 0 289 15 133
124 0 304 15 134
134 0 322 1 135
138 0 354 5 136
133 0 157 1 137
134 0 117 1 138
130 0 62 1 139
138 0 110 1 140
143 0 148 1 141
147 0 337 1 142
142 0 121 1 143
141 0 74 1 144
144 0 104 1 145
159 0 327 1 146
155 0 157 1 147
157 0 110 1 148
153 0 127 1 149
138 0 54 1 150
156 0 111 1 151
161 0 99 15 152
155 0 121 1 153
161 0 131 1 154
161 0 144 1 155
155 0 142 1 156
161 0 159 1 157
154 0 160 1 158
156 0 175 1 159
152 0 168 1 160
154 0 184 1 161
154 0 212 15 162
156 0 231 15 163
157 0 298 1 164
165 0 297 1 165
169 0 309 1 166
174 0 323 1 167
171 0 338 1 168
162 0 122 1 169
153 0 148 1 170
163 0 65 1 171
179 0 99 15 172
191 0 108 1 173
187 0 122 1 174
185 0 134 1 175
182 0 142 1 176
188 0 145 1 177
191 0 141 1 178
187 0 187 15 179
174 0 184 15 180
175 0 197 15 181
189 0 217 15 182
175 0 224 15 183
177 0 242 15 184
189 0 292 1 185
179 0 297 1 186
192 0 308 1 187
183 0 313 1 188
189 0 354 5 189
187 0 176 15 190
151 0 32 1 191
196 0 93 15 192
198 0 152 1 193
197 0 326 1 194
199 0 119 1 195
185 0 61 1 196
188 0 13 5 197
199 0 56 1 198
213 0 337 1 199
212 0 134 1 200
208 0 149 1 201
207 0 158 1 202
208 0 174 1 203
204 0 165 1 204
205 0 172 1 205
205 0 181 1 206
204 0 182 1 207
204 0 196 1 208
202 0 245 15 209
216 0 295 1 210
213 0 307 1 211
216 0 131 1 212
210 0 147 1 213
221 0 5 5 214
214 0 50 1 215
220 0 180 15 216
220 0 190 15 217
216 0 166 1 218
217 0 177 1 219
214 0 180 1 220
220 0 220 15 221
212 0 180 1 222
219 0 241 15 223
228 0 291 1 224
224 0 301 1 225
218 0 315 1 226
219 0 156 1 227
229 0 326 1 228
221 0 132 1 229
228 0 55 1 230
223 0 123 1 231
241 0 12 5 232
223 0 88 15 233
237 0 337 1 234
237 0 145 1 235
241 0 128 1 236
247 0 55 1 237
238 0 94 15 238
266 0 60 1 239
254 0 122 1 240
256 0 138 1 241
253 0 136 1 242
251 0 134 1 243
253 0 150 1 244
253 0 167 1 245
250 0 156 1 246
247 0 189 15 247
247 0 203 15 248
246 0 223 15 249
245 0 242 15 250
247 0 297 1 251
251 0 296 1 252
258 0 307 1 253
251 0 321 1 254
258 0 336 1 255
258 0 115 1 256
253 0 158 1 257
253 0 105 1 258
256 0 92 15 259
268 0 103 1 260
266 0 124 1 261
269 0 136 1 262
269 0 150 1 263
269 0 152 1 264
268 0 171 15 265
267 0 187 15 266
262 0 158 1 267
266 0 211 15 268
266 0 229 15 269
281 0 236 15 270
281 0 253 15 271
280 0 270 15 272
280 0 288 15 273
280 0 303 15 274
270 0 321 1 275
266 0 354 5 276
263 0 155 1 277
272 0 116 1 278
278 0 96 15 279
277 0 112 1 280
275 0 126 1 281
278 0 152 1 282
285 0 337 1 283
280 0 106 1 284
297 0 62 1 285
285 0 126 1 286
283 0 147 1 287
291 0 113 1 288
301 0 95 15 289
308 0 107 1 290
292 0 118 1 291
295 0 125 1 292
284 0 130 1 293
305 0 161 15 294
286 0 147 1 295
298 0 180 15 296
304 0 202 15 297
298 0 210 15 298
304 0 226 15 299
304 0 247 15 300
310 0 264 1 301
304 0 270 15 302
304 0 287 15 303
310 0 302 1 304
304 0 314 15 305
304 0 333 15 306
305 0 180 15 307
308 0 115 15 308
313 0 88 1 309
320 0 124 1 310
313 0 127 1 311
313 0 143 1 312
294 0 140 1 313
297 0 151 1 314
314 0 185 1 315
320 0 201 1 316
303 0 195 15 317
314 0 224 1 318
320 0 247 1 319
315 0 252 1 320
320 0 270 1 321
315 0 285 1 322
320 0 302 1 323
315 0 316 1 324
319 0 321 1 325
320 0 181 1 326
324 0 74 1 327
329 0 98 15 328
324 0 118 1 329
315 0 147 15 330
331 0 333 15 331
328 0 75 1 332
333 0 71 15 333
344 0 76 1 334
336 0 100 15 335
336 0 131 15 336
330 0 151 1 337
336 0 162 15 338
324 0 176 1 339
336 0 197 15 340
307 0 176 1 341
336 0 223 15 342
336 0 244 15 343
335 0 264 15 344
330 0 282 1 345
335 0 287 15 346
335 0 306 15 347
327 0 349 5 348
336 0 344 15 349
330 0 171 1 350
346 0 77 15 351
359 0 65 1 352
361 0 87 15 353
364 0 54 5 354
365 0 73 1 355
380 0 76 1 356
341 0 180 15 357
312 0 160 1 358
310 0 166 1 359
313 0 179 1 360
330 0 219 1 361
336 0 237 1 362
436 0 285 1 363
374 0 337 5 364
369 0 335 15 365
346 0 348 5 366
360 0 352 5 367
342 0 154 15 368
376 0 86 15 369
390 0 100 15 370
412 0 62 5 371
428 0 80 1 372
418 0 262 15 373
439 0 108 1 374
435 0 157 15 375
419 0 220 15 376
419 0 317 15 377
391 0 347 15 378
400 0 47 5 379
410 0 349 5 380
407 0 99 15 381
445 0 62 5 382
450 0 90 1 383
439 0 122 15 384
439 0 138 15 385
432 0 162 15 386
447 0 157 1 387
424 0 205 15 388
423 0 232 15 389
423 0 249 15 390
423 0 273 15 391
423 0 291 15 392
423 0 305 15 393
423 0 330 15 394
423 0 340 15 395
420 0 58 1 396
433 0 100 15 397
414 0 346 15 398
445 0 102 15 399
428 0 87 15 400
478 0 64 5 401
451 0 355 5 402
437 0 143 15 403
474 0 47 5 404
472 0 99 1 405
471 0 355 5 406
470 0 122 1 407
478 0 73 1 408
445 0 152 15 409
493 0 355 5 410
448 0 167 15 411
496 0 78 5 412
496 0 120 5 413
501 0 150 5 414
490 0 100 1 415
473 0 133 15 416
481 0 173 1 417
481 0 217 1 418
481 0 245 1 419
502 0 259 5 420
481 0 150 1 421
481 0 193 1 422
502 0 220 5 423
481 0 272 1 424
502 0 300 5 425
502 0 322 5 426
475 0 326 1 427
-57 0 -1 5 428
-18 0 9 1 429
13 0 -1 5 430
54 0 -1 5 431
82 0 -1 5 432
110 0 -1 5 433
138 0 -1 5 434
166 0 -1 5 435
207 0 -1 5 436
262 0 -1 5 437
290 0 -1 5 438
318 0 -1 5 439
346 0 -1 5 440
387 0 -1 5 441
416 0 11 1 442
457 0 -1 5 443
487 0 10 1 444
499 0 22 1 445
511 0 42 5 446
511 0 84 5 447
511 0 126 5 448
511 0 167 5 449
511 0 194 5 450
511 0 236 5 451
511 0 278 5 452
490 0 310 1 453
511 0 347 5 454
460 0 344 1 455
441 0 361 5 456
400 0 361 5 457
355 0 353 15 458
310 0 350 15 459
288 0 361 5 460
247 0 361 5 461
220 0 361 5 462
194 0 344 1 463
164 0 361 5 464
125 0 343 1 465
94 0 361 5 466
56 0 353 15 467
15 0 353 15 468
-31 0 361 5 469
-68 0 357 5 470
-71 0 318 5 471
-71 0 276 5 472
-71 0 248 5 473
-71 0 207 5 474
-71 0 166 5 475
-71 0 124 5 476
-59 0 101 15 477
-58 0 66 15 478
-71 0 13 5 479
