480
-77 0 71 5 0
-39 0 148 15 1
-61 0 133 15 2
-77 0 140 5 3
-38 0 202 15 4
-77 0 185 5 5
-77 0 227 5 6
-38 0 257 15 7
-38 0 276 15 8
-38 0 298 15 9
-38 0 316 15 10
-38 0 335 15 11
-77 0 94 5 12
-60 0 83 15 13
-48 0 132 15 14
-35 0 346 15 15
-57 0 118 15 16
-43 0 69 15 17
-71 0 58 5 18
-57 0 367 5 19
-70 0 40 5 20
-11 0 69 15 21
-23 0 75 15 22
-14 0 367 5 23
-23 0 48 1 24
8 0 26 1 25
29 0 74 15 26
29 0 367 5 27
30 0 33 1 28
13 0 81 15 29
-32 0 70 1 30
-23 0 179 15 31
-62 0 333 5 32
-3 0 23 5 33
-23 0 28 5 34
-23 0 145 15 35
-23 0 197 15 36
-22 0 230 15 37
-62 0 292 5 38
-22 0 349 15 39
-5 0 350 15 40
10 0 364 5 41
51 0 25 1 42
37 0 23 5 43
64 0 75 15 44
50 0 83 15 45
77 0 197 15 46
99 0 192 15 47
-19 0 248 15 48
52 0 367 5 49
74 0 32 1 50
40 0 349 15 51
72 0 364 5 52
79 0 94 15 53
79 0 75 15 54
79 0 354 15 55
80 0 156 15 56
80 0 103 15 57
80 0 121 15 58
80 0 138 15 59
80 0 171 15 60
88 0 149 1 61
89 0 168 1 62
88 0 184 1 63
80 0 215 15 64
88 0 204 1 65
87 0 224 1 66
80 0 242 15 67
87 0 248 1 68
81 0 265 15 69
88 0 269 1 70
81 0 288 15 71
88 0 303 1 72
81 0 310 15 73
80 0 335 15 74
91 0 56 1 75
91 0 108 1 76
91 0 124 1 77
100 0 125 1 78
104 0 122 15 79
100 0 144 1 80
104 0 144 15 81
99 0 183 1 82
99 0 200 1 83
104 0 203 15 84
99 0 222 1 85
97 0 246 1 86
97 0 265 1 87
97 0 284 1 88
91 0 287 1 89
97 0 305 1 90
92 0 320 1 91
97 0 323 1 92
100 0 166 1 93
100 0 19 1 94
101 0 110 1 95
105 0 39 1 96
107 0 99 15 97
107 0 339 15 98
119 0 114 1 99
107 0 159 15 100
120 0 61 1 101
120 0 75 1 102
109 0 269 15 103
109 0 289 15 104
109 0 314 15 105
109 0 350 15 106
119 0 367 5 107
119 0 170 15 108
119 0 207 15 109
119 0 225 15 110
110 0 225 15 111
122 0 85 1 112
121 0 130 1 113
122 0 139 1 114
122 0 149 1 115
120 0 182 15 116
110 0 248 15 117
121 0 120 1 118
130 0 109 1 119
131 0 98 15 120
129 0 120 1 121
132 0 125 1 122
128 0 135 1 123
130 0 150 1 124
132 0 139 1 125
126 0 136 1 126
135 0 141 1 127
136 0 160 1 128
139 0 180 15 129
141 0 230 15 130
121 0 249 15 131
122 0 269 15 132
122 0 289 15 133
122 0 305 15 134
136 0 326 1 135
141 0 366 5 136
134 0 145 1 137
134 0 115 1 138
126 0 50 1 139
136 0 110 1 140
141 0 143 1 141
148 0 342 1 142
140 0 117 1 143
138 0 70 1 144
142 0 105 1 145
160 0 328 1 146
153 0 155 1 147
156 0 110 1 148
151 0 126 1 149
130 0 39 1 150
153 0 108 1 151
158 0 97 15 152
149 0 117 1 153
158 0 127 1 154
158 0 139 1 155
149 0 131 1 156
158 0 152 1 157
148 0 144 1 158
151 0 161 1 159
145 0 147 1 160
148 0 164 1 161
148 0 196 15 162
150 0 217 15 163
153 0 306 1 164
163 0 300 1 165
169 0 312 1 166
176 0 326 1 167
172 0 343 1 168
158 0 119 1 169
146 0 132 1 170
157 0 57 1 171
178 0 98 15 172
194 0 106 1 173
188 0 119 1 174
185 0 133 1 175
181 0 137 1 176
189 0 137 1 177
194 0 127 1 178
188 0 183 15 179
171 0 176 15 180
171 0 188 15 181
191 0 210 15 182
172 0 213 15 183
175 0 233 15 184
191 0 298 1 185
178 0 301 1 186
195 0 311 1 187
183 0 313 1 188
191 0 366 5 189
188 0 172 15 190
135 0 17 1 191
196 0 94 15 192
197 0 147 1 193
195 0 327 1 194
197 0 114 1 195
178 0 54 1 196
181 0 -3 5 197
195 0 52 1 198
213 0 342 1 199
210 0 124 1 200
205 0 130 1 201
204 0 140 1 202
206 0 157 1 203
200 0 141 1 204
201 0 148 1 205
202 0 159 1 206
200 0 156 1 207
200 0 171 1 208
198 0 235 15 209
216 0 300 1 210
212 0 311 1 211
216 0 130 1 212
207 0 132 1 213
222 0 -7 5 214
211 0 48 1 215
220 0 173 15 216
220 0 184 15 217
214 0 146 1 218
214 0 158 1 219
211 0 161 1 220
218 0 211 15 221
208 0 152 1 222
218 0 232 15 223
230 0 298 1 224
226 0 307 1 225
217 0 322 1 226
218 0 146 1 227
230 0 328 1 228
220 0 120 1 229
229 0 51 1 230
222 0 118 1 231
245 0 -3 5 232
218 0 92 15 233
237 0 342 1 234
236 0 137 1 235
241 0 126 1 236
249 0 51 1 237
235 0 95 15 238
272 0 53 1 239
253 0 119 1 240
256 0 138 1 241
252 0 130 1 242
250 0 122 1 243
252 0 139 1 244
252 0 155 1 245
248 0 135 1 246
244 0 178 15 247
244 0 191 15 248
243 0 213 15 249
240 0 233 15 250
244 0 306 1 251
249 0 300 1 252
260 0 310 1 253
250 0 325 1 254
260 0 342 1 255
259 0 115 1 256
252 0 147 1 257
252 0 105 1 258
255 0 94 15 259
269 0 104 1 260
265 0 122 1 261
269 0 136 1 262
269 0 149 1 263
269 0 146 1 264
268 0 169 15 265
267 0 184 15 266
259 0 138 1 267
265 0 208 15 268
265 0 227 15 269
285 0 230 15 270
285 0 249 15 271
285 0 269 15 272
285 0 289 15 273
285 0 305 15 274
271 0 325 1 275
265 0 366 5 276
261 0 143 1 277
271 0 115 1 278
278 0 96 15 279
276 0 113 1 280
272 0 123 1 281
275 0 148 1 282
284 0 342 1 283
277 0 108 1 284
299 0 53 1 285
281 0 123 1 286
278 0 140 1 287
289 0 113 1 288
301 0 95 15 289
308 0 107 1 290
286 0 115 1 291
289 0 121 1 292
274 0 122 1 293
304 0 159 15 294
276 0 136 1 295
293 0 173 15 296
303 0 200 15 297
293 0 208 15 298
303 0 223 15 299
303 0 246 15 300
310 0 264 1 301
303 0 269 15 302
303 0 289 15 303
310 0 304 1 304
303 0 315 15 305
303 0 338 15 306
304 0 180 15 307
305 0 115 15 308
311 0 85 1 309
319 0 123 1 310
310 0 124 1 311
310 0 140 1 312
283 0 130 1 313
288 0 142 1 314
311 0 182 1 315
319 0 199 1 316
295 0 187 15 317
311 0 221 1 318
320 0 246 1 319
313 0 248 1 320
319 0 268 1 321
313 0 286 1 322
319 0 304 1 323
313 0 319 1 324
318 0 321 1 325
319 0 180 1 326
323 0 70 1 327
329 0 97 15 328
321 0 112 1 329
309 0 140 15 330
330 0 336 15 331
325 0 60 1 332
331 0 62 15 333
344 0 55 1 334
332 0 84 15 335
332 0 123 15 336
324 0 144 1 337
332 0 157 15 338
315 0 167 1 339
333 0 193 15 340
291 0 159 1 341
332 0 218 15 342
332 0 241 15 343
331 0 264 15 344
324 0 285 1 345
331 0 288 15 346
331 0 309 15 347
319 0 364 5 348
333 0 353 15 349
323 0 165 1 350
346 0 64 15 351
359 0 40 1 352
363 0 69 15 353
367 0 16 5 354
368 0 37 1 355
388 0 38 1 356
335 0 174 15 357
294 0 142 1 358
290 0 146 1 359
294 0 158 1 360
318 0 208 1 361
327 0 228 1 362
467 0 290 1 363
380 0 358 5 364
373 0 350 15 365
341 0 363 5 366
361 0 365 5 367
335 0 143 15 368
381 0 68 15 369
398 0 75 15 370
427 0 20 5 371
449 0 40 1 372
435 0 259 15 373
464 0 71 1 374
459 0 129 15 375
436 0 210 15 376
436 0 328 15 377
397 0 355 15 378
409 0 13 5 379
422 0 364 5 380
418 0 75 15 381
469 0 20 5 382
475 0 53 1 383
460 0 95 15 384
460 0 112 15 385
450 0 142 15 386
471 0 131 1 387
439 0 193 15 388
438 0 227 15 389
438 0 245 15 390
438 0 275 15 391
438 0 295 15 392
438 0 312 15 393
438 0 341 15 394
438 0 352 15 395
432 0 29 1 396
449 0 75 15 397
422 0 355 15 398
462 0 75 15 399
437 0 69 15 400
506 0 25 5 401
468 0 367 5 402
445 0 133 15 403
495 0 13 5 404
492 0 74 1 405
490 0 367 5 406
486 0 103 1 407
495 0 50 1 408
449 0 148 15 409
513 0 367 5 410
450 0 165 15 411
514 0 57 5 412
514 0 103 5 413
517 0 142 5 414
500 0 88 1 415
476 0 128 15 416
488 0 168 1 417
488 0 216 1 418
488 0 244 1 419
517 0 257 5 420
487 0 146 1 421
488 0 190 1 422
517 0 213 5 423
488 0 270 1 424
517 0 302 5 425
517 0 325 5 426
479 0 326 1 427
-62 0 -10 5 428
-20 0 5 1 429
9 0 -10 5 430
55 0 -10 5 431
80 0 -10 5 432
106 0 -10 5 433
132 0 -10 5 434
158 0 -10 5 435
204 0 -10 5 436
267 0 -10 5 437
293 0 -10 5 438
319 0 -10 5 439
345 0 -10 5 440
390 0 -10 5 441
417 0 8 1 442
461 0 -10 5 443
490 0 6 1 444
505 0 12 1 445
521 0 28 5 446
521 0 73 5 447
521 0 118 5 448
521 0 164 5 449
521 0 188 5 450
521 0 234 5 451
521 0 279 5 452
492 0 311 1 453
521 0 350 5 454
463 0 346 1 455
450 0 370 5 456
405 0 370 5 457
356 0 358 15 458
305 0 354 15 459
288 0 370 5 460
243 0 370 5 461
218 0 370 5 462
195 0 346 1 463
166 0 370 5 464
125 0 345 1 465
95 0 370 5 466
54 0 358 15 467
11 0 358 15 468
-41 0 370 5 469
-80 0 364 5 470
-81 0 320 5 471
-81 0 274 5 472
-81 0 248 5 473
-81 0 203 5 474
-81 0 159 5 475
-81 0 113 5 476
-65 0 95 15 477
-64 0 59 15 478
-81 0 -3 5 479
