480
-74 0 76 5 0
-38 0 149 15 1
-59 0 136 15 2
-74 0 143 5 3
-37 0 202 15 4
-74 0 188 5 5
-74 0 228 5 6
-37 0 257 15 7
-37 0 276 15 8
-37 0 298 15 9
-37 0 315 15 10
-37 0 334 15 11
-73 0 98 5 12
-57 0 86 15 13
-46 0 134 15 14
-33 0 345 15 15
-54 0 122 15 16
-40 0 73 15 17
-66 0 65 5 18
-53 0 364 5 19
-64 0 49 5 20
-9 0 73 15 21
-20 0 81 15 22
-11 0 364 5 23
-19 0 57 1 24
10 0 33 1 25
31 0 80 15 26
30 0 364 5 27
32 0 43 1 28
16 0 89 15 29
-26 0 81 1 30
-18 0 183 15 31
-54 0 329 5 32
1 0 35 5 33
-17 0 40 5 34
-18 0 151 15 35
-18 0 200 15 36
-17 0 232 15 37
-53 0 291 5 38
-17 0 346 15 39
-1 0 347 15 40
13 0 360 5 41
52 0 33 1 42
39 0 35 5 43
64 0 81 15 44
51 0 92 15 45
77 0 199 15 46
97 0 196 15 47
-13 0 249 15 48
53 0 364 5 49
74 0 42 1 50
42 0 345 15 51
72 0 360 5 52
79 0 100 15 53
79 0 81 15 54
79 0 352 15 55
80 0 157 15 56
80 0 105 15 57
80 0 122 15 58
80 0 139 15 59
80 0 172 15 60
87 0 152 1 61
88 0 170 1 62
87 0 186 1 63
80 0 215 15 64
87 0 206 1 65
87 0 225 1 66
80 0 242 15 67
87 0 249 1 68
81 0 265 15 69
87 0 270 1 70
81 0 288 15 71
87 0 303 1 72
81 0 310 15 73
80 0 333 15 74
91 0 60 1 75
91 0 109 1 76
91 0 125 1 77
99 0 126 1 78
103 0 124 15 79
99 0 146 1 80
103 0 146 15 81
98 0 184 1 82
98 0 201 1 83
104 0 205 15 84
98 0 223 1 85
97 0 247 1 86
97 0 266 1 87
97 0 284 1 88
91 0 288 1 89
97 0 304 1 90
92 0 319 1 91
97 0 323 1 92
99 0 167 1 93
100 0 25 1 94
101 0 111 1 95
105 0 43 1 96
106 0 100 15 97
107 0 338 15 98
118 0 115 1 99
107 0 159 15 100
120 0 62 1 101
120 0 77 1 102
110 0 270 15 103
110 0 289 15 104
110 0 313 15 105
110 0 347 15 106
119 0 364 5 107
119 0 170 15 108
119 0 207 15 109
119 0 226 15 110
110 0 227 15 111
122 0 85 1 112
121 0 130 1 113
122 0 140 1 114
122 0 149 1 115
120 0 183 15 116
111 0 248 15 117
121 0 121 1 118
130 0 110 1 119
131 0 98 15 120
129 0 121 1 121
132 0 126 1 122
128 0 137 1 123
130 0 151 1 124
132 0 141 1 125
127 0 141 1 126
135 0 146 1 127
135 0 164 1 128
138 0 184 15 129
141 0 232 15 130
122 0 250 15 131
123 0 269 15 132
123 0 289 15 133
123 0 305 15 134
135 0 325 1 135
140 0 363 5 136
134 0 148 1 137
134 0 116 1 138
127 0 53 1 139
137 0 110 1 140
142 0 144 1 141
148 0 341 1 142
141 0 118 1 143
139 0 71 1 144
143 0 104 1 145
159 0 328 1 146
154 0 156 1 147
156 0 110 1 148
152 0 126 1 149
132 0 43 1 150
154 0 109 1 151
159 0 98 15 152
150 0 118 1 153
159 0 128 1 154
159 0 140 1 155
151 0 134 1 156
159 0 154 1 157
149 0 148 1 158
152 0 165 1 159
146 0 152 1 160
149 0 169 1 161
149 0 200 15 162
152 0 221 15 163
154 0 304 1 164
164 0 299 1 165
169 0 311 1 166
175 0 325 1 167
172 0 341 1 168
159 0 120 1 169
148 0 136 1 170
159 0 59 1 171
178 0 98 15 172
193 0 107 1 173
188 0 120 1 174
185 0 133 1 175
181 0 138 1 176
189 0 139 1 177
193 0 130 1 178
188 0 184 15 179
172 0 178 15 180
172 0 190 15 181
190 0 212 15 182
173 0 216 15 183
175 0 235 15 184
191 0 297 1 185
178 0 300 1 186
195 0 311 1 187
183 0 313 1 188
190 0 363 5 189
188 0 173 15 190
139 0 20 1 191
196 0 94 15 192
197 0 148 1 193
196 0 327 1 194
198 0 115 1 195
179 0 56 1 196
183 0 1 5 197
196 0 53 1 198
213 0 341 1 199
211 0 126 1 200
206 0 135 1 201
205 0 144 1 202
206 0 161 1 203
201 0 147 1 204
202 0 154 1 205
203 0 165 1 206
201 0 163 1 207
201 0 177 1 208
199 0 237 15 209
216 0 299 1 210
212 0 310 1 211
216 0 130 1 212
208 0 136 1 213
222 0 -4 5 214
212 0 49 1 215
220 0 175 15 216
220 0 186 15 217
214 0 151 1 218
215 0 162 1 219
212 0 166 1 220
219 0 213 15 221
209 0 159 1 222
218 0 234 15 223
230 0 296 1 224
225 0 306 1 225
217 0 320 1 226
218 0 148 1 227
230 0 327 1 228
220 0 123 1 229
229 0 52 1 230
222 0 119 1 231
244 0 0 5 232
220 0 91 15 233
237 0 341 1 234
237 0 139 1 235
241 0 126 1 236
248 0 52 1 237
236 0 95 15 238
271 0 55 1 239
253 0 119 1 240
256 0 138 1 241
252 0 131 1 242
250 0 125 1 243
252 0 142 1 244
252 0 158 1 245
248 0 140 1 246
245 0 180 15 247
244 0 194 15 248
244 0 215 15 249
241 0 235 15 250
244 0 304 1 251
250 0 299 1 252
259 0 310 1 253
250 0 324 1 254
259 0 341 1 255
259 0 115 1 256
252 0 150 1 257
252 0 105 1 258
255 0 93 15 259
269 0 104 1 260
265 0 122 1 261
269 0 136 1 262
269 0 149 1 263
269 0 147 1 264
268 0 169 15 265
267 0 185 15 266
260 0 143 1 267
265 0 208 15 268
266 0 227 15 269
284 0 232 15 270
284 0 250 15 271
283 0 269 15 272
283 0 289 15 273
283 0 304 15 274
271 0 324 1 275
265 0 363 5 276
261 0 146 1 277
272 0 115 1 278
278 0 96 15 279
277 0 112 1 280
273 0 123 1 281
276 0 149 1 282
285 0 341 1 283
277 0 107 1 284
299 0 55 1 285
282 0 124 1 286
279 0 142 1 287
289 0 113 1 288
301 0 95 15 289
308 0 107 1 290
288 0 116 1 291
291 0 122 1 292
276 0 124 1 293
304 0 160 15 294
279 0 139 1 295
294 0 175 15 296
303 0 201 15 297
294 0 209 15 298
303 0 224 15 299
303 0 246 15 300
310 0 264 1 301
303 0 269 15 302
303 0 288 15 303
310 0 303 1 304
303 0 315 15 305
303 0 337 15 306
304 0 180 15 307
306 0 115 15 308
312 0 85 1 309
319 0 123 1 310
311 0 125 1 311
311 0 141 1 312
286 0 133 1 313
290 0 144 1 314
312 0 183 1 315
319 0 200 1 316
297 0 189 15 317
312 0 222 1 318
320 0 246 1 319
313 0 249 1 320
319 0 269 1 321
313 0 285 1 322
319 0 303 1 323
313 0 319 1 324
319 0 321 1 325
320 0 180 1 326
323 0 71 1 327
329 0 97 15 328
321 0 114 1 329
310 0 142 15 330
330 0 335 15 331
325 0 63 1 332
331 0 64 15 333
344 0 60 1 334
333 0 88 15 335
333 0 125 15 336
325 0 146 1 337
333 0 158 15 338
317 0 169 1 339
334 0 194 15 340
295 0 163 1 341
333 0 219 15 342
333 0 242 15 343
332 0 264 15 344
325 0 284 1 345
332 0 287 15 346
332 0 308 15 347
321 0 360 5 348
334 0 351 15 349
325 0 167 1 350
346 0 68 15 351
359 0 46 1 352
362 0 73 15 353
366 0 25 5 354
367 0 46 1 355
386 0 47 1 356
336 0 175 15 357
298 0 146 1 358
295 0 151 1 359
299 0 164 1 360
321 0 211 1 361
329 0 230 1 362
459 0 289 1 363
378 0 353 5 364
372 0 346 15 365
342 0 359 5 366
360 0 362 5 367
336 0 146 15 368
380 0 72 15 369
396 0 81 15 370
424 0 31 5 371
444 0 50 1 372
431 0 260 15 373
458 0 80 1 374
453 0 136 15 375
431 0 213 15 376
432 0 325 15 377
396 0 353 15 378
407 0 21 5 379
419 0 360 5 380
415 0 81 15 381
463 0 31 5 382
468 0 62 1 383
455 0 101 15 384
455 0 118 15 385
445 0 147 15 386
465 0 138 1 387
435 0 196 15 388
434 0 228 15 389
434 0 246 15 390
434 0 274 15 391
434 0 294 15 392
434 0 310 15 393
434 0 338 15 394
434 0 349 15 395
429 0 36 1 396
445 0 81 15 397
420 0 353 15 398
458 0 82 15 399
435 0 73 15 400
499 0 35 5 401
464 0 364 5 402
443 0 135 15 403
490 0 21 5 404
487 0 80 1 405
485 0 364 5 406
482 0 108 1 407
491 0 55 1 408
448 0 149 15 409
508 0 364 5 410
449 0 166 15 411
510 0 63 5 412
510 0 107 5 413
513 0 144 5 414
498 0 91 1 415
475 0 129 15 416
486 0 169 1 417
486 0 216 1 418
487 0 244 1 419
513 0 257 5 420
485 0 147 1 421
486 0 191 1 422
514 0 215 5 423
486 0 271 1 424
514 0 302 5 425
514 0 324 5 426
478 0 326 1 427
-61 0 -8 5 428
-20 0 6 1 429
10 0 -8 5 430
55 0 -8 5 431
81 0 -8 5 432
107 0 -8 5 433
134 0 -8 5 434
160 0 -8 5 435
204 0 -8 5 436
266 0 -8 5 437
292 0 -8 5 438
319 0 -8 5 439
345 0 -8 5 440
390 0 -8 5 441
417 0 9 1 442
460 0 -8 5 443
490 0 7 1 444
503 0 15 1 445
519 0 31 5 446
519 0 76 5 447
519 0 120 5 448
519 0 164 5 449
519 0 190 5 450
519 0 234 5 451
519 0 279 5 452
491 0 311 1 453
519 0 350 5 454
462 0 345 1 455
448 0 368 5 456
404 0 368 5 457
356 0 357 15 458
306 0 353 15 459
288 0 368 5 460
244 0 368 5 461
218 0 368 5 462
195 0 345 1 463
166 0 368 5 464
125 0 344 1 465
95 0 368 5 466
54 0 357 15 467
12 0 357 15 468
-38 0 368 5 469
-77 0 362 5 470
-79 0 319 5 471
-79 0 275 5 472
-79 0 248 5 473
-79 0 204 5 474
-79 0 160 5 475
-79 0 116 5 476
-63 0 96 15 477
-62 0 61 15 478
-79 0 1 5 479
