480
-58 0 95 5 0
-34 0 153 15 1
-48 0 147 15 2
-58 0 158 5 3
-33 0 203 15 4
-58 0 199 5 5
-58 0 232 5 6
-33 0 258 15 7
-33 0 277 15 8
-33 0 297 15 9
-33 0 314 15 10
-33 0 331 15 11
-57 0 114 5 12
-45 0 101 15 13
-36 0 143 15 14
-25 0 339 15 15
-38 0 137 15 16
-27 0 93 15 17
-42 0 97 5 18
-33 0 352 5 19
-39 0 89 5 20
0 0 93 15 21
-4 0 108 15 22
2 0 352 5 23
-2 0 94 1 24
20 0 66 1 25
36 0 107 15 26
37 0 352 5 27
38 0 84 1 28
28 0 124 15 29
0 0 125 1 30
5 0 202 15 31
-19 0 314 5 32
18 0 84 5 33
6 0 95 5 34
6 0 177 15 35
6 0 217 15 36
6 0 241 15 37
-18 0 285 5 38
6 0 329 15 39
17 0 333 15 40
27 0 344 5 41
55 0 65 1 42
48 0 84 5 43
65 0 108 15 44
57 0 129 15 45
74 0 208 15 46
88 0 214 15 47
14 0 257 15 48
58 0 352 5 49
73 0 84 1 50
52 0 329 15 51
72 0 344 5 52
77 0 128 15 53
78 0 108 15 54
78 0 344 15 55
79 0 161 15 56
79 0 114 15 57
79 0 128 15 58
79 0 144 15 59
79 0 174 15 60
84 0 164 1 61
85 0 179 1 62
84 0 193 1 63
79 0 216 15 64
84 0 214 1 65
84 0 230 1 66
79 0 246 15 67
84 0 253 1 68
80 0 267 15 69
84 0 273 1 70
80 0 288 15 71
84 0 301 1 72
80 0 309 15 73
79 0 328 15 74
88 0 81 1 75
90 0 110 1 76
91 0 127 1 77
97 0 131 1 78
99 0 134 15 79
97 0 153 1 80
99 0 157 15 81
96 0 189 1 82
96 0 204 1 83
100 0 210 15 84
96 0 228 1 85
95 0 249 1 86
95 0 266 1 87
95 0 282 1 88
91 0 288 1 89
95 0 304 1 90
92 0 318 1 91
95 0 324 1 92
97 0 174 1 93
98 0 51 1 94
100 0 114 1 95
104 0 60 1 96
105 0 104 15 97
107 0 334 15 98
114 0 121 1 99
107 0 160 15 100
117 0 69 1 101
117 0 86 1 102
112 0 271 15 103
112 0 288 15 104
112 0 309 15 105
112 0 337 15 106
119 0 351 5 107
119 0 172 15 108
119 0 208 15 109
119 0 226 15 110
113 0 232 15 111
121 0 87 1 112
120 0 131 1 113
121 0 141 1 114
121 0 152 1 115
120 0 186 15 116
113 0 252 15 117
121 0 122 1 118
128 0 112 1 119
130 0 100 15 120
129 0 124 1 121
131 0 130 1 122
128 0 142 1 123
130 0 156 1 124
131 0 153 1 125
127 0 159 1 126
133 0 166 1 127
133 0 182 1 128
135 0 201 15 129
137 0 239 15 130
124 0 255 15 131
125 0 272 15 132
125 0 289 15 133
125 0 304 15 134
133 0 321 1 135
137 0 350 5 136
133 0 161 1 137
134 0 117 1 138
131 0 66 1 139
138 0 110 1 140
143 0 150 1 141
147 0 336 1 142
142 0 122 1 143
142 0 75 1 144
145 0 104 1 145
158 0 327 1 146
155 0 158 1 147
157 0 110 1 148
154 0 128 1 149
141 0 59 1 150
157 0 112 1 151
162 0 100 15 152
156 0 122 1 153
162 0 132 1 154
162 0 145 1 155
157 0 145 1 156
162 0 162 1 157
156 0 165 1 158
158 0 180 1 159
154 0 175 1 160
156 0 191 1 161
156 0 218 15 162
157 0 236 15 163
159 0 296 1 164
165 0 296 1 165
169 0 309 1 166
173 0 322 1 167
171 0 336 1 168
163 0 122 1 169
155 0 153 1 170
165 0 68 1 171
180 0 100 15 172
190 0 109 1 173
186 0 123 1 174
184 0 135 1 175
182 0 143 1 176
187 0 148 1 177
190 0 145 1 178
186 0 188 15 179
175 0 188 15 180
176 0 200 15 181
188 0 220 15 182
176 0 228 15 183
178 0 245 15 184
188 0 290 1 185
180 0 296 1 186
191 0 308 1 187
183 0 313 1 188
188 0 350 5 189
187 0 177 15 190
156 0 37 1 191
196 0 92 15 192
198 0 153 1 193
197 0 326 1 194
199 0 121 1 195
187 0 63 1 196
190 0 18 5 197
201 0 57 1 198
213 0 335 1 199
212 0 138 1 200
208 0 154 1 201
208 0 164 1 202
209 0 179 1 203
205 0 172 1 204
206 0 180 1 205
206 0 189 1 206
205 0 191 1 207
205 0 205 1 208
204 0 249 15 209
215 0 294 1 210
213 0 306 1 211
216 0 131 1 212
210 0 151 1 213
221 0 8 5 214
214 0 50 1 215
221 0 181 15 216
221 0 192 15 217
217 0 172 1 218
217 0 182 1 219
215 0 187 1 220
220 0 223 15 221
213 0 188 1 222
219 0 244 15 223
227 0 289 1 224
224 0 299 1 225
219 0 313 1 226
220 0 160 1 227
228 0 326 1 228
222 0 135 1 229
228 0 56 1 230
224 0 124 1 231
240 0 17 5 232
225 0 87 15 233
237 0 336 1 234
238 0 147 1 235
241 0 128 1 236
247 0 56 1 237
240 0 94 15 238
265 0 62 1 239
254 0 122 1 240
256 0 138 1 241
253 0 138 1 242
252 0 138 1 243
253 0 153 1 244
253 0 171 1 245
251 0 162 1 246
249 0 193 15 247
248 0 207 15 248
248 0 227 15 249
246 0 245 15 250
248 0 295 1 251
252 0 295 1 252
258 0 307 1 253
252 0 320 1 254
258 0 335 1 255
258 0 115 1 256
254 0 161 1 257
254 0 105 1 258
257 0 92 15 259
268 0 103 1 260
266 0 124 1 261
269 0 136 1 262
269 0 150 1 263
269 0 153 1 264
268 0 171 15 265
268 0 189 15 266
263 0 164 1 267
266 0 212 15 268
267 0 230 15 269
279 0 238 15 270
279 0 255 15 271
279 0 271 15 272
279 0 288 15 273
279 0 303 15 274
270 0 320 1 275
266 0 350 5 276
264 0 159 1 277
273 0 116 1 278
279 0 95 15 279
278 0 112 1 280
277 0 126 1 281
279 0 153 1 282
286 0 336 1 283
281 0 106 1 284
296 0 64 1 285
287 0 127 1 286
285 0 148 1 287
292 0 113 1 288
301 0 95 15 289
308 0 107 1 290
295 0 119 1 291
297 0 126 1 292
287 0 132 1 293
306 0 161 15 294
289 0 150 1 295
299 0 181 15 296
305 0 202 15 297
299 0 211 15 298
305 0 227 15 299
305 0 247 15 300
310 0 264 1 301
305 0 271 15 302
305 0 287 15 303
310 0 302 1 304
305 0 313 15 305
305 0 332 15 306
306 0 181 15 307
309 0 115 15 308
314 0 88 1 309
320 0 124 1 310
315 0 128 1 311
315 0 144 1 312
298 0 143 1 313
301 0 154 1 314
315 0 187 1 315
320 0 202 1 316
305 0 198 15 317
315 0 225 1 318
321 0 247 1 319
316 0 253 1 320
320 0 270 1 321
316 0 285 1 322
320 0 302 1 323
316 0 316 1 324
320 0 321 1 325
321 0 181 1 326
325 0 75 1 327
329 0 99 15 328
325 0 120 1 329
318 0 148 15 330
331 0 332 15 331
329 0 80 1 332
334 0 74 15 333
345 0 82 1 334
337 0 104 15 335
337 0 134 15 336
332 0 152 1 337
337 0 164 15 338
327 0 178 1 339
338 0 198 15 340
312 0 181 1 341
337 0 224 15 342
337 0 245 15 343
337 0 264 15 344
332 0 281 1 345
337 0 287 15 346
337 0 306 15 347
329 0 344 5 348
338 0 342 15 349
332 0 173 1 350
347 0 81 15 351
359 0 72 1 352
361 0 93 15 353
364 0 66 5 354
365 0 84 1 355
377 0 88 1 356
344 0 181 15 357
318 0 165 1 358
316 0 172 1 359
319 0 185 1 360
334 0 223 1 361
339 0 241 1 362
426 0 284 1 363
372 0 330 5 364
368 0 330 15 365
348 0 343 5 366
360 0 348 5 367
344 0 158 15 368
375 0 92 15 369
387 0 108 15 370
407 0 76 5 371
421 0 93 1 372
413 0 263 15 373
431 0 120 1 374
428 0 165 15 375
413 0 224 15 376
414 0 314 15 377
390 0 344 15 378
397 0 57 5 379
406 0 344 5 380
404 0 107 15 381
438 0 76 5 382
442 0 102 1 383
433 0 131 15 384
433 0 146 15 385
426 0 169 15 386
439 0 166 1 387
419 0 209 15 388
419 0 234 15 389
419 0 250 15 390
419 0 273 15 391
419 0 290 15 392
419 0 304 15 393
419 0 327 15 394
419 0 337 15 395
417 0 67 1 396
428 0 108 15 397
411 0 344 15 398
439 0 110 15 399
425 0 92 15 400
469 0 77 5 401
446 0 351 5 402
434 0 146 15 403
467 0 57 5 404
466 0 107 1 405
465 0 351 5 406
465 0 128 1 407
473 0 80 1 408
444 0 153 15 409
487 0 351 5 410
448 0 167 15 411
490 0 85 5 412
490 0 125 5 413
497 0 152 5 414
487 0 104 1 415
472 0 134 15 416
479 0 175 1 417
479 0 217 1 418
479 0 246 1 419
497 0 259 5 420
479 0 151 1 421
479 0 194 1 422
498 0 222 5 423
479 0 273 1 424
498 0 299 5 425
498 0 320 5 426
474 0 326 1 427
-55 0 1 5 428
-17 0 10 1 429
14 0 1 5 430
54 0 1 5 431
83 0 1 5 432
111 0 1 5 433
140 0 1 5 434
168 0 1 5 435
209 0 1 5 436
260 0 1 5 437
289 0 1 5 438
317 0 1 5 439
346 0 1 5 440
386 0 1 5 441
416 0 12 1 442
455 0 1 5 443
486 0 11 1 444
497 0 25 1 445
508 0 47 5 446
508 0 88 5 447
508 0 128 5 448
508 0 169 5 449
508 0 196 5 450
508 0 237 5 451
508 0 277 5 452
489 0 310 1 453
508 0 346 5 454
459 0 344 1 455
438 0 359 5 456
398 0 359 5 457
355 0 352 15 458
311 0 349 15 459
288 0 359 5 460
248 0 359 5 461
220 0 359 5 462
194 0 344 1 463
163 0 359 5 464
125 0 343 1 465
94 0 359 5 466
56 0 352 15 467
17 0 352 15 468
-28 0 359 5 469
-64 0 355 5 470
-68 0 317 5 471
-68 0 277 5 472
-68 0 248 5 473
-68 0 208 5 474
-68 0 168 5 475
-68 0 127 5 476
-57 0 104 15 477
-57 0 69 15 478
-68 0 18 5 479
