480
-81 0 67 5 0
-40 0 147 15 1
-64 0 131 15 2
-81 0 137 5 3
-39 0 201 15 4
-81 0 182 5 5
-81 0 226 5 6
-39 0 257 15 7
-39 0 276 15 8
-39 0 298 15 9
-39 0 316 15 10
-39 0 335 15 11
-81 0 90 5 12
-62 0 79 15 13
-51 0 130 15 14
-37 0 347 15 15
-61 0 114 15 16
-46 0 64 15 17
-77 0 50 5 18
-62 0 370 5 19
-76 0 30 5 20
-13 0 64 15 21
-27 0 69 15 22
-18 0 370 5 23
-27 0 40 1 24
5 0 18 1 25
28 0 68 15 26
27 0 370 5 27
28 0 23 1 28
11 0 73 15 29
-38 0 60 1 30
-29 0 175 15 31
-70 0 336 5 32
-8 0 12 5 33
-28 0 15 5 34
-29 0 139 15 35
-29 0 193 15 36
-28 0 227 15 37
-70 0 293 5 38
-28 0 353 15 39
-9 0 354 15 40
7 0 368 5 41
50 0 17 1 42
35 0 12 5 43
64 0 69 15 44
49 0 74 15 45
78 0 194 15 46
101 0 188 15 47
-26 0 246 15 48
50 0 370 5 49
75 0 22 1 50
38 0 353 15 51
72 0 368 5 52
80 0 87 15 53
80 0 69 15 54
79 0 356 15 55
80 0 155 15 56
80 0 100 15 57
80 0 119 15 58
80 0 136 15 59
80 0 171 15 60
89 0 146 1 61
90 0 166 1 62
89 0 183 1 63
80 0 215 15 64
89 0 202 1 65
88 0 223 1 66
80 0 241 15 67
88 0 247 1 68
81 0 265 15 69
89 0 269 1 70
81 0 288 15 71
89 0 304 1 72
81 0 310 15 73
80 0 336 15 74
92 0 51 1 75
91 0 108 1 76
91 0 123 1 77
100 0 124 1 78
105 0 120 15 79
100 0 142 1 80
105 0 141 15 81
99 0 182 1 82
99 0 200 1 83
105 0 202 15 84
99 0 221 1 85
98 0 245 1 86
98 0 265 1 87
98 0 285 1 88
91 0 287 1 89
98 0 305 1 90
92 0 320 1 91
98 0 322 1 92
100 0 164 1 93
101 0 12 1 94
101 0 109 1 95
106 0 34 1 96
107 0 98 15 97
107 0 340 15 98
120 0 112 1 99
107 0 159 15 100
121 0 59 1 101
121 0 73 1 102
109 0 269 15 103
109 0 289 15 104
109 0 315 15 105
109 0 352 15 106
120 0 370 5 107
119 0 169 15 108
119 0 206 15 109
119 0 225 15 110
109 0 224 15 111
122 0 84 1 112
121 0 130 1 113
122 0 139 1 114
122 0 148 1 115
120 0 182 15 116
109 0 247 15 117
121 0 120 1 118
131 0 108 1 119
131 0 97 15 120
129 0 120 1 121
132 0 124 1 122
128 0 134 1 123
130 0 149 1 124
132 0 136 1 125
126 0 132 1 126
136 0 136 1 127
136 0 156 1 128
140 0 177 15 129
142 0 229 15 130
121 0 248 15 131
122 0 268 15 132
122 0 290 15 133
122 0 305 15 134
136 0 327 1 135
142 0 369 5 136
135 0 142 1 137
134 0 115 1 138
125 0 47 1 139
136 0 109 1 140
141 0 141 1 141
148 0 344 1 142
140 0 116 1 143
137 0 69 1 144
142 0 105 1 145
160 0 328 1 146
153 0 154 1 147
156 0 109 1 148
151 0 125 1 149
128 0 35 1 150
152 0 107 1 151
157 0 96 15 152
147 0 116 1 153
157 0 126 1 154
157 0 138 1 155
148 0 129 1 156
157 0 150 1 157
146 0 140 1 158
150 0 158 1 159
143 0 141 1 160
146 0 158 1 161
146 0 191 15 162
149 0 214 15 163
151 0 308 1 164
163 0 301 1 165
169 0 312 1 166
176 0 327 1 167
172 0 344 1 168
158 0 119 1 169
145 0 128 1 170
155 0 54 1 171
177 0 97 15 172
195 0 105 1 173
189 0 118 1 174
185 0 132 1 175
181 0 136 1 176
190 0 134 1 177
195 0 123 1 178
189 0 182 15 179
170 0 174 15 180
171 0 186 15 181
191 0 208 15 182
171 0 210 15 183
174 0 231 15 184
192 0 300 1 185
177 0 302 1 186
196 0 312 1 187
183 0 313 1 188
191 0 369 5 189
189 0 171 15 190
131 0 13 1 191
196 0 95 15 192
197 0 146 1 193
195 0 327 1 194
197 0 112 1 195
176 0 52 1 196
180 0 -7 5 197
193 0 51 1 198
213 0 344 1 199
210 0 121 1 200
204 0 125 1 201
203 0 135 1 202
205 0 153 1 203
199 0 135 1 204
200 0 142 1 205
201 0 153 1 206
199 0 150 1 207
199 0 164 1 208
196 0 232 15 209
216 0 301 1 210
212 0 312 1 211
216 0 130 1 212
207 0 128 1 213
223 0 -10 5 214
211 0 48 1 215
220 0 172 15 216
220 0 183 15 217
213 0 141 1 218
214 0 153 1 219
210 0 156 1 220
218 0 209 15 221
207 0 145 1 222
217 0 230 15 223
231 0 300 1 224
226 0 309 1 225
216 0 324 1 226
217 0 143 1 227
231 0 328 1 228
220 0 117 1 229
229 0 50 1 230
221 0 117 1 231
245 0 -7 5 232
217 0 93 15 233
237 0 344 1 234
236 0 136 1 235
241 0 125 1 236
249 0 50 1 237
234 0 95 15 238
274 0 51 1 239
253 0 118 1 240
256 0 138 1 241
251 0 128 1 242
249 0 119 1 243
251 0 137 1 244
251 0 152 1 245
247 0 130 1 246
243 0 175 15 247
243 0 188 15 248
242 0 210 15 249
239 0 231 15 250
243 0 308 1 251
249 0 301 1 252
260 0 311 1 253
249 0 326 1 254
260 0 343 1 255
259 0 114 1 256
251 0 144 1 257
251 0 105 1 258
254 0 94 15 259
269 0 104 1 260
264 0 121 1 261
269 0 135 1 262
269 0 149 1 263
269 0 145 1 264
268 0 168 15 265
267 0 183 15 266
258 0 133 1 267
264 0 207 15 268
265 0 226 15 269
287 0 229 15 270
287 0 248 15 271
286 0 268 15 272
286 0 289 15 273
286 0 305 15 274
271 0 326 1 275
265 0 369 5 276
260 0 140 1 277
271 0 115 1 278
278 0 96 15 279
276 0 113 1 280
271 0 122 1 281
274 0 147 1 282
284 0 343 1 283
276 0 108 1 284
300 0 51 1 285
280 0 123 1 286
277 0 139 1 287
288 0 113 1 288
301 0 95 15 289
308 0 107 1 290
284 0 114 1 291
288 0 120 1 292
272 0 120 1 293
303 0 159 15 294
274 0 134 1 295
292 0 172 15 296
302 0 200 15 297
292 0 207 15 298
302 0 223 15 299
302 0 246 15 300
310 0 265 1 301
302 0 269 15 302
302 0 289 15 303
310 0 304 1 304
302 0 316 15 305
302 0 340 15 306
303 0 180 15 307
304 0 114 15 308
311 0 84 1 309
319 0 123 1 310
309 0 123 1 311
309 0 140 1 312
280 0 128 1 313
285 0 140 1 314
310 0 181 1 315
319 0 199 1 316
293 0 185 15 317
310 0 220 1 318
320 0 246 1 319
312 0 247 1 320
319 0 268 1 321
312 0 286 1 322
319 0 304 1 323
312 0 320 1 324
318 0 321 1 325
319 0 180 1 326
322 0 69 1 327
329 0 96 15 328
320 0 111 1 329
307 0 139 15 330
329 0 337 15 331
324 0 56 1 332
330 0 59 15 333
344 0 49 1 334
331 0 81 15 335
331 0 121 15 336
322 0 143 1 337
331 0 155 15 338
313 0 165 1 339
332 0 192 15 340
287 0 155 1 341
331 0 217 15 342
331 0 241 15 343
330 0 264 15 344
322 0 285 1 345
330 0 288 15 346
330 0 309 15 347
317 0 368 5 348
332 0 355 15 349
322 0 164 1 350
346 0 61 15 351
359 0 34 1 352
363 0 64 15 353
367 0 7 5 354
369 0 28 1 355
390 0 28 1 356
333 0 173 15 357
289 0 137 1 358
286 0 141 1 359
290 0 153 1 360
316 0 205 1 361
325 0 226 1 362
474 0 292 1 363
381 0 364 5 364
374 0 354 15 365
340 0 367 5 366
361 0 369 5 367
333 0 140 15 368
382 0 63 15 369
400 0 69 15 370
431 0 9 5 371
454 0 29 1 372
440 0 259 15 373
471 0 61 1 374
465 0 122 15 375
440 0 207 15 376
440 0 330 15 377
399 0 358 15 378
411 0 4 5 379
426 0 368 5 380
421 0 68 15 381
475 0 9 5 382
481 0 43 1 383
465 0 87 15 384
465 0 105 15 385
454 0 137 15 386
477 0 124 1 387
442 0 190 15 388
441 0 225 15 389
441 0 244 15 390
441 0 275 15 391
441 0 296 15 392
441 0 313 15 393
441 0 344 15 394
441 0 355 15 395
434 0 21 1 396
453 0 69 15 397
424 0 357 15 398
467 0 69 15 399
440 0 64 15 400
513 0 15 5 401
472 0 370 5 402
447 0 130 15 403
500 0 4 5 404
497 0 68 1 405
495 0 370 5 406
490 0 99 1 407
500 0 44 1 408
449 0 147 15 409
518 0 370 5 410
450 0 165 15 411
519 0 52 5 412
519 0 98 5 413
521 0 141 5 414
503 0 85 1 415
477 0 127 15 416
489 0 166 1 417
489 0 216 1 418
490 0 243 1 419
521 0 257 5 420
489 0 145 1 421
489 0 189 1 422
521 0 212 5 423
489 0 270 1 424
521 0 303 5 425
521 0 326 5 426
480 0 326 1 427
-63 0 -12 5 428
-21 0 4 1 429
8 0 -12 5 430
55 0 -12 5 431
80 0 -12 5 432
105 0 -12 5 433
131 0 -12 5 434
156 0 -12 5 435
203 0 -12 5 436
269 0 -12 5 437
294 0 -12 5 438
319 0 -12 5 439
345 0 -12 5 440
391 0 -12 5 441
418 0 7 1 442
463 0 -12 5 443
491 0 5 1 444
506 0 10 1 445
524 0 24 5 446
524 0 70 5 447
524 0 116 5 448
524 0 163 5 449
524 0 187 5 450
524 0 233 5 451
524 0 279 5 452
492 0 311 1 453
524 0 351 5 454
464 0 346 1 455
452 0 372 5 456
406 0 372 5 457
356 0 360 15 458
304 0 355 15 459
288 0 372 5 460
242 0 372 5 461
218 0 372 5 462
196 0 346 1 463
167 0 372 5 464
125 0 345 1 465
95 0 372 5 466
54 0 360 15 467
9 0 360 15 468
-43 0 372 5 469
-83 0 365 5 470
-84 0 320 5 471
-84 0 274 5 472
-84 0 248 5 473
-84 0 202 5 474
-84 0 157 5 475
-84 0 111 5 476
-66 0 93 15 477
-65 0 57 15 478
-84 0 -7 5 479
