480
-84 0 63 5 0
-41 0 146 15 1
-66 0 128 15 2
-84 0 134 5 3
-40 0 201 15 4
-84 0 180 5 5
-84 0 226 5 6
-40 0 257 15 7
-40 0 276 15 8
-40 0 299 15 9
-40 0 316 15 10
-40 0 336 15 11
-84 0 86 5 12
-65 0 76 15 13
-53 0 128 15 14
-38 0 349 15 15
-64 0 111 15 16
-49 0 60 15 17
-82 0 43 5 18
-66 0 372 5 19
-81 0 22 5 20
-15 0 60 15 21
-30 0 63 15 22
-20 0 372 5 23
-30 0 32 1 24
3 0 11 1 25
27 0 62 15 26
26 0 372 5 27
27 0 15 1 28
8 0 66 15 29
-44 0 51 1 30
-34 0 171 15 31
-77 0 340 5 32
-11 0 1 5 33
-33 0 3 5 34
-34 0 134 15 35
-34 0 189 15 36
-33 0 225 15 37
-77 0 295 5 38
-33 0 357 15 39
-13 0 357 15 40
4 0 371 5 41
50 0 10 1 42
34 0 1 5 43
64 0 63 15 44
48 0 66 15 45
79 0 192 15 46
103 0 184 15 47
-31 0 245 15 48
49 0 372 5 49
75 0 14 1 50
36 0 357 15 51
72 0 371 5 52
80 0 81 15 53
80 0 63 15 54
79 0 358 15 55
80 0 154 15 56
80 0 98 15 57
80 0 118 15 58
80 0 135 15 59
80 0 170 15 60
89 0 144 1 61
90 0 164 1 62
89 0 181 1 63
80 0 214 15 64
89 0 201 1 65
88 0 222 1 66
80 0 240 15 67
88 0 246 1 68
81 0 264 15 69
89 0 268 1 70
81 0 288 15 71
89 0 304 1 72
81 0 311 15 73
80 0 337 15 74
92 0 47 1 75
91 0 108 1 76
91 0 123 1 77
101 0 123 1 78
105 0 118 15 79
101 0 141 1 80
105 0 139 15 81
100 0 181 1 82
100 0 199 1 83
106 0 201 15 84
100 0 220 1 85
98 0 245 1 86
98 0 265 1 87
98 0 285 1 88
91 0 287 1 89
98 0 305 1 90
92 0 320 1 91
98 0 322 1 92
101 0 163 1 93
101 0 7 1 94
101 0 108 1 95
106 0 31 1 96
107 0 97 15 97
107 0 341 15 98
120 0 111 1 99
107 0 158 15 100
122 0 58 1 101
122 0 71 1 102
108 0 269 15 103
108 0 290 15 104
108 0 316 15 105
108 0 354 15 106
120 0 372 5 107
119 0 169 15 108
119 0 206 15 109
119 0 225 15 110
108 0 223 15 111
122 0 84 1 112
121 0 129 1 113
122 0 139 1 114
122 0 147 1 115
120 0 181 15 116
109 0 246 15 117
121 0 120 1 118
131 0 108 1 119
131 0 97 15 120
129 0 119 1 121
132 0 123 1 122
128 0 133 1 123
130 0 148 1 124
132 0 133 1 125
126 0 128 1 126
136 0 132 1 127
137 0 152 1 128
140 0 173 15 129
143 0 227 15 130
120 0 247 15 131
121 0 268 15 132
121 0 290 15 133
121 0 306 15 134
137 0 327 1 135
143 0 372 5 136
135 0 140 1 137
134 0 115 1 138
124 0 44 1 139
136 0 109 1 140
141 0 140 1 141
148 0 345 1 142
139 0 115 1 143
137 0 68 1 144
141 0 105 1 145
160 0 329 1 146
153 0 154 1 147
156 0 109 1 148
150 0 125 1 149
126 0 31 1 150
151 0 106 1 151
157 0 96 15 152
146 0 115 1 153
157 0 126 1 154
157 0 137 1 155
147 0 126 1 156
157 0 148 1 157
145 0 136 1 158
149 0 155 1 159
141 0 137 1 160
145 0 153 1 161
145 0 188 15 162
148 0 211 15 163
150 0 310 1 164
162 0 302 1 165
169 0 313 1 166
177 0 328 1 167
172 0 345 1 168
157 0 118 1 169
143 0 124 1 170
154 0 52 1 171
177 0 97 15 172
195 0 105 1 173
189 0 117 1 174
185 0 132 1 175
181 0 135 1 176
190 0 132 1 177
195 0 120 1 178
189 0 181 15 179
169 0 172 15 180
170 0 184 15 181
192 0 207 15 182
171 0 207 15 183
173 0 229 15 184
193 0 301 1 185
177 0 302 1 186
197 0 313 1 187
183 0 313 1 188
192 0 372 5 189
189 0 170 15 190
127 0 9 1 191
196 0 95 15 192
197 0 145 1 193
195 0 328 1 194
197 0 111 1 195
174 0 51 1 196
178 0 -11 5 197
192 0 50 1 198
213 0 345 1 199
210 0 118 1 200
204 0 121 1 201
203 0 131 1 202
204 0 149 1 203
198 0 130 1 204
199 0 137 1 205
200 0 147 1 206
198 0 144 1 207
198 0 158 1 208
195 0 229 15 209
216 0 302 1 210
212 0 313 1 211
216 0 129 1 212
206 0 125 1 213
223 0 -12 5 214
210 0 48 1 215
220 0 170 15 216
220 0 181 15 217
212 0 136 1 218
213 0 149 1 219
210 0 151 1 220
218 0 207 15 221
206 0 139 1 222
217 0 228 15 223
232 0 301 1 224
226 0 310 1 225
216 0 325 1 226
217 0 140 1 227
231 0 328 1 228
220 0 114 1 229
229 0 49 1 230
221 0 116 1 231
246 0 -11 5 232
216 0 94 15 233
237 0 345 1 234
236 0 134 1 235
241 0 125 1 236
250 0 49 1 237
234 0 96 15 238
275 0 50 1 239
253 0 117 1 240
256 0 138 1 241
251 0 127 1 242
249 0 116 1 243
251 0 134 1 244
251 0 150 1 245
246 0 125 1 246
243 0 173 15 247
242 0 185 15 248
241 0 207 15 249
238 0 229 15 250
242 0 310 1 251
248 0 301 1 252
260 0 312 1 253
249 0 327 1 254
260 0 345 1 255
259 0 114 1 256
251 0 141 1 257
251 0 105 1 258
254 0 94 15 259
269 0 105 1 260
264 0 121 1 261
269 0 135 1 262
269 0 148 1 263
269 0 143 1 264
268 0 168 15 265
267 0 182 15 266
258 0 129 1 267
264 0 206 15 268
265 0 226 15 269
288 0 227 15 270
288 0 247 15 271
287 0 268 15 272
287 0 290 15 273
287 0 305 15 274
271 0 327 1 275
265 0 372 5 276
260 0 137 1 277
271 0 114 1 278
278 0 96 15 279
276 0 113 1 280
271 0 121 1 281
274 0 147 1 282
284 0 344 1 283
275 0 108 1 284
301 0 49 1 285
279 0 122 1 286
276 0 137 1 287
288 0 113 1 288
301 0 95 15 289
308 0 107 1 290
283 0 113 1 291
287 0 119 1 292
269 0 118 1 293
303 0 159 15 294
272 0 131 1 295
291 0 170 15 296
302 0 200 15 297
291 0 207 15 298
302 0 222 15 299
302 0 245 15 300
310 0 265 1 301
302 0 268 15 302
302 0 289 15 303
310 0 304 1 304
302 0 316 15 305
302 0 341 15 306
303 0 179 15 307
304 0 114 15 308
310 0 83 1 309
319 0 122 1 310
309 0 122 1 311
309 0 139 1 312
278 0 126 1 313
283 0 138 1 314
310 0 180 1 315
319 0 199 1 316
292 0 183 15 317
310 0 219 1 318
320 0 245 1 319
312 0 246 1 320
319 0 268 1 321
312 0 286 1 322
319 0 304 1 323
312 0 321 1 324
318 0 321 1 325
319 0 180 1 326
322 0 68 1 327
329 0 96 15 328
319 0 109 1 329
305 0 137 15 330
329 0 338 15 331
323 0 52 1 332
329 0 57 15 333
344 0 44 1 334
330 0 77 15 335
330 0 119 15 336
321 0 141 1 337
330 0 154 15 338
311 0 163 1 339
331 0 191 15 340
284 0 151 1 341
330 0 216 15 342
330 0 240 15 343
329 0 264 15 344
321 0 286 1 345
329 0 288 15 346
329 0 310 15 347
316 0 371 5 348
331 0 357 15 349
320 0 162 1 350
346 0 58 15 351
359 0 29 1 352
363 0 60 15 353
368 0 -2 5 354
369 0 20 1 355
392 0 19 1 356
331 0 171 15 357
285 0 133 1 358
281 0 137 1 359
286 0 148 1 360
313 0 203 1 361
323 0 224 1 362
481 0 293 1 363
383 0 368 5 364
375 0 357 15 365
339 0 371 5 366
361 0 372 5 367
331 0 138 15 368
383 0 59 15 369
402 0 63 15 370
435 0 0 5 371
459 0 20 1 372
444 0 258 15 373
476 0 53 1 374
470 0 116 15 375
444 0 205 15 376
444 0 333 15 377
400 0 360 15 378
413 0 -3 5 379
429 0 371 5 380
423 0 63 15 381
480 0 0 5 382
486 0 35 1 383
470 0 81 15 384
470 0 99 15 385
458 0 132 15 386
482 0 119 1 387
446 0 188 15 388
445 0 224 15 389
445 0 243 15 390
445 0 275 15 391
445 0 297 15 392
445 0 315 15 393
445 0 347 15 394
445 0 358 15 395
437 0 15 1 396
456 0 63 15 397
425 0 359 15 398
470 0 63 15 399
442 0 60 15 400
519 0 6 5 401
475 0 372 5 402
448 0 128 15 403
505 0 -3 5 404
502 0 62 1 405
499 0 372 5 406
494 0 94 1 407
504 0 38 1 408
450 0 146 15 409
522 0 372 5 410
451 0 165 15 411
523 0 47 5 412
523 0 94 5 413
524 0 139 5 414
505 0 82 1 415
478 0 126 15 416
491 0 165 1 417
491 0 215 1 418
492 0 243 1 419
524 0 256 5 420
490 0 144 1 421
491 0 188 1 422
524 0 210 5 423
491 0 270 1 424
524 0 303 5 425
524 0 327 5 426
481 0 326 1 427
-64 0 -14 5 428
-22 0 3 1 429
8 0 -14 5 430
55 0 -14 5 431
80 0 -14 5 432
105 0 -14 5 433
130 0 -14 5 434
155 0 -14 5 435
202 0 -14 5 436
270 0 -14 5 437
295 0 -14 5 438
320 0 -14 5 439
345 0 -14 5 440
392 0 -14 5 441
418 0 6 1 442
464 0 -14 5 443
492 0 4 1 444
507 0 8 1 445
526 0 21 5 446
526 0 68 5 447
526 0 115 5 448
526 0 162 5 449
526 0 186 5 450
526 0 233 5 451
526 0 280 5 452
493 0 312 1 453
526 0 352 5 454
464 0 346 1 455
454 0 374 5 456
407 0 374 5 457
356 0 361 15 458
303 0 356 15 459
288 0 374 5 460
241 0 374 5 461
217 0 374 5 462
196 0 346 1 463
167 0 374 5 464
125 0 345 1 465
95 0 374 5 466
53 0 361 15 467
8 0 361 15 468
-46 0 374 5 469
-86 0 367 5 470
-86 0 320 5 471
-86 0 273 5 472
-86 0 248 5 473
-86 0 201 5 474
-86 0 155 5 475
-86 0 108 5 476
-67 0 92 15 477
-66 0 55 15 478
-86 0 -11 5 479
