480
-88 0 59 5 0
-42 0 145 15 1
-68 0 126 15 2
-88 0 131 5 3
-41 0 201 15 4
-88 0 179 5 5
-88 0 225 5 6
-41 0 257 15 7
-41 0 276 15 8
-41 0 299 15 9
-41 0 317 15 10
-41 0 336 15 11
-88 0 83 5 12
-67 0 73 15 13
-55 0 126 15 14
-40 0 350 15 15
-68 0 108 15 16
-51 0 57 15 17
-86 0 37 5 18
-70 0 375 5 19
-86 0 14 5 20
-17 0 57 15 21
-34 0 58 15 22
-23 0 375 5 23
-33 0 25 1 24
1 0 5 1 25
26 0 57 15 26
24 0 375 5 27
26 0 7 1 28
6 0 59 15 29
-49 0 42 1 30
-38 0 167 15 31
-84 0 342 5 32
-15 0 -8 5 33
-38 0 -7 5 34
-38 0 129 15 35
-38 0 186 15 36
-37 0 224 15 37
-84 0 296 5 38
-37 0 360 15 39
-16 0 359 15 40
1 0 374 5 41
49 0 4 1 42
32 0 -8 5 43
64 0 58 15 44
47 0 59 15 45
79 0 191 15 46
105 0 181 15 47
-37 0 243 15 48
48 0 375 5 49
75 0 6 1 50
34 0 360 15 51
71 0 374 5 52
80 0 76 15 53
80 0 58 15 54
79 0 359 15 55
80 0 153 15 56
80 0 97 15 57
80 0 117 15 58
80 0 134 15 59
80 0 169 15 60
90 0 141 1 61
91 0 162 1 62
90 0 180 1 63
80 0 214 15 64
90 0 199 1 65
89 0 221 1 66
80 0 240 15 67
89 0 246 1 68
81 0 264 15 69
90 0 267 1 70
81 0 288 15 71
90 0 305 1 72
81 0 311 15 73
80 0 338 15 74
93 0 43 1 75
91 0 107 1 76
91 0 122 1 77
101 0 122 1 78
106 0 116 15 79
101 0 139 1 80
106 0 137 15 81
100 0 180 1 82
100 0 199 1 83
107 0 200 15 84
100 0 219 1 85
98 0 244 1 86
98 0 265 1 87
98 0 286 1 88
91 0 287 1 89
98 0 305 1 90
92 0 321 1 91
98 0 322 1 92
101 0 161 1 93
101 0 2 1 94
101 0 108 1 95
106 0 27 1 96
107 0 96 15 97
107 0 342 15 98
121 0 110 1 99
107 0 158 15 100
122 0 56 1 101
122 0 70 1 102
108 0 268 15 103
108 0 290 15 104
108 0 316 15 105
108 0 356 15 106
120 0 375 5 107
119 0 168 15 108
119 0 206 15 109
119 0 225 15 110
108 0 222 15 111
122 0 83 1 112
121 0 129 1 113
122 0 138 1 114
122 0 147 1 115
120 0 181 15 116
108 0 246 15 117
121 0 119 1 118
131 0 107 1 119
131 0 96 15 120
129 0 119 1 121
132 0 122 1 122
128 0 132 1 123
130 0 147 1 124
132 0 131 1 125
126 0 124 1 126
136 0 128 1 127
137 0 148 1 128
141 0 170 15 129
144 0 226 15 130
120 0 246 15 131
121 0 267 15 132
121 0 290 15 133
121 0 306 15 134
137 0 328 1 135
143 0 375 5 136
135 0 137 1 137
134 0 114 1 138
123 0 41 1 139
136 0 109 1 140
141 0 139 1 141
148 0 346 1 142
139 0 114 1 143
136 0 68 1 144
141 0 105 1 145
160 0 329 1 146
153 0 153 1 147
156 0 109 1 148
150 0 124 1 149
124 0 28 1 150
150 0 106 1 151
156 0 95 15 152
145 0 114 1 153
156 0 125 1 154
156 0 136 1 155
146 0 124 1 156
156 0 146 1 157
144 0 133 1 158
148 0 152 1 159
140 0 132 1 160
144 0 149 1 161
144 0 184 15 162
147 0 208 15 163
149 0 311 1 164
162 0 302 1 165
169 0 314 1 166
177 0 328 1 167
172 0 346 1 168
156 0 117 1 169
142 0 121 1 170
153 0 51 1 171
177 0 96 15 172
196 0 104 1 173
189 0 117 1 174
185 0 131 1 175
181 0 134 1 176
190 0 131 1 177
196 0 117 1 178
189 0 180 15 179
168 0 170 15 180
169 0 182 15 181
192 0 205 15 182
170 0 205 15 183
173 0 227 15 184
193 0 303 1 185
177 0 303 1 186
198 0 313 1 187
183 0 313 1 188
192 0 375 5 189
189 0 169 15 190
124 0 6 1 191
196 0 96 15 192
197 0 144 1 193
195 0 328 1 194
197 0 110 1 195
173 0 49 1 196
177 0 -14 5 197
191 0 49 1 198
213 0 346 1 199
210 0 116 1 200
203 0 118 1 201
202 0 127 1 202
204 0 145 1 203
197 0 125 1 204
198 0 132 1 205
199 0 143 1 206
197 0 138 1 207
197 0 153 1 208
194 0 227 15 209
216 0 303 1 210
212 0 313 1 211
216 0 129 1 212
206 0 122 1 213
223 0 -15 5 214
210 0 47 1 215
220 0 169 15 216
220 0 180 15 217
212 0 132 1 218
213 0 145 1 219
209 0 147 1 220
218 0 206 15 221
205 0 133 1 222
217 0 227 15 223
232 0 303 1 224
226 0 312 1 225
216 0 327 1 226
217 0 138 1 227
231 0 329 1 228
220 0 111 1 229
229 0 48 1 230
221 0 115 1 231
247 0 -14 5 232
215 0 95 15 233
237 0 346 1 234
236 0 132 1 235
241 0 124 1 236
250 0 48 1 237
233 0 96 15 238
276 0 48 1 239
253 0 117 1 240
256 0 138 1 241
251 0 125 1 242
249 0 113 1 243
251 0 132 1 244
251 0 147 1 245
246 0 121 1 246
242 0 170 15 247
241 0 182 15 248
240 0 205 15 249
237 0 227 15 250
241 0 312 1 251
248 0 302 1 252
260 0 312 1 253
249 0 328 1 254
260 0 346 1 255
259 0 114 1 256
251 0 139 1 257
251 0 105 1 258
254 0 95 15 259
269 0 105 1 260
264 0 120 1 261
269 0 135 1 262
269 0 148 1 263
269 0 142 1 264
268 0 167 15 265
267 0 182 15 266
257 0 125 1 267
264 0 206 15 268
265 0 225 15 269
289 0 226 15 270
289 0 246 15 271
288 0 267 15 272
288 0 290 15 273
288 0 306 15 274
271 0 328 1 275
264 0 375 5 276
259 0 134 1 277
271 0 114 1 278
278 0 96 15 279
276 0 113 1 280
270 0 121 1 281
273 0 146 1 282
284 0 345 1 283
274 0 109 1 284
301 0 48 1 285
278 0 122 1 286
274 0 136 1 287
287 0 113 1 288
301 0 95 15 289
308 0 107 1 290
282 0 113 1 291
286 0 118 1 292
267 0 117 1 293
303 0 158 15 294
270 0 129 1 295
290 0 169 15 296
302 0 199 15 297
290 0 206 15 298
302 0 221 15 299
302 0 245 15 300
310 0 265 1 301
302 0 268 15 302
302 0 290 15 303
310 0 305 1 304
302 0 317 15 305
302 0 342 15 306
303 0 179 15 307
303 0 114 15 308
310 0 83 1 309
319 0 122 1 310
308 0 122 1 311
308 0 139 1 312
276 0 124 1 313
281 0 136 1 314
309 0 180 1 315
319 0 198 1 316
290 0 182 15 317
309 0 219 1 318
320 0 245 1 319
311 0 245 1 320
319 0 267 1 321
311 0 286 1 322
319 0 305 1 323
311 0 321 1 324
318 0 321 1 325
319 0 180 1 326
322 0 68 1 327
329 0 95 15 328
318 0 108 1 329
304 0 136 15 330
329 0 338 15 331
322 0 49 1 332
329 0 55 15 333
344 0 40 1 334
329 0 74 15 335
329 0 118 15 336
320 0 140 1 337
329 0 153 15 338
309 0 162 1 339
330 0 190 15 340
281 0 147 1 341
329 0 215 15 342
329 0 240 15 343
328 0 264 15 344
320 0 286 1 345
328 0 288 15 346
328 0 311 15 347
314 0 374 5 348
330 0 359 15 349
319 0 161 1 350
346 0 56 15 351
359 0 24 1 352
363 0 56 15 353
368 0 -10 5 354
370 0 13 1 355
394 0 11 1 356
330 0 170 15 357
281 0 129 1 358
277 0 133 1 359
282 0 144 1 360
311 0 200 1 361
321 0 222 1 362
488 0 294 1 363
384 0 373 5 364
376 0 360 15 365
338 0 374 5 366
361 0 374 5 367
330 0 135 15 368
384 0 56 15 369
404 0 58 15 370
438 0 -9 5 371
463 0 12 1 372
447 0 258 15 373
482 0 45 1 374
475 0 110 15 375
447 0 203 15 376
447 0 335 15 377
401 0 361 15 378
415 0 -10 5 379
431 0 374 5 380
425 0 58 15 381
485 0 -9 5 382
492 0 27 1 383
474 0 75 15 384
474 0 94 15 385
462 0 128 15 386
487 0 113 1 387
449 0 185 15 388
448 0 223 15 389
448 0 243 15 390
448 0 276 15 391
448 0 298 15 392
448 0 316 15 393
448 0 349 15 394
448 0 361 15 395
439 0 9 1 396
459 0 58 15 397
427 0 360 15 398
474 0 57 15 399
444 0 56 15 400
525 0 -2 5 401
479 0 375 5 402
450 0 126 15 403
510 0 -10 5 404
506 0 57 1 405
503 0 375 5 406
497 0 91 1 407
507 0 34 1 408
451 0 145 15 409
527 0 375 5 410
451 0 164 15 411
527 0 43 5 412
527 0 91 5 413
528 0 137 5 414
507 0 79 1 415
479 0 125 15 416
492 0 164 1 417
492 0 215 1 418
493 0 242 1 419
528 0 256 5 420
491 0 143 1 421
492 0 188 1 422
528 0 209 5 423
492 0 269 1 424
528 0 304 5 425
528 0 328 5 426
482 0 326 1 427
-65 0 -15 5 428
-22 0 2 1 429
7 0 -15 5 430
55 0 -15 5 431
79 0 -15 5 432
104 0 -15 5 433
129 0 -15 5 434
153 0 -15 5 435
201 0 -15 5 436
271 0 -15 5 437
295 0 -15 5 438
320 0 -15 5 439
344 0 -15 5 440
392 0 -15 5 441
418 0 6 1 442
465 0 -15 5 443
493 0 3 1 444
508 0 6 1 445
528 0 18 5 446
528 0 65 5 447
528 0 113 5 448
528 0 161 5 449
528 0 184 5 450
528 0 232 5 451
528 0 280 5 452
493 0 312 1 453
528 0 352 5 454
465 0 347 1 455
456 0 375 5 456
408 0 375 5 457
356 0 362 15 458
302 0 357 15 459
288 0 375 5 460
241 0 375 5 461
217 0 375 5 462
196 0 347 1 463
168 0 375 5 464
125 0 346 1 465
96 0 375 5 466
53 0 362 15 467
7 0 362 15 468
-48 0 375 5 469
-88 0 368 5 470
-88 0 321 5 471
-88 0 273 5 472
-88 0 248 5 473
-88 0 201 5 474
-88 0 154 5 475
-88 0 106 5 476
-68 0 90 15 477
-67 0 53 15 478
-88 0 -14 5 479
