480
-63 0 89 5 0
-35 0 152 15 1
-51 0 143 15 2
-63 0 153 5 3
-34 0 202 15 4
-63 0 195 5 5
-63 0 231 5 6
-34 0 257 15 7
-34 0 276 15 8
-34 0 297 15 9
-34 0 314 15 10
-34 0 332 15 11
-62 0 109 5 12
-49 0 96 15 13
-39 0 140 15 14
-28 0 341 15 15
-43 0 132 15 16
-31 0 86 15 17
-50 0 86 5 18
-39 0 356 5 19
-47 0 75 5 20
-3 0 86 15 21
-9 0 99 15 22
-2 0 356 5 23
-7 0 82 1 24
17 0 55 1 25
35 0 98 15 26
35 0 356 5 27
36 0 71 1 28
24 0 112 15 29
-9 0 110 1 30
-2 0 195 15 31
-30 0 319 5 32
12 0 68 5 33
-2 0 77 5 34
-2 0 168 15 35
-2 0 211 15 36
-1 0 238 15 37
-30 0 287 5 38
-1 0 335 15 39
11 0 338 15 40
22 0 349 5 41
54 0 55 1 42
45 0 68 5 43
65 0 99 15 44
55 0 117 15 45
75 0 205 15 46
91 0 208 15 47
5 0 254 15 48
57 0 356 5 49
73 0 70 1 50
49 0 334 15 51
72 0 349 5 52
78 0 119 15 53
78 0 99 15 54
78 0 346 15 55
79 0 160 15 56
80 0 111 15 57
80 0 126 15 58
80 0 143 15 59
80 0 174 15 60
85 0 160 1 61
86 0 176 1 62
85 0 190 1 63
80 0 216 15 64
85 0 211 1 65
85 0 228 1 66
80 0 244 15 67
85 0 252 1 68
80 0 266 15 69
85 0 272 1 70
80 0 288 15 71
85 0 302 1 72
80 0 309 15 73
80 0 330 15 74
89 0 74 1 75
90 0 110 1 76
91 0 126 1 77
98 0 129 1 78
101 0 131 15 79
98 0 151 1 80
101 0 153 15 81
97 0 187 1 82
97 0 203 1 83
101 0 208 15 84
97 0 226 1 85
96 0 248 1 86
96 0 266 1 87
96 0 283 1 88
91 0 288 1 89
96 0 304 1 90
92 0 318 1 91
96 0 323 1 92
98 0 172 1 93
99 0 43 1 94
100 0 113 1 95
104 0 55 1 96
106 0 103 15 97
107 0 335 15 98
116 0 119 1 99
107 0 160 15 100
118 0 67 1 101
118 0 83 1 102
112 0 271 15 103
112 0 288 15 104
112 0 310 15 105
112 0 340 15 106
119 0 355 5 107
119 0 171 15 108
119 0 207 15 109
119 0 226 15 110
112 0 230 15 111
121 0 87 1 112
121 0 131 1 113
121 0 141 1 114
121 0 151 1 115
120 0 185 15 116
113 0 250 15 117
121 0 122 1 118
129 0 111 1 119
131 0 100 15 120
129 0 123 1 121
131 0 129 1 122
128 0 140 1 123
130 0 155 1 124
131 0 149 1 125
127 0 153 1 126
134 0 160 1 127
134 0 176 1 128
136 0 195 15 129
138 0 236 15 130
124 0 253 15 131
124 0 271 15 132
124 0 289 15 133
124 0 304 15 134
134 0 322 1 135
138 0 354 5 136
133 0 157 1 137
134 0 117 1 138
130 0 62 1 139
138 0 110 1 140
143 0 148 1 141
147 0 337 1 142
142 0 121 1 143
141 0 74 1 144
144 0 104 1 145
159 0 327 1 146
155 0 157 1 147
157 0 110 1 148
153 0 127 1 149
138 0 54 1 150
156 0 111 1 151
161 0 99 15 152
154 0 121 1 153
161 0 131 1 154
161 0 143 1 155
155 0 142 1 156
161 0 159 1 157
154 0 159 1 158
156 0 175 1 159
151 0 167 1 160
154 0 183 1 161
154 0 212 15 162
156 0 231 15 163
157 0 298 1 164
165 0 297 1 165
169 0 309 1 166
174 0 323 1 167
171 0 338 1 168
162 0 122 1 169
153 0 148 1 170
163 0 65 1 171
179 0 99 15 172
191 0 108 1 173
187 0 122 1 174
185 0 134 1 175
182 0 141 1 176
188 0 145 1 177
191 0 140 1 178
187 0 187 15 179
174 0 184 15 180
175 0 196 15 181
189 0 217 15 182
175 0 224 15 183
177 0 242 15 184
189 0 292 1 185
179 0 297 1 186
192 0 309 1 187
183 0 313 1 188
189 0 354 5 189
187 0 176 15 190
150 0 31 1 191
196 0 93 15 192
198 0 151 1 193
197 0 326 1 194
199 0 119 1 195
184 0 61 1 196
187 0 12 5 197
199 0 56 1 198
213 0 337 1 199
212 0 134 1 200
208 0 148 1 201
207 0 158 1 202
208 0 173 1 203
204 0 164 1 204
205 0 171 1 205
205 0 181 1 206
204 0 181 1 207
204 0 195 1 208
202 0 245 15 209
216 0 296 1 210
213 0 307 1 211
216 0 131 1 212
210 0 146 1 213
221 0 4 5 214
214 0 50 1 215
220 0 179 15 216
220 0 190 15 217
216 0 165 1 218
217 0 176 1 219
214 0 180 1 220
220 0 219 15 221
212 0 179 1 222
219 0 240 15 223
228 0 291 1 224
224 0 301 1 225
218 0 315 1 226
219 0 156 1 227
229 0 326 1 228
221 0 131 1 229
228 0 55 1 230
223 0 122 1 231
241 0 11 5 232
223 0 88 15 233
237 0 337 1 234
237 0 144 1 235
241 0 128 1 236
247 0 55 1 237
238 0 94 15 238
267 0 60 1 239
254 0 121 1 240
256 0 138 1 241
253 0 136 1 242
251 0 134 1 243
253 0 149 1 244
253 0 167 1 245
250 0 155 1 246
247 0 188 15 247
247 0 203 15 248
246 0 223 15 249
244 0 241 15 250
247 0 298 1 251
251 0 296 1 252
258 0 308 1 253
251 0 321 1 254
258 0 337 1 255
258 0 115 1 256
253 0 158 1 257
253 0 105 1 258
256 0 92 15 259
268 0 103 1 260
266 0 124 1 261
269 0 136 1 262
269 0 150 1 263
269 0 151 1 264
268 0 171 15 265
267 0 187 15 266
262 0 157 1 267
266 0 210 15 268
266 0 229 15 269
281 0 236 15 270
281 0 253 15 271
280 0 270 15 272
280 0 288 15 273
280 0 303 15 274
270 0 321 1 275
266 0 354 5 276
263 0 155 1 277
272 0 116 1 278
278 0 96 15 279
277 0 112 1 280
275 0 125 1 281
278 0 152 1 282
285 0 337 1 283
280 0 106 1 284
297 0 61 1 285
285 0 126 1 286
283 0 146 1 287
291 0 113 1 288
301 0 95 15 289
308 0 107 1 290
292 0 118 1 291
295 0 125 1 292
284 0 130 1 293
305 0 161 15 294
285 0 147 1 295
297 0 179 15 296
304 0 202 15 297
297 0 210 15 298
304 0 226 15 299
304 0 247 15 300
310 0 264 1 301
304 0 270 15 302
304 0 287 15 303
310 0 302 1 304
304 0 314 15 305
304 0 333 15 306
305 0 180 15 307
308 0 115 15 308
313 0 87 1 309
320 0 124 1 310
313 0 127 1 311
313 0 143 1 312
294 0 140 1 313
297 0 151 1 314
314 0 185 1 315
320 0 201 1 316
302 0 195 15 317
314 0 224 1 318
320 0 247 1 319
315 0 252 1 320
320 0 270 1 321
315 0 285 1 322
320 0 302 1 323
315 0 317 1 324
319 0 321 1 325
320 0 181 1 326
324 0 74 1 327
329 0 98 15 328
324 0 118 1 329
315 0 146 15 330
331 0 333 15 331
328 0 74 1 332
333 0 71 15 333
344 0 75 1 334
336 0 99 15 335
336 0 131 15 336
330 0 150 1 337
336 0 162 15 338
323 0 175 1 339
336 0 197 15 340
306 0 175 1 341
336 0 222 15 342
336 0 244 15 343
335 0 264 15 344
330 0 282 1 345
335 0 287 15 346
335 0 306 15 347
326 0 349 5 348
336 0 345 15 349
330 0 171 1 350
346 0 77 15 351
359 0 64 1 352
361 0 87 15 353
364 0 52 5 354
365 0 72 1 355
380 0 75 1 356
341 0 179 15 357
311 0 159 1 358
309 0 165 1 359
312 0 179 1 360
329 0 219 1 361
336 0 237 1 362
437 0 285 1 363
374 0 338 5 364
369 0 335 15 365
346 0 348 5 366
360 0 353 5 367
341 0 154 15 368
377 0 85 15 369
390 0 99 15 370
412 0 61 5 371
429 0 79 1 372
419 0 262 15 373
440 0 107 1 374
436 0 156 15 375
419 0 220 15 376
420 0 317 15 377
392 0 347 15 378
400 0 45 5 379
410 0 349 5 380
408 0 99 15 381
446 0 61 5 382
450 0 89 1 383
440 0 121 15 384
440 0 137 15 385
432 0 162 15 386
448 0 157 1 387
424 0 205 15 388
424 0 232 15 389
424 0 249 15 390
424 0 273 15 391
424 0 291 15 392
424 0 306 15 393
424 0 330 15 394
424 0 341 15 395
421 0 57 1 396
433 0 99 15 397
414 0 347 15 398
445 0 101 15 399
428 0 86 15 400
479 0 63 5 401
452 0 355 5 402
437 0 143 15 403
474 0 45 5 404
473 0 98 1 405
472 0 355 5 406
470 0 121 1 407
479 0 72 1 408
445 0 152 15 409
494 0 355 5 410
448 0 167 15 411
496 0 78 5 412
497 0 119 5 413
502 0 150 5 414
490 0 100 1 415
473 0 133 15 416
481 0 173 1 417
481 0 217 1 418
482 0 245 1 419
502 0 258 5 420
481 0 150 1 421
481 0 193 1 422
503 0 219 5 423
481 0 272 1 424
503 0 300 5 425
503 0 322 5 426
475 0 326 1 427
-57 0 -2 5 428
-18 0 9 1 429
12 0 -2 5 430
54 0 -2 5 431
82 0 -2 5 432
110 0 -2 5 433
138 0 -2 5 434
165 0 -2 5 435
207 0 -2 5 436
262 0 -2 5 437
290 0 -2 5 438
318 0 -2 5 439
346 0 -2 5 440
387 0 -2 5 441
416 0 11 1 442
457 0 -2 5 443
487 0 10 1 444
499 0 22 1 445
511 0 42 5 446
511 0 84 5 447
511 0 125 5 448
511 0 167 5 449
511 0 194 5 450
511 0 236 5 451
511 0 278 5 452
490 0 310 1 453
511 0 347 5 454
460 0 344 1 455
442 0 362 5 456
400 0 362 5 457
355 0 353 15 458
310 0 350 15 459
288 0 362 5 460
246 0 362 5 461
220 0 362 5 462
194 0 344 1 463
164 0 362 5 464
125 0 343 1 465
94 0 362 5 466
56 0 353 15 467
15 0 353 15 468
-31 0 362 5 469
-69 0 357 5 470
-71 0 318 5 471
-71 0 276 5 472
-71 0 248 5 473
-71 0 206 5 474
-71 0 166 5 475
-71 0 124 5 476
-59 0 101 15 477
-58 0 66 15 478
-71 0 12 5 479
