480
-60 0 93 5 0
-34 0 152 15 1
-49 0 145 15 2
-60 0 156 5 3
-34 0 202 15 4
-60 0 197 5 5
-60 0 232 5 6
-34 0 257 15 7
-34 0 276 15 8
-34 0 297 15 9
-34 0 314 15 10
-34 0 331 15 11
-59 0 112 5 12
-46 0 99 15 13
-37 0 142 15 14
-26 0 339 15 15
-40 0 135 15 16
-28 0 90 15 17
-45 0 93 5 18
-35 0 353 5 19
-42 0 83 5 20
-1 0 90 15 21
-6 0 104 15 22
0 0 353 5 23
-4 0 89 1 24
19 0 62 1 25
36 0 104 15 26
36 0 353 5 27
38 0 79 1 28
27 0 119 15 29
-4 0 119 1 30
2 0 199 15 31
-23 0 316 5 32
16 0 77 5 33
3 0 88 5 34
3 0 174 15 35
3 0 215 15 36
3 0 240 15 37
-23 0 286 5 38
3 0 331 15 39
15 0 335 15 40
25 0 346 5 41
55 0 61 1 42
46 0 77 5 43
65 0 105 15 44
56 0 124 15 45
75 0 207 15 46
89 0 211 15 47
10 0 256 15 48
58 0 353 5 49
73 0 78 1 50
51 0 331 15 51
72 0 346 5 52
78 0 124 15 53
78 0 104 15 54
78 0 345 15 55
79 0 160 15 56
80 0 113 15 57
80 0 127 15 58
80 0 144 15 59
80 0 174 15 60
85 0 163 1 61
85 0 178 1 62
85 0 192 1 63
80 0 216 15 64
85 0 212 1 65
84 0 229 1 66
80 0 245 15 67
84 0 252 1 68
80 0 266 15 69
85 0 272 1 70
80 0 288 15 71
85 0 301 1 72
80 0 309 15 73
80 0 329 15 74
88 0 78 1 75
90 0 110 1 76
91 0 127 1 77
97 0 130 1 78
100 0 133 15 79
97 0 152 1 80
100 0 156 15 81
97 0 188 1 82
97 0 204 1 83
100 0 209 15 84
97 0 227 1 85
96 0 249 1 86
96 0 266 1 87
96 0 282 1 88
91 0 288 1 89
96 0 304 1 90
92 0 318 1 91
96 0 323 1 92
98 0 174 1 93
99 0 48 1 94
100 0 114 1 95
104 0 58 1 96
106 0 104 15 97
107 0 335 15 98
115 0 120 1 99
107 0 160 15 100
118 0 68 1 101
118 0 85 1 102
112 0 271 15 103
112 0 288 15 104
112 0 310 15 105
112 0 338 15 106
119 0 353 5 107
119 0 172 15 108
119 0 207 15 109
119 0 226 15 110
113 0 231 15 111
121 0 87 1 112
121 0 131 1 113
121 0 141 1 114
121 0 152 1 115
120 0 186 15 116
113 0 251 15 117
121 0 122 1 118
128 0 112 1 119
131 0 100 15 120
129 0 124 1 121
131 0 129 1 122
128 0 141 1 123
130 0 156 1 124
131 0 151 1 125
127 0 157 1 126
133 0 164 1 127
134 0 180 1 128
136 0 198 15 129
137 0 238 15 130
124 0 254 15 131
125 0 271 15 132
125 0 289 15 133
125 0 304 15 134
134 0 321 1 135
137 0 352 5 136
133 0 159 1 137
134 0 117 1 138
130 0 64 1 139
138 0 110 1 140
143 0 149 1 141
147 0 336 1 142
142 0 122 1 143
142 0 74 1 144
145 0 104 1 145
159 0 327 1 146
155 0 158 1 147
157 0 110 1 148
154 0 128 1 149
140 0 57 1 150
157 0 112 1 151
162 0 100 15 152
156 0 122 1 153
162 0 132 1 154
162 0 144 1 155
156 0 144 1 156
162 0 161 1 157
155 0 163 1 158
157 0 178 1 159
153 0 172 1 160
155 0 187 1 161
155 0 215 15 162
157 0 234 15 163
158 0 297 1 164
165 0 296 1 165
169 0 309 1 166
174 0 322 1 167
171 0 337 1 168
163 0 122 1 169
155 0 151 1 170
165 0 67 1 171
180 0 100 15 172
190 0 109 1 173
187 0 123 1 174
185 0 135 1 175
182 0 142 1 176
187 0 147 1 177
190 0 143 1 178
187 0 187 15 179
175 0 186 15 180
176 0 198 15 181
188 0 218 15 182
176 0 226 15 183
178 0 244 15 184
189 0 291 1 185
180 0 296 1 186
191 0 308 1 187
183 0 313 1 188
188 0 352 5 189
187 0 177 15 190
154 0 35 1 191
196 0 92 15 192
198 0 152 1 193
197 0 326 1 194
199 0 120 1 195
186 0 62 1 196
189 0 16 5 197
200 0 56 1 198
213 0 336 1 199
212 0 136 1 200
208 0 152 1 201
208 0 162 1 202
209 0 177 1 203
205 0 169 1 204
205 0 177 1 205
206 0 186 1 206
205 0 187 1 207
205 0 201 1 208
203 0 247 15 209
216 0 295 1 210
213 0 307 1 211
216 0 131 1 212
210 0 149 1 213
221 0 7 5 214
214 0 50 1 215
220 0 180 15 216
220 0 191 15 217
217 0 170 1 218
217 0 180 1 219
215 0 184 1 220
220 0 221 15 221
213 0 184 1 222
219 0 242 15 223
227 0 290 1 224
224 0 299 1 225
219 0 314 1 226
220 0 158 1 227
228 0 326 1 228
222 0 134 1 229
228 0 55 1 230
224 0 123 1 231
240 0 15 5 232
224 0 88 15 233
237 0 336 1 234
237 0 146 1 235
241 0 128 1 236
247 0 56 1 237
239 0 94 15 238
265 0 61 1 239
254 0 122 1 240
256 0 138 1 241
253 0 137 1 242
252 0 137 1 243
253 0 151 1 244
253 0 169 1 245
250 0 160 1 246
248 0 191 15 247
248 0 205 15 248
247 0 225 15 249
245 0 243 15 250
248 0 296 1 251
251 0 295 1 252
258 0 307 1 253
252 0 321 1 254
258 0 335 1 255
258 0 115 1 256
253 0 160 1 257
254 0 105 1 258
257 0 92 15 259
268 0 103 1 260
266 0 124 1 261
269 0 136 1 262
269 0 150 1 263
269 0 153 1 264
268 0 171 15 265
267 0 188 15 266
262 0 162 1 267
266 0 211 15 268
266 0 229 15 269
280 0 237 15 270
280 0 254 15 271
279 0 271 15 272
279 0 288 15 273
279 0 303 15 274
270 0 321 1 275
266 0 351 5 276
264 0 157 1 277
272 0 116 1 278
278 0 96 15 279
277 0 112 1 280
276 0 126 1 281
279 0 153 1 282
285 0 336 1 283
281 0 106 1 284
296 0 63 1 285
286 0 127 1 286
284 0 148 1 287
292 0 113 1 288
301 0 95 15 289
308 0 107 1 290
294 0 119 1 291
296 0 126 1 292
286 0 131 1 293
305 0 161 15 294
287 0 149 1 295
298 0 180 15 296
305 0 202 15 297
298 0 211 15 298
305 0 226 15 299
305 0 247 15 300
310 0 264 1 301
305 0 270 15 302
305 0 287 15 303
310 0 302 1 304
305 0 313 15 305
305 0 332 15 306
306 0 180 15 307
308 0 115 15 308
313 0 88 1 309
320 0 124 1 310
314 0 128 1 311
314 0 144 1 312
296 0 142 1 313
299 0 153 1 314
315 0 186 1 315
320 0 201 1 316
304 0 197 15 317
315 0 225 1 318
320 0 247 1 319
316 0 252 1 320
320 0 270 1 321
316 0 285 1 322
320 0 302 1 323
316 0 316 1 324
319 0 321 1 325
320 0 181 1 326
324 0 74 1 327
329 0 99 15 328
325 0 119 1 329
317 0 148 15 330
331 0 332 15 331
329 0 78 1 332
333 0 73 15 333
344 0 79 1 334
336 0 102 15 335
336 0 133 15 336
331 0 152 1 337
336 0 163 15 338
325 0 177 1 339
337 0 197 15 340
309 0 179 1 341
336 0 223 15 342
336 0 245 15 343
336 0 264 15 344
331 0 281 1 345
336 0 287 15 346
336 0 306 15 347
328 0 346 5 348
337 0 343 15 349
331 0 172 1 350
346 0 80 15 351
359 0 69 1 352
361 0 91 15 353
364 0 61 5 354
365 0 79 1 355
378 0 83 1 356
343 0 180 15 357
315 0 163 1 358
313 0 170 1 359
316 0 182 1 360
332 0 221 1 361
338 0 239 1 362
430 0 284 1 363
373 0 333 5 364
368 0 332 15 365
347 0 345 5 366
360 0 350 5 367
343 0 156 15 368
376 0 89 15 369
388 0 104 15 370
409 0 70 5 371
424 0 88 1 372
415 0 263 15 373
435 0 115 1 374
431 0 162 15 375
415 0 222 15 376
416 0 315 15 377
390 0 345 15 378
399 0 53 5 379
407 0 346 5 380
406 0 104 15 381
441 0 70 5 382
445 0 97 1 383
436 0 127 15 384
436 0 142 15 385
429 0 166 15 386
442 0 162 1 387
421 0 207 15 388
421 0 233 15 389
421 0 249 15 390
421 0 273 15 391
421 0 290 15 392
421 0 304 15 393
421 0 328 15 394
421 0 338 15 395
418 0 63 1 396
430 0 104 15 397
412 0 345 15 398
442 0 107 15 399
426 0 90 15 400
473 0 71 5 401
448 0 353 5 402
435 0 145 15 403
470 0 53 5 404
469 0 103 1 405
468 0 353 5 406
467 0 125 1 407
475 0 77 1 408
444 0 152 15 409
489 0 353 5 410
448 0 167 15 411
492 0 82 5 412
493 0 123 5 413
499 0 151 5 414
488 0 103 1 415
472 0 134 15 416
479 0 174 1 417
479 0 217 1 418
480 0 246 1 419
499 0 259 5 420
479 0 151 1 421
480 0 194 1 422
500 0 221 5 423
480 0 272 1 424
500 0 300 5 425
500 0 321 5 426
474 0 326 1 427
-56 0 0 5 428
-17 0 10 1 429
13 0 0 5 430
54 0 0 5 431
82 0 0 5 432
111 0 0 5 433
139 0 0 5 434
167 0 0 5 435
208 0 0 5 436
261 0 0 5 437
289 0 0 5 438
318 0 0 5 439
346 0 0 5 440
387 0 0 5 441
416 0 12 1 442
456 0 0 5 443
486 0 10 1 444
498 0 24 1 445
509 0 45 5 446
509 0 86 5 447
509 0 127 5 448
509 0 168 5 449
509 0 195 5 450
509 0 236 5 451
509 0 278 5 452
489 0 310 1 453
509 0 347 5 454
459 0 344 1 455
440 0 360 5 456
399 0 360 5 457
355 0 352 15 458
311 0 350 15 459
288 0 360 5 460
247 0 360 5 461
220 0 360 5 462
194 0 344 1 463
164 0 360 5 464
125 0 343 1 465
94 0 360 5 466
56 0 352 15 467
16 0 352 15 468
-29 0 360 5 469
-66 0 356 5 470
-69 0 318 5 471
-69 0 276 5 472
-69 0 248 5 473
-69 0 207 5 474
-69 0 167 5 475
-69 0 126 5 476
-58 0 103 15 477
-57 0 68 15 478
-69 0 16 5 479
