480
-35 0 102 4 0
-59 0 121 5 1
-58 0 72 5 2
-37 0 90 4 3
-57 0 55 5 4
-25 0 118 4 5
-46 0 37 5 6
-22 0 61 4 7
-27 0 121 1 8
-12 0 134 4 9
-30 0 157 1 10
-32 0 177 1 11
-32 0 194 1 12
-32 0 214 1 13
-36 0 237 5 14
-36 0 253 5 15
-30 0 265 1 16
-36 0 292 5 17
-27 0 302 1 18
-17 0 306 1 19
-36 0 343 5 20
-36 0 356 5 21
-6 0 33 4 22
-7 0 60 4 23
-14 0 5 5 24
-6 0 341 1 25
4 0 59 4 26
29 0 13 4 27
18 0 58 1 28
9 0 359 5 29
33 0 3 5 30
37 0 58 4 31
36 0 359 5 32
57 0 59 4 33
55 0 2 5 34
57 0 347 1 35
70 0 58 4 36
83 0 2 5 37
78 0 187 1 38
83 0 357 5 39
84 0 54 1 40
84 0 73 4 41
82 0 95 4 42
82 0 114 4 43
83 0 127 4 44
82 0 150 1 45
80 0 166 1 46
80 0 212 1 47
81 0 235 1 48
94 0 320 1 49
86 0 258 1 50
92 0 276 1 51
82 0 308 1 52
93 0 218 1 53
90 0 241 1 54
92 0 119 4 55
92 0 132 4 56
93 0 177 1 57
92 0 196 1 58
95 0 262 1 59
98 0 279 1 60
110 0 282 1 61
92 0 106 4 62
93 0 154 1 63
105 0 303 1 64
105 0 44 4 65
108 0 234 1 66
112 0 251 1 67
114 0 267 1 68
98 0 305 1 69
109 0 309 1 70
100 0 179 1 71
101 0 199 1 72
103 0 217 1 73
121 0 8 4 74
102 0 106 4 75
102 0 118 4 76
104 0 133 4 77
102 0 159 1 78
123 0 31 4 79
107 0 113 4 80
107 0 132 1 81
107 0 155 1 82
109 0 169 1 83
108 0 95 4 84
119 0 195 1 85
108 0 221 1 86
110 0 242 1 87
112 0 263 1 88
113 0 283 1 89
122 0 300 1 90
110 0 336 1 91
119 0 338 1 92
136 0 145 4 93
127 0 202 1 94
122 0 223 1 95
131 0 233 1 96
134 0 10 1 97
128 0 179 1 98
135 0 250 1 99
133 0 273 1 100
129 0 295 1 101
125 0 103 4 102
122 0 118 1 103
127 0 116 4 104
129 0 28 1 105
128 0 44 4 106
126 0 56 4 107
125 0 68 4 108
125 0 81 4 109
124 0 135 1 110
136 0 128 4 111
130 0 111 4 112
126 0 345 5 113
129 0 128 1 114
133 0 110 4 115
142 0 129 4 116
133 0 91 4 117
134 0 100 4 118
136 0 117 1 119
143 0 115 4 120
134 0 113 1 121
137 0 68 4 122
138 0 104 4 123
140 0 129 1 124
148 0 110 4 125
148 0 131 4 126
139 0 327 1 127
141 0 109 4 128
147 0 117 4 129
142 0 101 4 130
142 0 117 1 131
152 0 121 4 132
145 0 167 1 133
153 0 116 4 134
153 0 129 4 135
145 0 181 1 136
150 0 103 4 137
152 0 111 4 138
147 0 222 1 139
151 0 200 1 140
152 0 140 1 141
153 0 301 1 142
154 0 330 1 143
156 0 97 4 144
157 0 113 4 145
157 0 51 4 146
160 0 150 1 147
161 0 87 4 148
157 0 107 1 149
162 0 108 4 150
159 0 118 1 151
165 0 120 4 152
161 0 137 1 153
170 0 297 1 154
165 0 293 1 155
170 0 167 1 156
170 0 179 1 157
177 0 284 1 158
174 0 199 1 159
174 0 49 4 160
178 0 217 1 161
173 0 342 1 162
181 0 90 4 163
179 0 294 1 164
182 0 309 1 165
182 0 125 1 166
184 0 304 1 167
186 0 126 1 168
191 0 106 4 169
190 0 168 1 170
189 0 179 1 171
192 0 49 4 172
193 0 118 4 173
193 0 203 1 174
196 0 217 1 175
195 0 294 1 176
197 0 303 1 177
197 0 92 4 178
197 0 100 4 179
196 0 109 1 180
198 0 102 4 181
198 0 114 1 182
196 0 133 1 183
196 0 144 1 184
198 0 149 1 185
198 0 343 1 186
204 0 114 4 187
200 0 136 1 188
200 0 305 1 189
204 0 116 1 190
203 0 113 1 191
205 0 145 1 192
207 0 124 1 193
210 0 110 4 194
211 0 146 1 195
211 0 44 1 196
214 0 105 4 197
216 0 115 4 198
211 0 302 1 199
215 0 131 1 200
217 0 89 4 201
212 0 346 5 202
216 0 316 1 203
217 0 128 1 204
219 0 130 1 205
215 0 219 1 206
217 0 289 1 207
218 0 203 1 208
222 0 101 4 209
220 0 167 1 210
219 0 177 1 211
223 0 107 4 212
225 0 301 1 213
230 0 48 4 214
231 0 304 1 215
233 0 92 4 216
232 0 294 1 217
235 0 130 1 218
235 0 219 1 219
236 0 343 1 220
238 0 200 1 221
239 0 180 1 222
239 0 305 1 223
241 0 121 1 224
239 0 169 1 225
244 0 109 4 226
246 0 288 1 227
245 0 99 4 228
247 0 313 1 229
249 0 48 4 230
248 0 96 4 231
247 0 110 4 232
247 0 116 4 233
248 0 128 1 234
249 0 141 1 235
250 0 107 4 236
252 0 91 4 237
254 0 132 1 238
252 0 107 4 239
254 0 119 4 240
256 0 105 4 241
258 0 304 1 242
261 0 342 1 243
259 0 107 4 244
262 0 203 1 245
262 0 222 1 246
262 0 105 4 247
265 0 180 1 248
265 0 165 1 249
264 0 116 4 250
263 0 120 4 251
265 0 131 1 252
267 0 144 1 253
265 0 96 4 254
264 0 108 4 255
265 0 102 4 256
267 0 313 1 257
270 0 137 1 258
274 0 102 4 259
273 0 119 1 260
271 0 122 1 261
274 0 135 1 262
275 0 110 1 263
272 0 48 4 264
278 0 92 4 265
278 0 118 1 266
278 0 114 4 267
279 0 143 1 268
279 0 127 4 269
280 0 128 1 270
281 0 104 4 271
284 0 345 5 272
285 0 109 4 273
288 0 106 4 274
284 0 176 1 275
286 0 265 1 276
283 0 278 1 277
283 0 298 1 278
287 0 166 1 279
283 0 202 1 280
287 0 222 1 281
288 0 243 1 282
301 0 45 1 283
300 0 94 4 284
293 0 192 1 285
302 0 219 1 286
291 0 235 1 287
301 0 264 1 288
299 0 284 1 289
294 0 304 1 290
300 0 338 1 291
297 0 350 1 292
301 0 108 4 293
301 0 128 1 294
301 0 148 1 295
300 0 173 1 296
309 0 105 4 297
307 0 119 1 298
307 0 134 1 299
309 0 153 1 300
311 0 164 4 301
313 0 186 1 302
316 0 212 1 303
306 0 81 4 304
310 0 242 1 305
310 0 261 1 306
309 0 280 1 307
306 0 295 1 308
304 0 310 1 309
318 0 105 4 310
318 0 154 1 311
318 0 319 1 312
319 0 121 1 313
320 0 133 4 314
322 0 174 1 315
323 0 192 1 316
318 0 263 1 317
318 0 276 1 318
321 0 292 1 319
321 0 218 1 320
320 0 242 1 321
317 0 49 4 322
316 0 68 4 323
329 0 253 1 324
331 0 277 1 325
328 0 310 1 326
321 0 57 4 327
322 0 72 4 328
328 0 95 4 329
328 0 114 4 330
328 0 130 1 331
331 0 147 1 332
330 0 167 1 333
331 0 211 1 334
329 0 235 1 335
332 0 331 1 336
332 0 187 1 337
326 0 357 5 338
334 0 43 4 339
334 0 57 4 340
354 0 359 5 341
344 0 31 4 342
357 0 57 4 343
365 0 8 5 344
372 0 349 1 345
379 0 55 1 346
388 0 7 5 347
395 0 347 1 348
392 0 59 4 349
412 0 8 5 350
416 0 57 1 351
418 0 345 1 352
434 0 6 5 353
425 0 60 4 354
448 0 199 1 355
433 0 209 1 356
433 0 228 1 357
433 0 243 1 358
443 0 269 1 359
441 0 289 1 360
431 0 295 1 361
437 0 323 1 362
448 0 349 5 363
429 0 334 1 364
428 0 119 4 365
426 0 135 4 366
448 0 163 1 367
448 0 181 1 368
435 0 61 4 369
455 0 122 1 370
451 0 329 1 371
461 0 7 5 372
449 0 60 4 373
449 0 75 4 374
447 0 91 4 375
463 0 104 1 376
449 0 119 4 377
477 0 319 5 378
453 0 49 4 379
458 0 106 4 380
478 0 139 1 381
459 0 19 4 382
480 0 159 1 383
486 0 183 5 384
486 0 212 5 385
480 0 257 1 386
479 0 281 1 387
486 0 305 5 388
486 0 237 5 389
463 0 34 4 390
466 0 89 4 391
498 0 10 5 392
475 0 60 4 393
484 0 79 1 394
499 0 33 5 395
-75 0 -10 5 396
-52 0 -10 5 397
-27 0 -10 5 398
-4 0 -10 5 399
32 0 -3 1 400
44 0 -10 5 401
70 0 -10 5 402
92 0 -10 5 403
115 0 -10 5 404
137 0 -10 5 405
159 0 -10 5 406
182 0 -10 5 407
204 0 -10 5 408
225 0 -10 5 409
246 0 -7 1 410
267 0 -10 5 411
289 0 -10 5 412
312 0 -10 5 413
334 0 -10 5 414
347 0 -6 1 415
375 0 -10 5 416
398 0 -10 5 417
427 0 -10 5 418
436 0 -3 1 419
475 0 -10 5 420
501 0 -10 5 421
488 0 10 4 422
489 0 30 4 423
515 0 44 5 424
515 0 66 5 425
515 0 89 5 426
515 0 111 5 427
515 0 133 5 428
515 0 156 5 429
515 0 178 5 430
492 0 192 1 431
515 0 222 5 432
494 0 233 1 433
515 0 270 5 434
515 0 292 5 435
515 0 315 5 436
496 0 321 1 437
515 0 363 5 438
496 0 366 5 439
477 0 370 5 440
451 0 370 5 441
428 0 370 5 442
406 0 370 5 443
384 0 370 5 444
361 0 370 5 445
336 0 370 5 446
310 0 370 5 447
284 0 370 5 448
262 0 370 5 449
239 0 370 5 450
218 0 370 5 451
192 0 370 5 452
170 0 370 5 453
147 0 370 5 454
125 0 370 5 455
99 0 370 5 456
73 0 370 5 457
51 0 370 5 458
25 0 370 5 459
12 0 357 1 460
-19 0 370 5 461
-42 0 370 5 462
-62 0 360 5 463
-75 0 351 5 464
-55 0 307 1 465
-75 0 306 5 466
-70 0 277 1 467
-75 0 258 5 468
-75 0 236 5 469
-75 0 213 5 470
-75 0 191 5 471
-75 0 169 5 472
-75 0 147 5 473
-49 0 121 4 474
-75 0 102 5 475
-61 0 82 1 476
-52 0 62 4 477
-51 0 43 4 478
-75 0 13 5 479
