480
-55 0 104 4 0
-66 0 123 5 1
-65 0 71 5 2
-56 0 89 4 3
-64 0 53 5 4
-43 0 122 4 5
-50 0 35 5 6
-40 0 56 4 7
-36 0 123 1 8
-30 0 140 4 9
-37 0 161 1 10
-38 0 180 1 11
-37 0 198 1 12
-37 0 219 1 13
-39 0 240 5 14
-39 0 255 5 15
-37 0 271 1 16
-39 0 296 5 17
-36 0 311 1 18
-31 0 324 1 19
-39 0 348 5 20
-39 0 360 5 21
-24 0 24 4 22
-24 0 56 4 23
-19 0 2 5 24
-14 0 353 1 25
-9 0 56 4 26
12 0 5 4 27
10 0 55 1 28
8 0 361 5 29
28 0 1 5 30
30 0 54 4 31
34 0 361 5 32
50 0 55 4 33
51 0 0 5 34
54 0 356 1 35
66 0 55 4 36
79 0 0 5 37
79 0 188 1 38
81 0 359 5 39
82 0 53 1 40
82 0 72 4 41
81 0 95 4 42
81 0 115 4 43
81 0 131 4 44
81 0 151 1 45
80 0 168 1 46
80 0 213 1 47
81 0 237 1 48
86 0 331 1 49
83 0 262 1 50
86 0 283 1 51
82 0 310 1 52
91 0 219 1 53
90 0 244 1 54
91 0 121 4 55
91 0 136 4 56
91 0 179 1 57
91 0 197 1 58
92 0 265 1 59
93 0 284 1 60
99 0 295 1 61
92 0 106 4 62
92 0 158 1 63
97 0 313 1 64
98 0 41 4 65
102 0 240 1 66
104 0 259 1 67
105 0 278 1 68
98 0 305 1 69
103 0 317 1 70
100 0 180 1 71
101 0 198 1 72
102 0 218 1 73
110 0 2 4 74
102 0 106 4 75
102 0 120 4 76
102 0 136 4 77
102 0 159 1 78
113 0 27 4 79
107 0 114 4 80
107 0 134 1 81
107 0 157 1 82
108 0 175 1 83
108 0 95 4 84
112 0 198 1 85
108 0 221 1 86
109 0 244 1 87
110 0 266 1 88
110 0 287 1 89
114 0 310 1 90
109 0 340 1 91
112 0 350 1 92
126 0 158 4 93
122 0 205 1 94
121 0 224 1 95
124 0 240 1 96
126 0 6 1 97
124 0 180 1 98
127 0 260 1 99
126 0 283 1 100
124 0 302 1 101
123 0 106 4 102
122 0 119 1 103
124 0 124 4 104
125 0 26 1 105
125 0 41 4 106
124 0 56 4 107
124 0 68 4 108
124 0 82 4 109
123 0 137 1 110
128 0 138 4 111
128 0 117 4 112
126 0 346 5 113
128 0 130 1 114
131 0 115 4 115
135 0 139 4 116
132 0 94 4 117
133 0 104 4 118
134 0 119 1 119
137 0 123 4 120
134 0 114 1 121
136 0 67 4 122
137 0 107 4 123
137 0 133 1 124
141 0 118 4 125
142 0 139 4 126
138 0 328 1 127
140 0 111 4 128
142 0 123 4 129
141 0 104 4 130
141 0 117 1 131
146 0 131 4 132
143 0 167 1 133
147 0 124 4 134
147 0 138 4 135
144 0 181 1 136
146 0 109 4 137
148 0 117 4 138
146 0 224 1 139
148 0 203 1 140
149 0 145 1 141
150 0 308 1 142
151 0 340 1 143
152 0 101 4 144
153 0 119 4 145
154 0 50 4 146
156 0 152 1 147
158 0 92 4 148
156 0 108 1 149
158 0 113 4 150
157 0 122 1 151
160 0 129 4 152
158 0 142 1 153
165 0 316 1 154
163 0 299 1 155
168 0 168 1 156
169 0 180 1 157
172 0 301 1 158
171 0 201 1 159
173 0 48 4 160
175 0 222 1 161
173 0 345 1 162
178 0 93 4 163
177 0 300 1 164
179 0 321 1 165
181 0 129 1 166
183 0 309 1 167
186 0 129 1 168
190 0 112 4 169
190 0 168 1 170
189 0 180 1 171
191 0 48 4 172
191 0 125 4 173
193 0 204 1 174
194 0 222 1 175
194 0 300 1 176
195 0 318 1 177
197 0 94 4 178
197 0 102 4 179
196 0 109 1 180
197 0 109 4 181
197 0 118 1 182
196 0 133 1 183
196 0 143 1 184
197 0 148 1 185
197 0 345 1 186
200 0 121 4 187
199 0 137 1 188
199 0 310 1 189
203 0 120 1 190
203 0 113 1 191
204 0 143 1 192
205 0 126 1 193
207 0 115 4 194
209 0 144 1 195
210 0 46 1 196
211 0 110 4 197
213 0 123 4 198
211 0 309 1 199
214 0 137 1 200
215 0 93 4 201
213 0 347 5 202
216 0 323 1 203
217 0 129 1 204
217 0 133 1 205
216 0 223 1 206
217 0 298 1 207
218 0 204 1 208
220 0 106 4 209
220 0 168 1 210
220 0 179 1 211
221 0 111 4 212
226 0 308 1 213
230 0 47 4 214
231 0 318 1 215
233 0 94 4 216
232 0 300 1 217
235 0 131 1 218
236 0 223 1 219
236 0 345 1 220
239 0 202 1 221
240 0 180 1 222
240 0 310 1 223
241 0 123 1 224
241 0 168 1 225
245 0 113 4 226
247 0 297 1 227
247 0 106 4 228
248 0 322 1 229
250 0 47 4 230
249 0 101 4 231
249 0 118 4 232
249 0 124 4 233
249 0 133 1 234
250 0 144 1 235
251 0 112 4 236
253 0 93 4 237
255 0 135 1 238
255 0 115 4 239
257 0 126 4 240
258 0 110 4 241
260 0 309 1 242
261 0 345 1 243
262 0 115 4 244
263 0 204 1 245
264 0 224 1 246
264 0 111 4 247
266 0 181 1 248
266 0 166 1 249
267 0 123 4 250
266 0 129 4 251
267 0 137 1 252
268 0 146 1 253
268 0 101 4 254
267 0 115 4 255
268 0 109 4 256
270 0 322 1 257
271 0 142 1 258
274 0 106 4 259
273 0 121 1 260
272 0 126 1 261
274 0 135 1 262
275 0 112 1 263
275 0 48 4 264
278 0 94 4 265
278 0 120 1 266
278 0 121 4 267
278 0 144 1 268
279 0 134 4 269
280 0 132 1 270
281 0 109 4 271
284 0 346 5 272
285 0 113 4 273
287 0 110 4 274
287 0 179 1 275
288 0 266 1 276
286 0 285 1 277
286 0 303 1 278
289 0 167 1 279
287 0 204 1 280
289 0 224 1 281
289 0 244 1 282
301 0 46 1 283
301 0 94 4 284
298 0 196 1 285
302 0 220 1 286
297 0 241 1 287
301 0 267 1 288
301 0 288 1 289
298 0 312 1 290
301 0 341 1 291
299 0 355 1 292
302 0 112 4 293
302 0 132 1 294
302 0 154 1 295
301 0 177 1 296
308 0 106 4 297
307 0 120 1 298
307 0 136 1 299
308 0 157 1 300
310 0 173 4 301
310 0 193 1 302
311 0 216 1 303
308 0 82 4 304
310 0 243 1 305
310 0 263 1 306
310 0 283 1 307
309 0 301 1 308
308 0 317 1 309
318 0 106 4 310
318 0 158 1 311
318 0 320 1 312
319 0 121 1 313
319 0 136 4 314
320 0 177 1 315
320 0 195 1 316
318 0 266 1 317
318 0 283 1 318
319 0 300 1 319
320 0 219 1 320
320 0 244 1 321
320 0 47 4 322
319 0 68 4 323
328 0 259 1 324
329 0 283 1 325
328 0 311 1 326
325 0 54 4 327
326 0 71 4 328
328 0 95 4 329
328 0 115 4 330
328 0 132 1 331
329 0 150 1 332
329 0 168 1 333
329 0 213 1 334
329 0 237 1 335
330 0 336 1 336
331 0 188 1 337
328 0 359 5 338
339 0 39 4 339
341 0 55 4 340
356 0 361 5 341
353 0 24 4 342
361 0 54 4 343
368 0 7 5 344
375 0 357 1 345
382 0 53 1 346
392 0 5 5 347
399 0 356 1 348
400 0 55 4 349
416 0 6 5 350
422 0 55 1 351
424 0 355 1 352
438 0 4 5 353
437 0 56 4 354
449 0 200 1 355
443 0 216 1 356
443 0 236 1 357
443 0 251 1 358
447 0 273 1 359
447 0 295 1 360
442 0 308 1 361
445 0 331 1 362
450 0 350 5 363
442 0 351 1 364
442 0 122 4 365
441 0 140 4 366
450 0 164 1 367
450 0 182 1 368
451 0 56 4 369
461 0 123 1 370
459 0 340 1 371
465 0 5 5 372
466 0 55 4 373
466 0 72 4 374
465 0 90 4 375
473 0 105 1 376
467 0 122 4 377
480 0 323 5 378
472 0 43 4 379
477 0 107 4 380
486 0 141 1 381
479 0 9 4 382
488 0 161 1 383
490 0 185 5 384
490 0 214 5 385
488 0 264 1 386
487 0 289 1 387
490 0 309 5 388
491 0 240 5 389
483 0 26 4 390
486 0 88 4 391
505 0 6 5 392
495 0 55 4 393
499 0 78 1 394
506 0 30 5 395
-84 0 -14 5 396
-60 0 -14 5 397
-36 0 -14 5 398
-12 0 -14 5 399
17 0 -11 1 400
36 0 -14 5 401
61 0 -14 5 402
85 0 -14 5 403
108 0 -14 5 404
131 0 -14 5 405
155 0 -14 5 406
178 0 -14 5 407
202 0 -14 5 408
224 0 -14 5 409
247 0 -13 1 410
270 0 -14 5 411
293 0 -14 5 412
317 0 -14 5 413
340 0 -14 5 414
360 0 -12 1 415
385 0 -14 5 416
409 0 -14 5 417
435 0 -14 5 418
453 0 -11 1 419
484 0 -14 5 420
508 0 -14 5 421
513 0 -1 4 422
513 0 21 4 423
524 0 41 5 424
524 0 64 5 425
524 0 88 5 426
524 0 111 5 427
524 0 135 5 428
524 0 158 5 429
524 0 181 5 430
514 0 201 1 431
524 0 228 5 432
515 0 246 1 433
524 0 276 5 434
524 0 299 5 435
524 0 323 5 436
516 0 339 1 437
524 0 371 5 438
502 0 372 5 439
480 0 374 5 440
455 0 374 5 441
431 0 374 5 442
408 0 374 5 443
385 0 374 5 444
361 0 374 5 445
336 0 374 5 446
311 0 374 5 447
287 0 374 5 448
263 0 374 5 449
240 0 374 5 450
217 0 374 5 451
192 0 374 5 452
169 0 374 5 453
145 0 374 5 454
122 0 374 5 455
97 0 374 5 456
72 0 374 5 457
49 0 374 5 458
24 0 374 5 459
4 0 368 1 460
-23 0 374 5 461
-46 0 374 5 462
-69 0 370 5 463
-84 0 362 5 464
-76 0 329 1 465
-84 0 315 5 466
-82 0 288 1 467
-84 0 266 5 468
-84 0 243 5 469
-84 0 220 5 470
-84 0 196 5 471
-84 0 174 5 472
-84 0 150 5 473
-73 0 125 4 474
-84 0 103 5 475
-78 0 81 1 476
-74 0 59 4 477
-74 0 36 4 478
-84 0 10 5 479
