480
-48 0 103 4 0
-63 0 122 5 1
-62 0 71 5 2
-49 0 89 4 3
-61 0 54 5 4
-36 0 120 4 5
-48 0 36 5 6
-33 0 58 4 7
-33 0 122 1 8
-23 0 138 4 9
-35 0 160 1 10
-36 0 179 1 11
-35 0 197 1 12
-35 0 217 1 13
-38 0 239 5 14
-38 0 254 5 15
-34 0 269 1 16
-38 0 295 5 17
-33 0 307 1 18
-26 0 317 1 19
-38 0 346 5 20
-38 0 359 5 21
-17 0 28 4 22
-18 0 58 4 23
-17 0 3 5 24
-11 0 349 1 25
-4 0 57 4 26
19 0 8 4 27
13 0 56 1 28
8 0 360 5 29
30 0 2 5 30
33 0 56 4 31
35 0 360 5 32
53 0 56 4 33
52 0 1 5 34
55 0 353 1 35
68 0 56 4 36
80 0 1 5 37
78 0 188 1 38
82 0 358 5 39
83 0 54 1 40
83 0 72 4 41
82 0 95 4 42
81 0 115 4 43
82 0 129 4 44
81 0 151 1 45
80 0 167 1 46
80 0 213 1 47
81 0 236 1 48
89 0 327 1 49
84 0 260 1 50
88 0 281 1 51
82 0 309 1 52
92 0 219 1 53
90 0 243 1 54
91 0 120 4 55
92 0 134 4 56
92 0 178 1 57
92 0 197 1 58
93 0 264 1 59
95 0 282 1 60
103 0 291 1 61
92 0 106 4 62
92 0 156 1 63
100 0 309 1 64
101 0 42 4 65
104 0 238 1 66
107 0 256 1 67
108 0 274 1 68
98 0 305 1 69
105 0 314 1 70
100 0 180 1 71
101 0 198 1 72
102 0 217 1 73
114 0 4 4 74
102 0 106 4 75
102 0 119 4 76
103 0 135 4 77
102 0 159 1 78
117 0 28 4 79
107 0 113 4 80
107 0 133 1 81
107 0 156 1 82
108 0 173 1 83
108 0 95 4 84
115 0 197 1 85
108 0 221 1 86
109 0 243 1 87
111 0 265 1 88
111 0 286 1 89
117 0 306 1 90
109 0 339 1 91
115 0 345 1 92
130 0 154 4 93
124 0 204 1 94
121 0 223 1 95
127 0 237 1 96
129 0 7 1 97
126 0 180 1 98
130 0 256 1 99
128 0 279 1 100
126 0 299 1 101
124 0 105 4 102
122 0 119 1 103
125 0 121 4 104
127 0 27 1 105
126 0 42 4 106
125 0 56 4 107
124 0 68 4 108
124 0 82 4 109
123 0 136 1 110
131 0 134 4 111
129 0 114 4 112
126 0 346 5 113
129 0 129 1 114
132 0 113 4 115
138 0 135 4 116
133 0 93 4 117
133 0 103 4 118
135 0 119 1 119
139 0 120 4 120
134 0 113 1 121
136 0 67 4 122
137 0 106 4 123
138 0 131 1 124
144 0 115 4 125
144 0 136 4 126
139 0 328 1 127
140 0 110 4 128
144 0 121 4 129
142 0 103 4 130
141 0 117 1 131
148 0 127 4 132
144 0 167 1 133
149 0 121 4 134
149 0 135 4 135
144 0 181 1 136
148 0 107 4 137
150 0 115 4 138
146 0 223 1 139
149 0 202 1 140
150 0 143 1 141
151 0 305 1 142
152 0 336 1 143
154 0 100 4 144
154 0 117 4 145
155 0 50 4 146
157 0 151 1 147
159 0 90 4 148
156 0 108 1 149
160 0 111 4 150
158 0 120 1 151
162 0 125 4 152
159 0 140 1 153
167 0 309 1 154
164 0 297 1 155
169 0 168 1 156
169 0 180 1 157
174 0 295 1 158
172 0 200 1 159
173 0 48 4 160
176 0 220 1 161
173 0 344 1 162
179 0 92 4 163
178 0 298 1 164
180 0 316 1 165
182 0 128 1 166
184 0 307 1 167
186 0 128 1 168
191 0 110 4 169
190 0 168 1 170
189 0 179 1 171
191 0 49 4 172
192 0 122 4 173
193 0 203 1 174
195 0 220 1 175
194 0 298 1 176
196 0 312 1 177
197 0 93 4 178
197 0 101 4 179
196 0 109 1 180
198 0 107 4 181
197 0 116 1 182
196 0 133 1 183
196 0 143 1 184
197 0 148 1 185
198 0 344 1 186
201 0 118 4 187
200 0 137 1 188
199 0 308 1 189
203 0 119 1 190
203 0 113 1 191
205 0 144 1 192
206 0 125 1 193
208 0 113 4 194
210 0 145 1 195
210 0 45 1 196
212 0 108 4 197
214 0 120 4 198
211 0 306 1 199
214 0 134 1 200
216 0 91 4 201
213 0 346 5 202
216 0 321 1 203
217 0 129 1 204
218 0 132 1 205
216 0 221 1 206
217 0 295 1 207
218 0 203 1 208
220 0 104 4 209
220 0 168 1 210
219 0 178 1 211
222 0 109 4 212
226 0 305 1 213
230 0 47 4 214
231 0 313 1 215
233 0 93 4 216
232 0 298 1 217
235 0 131 1 218
235 0 221 1 219
236 0 344 1 220
239 0 201 1 221
239 0 180 1 222
240 0 308 1 223
241 0 122 1 224
240 0 168 1 225
244 0 112 4 226
247 0 294 1 227
246 0 103 4 228
248 0 319 1 229
250 0 48 4 230
249 0 99 4 231
248 0 115 4 232
248 0 121 4 233
249 0 131 1 234
250 0 143 1 235
251 0 110 4 236
252 0 92 4 237
255 0 134 1 238
254 0 112 4 239
256 0 123 4 240
257 0 108 4 241
259 0 307 1 242
261 0 344 1 243
261 0 112 4 244
262 0 203 1 245
263 0 223 1 246
263 0 109 4 247
266 0 180 1 248
266 0 166 1 249
266 0 120 4 250
265 0 126 4 251
266 0 135 1 252
267 0 146 1 253
267 0 99 4 254
266 0 112 4 255
267 0 106 4 256
269 0 319 1 257
271 0 140 1 258
274 0 105 4 259
273 0 120 1 260
272 0 125 1 261
274 0 135 1 262
275 0 111 1 263
274 0 48 4 264
278 0 94 4 265
278 0 119 1 266
278 0 119 4 267
279 0 144 1 268
279 0 132 4 269
280 0 130 1 270
281 0 107 4 271
284 0 346 5 272
285 0 112 4 273
287 0 109 4 274
286 0 178 1 275
287 0 266 1 276
285 0 283 1 277
285 0 301 1 278
288 0 167 1 279
285 0 203 1 280
288 0 223 1 281
289 0 244 1 282
301 0 45 1 283
301 0 94 4 284
296 0 195 1 285
302 0 220 1 286
295 0 239 1 287
301 0 266 1 288
300 0 286 1 289
297 0 309 1 290
301 0 340 1 291
298 0 353 1 292
301 0 110 4 293
301 0 131 1 294
301 0 152 1 295
301 0 175 1 296
309 0 105 4 297
307 0 120 1 298
307 0 135 1 299
308 0 155 1 300
310 0 170 4 301
311 0 190 1 302
313 0 214 1 303
307 0 82 4 304
310 0 243 1 305
310 0 262 1 306
310 0 282 1 307
308 0 298 1 308
306 0 314 1 309
318 0 106 4 310
318 0 156 1 311
318 0 320 1 312
319 0 121 1 313
319 0 135 4 314
321 0 176 1 315
321 0 194 1 316
318 0 265 1 317
318 0 280 1 318
320 0 297 1 319
320 0 219 1 320
320 0 243 1 321
319 0 48 4 322
318 0 68 4 323
329 0 257 1 324
330 0 281 1 325
328 0 311 1 326
324 0 55 4 327
325 0 71 4 328
328 0 95 4 329
328 0 115 4 330
328 0 131 1 331
330 0 149 1 332
330 0 168 1 333
330 0 212 1 334
329 0 236 1 335
330 0 334 1 336
331 0 188 1 337
328 0 358 5 338
337 0 40 4 339
338 0 56 4 340
355 0 360 5 341
350 0 26 4 342
359 0 55 4 343
367 0 8 5 344
374 0 354 1 345
381 0 54 1 346
391 0 6 5 347
398 0 353 1 348
397 0 57 4 349
415 0 7 5 350
420 0 56 1 351
422 0 351 1 352
437 0 5 5 353
433 0 57 4 354
449 0 200 1 355
439 0 214 1 356
439 0 233 1 357
439 0 248 1 358
446 0 272 1 359
445 0 293 1 360
438 0 303 1 361
442 0 328 1 362
449 0 350 5 363
437 0 344 1 364
437 0 121 4 365
435 0 138 4 366
449 0 163 1 367
449 0 182 1 368
445 0 58 4 369
459 0 123 1 370
456 0 336 1 371
463 0 6 5 372
460 0 57 4 373
460 0 73 4 374
458 0 90 4 375
469 0 104 1 376
460 0 121 4 377
479 0 322 5 378
465 0 45 4 379
470 0 107 4 380
483 0 140 1 381
472 0 13 4 382
485 0 160 1 383
488 0 185 5 384
488 0 213 5 385
485 0 262 1 386
484 0 286 1 387
488 0 308 5 388
489 0 239 5 389
475 0 29 4 390
478 0 88 4 391
502 0 8 5 392
488 0 57 4 393
493 0 78 1 394
503 0 31 5 395
-80 0 -12 5 396
-57 0 -12 5 397
-32 0 -12 5 398
-9 0 -12 5 399
22 0 -8 1 400
39 0 -12 5 401
64 0 -12 5 402
87 0 -12 5 403
110 0 -12 5 404
133 0 -12 5 405
157 0 -12 5 406
180 0 -12 5 407
203 0 -12 5 408
225 0 -12 5 409
247 0 -10 1 410
269 0 -12 5 411
292 0 -12 5 412
315 0 -12 5 413
338 0 -12 5 414
355 0 -10 1 415
382 0 -12 5 416
405 0 -12 5 417
432 0 -12 5 418
447 0 -8 1 419
480 0 -12 5 420
506 0 -12 5 421
504 0 3 4 422
504 0 25 4 423
520 0 42 5 424
520 0 65 5 425
520 0 88 5 426
520 0 111 5 427
520 0 134 5 428
520 0 157 5 429
520 0 180 5 430
506 0 198 1 431
520 0 225 5 432
507 0 241 1 433
520 0 274 5 434
520 0 297 5 435
520 0 320 5 436
508 0 332 1 437
520 0 368 5 438
500 0 370 5 439
479 0 372 5 440
453 0 372 5 441
430 0 372 5 442
407 0 372 5 443
384 0 372 5 444
361 0 372 5 445
336 0 372 5 446
311 0 372 5 447
286 0 372 5 448
263 0 372 5 449
240 0 372 5 450
217 0 372 5 451
192 0 372 5 452
169 0 372 5 453
146 0 372 5 454
123 0 372 5 455
98 0 372 5 456
73 0 372 5 457
50 0 372 5 458
24 0 372 5 459
7 0 364 1 460
-22 0 372 5 461
-45 0 372 5 462
-66 0 366 5 463
-80 0 358 5 464
-68 0 321 1 465
-80 0 312 5 466
-77 0 284 1 467
-80 0 263 5 468
-80 0 240 5 469
-80 0 217 5 470
-80 0 194 5 471
-80 0 172 5 472
-80 0 149 5 473
-64 0 124 4 474
-80 0 103 5 475
-72 0 81 1 476
-66 0 60 4 477
-66 0 39 4 478
-80 0 11 5 479
