480
-68 0 105 4 0
-70 0 124 5 1
-69 0 70 5 2
-67 0 89 4 3
-68 0 52 5 4
-54 0 124 4 5
-53 0 34 5 6
-51 0 53 4 7
-42 0 124 1 8
-41 0 143 4 9
-42 0 164 1 10
-42 0 183 1 11
-41 0 201 1 12
-41 0 222 1 13
-41 0 242 5 14
-41 0 257 5 15
-41 0 275 1 16
-41 0 299 5 17
-41 0 316 1 18
-40 0 335 1 19
-41 0 351 5 20
-41 0 363 5 21
-35 0 19 4 22
-35 0 53 4 23
-22 0 1 5 24
-19 0 361 1 25
-17 0 53 4 26
1 0 0 4 27
4 0 53 1 28
7 0 363 5 29
25 0 -1 5 30
25 0 52 4 31
33 0 363 5 32
46 0 52 4 33
49 0 -2 5 34
53 0 362 1 35
64 0 53 4 36
76 0 -2 5 37
79 0 189 1 38
80 0 361 5 39
81 0 53 1 40
81 0 71 4 41
81 0 95 4 42
81 0 116 4 43
81 0 133 4 44
81 0 152 1 45
80 0 169 1 46
80 0 214 1 47
81 0 239 1 48
81 0 338 1 49
82 0 264 1 50
82 0 287 1 51
82 0 311 1 52
90 0 220 1 53
90 0 245 1 54
91 0 122 4 55
91 0 139 4 56
91 0 180 1 57
91 0 198 1 58
91 0 267 1 59
91 0 287 1 60
92 0 304 1 61
92 0 107 4 62
92 0 160 1 63
92 0 320 1 64
94 0 39 4 65
99 0 243 1 66
99 0 264 1 67
99 0 285 1 68
98 0 305 1 69
99 0 321 1 70
100 0 180 1 71
101 0 198 1 72
101 0 218 1 73
103 0 -2 4 74
102 0 107 4 75
102 0 121 4 76
102 0 138 4 77
102 0 160 1 78
108 0 24 4 79
107 0 114 4 80
107 0 135 1 81
107 0 158 1 82
107 0 178 1 83
108 0 95 4 84
108 0 199 1 85
108 0 221 1 86
108 0 245 1 87
108 0 268 1 88
108 0 290 1 89
108 0 316 1 90
108 0 343 1 91
108 0 357 1 92
121 0 167 4 93
120 0 206 1 94
120 0 225 1 95
120 0 244 1 96
121 0 3 1 97
121 0 180 1 98
121 0 266 1 99
121 0 289 1 100
121 0 305 1 101
122 0 109 4 102
122 0 119 1 103
122 0 128 4 104
123 0 25 1 105
123 0 39 4 106
123 0 55 4 107
123 0 68 4 108
123 0 83 4 109
123 0 138 1 110
123 0 145 4 111
126 0 120 4 112
126 0 346 5 113
128 0 131 1 114
130 0 117 4 115
131 0 145 4 116
132 0 96 4 117
132 0 107 4 118
133 0 121 1 119
133 0 128 4 120
134 0 114 1 121
136 0 67 4 122
136 0 109 4 123
136 0 135 1 124
137 0 123 4 125
138 0 144 4 126
138 0 329 1 127
139 0 113 4 128
139 0 127 4 129
141 0 105 4 130
141 0 118 1 131
141 0 137 4 132
142 0 167 1 133
143 0 129 4 134
143 0 144 4 135
143 0 181 1 136
144 0 112 4 137
145 0 121 4 138
145 0 225 1 139
146 0 205 1 140
147 0 148 1 141
149 0 312 1 142
149 0 346 1 143
150 0 104 4 144
150 0 123 4 145
152 0 49 4 146
153 0 153 1 147
156 0 94 4 148
156 0 109 1 149
156 0 116 4 150
156 0 124 1 151
156 0 134 4 152
156 0 144 1 153
161 0 327 1 154
162 0 302 1 155
168 0 168 1 156
169 0 180 1 157
169 0 312 1 158
170 0 203 1 159
172 0 48 4 160
173 0 225 1 161
173 0 347 1 162
177 0 96 4 163
177 0 303 1 164
178 0 328 1 165
181 0 132 1 166
183 0 312 1 167
186 0 131 1 168
190 0 115 4 169
190 0 168 1 170
189 0 180 1 171
191 0 48 4 172
191 0 128 4 173
193 0 204 1 174
194 0 225 1 175
194 0 303 1 176
195 0 326 1 177
197 0 96 4 178
197 0 104 4 179
196 0 109 1 180
197 0 113 4 181
197 0 120 1 182
196 0 133 1 183
196 0 143 1 184
197 0 148 1 185
197 0 347 1 186
198 0 126 4 187
199 0 138 1 188
199 0 313 1 189
202 0 123 1 190
203 0 114 1 191
204 0 142 1 192
205 0 128 1 193
206 0 118 4 194
209 0 143 1 195
210 0 47 1 196
210 0 113 4 197
212 0 127 4 198
211 0 313 1 199
213 0 140 1 200
214 0 96 4 201
213 0 347 5 202
216 0 327 1 203
217 0 129 1 204
217 0 136 1 205
216 0 225 1 206
217 0 303 1 207
218 0 204 1 208
220 0 108 4 209
220 0 168 1 210
220 0 180 1 211
221 0 114 4 212
226 0 312 1 213
230 0 47 4 214
231 0 327 1 215
233 0 96 4 216
232 0 303 1 217
235 0 131 1 218
236 0 225 1 219
236 0 347 1 220
239 0 203 1 221
240 0 180 1 222
240 0 313 1 223
241 0 124 1 224
241 0 168 1 225
245 0 116 4 226
247 0 302 1 227
248 0 110 4 228
248 0 328 1 229
250 0 47 4 230
250 0 104 4 231
250 0 123 4 232
250 0 129 4 233
250 0 136 1 234
250 0 145 1 235
252 0 115 4 236
253 0 95 4 237
255 0 138 1 238
256 0 120 4 239
258 0 131 4 240
259 0 113 4 241
260 0 312 1 242
261 0 347 1 243
263 0 119 4 244
263 0 205 1 245
264 0 225 1 246
265 0 114 4 247
266 0 181 1 248
267 0 167 1 249
268 0 126 4 250
268 0 134 4 251
268 0 140 1 252
268 0 148 1 253
269 0 104 4 254
269 0 119 4 255
270 0 113 4 256
271 0 328 1 257
272 0 144 1 258
274 0 109 4 259
273 0 122 1 260
273 0 129 1 261
274 0 135 1 262
275 0 113 1 263
277 0 47 4 264
278 0 96 4 265
278 0 121 1 266
278 0 125 4 267
278 0 144 1 268
279 0 139 4 269
280 0 134 1 270
281 0 111 4 271
284 0 346 5 272
285 0 116 4 273
287 0 113 4 274
288 0 180 1 275
288 0 267 1 276
288 0 289 1 277
288 0 306 1 278
289 0 168 1 279
289 0 206 1 280
289 0 225 1 281
289 0 245 1 282
301 0 46 1 283
301 0 95 4 284
301 0 199 1 285
302 0 221 1 286
301 0 244 1 287
301 0 268 1 288
301 0 290 1 289
301 0 316 1 290
301 0 343 1 291
301 0 358 1 292
302 0 114 4 293
302 0 135 1 294
302 0 157 1 295
302 0 179 1 296
308 0 107 4 297
307 0 121 1 298
307 0 138 1 299
308 0 160 1 300
309 0 179 4 301
309 0 197 1 302
309 0 218 1 303
309 0 82 4 304
310 0 244 1 305
310 0 265 1 306
310 0 286 1 307
310 0 304 1 308
310 0 321 1 309
318 0 107 4 310
318 0 160 1 311
318 0 321 1 312
319 0 122 1 313
319 0 139 4 314
319 0 180 1 315
319 0 198 1 316
318 0 267 1 317
318 0 286 1 318
319 0 304 1 319
320 0 220 1 320
320 0 245 1 321
321 0 46 4 322
321 0 67 4 323
328 0 263 1 324
328 0 287 1 325
328 0 311 1 326
328 0 53 4 327
328 0 71 4 328
328 0 95 4 329
328 0 116 4 330
328 0 133 1 331
329 0 152 1 332
329 0 169 1 333
329 0 214 1 334
329 0 239 1 335
329 0 338 1 336
330 0 189 1 337
329 0 361 5 338
343 0 36 4 339
345 0 53 4 340
356 0 363 5 341
359 0 20 4 342
363 0 52 4 343
370 0 6 5 344
376 0 362 1 345
384 0 52 1 346
395 0 4 5 347
402 0 362 1 348
405 0 53 4 349
418 0 5 5 350
427 0 53 1 351
428 0 361 1 352
441 0 3 5 353
444 0 53 4 354
450 0 201 1 355
449 0 221 1 356
449 0 241 1 357
449 0 256 1 358
450 0 276 1 359
450 0 298 1 360
449 0 316 1 361
450 0 336 1 362
450 0 351 5 363
449 0 361 1 364
450 0 124 4 365
450 0 143 4 366
451 0 164 1 367
451 0 183 1 368
461 0 54 4 369
465 0 124 1 370
465 0 346 1 371
467 0 4 5 372
476 0 52 4 373
477 0 70 4 374
476 0 89 4 375
478 0 105 1 376
478 0 124 4 377
482 0 326 5 378
484 0 39 4 379
489 0 108 4 380
492 0 142 1 381
491 0 3 4 382
493 0 163 1 383
493 0 187 5 384
493 0 215 5 385
493 0 268 1 386
493 0 294 1 387
493 0 312 5 388
494 0 242 5 389
494 0 21 4 390
498 0 87 4 391
509 0 4 5 392
507 0 52 4 393
508 0 77 1 394
510 0 29 5 395
-89 0 -17 5 396
-65 0 -17 5 397
-41 0 -17 5 398
-17 0 -17 5 399
8 0 -16 1 400
31 0 -17 5 401
56 0 -17 5 402
80 0 -17 5 403
104 0 -17 5 404
128 0 -17 5 405
152 0 -17 5 406
176 0 -17 5 407
200 0 -17 5 408
223 0 -17 5 409
247 0 -16 1 410
271 0 -17 5 411
296 0 -17 5 412
320 0 -17 5 413
344 0 -17 5 414
367 0 -16 1 415
392 0 -17 5 416
416 0 -17 5 417
440 0 -17 5 418
464 0 -16 1 419
489 0 -17 5 420
513 0 -17 5 421
528 0 -8 4 422
528 0 16 4 423
529 0 39 5 424
529 0 63 5 425
529 0 87 5 426
529 0 112 5 427
529 0 136 5 428
529 0 160 5 429
529 0 183 5 430
528 0 207 1 431
529 0 231 5 432
528 0 254 1 433
529 0 279 5 434
529 0 304 5 435
529 0 328 5 436
528 0 351 1 437
529 0 376 5 438
506 0 376 5 439
482 0 377 5 440
457 0 377 5 441
433 0 377 5 442
409 0 377 5 443
385 0 377 5 444
361 0 377 5 445
337 0 377 5 446
312 0 377 5 447
288 0 377 5 448
264 0 377 5 449
240 0 377 5 450
217 0 377 5 451
192 0 377 5 452
168 0 377 5 453
144 0 377 5 454
120 0 377 5 455
96 0 377 5 456
72 0 377 5 457
47 0 377 5 458
23 0 377 5 459
0 0 376 1 460
-25 0 377 5 461
-49 0 377 5 462
-73 0 376 5 463
-89 0 368 5 464
-88 0 343 1 465
-89 0 320 5 466
-89 0 296 1 467
-89 0 272 5 468
-89 0 248 5 469
-89 0 223 5 470
-89 0 199 5 471
-89 0 176 5 472
-89 0 152 5 473
-88 0 128 4 474
-89 0 104 5 475
-89 0 80 1 476
-88 0 56 4 477
-88 0 32 4 478
-89 0 8 5 479
