480
-65 0 105 4 0
-69 0 124 5 1
-68 0 70 5 2
-64 0 89 4 3
-67 0 52 5 4
-52 0 123 4 5
-52 0 34 5 6
-49 0 54 4 7
-40 0 124 1 8
-38 0 142 4 9
-41 0 163 1 10
-41 0 182 1 11
-40 0 200 1 12
-40 0 221 1 13
-41 0 241 5 14
-41 0 256 5 15
-40 0 274 1 16
-41 0 298 5 17
-39 0 315 1 18
-38 0 332 1 19
-41 0 350 5 20
-41 0 362 5 21
-32 0 20 4 22
-32 0 54 4 23
-21 0 2 5 24
-17 0 359 1 25
-15 0 54 4 26
4 0 1 4 27
6 0 54 1 28
7 0 362 5 29
26 0 0 5 30
26 0 53 4 31
33 0 362 5 32
47 0 53 4 33
49 0 -1 5 34
53 0 361 1 35
65 0 54 4 36
77 0 -1 5 37
79 0 189 1 38
80 0 360 5 39
81 0 53 1 40
81 0 71 4 41
81 0 95 4 42
81 0 116 4 43
81 0 132 4 44
81 0 152 1 45
80 0 168 1 46
80 0 214 1 47
81 0 238 1 48
83 0 336 1 49
82 0 263 1 50
83 0 286 1 51
82 0 310 1 52
90 0 220 1 53
90 0 244 1 54
91 0 122 4 55
91 0 138 4 56
91 0 180 1 57
91 0 198 1 58
91 0 266 1 59
92 0 286 1 60
93 0 302 1 61
92 0 107 4 62
92 0 159 1 63
94 0 318 1 64
95 0 40 4 65
100 0 243 1 66
100 0 263 1 67
101 0 283 1 68
98 0 305 1 69
100 0 320 1 70
100 0 180 1 71
101 0 198 1 72
101 0 218 1 73
105 0 -1 4 74
102 0 107 4 75
102 0 120 4 76
102 0 137 4 77
102 0 160 1 78
109 0 25 4 79
107 0 114 4 80
107 0 135 1 81
107 0 158 1 82
107 0 178 1 83
108 0 95 4 84
109 0 198 1 85
108 0 221 1 86
108 0 245 1 87
108 0 267 1 88
108 0 289 1 89
110 0 314 1 90
108 0 342 1 91
109 0 355 1 92
122 0 165 4 93
121 0 205 1 94
120 0 225 1 95
121 0 243 1 96
123 0 4 1 97
122 0 180 1 98
123 0 264 1 99
122 0 287 1 100
122 0 304 1 101
122 0 108 4 102
122 0 119 1 103
122 0 127 4 104
123 0 25 1 105
123 0 40 4 106
123 0 55 4 107
123 0 68 4 108
123 0 83 4 109
123 0 138 1 110
125 0 143 4 111
126 0 119 4 112
126 0 346 5 113
128 0 131 1 114
130 0 117 4 115
132 0 143 4 116
132 0 95 4 117
132 0 106 4 118
133 0 120 1 119
134 0 127 4 120
134 0 114 1 121
136 0 67 4 122
136 0 108 4 123
136 0 134 1 124
138 0 122 4 125
139 0 143 4 126
138 0 329 1 127
139 0 112 4 128
140 0 126 4 129
141 0 104 4 130
141 0 118 1 131
142 0 135 4 132
142 0 167 1 133
144 0 128 4 134
144 0 143 4 135
143 0 181 1 136
145 0 112 4 137
146 0 120 4 138
145 0 225 1 139
146 0 204 1 140
147 0 148 1 141
149 0 311 1 142
149 0 344 1 143
150 0 104 4 144
151 0 122 4 145
152 0 49 4 146
154 0 153 1 147
156 0 94 4 148
156 0 109 1 149
156 0 116 4 150
156 0 123 1 151
157 0 133 4 152
156 0 144 1 153
162 0 324 1 154
162 0 301 1 155
168 0 168 1 156
169 0 180 1 157
170 0 309 1 158
170 0 202 1 159
172 0 48 4 160
173 0 224 1 161
173 0 346 1 162
177 0 95 4 163
177 0 302 1 164
178 0 326 1 165
181 0 132 1 166
183 0 312 1 167
186 0 130 1 168
190 0 115 4 169
190 0 168 1 170
189 0 180 1 171
191 0 48 4 172
191 0 127 4 173
193 0 204 1 174
194 0 224 1 175
194 0 302 1 176
195 0 324 1 177
197 0 95 4 178
197 0 103 4 179
196 0 109 1 180
197 0 112 4 181
197 0 119 1 182
196 0 133 1 183
196 0 143 1 184
197 0 148 1 185
197 0 346 1 186
198 0 125 4 187
199 0 138 1 188
199 0 313 1 189
202 0 122 1 190
203 0 114 1 191
204 0 142 1 192
205 0 127 1 193
206 0 118 4 194
209 0 144 1 195
210 0 46 1 196
210 0 113 4 197
212 0 126 4 198
211 0 312 1 199
213 0 139 1 200
214 0 95 4 201
213 0 347 5 202
216 0 326 1 203
217 0 129 1 204
217 0 135 1 205
216 0 224 1 206
217 0 302 1 207
218 0 204 1 208
220 0 108 4 209
220 0 168 1 210
220 0 180 1 211
221 0 113 4 212
226 0 311 1 213
230 0 47 4 214
231 0 325 1 215
233 0 95 4 216
232 0 302 1 217
235 0 131 1 218
236 0 224 1 219
236 0 346 1 220
239 0 202 1 221
240 0 180 1 222
240 0 313 1 223
241 0 123 1 224
241 0 168 1 225
245 0 116 4 226
247 0 301 1 227
248 0 109 4 228
248 0 327 1 229
250 0 47 4 230
250 0 104 4 231
250 0 122 4 232
250 0 128 4 233
250 0 136 1 234
250 0 144 1 235
252 0 115 4 236
253 0 94 4 237
255 0 137 1 238
256 0 119 4 239
258 0 130 4 240
259 0 113 4 241
260 0 312 1 242
261 0 346 1 243
263 0 118 4 244
263 0 205 1 245
264 0 225 1 246
265 0 114 4 247
266 0 181 1 248
267 0 167 1 249
268 0 125 4 250
268 0 133 4 251
268 0 139 1 252
268 0 147 1 253
269 0 104 4 254
269 0 118 4 255
270 0 112 4 256
271 0 327 1 257
272 0 144 1 258
274 0 108 4 259
273 0 122 1 260
273 0 128 1 261
274 0 135 1 262
275 0 113 1 263
277 0 47 4 264
278 0 95 4 265
278 0 121 1 266
278 0 124 4 267
278 0 144 1 268
279 0 138 4 269
280 0 133 1 270
281 0 111 4 271
284 0 346 5 272
285 0 116 4 273
287 0 112 4 274
288 0 180 1 275
288 0 267 1 276
288 0 288 1 277
288 0 305 1 278
289 0 168 1 279
288 0 205 1 280
289 0 225 1 281
289 0 245 1 282
301 0 46 1 283
301 0 95 4 284
300 0 198 1 285
302 0 221 1 286
300 0 244 1 287
301 0 267 1 288
301 0 289 1 289
300 0 315 1 290
301 0 342 1 291
301 0 357 1 292
302 0 113 4 293
302 0 134 1 294
302 0 156 1 295
302 0 178 1 296
308 0 107 4 297
307 0 121 1 298
307 0 137 1 299
308 0 159 1 300
309 0 178 4 301
309 0 196 1 302
310 0 217 1 303
309 0 82 4 304
310 0 244 1 305
310 0 264 1 306
310 0 285 1 307
310 0 303 1 308
309 0 320 1 309
318 0 107 4 310
318 0 159 1 311
318 0 321 1 312
319 0 122 1 313
319 0 138 4 314
319 0 179 1 315
319 0 197 1 316
318 0 266 1 317
318 0 285 1 318
319 0 303 1 319
320 0 220 1 320
320 0 245 1 321
321 0 47 4 322
321 0 67 4 323
328 0 262 1 324
328 0 286 1 325
328 0 311 1 326
327 0 54 4 327
328 0 71 4 328
328 0 95 4 329
328 0 116 4 330
328 0 133 1 331
329 0 151 1 332
329 0 169 1 333
329 0 214 1 334
329 0 238 1 335
329 0 338 1 336
330 0 189 1 337
329 0 360 5 338
342 0 37 4 339
344 0 54 4 340
356 0 362 5 341
357 0 21 4 342
362 0 53 4 343
370 0 6 5 344
376 0 361 1 345
384 0 52 1 346
394 0 4 5 347
401 0 361 1 348
403 0 54 4 349
418 0 5 5 350
426 0 54 1 351
427 0 359 1 352
440 0 3 5 353
442 0 54 4 354
450 0 201 1 355
448 0 220 1 356
448 0 240 1 357
448 0 255 1 358
449 0 275 1 359
449 0 298 1 360
448 0 314 1 361
449 0 335 1 362
450 0 351 5 363
447 0 359 1 364
448 0 123 4 365
448 0 143 4 366
451 0 164 1 367
451 0 183 1 368
458 0 54 4 369
464 0 124 1 370
463 0 344 1 371
467 0 4 5 372
473 0 53 4 373
474 0 71 4 374
474 0 89 4 375
477 0 105 1 376
475 0 123 4 377
482 0 325 5 378
481 0 40 4 379
486 0 108 4 380
490 0 142 1 381
488 0 5 4 382
491 0 162 1 383
492 0 186 5 384
492 0 215 5 385
491 0 267 1 386
491 0 293 1 387
492 0 311 5 388
493 0 241 5 389
491 0 22 4 390
495 0 87 4 391
508 0 5 5 392
504 0 53 4 393
506 0 77 1 394
509 0 30 5 395
-88 0 -16 5 396
-64 0 -16 5 397
-40 0 -16 5 398
-16 0 -16 5 399
10 0 -15 1 400
33 0 -16 5 401
57 0 -16 5 402
81 0 -16 5 403
105 0 -16 5 404
129 0 -16 5 405
153 0 -16 5 406
177 0 -16 5 407
201 0 -16 5 408
224 0 -16 5 409
247 0 -15 1 410
271 0 -16 5 411
295 0 -16 5 412
319 0 -16 5 413
343 0 -16 5 414
365 0 -15 1 415
390 0 -16 5 416
414 0 -16 5 417
439 0 -16 5 418
461 0 -15 1 419
487 0 -16 5 420
512 0 -16 5 421
524 0 -6 4 422
524 0 17 4 423
528 0 40 5 424
528 0 64 5 425
528 0 88 5 426
528 0 112 5 427
528 0 135 5 428
528 0 159 5 429
528 0 182 5 430
525 0 205 1 431
528 0 230 5 432
525 0 252 1 433
528 0 279 5 434
528 0 303 5 435
528 0 326 5 436
525 0 348 1 437
528 0 375 5 438
505 0 375 5 439
481 0 376 5 440
457 0 376 5 441
433 0 376 5 442
409 0 376 5 443
385 0 376 5 444
361 0 376 5 445
337 0 376 5 446
312 0 376 5 447
288 0 376 5 448
264 0 376 5 449
240 0 376 5 450
217 0 376 5 451
192 0 376 5 452
169 0 376 5 453
145 0 376 5 454
121 0 376 5 455
96 0 376 5 456
72 0 376 5 457
48 0 376 5 458
23 0 376 5 459
1 0 374 1 460
-25 0 376 5 461
-48 0 376 5 462
-72 0 374 5 463
-88 0 367 5 464
-85 0 339 1 465
-88 0 319 5 466
-87 0 294 1 467
-88 0 270 5 468
-88 0 246 5 469
-88 0 222 5 470
-88 0 199 5 471
-88 0 176 5 472
-88 0 152 5 473
-84 0 127 4 474
-88 0 104 5 475
-86 0 80 1 476
-85 0 57 4 477
-84 0 33 4 478
-88 0 8 5 479
