480
58 0 95 4 0
-29 0 114 5 1
-29 0 78 5 2
49 0 91 4 3
-29 0 62 5 4
58 0 104 4 5
-25 0 45 5 6
60 0 80 4 7
14 0 113 1 8
66 0 107 4 9
2 0 139 1 10
-4 0 157 1 11
-6 0 177 1 12
-7 0 195 1 13
-22 0 225 5 14
-22 0 241 5 15
1 0 236 1 16
-22 0 275 5 17
9 0 262 1 18
46 0 226 1 19
-22 0 323 5 20
-22 0 338 5 21
73 0 72 4 22
69 0 80 4 23
6 0 14 5 24
28 0 287 1 25
64 0 76 4 26
107 0 50 4 27
55 0 70 1 28
16 0 347 5 29
53 0 13 5 30
71 0 73 4 31
46 0 347 5 32
87 0 76 4 33
71 0 13 5 34
68 0 306 1 35
87 0 70 4 36
101 0 13 5 37
73 0 182 1 38
93 0 347 5 39
93 0 57 1 40
94 0 77 4 41
87 0 95 4 42
84 0 110 4 43
88 0 113 4 44
86 0 144 1 45
80 0 157 1 46
78 0 207 1 47
82 0 223 1 48
129 0 272 1 49
96 0 243 1 50
119 0 246 1 51
85 0 299 1 52
102 0 213 1 53
91 0 232 1 54
94 0 112 4 55
97 0 113 4 56
98 0 170 1 57
97 0 190 1 58
107 0 250 1 59
116 0 260 1 60
160 0 224 1 61
94 0 103 4 62
95 0 139 1 63
140 0 255 1 64
134 0 59 4 65
132 0 210 1 66
145 0 215 1 67
154 0 219 1 68
98 0 304 1 69
136 0 275 1 70
100 0 178 1 71
102 0 200 1 72
110 0 215 1 73
173 0 37 4 74
102 0 102 4 75
105 0 109 4 76
109 0 119 4 77
105 0 155 1 78
164 0 47 4 79
108 0 111 4 80
109 0 125 1 81
110 0 147 1 82
117 0 144 1 83
108 0 96 4 84
150 0 186 1 85
110 0 221 1 86
117 0 235 1 87
125 0 248 1 88
128 0 265 1 89
160 0 254 1 90
117 0 319 1 91
147 0 287 1 92
179 0 87 4 93
145 0 193 1 94
129 0 216 1 95
159 0 202 1 96
168 0 27 1 97
149 0 175 1 98
172 0 207 1 99
165 0 230 1 100
151 0 268 1 101
133 0 86 4 102
122 0 116 1 103
141 0 82 4 104
146 0 36 1 105
144 0 56 4 106
134 0 60 4 107
132 0 69 4 108
132 0 76 4 109
126 0 128 1 110
172 0 80 4 111
143 0 84 4 112
127 0 343 5 113
134 0 121 1 114
142 0 89 4 115
173 0 86 4 116
138 0 79 4 117
141 0 84 4 118
145 0 108 1 119
172 0 78 4 120
136 0 111 1 121
140 0 69 4 122
145 0 90 4 123
151 0 114 1 124
178 0 72 4 125
174 0 95 4 126
144 0 322 1 127
148 0 97 4 128
169 0 87 4 129
147 0 92 4 130
144 0 113 1 131
184 0 76 4 132
155 0 166 1 133
180 0 78 4 134
181 0 88 4 135
152 0 181 1 136
168 0 79 4 137
173 0 83 4 138
154 0 215 1 139
166 0 188 1 140
165 0 118 1 141
165 0 270 1 142
169 0 287 1 143
173 0 75 4 144
177 0 84 4 145
171 0 56 4 146
179 0 143 1 147
176 0 67 4 148
160 0 102 1 149
179 0 86 4 150
169 0 104 1 151
190 0 80 4 152
174 0 117 1 153
196 0 216 1 154
175 0 267 1 155
175 0 166 1 156
174 0 175 1 157
200 0 207 1 158
184 0 187 1 159
182 0 51 4 160
191 0 198 1 161
174 0 330 1 162
192 0 74 4 163
185 0 267 1 164
193 0 257 1 165
187 0 103 1 166
189 0 281 1 167
187 0 114 1 168
196 0 82 4 169
192 0 167 1 170
189 0 177 1 171
194 0 51 4 172
198 0 91 4 173
194 0 201 1 174
202 0 198 1 175
197 0 267 1 176
202 0 239 1 177
199 0 80 4 178
200 0 88 4 179
196 0 109 1 180
203 0 72 4 181
200 0 100 1 182
196 0 132 1 183
195 0 146 1 184
201 0 151 1 185
203 0 332 1 186
220 0 79 4 187
205 0 131 1 188
203 0 283 1 189
211 0 100 1 190
204 0 110 1 191
210 0 153 1 192
213 0 113 1 193
220 0 86 4 194
216 0 155 1 195
213 0 35 1 196
224 0 81 4 197
227 0 81 4 198
210 0 270 1 199
222 0 104 1 200
226 0 69 4 201
208 0 344 5 202
219 0 286 1 203
217 0 127 1 204
223 0 114 1 205
211 0 205 1 206
220 0 251 1 207
220 0 200 1 208
229 0 80 4 209
223 0 165 1 210
214 0 170 1 211
229 0 87 4 212
222 0 270 1 213
233 0 49 4 214
229 0 239 1 215
233 0 80 4 216
232 0 267 1 217
232 0 128 1 218
230 0 205 1 219
233 0 333 1 220
234 0 191 1 221
234 0 179 1 222
236 0 283 1 223
238 0 112 1 224
233 0 171 1 225
239 0 87 4 226
242 0 250 1 227
237 0 68 4 228
244 0 273 1 229
247 0 50 4 230
241 0 72 4 231
237 0 74 4 232
237 0 79 4 233
241 0 104 1 234
247 0 132 1 235
243 0 84 4 236
247 0 80 4 237
250 0 115 1 238
242 0 71 4 239
244 0 84 4 240
247 0 81 4 241
253 0 281 1 242
261 0 330 1 243
247 0 74 4 244
257 0 196 1 245
257 0 215 1 246
252 0 80 4 247
262 0 179 1 248
258 0 161 1 249
254 0 89 4 250
248 0 82 4 251
255 0 104 1 252
262 0 135 1 253
254 0 74 4 254
251 0 77 4 255
251 0 70 4 256
257 0 273 1 257
262 0 117 1 258
274 0 85 4 259
271 0 112 1 260
264 0 104 1 261
274 0 134 1 262
275 0 102 1 263
256 0 52 4 264
278 0 83 4 265
278 0 111 1 266
279 0 84 4 267
284 0 141 1 268
282 0 93 4 269
283 0 113 1 270
283 0 82 4 271
284 0 343 5 272
286 0 87 4 273
291 0 90 4 274
272 0 164 1 275
280 0 259 1 276
269 0 248 1 277
269 0 278 1 278
282 0 161 1 279
265 0 190 1 280
282 0 215 1 281
286 0 237 1 282
299 0 43 1 283
298 0 91 4 284
272 0 177 1 285
304 0 214 1 286
265 0 211 1 287
298 0 255 1 288
293 0 270 1 289
275 0 270 1 290
298 0 324 1 291
284 0 331 1 292
296 0 93 4 293
296 0 112 1 294
296 0 122 1 295
293 0 158 1 296
314 0 98 4 297
307 0 113 1 298
304 0 123 1 299
311 0 133 1 300
318 0 123 4 301
323 0 155 1 302
334 0 198 1 303
296 0 79 4 304
310 0 237 1 305
308 0 250 1 306
305 0 264 1 307
294 0 268 1 308
286 0 279 1 309
320 0 99 4 310
321 0 139 1 311
318 0 313 1 312
319 0 118 1 313
323 0 116 4 314
330 0 157 1 315
335 0 176 1 316
318 0 254 1 317
317 0 249 1 318
326 0 259 1 319
325 0 214 1 320
323 0 234 1 321
305 0 58 4 322
302 0 72 4 323
334 0 224 1 324
339 0 248 1 325
331 0 308 1 326
302 0 66 4 327
306 0 74 4 328
326 0 96 4 329
328 0 108 4 330
328 0 123 1 331
336 0 134 1 332
335 0 163 1 333
336 0 204 1 334
331 0 225 1 335
339 0 310 1 336
339 0 182 1 337
319 0 347 5 338
309 0 59 4 339
304 0 69 4 340
349 0 347 5 341
304 0 61 4 342
340 0 70 4 343
350 0 15 5 344
361 0 311 1 345
365 0 62 1 346
367 0 14 5 347
376 0 306 1 348
358 0 73 4 349
397 0 15 5 350
384 0 69 1 351
390 0 299 1 352
414 0 14 5 353
372 0 77 4 354
440 0 193 1 355
386 0 175 1 356
388 0 193 1 357
388 0 206 1 358
424 0 251 1 359
417 0 265 1 360
381 0 240 1 361
404 0 287 1 362
443 0 344 5 363
374 0 258 1 364
367 0 107 4 365
358 0 111 4 366
438 0 161 1 367
440 0 178 1 368
364 0 83 4 369
427 0 117 1 370
414 0 284 1 371
444 0 14 5 372
377 0 80 4 373
372 0 87 4 374
364 0 95 4 375
421 0 102 1 376
370 0 105 4 377
463 0 303 5 378
367 0 78 4 379
370 0 100 4 380
439 0 131 1 381
370 0 62 4 382
446 0 148 1 383
465 0 175 5 384
465 0 204 5 385
445 0 227 1 386
440 0 245 1 387
465 0 287 5 388
465 0 223 5 389
377 0 69 4 390
375 0 94 4 391
469 0 24 5 392
387 0 80 4 393
417 0 84 1 394
469 0 42 5 395
-34 0 10 5 396
-16 0 10 5 397
14 0 10 5 398
31 0 10 5 399
97 0 33 1 400
79 0 10 5 401
109 0 10 5 402
126 0 10 5 403
144 0 10 5 404
161 0 10 5 405
179 0 10 5 406
197 0 10 5 407
214 0 10 5 408
231 0 10 5 409
242 0 20 1 410
254 0 10 5 411
272 0 10 5 412
290 0 10 5 413
307 0 10 5 414
292 0 23 1 415
331 0 10 5 416
348 0 10 5 417
390 0 10 5 418
359 0 35 1 419
437 0 10 5 420
467 0 10 5 421
378 0 62 4 422
383 0 71 4 423
474 0 56 5 424
474 0 74 5 425
474 0 91 5 426
474 0 109 5 427
474 0 127 5 428
474 0 144 5 429
474 0 162 5 430
391 0 154 1 431
474 0 196 5 432
400 0 174 1 433
474 0 244 5 434
474 0 261 5 435
474 0 279 5 436
405 0 238 1 437
474 0 326 5 438
468 0 338 5 439
462 0 350 5 440
433 0 350 5 441
415 0 350 5 442
397 0 350 5 443
380 0 350 5 444
362 0 350 5 445
332 0 350 5 446
303 0 350 5 447
273 0 350 5 448
255 0 350 5 449
238 0 350 5 450
220 0 350 5 451
191 0 350 5 452
174 0 350 5 453
156 0 350 5 454
138 0 350 5 455
109 0 350 5 456
79 0 350 5 457
61 0 350 5 458
31 0 350 5 459
47 0 304 1 460
-4 0 350 5 461
-22 0 350 5 462
-30 0 317 5 463
-34 0 303 5 464
36 0 206 1 465
-34 0 268 5 466
-16 0 226 1 467
-34 0 220 5 468
-34 0 203 5 469
-34 0 185 5 470
-34 0 168 5 471
-34 0 151 5 472
-34 0 133 5 473
58 0 102 4 474
-34 0 98 5 475
16 0 87 1 476
47 0 80 4 477
50 0 71 4 478
-34 0 27 5 479
