480
74 0 94 4 0
-24 0 113 5 1
-24 0 79 5 2
64 0 91 4 3
-24 0 63 5 4
72 0 101 4 5
-22 0 47 5 6
74 0 84 4 7
21 0 111 1 8
79 0 103 4 9
8 0 136 1 10
1 0 154 1 11
-2 0 174 1 12
-3 0 191 1 13
-20 0 223 5 14
-20 0 239 5 15
6 0 232 1 16
-20 0 272 5 17
16 0 255 1 18
57 0 212 1 19
-20 0 320 5 20
-20 0 335 5 21
87 0 79 4 22
82 0 83 4 23
10 0 15 5 24
34 0 278 1 25
74 0 78 4 26
120 0 56 4 27
61 0 72 1 28
17 0 345 5 29
57 0 15 5 30
76 0 76 4 31
47 0 345 5 32
92 0 79 4 33
74 0 15 5 34
70 0 299 1 35
90 0 72 4 36
104 0 15 5 37
73 0 181 1 38
94 0 345 5 39
94 0 58 1 40
95 0 77 4 41
87 0 95 4 42
85 0 110 4 43
89 0 110 4 44
87 0 143 1 45
80 0 156 1 46
78 0 207 1 47
82 0 221 1 48
135 0 263 1 49
98 0 240 1 50
124 0 241 1 51
85 0 298 1 52
103 0 212 1 53
91 0 231 1 54
95 0 111 4 55
97 0 110 4 56
99 0 169 1 57
98 0 189 1 58
110 0 248 1 59
119 0 256 1 60
168 0 214 1 61
94 0 102 4 62
96 0 136 1 63
146 0 247 1 64
139 0 61 4 65
137 0 206 1 66
151 0 208 1 67
161 0 210 1 68
98 0 304 1 69
141 0 270 1 70
100 0 178 1 71
102 0 200 1 72
111 0 214 1 73
182 0 41 4 74
102 0 101 4 75
105 0 108 4 76
110 0 117 4 77
105 0 154 1 78
171 0 50 4 79
108 0 110 4 80
109 0 123 1 81
110 0 145 1 82
119 0 140 1 83
108 0 96 4 84
155 0 185 1 85
110 0 221 1 86
118 0 234 1 87
127 0 246 1 88
131 0 262 1 89
166 0 247 1 90
119 0 316 1 91
152 0 278 1 92
186 0 77 4 93
148 0 192 1 94
131 0 215 1 95
164 0 196 1 96
174 0 30 1 97
152 0 175 1 98
178 0 200 1 99
171 0 223 1 100
155 0 263 1 101
134 0 84 4 102
122 0 116 1 103
144 0 77 4 104
148 0 38 1 105
147 0 58 4 106
135 0 61 4 107
134 0 69 4 108
133 0 76 4 109
127 0 126 1 110
179 0 72 4 111
145 0 79 4 112
128 0 343 5 113
135 0 120 1 114
143 0 86 4 115
178 0 79 4 116
139 0 77 4 117
143 0 81 4 118
146 0 106 1 119
177 0 72 4 120
136 0 110 1 121
141 0 69 4 122
146 0 88 4 123
153 0 111 1 124
183 0 66 4 125
179 0 89 4 126
144 0 321 1 127
150 0 95 4 128
173 0 82 4 129
148 0 91 4 130
145 0 112 1 131
189 0 68 4 132
157 0 166 1 133
185 0 72 4 134
186 0 81 4 135
153 0 181 1 136
171 0 75 4 137
176 0 78 4 138
155 0 214 1 139
169 0 186 1 140
167 0 114 1 141
167 0 264 1 142
172 0 280 1 143
175 0 71 4 144
181 0 79 4 145
174 0 57 4 146
182 0 142 1 147
179 0 63 4 148
161 0 102 1 149
181 0 82 4 150
171 0 101 1 151
194 0 73 4 152
176 0 113 1 153
200 0 202 1 154
176 0 263 1 155
176 0 166 1 156
175 0 175 1 157
204 0 193 1 158
186 0 185 1 159
184 0 51 4 160
193 0 194 1 161
174 0 328 1 162
194 0 71 4 163
186 0 263 1 164
195 0 248 1 165
187 0 99 1 166
189 0 277 1 167
187 0 112 1 168
197 0 78 4 169
192 0 167 1 170
189 0 176 1 171
195 0 52 4 172
199 0 86 4 173
194 0 200 1 174
203 0 194 1 175
198 0 263 1 176
203 0 228 1 177
199 0 78 4 178
200 0 86 4 179
196 0 109 1 180
203 0 67 4 181
201 0 97 1 182
196 0 132 1 183
195 0 146 1 184
202 0 151 1 185
203 0 330 1 186
222 0 73 4 187
206 0 130 1 188
204 0 279 1 189
213 0 97 1 190
204 0 109 1 191
210 0 155 1 192
214 0 111 1 193
222 0 81 4 194
217 0 156 1 195
214 0 34 1 196
226 0 77 4 197
230 0 76 4 198
210 0 264 1 199
224 0 99 1 200
227 0 66 4 201
207 0 343 5 202
219 0 281 1 203
217 0 127 1 204
224 0 111 1 205
210 0 202 1 206
220 0 244 1 207
220 0 199 1 208
231 0 77 4 209
223 0 165 1 210
214 0 169 1 211
230 0 84 4 212
221 0 264 1 213
233 0 49 4 214
229 0 228 1 215
233 0 78 4 216
232 0 263 1 217
232 0 128 1 218
229 0 202 1 219
233 0 331 1 220
233 0 190 1 221
233 0 179 1 222
235 0 279 1 223
238 0 111 1 224
232 0 171 1 225
238 0 83 4 226
241 0 244 1 227
236 0 62 4 228
243 0 266 1 229
246 0 51 4 230
239 0 68 4 231
236 0 67 4 232
236 0 73 4 233
240 0 99 1 234
246 0 131 1 235
242 0 80 4 236
247 0 78 4 237
249 0 113 1 238
240 0 65 4 239
242 0 78 4 240
246 0 77 4 241
252 0 277 1 242
261 0 328 1 243
244 0 69 4 244
257 0 195 1 245
256 0 214 1 246
250 0 76 4 247
261 0 178 1 248
256 0 161 1 249
252 0 84 4 250
245 0 75 4 251
253 0 100 1 252
261 0 133 1 253
252 0 70 4 254
249 0 72 4 255
249 0 64 4 256
255 0 266 1 257
260 0 113 1 258
274 0 82 4 259
271 0 110 1 260
263 0 101 1 261
274 0 134 1 262
275 0 100 1 263
253 0 53 4 264
278 0 81 4 265
278 0 110 1 266
279 0 79 4 267
285 0 141 1 268
282 0 87 4 269
283 0 110 1 270
283 0 79 4 271
284 0 343 5 272
286 0 83 4 273
292 0 87 4 274
269 0 162 1 275
279 0 258 1 276
266 0 243 1 277
267 0 274 1 278
281 0 160 1 279
262 0 188 1 280
281 0 214 1 281
285 0 236 1 282
299 0 42 1 283
297 0 90 4 284
269 0 174 1 285
304 0 214 1 286
260 0 207 1 287
298 0 254 1 288
292 0 267 1 289
271 0 265 1 290
297 0 322 1 291
282 0 327 1 292
295 0 90 4 293
295 0 109 1 294
295 0 118 1 295
291 0 155 1 296
315 0 97 4 297
307 0 112 1 298
304 0 121 1 299
312 0 130 1 300
319 0 116 4 301
325 0 149 1 302
337 0 195 1 303
295 0 79 4 304
310 0 236 1 305
308 0 248 1 306
304 0 261 1 307
291 0 263 1 308
283 0 273 1 309
320 0 98 4 310
321 0 136 1 311
318 0 312 1 312
319 0 117 1 313
324 0 114 4 314
331 0 155 1 315
337 0 174 1 316
318 0 253 1 317
317 0 244 1 318
327 0 254 1 319
326 0 214 1 320
323 0 232 1 321
302 0 59 4 322
299 0 73 4 323
334 0 219 1 324
340 0 243 1 325
331 0 308 1 326
299 0 67 4 327
303 0 74 4 328
326 0 96 4 329
328 0 107 4 330
328 0 122 1 331
337 0 132 1 332
336 0 163 1 333
337 0 202 1 334
331 0 223 1 335
341 0 307 1 336
340 0 181 1 337
317 0 345 5 338
305 0 62 4 339
299 0 71 4 340
348 0 345 5 341
297 0 66 4 342
337 0 72 4 343
347 0 16 5 344
359 0 305 1 345
362 0 64 1 346
364 0 16 5 347
373 0 299 1 348
352 0 76 4 349
394 0 16 5 350
379 0 71 1 351
385 0 292 1 352
411 0 16 5 353
363 0 80 4 354
438 0 192 1 355
378 0 169 1 356
381 0 187 1 357
381 0 200 1 358
420 0 248 1 359
413 0 261 1 360
373 0 230 1 361
398 0 280 1 362
442 0 344 5 363
365 0 245 1 364
356 0 105 4 365
347 0 107 4 366
437 0 160 1 367
439 0 178 1 368
352 0 86 4 369
422 0 116 1 370
408 0 276 1 371
441 0 16 5 372
364 0 84 4 373
358 0 89 4 374
350 0 95 4 375
414 0 101 1 376
357 0 103 4 377
460 0 300 5 378
352 0 83 4 379
355 0 99 4 380
433 0 129 1 381
354 0 69 4 382
440 0 146 1 383
462 0 173 5 384
462 0 203 5 385
439 0 222 1 386
433 0 238 1 387
462 0 284 5 388
462 0 220 5 389
363 0 75 4 390
360 0 94 4 391
464 0 26 5 392
372 0 84 4 393
406 0 85 1 394
464 0 43 5 395
-27 0 13 5 396
-10 0 13 5 397
21 0 13 5 398
38 0 13 5 399
108 0 40 1 400
85 0 13 5 401
115 0 13 5 402
132 0 13 5 403
149 0 13 5 404
166 0 13 5 405
183 0 13 5 406
199 0 13 5 407
216 0 13 5 408
232 0 13 5 409
241 0 25 1 410
252 0 13 5 411
269 0 13 5 412
286 0 13 5 413
303 0 13 5 414
282 0 27 1 415
323 0 13 5 416
340 0 13 5 417
384 0 13 5 418
345 0 41 1 419
431 0 13 5 420
461 0 13 5 421
359 0 71 4 422
365 0 78 4 423
467 0 58 5 424
467 0 75 5 425
467 0 92 5 426
467 0 109 5 427
467 0 126 5 428
467 0 142 5 429
467 0 159 5 430
374 0 147 1 431
467 0 192 5 432
384 0 163 1 433
467 0 239 5 434
467 0 256 5 435
467 0 273 5 436
390 0 224 1 437
467 0 320 5 438
463 0 334 5 439
460 0 347 5 440
430 0 347 5 441
413 0 347 5 442
396 0 347 5 443
379 0 347 5 444
362 0 347 5 445
332 0 347 5 446
301 0 347 5 447
271 0 347 5 448
254 0 347 5 449
237 0 347 5 450
220 0 347 5 451
191 0 347 5 452
174 0 347 5 453
157 0 347 5 454
141 0 347 5 455
110 0 347 5 456
80 0 347 5 457
63 0 347 5 458
32 0 347 5 459
53 0 294 1 460
-1 0 347 5 461
-18 0 347 5 462
-24 0 309 5 463
-27 0 295 5 464
51 0 189 1 465
-27 0 261 5 466
-7 0 217 1 467
-27 0 214 5 468
-27 0 197 5 469
-27 0 180 5 470
-27 0 164 5 471
-27 0 148 5 472
-27 0 131 5 473
76 0 98 4 474
-27 0 97 5 475
30 0 88 1 476
64 0 83 4 477
68 0 76 4 478
-27 0 30 5 479
