480
-30 0 102 4 0
-57 0 121 5 1
-57 0 72 5 2
-32 0 90 4 3
-56 0 55 5 4
-20 0 118 4 5
-45 0 38 5 6
-18 0 62 4 7
-25 0 120 1 8
-8 0 132 4 9
-28 0 156 1 10
-30 0 176 1 11
-30 0 193 1 12
-31 0 213 1 13
-35 0 237 5 14
-35 0 252 5 15
-28 0 264 1 16
-35 0 291 5 17
-25 0 300 1 18
-14 0 302 1 19
-35 0 342 5 20
-35 0 355 5 21
-2 0 35 4 22
-3 0 61 4 23
-13 0 5 5 24
-4 0 338 1 25
7 0 60 4 26
33 0 15 4 27
20 0 58 1 28
9 0 358 5 29
34 0 3 5 30
39 0 59 4 31
37 0 358 5 32
59 0 60 4 33
56 0 3 5 34
57 0 345 1 35
71 0 58 4 36
84 0 3 5 37
78 0 187 1 38
84 0 357 5 39
84 0 54 1 40
85 0 73 4 41
82 0 95 4 42
82 0 114 4 43
83 0 127 4 44
82 0 149 1 45
80 0 165 1 46
80 0 212 1 47
81 0 234 1 48
96 0 318 1 49
86 0 257 1 50
93 0 275 1 51
82 0 307 1 52
93 0 218 1 53
90 0 241 1 54
92 0 119 4 55
92 0 131 4 56
93 0 177 1 57
93 0 195 1 58
96 0 262 1 59
99 0 278 1 60
112 0 279 1 61
92 0 106 4 62
93 0 153 1 63
107 0 300 1 64
106 0 45 4 65
109 0 233 1 66
113 0 249 1 67
116 0 265 1 68
98 0 305 1 69
110 0 307 1 70
100 0 179 1 71
101 0 199 1 72
103 0 217 1 73
124 0 9 4 74
102 0 105 4 75
102 0 117 4 76
104 0 132 4 77
102 0 158 1 78
125 0 31 4 79
107 0 113 4 80
107 0 132 1 81
107 0 154 1 82
110 0 168 1 83
108 0 95 4 84
121 0 195 1 85
108 0 221 1 86
110 0 242 1 87
113 0 262 1 88
114 0 282 1 89
124 0 297 1 90
111 0 335 1 91
120 0 336 1 92
138 0 142 4 93
128 0 202 1 94
123 0 222 1 95
132 0 231 1 96
136 0 11 1 97
129 0 179 1 98
137 0 248 1 99
135 0 271 1 100
130 0 294 1 101
125 0 102 4 102
122 0 118 1 103
128 0 114 4 104
130 0 29 1 105
129 0 44 4 106
126 0 57 4 107
126 0 68 4 108
125 0 81 4 109
124 0 135 1 110
138 0 125 4 111
131 0 109 4 112
126 0 345 5 113
130 0 128 1 114
133 0 109 4 115
144 0 127 4 116
134 0 91 4 117
135 0 100 4 118
136 0 117 1 119
145 0 113 4 120
134 0 113 1 121
137 0 68 4 122
138 0 103 4 123
140 0 128 1 124
150 0 108 4 125
149 0 129 4 126
139 0 327 1 127
142 0 108 4 128
148 0 115 4 129
143 0 101 4 130
142 0 116 1 131
154 0 118 4 132
146 0 167 1 133
154 0 114 4 134
155 0 127 4 135
145 0 181 1 136
151 0 102 4 137
153 0 110 4 138
147 0 222 1 139
152 0 200 1 140
152 0 139 1 141
154 0 299 1 142
155 0 328 1 143
157 0 95 4 144
158 0 111 4 145
158 0 51 4 146
161 0 150 1 147
162 0 86 4 148
157 0 107 1 149
163 0 107 4 150
160 0 118 1 151
166 0 118 4 152
161 0 136 1 153
172 0 293 1 154
166 0 292 1 155
170 0 167 1 156
170 0 179 1 157
178 0 280 1 158
174 0 198 1 159
175 0 49 4 160
178 0 216 1 161
173 0 342 1 162
181 0 89 4 163
179 0 292 1 164
182 0 306 1 165
182 0 123 1 166
184 0 303 1 167
186 0 126 1 168
192 0 105 4 169
190 0 168 1 170
189 0 179 1 171
192 0 49 4 172
193 0 117 4 173
193 0 203 1 174
196 0 216 1 175
195 0 292 1 176
197 0 300 1 177
197 0 91 4 178
197 0 99 4 179
196 0 109 1 180
198 0 101 4 181
198 0 114 1 182
196 0 133 1 183
196 0 144 1 184
198 0 149 1 185
198 0 342 1 186
205 0 112 4 187
201 0 136 1 188
200 0 304 1 189
205 0 116 1 190
203 0 113 1 191
205 0 146 1 192
207 0 123 1 193
210 0 108 4 194
211 0 147 1 195
211 0 43 1 196
214 0 104 4 197
217 0 113 4 198
211 0 300 1 199
216 0 129 1 200
218 0 88 4 201
212 0 346 5 202
216 0 315 1 203
217 0 128 1 204
219 0 129 1 205
215 0 219 1 206
217 0 287 1 207
218 0 203 1 208
222 0 100 4 209
220 0 167 1 210
219 0 177 1 211
223 0 106 4 212
225 0 299 1 213
230 0 48 4 214
231 0 301 1 215
233 0 91 4 216
232 0 292 1 217
235 0 130 1 218
234 0 219 1 219
236 0 343 1 220
238 0 199 1 221
238 0 180 1 222
239 0 304 1 223
241 0 120 1 224
239 0 169 1 225
243 0 107 4 226
246 0 286 1 227
245 0 97 4 228
247 0 311 1 229
249 0 48 4 230
247 0 95 4 231
246 0 108 4 232
246 0 114 4 233
248 0 126 1 234
249 0 141 1 235
250 0 106 4 236
252 0 90 4 237
254 0 131 1 238
252 0 105 4 239
254 0 117 4 240
256 0 104 4 241
258 0 303 1 242
261 0 342 1 243
258 0 106 4 244
262 0 202 1 245
262 0 222 1 246
261 0 104 4 247
265 0 180 1 248
264 0 165 1 249
264 0 115 4 250
262 0 118 4 251
264 0 129 1 252
266 0 144 1 253
265 0 95 4 254
264 0 107 4 255
264 0 100 4 256
267 0 311 1 257
269 0 136 1 258
274 0 101 4 259
273 0 119 1 260
271 0 121 1 261
274 0 135 1 262
275 0 109 1 263
271 0 49 4 264
278 0 92 4 265
278 0 118 1 266
278 0 113 4 267
280 0 143 1 268
279 0 125 4 269
280 0 127 1 270
281 0 103 4 271
284 0 345 5 272
285 0 107 4 273
288 0 106 4 274
283 0 176 1 275
286 0 264 1 276
282 0 277 1 277
282 0 297 1 278
287 0 166 1 279
282 0 201 1 280
287 0 222 1 281
288 0 242 1 282
301 0 45 1 283
300 0 94 4 284
292 0 192 1 285
302 0 219 1 286
290 0 234 1 287
301 0 264 1 288
299 0 284 1 289
293 0 302 1 290
300 0 337 1 291
296 0 349 1 292
300 0 107 4 293
300 0 128 1 294
300 0 147 1 295
299 0 172 1 296
310 0 104 4 297
307 0 118 1 298
307 0 133 1 299
309 0 152 1 300
311 0 162 4 301
313 0 184 1 302
317 0 212 1 303
305 0 81 4 304
310 0 242 1 305
310 0 260 1 306
309 0 279 1 307
305 0 293 1 308
303 0 308 1 309
318 0 104 4 310
318 0 153 1 311
318 0 318 1 312
319 0 121 1 313
320 0 132 4 314
322 0 173 1 315
324 0 191 1 316
318 0 263 1 317
318 0 275 1 318
321 0 291 1 319
321 0 218 1 320
320 0 241 1 321
316 0 50 4 322
315 0 69 4 323
329 0 251 1 324
331 0 275 1 325
328 0 310 1 326
320 0 57 4 327
321 0 72 4 328
328 0 95 4 329
328 0 113 4 330
328 0 130 1 331
331 0 146 1 332
331 0 167 1 333
331 0 211 1 334
329 0 235 1 335
332 0 330 1 336
332 0 187 1 337
326 0 357 5 338
333 0 43 4 339
332 0 58 4 340
354 0 358 5 341
342 0 32 4 342
356 0 58 4 343
364 0 9 5 344
372 0 347 1 345
378 0 55 1 346
387 0 7 5 347
394 0 345 1 348
390 0 59 4 349
412 0 8 5 350
414 0 58 1 351
416 0 342 1 352
433 0 7 5 353
422 0 61 4 354
447 0 198 1 355
430 0 207 1 356
431 0 227 1 357
431 0 241 1 358
442 0 268 1 359
440 0 288 1 360
429 0 293 1 361
436 0 321 1 362
448 0 349 5 363
426 0 330 1 364
425 0 119 4 365
422 0 134 4 366
447 0 163 1 367
448 0 181 1 368
431 0 62 4 369
453 0 122 1 370
449 0 327 1 371
460 0 7 5 372
446 0 61 4 373
445 0 75 4 374
442 0 91 4 375
461 0 104 1 376
445 0 118 4 377
476 0 319 5 378
449 0 51 4 379
453 0 105 4 380
476 0 138 1 381
454 0 21 4 382
478 0 158 1 383
485 0 183 5 384
485 0 212 5 385
478 0 256 1 386
477 0 279 1 387
485 0 304 5 388
485 0 236 5 389
459 0 35 4 390
461 0 89 4 391
497 0 10 5 392
471 0 61 4 393
480 0 79 1 394
497 0 33 5 395
-73 0 -9 5 396
-50 0 -9 5 397
-24 0 -9 5 398
-2 0 -9 5 399
35 0 -1 1 400
46 0 -9 5 401
72 0 -9 5 402
94 0 -9 5 403
116 0 -9 5 404
138 0 -9 5 405
160 0 -9 5 406
182 0 -9 5 407
205 0 -9 5 408
226 0 -9 5 409
246 0 -5 1 410
266 0 -9 5 411
288 0 -9 5 412
311 0 -9 5 413
333 0 -9 5 414
344 0 -5 1 415
373 0 -9 5 416
395 0 -9 5 417
425 0 -9 5 418
432 0 -1 1 419
473 0 -9 5 420
499 0 -9 5 421
482 0 13 4 422
484 0 32 4 423
513 0 44 5 424
513 0 67 5 425
513 0 89 5 426
513 0 111 5 427
513 0 133 5 428
513 0 155 5 429
513 0 177 5 430
487 0 190 1 431
513 0 221 5 432
489 0 230 1 433
513 0 269 5 434
513 0 291 5 435
513 0 313 5 436
491 0 317 1 437
513 0 361 5 438
494 0 365 5 439
476 0 369 5 440
450 0 369 5 441
428 0 369 5 442
406 0 369 5 443
383 0 369 5 444
361 0 369 5 445
335 0 369 5 446
309 0 369 5 447
283 0 369 5 448
261 0 369 5 449
239 0 369 5 450
218 0 369 5 451
192 0 369 5 452
170 0 369 5 453
148 0 369 5 454
126 0 369 5 455
100 0 369 5 456
74 0 369 5 457
52 0 369 5 458
26 0 369 5 459
14 0 354 1 460
-19 0 369 5 461
-41 0 369 5 462
-60 0 358 5 463
-73 0 348 5 464
-51 0 301 1 465
-73 0 304 5 466
-67 0 274 1 467
-73 0 256 5 468
-73 0 234 5 469
-73 0 212 5 470
-73 0 190 5 471
-73 0 169 5 472
-73 0 146 5 473
-44 0 120 4 474
-73 0 102 5 475
-57 0 82 1 476
-47 0 63 4 477
-46 0 44 4 478
-73 0 14 5 479
