480
63 0 95 4 0
-27 0 114 5 1
-27 0 78 5 2
54 0 91 4 3
-27 0 62 5 4
63 0 103 4 5
-24 0 46 5 6
65 0 81 4 7
16 0 112 1 8
71 0 106 4 9
4 0 138 1 10
-2 0 156 1 11
-5 0 176 1 12
-5 0 194 1 13
-21 0 225 5 14
-21 0 240 5 15
3 0 235 1 16
-21 0 274 5 17
11 0 260 1 18
50 0 221 1 19
-21 0 322 5 20
-21 0 337 5 21
78 0 75 4 22
73 0 81 4 23
7 0 14 5 24
30 0 284 1 25
67 0 77 4 26
112 0 52 4 27
57 0 70 1 28
16 0 347 5 29
55 0 14 5 30
73 0 74 4 31
46 0 347 5 32
89 0 77 4 33
72 0 14 5 34
69 0 303 1 35
88 0 71 4 36
102 0 14 5 37
73 0 181 1 38
93 0 346 5 39
93 0 57 1 40
94 0 77 4 41
87 0 95 4 42
85 0 110 4 43
89 0 112 4 44
86 0 144 1 45
80 0 157 1 46
78 0 207 1 47
82 0 223 1 48
131 0 269 1 49
97 0 242 1 50
121 0 244 1 51
85 0 299 1 52
102 0 212 1 53
91 0 232 1 54
95 0 112 4 55
97 0 112 4 56
99 0 170 1 57
98 0 190 1 58
108 0 250 1 59
117 0 259 1 60
163 0 220 1 61
94 0 103 4 62
96 0 138 1 63
142 0 252 1 64
136 0 59 4 65
134 0 208 1 66
147 0 212 1 67
156 0 216 1 68
98 0 304 1 69
138 0 273 1 70
100 0 178 1 71
102 0 200 1 72
110 0 214 1 73
176 0 38 4 74
102 0 102 4 75
105 0 109 4 76
110 0 118 4 77
105 0 155 1 78
167 0 48 4 79
108 0 110 4 80
109 0 124 1 81
110 0 146 1 82
118 0 143 1 83
108 0 96 4 84
152 0 186 1 85
110 0 221 1 86
117 0 235 1 87
126 0 248 1 88
129 0 264 1 89
162 0 252 1 90
118 0 318 1 91
149 0 284 1 92
181 0 83 4 93
146 0 193 1 94
130 0 216 1 95
161 0 200 1 96
170 0 28 1 97
150 0 175 1 98
174 0 205 1 99
167 0 228 1 100
153 0 266 1 101
134 0 85 4 102
122 0 116 1 103
142 0 80 4 104
147 0 37 1 105
145 0 57 4 106
135 0 60 4 107
133 0 69 4 108
132 0 76 4 109
127 0 127 1 110
175 0 77 4 111
144 0 82 4 112
128 0 343 5 113
135 0 121 1 114
142 0 88 4 115
175 0 84 4 116
139 0 79 4 117
142 0 83 4 118
145 0 107 1 119
173 0 76 4 120
136 0 110 1 121
140 0 69 4 122
145 0 89 4 123
152 0 113 1 124
180 0 70 4 125
176 0 93 4 126
144 0 321 1 127
149 0 97 4 128
171 0 85 4 129
148 0 92 4 130
145 0 113 1 131
185 0 73 4 132
156 0 166 1 133
182 0 76 4 134
183 0 86 4 135
152 0 181 1 136
169 0 77 4 137
174 0 81 4 138
154 0 215 1 139
167 0 187 1 140
166 0 117 1 141
165 0 268 1 142
170 0 285 1 143
174 0 73 4 144
178 0 83 4 145
172 0 57 4 146
180 0 143 1 147
177 0 66 4 148
160 0 102 1 149
180 0 85 4 150
170 0 103 1 151
192 0 78 4 152
175 0 116 1 153
197 0 211 1 154
175 0 266 1 155
176 0 166 1 156
174 0 175 1 157
201 0 202 1 158
185 0 187 1 159
183 0 51 4 160
192 0 197 1 161
174 0 330 1 162
193 0 73 4 163
185 0 266 1 164
194 0 254 1 165
187 0 101 1 166
189 0 280 1 167
187 0 113 1 168
197 0 80 4 169
192 0 167 1 170
189 0 176 1 171
195 0 52 4 172
199 0 89 4 173
194 0 200 1 174
202 0 197 1 175
198 0 266 1 176
203 0 235 1 177
199 0 80 4 178
200 0 88 4 179
196 0 109 1 180
203 0 70 4 181
201 0 99 1 182
196 0 132 1 183
195 0 146 1 184
201 0 151 1 185
203 0 331 1 186
220 0 77 4 187
206 0 130 1 188
203 0 282 1 189
212 0 99 1 190
204 0 110 1 191
210 0 154 1 192
213 0 112 1 193
221 0 84 4 194
217 0 155 1 195
214 0 35 1 196
225 0 80 4 197
228 0 79 4 198
210 0 268 1 199
223 0 102 1 200
226 0 68 4 201
208 0 343 5 202
219 0 284 1 203
217 0 127 1 204
224 0 113 1 205
211 0 204 1 206
220 0 248 1 207
220 0 200 1 208
230 0 79 4 209
223 0 165 1 210
214 0 170 1 211
229 0 86 4 212
222 0 268 1 213
233 0 49 4 214
229 0 236 1 215
233 0 80 4 216
232 0 266 1 217
232 0 128 1 218
229 0 204 1 219
233 0 332 1 220
234 0 191 1 221
233 0 179 1 222
236 0 282 1 223
238 0 112 1 224
233 0 171 1 225
238 0 85 4 226
242 0 248 1 227
236 0 66 4 228
244 0 271 1 229
246 0 51 4 230
240 0 71 4 231
237 0 71 4 232
237 0 77 4 233
241 0 102 1 234
246 0 132 1 235
243 0 83 4 236
247 0 79 4 237
250 0 114 1 238
241 0 69 4 239
243 0 82 4 240
247 0 80 4 241
252 0 280 1 242
261 0 330 1 243
246 0 72 4 244
257 0 196 1 245
256 0 215 1 246
251 0 79 4 247
262 0 178 1 248
257 0 161 1 249
253 0 87 4 250
247 0 79 4 251
254 0 103 1 252
261 0 134 1 253
253 0 73 4 254
250 0 75 4 255
250 0 68 4 256
256 0 271 1 257
261 0 116 1 258
274 0 84 4 259
271 0 111 1 260
264 0 103 1 261
274 0 134 1 262
275 0 101 1 263
255 0 52 4 264
278 0 82 4 265
278 0 111 1 266
279 0 82 4 267
285 0 141 1 268
282 0 91 4 269
283 0 112 1 270
283 0 81 4 271
284 0 343 5 272
286 0 85 4 273
291 0 89 4 274
271 0 164 1 275
280 0 259 1 276
268 0 246 1 277
268 0 277 1 278
281 0 160 1 279
264 0 190 1 280
281 0 215 1 281
285 0 237 1 282
299 0 42 1 283
297 0 91 4 284
271 0 176 1 285
304 0 214 1 286
263 0 209 1 287
298 0 255 1 288
293 0 269 1 289
273 0 268 1 290
297 0 323 1 291
283 0 330 1 292
295 0 92 4 293
295 0 111 1 294
295 0 121 1 295
292 0 157 1 296
315 0 98 4 297
307 0 113 1 298
304 0 122 1 299
312 0 132 1 300
318 0 121 4 301
324 0 153 1 302
335 0 197 1 303
296 0 79 4 304
310 0 236 1 305
308 0 249 1 306
305 0 263 1 307
293 0 266 1 308
285 0 277 1 309
320 0 99 4 310
321 0 138 1 311
318 0 313 1 312
319 0 118 1 313
323 0 115 4 314
331 0 156 1 315
335 0 175 1 316
318 0 254 1 317
317 0 247 1 318
327 0 257 1 319
325 0 214 1 320
323 0 233 1 321
304 0 58 4 322
301 0 72 4 323
334 0 222 1 324
340 0 246 1 325
331 0 308 1 326
301 0 66 4 327
305 0 74 4 328
326 0 96 4 329
328 0 108 4 330
328 0 123 1 331
337 0 133 1 332
336 0 163 1 333
337 0 203 1 334
331 0 224 1 335
340 0 309 1 336
339 0 181 1 337
318 0 346 5 338
307 0 60 4 339
302 0 69 4 340
349 0 347 5 341
302 0 63 4 342
339 0 71 4 343
349 0 15 5 344
360 0 309 1 345
364 0 63 1 346
366 0 15 5 347
375 0 303 1 348
356 0 74 4 349
396 0 15 5 350
383 0 69 1 351
388 0 297 1 352
413 0 15 5 353
369 0 78 4 354
439 0 193 1 355
383 0 173 1 356
386 0 191 1 357
386 0 204 1 358
422 0 250 1 359
416 0 263 1 360
378 0 236 1 361
402 0 284 1 362
443 0 344 5 363
371 0 254 1 364
363 0 107 4 365
354 0 110 4 366
438 0 160 1 367
439 0 178 1 368
360 0 84 4 369
425 0 116 1 370
412 0 281 1 371
443 0 15 5 372
372 0 81 4 373
367 0 87 4 374
359 0 95 4 375
419 0 101 1 376
366 0 104 4 377
462 0 301 5 378
361 0 80 4 379
365 0 100 4 380
437 0 130 1 381
364 0 64 4 382
444 0 147 1 383
464 0 174 5 384
464 0 204 5 385
443 0 225 1 386
437 0 242 1 387
464 0 286 5 388
464 0 222 5 389
372 0 71 4 390
370 0 94 4 391
467 0 25 5 392
382 0 81 4 393
413 0 85 1 394
467 0 42 5 395
-31 0 11 5 396
-14 0 11 5 397
16 0 11 5 398
34 0 11 5 399
101 0 36 1 400
81 0 11 5 401
111 0 11 5 402
128 0 11 5 403
146 0 11 5 404
163 0 11 5 405
180 0 11 5 406
198 0 11 5 407
215 0 11 5 408
231 0 11 5 409
242 0 22 1 410
254 0 11 5 411
271 0 11 5 412
288 0 11 5 413
306 0 11 5 414
288 0 24 1 415
328 0 11 5 416
345 0 11 5 417
388 0 11 5 418
354 0 37 1 419
435 0 11 5 420
465 0 11 5 421
372 0 65 4 422
377 0 73 4 423
471 0 57 5 424
471 0 74 5 425
471 0 92 5 426
471 0 109 5 427
471 0 126 5 428
471 0 144 5 429
471 0 161 5 430
385 0 152 1 431
471 0 195 5 432
394 0 170 1 433
471 0 242 5 434
471 0 259 5 435
471 0 277 5 436
400 0 233 1 437
471 0 324 5 438
466 0 337 5 439
462 0 349 5 440
432 0 349 5 441
414 0 349 5 442
397 0 349 5 443
379 0 349 5 444
362 0 349 5 445
332 0 349 5 446
302 0 349 5 447
272 0 349 5 448
255 0 349 5 449
237 0 349 5 450
220 0 349 5 451
191 0 349 5 452
174 0 349 5 453
156 0 349 5 454
139 0 349 5 455
109 0 349 5 456
79 0 349 5 457
62 0 349 5 458
32 0 349 5 459
49 0 300 1 460
-3 0 349 5 461
-20 0 349 5 462
-28 0 314 5 463
-31 0 300 5 464
41 0 200 1 465
-31 0 265 5 466
-13 0 223 1 467
-31 0 218 5 468
-31 0 201 5 469
-31 0 183 5 470
-31 0 167 5 471
-31 0 150 5 472
-31 0 132 5 473
64 0 100 4 474
-31 0 98 5 475
21 0 88 1 476
53 0 81 4 477
56 0 73 4 478
-31 0 28 5 479
