480
48 0 96 4 0
-32 0 115 5 1
-32 0 77 5 2
39 0 91 4 3
-32 0 61 5 4
49 0 105 4 5
-27 0 45 5 6
51 0 78 4 7
9 0 114 1 8
57 0 110 4 9
-1 0 141 1 10
-7 0 160 1 11
-9 0 179 1 12
-10 0 197 1 13
-24 0 227 5 14
-24 0 242 5 15
-3 0 240 1 16
-24 0 277 5 17
5 0 266 1 18
39 0 235 1 19
-24 0 325 5 20
-24 0 340 5 21
65 0 68 4 22
60 0 77 4 23
4 0 13 5 24
24 0 293 1 25
57 0 74 4 26
99 0 46 4 27
51 0 68 1 28
15 0 348 5 29
51 0 12 5 30
67 0 71 4 31
45 0 348 5 32
84 0 74 4 33
69 0 12 5 34
67 0 310 1 35
85 0 69 4 36
99 0 12 5 37
74 0 182 1 38
92 0 348 5 39
92 0 57 1 40
93 0 76 4 41
86 0 95 4 42
84 0 111 4 43
88 0 114 4 44
85 0 145 1 45
80 0 158 1 46
78 0 208 1 47
82 0 224 1 48
125 0 277 1 49
95 0 245 1 50
116 0 249 1 51
84 0 300 1 52
101 0 213 1 53
91 0 233 1 54
94 0 113 4 55
96 0 115 4 56
98 0 171 1 57
97 0 191 1 58
106 0 252 1 59
114 0 262 1 60
154 0 230 1 61
94 0 103 4 62
95 0 141 1 63
136 0 260 1 64
131 0 57 4 65
130 0 213 1 66
142 0 219 1 67
149 0 224 1 68
98 0 304 1 69
133 0 279 1 70
100 0 178 1 71
102 0 200 1 72
109 0 215 1 73
167 0 33 4 74
102 0 102 4 75
104 0 110 4 76
109 0 121 4 77
104 0 155 1 78
160 0 46 4 79
108 0 111 4 80
109 0 125 1 81
109 0 148 1 82
116 0 147 1 83
108 0 96 4 84
146 0 187 1 85
110 0 221 1 86
116 0 236 1 87
124 0 250 1 88
127 0 267 1 89
156 0 259 1 90
117 0 321 1 91
144 0 293 1 92
174 0 93 4 93
143 0 194 1 94
129 0 217 1 95
156 0 205 1 96
164 0 25 1 97
147 0 176 1 98
168 0 212 1 99
162 0 235 1 100
149 0 271 1 101
132 0 88 4 102
122 0 117 1 103
140 0 86 4 104
144 0 35 1 105
142 0 55 4 106
133 0 60 4 107
132 0 69 4 108
131 0 77 4 109
126 0 128 1 110
168 0 85 4 111
142 0 87 4 112
127 0 344 5 113
134 0 122 1 114
141 0 91 4 115
169 0 91 4 116
138 0 81 4 117
141 0 85 4 118
144 0 109 1 119
169 0 82 4 120
136 0 111 1 121
140 0 69 4 122
144 0 92 4 123
150 0 116 1 124
175 0 76 4 125
171 0 99 4 126
143 0 322 1 127
148 0 98 4 128
167 0 90 4 129
147 0 93 4 130
144 0 113 1 131
180 0 81 4 132
154 0 166 1 133
177 0 82 4 134
178 0 93 4 135
151 0 181 1 136
166 0 82 4 137
171 0 86 4 138
153 0 216 1 139
165 0 189 1 140
163 0 120 1 141
163 0 273 1 142
168 0 292 1 143
171 0 77 4 144
175 0 88 4 145
170 0 56 4 146
177 0 144 1 147
175 0 69 4 148
160 0 103 1 149
177 0 88 4 150
168 0 105 1 151
187 0 84 4 152
172 0 119 1 153
193 0 225 1 154
174 0 270 1 155
175 0 166 1 156
173 0 176 1 157
198 0 215 1 158
183 0 188 1 159
181 0 50 4 160
189 0 200 1 161
174 0 332 1 162
191 0 76 4 163
184 0 270 1 164
192 0 263 1 165
186 0 105 1 166
188 0 284 1 167
187 0 115 1 168
196 0 85 4 169
192 0 167 1 170
189 0 177 1 171
194 0 51 4 172
198 0 94 4 173
194 0 201 1 174
201 0 200 1 175
197 0 270 1 176
202 0 246 1 177
199 0 81 4 178
199 0 89 4 179
196 0 109 1 180
202 0 75 4 181
200 0 101 1 182
196 0 132 1 183
195 0 145 1 184
201 0 150 1 185
202 0 333 1 186
218 0 83 4 187
205 0 131 1 188
203 0 285 1 189
211 0 101 1 190
204 0 110 1 191
209 0 152 1 192
212 0 114 1 193
220 0 88 4 194
216 0 154 1 195
213 0 36 1 196
223 0 84 4 197
226 0 85 4 198
210 0 273 1 199
221 0 107 1 200
225 0 72 4 201
209 0 344 5 202
218 0 289 1 203
217 0 127 1 204
223 0 116 1 205
212 0 206 1 206
219 0 255 1 207
220 0 200 1 208
228 0 82 4 209
222 0 166 1 210
215 0 171 1 211
228 0 90 4 212
222 0 273 1 213
232 0 49 4 214
229 0 247 1 215
233 0 81 4 216
232 0 270 1 217
233 0 129 1 218
230 0 206 1 219
234 0 334 1 220
235 0 192 1 221
234 0 179 1 222
236 0 285 1 223
239 0 113 1 224
234 0 170 1 225
239 0 89 4 226
243 0 255 1 227
238 0 71 4 228
244 0 278 1 229
247 0 50 4 230
241 0 75 4 231
238 0 78 4 232
238 0 83 4 233
242 0 106 1 234
247 0 133 1 235
244 0 87 4 236
248 0 81 4 237
251 0 117 1 238
243 0 75 4 239
245 0 88 4 240
248 0 84 4 241
253 0 284 1 242
261 0 332 1 243
248 0 78 4 244
258 0 197 1 245
257 0 216 1 246
253 0 83 4 247
262 0 179 1 248
258 0 162 1 249
255 0 92 4 250
249 0 86 4 251
256 0 107 1 252
262 0 136 1 253
255 0 76 4 254
253 0 81 4 255
253 0 73 4 256
258 0 278 1 257
263 0 119 1 258
274 0 87 4 259
271 0 112 1 260
265 0 106 1 261
274 0 134 1 262
275 0 103 1 263
258 0 52 4 264
278 0 84 4 265
278 0 112 1 266
279 0 87 4 267
284 0 142 1 268
281 0 96 4 269
282 0 115 1 270
283 0 85 4 271
284 0 344 5 272
286 0 89 4 273
291 0 91 4 274
273 0 166 1 275
281 0 260 1 276
270 0 251 1 277
271 0 280 1 278
282 0 161 1 279
267 0 191 1 280
282 0 216 1 281
286 0 238 1 282
299 0 43 1 283
298 0 91 4 284
275 0 178 1 285
304 0 215 1 286
268 0 214 1 287
299 0 256 1 288
294 0 271 1 289
277 0 274 1 290
298 0 326 1 291
285 0 333 1 292
296 0 95 4 293
296 0 113 1 294
296 0 125 1 295
293 0 160 1 296
314 0 99 4 297
307 0 114 1 298
305 0 124 1 299
311 0 136 1 300
317 0 128 4 301
322 0 158 1 302
332 0 199 1 303
297 0 80 4 304
310 0 237 1 305
308 0 251 1 306
306 0 266 1 307
295 0 271 1 308
288 0 282 1 309
320 0 100 4 310
320 0 141 1 311
318 0 314 1 312
319 0 118 1 313
323 0 118 4 314
329 0 159 1 315
333 0 178 1 316
318 0 255 1 317
317 0 252 1 318
326 0 263 1 319
324 0 215 1 320
322 0 235 1 321
306 0 57 4 322
303 0 72 4 323
333 0 227 1 324
338 0 251 1 325
330 0 309 1 326
304 0 65 4 327
308 0 73 4 328
326 0 96 4 329
328 0 109 4 330
328 0 124 1 331
336 0 135 1 332
335 0 164 1 333
336 0 204 1 334
331 0 226 1 335
338 0 312 1 336
338 0 182 1 337
319 0 348 5 338
312 0 58 4 339
307 0 68 4 340
350 0 348 5 341
309 0 58 4 342
342 0 69 4 343
351 0 14 5 344
362 0 315 1 345
366 0 62 1 346
370 0 14 5 347
378 0 310 1 348
362 0 72 4 349
399 0 14 5 350
388 0 68 1 351
393 0 304 1 352
416 0 13 5 353
378 0 75 4 354
441 0 194 1 355
391 0 179 1 356
393 0 197 1 357
393 0 210 1 358
426 0 253 1 359
420 0 268 1 360
387 0 246 1 361
407 0 291 1 362
444 0 345 5 363
380 0 266 1 364
374 0 109 4 365
366 0 114 4 366
439 0 161 1 367
441 0 179 1 368
372 0 80 4 369
430 0 117 1 370
418 0 289 1 371
446 0 14 5 372
385 0 78 4 373
380 0 85 4 374
373 0 94 4 375
426 0 102 1 376
379 0 107 4 377
464 0 304 5 378
376 0 75 4 379
380 0 101 4 380
444 0 132 1 381
380 0 57 4 382
450 0 149 1 383
467 0 176 5 384
467 0 205 5 385
449 0 230 1 386
444 0 249 1 387
467 0 289 5 388
468 0 224 5 389
387 0 65 4 390
385 0 93 4 391
472 0 22 5 392
397 0 78 4 393
425 0 84 1 394
472 0 41 5 395
-38 0 7 5 396
-20 0 7 5 397
9 0 7 5 398
28 0 7 5 399
90 0 29 1 400
75 0 7 5 401
104 0 7 5 402
122 0 7 5 403
141 0 7 5 404
159 0 7 5 405
177 0 7 5 406
195 0 7 5 407
213 0 7 5 408
231 0 7 5 409
243 0 17 1 410
256 0 7 5 411
274 0 7 5 412
292 0 7 5 413
310 0 7 5 414
298 0 19 1 415
336 0 7 5 416
354 0 7 5 417
394 0 7 5 418
367 0 31 1 419
442 0 7 5 420
471 0 7 5 421
390 0 56 4 422
395 0 66 4 423
478 0 55 5 424
478 0 73 5 425
478 0 91 5 426
478 0 109 5 427
478 0 127 5 428
478 0 146 5 429
478 0 164 5 430
402 0 158 1 431
478 0 199 5 432
410 0 180 1 433
478 0 247 5 434
478 0 265 5 435
478 0 283 5 436
415 0 247 1 437
478 0 330 5 438
471 0 341 5 439
464 0 353 5 440
435 0 353 5 441
417 0 353 5 442
398 0 353 5 443
380 0 353 5 444
362 0 353 5 445
333 0 353 5 446
303 0 353 5 447
274 0 353 5 448
256 0 353 5 449
238 0 353 5 450
220 0 353 5 451
191 0 353 5 452
173 0 353 5 453
155 0 353 5 454
137 0 353 5 455
107 0 353 5 456
78 0 353 5 457
60 0 353 5 458
31 0 353 5 459
43 0 309 1 460
-6 0 353 5 461
-24 0 353 5 462
-33 0 322 5 463
-38 0 308 5 464
26 0 217 1 465
-38 0 272 5 466
-22 0 231 1 467
-38 0 225 5 468
-38 0 206 5 469
-38 0 188 5 470
-38 0 171 5 471
-38 0 153 5 472
-38 0 135 5 473
46 0 104 4 474
-38 0 98 5 475
8 0 87 1 476
36 0 78 4 477
39 0 68 4 478
-38 0 26 5 479
