480
-29 0 102 4 0
-57 0 121 5 1
-56 0 73 5 2
-31 0 90 4 3
-56 0 55 5 4
-19 0 117 4 5
-44 0 38 5 6
-17 0 62 4 7
-24 0 120 1 8
-7 0 132 4 9
-28 0 156 1 10
-30 0 175 1 11
-30 0 193 1 12
-30 0 213 1 13
-35 0 237 5 14
-35 0 252 5 15
-28 0 263 1 16
-35 0 291 5 17
-25 0 299 1 18
-13 0 301 1 19
-35 0 342 5 20
-35 0 355 5 21
-1 0 36 4 22
-2 0 62 4 23
-13 0 5 5 24
-4 0 338 1 25
8 0 60 4 26
34 0 16 4 27
20 0 58 1 28
9 0 358 5 29
34 0 4 5 30
39 0 59 4 31
37 0 358 5 32
59 0 60 4 33
56 0 3 5 34
57 0 344 1 35
71 0 59 4 36
84 0 3 5 37
78 0 187 1 38
84 0 356 5 39
84 0 54 1 40
85 0 73 4 41
82 0 95 4 42
82 0 114 4 43
83 0 126 4 44
82 0 149 1 45
80 0 165 1 46
80 0 212 1 47
81 0 234 1 48
96 0 317 1 49
86 0 257 1 50
94 0 274 1 51
82 0 307 1 52
93 0 218 1 53
90 0 241 1 54
92 0 119 4 55
92 0 131 4 56
93 0 177 1 57
93 0 195 1 58
96 0 262 1 59
99 0 278 1 60
113 0 279 1 61
92 0 106 4 62
93 0 153 1 63
107 0 300 1 64
107 0 45 4 65
109 0 233 1 66
114 0 249 1 67
116 0 264 1 68
98 0 305 1 69
111 0 307 1 70
100 0 179 1 71
101 0 199 1 72
103 0 217 1 73
125 0 10 4 74
102 0 105 4 75
102 0 117 4 76
104 0 132 4 77
102 0 158 1 78
125 0 32 4 79
107 0 113 4 80
107 0 132 1 81
107 0 154 1 82
110 0 168 1 83
108 0 95 4 84
121 0 195 1 85
108 0 221 1 86
110 0 242 1 87
113 0 262 1 88
114 0 282 1 89
124 0 297 1 90
111 0 335 1 91
120 0 335 1 92
139 0 142 4 93
128 0 202 1 94
123 0 222 1 95
132 0 231 1 96
136 0 11 1 97
130 0 179 1 98
137 0 248 1 99
135 0 271 1 100
130 0 294 1 101
125 0 102 4 102
122 0 118 1 103
128 0 114 4 104
130 0 29 1 105
129 0 45 4 106
126 0 57 4 107
126 0 68 4 108
125 0 81 4 109
124 0 135 1 110
139 0 125 4 111
131 0 109 4 112
126 0 345 5 113
130 0 128 1 114
133 0 109 4 115
144 0 127 4 116
134 0 91 4 117
135 0 99 4 118
136 0 117 1 119
145 0 112 4 120
134 0 113 1 121
137 0 68 4 122
138 0 103 4 123
140 0 128 1 124
150 0 107 4 125
149 0 129 4 126
139 0 327 1 127
142 0 108 4 128
148 0 115 4 129
143 0 101 4 130
142 0 116 1 131
154 0 118 4 132
146 0 167 1 133
155 0 113 4 134
155 0 127 4 135
145 0 181 1 136
151 0 102 4 137
154 0 109 4 138
147 0 222 1 139
152 0 199 1 140
152 0 139 1 141
154 0 299 1 142
155 0 328 1 143
157 0 95 4 144
158 0 111 4 145
158 0 51 4 146
161 0 150 1 147
162 0 86 4 148
157 0 107 1 149
163 0 107 4 150
160 0 117 1 151
167 0 117 4 152
161 0 136 1 153
172 0 292 1 154
166 0 291 1 155
170 0 167 1 156
170 0 179 1 157
179 0 279 1 158
174 0 198 1 159
175 0 49 4 160
178 0 216 1 161
173 0 342 1 162
181 0 89 4 163
179 0 292 1 164
182 0 306 1 165
182 0 123 1 166
184 0 303 1 167
186 0 125 1 168
192 0 105 4 169
190 0 168 1 170
189 0 179 1 171
192 0 49 4 172
193 0 117 4 173
193 0 203 1 174
196 0 216 1 175
195 0 292 1 176
197 0 299 1 177
197 0 91 4 178
197 0 99 4 179
196 0 109 1 180
198 0 100 4 181
198 0 113 1 182
196 0 133 1 183
196 0 144 1 184
198 0 149 1 185
198 0 342 1 186
205 0 111 4 187
201 0 136 1 188
200 0 304 1 189
205 0 115 1 190
203 0 113 1 191
205 0 146 1 192
207 0 123 1 193
210 0 108 4 194
211 0 147 1 195
211 0 43 1 196
214 0 103 4 197
217 0 113 4 198
211 0 300 1 199
216 0 129 1 200
218 0 87 4 201
212 0 346 5 202
216 0 314 1 203
217 0 128 1 204
219 0 129 1 205
215 0 218 1 206
217 0 287 1 207
218 0 203 1 208
222 0 100 4 209
220 0 167 1 210
219 0 177 1 211
223 0 105 4 212
225 0 299 1 213
230 0 48 4 214
231 0 300 1 215
233 0 91 4 216
232 0 292 1 217
235 0 130 1 218
234 0 218 1 219
236 0 342 1 220
238 0 199 1 221
238 0 180 1 222
239 0 304 1 223
241 0 120 1 224
239 0 169 1 225
243 0 107 4 226
246 0 286 1 227
245 0 97 4 228
247 0 311 1 229
249 0 48 4 230
247 0 94 4 231
246 0 108 4 232
246 0 113 4 233
248 0 126 1 234
249 0 141 1 235
250 0 106 4 236
252 0 90 4 237
254 0 131 1 238
252 0 105 4 239
254 0 116 4 240
256 0 103 4 241
258 0 303 1 242
261 0 342 1 243
258 0 105 4 244
262 0 202 1 245
262 0 222 1 246
261 0 104 4 247
265 0 180 1 248
264 0 165 1 249
264 0 115 4 250
262 0 118 4 251
264 0 129 1 252
266 0 144 1 253
265 0 95 4 254
264 0 106 4 255
264 0 100 4 256
267 0 311 1 257
269 0 136 1 258
274 0 101 4 259
273 0 119 1 260
271 0 121 1 261
274 0 135 1 262
275 0 109 1 263
271 0 49 4 264
278 0 92 4 265
278 0 118 1 266
278 0 112 4 267
280 0 143 1 268
279 0 125 4 269
280 0 127 1 270
281 0 102 4 271
284 0 345 5 272
285 0 107 4 273
288 0 105 4 274
283 0 176 1 275
286 0 264 1 276
282 0 276 1 277
282 0 297 1 278
287 0 166 1 279
282 0 201 1 280
287 0 222 1 281
288 0 242 1 282
301 0 45 1 283
300 0 94 4 284
292 0 191 1 285
302 0 219 1 286
290 0 234 1 287
301 0 264 1 288
299 0 283 1 289
293 0 302 1 290
300 0 337 1 291
296 0 349 1 292
300 0 107 4 293
300 0 127 1 294
300 0 146 1 295
299 0 172 1 296
310 0 104 4 297
307 0 118 1 298
307 0 133 1 299
309 0 151 1 300
311 0 162 4 301
313 0 184 1 302
317 0 211 1 303
305 0 81 4 304
310 0 242 1 305
310 0 260 1 306
309 0 279 1 307
305 0 293 1 308
303 0 308 1 309
318 0 104 4 310
318 0 153 1 311
318 0 318 1 312
319 0 121 1 313
320 0 132 4 314
322 0 173 1 315
324 0 191 1 316
318 0 263 1 317
318 0 275 1 318
321 0 290 1 319
321 0 218 1 320
320 0 241 1 321
316 0 50 4 322
315 0 69 4 323
329 0 251 1 324
331 0 275 1 325
328 0 310 1 326
320 0 57 4 327
321 0 72 4 328
328 0 95 4 329
328 0 113 4 330
328 0 130 1 331
331 0 146 1 332
331 0 167 1 333
331 0 211 1 334
329 0 234 1 335
332 0 330 1 336
332 0 187 1 337
326 0 356 5 338
332 0 44 4 339
332 0 58 4 340
354 0 358 5 341
342 0 33 4 342
356 0 58 4 343
364 0 9 5 344
372 0 346 1 345
378 0 55 1 346
386 0 7 5 347
394 0 344 1 348
390 0 60 4 349
412 0 8 5 350
414 0 58 1 351
416 0 342 1 352
433 0 7 5 353
422 0 61 4 354
447 0 198 1 355
430 0 206 1 356
430 0 226 1 357
430 0 240 1 358
442 0 268 1 359
440 0 288 1 360
428 0 292 1 361
435 0 321 1 362
448 0 349 5 363
426 0 329 1 364
424 0 119 4 365
421 0 133 4 366
447 0 163 1 367
448 0 181 1 368
431 0 63 4 369
453 0 122 1 370
449 0 326 1 371
460 0 7 5 372
445 0 61 4 373
444 0 75 4 374
441 0 91 4 375
461 0 104 1 376
444 0 118 4 377
476 0 318 5 378
448 0 51 4 379
452 0 105 4 380
475 0 138 1 381
453 0 21 4 382
478 0 158 1 383
484 0 183 5 384
484 0 212 5 385
478 0 255 1 386
476 0 279 1 387
484 0 304 5 388
485 0 236 5 389
458 0 36 4 390
460 0 89 4 391
496 0 10 5 392
470 0 61 4 393
480 0 79 1 394
497 0 33 5 395
-72 0 -8 5 396
-50 0 -8 5 397
-24 0 -8 5 398
-2 0 -8 5 399
36 0 -1 1 400
46 0 -8 5 401
72 0 -8 5 402
94 0 -8 5 403
116 0 -8 5 404
138 0 -8 5 405
161 0 -8 5 406
183 0 -8 5 407
205 0 -8 5 408
226 0 -8 5 409
246 0 -5 1 410
266 0 -8 5 411
288 0 -8 5 412
310 0 -8 5 413
332 0 -8 5 414
344 0 -4 1 415
373 0 -8 5 416
395 0 -8 5 417
425 0 -8 5 418
431 0 0 1 419
473 0 -8 5 420
499 0 -8 5 421
481 0 14 4 422
483 0 33 4 423
512 0 45 5 424
512 0 67 5 425
512 0 89 5 426
512 0 111 5 427
512 0 133 5 428
512 0 155 5 429
512 0 177 5 430
485 0 190 1 431
512 0 220 5 432
488 0 229 1 433
512 0 268 5 434
512 0 290 5 435
512 0 313 5 436
490 0 316 1 437
512 0 361 5 438
494 0 365 5 439
476 0 368 5 440
450 0 368 5 441
428 0 368 5 442
406 0 368 5 443
383 0 368 5 444
361 0 368 5 445
335 0 368 5 446
309 0 368 5 447
283 0 368 5 448
261 0 368 5 449
239 0 368 5 450
218 0 368 5 451
192 0 368 5 452
170 0 368 5 453
148 0 368 5 454
126 0 368 5 455
100 0 368 5 456
74 0 368 5 457
52 0 368 5 458
26 0 368 5 459
14 0 353 1 460
-18 0 368 5 461
-41 0 368 5 462
-60 0 358 5 463
-72 0 348 5 464
-50 0 300 1 465
-72 0 304 5 466
-66 0 274 1 467
-72 0 256 5 468
-72 0 234 5 469
-72 0 212 5 470
-72 0 189 5 471
-72 0 168 5 472
-72 0 146 5 473
-43 0 120 4 474
-72 0 102 5 475
-56 0 82 1 476
-46 0 64 4 477
-45 0 44 4 478
-72 0 14 5 479
