480
4 0 99 4 0
-46 0 118 5 1
-46 0 75 5 2
-1 0 90 4 3
-45 0 58 5 4
10 0 112 4 5
-37 0 41 5 6
13 0 69 4 7
-10 0 118 1 8
21 0 123 4 9
-17 0 149 1 10
-20 0 169 1 11
-21 0 186 1 12
-21 0 206 1 13
-30 0 232 5 14
-30 0 248 5 15
-17 0 253 1 16
-30 0 285 5 17
-12 0 285 1 18
10 0 272 1 19
-30 0 335 5 20
-30 0 348 5 21
27 0 50 4 22
25 0 68 4 23
-6 0 8 5 24
8 0 318 1 25
29 0 66 4 26
62 0 29 4 27
33 0 63 1 28
12 0 354 5 29
41 0 7 5 30
51 0 64 4 31
40 0 354 5 32
70 0 66 4 33
62 0 7 5 34
61 0 330 1 35
77 0 63 4 36
90 0 7 5 37
76 0 185 1 38
87 0 353 5 39
88 0 55 1 40
88 0 74 4 41
84 0 95 4 42
83 0 113 4 43
85 0 121 4 44
84 0 147 1 45
80 0 162 1 46
79 0 210 1 47
81 0 230 1 48
109 0 300 1 49
90 0 252 1 50
103 0 264 1 51
83 0 304 1 52
97 0 216 1 53
90 0 238 1 54
93 0 116 4 55
94 0 124 4 56
95 0 174 1 57
95 0 193 1 58
100 0 257 1 59
105 0 271 1 60
131 0 258 1 61
93 0 105 4 62
94 0 148 1 63
120 0 283 1 64
117 0 50 4 65
118 0 224 1 66
126 0 236 1 67
131 0 247 1 68
98 0 304 1 69
120 0 295 1 70
100 0 179 1 71
101 0 199 1 72
106 0 216 1 73
143 0 20 4 74
102 0 104 4 75
103 0 114 4 76
106 0 127 4 77
103 0 157 1 78
140 0 38 4 79
107 0 112 4 80
108 0 129 1 81
108 0 152 1 82
113 0 159 1 83
108 0 96 4 84
132 0 192 1 85
109 0 221 1 86
113 0 239 1 87
118 0 257 1 88
120 0 275 1 89
138 0 281 1 90
113 0 329 1 91
131 0 317 1 92
154 0 121 4 93
134 0 199 1 94
125 0 220 1 95
143 0 220 1 96
148 0 17 1 97
137 0 178 1 98
150 0 232 1 99
146 0 255 1 100
138 0 284 1 101
128 0 96 4 102
122 0 117 1 103
133 0 102 4 104
136 0 31 1 105
135 0 49 4 106
129 0 58 4 107
128 0 69 4 108
128 0 79 4 109
125 0 132 1 110
152 0 108 4 111
136 0 99 4 112
127 0 344 5 113
132 0 125 1 114
137 0 101 4 115
155 0 111 4 116
136 0 86 4 117
137 0 93 4 118
140 0 113 1 119
155 0 99 4 120
135 0 112 1 121
138 0 68 4 122
141 0 98 4 123
144 0 123 1 124
161 0 94 4 125
159 0 116 4 126
141 0 325 1 127
144 0 104 4 128
156 0 104 4 129
145 0 98 4 130
143 0 115 1 131
166 0 102 4 132
150 0 166 1 133
164 0 100 4 134
165 0 112 4 135
148 0 181 1 136
158 0 93 4 137
161 0 99 4 138
150 0 219 1 139
158 0 195 1 140
157 0 131 1 141
158 0 288 1 142
161 0 312 1 143
163 0 87 4 144
166 0 101 4 145
163 0 53 4 146
168 0 147 1 147
168 0 79 4 148
158 0 105 1 149
169 0 99 4 150
164 0 112 1 151
176 0 103 4 152
166 0 129 1 153
181 0 263 1 154
169 0 282 1 155
172 0 167 1 156
172 0 178 1 157
187 0 252 1 158
178 0 194 1 159
178 0 50 4 160
183 0 209 1 161
173 0 337 1 162
185 0 83 4 163
181 0 283 1 164
186 0 287 1 165
184 0 115 1 166
186 0 294 1 167
186 0 121 1 168
194 0 96 4 169
191 0 167 1 170
189 0 178 1 171
193 0 50 4 172
195 0 107 4 173
193 0 202 1 174
198 0 209 1 175
196 0 283 1 176
199 0 276 1 177
198 0 87 4 178
198 0 95 4 179
196 0 109 1 180
200 0 90 4 181
199 0 108 1 182
196 0 132 1 183
196 0 145 1 184
199 0 150 1 185
200 0 338 1 186
210 0 99 4 187
203 0 134 1 188
201 0 296 1 189
207 0 109 1 190
203 0 112 1 191
207 0 148 1 192
209 0 119 1 193
214 0 100 4 194
213 0 150 1 195
212 0 40 1 196
218 0 95 4 197
220 0 101 4 198
211 0 288 1 199
219 0 119 1 200
220 0 81 4 201
210 0 345 5 202
217 0 304 1 203
217 0 128 1 204
220 0 123 1 205
213 0 213 1 206
218 0 273 1 207
219 0 202 1 208
225 0 92 4 209
221 0 166 1 210
217 0 174 1 211
225 0 99 4 212
224 0 288 1 213
231 0 48 4 214
230 0 277 1 215
233 0 87 4 216
232 0 283 1 217
234 0 129 1 218
232 0 213 1 219
235 0 339 1 220
236 0 196 1 221
236 0 180 1 222
238 0 296 1 223
240 0 117 1 224
237 0 170 1 225
241 0 99 4 226
244 0 272 1 227
242 0 86 4 228
246 0 297 1 229
248 0 49 4 230
245 0 86 4 231
243 0 95 4 232
243 0 100 4 233
245 0 118 1 234
248 0 138 1 235
247 0 97 4 236
250 0 86 4 237
252 0 125 1 238
248 0 92 4 239
250 0 104 4 240
252 0 95 4 241
256 0 294 1 242
261 0 337 1 243
254 0 93 4 244
260 0 200 1 245
260 0 219 1 246
257 0 95 4 247
264 0 180 1 248
262 0 164 1 249
260 0 105 4 250
256 0 104 4 251
260 0 120 1 252
264 0 140 1 253
261 0 87 4 254
259 0 95 4 255
259 0 88 4 256
263 0 297 1 257
266 0 129 1 258
274 0 95 4 259
272 0 116 1 260
268 0 114 1 261
274 0 134 1 262
275 0 107 1 263
265 0 50 4 264
278 0 88 4 265
278 0 115 1 266
278 0 102 4 267
282 0 142 1 268
280 0 112 4 269
281 0 122 1 270
282 0 95 4 271
284 0 344 5 272
285 0 99 4 273
289 0 99 4 274
279 0 171 1 275
284 0 262 1 276
277 0 266 1 277
277 0 290 1 278
285 0 164 1 279
275 0 197 1 280
285 0 219 1 281
287 0 240 1 282
300 0 44 1 283
299 0 93 4 284
285 0 185 1 285
303 0 217 1 286
280 0 225 1 287
300 0 261 1 288
297 0 278 1 289
286 0 290 1 290
299 0 332 1 291
291 0 342 1 292
298 0 102 4 293
298 0 121 1 294
298 0 137 1 295
297 0 167 1 296
312 0 102 4 297
307 0 116 1 298
306 0 129 1 299
310 0 145 1 300
314 0 147 4 301
317 0 173 1 302
323 0 206 1 303
302 0 80 4 304
310 0 240 1 305
309 0 256 1 306
307 0 273 1 307
301 0 283 1 308
296 0 297 1 309
319 0 102 4 310
319 0 148 1 311
318 0 316 1 312
319 0 120 1 313
321 0 126 4 314
325 0 167 1 315
328 0 185 1 316
318 0 260 1 317
318 0 265 1 318
323 0 278 1 319
323 0 217 1 320
321 0 239 1 321
312 0 53 4 322
310 0 70 4 323
331 0 241 1 324
334 0 265 1 325
329 0 309 1 326
313 0 60 4 327
316 0 73 4 328
327 0 96 4 329
328 0 111 4 330
328 0 127 1 331
333 0 141 1 332
333 0 166 1 333
333 0 208 1 334
330 0 231 1 335
335 0 322 1 336
335 0 185 1 337
323 0 353 5 338
323 0 50 4 339
321 0 62 4 340
352 0 354 5 341
327 0 43 4 342
350 0 63 4 343
358 0 11 5 344
368 0 333 1 345
373 0 58 1 346
379 0 10 5 347
387 0 330 1 348
378 0 65 4 349
406 0 11 5 350
402 0 62 1 351
406 0 326 1 352
426 0 9 5 353
403 0 67 4 354
444 0 196 1 355
413 0 194 1 356
414 0 214 1 357
414 0 227 1 358
435 0 261 1 359
431 0 279 1 360
410 0 272 1 361
423 0 308 1 362
446 0 347 5 363
406 0 302 1 364
402 0 114 4 365
397 0 125 4 366
444 0 162 1 367
445 0 180 1 368
405 0 70 4 369
443 0 120 1 370
436 0 310 1 371
454 0 10 5 372
419 0 68 4 373
416 0 80 4 374
412 0 92 4 375
446 0 103 1 376
416 0 113 4 377
471 0 312 5 378
417 0 61 4 379
421 0 103 4 380
462 0 136 1 381
421 0 37 4 382
466 0 154 1 383
477 0 180 5 384
477 0 209 5 385
465 0 245 1 386
462 0 266 1 387
477 0 298 5 388
478 0 231 5 389
427 0 48 4 390
428 0 91 4 391
486 0 16 5 392
438 0 68 4 393
456 0 81 1 394
486 0 36 5 395
-57 0 -2 5 396
-37 0 -2 5 397
-10 0 -2 5 398
11 0 -2 5 399
59 0 12 1 400
59 0 -2 5 401
86 0 -2 5 402
106 0 -2 5 403
127 0 -2 5 404
147 0 -2 5 405
168 0 -2 5 406
188 0 -2 5 407
208 0 -2 5 408
228 0 -2 5 409
244 0 5 1 410
262 0 -2 5 411
282 0 -2 5 412
302 0 -2 5 413
323 0 -2 5 414
324 0 6 1 415
357 0 -2 5 416
377 0 -2 5 417
411 0 -2 5 418
403 0 13 1 419
459 0 -2 5 420
487 0 -2 5 421
442 0 32 4 422
445 0 47 4 423
497 0 49 5 424
497 0 69 5 425
497 0 90 5 426
497 0 110 5 427
497 0 130 5 428
497 0 151 5 429
497 0 171 5 430
450 0 177 1 431
497 0 211 5 432
454 0 207 1 433
497 0 259 5 434
497 0 279 5 435
497 0 300 5 436
458 0 286 1 437
497 0 348 5 438
484 0 355 5 439
471 0 362 5 440
443 0 362 5 441
423 0 362 5 442
402 0 362 5 443
382 0 362 5 444
362 0 362 5 445
334 0 362 5 446
307 0 362 5 447
279 0 362 5 448
259 0 362 5 449
239 0 362 5 450
219 0 362 5 451
192 0 362 5 452
171 0 362 5 453
151 0 362 5 454
131 0 362 5 455
103 0 362 5 456
76 0 362 5 457
55 0 362 5 458
28 0 362 5 459
27 0 334 1 460
-13 0 362 5 461
-33 0 362 5 462
-48 0 342 5 463
-57 0 331 5 464
-17 0 264 1 465
-57 0 290 5 466
-47 0 256 1 467
-57 0 242 5 468
-57 0 222 5 469
-57 0 201 5 470
-57 0 181 5 471
-57 0 162 5 472
-57 0 141 5 473
-4 0 113 4 474
-57 0 100 5 475
-28 0 84 1 476
-10 0 70 4 477
-9 0 55 4 478
-57 0 19 5 479
