480
-23 0 101 4 0
-55 0 120 5 1
-54 0 73 5 2
-25 0 90 4 3
-54 0 56 5 4
-14 0 116 4 5
-43 0 38 5 6
-11 0 63 4 7
-22 0 120 1 8
-2 0 130 4 9
-26 0 155 1 10
-28 0 174 1 11
-28 0 192 1 12
-29 0 212 1 13
-34 0 236 5 14
-34 0 251 5 15
-26 0 261 1 16
-34 0 290 5 17
-23 0 297 1 18
-9 0 296 1 19
-34 0 341 5 20
-34 0 354 5 21
4 0 38 4 22
3 0 63 4 23
-12 0 6 5 24
-2 0 334 1 25
12 0 61 4 26
40 0 18 4 27
23 0 59 1 28
10 0 357 5 29
35 0 4 5 30
42 0 60 4 31
37 0 357 5 32
61 0 61 4 33
57 0 4 5 34
58 0 342 1 35
72 0 59 4 36
85 0 4 5 37
77 0 186 1 38
84 0 356 5 39
85 0 55 1 40
85 0 73 4 41
83 0 95 4 42
82 0 114 4 43
83 0 125 4 44
82 0 149 1 45
80 0 165 1 46
80 0 212 1 47
81 0 233 1 48
99 0 314 1 49
87 0 256 1 50
96 0 272 1 51
83 0 307 1 52
94 0 217 1 53
90 0 240 1 54
92 0 118 4 55
93 0 129 4 56
93 0 176 1 57
93 0 195 1 58
97 0 261 1 59
100 0 277 1 60
116 0 275 1 61
92 0 105 4 62
93 0 152 1 63
110 0 297 1 64
109 0 46 4 65
111 0 231 1 66
116 0 246 1 67
119 0 261 1 68
98 0 305 1 69
113 0 305 1 70
100 0 179 1 71
101 0 199 1 72
104 0 217 1 73
128 0 12 4 74
102 0 105 4 75
103 0 117 4 76
104 0 131 4 77
103 0 158 1 78
128 0 33 4 79
107 0 113 4 80
107 0 131 1 81
108 0 154 1 82
110 0 166 1 83
108 0 95 4 84
123 0 194 1 85
108 0 221 1 86
111 0 241 1 87
114 0 261 1 88
115 0 281 1 89
127 0 294 1 90
111 0 334 1 91
122 0 332 1 92
142 0 138 4 93
129 0 201 1 94
123 0 222 1 95
134 0 229 1 96
138 0 12 1 97
131 0 179 1 98
140 0 245 1 99
137 0 268 1 100
132 0 292 1 101
126 0 101 4 102
122 0 118 1 103
129 0 112 4 104
131 0 29 1 105
130 0 45 4 106
127 0 57 4 107
126 0 68 4 108
126 0 81 4 109
124 0 134 1 110
141 0 122 4 111
132 0 107 4 112
126 0 345 5 113
130 0 127 1 114
134 0 107 4 115
146 0 124 4 116
134 0 90 4 117
135 0 98 4 118
137 0 116 1 119
147 0 110 4 120
134 0 113 1 121
137 0 68 4 122
139 0 102 4 123
141 0 127 1 124
152 0 105 4 125
151 0 127 4 126
140 0 326 1 127
142 0 107 4 128
150 0 113 4 129
143 0 100 4 130
142 0 116 1 131
157 0 115 4 132
147 0 167 1 133
157 0 111 4 134
157 0 124 4 135
146 0 181 1 136
153 0 100 4 137
155 0 108 4 138
148 0 221 1 139
153 0 199 1 140
153 0 137 1 141
154 0 297 1 142
156 0 325 1 143
158 0 94 4 144
160 0 109 4 145
159 0 52 4 146
162 0 149 1 147
163 0 85 4 148
157 0 107 1 149
164 0 105 4 150
161 0 116 1 151
168 0 115 4 152
162 0 135 1 153
174 0 287 1 154
166 0 290 1 155
170 0 167 1 156
170 0 179 1 157
180 0 274 1 158
175 0 197 1 159
175 0 49 4 160
179 0 215 1 161
173 0 341 1 162
182 0 88 4 163
180 0 290 1 164
183 0 302 1 165
183 0 122 1 166
185 0 301 1 167
186 0 125 1 168
192 0 103 4 169
190 0 168 1 170
189 0 179 1 171
192 0 49 4 172
193 0 115 4 173
193 0 203 1 174
197 0 215 1 175
195 0 290 1 176
197 0 295 1 177
197 0 90 4 178
198 0 98 4 179
196 0 109 1 180
199 0 98 4 181
198 0 112 1 182
196 0 133 1 183
196 0 144 1 184
198 0 149 1 185
199 0 341 1 186
206 0 109 4 187
201 0 135 1 188
200 0 302 1 189
205 0 114 1 190
203 0 112 1 191
206 0 146 1 192
208 0 122 1 193
211 0 107 4 194
211 0 147 1 195
211 0 43 1 196
215 0 102 4 197
218 0 111 4 198
211 0 298 1 199
216 0 127 1 200
218 0 86 4 201
211 0 346 5 202
217 0 312 1 203
217 0 128 1 204
219 0 128 1 205
214 0 217 1 206
218 0 284 1 207
218 0 202 1 208
223 0 98 4 209
221 0 167 1 210
218 0 176 1 211
224 0 104 4 212
225 0 297 1 213
231 0 48 4 214
231 0 296 1 215
233 0 90 4 216
232 0 290 1 217
234 0 130 1 218
234 0 217 1 219
235 0 342 1 220
238 0 199 1 221
238 0 180 1 222
239 0 302 1 223
240 0 120 1 224
238 0 169 1 225
243 0 106 4 226
246 0 283 1 227
244 0 95 4 228
247 0 308 1 229
249 0 48 4 230
247 0 93 4 231
246 0 105 4 232
246 0 111 4 233
247 0 125 1 234
249 0 140 1 235
249 0 104 4 236
251 0 89 4 237
254 0 130 1 238
251 0 103 4 239
253 0 114 4 240
255 0 102 4 241
258 0 301 1 242
261 0 341 1 243
257 0 103 4 244
261 0 202 1 245
262 0 221 1 246
260 0 102 4 247
265 0 180 1 248
264 0 165 1 249
263 0 113 4 250
261 0 115 4 251
263 0 127 1 252
266 0 143 1 253
264 0 93 4 254
263 0 104 4 255
263 0 98 4 256
266 0 308 1 257
269 0 135 1 258
274 0 100 4 259
273 0 118 1 260
270 0 120 1 261
274 0 135 1 262
275 0 109 1 263
270 0 49 4 264
278 0 91 4 265
278 0 117 1 266
278 0 110 4 267
280 0 143 1 268
280 0 122 4 269
281 0 126 1 270
281 0 101 4 271
284 0 345 5 272
285 0 106 4 273
288 0 104 4 274
282 0 175 1 275
285 0 264 1 276
281 0 274 1 277
281 0 296 1 278
287 0 165 1 279
280 0 200 1 280
287 0 221 1 281
288 0 242 1 282
301 0 45 1 283
300 0 93 4 284
291 0 190 1 285
302 0 219 1 286
288 0 232 1 287
300 0 263 1 288
298 0 282 1 289
292 0 300 1 290
300 0 336 1 291
295 0 348 1 292
300 0 106 4 293
300 0 126 1 294
300 0 145 1 295
299 0 171 1 296
310 0 104 4 297
307 0 118 1 298
306 0 132 1 299
309 0 150 1 300
312 0 159 4 301
314 0 182 1 302
318 0 210 1 303
305 0 81 4 304
310 0 241 1 305
310 0 259 1 306
309 0 278 1 307
304 0 291 1 308
301 0 306 1 309
318 0 104 4 310
319 0 152 1 311
318 0 318 1 312
319 0 120 1 313
320 0 131 4 314
323 0 172 1 315
325 0 190 1 316
318 0 262 1 317
318 0 273 1 318
321 0 288 1 319
322 0 218 1 320
321 0 241 1 321
315 0 50 4 322
314 0 69 4 323
330 0 249 1 324
332 0 273 1 325
329 0 310 1 326
319 0 58 4 327
320 0 72 4 328
328 0 95 4 329
328 0 113 4 330
328 0 129 1 331
331 0 145 1 332
331 0 167 1 333
331 0 210 1 334
329 0 234 1 335
333 0 328 1 336
333 0 186 1 337
325 0 356 5 338
331 0 45 4 339
330 0 59 4 340
354 0 357 5 341
339 0 35 4 342
355 0 59 4 343
363 0 9 5 344
371 0 344 1 345
377 0 56 1 346
385 0 8 5 347
393 0 342 1 348
388 0 61 4 349
410 0 9 5 350
411 0 59 1 351
414 0 339 1 352
431 0 7 5 353
418 0 62 4 354
447 0 198 1 355
426 0 204 1 356
427 0 224 1 357
427 0 238 1 358
441 0 267 1 359
438 0 286 1 360
425 0 288 1 361
433 0 318 1 362
448 0 349 5 363
422 0 324 1 364
420 0 118 4 365
417 0 132 4 366
447 0 163 1 367
447 0 181 1 368
426 0 64 4 369
451 0 121 1 370
446 0 323 1 371
459 0 8 5 372
440 0 62 4 373
439 0 76 4 374
436 0 91 4 375
458 0 104 1 376
439 0 117 4 377
475 0 317 5 378
442 0 53 4 379
446 0 105 4 380
473 0 138 1 381
447 0 24 4 382
476 0 157 1 383
483 0 182 5 384
483 0 211 5 385
475 0 253 1 386
473 0 276 1 387
483 0 303 5 388
484 0 235 5 389
452 0 38 4 390
454 0 89 4 391
494 0 11 5 392
464 0 62 4 393
475 0 80 1 394
495 0 34 5 395
-69 0 -7 5 396
-48 0 -7 5 397
-21 0 -7 5 398
0 0 -7 5 399
40 0 2 1 400
48 0 -7 5 401
75 0 -7 5 402
97 0 -7 5 403
118 0 -7 5 404
140 0 -7 5 405
162 0 -7 5 406
184 0 -7 5 407
205 0 -7 5 408
226 0 -7 5 409
246 0 -3 1 410
265 0 -7 5 411
287 0 -7 5 412
309 0 -7 5 413
331 0 -7 5 414
340 0 -2 1 415
370 0 -7 5 416
391 0 -7 5 417
422 0 -7 5 418
426 0 2 1 419
470 0 -7 5 420
496 0 -7 5 421
474 0 17 4 422
476 0 36 4 423
509 0 45 5 424
509 0 67 5 425
509 0 89 5 426
509 0 111 5 427
509 0 132 5 428
509 0 154 5 429
509 0 176 5 430
479 0 187 1 431
509 0 219 5 432
482 0 225 1 433
509 0 267 5 434
509 0 288 5 435
509 0 310 5 436
484 0 310 1 437
509 0 358 5 438
492 0 363 5 439
475 0 367 5 440
449 0 367 5 441
427 0 367 5 442
405 0 367 5 443
383 0 367 5 444
361 0 367 5 445
335 0 367 5 446
309 0 367 5 447
283 0 367 5 448
261 0 367 5 449
239 0 367 5 450
218 0 367 5 451
192 0 367 5 452
170 0 367 5 453
148 0 367 5 454
127 0 367 5 455
100 0 367 5 456
74 0 367 5 457
52 0 367 5 458
26 0 367 5 459
17 0 350 1 460
-17 0 367 5 461
-39 0 367 5 462
-57 0 355 5 463
-69 0 345 5 464
-44 0 294 1 465
-69 0 301 5 466
-63 0 270 1 467
-69 0 253 5 468
-69 0 231 5 469
-69 0 210 5 470
-69 0 188 5 471
-69 0 167 5 472
-69 0 145 5 473
-35 0 118 4 474
-69 0 102 5 475
-51 0 83 1 476
-39 0 65 4 477
-38 0 46 4 478
-69 0 15 5 479
