480
-10 0 100 4 0
-51 0 120 5 1
-50 0 74 5 2
-14 0 90 4 3
-50 0 57 5 4
-3 0 114 4 5
-40 0 39 5 6
0 0 66 4 7
-16 0 119 1 8
8 0 127 4 9
-22 0 152 1 10
-25 0 172 1 11
-25 0 189 1 12
-25 0 209 1 13
-33 0 234 5 14
-33 0 249 5 15
-22 0 257 1 16
-33 0 288 5 17
-18 0 291 1 18
0 0 285 1 19
-33 0 338 5 20
-33 0 351 5 21
15 0 43 4 22
13 0 65 4 23
-9 0 7 5 24
3 0 327 1 25
20 0 64 4 26
50 0 23 4 27
28 0 61 1 28
11 0 356 5 29
38 0 6 5 30
46 0 62 4 31
39 0 356 5 32
65 0 63 4 33
59 0 5 5 34
60 0 336 1 35
75 0 61 4 36
88 0 5 5 37
77 0 186 1 38
86 0 354 5 39
86 0 55 1 40
87 0 74 4 41
83 0 95 4 42
82 0 113 4 43
84 0 123 4 44
83 0 148 1 45
80 0 163 1 46
79 0 211 1 47
81 0 232 1 48
103 0 308 1 49
88 0 254 1 50
99 0 268 1 51
83 0 305 1 52
95 0 217 1 53
90 0 239 1 54
92 0 117 4 55
93 0 127 4 56
94 0 175 1 57
94 0 194 1 58
98 0 259 1 59
102 0 274 1 60
123 0 267 1 61
93 0 105 4 62
93 0 150 1 63
114 0 290 1 64
113 0 48 4 65
114 0 228 1 66
120 0 241 1 67
124 0 255 1 68
98 0 304 1 69
116 0 300 1 70
100 0 179 1 71
101 0 199 1 72
105 0 216 1 73
135 0 16 4 74
102 0 105 4 75
103 0 115 4 76
105 0 129 4 77
103 0 158 1 78
133 0 35 4 79
107 0 112 4 80
108 0 130 1 81
108 0 153 1 82
112 0 163 1 83
108 0 96 4 84
127 0 193 1 85
109 0 221 1 86
112 0 241 1 87
116 0 259 1 88
117 0 278 1 89
132 0 288 1 90
112 0 332 1 91
126 0 325 1 92
147 0 130 4 93
131 0 200 1 94
124 0 221 1 95
138 0 225 1 96
143 0 14 1 97
134 0 178 1 98
145 0 239 1 99
141 0 262 1 100
135 0 288 1 101
127 0 98 4 102
122 0 118 1 103
131 0 107 4 104
133 0 30 1 105
133 0 47 4 106
128 0 57 4 107
127 0 69 4 108
127 0 80 4 109
124 0 133 1 110
146 0 115 4 111
134 0 104 4 112
126 0 345 5 113
131 0 126 1 114
135 0 104 4 115
150 0 118 4 116
135 0 88 4 117
136 0 96 4 118
138 0 115 1 119
151 0 105 4 120
135 0 112 1 121
138 0 68 4 122
140 0 100 4 123
143 0 125 1 124
156 0 100 4 125
155 0 122 4 126
140 0 326 1 127
143 0 106 4 128
153 0 109 4 129
144 0 99 4 130
142 0 116 1 131
161 0 109 4 132
148 0 166 1 133
160 0 106 4 134
160 0 119 4 135
147 0 181 1 136
155 0 97 4 137
158 0 104 4 138
149 0 221 1 139
155 0 197 1 140
155 0 134 1 141
156 0 293 1 142
158 0 319 1 143
160 0 91 4 144
162 0 105 4 145
161 0 52 4 146
165 0 148 1 147
165 0 82 4 148
158 0 106 1 149
166 0 102 4 150
162 0 114 1 151
172 0 109 4 152
164 0 132 1 153
177 0 276 1 154
168 0 286 1 155
171 0 167 1 156
171 0 178 1 157
183 0 264 1 158
176 0 196 1 159
177 0 49 4 160
181 0 212 1 161
173 0 339 1 162
184 0 86 4 163
180 0 287 1 164
185 0 295 1 165
183 0 119 1 166
185 0 298 1 167
186 0 123 1 168
193 0 100 4 169
191 0 167 1 170
189 0 178 1 171
192 0 50 4 172
194 0 111 4 173
193 0 202 1 174
197 0 212 1 175
195 0 287 1 176
198 0 286 1 177
198 0 89 4 178
198 0 97 4 179
196 0 109 1 180
199 0 94 4 181
198 0 110 1 182
196 0 132 1 183
196 0 144 1 184
199 0 149 1 185
199 0 340 1 186
208 0 104 4 187
202 0 135 1 188
201 0 299 1 189
206 0 112 1 190
203 0 112 1 191
206 0 147 1 192
208 0 121 1 193
213 0 103 4 194
212 0 149 1 195
211 0 41 1 196
217 0 99 4 197
219 0 106 4 198
211 0 293 1 199
218 0 124 1 200
220 0 84 4 201
211 0 345 5 202
217 0 308 1 203
217 0 128 1 204
220 0 126 1 205
214 0 215 1 206
218 0 279 1 207
219 0 202 1 208
224 0 95 4 209
221 0 167 1 210
218 0 175 1 211
224 0 102 4 212
224 0 293 1 213
231 0 48 4 214
230 0 287 1 215
233 0 89 4 216
232 0 287 1 217
234 0 130 1 218
233 0 215 1 219
235 0 340 1 220
237 0 197 1 221
237 0 180 1 222
238 0 299 1 223
240 0 118 1 224
238 0 169 1 225
242 0 103 4 226
245 0 278 1 227
243 0 91 4 228
246 0 303 1 229
249 0 49 4 230
246 0 90 4 231
244 0 100 4 232
244 0 106 4 233
246 0 121 1 234
249 0 139 1 235
248 0 101 4 236
251 0 88 4 237
253 0 127 1 238
250 0 98 4 239
252 0 109 4 240
254 0 99 4 241
257 0 298 1 242
261 0 339 1 243
256 0 99 4 244
261 0 201 1 245
261 0 221 1 246
259 0 99 4 247
264 0 180 1 248
263 0 164 1 249
262 0 109 4 250
259 0 110 4 251
262 0 124 1 252
265 0 142 1 253
262 0 90 4 254
261 0 100 4 255
262 0 93 4 256
265 0 303 1 257
267 0 132 1 258
274 0 98 4 259
272 0 117 1 260
269 0 117 1 261
274 0 134 1 262
275 0 108 1 263
267 0 49 4 264
278 0 90 4 265
278 0 116 1 266
278 0 106 4 267
281 0 143 1 268
280 0 118 4 269
281 0 124 1 270
282 0 98 4 271
284 0 345 5 272
285 0 103 4 273
289 0 102 4 274
281 0 173 1 275
285 0 263 1 276
279 0 270 1 277
280 0 293 1 278
286 0 165 1 279
278 0 199 1 280
286 0 221 1 281
288 0 241 1 282
300 0 44 1 283
300 0 93 4 284
288 0 188 1 285
303 0 218 1 286
284 0 229 1 287
300 0 262 1 288
298 0 280 1 289
289 0 295 1 290
300 0 334 1 291
293 0 345 1 292
299 0 104 4 293
299 0 124 1 294
299 0 141 1 295
298 0 169 1 296
311 0 103 4 297
307 0 117 1 298
306 0 131 1 299
309 0 148 1 300
313 0 154 4 301
315 0 178 1 302
320 0 208 1 303
303 0 81 4 304
310 0 241 1 305
309 0 258 1 306
308 0 276 1 307
303 0 288 1 308
299 0 302 1 309
319 0 103 4 310
319 0 150 1 311
318 0 317 1 312
319 0 120 1 313
321 0 128 4 314
324 0 169 1 315
326 0 187 1 316
318 0 261 1 317
318 0 269 1 318
322 0 284 1 319
322 0 217 1 320
321 0 240 1 321
314 0 52 4 322
312 0 69 4 323
330 0 245 1 324
333 0 269 1 325
329 0 310 1 326
316 0 59 4 327
318 0 72 4 328
327 0 96 4 329
328 0 112 4 330
328 0 128 1 331
332 0 144 1 332
332 0 166 1 333
332 0 209 1 334
330 0 232 1 335
334 0 326 1 336
334 0 186 1 337
324 0 354 5 338
327 0 47 4 339
326 0 60 4 340
353 0 356 5 341
334 0 39 4 342
352 0 60 4 343
361 0 10 5 344
369 0 339 1 345
375 0 57 1 346
382 0 9 5 347
390 0 336 1 348
383 0 63 4 349
408 0 9 5 350
407 0 60 1 351
411 0 333 1 352
429 0 8 5 353
411 0 64 4 354
445 0 197 1 355
420 0 200 1 356
421 0 219 1 357
421 0 233 1 358
438 0 264 1 359
435 0 283 1 360
418 0 281 1 361
429 0 313 1 362
447 0 348 5 363
415 0 314 1 364
412 0 116 4 365
408 0 129 4 366
445 0 162 1 367
446 0 180 1 368
416 0 67 4 369
448 0 121 1 370
441 0 317 1 371
457 0 9 5 372
430 0 65 4 373
428 0 78 4 374
425 0 92 4 375
452 0 103 1 376
428 0 115 4 377
473 0 315 5 378
430 0 57 4 379
435 0 104 4 380
468 0 137 1 381
436 0 30 4 382
471 0 156 1 383
480 0 181 5 384
480 0 210 5 385
471 0 249 1 386
468 0 271 1 387
480 0 300 5 388
481 0 233 5 389
441 0 43 4 390
442 0 90 4 391
490 0 13 5 392
452 0 65 4 393
466 0 80 1 394
491 0 35 5 395
-64 0 -5 5 396
-43 0 -5 5 397
-16 0 -5 5 398
5 0 -5 5 399
49 0 7 1 400
53 0 -5 5 401
80 0 -5 5 402
101 0 -5 5 403
122 0 -5 5 404
143 0 -5 5 405
165 0 -5 5 406
186 0 -5 5 407
207 0 -5 5 408
227 0 -5 5 409
245 0 0 1 410
264 0 -5 5 411
285 0 -5 5 412
306 0 -5 5 413
327 0 -5 5 414
333 0 2 1 415
364 0 -5 5 416
385 0 -5 5 417
417 0 -5 5 418
415 0 7 1 419
465 0 -5 5 420
492 0 -5 5 421
459 0 24 4 422
461 0 41 4 423
504 0 47 5 424
504 0 68 5 425
504 0 89 5 426
504 0 110 5 427
504 0 132 5 428
504 0 153 5 429
504 0 174 5 430
465 0 182 1 431
504 0 215 5 432
469 0 217 1 433
504 0 263 5 434
504 0 284 5 435
504 0 305 5 436
472 0 299 1 437
504 0 353 5 438
488 0 359 5 439
473 0 365 5 440
446 0 365 5 441
425 0 365 5 442
404 0 365 5 443
383 0 365 5 444
362 0 365 5 445
335 0 365 5 446
308 0 365 5 447
281 0 365 5 448
260 0 365 5 449
239 0 365 5 450
219 0 365 5 451
192 0 365 5 452
171 0 365 5 453
150 0 365 5 454
128 0 365 5 455
102 0 365 5 456
75 0 365 5 457
54 0 365 5 458
27 0 365 5 459
21 0 343 1 460
-15 0 365 5 461
-36 0 365 5 462
-53 0 349 5 463
-64 0 338 5 464
-31 0 280 1 465
-64 0 296 5 466
-56 0 264 1 467
-64 0 248 5 468
-64 0 227 5 469
-64 0 206 5 470
-64 0 185 5 471
-64 0 165 5 472
-64 0 143 5 473
-21 0 116 4 474
-64 0 101 5 475
-40 0 83 1 476
-26 0 67 4 477
-25 0 50 4 478
-64 0 17 5 479
