480
38 0 97 4 0
-36 0 116 5 1
-35 0 77 5 2
30 0 91 4 3
-35 0 60 5 4
40 0 107 4 5
-30 0 44 5 6
42 0 76 4 7
5 0 115 1 8
49 0 113 4 9
-5 0 143 1 10
-10 0 162 1 11
-12 0 180 1 12
-12 0 199 1 13
-25 0 228 5 14
-25 0 243 5 15
-6 0 243 1 16
-25 0 279 5 17
1 0 271 1 18
32 0 244 1 19
-25 0 327 5 20
-25 0 342 5 21
56 0 64 4 22
52 0 75 4 23
2 0 12 5 24
21 0 299 1 25
51 0 72 4 26
90 0 42 4 27
47 0 67 1 28
14 0 350 5 29
49 0 11 5 30
63 0 70 4 31
44 0 350 5 32
80 0 72 4 33
67 0 11 5 34
65 0 315 1 35
84 0 68 4 36
97 0 11 5 37
74 0 183 1 38
91 0 349 5 39
91 0 57 1 40
91 0 76 4 41
86 0 95 4 42
84 0 111 4 43
87 0 116 4 44
85 0 145 1 45
80 0 159 1 46
79 0 209 1 47
82 0 226 1 48
121 0 282 1 49
94 0 246 1 50
113 0 253 1 51
84 0 301 1 52
100 0 214 1 53
91 0 234 1 54
94 0 114 4 55
96 0 117 4 56
97 0 172 1 57
96 0 191 1 58
105 0 253 1 59
112 0 264 1 60
149 0 237 1 61
93 0 103 4 62
95 0 142 1 63
132 0 266 1 64
128 0 55 4 65
127 0 215 1 66
138 0 223 1 67
145 0 229 1 68
98 0 304 1 69
130 0 283 1 70
100 0 178 1 71
102 0 200 1 72
108 0 215 1 73
162 0 30 4 74
102 0 103 4 75
104 0 111 4 76
108 0 122 4 77
104 0 156 1 78
155 0 44 4 79
108 0 111 4 80
108 0 126 1 81
109 0 149 1 82
116 0 150 1 83
108 0 96 4 84
143 0 188 1 85
109 0 221 1 86
115 0 237 1 87
122 0 252 1 88
125 0 269 1 89
151 0 264 1 90
116 0 323 1 91
141 0 298 1 92
169 0 100 4 93
141 0 195 1 94
128 0 218 1 95
153 0 208 1 96
161 0 23 1 97
144 0 176 1 98
164 0 217 1 99
158 0 240 1 100
146 0 274 1 101
131 0 90 4 102
122 0 117 1 103
138 0 90 4 104
142 0 34 1 105
141 0 54 4 106
132 0 59 4 107
131 0 69 4 108
130 0 77 4 109
126 0 129 1 110
165 0 91 4 111
140 0 90 4 112
127 0 344 5 113
133 0 123 1 114
140 0 94 4 115
166 0 96 4 116
137 0 82 4 117
140 0 87 4 118
143 0 110 1 119
165 0 86 4 120
135 0 111 1 121
139 0 69 4 122
143 0 93 4 123
148 0 117 1 124
171 0 80 4 125
169 0 103 4 126
143 0 323 1 127
147 0 100 4 128
164 0 93 4 129
146 0 94 4 130
144 0 114 1 131
177 0 86 4 132
153 0 166 1 133
174 0 86 4 134
175 0 97 4 135
150 0 181 1 136
164 0 84 4 137
168 0 89 4 138
152 0 217 1 139
163 0 190 1 140
162 0 123 1 141
162 0 276 1 142
166 0 297 1 143
169 0 79 4 144
173 0 91 4 145
168 0 55 4 146
174 0 145 1 147
173 0 71 4 148
159 0 103 1 149
175 0 91 4 150
167 0 107 1 151
185 0 89 4 152
171 0 121 1 153
190 0 234 1 154
172 0 273 1 155
174 0 166 1 156
173 0 176 1 157
195 0 224 1 158
182 0 190 1 159
181 0 50 4 160
188 0 202 1 161
174 0 333 1 162
189 0 78 4 163
184 0 273 1 164
190 0 269 1 165
186 0 107 1 166
188 0 286 1 167
187 0 116 1 168
195 0 87 4 169
191 0 167 1 170
189 0 177 1 171
194 0 51 4 172
197 0 97 4 173
194 0 201 1 174
201 0 202 1 175
197 0 273 1 176
201 0 253 1 177
198 0 83 4 178
199 0 91 4 179
196 0 109 1 180
202 0 79 4 181
200 0 103 1 182
196 0 132 1 183
195 0 145 1 184
200 0 150 1 185
202 0 334 1 186
216 0 87 4 187
204 0 132 1 188
202 0 288 1 189
210 0 103 1 190
204 0 110 1 191
209 0 151 1 192
212 0 115 1 193
218 0 91 4 194
215 0 153 1 195
213 0 37 1 196
221 0 86 4 197
225 0 89 4 198
210 0 277 1 199
221 0 110 1 200
224 0 74 4 201
209 0 344 5 202
218 0 293 1 203
217 0 127 1 204
222 0 118 1 205
212 0 208 1 206
219 0 259 1 207
219 0 200 1 208
228 0 85 4 209
222 0 166 1 210
215 0 172 1 211
228 0 92 4 212
223 0 276 1 213
232 0 49 4 214
230 0 254 1 215
233 0 83 4 216
232 0 273 1 217
233 0 129 1 218
231 0 208 1 219
234 0 335 1 220
235 0 193 1 221
235 0 179 1 222
237 0 288 1 223
239 0 114 1 224
234 0 170 1 225
240 0 91 4 226
243 0 259 1 227
239 0 74 4 228
245 0 282 1 229
247 0 50 4 230
242 0 77 4 231
240 0 82 4 232
240 0 87 4 233
243 0 109 1 234
247 0 134 1 235
245 0 89 4 236
248 0 82 4 237
251 0 119 1 238
244 0 79 4 239
246 0 92 4 240
249 0 86 4 241
254 0 286 1 242
261 0 333 1 243
249 0 81 4 244
258 0 198 1 245
258 0 217 1 246
254 0 86 4 247
263 0 179 1 248
259 0 162 1 249
256 0 95 4 250
251 0 90 4 251
257 0 110 1 252
263 0 137 1 253
257 0 79 4 254
254 0 84 4 255
254 0 77 4 256
259 0 282 1 257
263 0 121 1 258
274 0 89 4 259
272 0 113 1 260
266 0 108 1 261
274 0 134 1 262
275 0 104 1 263
259 0 51 4 264
278 0 85 4 265
278 0 113 1 266
279 0 91 4 267
283 0 142 1 268
281 0 100 4 269
282 0 116 1 270
282 0 87 4 271
284 0 344 5 272
286 0 91 4 273
290 0 93 4 274
274 0 167 1 275
281 0 260 1 276
272 0 255 1 277
272 0 282 1 278
283 0 162 1 279
269 0 193 1 280
283 0 217 1 281
286 0 238 1 282
300 0 43 1 283
298 0 91 4 284
277 0 180 1 285
303 0 216 1 286
270 0 216 1 287
299 0 257 1 288
294 0 273 1 289
279 0 278 1 290
298 0 327 1 291
287 0 335 1 292
297 0 96 4 293
297 0 115 1 294
297 0 128 1 295
294 0 161 1 296
313 0 100 4 297
307 0 114 1 298
305 0 125 1 299
311 0 138 1 300
316 0 132 4 301
321 0 162 1 302
330 0 201 1 303
299 0 80 4 304
310 0 238 1 305
309 0 252 1 306
306 0 268 1 307
296 0 274 1 308
290 0 285 1 309
319 0 100 4 310
320 0 142 1 311
318 0 314 1 312
319 0 118 1 313
322 0 120 4 314
328 0 161 1 315
332 0 180 1 316
318 0 256 1 317
317 0 255 1 318
325 0 267 1 319
324 0 215 1 320
322 0 236 1 321
307 0 56 4 322
305 0 71 4 323
333 0 230 1 324
337 0 254 1 325
330 0 309 1 326
307 0 64 4 327
310 0 73 4 328
327 0 96 4 329
328 0 109 4 330
328 0 125 1 331
335 0 137 1 332
334 0 164 1 333
335 0 205 1 334
330 0 227 1 335
338 0 315 1 336
337 0 183 1 337
320 0 349 5 338
314 0 56 4 339
311 0 66 4 340
350 0 350 5 341
313 0 54 4 342
343 0 67 4 343
353 0 13 5 344
364 0 319 1 345
368 0 61 1 346
372 0 13 5 347
381 0 315 1 348
365 0 70 4 349
400 0 13 5 350
391 0 66 1 351
396 0 309 1 352
419 0 12 5 353
384 0 73 4 354
441 0 194 1 355
396 0 182 1 356
398 0 201 1 357
398 0 214 1 358
428 0 255 1 359
423 0 270 1 360
392 0 252 1 361
411 0 295 1 362
444 0 346 5 363
386 0 275 1 364
380 0 110 4 365
373 0 116 4 366
441 0 161 1 367
442 0 179 1 368
380 0 78 4 369
433 0 118 1 370
422 0 294 1 371
448 0 13 5 372
393 0 76 4 373
389 0 84 4 374
382 0 94 4 375
430 0 102 1 376
388 0 108 4 377
466 0 306 5 378
386 0 72 4 379
389 0 101 4 380
448 0 133 1 381
389 0 52 4 382
453 0 150 1 383
470 0 177 5 384
470 0 206 5 385
453 0 234 1 386
448 0 253 1 387
470 0 291 5 388
470 0 226 5 389
396 0 61 4 390
395 0 92 4 391
475 0 21 5 392
407 0 76 4 393
432 0 83 1 394
476 0 40 5 395
-43 0 5 5 396
-24 0 5 5 397
5 0 5 5 398
24 0 5 5 399
83 0 25 1 400
71 0 5 5 401
100 0 5 5 402
119 0 5 5 403
137 0 5 5 404
156 0 5 5 405
175 0 5 5 406
193 0 5 5 407
212 0 5 5 408
230 0 5 5 409
243 0 14 1 410
257 0 5 5 411
276 0 5 5 412
295 0 5 5 413
313 0 5 5 414
304 0 16 1 415
340 0 5 5 416
359 0 5 5 417
398 0 5 5 418
376 0 27 1 419
446 0 5 5 420
475 0 5 5 421
402 0 51 4 422
406 0 62 4 423
483 0 53 5 424
483 0 72 5 425
483 0 91 5 426
483 0 109 5 427
483 0 128 5 428
483 0 147 5 429
483 0 166 5 430
413 0 163 1 431
483 0 202 5 432
421 0 186 1 433
483 0 249 5 434
483 0 268 5 435
483 0 287 5 436
425 0 256 1 437
483 0 334 5 438
474 0 345 5 439
466 0 355 5 440
437 0 355 5 441
418 0 355 5 442
399 0 355 5 443
381 0 355 5 444
362 0 355 5 445
333 0 355 5 446
304 0 355 5 447
275 0 355 5 448
257 0 355 5 449
238 0 355 5 450
220 0 355 5 451
191 0 355 5 452
173 0 355 5 453
154 0 355 5 454
135 0 355 5 455
106 0 355 5 456
78 0 355 5 457
59 0 355 5 458
30 0 355 5 459
39 0 315 1 460
-7 0 355 5 461
-26 0 355 5 462
-37 0 326 5 463
-43 0 314 5 464
16 0 228 1 465
-43 0 276 5 466
-28 0 237 1 467
-43 0 229 5 468
-43 0 210 5 469
-43 0 191 5 470
-43 0 174 5 471
-43 0 155 5 472
-43 0 136 5 473
34 0 106 4 474
-43 0 99 5 475
-1 0 86 1 476
25 0 76 4 477
28 0 65 4 478
-43 0 24 5 479
