480
43 0 96 4 0
-34 0 116 5 1
-33 0 77 5 2
35 0 91 4 3
-33 0 61 5 4
45 0 106 4 5
-28 0 44 5 6
47 0 77 4 7
7 0 114 1 8
54 0 112 4 9
-3 0 142 1 10
-8 0 160 1 11
-10 0 180 1 12
-11 0 198 1 13
-24 0 227 5 14
-24 0 243 5 15
-4 0 241 1 16
-24 0 278 5 17
3 0 268 1 18
36 0 239 1 19
-24 0 326 5 20
-24 0 341 5 21
61 0 66 4 22
57 0 77 4 23
3 0 12 5 24
23 0 296 1 25
54 0 73 4 26
95 0 44 4 27
49 0 68 1 28
15 0 349 5 29
50 0 12 5 30
65 0 71 4 31
44 0 349 5 32
82 0 73 4 33
68 0 11 5 34
66 0 312 1 35
85 0 68 4 36
98 0 11 5 37
74 0 183 1 38
91 0 348 5 39
91 0 57 1 40
92 0 76 4 41
86 0 95 4 42
84 0 111 4 43
87 0 115 4 44
85 0 145 1 45
80 0 158 1 46
78 0 208 1 47
82 0 225 1 48
123 0 279 1 49
94 0 245 1 50
115 0 251 1 51
84 0 300 1 52
100 0 214 1 53
91 0 234 1 54
94 0 113 4 55
96 0 116 4 56
97 0 171 1 57
97 0 191 1 58
105 0 252 1 59
113 0 263 1 60
152 0 233 1 61
94 0 103 4 62
95 0 141 1 63
134 0 263 1 64
130 0 56 4 65
128 0 214 1 66
140 0 220 1 67
148 0 226 1 68
98 0 304 1 69
132 0 281 1 70
100 0 178 1 71
102 0 200 1 72
109 0 215 1 73
165 0 32 4 74
102 0 103 4 75
104 0 110 4 76
108 0 121 4 77
104 0 156 1 78
158 0 45 4 79
108 0 111 4 80
109 0 126 1 81
109 0 148 1 82
116 0 148 1 83
108 0 96 4 84
145 0 188 1 85
110 0 221 1 86
116 0 236 1 87
123 0 251 1 88
126 0 268 1 89
154 0 261 1 90
116 0 322 1 91
143 0 295 1 92
172 0 96 4 93
142 0 195 1 94
128 0 217 1 95
155 0 207 1 96
163 0 24 1 97
146 0 176 1 98
166 0 214 1 99
160 0 237 1 100
148 0 272 1 101
132 0 89 4 102
122 0 117 1 103
139 0 88 4 104
143 0 35 1 105
142 0 54 4 106
133 0 59 4 107
131 0 69 4 108
131 0 77 4 109
126 0 129 1 110
167 0 88 4 111
141 0 88 4 112
127 0 344 5 113
134 0 122 1 114
140 0 92 4 115
168 0 93 4 116
138 0 81 4 117
140 0 86 4 118
143 0 109 1 119
167 0 84 4 120
136 0 111 1 121
140 0 69 4 122
144 0 92 4 123
149 0 116 1 124
173 0 78 4 125
170 0 101 4 126
143 0 323 1 127
147 0 99 4 128
166 0 92 4 129
147 0 94 4 130
144 0 114 1 131
179 0 83 4 132
154 0 166 1 133
176 0 84 4 134
177 0 95 4 135
151 0 181 1 136
165 0 83 4 137
170 0 88 4 138
153 0 216 1 139
164 0 190 1 140
163 0 121 1 141
163 0 275 1 142
167 0 294 1 143
170 0 78 4 144
174 0 89 4 145
169 0 55 4 146
176 0 144 1 147
174 0 70 4 148
160 0 103 1 149
176 0 89 4 150
168 0 106 1 151
186 0 86 4 152
172 0 120 1 153
192 0 229 1 154
173 0 271 1 155
174 0 166 1 156
173 0 176 1 157
196 0 219 1 158
182 0 189 1 159
181 0 50 4 160
189 0 201 1 161
174 0 332 1 162
190 0 77 4 163
184 0 272 1 164
191 0 265 1 165
186 0 106 1 166
188 0 285 1 167
187 0 116 1 168
196 0 86 4 169
192 0 167 1 170
189 0 177 1 171
194 0 51 4 172
197 0 95 4 173
194 0 201 1 174
201 0 201 1 175
197 0 272 1 176
201 0 249 1 177
199 0 82 4 178
199 0 90 4 179
196 0 109 1 180
202 0 77 4 181
200 0 102 1 182
196 0 132 1 183
195 0 145 1 184
201 0 150 1 185
202 0 334 1 186
217 0 84 4 187
205 0 132 1 188
203 0 286 1 189
210 0 102 1 190
204 0 110 1 191
209 0 152 1 192
212 0 115 1 193
219 0 89 4 194
215 0 154 1 195
213 0 36 1 196
222 0 85 4 197
225 0 87 4 198
210 0 275 1 199
221 0 108 1 200
224 0 72 4 201
209 0 344 5 202
218 0 291 1 203
217 0 127 1 204
222 0 117 1 205
212 0 207 1 206
219 0 257 1 207
220 0 200 1 208
228 0 83 4 209
222 0 166 1 210
215 0 171 1 211
228 0 90 4 212
222 0 275 1 213
232 0 49 4 214
229 0 250 1 215
233 0 82 4 216
232 0 272 1 217
233 0 129 1 218
230 0 207 1 219
234 0 334 1 220
235 0 192 1 221
234 0 179 1 222
236 0 286 1 223
239 0 113 1 224
234 0 170 1 225
239 0 90 4 226
243 0 256 1 227
238 0 72 4 228
244 0 280 1 229
247 0 50 4 230
242 0 76 4 231
239 0 79 4 232
239 0 85 4 233
242 0 107 1 234
247 0 134 1 235
244 0 88 4 236
248 0 82 4 237
251 0 118 1 238
244 0 77 4 239
246 0 89 4 240
249 0 85 4 241
254 0 285 1 242
261 0 332 1 243
249 0 79 4 244
258 0 197 1 245
258 0 216 1 246
253 0 84 4 247
262 0 179 1 248
259 0 162 1 249
256 0 93 4 250
250 0 88 4 251
256 0 109 1 252
262 0 136 1 253
256 0 77 4 254
253 0 82 4 255
253 0 75 4 256
259 0 280 1 257
263 0 120 1 258
274 0 88 4 259
271 0 113 1 260
265 0 107 1 261
274 0 134 1 262
275 0 103 1 263
258 0 51 4 264
278 0 84 4 265
278 0 112 1 266
279 0 89 4 267
284 0 142 1 268
281 0 98 4 269
282 0 115 1 270
283 0 86 4 271
284 0 344 5 272
286 0 90 4 273
291 0 92 4 274
274 0 166 1 275
281 0 260 1 276
271 0 253 1 277
271 0 281 1 278
283 0 162 1 279
268 0 192 1 280
283 0 216 1 281
286 0 238 1 282
299 0 43 1 283
298 0 91 4 284
276 0 179 1 285
304 0 215 1 286
269 0 215 1 287
299 0 257 1 288
294 0 272 1 289
278 0 276 1 290
298 0 326 1 291
286 0 334 1 292
296 0 95 4 293
296 0 114 1 294
296 0 126 1 295
294 0 160 1 296
314 0 99 4 297
307 0 114 1 298
305 0 125 1 299
311 0 136 1 300
317 0 130 4 301
321 0 160 1 302
331 0 200 1 303
298 0 80 4 304
310 0 238 1 305
308 0 252 1 306
306 0 267 1 307
296 0 272 1 308
289 0 284 1 309
320 0 100 4 310
320 0 141 1 311
318 0 314 1 312
319 0 118 1 313
323 0 119 4 314
329 0 160 1 315
333 0 179 1 316
318 0 256 1 317
317 0 253 1 318
325 0 264 1 319
324 0 215 1 320
322 0 235 1 321
307 0 57 4 322
304 0 71 4 323
333 0 228 1 324
338 0 252 1 325
330 0 309 1 326
305 0 64 4 327
309 0 73 4 328
326 0 96 4 329
328 0 109 4 330
328 0 124 1 331
335 0 136 1 332
335 0 164 1 333
335 0 205 1 334
331 0 226 1 335
338 0 313 1 336
338 0 183 1 337
320 0 348 5 338
313 0 57 4 339
309 0 67 4 340
350 0 349 5 341
310 0 56 4 342
342 0 68 4 343
352 0 14 5 344
363 0 317 1 345
367 0 61 1 346
371 0 13 5 347
379 0 312 1 348
363 0 71 4 349
399 0 14 5 350
389 0 67 1 351
394 0 306 1 352
417 0 13 5 353
381 0 74 4 354
441 0 194 1 355
393 0 180 1 356
395 0 199 1 357
395 0 212 1 358
427 0 254 1 359
421 0 269 1 360
389 0 249 1 361
409 0 292 1 362
444 0 345 5 363
383 0 270 1 364
377 0 109 4 365
369 0 115 4 366
440 0 161 1 367
441 0 179 1 368
375 0 79 4 369
431 0 118 1 370
420 0 291 1 371
447 0 13 5 372
388 0 77 4 373
384 0 85 4 374
377 0 94 4 375
428 0 102 1 376
383 0 107 4 377
465 0 305 5 378
380 0 74 4 379
384 0 101 4 380
445 0 132 1 381
384 0 55 4 382
451 0 150 1 383
468 0 176 5 384
468 0 206 5 385
451 0 232 1 386
446 0 250 1 387
468 0 290 5 388
469 0 225 5 389
391 0 63 4 390
389 0 93 4 391
473 0 22 5 392
401 0 77 4 393
428 0 83 1 394
474 0 40 5 395
-40 0 7 5 396
-22 0 7 5 397
7 0 7 5 398
26 0 7 5 399
87 0 28 1 400
73 0 7 5 401
102 0 7 5 402
121 0 7 5 403
139 0 7 5 404
158 0 7 5 405
176 0 7 5 406
194 0 7 5 407
213 0 7 5 408
230 0 7 5 409
243 0 16 1 410
256 0 7 5 411
275 0 7 5 412
293 0 7 5 413
312 0 7 5 414
300 0 18 1 415
338 0 7 5 416
356 0 7 5 417
396 0 7 5 418
371 0 29 1 419
443 0 7 5 420
472 0 7 5 421
396 0 54 4 422
400 0 64 4 423
480 0 54 5 424
480 0 72 5 425
480 0 91 5 426
480 0 109 5 427
480 0 128 5 428
480 0 146 5 429
480 0 165 5 430
407 0 160 1 431
480 0 200 5 432
415 0 182 1 433
480 0 248 5 434
480 0 266 5 435
480 0 285 5 436
419 0 251 1 437
480 0 332 5 438
472 0 343 5 439
465 0 353 5 440
436 0 353 5 441
417 0 353 5 442
399 0 353 5 443
380 0 353 5 444
362 0 353 5 445
333 0 353 5 446
304 0 353 5 447
275 0 353 5 448
256 0 353 5 449
238 0 353 5 450
220 0 353 5 451
191 0 353 5 452
173 0 353 5 453
155 0 353 5 454
136 0 353 5 455
107 0 353 5 456
78 0 353 5 457
60 0 353 5 458
30 0 353 5 459
42 0 312 1 460
-6 0 353 5 461
-25 0 353 5 462
-35 0 324 5 463
-40 0 311 5 464
21 0 222 1 465
-40 0 274 5 466
-24 0 234 1 467
-40 0 226 5 468
-40 0 208 5 469
-40 0 190 5 470
-40 0 172 5 471
-40 0 154 5 472
-40 0 135 5 473
41 0 105 4 474
-40 0 99 5 475
4 0 86 1 476
31 0 77 4 477
34 0 67 4 478
-40 0 25 5 479
