480
-13 0 101 4 0
-52 0 120 5 1
-51 0 74 5 2
-16 0 90 4 3
-51 0 56 5 4
-5 0 115 4 5
-41 0 39 5 6
-2 0 65 4 7
-17 0 119 1 8
6 0 128 4 9
-22 0 153 1 10
-25 0 172 1 11
-26 0 190 1 12
-26 0 210 1 13
-33 0 235 5 14
-33 0 250 5 15
-22 0 258 1 16
-33 0 288 5 17
-19 0 292 1 18
-2 0 287 1 19
-33 0 338 5 20
-33 0 352 5 21
13 0 42 4 22
11 0 65 4 23
-10 0 7 5 24
2 0 328 1 25
19 0 63 4 26
48 0 22 4 27
27 0 60 1 28
11 0 356 5 29
37 0 5 5 30
45 0 62 4 31
38 0 356 5 32
64 0 63 4 33
59 0 5 5 34
59 0 337 1 35
74 0 61 4 36
87 0 5 5 37
77 0 186 1 38
85 0 355 5 39
86 0 55 1 40
86 0 74 4 41
83 0 95 4 42
82 0 113 4 43
84 0 124 4 44
83 0 148 1 45
80 0 164 1 46
79 0 211 1 47
81 0 232 1 48
102 0 309 1 49
88 0 254 1 50
98 0 269 1 51
83 0 306 1 52
95 0 217 1 53
90 0 239 1 54
92 0 118 4 55
93 0 127 4 56
94 0 176 1 57
94 0 194 1 58
98 0 260 1 59
102 0 275 1 60
122 0 269 1 61
93 0 105 4 62
93 0 150 1 63
113 0 291 1 64
112 0 48 4 65
114 0 229 1 66
120 0 242 1 67
123 0 256 1 68
98 0 304 1 69
115 0 301 1 70
100 0 179 1 71
101 0 199 1 72
105 0 216 1 73
134 0 15 4 74
102 0 105 4 75
103 0 116 4 76
105 0 130 4 77
103 0 158 1 78
132 0 35 4 79
107 0 112 4 80
108 0 130 1 81
108 0 153 1 82
111 0 163 1 83
108 0 96 4 84
127 0 193 1 85
109 0 221 1 86
112 0 241 1 87
115 0 259 1 88
117 0 279 1 89
131 0 289 1 90
112 0 332 1 91
125 0 326 1 92
146 0 131 4 93
131 0 200 1 94
124 0 221 1 95
137 0 225 1 96
142 0 14 1 97
133 0 178 1 98
144 0 240 1 99
141 0 263 1 100
134 0 289 1 101
127 0 99 4 102
122 0 118 1 103
130 0 108 4 104
133 0 30 1 105
132 0 47 4 106
128 0 57 4 107
127 0 69 4 108
127 0 80 4 109
124 0 133 1 110
145 0 116 4 111
133 0 104 4 112
126 0 345 5 113
131 0 127 1 114
135 0 105 4 115
150 0 119 4 116
135 0 89 4 117
136 0 96 4 118
138 0 115 1 119
150 0 106 4 120
135 0 112 1 121
138 0 68 4 122
140 0 101 4 123
142 0 125 1 124
155 0 101 4 125
154 0 123 4 126
140 0 326 1 127
143 0 106 4 128
152 0 109 4 129
144 0 99 4 130
142 0 116 1 131
160 0 110 4 132
148 0 166 1 133
159 0 107 4 134
160 0 120 4 135
147 0 181 1 136
155 0 98 4 137
157 0 105 4 138
149 0 221 1 139
155 0 197 1 140
155 0 135 1 141
156 0 293 1 142
158 0 320 1 143
160 0 91 4 144
162 0 106 4 145
160 0 52 4 146
164 0 149 1 147
165 0 82 4 148
158 0 106 1 149
166 0 103 4 150
162 0 115 1 151
171 0 110 4 152
164 0 132 1 153
176 0 278 1 154
167 0 287 1 155
171 0 167 1 156
171 0 178 1 157
183 0 266 1 158
176 0 196 1 159
176 0 49 4 160
181 0 213 1 161
173 0 340 1 162
183 0 86 4 163
180 0 288 1 164
184 0 297 1 165
183 0 119 1 166
185 0 299 1 167
186 0 123 1 168
193 0 101 4 169
191 0 167 1 170
189 0 178 1 171
192 0 50 4 172
194 0 112 4 173
193 0 202 1 174
197 0 213 1 175
195 0 288 1 176
198 0 288 1 177
198 0 89 4 178
198 0 97 4 179
196 0 109 1 180
199 0 95 4 181
198 0 111 1 182
196 0 132 1 183
196 0 144 1 184
199 0 149 1 185
199 0 340 1 186
208 0 105 4 187
202 0 135 1 188
201 0 300 1 189
206 0 112 1 190
203 0 112 1 191
206 0 147 1 192
208 0 121 1 193
212 0 104 4 194
212 0 148 1 195
211 0 42 1 196
216 0 99 4 197
219 0 107 4 198
211 0 294 1 199
217 0 124 1 200
219 0 84 4 201
211 0 345 5 202
217 0 309 1 203
217 0 128 1 204
220 0 126 1 205
214 0 216 1 206
218 0 280 1 207
219 0 202 1 208
223 0 96 4 209
221 0 167 1 210
218 0 176 1 211
224 0 102 4 212
224 0 293 1 213
231 0 48 4 214
230 0 289 1 215
233 0 89 4 216
232 0 288 1 217
234 0 130 1 218
233 0 216 1 219
235 0 341 1 220
237 0 198 1 221
237 0 180 1 222
238 0 300 1 223
240 0 119 1 224
238 0 169 1 225
242 0 103 4 226
245 0 279 1 227
243 0 91 4 228
246 0 304 1 229
249 0 49 4 230
246 0 90 4 231
245 0 101 4 232
245 0 107 4 233
246 0 122 1 234
249 0 139 1 235
248 0 102 4 236
251 0 88 4 237
253 0 128 1 238
250 0 99 4 239
252 0 110 4 240
254 0 99 4 241
257 0 299 1 242
261 0 340 1 243
256 0 99 4 244
261 0 201 1 245
261 0 221 1 246
259 0 99 4 247
264 0 180 1 248
263 0 164 1 249
262 0 110 4 250
259 0 111 4 251
262 0 125 1 252
265 0 142 1 253
263 0 91 4 254
261 0 101 4 255
262 0 94 4 256
265 0 304 1 257
268 0 132 1 258
274 0 98 4 259
272 0 117 1 260
269 0 118 1 261
274 0 134 1 262
275 0 108 1 263
268 0 49 4 264
278 0 90 4 265
278 0 117 1 266
278 0 107 4 267
281 0 143 1 268
280 0 119 4 269
281 0 124 1 270
282 0 99 4 271
284 0 345 5 272
285 0 103 4 273
289 0 102 4 274
281 0 174 1 275
285 0 263 1 276
280 0 271 1 277
280 0 293 1 278
286 0 165 1 279
278 0 199 1 280
286 0 221 1 281
288 0 241 1 282
300 0 44 1 283
300 0 93 4 284
288 0 188 1 285
303 0 218 1 286
285 0 230 1 287
300 0 262 1 288
298 0 281 1 289
289 0 296 1 290
300 0 335 1 291
294 0 346 1 292
299 0 104 4 293
299 0 124 1 294
299 0 142 1 295
298 0 169 1 296
311 0 103 4 297
307 0 117 1 298
306 0 131 1 299
309 0 148 1 300
313 0 155 4 301
315 0 179 1 302
320 0 209 1 303
304 0 81 4 304
310 0 241 1 305
309 0 258 1 306
308 0 276 1 307
303 0 288 1 308
299 0 302 1 309
319 0 103 4 310
319 0 150 1 311
318 0 317 1 312
319 0 120 1 313
321 0 129 4 314
324 0 170 1 315
326 0 188 1 316
318 0 261 1 317
318 0 270 1 318
322 0 284 1 319
322 0 217 1 320
321 0 240 1 321
314 0 51 4 322
313 0 69 4 323
330 0 246 1 324
333 0 270 1 325
329 0 310 1 326
317 0 59 4 327
318 0 72 4 328
327 0 96 4 329
328 0 112 4 330
328 0 129 1 331
332 0 144 1 332
332 0 166 1 333
332 0 209 1 334
330 0 233 1 335
333 0 326 1 336
334 0 186 1 337
325 0 355 5 338
328 0 47 4 339
327 0 60 4 340
353 0 356 5 341
335 0 38 4 342
353 0 60 4 343
361 0 10 5 344
370 0 340 1 345
376 0 57 1 346
383 0 9 5 347
391 0 337 1 348
384 0 62 4 349
409 0 9 5 350
408 0 60 1 351
411 0 334 1 352
429 0 8 5 353
413 0 64 4 354
446 0 197 1 355
421 0 200 1 356
422 0 220 1 357
422 0 234 1 358
438 0 265 1 359
436 0 284 1 360
419 0 282 1 361
429 0 314 1 362
447 0 348 5 363
416 0 316 1 364
413 0 117 4 365
410 0 129 4 366
446 0 162 1 367
446 0 180 1 368
418 0 66 4 369
448 0 121 1 370
442 0 318 1 371
457 0 9 5 372
432 0 65 4 373
430 0 77 4 374
427 0 92 4 375
453 0 103 1 376
430 0 116 4 377
474 0 315 5 378
433 0 56 4 379
437 0 104 4 380
469 0 137 1 381
438 0 29 4 382
472 0 156 1 383
481 0 181 5 384
481 0 210 5 385
472 0 250 1 386
469 0 272 1 387
481 0 301 5 388
481 0 233 5 389
443 0 42 4 390
444 0 90 4 391
491 0 13 5 392
454 0 65 4 393
468 0 80 1 394
492 0 35 5 395
-65 0 -5 5 396
-44 0 -5 5 397
-17 0 -5 5 398
4 0 -5 5 399
47 0 6 1 400
52 0 -5 5 401
79 0 -5 5 402
100 0 -5 5 403
121 0 -5 5 404
143 0 -5 5 405
164 0 -5 5 406
185 0 -5 5 407
207 0 -5 5 408
227 0 -5 5 409
245 0 0 1 410
264 0 -5 5 411
285 0 -5 5 412
306 0 -5 5 413
328 0 -5 5 414
334 0 1 1 415
365 0 -5 5 416
386 0 -5 5 417
418 0 -5 5 418
417 0 6 1 419
466 0 -5 5 420
493 0 -5 5 421
462 0 23 4 422
464 0 40 4 423
505 0 47 5 424
505 0 68 5 425
505 0 89 5 426
505 0 110 5 427
505 0 132 5 428
505 0 153 5 429
505 0 174 5 430
468 0 183 1 431
505 0 216 5 432
472 0 218 1 433
505 0 264 5 434
505 0 285 5 435
505 0 306 5 436
474 0 301 1 437
505 0 354 5 438
489 0 360 5 439
473 0 365 5 440
447 0 365 5 441
425 0 365 5 442
404 0 365 5 443
383 0 365 5 444
361 0 365 5 445
335 0 365 5 446
308 0 365 5 447
281 0 365 5 448
260 0 365 5 449
239 0 365 5 450
219 0 365 5 451
192 0 365 5 452
171 0 365 5 453
149 0 365 5 454
128 0 365 5 455
101 0 365 5 456
75 0 365 5 457
53 0 365 5 458
27 0 365 5 459
20 0 344 1 460
-16 0 365 5 461
-37 0 365 5 462
-54 0 350 5 463
-65 0 340 5 464
-34 0 283 1 465
-65 0 297 5 466
-57 0 265 1 467
-65 0 249 5 468
-65 0 228 5 469
-65 0 207 5 470
-65 0 185 5 471
-65 0 165 5 472
-65 0 144 5 473
-24 0 116 4 474
-65 0 101 5 475
-42 0 83 1 476
-29 0 67 4 477
-27 0 49 4 478
-65 0 16 5 479
