480
85 0 93 4 0
-20 0 112 5 1
-20 0 80 5 2
74 0 91 4 3
-20 0 64 5 4
82 0 99 4 5
-19 0 48 5 6
84 0 86 4 7
25 0 111 1 8
88 0 100 4 9
11 0 134 1 10
4 0 152 1 11
1 0 172 1 12
0 0 189 1 13
-18 0 222 5 14
-18 0 238 5 15
10 0 228 1 16
-18 0 270 5 17
20 0 251 1 18
64 0 203 1 19
-18 0 317 5 20
-18 0 333 5 21
96 0 83 4 22
91 0 85 4 23
12 0 16 5 24
38 0 271 1 25
81 0 80 4 26
130 0 61 4 27
66 0 73 1 28
17 0 344 5 29
59 0 16 5 30
80 0 78 4 31
48 0 344 5 32
96 0 81 4 33
76 0 16 5 34
71 0 294 1 35
92 0 74 4 36
107 0 16 5 37
72 0 180 1 38
95 0 344 5 39
95 0 58 1 40
96 0 78 4 41
88 0 95 4 42
85 0 109 4 43
90 0 108 4 44
87 0 142 1 45
80 0 155 1 46
78 0 206 1 47
82 0 220 1 48
139 0 258 1 49
99 0 238 1 50
127 0 237 1 51
85 0 297 1 52
104 0 211 1 53
91 0 230 1 54
95 0 110 4 55
98 0 108 4 56
100 0 168 1 57
99 0 188 1 58
111 0 247 1 59
121 0 254 1 60
174 0 207 1 61
94 0 102 4 62
96 0 134 1 63
150 0 242 1 64
143 0 63 4 65
139 0 203 1 66
155 0 204 1 67
165 0 205 1 68
98 0 304 1 69
144 0 266 1 70
100 0 178 1 71
102 0 200 1 72
112 0 214 1 73
188 0 45 4 74
102 0 101 4 75
105 0 107 4 76
111 0 115 4 77
105 0 154 1 78
176 0 52 4 79
108 0 110 4 80
109 0 122 1 81
110 0 145 1 82
119 0 137 1 83
108 0 96 4 84
159 0 184 1 85
110 0 221 1 86
119 0 233 1 87
129 0 244 1 88
133 0 260 1 89
171 0 241 1 90
120 0 314 1 91
156 0 272 1 92
191 0 70 4 93
150 0 191 1 94
132 0 214 1 95
168 0 193 1 96
178 0 32 1 97
155 0 174 1 98
183 0 195 1 99
174 0 218 1 100
158 0 260 1 101
135 0 82 4 102
122 0 116 1 103
146 0 73 4 104
150 0 38 1 105
149 0 60 4 106
136 0 61 4 107
135 0 69 4 108
134 0 75 4 109
127 0 125 1 110
183 0 67 4 111
147 0 76 4 112
128 0 343 5 113
136 0 119 1 114
144 0 83 4 115
182 0 74 4 116
140 0 76 4 117
144 0 79 4 118
147 0 105 1 119
180 0 67 4 120
136 0 110 1 121
141 0 69 4 122
147 0 86 4 123
154 0 109 1 124
187 0 61 4 125
182 0 85 4 126
145 0 320 1 127
151 0 94 4 128
176 0 78 4 129
149 0 90 4 130
145 0 112 1 131
193 0 63 4 132
158 0 166 1 133
188 0 67 4 134
189 0 77 4 135
154 0 181 1 136
173 0 72 4 137
179 0 75 4 138
156 0 213 1 139
171 0 184 1 140
169 0 111 1 141
168 0 261 1 142
174 0 275 1 143
177 0 68 4 144
183 0 76 4 145
176 0 58 4 146
184 0 141 1 147
181 0 61 4 148
161 0 101 1 149
183 0 79 4 150
172 0 99 1 151
197 0 69 4 152
178 0 111 1 153
203 0 192 1 154
177 0 260 1 155
177 0 166 1 156
175 0 174 1 157
207 0 184 1 158
187 0 184 1 159
184 0 51 4 160
195 0 192 1 161
174 0 327 1 162
195 0 70 4 163
187 0 260 1 164
196 0 242 1 165
188 0 96 1 166
190 0 274 1 167
187 0 110 1 168
198 0 75 4 169
192 0 167 1 170
189 0 176 1 171
195 0 52 4 172
200 0 83 4 173
194 0 200 1 174
204 0 192 1 175
198 0 260 1 176
204 0 221 1 177
199 0 77 4 178
200 0 85 4 179
196 0 109 1 180
204 0 63 4 181
201 0 95 1 182
196 0 132 1 183
195 0 146 1 184
202 0 151 1 185
204 0 329 1 186
223 0 69 4 187
207 0 129 1 188
204 0 276 1 189
214 0 95 1 190
204 0 109 1 191
211 0 155 1 192
215 0 110 1 193
223 0 79 4 194
218 0 157 1 195
214 0 33 1 196
227 0 75 4 197
231 0 72 4 198
210 0 261 1 199
225 0 96 1 200
228 0 64 4 201
207 0 343 5 202
219 0 277 1 203
217 0 127 1 204
225 0 110 1 205
210 0 200 1 206
220 0 239 1 207
220 0 199 1 208
232 0 74 4 209
223 0 165 1 210
213 0 168 1 211
231 0 82 4 212
221 0 261 1 213
233 0 49 4 214
229 0 221 1 215
233 0 77 4 216
232 0 260 1 217
232 0 128 1 218
228 0 200 1 219
233 0 330 1 220
233 0 189 1 221
232 0 179 1 222
235 0 276 1 223
238 0 110 1 224
231 0 171 1 225
237 0 80 4 226
241 0 239 1 227
235 0 59 4 228
243 0 262 1 229
246 0 51 4 230
238 0 66 4 231
235 0 63 4 232
235 0 68 4 233
239 0 97 1 234
246 0 130 1 235
241 0 77 4 236
246 0 77 4 237
249 0 111 1 238
239 0 61 4 239
241 0 74 4 240
245 0 75 4 241
251 0 274 1 242
261 0 327 1 243
243 0 65 4 244
256 0 194 1 245
255 0 213 1 246
249 0 73 4 247
261 0 178 1 248
255 0 160 1 249
251 0 81 4 250
243 0 70 4 251
252 0 97 1 252
260 0 132 1 253
251 0 67 4 254
247 0 68 4 255
247 0 61 4 256
254 0 262 1 257
260 0 111 1 258
274 0 80 4 259
271 0 109 1 260
262 0 99 1 261
274 0 134 1 262
275 0 100 1 263
251 0 53 4 264
278 0 80 4 265
278 0 109 1 266
279 0 75 4 267
286 0 141 1 268
282 0 83 4 269
283 0 108 1 270
283 0 76 4 271
284 0 343 5 272
286 0 80 4 273
292 0 85 4 274
268 0 161 1 275
278 0 257 1 276
264 0 239 1 277
265 0 272 1 278
280 0 159 1 279
260 0 187 1 280
280 0 213 1 281
285 0 235 1 282
299 0 42 1 283
297 0 90 4 284
266 0 172 1 285
304 0 213 1 286
257 0 204 1 287
298 0 253 1 288
291 0 265 1 289
269 0 261 1 290
297 0 320 1 291
280 0 325 1 292
294 0 88 4 293
294 0 107 1 294
294 0 115 1 295
290 0 153 1 296
316 0 96 4 297
307 0 111 1 298
304 0 120 1 299
312 0 128 1 300
320 0 112 4 301
326 0 146 1 302
339 0 193 1 303
294 0 79 4 304
310 0 235 1 305
308 0 247 1 306
304 0 260 1 307
290 0 260 1 308
281 0 270 1 309
320 0 97 4 310
321 0 134 1 311
318 0 311 1 312
319 0 117 1 313
324 0 112 4 314
332 0 153 1 315
338 0 172 1 316
318 0 252 1 317
317 0 241 1 318
328 0 250 1 319
326 0 213 1 320
323 0 232 1 321
301 0 60 4 322
297 0 73 4 323
335 0 215 1 324
341 0 239 1 325
331 0 308 1 326
297 0 68 4 327
302 0 74 4 328
326 0 96 4 329
328 0 106 4 330
328 0 121 1 331
338 0 130 1 332
337 0 162 1 333
338 0 201 1 334
331 0 222 1 335
342 0 304 1 336
341 0 180 1 337
316 0 344 5 338
302 0 64 4 339
295 0 72 4 340
347 0 344 5 341
293 0 70 4 342
335 0 74 4 343
345 0 17 5 344
358 0 300 1 345
360 0 65 1 346
362 0 17 5 347
371 0 294 1 348
348 0 78 4 349
392 0 17 5 350
375 0 72 1 351
382 0 286 1 352
409 0 16 5 353
357 0 82 4 354
438 0 191 1 355
372 0 165 1 356
375 0 183 1 357
375 0 195 1 358
418 0 246 1 359
411 0 258 1 360
367 0 224 1 361
394 0 276 1 362
442 0 343 5 363
359 0 236 1 364
349 0 104 4 365
339 0 105 4 366
436 0 160 1 367
438 0 177 1 368
344 0 89 4 369
419 0 115 1 370
403 0 270 1 371
440 0 17 5 372
356 0 86 4 373
349 0 90 4 374
340 0 96 4 375
409 0 101 1 376
348 0 101 4 377
458 0 298 5 378
342 0 87 4 379
345 0 98 4 380
428 0 129 1 381
344 0 74 4 382
436 0 145 1 383
459 0 172 5 384
459 0 202 5 385
435 0 218 1 386
428 0 234 1 387
459 0 282 5 388
459 0 219 5 389
353 0 79 4 390
349 0 95 4 391
460 0 28 5 392
362 0 86 4 393
398 0 86 1 394
460 0 44 5 395
-22 0 15 5 396
-5 0 15 5 397
25 0 15 5 398
42 0 15 5 399
116 0 44 1 400
89 0 15 5 401
120 0 15 5 402
136 0 15 5 403
152 0 15 5 404
169 0 15 5 405
185 0 15 5 406
201 0 15 5 407
217 0 15 5 408
233 0 15 5 409
241 0 28 1 410
251 0 15 5 411
267 0 15 5 412
283 0 15 5 413
300 0 15 5 414
276 0 31 1 415
318 0 15 5 416
334 0 15 5 417
379 0 15 5 418
336 0 46 1 419
427 0 15 5 420
457 0 15 5 421
347 0 77 4 422
352 0 82 4 423
462 0 60 5 424
462 0 76 5 425
462 0 92 5 426
462 0 108 5 427
462 0 125 5 428
462 0 141 5 429
462 0 157 5 430
362 0 143 1 431
462 0 189 5 432
373 0 156 1 433
462 0 236 5 434
462 0 252 5 435
462 0 269 5 436
379 0 214 1 437
462 0 316 5 438
460 0 330 5 439
458 0 345 5 440
427 0 345 5 441
411 0 345 5 442
395 0 345 5 443
379 0 345 5 444
362 0 345 5 445
331 0 345 5 446
301 0 345 5 447
270 0 345 5 448
253 0 345 5 449
237 0 345 5 450
221 0 345 5 451
191 0 345 5 452
175 0 345 5 453
158 0 345 5 454
142 0 345 5 455
111 0 345 5 456
80 0 345 5 457
64 0 345 5 458
33 0 345 5 459
57 0 288 1 460
1 0 345 5 461
-16 0 345 5 462
-21 0 304 5 463
-22 0 289 5 464
62 0 178 1 465
-22 0 257 5 466
0 0 211 1 467
-22 0 210 5 468
-22 0 193 5 469
-22 0 178 5 470
-22 0 162 5 471
-22 0 145 5 472
-22 0 129 5 473
89 0 96 4 474
-22 0 97 5 475
39 0 89 1 476
76 0 85 4 477
79 0 80 4 478
-22 0 31 5 479
