480
1 0 187 4 0
2 0 169 4 1
6 0 206 4 2
6 0 149 4 3
14 0 225 4 4
15 0 131 4 5
24 0 246 4 6
29 0 109 4 7
41 0 266 4 8
47 0 89 4 9
61 0 282 4 10
66 0 74 4 11
71 0 180 4 12
71 0 194 4 13
72 0 289 4 14
71 0 165 4 15
76 0 207 4 16
79 0 153 4 17
80 0 220 4 18
82 0 79 4 19
83 0 91 4 20
84 0 109 4 21
85 0 296 4 22
86 0 141 4 23
85 0 82 4 24
85 0 87 4 25
83 0 95 4 26
88 0 107 4 27
90 0 229 4 28
89 0 84 4 29
92 0 98 4 30
93 0 75 4 31
94 0 89 4 32
93 0 102 4 33
92 0 110 4 34
93 0 58 4 35
93 0 93 4 36
96 0 133 4 37
95 0 78 4 38
95 0 97 4 39
96 0 106 4 40
98 0 304 4 41
95 0 84 4 42
98 0 179 4 43
99 0 188 4 44
95 0 88 4 45
99 0 169 4 46
99 0 238 4 47
98 0 94 4 48
102 0 101 4 49
102 0 201 4 50
103 0 106 4 51
105 0 153 4 52
104 0 212 4 53
106 0 89 4 54
107 0 97 4 55
108 0 110 4 56
109 0 122 4 57
111 0 143 4 58
110 0 221 4 59
107 0 114 4 60
110 0 215 4 61
110 0 247 4 62
118 0 234 4 63
120 0 133 4 64
118 0 312 4 65
120 0 116 4 66
122 0 253 4 67
122 0 48 4 68
127 0 125 4 69
128 0 235 4 70
128 0 244 4 71
131 0 215 4 72
131 0 74 4 73
134 0 258 4 74
131 0 69 4 75
135 0 80 4 76
136 0 109 4 77
136 0 119 4 78
135 0 61 4 79
139 0 65 4 80
140 0 74 4 81
135 0 69 4 82
139 0 203 4 83
143 0 252 4 84
141 0 76 4 85
145 0 81 4 86
145 0 112 4 87
145 0 319 4 88
142 0 64 4 89
141 0 68 4 90
147 0 84 4 91
147 0 263 4 92
147 0 72 4 93
148 0 104 4 94
149 0 88 4 95
145 0 61 4 96
150 0 92 4 97
151 0 39 4 98
149 0 192 4 99
152 0 183 4 100
154 0 236 4 101
155 0 107 4 102
156 0 213 4 103
155 0 176 4 104
156 0 168 4 105
159 0 200 4 106
159 0 266 4 107
160 0 257 4 108
161 0 101 4 109
158 0 186 4 110
169 0 257 4 111
170 0 109 4 112
170 0 200 4 113
171 0 189 4 114
169 0 185 4 115
173 0 98 4 116
175 0 325 4 117
174 0 68 4 118
171 0 177 4 119
175 0 237 4 120
175 0 271 4 121
174 0 58 4 122
173 0 169 4 123
178 0 74 4 124
178 0 213 4 125
178 0 258 4 126
176 0 65 4 127
178 0 109 4 128
180 0 201 4 129
180 0 54 4 130
174 0 71 4 131
181 0 34 4 132
177 0 58 4 133
183 0 62 4 134
184 0 51 4 135
178 0 68 4 136
185 0 73 4 137
184 0 76 4 138
184 0 81 4 139
186 0 141 4 140
186 0 60 4 141
186 0 110 4 142
187 0 190 4 143
187 0 257 4 144
188 0 94 4 145
188 0 185 4 146
189 0 177 4 147
188 0 56 4 148
190 0 272 4 149
187 0 62 4 150
188 0 71 4 151
191 0 169 4 152
194 0 48 4 153
193 0 146 4 154
194 0 201 4 155
194 0 52 4 156
194 0 132 4 157
193 0 57 4 158
191 0 62 4 159
195 0 67 4 160
196 0 109 4 161
196 0 191 4 162
197 0 236 4 163
195 0 71 4 164
198 0 258 4 165
198 0 76 4 166
194 0 63 4 167
200 0 80 4 168
199 0 84 4 169
200 0 94 4 170
201 0 151 4 171
199 0 59 4 172
204 0 109 4 173
204 0 192 4 174
204 0 214 4 175
204 0 274 4 176
204 0 327 4 177
206 0 182 4 178
208 0 128 4 179
209 0 177 4 180
209 0 199 4 181
209 0 258 4 182
212 0 156 4 183
212 0 170 4 184
208 0 31 4 185
214 0 93 4 186
215 0 109 4 187
217 0 127 4 188
218 0 161 4 189
219 0 275 4 190
220 0 199 4 191
220 0 235 4 192
220 0 257 4 193
223 0 166 4 194
224 0 76 4 195
225 0 65 4 196
225 0 93 4 197
226 0 108 4 198
227 0 200 4 199
226 0 71 4 200
228 0 214 4 201
229 0 61 4 202
233 0 173 4 203
232 0 80 4 204
232 0 127 4 205
233 0 180 4 206
231 0 257 4 207
233 0 68 4 208
230 0 71 4 209
233 0 76 4 210
232 0 189 4 211
232 0 328 4 212
233 0 49 4 213
233 0 54 4 214
234 0 58 4 215
233 0 63 4 216
234 0 275 4 217
237 0 78 4 218
238 0 56 4 219
238 0 62 4 220
238 0 109 4 221
238 0 94 4 222
240 0 70 4 223
240 0 31 4 224
241 0 75 4 225
241 0 235 4 226
242 0 60 4 227
242 0 66 4 228
243 0 258 4 229
244 0 72 4 230
246 0 51 4 231
247 0 56 4 232
246 0 64 4 233
246 0 76 4 234
246 0 129 4 235
248 0 70 4 236
249 0 109 4 237
250 0 53 4 238
251 0 64 4 239
250 0 78 4 240
251 0 94 4 241
251 0 272 4 242
253 0 257 4 243
255 0 202 4 244
259 0 163 4 245
255 0 213 4 246
256 0 194 4 247
260 0 187 4 248
259 0 109 4 249
260 0 131 4 250
261 0 178 4 251
262 0 97 4 252
262 0 325 4 253
263 0 236 4 254
268 0 174 4 255
264 0 270 4 256
272 0 164 4 257
267 0 257 4 258
269 0 35 4 259
271 0 109 4 260
278 0 137 4 261
274 0 78 4 262
275 0 99 4 263
278 0 109 4 264
278 0 257 4 265
279 0 79 4 266
279 0 267 4 267
279 0 323 4 268
280 0 71 4 269
283 0 162 4 270
280 0 213 4 271
283 0 79 4 272
284 0 73 4 273
284 0 107 4 274
286 0 236 4 275
291 0 76 4 276
289 0 143 4 277
292 0 72 4 278
289 0 257 4 279
294 0 156 4 280
291 0 264 4 281
294 0 73 4 282
294 0 78 4 283
294 0 82 4 284
299 0 92 4 285
297 0 108 4 286
297 0 115 4 287
296 0 69 4 288
297 0 73 4 289
302 0 94 4 290
297 0 319 4 291
298 0 252 4 292
300 0 41 4 293
301 0 66 4 294
301 0 61 4 295
303 0 74 4 296
307 0 123 4 297
304 0 259 4 298
305 0 213 4 299
310 0 114 4 300
309 0 247 4 301
310 0 235 4 302
318 0 131 4 303
317 0 96 4 304
318 0 239 4 305
318 0 251 4 306
319 0 311 4 307
322 0 119 4 308
322 0 98 4 309
326 0 111 4 310
325 0 136 4 311
325 0 232 4 312
326 0 111 4 313
327 0 97 4 314
328 0 50 4 315
329 0 215 4 316
331 0 109 4 317
328 0 121 4 318
330 0 144 4 319
331 0 247 4 320
332 0 97 4 321
331 0 91 4 322
332 0 103 4 323
334 0 223 4 324
332 0 308 4 325
334 0 75 4 326
335 0 79 4 327
333 0 84 4 328
336 0 98 4 329
337 0 155 4 330
336 0 92 4 331
336 0 212 4 332
339 0 96 4 333
339 0 100 4 334
341 0 166 4 335
340 0 87 4 336
341 0 132 4 337
339 0 201 4 338
341 0 92 4 339
342 0 172 4 340
344 0 83 4 341
343 0 103 4 342
345 0 183 4 343
343 0 193 4 344
343 0 236 4 345
343 0 302 4 346
346 0 79 4 347
348 0 88 4 348
353 0 141 4 349
353 0 84 4 350
351 0 88 4 351
355 0 229 4 352
358 0 296 4 353
359 0 65 4 354
364 0 152 4 355
362 0 218 4 356
370 0 164 4 357
368 0 204 4 358
369 0 289 4 359
372 0 181 4 360
371 0 193 4 361
373 0 73 4 362
380 0 282 4 363
390 0 86 4 364
391 0 273 4 365
399 0 265 4 366
407 0 100 4 367
409 0 256 4 368
416 0 115 4 369
417 0 245 4 370
426 0 128 4 371
425 0 231 4 372
433 0 217 4 373
434 0 145 4 374
437 0 162 4 375
439 0 179 4 376
437 0 191 4 377
-18 0 18 4 378
-2 0 18 4 379
13 0 18 4 380
29 0 18 4 381
45 0 18 4 382
61 0 18 4 383
77 0 18 4 384
93 0 18 4 385
108 0 18 4 386
124 0 18 4 387
140 0 18 4 388
155 0 18 4 389
171 0 18 4 390
187 0 18 4 391
203 0 18 4 392
218 0 18 4 393
233 0 18 4 394
249 0 18 4 395
265 0 18 4 396
281 0 18 4 397
297 0 18 4 398
312 0 18 4 399
328 0 18 4 400
344 0 18 4 401
360 0 18 4 402
375 0 18 4 403
391 0 18 4 404
407 0 18 4 405
422 0 18 4 406
438 0 18 4 407
454 0 18 4 408
458 0 29 4 409
458 0 45 4 410
458 0 61 4 411
458 0 76 4 412
458 0 92 4 413
458 0 108 4 414
458 0 124 4 415
458 0 140 4 416
458 0 156 4 417
458 0 172 4 418
457 0 186 4 419
457 0 202 4 420
458 0 219 4 421
457 0 233 4 422
458 0 250 4 423
458 0 266 4 424
458 0 281 4 425
457 0 296 4 426
458 0 312 4 427
457 0 327 4 428
457 0 342 4 429
441 0 342 4 430
425 0 342 4 431
410 0 342 4 432
394 0 342 4 433
379 0 342 4 434
363 0 342 4 435
347 0 342 4 436
331 0 342 4 437
316 0 342 4 438
300 0 342 4 439
284 0 342 4 440
268 0 342 4 441
253 0 342 4 442
237 0 342 4 443
221 0 342 4 444
207 0 342 4 445
191 0 342 4 446
175 0 342 4 447
159 0 342 4 448
144 0 342 4 449
128 0 342 4 450
112 0 342 4 451
96 0 342 4 452
81 0 342 4 453
65 0 342 4 454
49 0 342 4 455
34 0 342 4 456
18 0 342 4 457
2 0 342 4 458
-14 0 342 4 459
-18 0 331 4 460
-18 0 315 4 461
-18 0 300 4 462
-18 0 284 4 463
-18 0 268 4 464
-18 0 253 4 465
-18 0 237 4 466
-18 0 221 4 467
-18 0 205 4 468
-18 0 189 4 469
-18 0 174 4 470
-18 0 158 4 471
-18 0 142 4 472
-17 0 127 4 473
-17 0 112 4 474
-17 0 96 4 475
-17 0 80 4 476
-17 0 65 4 477
-17 0 49 4 478
-18 0 33 4 479
