480
-5 0 189 4 0
-4 0 168 4 1
6 0 209 4 2
1 0 147 4 3
14 0 226 4 4
14 0 131 4 5
23 0 246 4 6
24 0 109 4 7
38 0 270 4 8
43 0 89 4 9
60 0 283 4 10
54 0 74 4 11
69 0 183 4 12
67 0 198 4 13
70 0 291 4 14
65 0 163 4 15
72 0 209 4 16
76 0 153 4 17
75 0 224 4 18
75 0 79 4 19
80 0 91 4 20
81 0 109 4 21
85 0 296 4 22
83 0 141 4 23
75 0 82 4 24
75 0 87 4 25
70 0 96 4 26
80 0 108 4 27
86 0 232 4 28
78 0 84 4 29
91 0 98 4 30
89 0 75 4 31
93 0 89 4 32
87 0 102 4 33
81 0 111 4 34
82 0 58 4 35
82 0 93 4 36
96 0 133 4 37
87 0 78 4 38
87 0 97 4 39
90 0 106 4 40
98 0 304 4 41
83 0 84 4 42
93 0 182 4 43
97 0 190 4 44
80 0 88 4 45
94 0 173 4 46
96 0 240 4 47
84 0 95 4 48
101 0 101 4 49
100 0 202 4 50
95 0 106 4 51
104 0 153 4 52
99 0 215 4 53
105 0 89 4 54
101 0 97 4 55
106 0 110 4 56
107 0 122 4 57
111 0 143 4 58
108 0 222 4 59
95 0 115 4 60
105 0 220 4 61
105 0 250 4 62
114 0 236 4 63
120 0 133 4 64
112 0 313 4 65
114 0 117 4 66
118 0 257 4 67
114 0 47 4 68
126 0 125 4 69
122 0 239 4 70
123 0 247 4 71
127 0 218 4 72
122 0 74 4 73
134 0 259 4 74
120 0 69 4 75
131 0 80 4 76
134 0 109 4 77
136 0 119 4 78
127 0 61 4 79
138 0 65 4 80
138 0 74 4 81
119 0 68 4 82
128 0 211 4 83
143 0 254 4 84
130 0 76 4 85
142 0 81 4 86
144 0 114 4 87
144 0 319 4 88
129 0 63 4 89
121 0 67 4 90
146 0 84 4 91
147 0 266 4 92
142 0 72 4 93
147 0 104 4 94
147 0 88 4 95
129 0 59 4 96
147 0 92 4 97
146 0 39 4 98
141 0 199 4 99
145 0 188 4 100
154 0 236 4 101
152 0 107 4 102
156 0 214 4 103
146 0 180 4 104
146 0 174 4 105
158 0 201 4 106
158 0 269 4 107
160 0 258 4 108
160 0 101 4 109
144 0 197 4 110
169 0 258 4 111
168 0 110 4 112
168 0 202 4 113
170 0 191 4 114
161 0 192 4 115
172 0 98 4 116
175 0 324 4 117
168 0 68 4 118
158 0 187 4 119
173 0 241 4 120
174 0 274 4 121
166 0 57 4 122
159 0 178 4 123
175 0 74 4 124
178 0 214 4 125
176 0 262 4 126
167 0 64 4 127
174 0 112 4 128
177 0 206 4 129
175 0 53 4 130
154 0 71 4 131
178 0 34 4 132
163 0 56 4 133
182 0 62 4 134
180 0 51 4 135
157 0 66 4 136
184 0 73 4 137
179 0 76 4 138
182 0 81 4 139
185 0 141 4 140
182 0 60 4 141
181 0 113 4 142
187 0 192 4 143
187 0 259 4 144
186 0 95 4 145
185 0 191 4 146
188 0 180 4 147
182 0 55 4 148
190 0 273 4 149
174 0 60 4 150
175 0 70 4 151
189 0 174 4 152
192 0 48 4 153
189 0 146 4 154
192 0 205 4 155
191 0 52 4 156
191 0 133 4 157
184 0 55 4 158
174 0 60 4 159
191 0 67 4 160
193 0 111 4 161
195 0 194 4 162
197 0 239 4 163
187 0 71 4 164
197 0 261 4 165
193 0 77 4 166
177 0 60 4 167
197 0 80 4 168
196 0 84 4 169
196 0 97 4 170
195 0 151 4 171
185 0 57 4 172
201 0 111 4 173
201 0 199 4 174
204 0 216 4 175
204 0 275 4 176
204 0 327 4 177
205 0 185 4 178
208 0 128 4 179
207 0 181 4 180
209 0 200 4 181
206 0 262 4 182
212 0 156 4 183
209 0 177 4 184
189 0 30 4 185
214 0 93 4 186
215 0 109 4 187
217 0 128 4 188
216 0 167 4 189
216 0 279 4 190
219 0 202 4 191
220 0 238 4 192
220 0 260 4 193
222 0 171 4 194
223 0 76 4 195
224 0 65 4 196
224 0 94 4 197
226 0 110 4 198
225 0 204 4 199
219 0 71 4 200
225 0 219 4 201
227 0 61 4 202
238 0 178 4 203
232 0 81 4 204
232 0 127 4 205
236 0 183 4 206
231 0 257 4 207
233 0 68 4 208
224 0 70 4 209
233 0 76 4 210
229 0 193 4 211
232 0 328 4 212
233 0 49 4 213
232 0 53 4 214
234 0 58 4 215
231 0 61 4 216
232 0 279 4 217
238 0 80 4 218
238 0 55 4 219
238 0 62 4 220
239 0 111 4 221
238 0 95 4 222
240 0 70 4 223
240 0 30 4 224
242 0 76 4 225
243 0 235 4 226
243 0 60 4 227
245 0 66 4 228
246 0 261 4 229
246 0 73 4 230
247 0 50 4 231
250 0 54 4 232
249 0 63 4 233
247 0 78 4 234
247 0 131 4 235
249 0 70 4 236
251 0 112 4 237
252 0 52 4 238
254 0 63 4 239
252 0 80 4 240
252 0 96 4 241
252 0 275 4 242
254 0 257 4 243
258 0 207 4 244
271 0 174 4 245
256 0 215 4 246
258 0 196 4 247
266 0 193 4 248
259 0 111 4 249
260 0 133 4 250
264 0 180 4 251
264 0 100 4 252
262 0 325 4 253
265 0 237 4 254
281 0 185 4 255
264 0 270 4 256
286 0 176 4 257
267 0 257 4 258
272 0 35 4 259
271 0 109 4 260
289 0 148 4 261
274 0 78 4 262
275 0 100 4 263
279 0 110 4 264
280 0 260 4 265
279 0 81 4 266
282 0 272 4 267
279 0 323 4 268
280 0 71 4 269
293 0 170 4 270
282 0 214 4 271
283 0 79 4 272
284 0 73 4 273
285 0 109 4 274
290 0 240 4 275
302 0 73 4 276
295 0 149 4 277
304 0 69 4 278
290 0 258 4 279
306 0 167 4 280
292 0 265 4 281
302 0 70 4 282
299 0 77 4 283
298 0 81 4 284
313 0 107 4 285
308 0 118 4 286
305 0 125 4 287
301 0 67 4 288
300 0 72 4 289
315 0 108 4 290
297 0 319 4 291
298 0 252 4 292
303 0 41 4 293
308 0 63 4 294
305 0 59 4 295
313 0 71 4 296
318 0 134 4 297
307 0 262 4 298
308 0 215 4 299
320 0 124 4 300
313 0 251 4 301
310 0 235 4 302
332 0 146 4 303
320 0 99 4 304
321 0 242 4 305
319 0 252 4 306
322 0 312 4 307
330 0 127 4 308
328 0 103 4 309
341 0 125 4 310
334 0 145 4 311
327 0 234 4 312
330 0 114 4 313
330 0 100 4 314
332 0 48 4 315
335 0 220 4 316
342 0 120 4 317
328 0 121 4 318
337 0 152 4 319
337 0 252 4 320
338 0 100 4 321
333 0 91 4 322
337 0 106 4 323
341 0 229 4 324
334 0 308 4 325
338 0 74 4 326
341 0 77 4 327
333 0 84 4 328
343 0 100 4 329
348 0 166 4 330
341 0 93 4 331
338 0 214 4 332
343 0 97 4 333
343 0 102 4 334
351 0 177 4 335
344 0 87 4 336
350 0 140 4 337
341 0 203 4 338
347 0 92 4 339
349 0 180 4 340
352 0 82 4 341
347 0 105 4 342
353 0 191 4 343
348 0 198 4 344
344 0 237 4 345
344 0 302 4 346
352 0 77 4 347
352 0 88 4 348
362 0 149 4 349
359 0 84 4 350
353 0 88 4 351
363 0 237 4 352
361 0 298 4 353
359 0 65 4 354
373 0 162 4 355
367 0 222 4 356
380 0 174 4 357
371 0 207 4 358
371 0 291 4 359
379 0 188 4 360
377 0 198 4 361
378 0 72 4 362
382 0 284 4 363
391 0 86 4 364
395 0 276 4 365
400 0 266 4 366
416 0 100 4 367
412 0 260 4 368
417 0 115 4 369
423 0 251 4 370
434 0 130 4 371
430 0 235 4 372
440 0 223 4 373
441 0 150 4 374
443 0 168 4 375
445 0 184 4 376
439 0 194 4 377
-23 0 18 4 378
-7 0 18 4 379
9 0 18 4 380
25 0 18 4 381
43 0 18 4 382
59 0 18 4 383
75 0 18 4 384
90 0 18 4 385
106 0 18 4 386
122 0 18 4 387
138 0 18 4 388
154 0 18 4 389
170 0 18 4 390
186 0 18 4 391
201 0 18 4 392
217 0 18 4 393
232 0 18 4 394
250 0 18 4 395
266 0 18 4 396
282 0 18 4 397
298 0 18 4 398
313 0 18 4 399
329 0 18 4 400
345 0 18 4 401
361 0 18 4 402
377 0 18 4 403
393 0 18 4 404
409 0 18 4 405
424 0 18 4 406
440 0 18 4 407
456 0 18 4 408
461 0 29 4 409
462 0 43 4 410
462 0 59 4 411
462 0 75 4 412
462 0 91 4 413
462 0 109 4 414
462 0 124 4 415
462 0 142 4 416
462 0 158 4 417
462 0 176 4 418
460 0 188 4 419
458 0 203 4 420
462 0 223 4 421
459 0 235 4 422
462 0 254 4 423
462 0 270 4 424
462 0 286 4 425
459 0 298 4 426
461 0 315 4 427
459 0 328 4 428
457 0 342 4 429
441 0 342 4 430
426 0 342 4 431
410 0 342 4 432
394 0 342 4 433
382 0 340 4 434
364 0 342 4 435
348 0 342 4 436
333 0 342 4 437
317 0 342 4 438
301 0 342 4 439
285 0 342 4 440
269 0 342 4 441
253 0 342 4 442
237 0 342 4 443
222 0 342 4 444
207 0 342 4 445
191 0 342 4 446
175 0 342 4 447
159 0 342 4 448
143 0 342 4 449
127 0 342 4 450
112 0 342 4 451
96 0 342 4 452
80 0 342 4 453
64 0 342 4 454
48 0 342 4 455
32 0 342 4 456
16 0 342 4 457
1 0 342 4 458
-15 0 342 4 459
-20 0 331 4 460
-22 0 318 4 461
-23 0 302 4 462
-23 0 286 4 463
-23 0 270 4 464
-23 0 255 4 465
-23 0 239 4 466
-23 0 223 4 467
-23 0 207 4 468
-23 0 189 4 469
-23 0 174 4 470
-23 0 156 4 471
-23 0 140 4 472
-19 0 127 4 473
-20 0 112 4 474
-20 0 96 4 475
-20 0 81 4 476
-17 0 65 4 477
-19 0 48 4 478
-23 0 34 4 479
