480
-3 0 188 4 0
-2 0 168 4 1
6 0 208 4 2
2 0 148 4 3
14 0 226 4 4
15 0 131 4 5
23 0 246 4 6
26 0 109 4 7
39 0 268 4 8
44 0 89 4 9
60 0 283 4 10
58 0 74 4 11
69 0 182 4 12
68 0 197 4 13
70 0 290 4 14
67 0 164 4 15
74 0 208 4 16
77 0 153 4 17
77 0 222 4 18
77 0 79 4 19
81 0 91 4 20
82 0 109 4 21
85 0 296 4 22
84 0 141 4 23
78 0 82 4 24
78 0 87 4 25
74 0 95 4 26
82 0 107 4 27
87 0 231 4 28
81 0 84 4 29
91 0 98 4 30
90 0 75 4 31
93 0 89 4 32
89 0 102 4 33
85 0 111 4 34
86 0 58 4 35
86 0 93 4 36
96 0 133 4 37
90 0 78 4 38
90 0 97 4 39
92 0 106 4 40
98 0 304 4 41
87 0 84 4 42
95 0 181 4 43
97 0 190 4 44
85 0 88 4 45
96 0 172 4 46
97 0 239 4 47
89 0 95 4 48
101 0 101 4 49
101 0 202 4 50
97 0 106 4 51
105 0 153 4 52
100 0 214 4 53
105 0 89 4 54
103 0 97 4 55
107 0 110 4 56
108 0 122 4 57
111 0 143 4 58
109 0 222 4 59
99 0 115 4 60
107 0 219 4 61
107 0 249 4 62
115 0 235 4 63
120 0 133 4 64
114 0 312 4 65
116 0 116 4 66
119 0 255 4 67
116 0 47 4 68
127 0 125 4 69
124 0 237 4 70
125 0 246 4 71
128 0 217 4 72
125 0 74 4 73
134 0 259 4 74
123 0 69 4 75
132 0 80 4 76
135 0 109 4 77
136 0 119 4 78
129 0 61 4 79
138 0 65 4 80
138 0 74 4 81
124 0 69 4 82
131 0 208 4 83
143 0 253 4 84
133 0 76 4 85
143 0 81 4 86
144 0 113 4 87
145 0 319 4 88
133 0 63 4 89
128 0 67 4 90
146 0 84 4 91
147 0 265 4 92
144 0 72 4 93
148 0 104 4 94
148 0 88 4 95
134 0 60 4 96
148 0 92 4 97
148 0 39 4 98
143 0 197 4 99
147 0 186 4 100
154 0 236 4 101
153 0 107 4 102
156 0 213 4 103
149 0 179 4 104
149 0 172 4 105
159 0 201 4 106
158 0 268 4 107
160 0 257 4 108
161 0 101 4 109
149 0 193 4 110
169 0 257 4 111
168 0 109 4 112
169 0 201 4 113
170 0 190 4 114
164 0 190 4 115
172 0 98 4 116
175 0 324 4 117
170 0 68 4 118
162 0 183 4 119
174 0 240 4 120
175 0 273 4 121
169 0 57 4 122
163 0 175 4 123
176 0 74 4 124
178 0 214 4 125
176 0 261 4 126
170 0 64 4 127
175 0 111 4 128
178 0 204 4 129
177 0 54 4 130
160 0 71 4 131
179 0 34 4 132
168 0 56 4 133
183 0 62 4 134
181 0 51 4 135
164 0 67 4 136
184 0 73 4 137
181 0 76 4 138
183 0 81 4 139
186 0 141 4 140
183 0 60 4 141
182 0 112 4 142
187 0 191 4 143
187 0 258 4 144
187 0 94 4 145
186 0 189 4 146
188 0 179 4 147
184 0 55 4 148
190 0 273 4 149
178 0 61 4 150
179 0 71 4 151
190 0 172 4 152
192 0 48 4 153
191 0 146 4 154
193 0 204 4 155
192 0 52 4 156
192 0 133 4 157
187 0 56 4 158
180 0 60 4 159
192 0 67 4 160
194 0 110 4 161
195 0 193 4 162
197 0 238 4 163
190 0 71 4 164
197 0 260 4 165
195 0 76 4 166
182 0 61 4 167
198 0 80 4 168
197 0 84 4 169
197 0 96 4 170
197 0 151 4 171
190 0 57 4 172
202 0 111 4 173
202 0 197 4 174
204 0 215 4 175
204 0 275 4 176
204 0 327 4 177
206 0 184 4 178
208 0 128 4 179
208 0 180 4 180
209 0 200 4 181
207 0 261 4 182
212 0 156 4 183
210 0 175 4 184
195 0 30 4 185
214 0 93 4 186
215 0 109 4 187
217 0 128 4 188
217 0 165 4 189
217 0 278 4 190
219 0 201 4 191
220 0 237 4 192
220 0 259 4 193
222 0 170 4 194
223 0 76 4 195
224 0 65 4 196
224 0 94 4 197
226 0 109 4 198
225 0 203 4 199
220 0 71 4 200
226 0 217 4 201
228 0 61 4 202
236 0 176 4 203
232 0 80 4 204
232 0 127 4 205
235 0 182 4 206
231 0 257 4 207
233 0 68 4 208
226 0 71 4 209
233 0 76 4 210
230 0 192 4 211
232 0 328 4 212
233 0 49 4 213
232 0 54 4 214
234 0 58 4 215
231 0 62 4 216
233 0 278 4 217
238 0 80 4 218
238 0 55 4 219
238 0 62 4 220
239 0 110 4 221
238 0 95 4 222
240 0 70 4 223
240 0 30 4 224
241 0 76 4 225
242 0 235 4 226
243 0 60 4 227
244 0 66 4 228
245 0 260 4 229
245 0 73 4 230
247 0 50 4 231
249 0 55 4 232
248 0 63 4 233
247 0 78 4 234
247 0 130 4 235
249 0 70 4 236
250 0 111 4 237
252 0 52 4 238
253 0 64 4 239
252 0 79 4 240
252 0 95 4 241
252 0 274 4 242
254 0 257 4 243
257 0 205 4 244
267 0 171 4 245
255 0 214 4 246
258 0 196 4 247
264 0 191 4 248
259 0 110 4 249
260 0 132 4 250
263 0 180 4 251
263 0 99 4 252
262 0 325 4 253
264 0 237 4 254
277 0 181 4 255
264 0 270 4 256
281 0 172 4 257
267 0 257 4 258
271 0 35 4 259
271 0 109 4 260
286 0 145 4 261
274 0 78 4 262
275 0 99 4 263
279 0 110 4 264
280 0 259 4 265
279 0 80 4 266
281 0 270 4 267
279 0 323 4 268
280 0 71 4 269
290 0 168 4 270
281 0 214 4 271
283 0 79 4 272
284 0 73 4 273
285 0 108 4 274
289 0 238 4 275
298 0 74 4 276
293 0 147 4 277
300 0 70 4 278
290 0 257 4 279
302 0 163 4 280
292 0 265 4 281
300 0 71 4 282
297 0 78 4 283
296 0 82 4 284
308 0 102 4 285
304 0 115 4 286
303 0 122 4 287
300 0 68 4 288
299 0 72 4 289
311 0 104 4 290
297 0 319 4 291
298 0 252 4 292
302 0 41 4 293
306 0 64 4 294
304 0 60 4 295
310 0 72 4 296
314 0 130 4 297
306 0 261 4 298
307 0 214 4 299
317 0 121 4 300
312 0 250 4 301
310 0 235 4 302
328 0 141 4 303
319 0 98 4 304
320 0 241 4 305
319 0 252 4 306
321 0 312 4 307
328 0 125 4 308
326 0 102 4 309
336 0 120 4 310
331 0 142 4 311
326 0 233 4 312
329 0 113 4 313
329 0 99 4 314
331 0 49 4 315
333 0 218 4 316
339 0 116 4 317
328 0 121 4 318
335 0 149 4 319
335 0 250 4 320
336 0 99 4 321
333 0 91 4 322
335 0 105 4 323
339 0 227 4 324
334 0 308 4 325
337 0 74 4 326
339 0 78 4 327
333 0 84 4 328
341 0 100 4 329
344 0 162 4 330
339 0 92 4 331
337 0 213 4 332
342 0 96 4 333
342 0 101 4 334
348 0 173 4 335
343 0 87 4 336
347 0 137 4 337
340 0 202 4 338
345 0 92 4 339
347 0 177 4 340
349 0 82 4 341
345 0 105 4 342
350 0 189 4 343
347 0 196 4 344
344 0 237 4 345
344 0 302 4 346
350 0 78 4 347
351 0 88 4 348
359 0 146 4 349
357 0 84 4 350
352 0 88 4 351
361 0 235 4 352
360 0 297 4 353
359 0 65 4 354
370 0 159 4 355
365 0 221 4 356
377 0 170 4 357
370 0 206 4 358
370 0 290 4 359
377 0 186 4 360
375 0 196 4 361
376 0 72 4 362
381 0 283 4 363
391 0 86 4 364
393 0 275 4 365
400 0 266 4 366
413 0 100 4 367
411 0 259 4 368
416 0 115 4 369
421 0 249 4 370
431 0 129 4 371
428 0 234 4 372
438 0 221 4 373
438 0 148 4 374
441 0 166 4 375
443 0 182 4 376
439 0 193 4 377
-21 0 18 4 378
-5 0 18 4 379
10 0 18 4 380
26 0 18 4 381
44 0 18 4 382
59 0 18 4 383
75 0 18 4 384
91 0 18 4 385
107 0 18 4 386
123 0 18 4 387
139 0 18 4 388
154 0 18 4 389
170 0 18 4 390
186 0 18 4 391
202 0 18 4 392
218 0 18 4 393
232 0 18 4 394
250 0 18 4 395
266 0 18 4 396
281 0 18 4 397
297 0 18 4 398
313 0 18 4 399
329 0 18 4 400
345 0 18 4 401
361 0 18 4 402
376 0 18 4 403
392 0 18 4 404
408 0 18 4 405
424 0 18 4 406
440 0 18 4 407
455 0 18 4 408
460 0 29 4 409
461 0 44 4 410
461 0 59 4 411
461 0 75 4 412
461 0 91 4 413
461 0 108 4 414
461 0 124 4 415
461 0 142 4 416
461 0 158 4 417
461 0 175 4 418
459 0 188 4 419
458 0 202 4 420
461 0 221 4 421
458 0 235 4 422
461 0 253 4 423
461 0 269 4 424
461 0 285 4 425
458 0 298 4 426
460 0 314 4 427
459 0 328 4 428
457 0 342 4 429
441 0 342 4 430
425 0 342 4 431
410 0 342 4 432
394 0 342 4 433
381 0 341 4 434
364 0 342 4 435
348 0 342 4 436
332 0 342 4 437
316 0 342 4 438
301 0 342 4 439
285 0 342 4 440
269 0 342 4 441
253 0 342 4 442
237 0 342 4 443
221 0 342 4 444
207 0 342 4 445
191 0 342 4 446
175 0 342 4 447
159 0 342 4 448
143 0 342 4 449
128 0 342 4 450
112 0 342 4 451
96 0 342 4 452
80 0 342 4 453
64 0 342 4 454
49 0 342 4 455
33 0 342 4 456
17 0 342 4 457
1 0 342 4 458
-15 0 342 4 459
-19 0 331 4 460
-21 0 317 4 461
-21 0 301 4 462
-21 0 286 4 463
-21 0 270 4 464
-21 0 254 4 465
-21 0 238 4 466
-21 0 222 4 467
-21 0 206 4 468
-21 0 189 4 469
-21 0 174 4 470
-21 0 157 4 471
-21 0 141 4 472
-18 0 127 4 473
-19 0 112 4 474
-19 0 96 4 475
-19 0 81 4 476
-17 0 65 4 477
-19 0 48 4 478
-21 0 33 4 479
