480
-35 0 197 4 0
-35 0 162 4 1
5 0 223 4 2
-22 0 138 4 3
14 0 231 4 4
10 0 131 4 5
18 0 250 4 6
2 0 108 4 7
23 0 287 4 8
24 0 89 4 9
54 0 290 4 10
-5 0 72 4 11
59 0 194 4 12
46 0 217 4 13
59 0 300 4 14
36 0 154 4 15
55 0 223 4 16
63 0 151 4 17
47 0 241 4 18
41 0 78 4 19
65 0 90 4 20
66 0 110 4 21
85 0 298 4 22
67 0 139 4 23
28 0 79 4 24
28 0 87 4 25
3 0 100 4 26
43 0 111 4 27
68 0 245 4 28
25 0 84 4 29
84 0 98 4 30
70 0 75 4 31
88 0 89 4 32
62 0 104 4 33
31 0 116 4 34
32 0 54 4 35
32 0 95 4 36
94 0 136 4 37
52 0 77 4 38
46 0 100 4 39
59 0 106 4 40
96 0 306 4 41
24 0 85 4 42
71 0 203 4 43
86 0 200 4 44
8 0 88 4 45
72 0 194 4 46
82 0 254 4 47
20 0 101 4 48
96 0 101 4 49
91 0 208 4 50
57 0 107 4 51
100 0 151 4 52
74 0 231 4 53
99 0 89 4 54
76 0 99 4 55
99 0 111 4 56
100 0 125 4 57
112 0 143 4 58
100 0 228 4 59
35 0 121 4 60
77 0 244 4 61
77 0 267 4 62
93 0 250 4 63
118 0 133 4 64
81 0 317 4 65
83 0 121 4 66
98 0 274 4 67
75 0 42 4 68
122 0 126 4 69
92 0 256 4 70
96 0 265 4 71
106 0 235 4 72
79 0 73 4 73
133 0 265 4 74
63 0 68 4 75
111 0 80 4 76
125 0 109 4 77
134 0 121 4 78
89 0 57 4 79
133 0 65 4 80
127 0 74 4 81
37 0 64 4 82
77 0 252 4 83
143 0 261 4 84
78 0 75 4 85
129 0 82 4 86
137 0 123 4 87
141 0 316 4 88
68 0 58 4 89
29 0 60 4 90
141 0 84 4 91
145 0 283 4 92
120 0 72 4 93
144 0 104 4 94
138 0 88 4 95
52 0 52 4 96
133 0 91 4 97
124 0 36 4 98
98 0 232 4 99
113 0 211 4 100
152 0 240 4 101
140 0 106 4 102
153 0 217 4 103
107 0 207 4 104
98 0 204 4 105
154 0 207 4 106
153 0 280 4 107
158 0 262 4 108
156 0 103 4 109
80 0 247 4 110
168 0 262 4 111
158 0 114 4 112
159 0 216 4 113
165 0 200 4 114
121 0 224 4 115
167 0 101 4 116
178 0 317 4 117
143 0 66 4 118
94 0 237 4 119
164 0 262 4 120
171 0 289 4 121
126 0 52 4 122
93 0 219 4 123
165 0 74 4 124
175 0 221 4 125
166 0 280 4 126
123 0 59 4 127
152 0 125 4 128
166 0 229 4 129
153 0 49 4 130
55 0 71 4 131
162 0 34 4 132
96 0 46 4 133
179 0 62 4 134
161 0 48 4 135
58 0 58 4 136
179 0 73 4 137
158 0 76 4 138
168 0 83 4 139
182 0 142 4 140
163 0 57 4 141
158 0 129 4 142
186 0 199 4 143
185 0 267 4 144
179 0 99 4 145
174 0 219 4 146
181 0 194 4 147
152 0 49 4 148
186 0 279 4 149
112 0 53 4 150
113 0 67 4 151
175 0 200 4 152
181 0 46 4 153
172 0 146 4 154
183 0 225 4 155
174 0 48 4 156
177 0 139 4 157
139 0 47 4 158
96 0 49 4 159
172 0 65 4 160
182 0 119 4 161
188 0 210 4 162
193 0 252 4 163
146 0 68 4 164
190 0 276 4 165
170 0 81 4 166
92 0 50 4 167
186 0 82 4 168
179 0 85 4 169
175 0 110 4 170
169 0 149 4 171
116 0 47 4 172
190 0 121 4 173
190 0 232 4 174
200 0 230 4 175
200 0 281 4 176
204 0 323 4 177
201 0 196 4 178
209 0 128 4 179
199 0 203 4 180
208 0 205 4 181
193 0 280 4 182
213 0 153 4 183
199 0 210 4 184
97 0 25 4 185
212 0 94 4 186
213 0 112 4 187
213 0 134 4 188
209 0 195 4 189
205 0 297 4 190
214 0 214 4 191
217 0 251 4 192
215 0 272 4 193
216 0 193 4 194
218 0 78 4 195
219 0 65 4 196
218 0 99 4 197
226 0 119 4 198
216 0 225 4 199
180 0 67 4 200
214 0 241 4 201
220 0 58 4 202
265 0 198 4 203
234 0 85 4 204
236 0 127 4 205
253 0 203 4 206
229 0 260 4 207
234 0 68 4 208
196 0 67 4 209
234 0 77 4 210
220 0 215 4 211
229 0 326 4 212
232 0 45 4 213
226 0 49 4 214
234 0 58 4 215
220 0 53 4 216
224 0 301 4 217
243 0 90 4 218
242 0 48 4 219
242 0 58 4 220
246 0 118 4 221
237 0 100 4 222
243 0 70 4 223
240 0 25 4 224
246 0 82 4 225
250 0 238 4 226
250 0 57 4 227
258 0 67 4 228
256 0 275 4 229
253 0 79 4 230
253 0 44 4 231
265 0 47 4 232
260 0 58 4 233
254 0 88 4 234
252 0 140 4 235
254 0 70 4 236
258 0 124 4 237
262 0 45 4 238
269 0 60 4 239
263 0 89 4 240
259 0 105 4 241
259 0 288 4 242
261 0 261 4 243
275 0 229 4 244
328 0 225 4 245
260 0 222 4 246
269 0 206 4 247
298 0 219 4 248
262 0 118 4 249
263 0 141 4 250
277 0 194 4 251
272 0 113 4 252
265 0 321 4 253
273 0 244 4 254
345 0 242 4 255
266 0 273 4 256
355 0 236 4 257
268 0 257 4 258
282 0 36 4 259
272 0 111 4 260
345 0 199 4 261
273 0 81 4 262
278 0 103 4 263
285 0 117 4 264
290 0 273 4 265
282 0 89 4 266
293 0 295 4 267
280 0 323 4 268
284 0 68 4 269
339 0 211 4 270
291 0 221 4 271
285 0 81 4 272
286 0 73 4 273
292 0 116 4 274
309 0 257 4 275
357 0 56 4 276
325 0 178 4 277
361 0 52 4 278
296 0 262 4 279
363 0 220 4 280
297 0 271 4 281
340 0 60 4 282
322 0 74 4 283
316 0 77 4 284
380 0 178 4 285
357 0 165 4 286
347 0 174 4 287
324 0 60 4 288
317 0 67 4 289
382 0 174 4 290
297 0 320 4 291
300 0 253 4 292
321 0 41 4 293
342 0 51 4 294
325 0 52 4 295
360 0 59 4 296
368 0 187 4 297
318 0 276 4 298
319 0 224 4 299
369 0 173 4 300
334 0 269 4 301
310 0 235 4 302
402 0 217 4 303
333 0 112 4 304
338 0 257 4 305
325 0 257 4 306
338 0 319 4 307
367 0 166 4 308
353 0 126 4 309
412 0 187 4 310
377 0 187 4 311
341 0 248 4 312
348 0 130 4 313
347 0 111 4 314
353 0 41 4 315
367 0 248 4 316
395 0 169 4 317
330 0 123 4 318
370 0 186 4 319
365 0 274 4 320
367 0 110 4 321
344 0 91 4 322
360 0 123 4 323
375 0 258 4 324
344 0 311 4 325
357 0 67 4 326
369 0 68 4 327
334 0 85 4 328
377 0 110 4 329
397 0 218 4 330
364 0 97 4 331
347 0 223 4 332
362 0 100 4 333
363 0 109 4 334
399 0 230 4 335
363 0 85 4 336
389 0 180 4 337
348 0 211 4 338
373 0 95 4 339
382 0 215 4 340
388 0 75 4 341
365 0 116 4 342
394 0 234 4 343
373 0 220 4 344
350 0 242 4 345
349 0 302 4 346
382 0 68 4 347
372 0 86 4 348
407 0 190 4 349
391 0 82 4 350
362 0 87 4 351
405 0 275 4 352
375 0 307 4 353
359 0 65 4 354
419 0 207 4 355
389 0 243 4 356
427 0 219 4 357
384 0 220 4 358
380 0 298 4 359
414 0 223 4 360
402 0 225 4 361
400 0 66 4 362
396 0 298 4 363
397 0 86 4 364
412 0 291 4 365
405 0 271 4 366
460 0 97 4 367
430 0 279 4 368
420 0 117 4 369
448 0 276 4 370
469 0 137 4 371
452 0 256 4 372
472 0 251 4 373
472 0 173 4 374
474 0 198 4 375
475 0 215 4 376
450 0 205 4 377
-44 0 19 4 378
-28 0 19 4 379
-11 0 19 4 380
5 0 19 4 381
31 0 19 4 382
47 0 19 4 383
64 0 19 4 384
80 0 19 4 385
97 0 19 4 386
113 0 19 4 387
130 0 19 4 388
146 0 19 4 389
163 0 19 4 390
179 0 19 4 391
195 0 19 4 392
212 0 19 4 393
227 0 19 4 394
253 0 19 4 395
270 0 19 4 396
286 0 19 4 397
303 0 19 4 398
319 0 19 4 399
335 0 19 4 400
352 0 19 4 401
368 0 19 4 402
385 0 19 4 403
401 0 19 4 404
418 0 19 4 405
434 0 19 4 406
450 0 19 4 407
467 0 19 4 408
478 0 24 4 409
484 0 35 4 410
484 0 51 4 411
484 0 68 4 412
484 0 84 4 413
484 0 110 4 414
484 0 126 4 415
484 0 152 4 416
484 0 169 4 417
484 0 194 4 418
470 0 198 4 419
464 0 208 4 420
484 0 243 4 421
468 0 244 4 422
484 0 276 4 423
484 0 292 4 424
484 0 309 4 425
466 0 308 4 426
479 0 327 4 427
469 0 334 4 428
460 0 341 4 429
444 0 341 4 430
427 0 341 4 431
411 0 341 4 432
394 0 341 4 433
396 0 331 4 434
371 0 341 4 435
354 0 341 4 436
338 0 341 4 437
322 0 341 4 438
305 0 341 4 439
289 0 341 4 440
272 0 341 4 441
256 0 341 4 442
239 0 341 4 443
223 0 341 4 444
207 0 341 4 445
191 0 341 4 446
175 0 341 4 447
158 0 341 4 448
142 0 341 4 449
125 0 341 4 450
109 0 341 4 451
92 0 341 4 452
76 0 341 4 453
59 0 341 4 454
43 0 341 4 455
27 0 341 4 456
10 0 341 4 457
-6 0 341 4 458
-23 0 341 4 459
-34 0 336 4 460
-43 0 329 4 461
-44 0 314 4 462
-44 0 297 4 463
-44 0 281 4 464
-44 0 264 4 465
-44 0 248 4 466
-44 0 231 4 467
-44 0 215 4 468
-44 0 189 4 469
-44 0 174 4 470
-44 0 148 4 471
-44 0 131 4 472
-26 0 127 4 473
-33 0 114 4 474
-33 0 95 4 475
-33 0 82 4 476
-19 0 65 4 477
-29 0 46 4 478
-44 0 35 4 479
