480
-40 0 199 4 0
-39 0 161 4 1
5 0 225 4 2
-26 0 136 4 3
14 0 232 4 4
9 0 131 4 5
17 0 250 4 6
-1 0 108 4 7
20 0 290 4 8
21 0 89 4 9
53 0 291 4 10
-14 0 72 4 11
57 0 196 4 12
43 0 220 4 13
58 0 302 4 14
32 0 152 4 15
52 0 225 4 16
61 0 150 4 17
43 0 244 4 18
36 0 78 4 19
63 0 90 4 20
63 0 110 4 21
85 0 298 4 22
65 0 138 4 23
21 0 78 4 24
21 0 87 4 25
-7 0 101 4 26
37 0 112 4 27
65 0 247 4 28
17 0 84 4 29
83 0 98 4 30
67 0 75 4 31
88 0 89 4 32
58 0 104 4 33
23 0 116 4 34
24 0 54 4 35
24 0 96 4 36
94 0 137 4 37
47 0 77 4 38
40 0 101 4 39
55 0 106 4 40
96 0 306 4 41
15 0 85 4 42
68 0 206 4 43
85 0 202 4 44
-3 0 88 4 45
68 0 197 4 46
79 0 256 4 47
10 0 102 4 48
96 0 101 4 49
89 0 209 4 50
52 0 107 4 51
99 0 150 4 52
70 0 233 4 53
98 0 89 4 54
72 0 99 4 55
98 0 111 4 56
98 0 125 4 57
112 0 143 4 58
99 0 229 4 59
26 0 122 4 60
73 0 248 4 61
73 0 270 4 62
90 0 252 4 63
117 0 133 4 64
76 0 318 4 65
78 0 122 4 66
95 0 277 4 67
69 0 41 4 68
121 0 126 4 69
87 0 259 4 70
92 0 267 4 71
103 0 238 4 72
73 0 73 4 73
133 0 266 4 74
55 0 68 4 75
108 0 80 4 76
123 0 109 4 77
133 0 121 4 78
83 0 57 4 79
132 0 65 4 80
126 0 74 4 81
25 0 63 4 82
69 0 258 4 83
143 0 262 4 84
70 0 75 4 85
128 0 82 4 86
136 0 124 4 87
140 0 315 4 88
59 0 57 4 89
15 0 59 4 90
141 0 84 4 91
145 0 285 4 92
117 0 72 4 93
143 0 104 4 94
137 0 88 4 95
41 0 50 4 96
131 0 91 4 97
121 0 36 4 98
92 0 237 4 99
108 0 214 4 100
151 0 240 4 101
138 0 106 4 102
152 0 218 4 103
101 0 211 4 104
91 0 209 4 105
153 0 208 4 106
152 0 282 4 107
158 0 263 4 108
155 0 103 4 109
70 0 255 4 110
168 0 263 4 111
156 0 115 4 112
157 0 218 4 113
165 0 202 4 114
115 0 229 4 115
167 0 102 4 116
178 0 316 4 117
139 0 65 4 118
85 0 244 4 119
163 0 265 4 120
170 0 291 4 121
120 0 51 4 122
83 0 226 4 123
163 0 74 4 124
174 0 222 4 125
164 0 283 4 126
116 0 59 4 127
149 0 127 4 128
164 0 232 4 129
150 0 48 4 130
40 0 71 4 131
160 0 34 4 132
85 0 45 4 133
178 0 62 4 134
158 0 47 4 135
43 0 57 4 136
179 0 73 4 137
155 0 76 4 138
166 0 83 4 139
181 0 142 4 140
160 0 57 4 141
154 0 131 4 142
186 0 201 4 143
184 0 268 4 144
178 0 100 4 145
172 0 223 4 146
180 0 196 4 147
147 0 48 4 148
186 0 280 4 149
103 0 51 4 150
104 0 66 4 151
173 0 204 4 152
180 0 46 4 153
169 0 146 4 154
182 0 228 4 155
171 0 48 4 156
175 0 140 4 157
133 0 46 4 158
84 0 48 4 159
169 0 65 4 160
180 0 120 4 161
187 0 212 4 162
193 0 254 4 163
140 0 67 4 164
189 0 278 4 165
167 0 82 4 166
80 0 48 4 167
184 0 82 4 168
176 0 85 4 169
172 0 111 4 170
165 0 149 4 171
106 0 45 4 172
188 0 123 4 173
188 0 237 4 174
200 0 232 4 175
200 0 282 4 176
204 0 323 4 177
200 0 198 4 178
209 0 128 4 179
198 0 207 4 180
208 0 205 4 181
192 0 283 4 182
213 0 153 4 183
197 0 215 4 184
83 0 24 4 185
212 0 94 4 186
212 0 113 4 187
213 0 135 4 188
207 0 200 4 189
203 0 300 4 190
214 0 216 4 191
217 0 252 4 192
214 0 274 4 193
215 0 197 4 194
217 0 78 4 195
218 0 65 4 196
217 0 100 4 197
226 0 120 4 198
214 0 228 4 199
174 0 67 4 200
212 0 244 4 201
220 0 58 4 202
269 0 201 4 203
235 0 86 4 204
236 0 127 4 205
255 0 206 4 206
228 0 261 4 207
234 0 68 4 208
191 0 66 4 209
234 0 77 4 210
218 0 218 4 211
228 0 325 4 212
232 0 45 4 213
225 0 48 4 214
234 0 58 4 215
220 0 52 4 216
223 0 304 4 217
244 0 91 4 218
242 0 47 4 219
242 0 58 4 220
247 0 120 4 221
237 0 100 4 222
244 0 70 4 223
240 0 24 4 224
247 0 83 4 225
251 0 238 4 226
251 0 56 4 227
260 0 67 4 228
258 0 277 4 229
254 0 80 4 230
254 0 43 4 231
268 0 45 4 232
262 0 57 4 233
255 0 89 4 234
253 0 141 4 235
255 0 70 4 236
259 0 126 4 237
263 0 44 4 238
272 0 59 4 239
264 0 90 4 240
260 0 106 4 241
260 0 290 4 242
262 0 261 4 243
277 0 232 4 244
337 0 233 4 245
261 0 223 4 246
270 0 207 4 247
303 0 223 4 248
263 0 120 4 249
263 0 142 4 250
278 0 196 4 251
273 0 114 4 252
266 0 321 4 253
274 0 245 4 254
354 0 250 4 255
266 0 274 4 256
365 0 245 4 257
268 0 257 4 258
284 0 36 4 259
272 0 111 4 260
353 0 207 4 261
273 0 81 4 262
278 0 104 4 263
286 0 118 4 264
291 0 274 4 265
283 0 90 4 266
295 0 298 4 267
280 0 323 4 268
284 0 67 4 269
346 0 218 4 270
293 0 222 4 271
286 0 81 4 272
286 0 73 4 273
293 0 118 4 274
312 0 260 4 275
366 0 54 4 276
329 0 181 4 277
370 0 50 4 278
297 0 263 4 279
372 0 228 4 280
297 0 272 4 281
346 0 58 4 282
325 0 73 4 283
318 0 76 4 284
391 0 188 4 285
365 0 173 4 286
354 0 180 4 287
328 0 59 4 288
320 0 67 4 289
392 0 183 4 290
297 0 320 4 291
300 0 253 4 292
323 0 41 4 293
347 0 49 4 294
328 0 51 4 295
368 0 57 4 296
375 0 195 4 297
320 0 278 4 298
321 0 226 4 299
376 0 180 4 300
337 0 272 4 301
310 0 235 4 302
413 0 228 4 303
335 0 113 4 304
341 0 259 4 305
326 0 258 4 306
340 0 320 4 307
373 0 172 4 308
356 0 130 4 309
423 0 197 4 310
384 0 194 4 311
343 0 250 4 312
351 0 132 4 313
350 0 113 4 314
356 0 40 4 315
372 0 252 4 316
403 0 177 4 317
330 0 123 4 318
375 0 191 4 319
369 0 278 4 320
372 0 112 4 321
345 0 91 4 322
363 0 125 4 323
380 0 263 4 324
346 0 312 4 325
360 0 66 4 326
373 0 66 4 327
334 0 85 4 328
382 0 111 4 329
405 0 226 4 330
367 0 98 4 331
348 0 225 4 332
365 0 101 4 333
366 0 110 4 334
406 0 238 4 335
366 0 85 4 336
395 0 185 4 337
349 0 212 4 338
377 0 95 4 339
387 0 220 4 340
393 0 74 4 341
367 0 117 4 342
400 0 240 4 343
376 0 224 4 344
351 0 243 4 345
350 0 302 4 346
386 0 66 4 347
375 0 85 4 348
413 0 196 4 349
396 0 81 4 350
363 0 87 4 351
412 0 280 4 352
377 0 308 4 353
359 0 65 4 354
425 0 214 4 355
392 0 246 4 356
434 0 226 4 357
385 0 221 4 358
382 0 300 4 359
420 0 229 4 360
406 0 229 4 361
404 0 65 4 362
398 0 300 4 363
398 0 86 4 364
415 0 293 4 365
405 0 272 4 366
467 0 97 4 367
432 0 282 4 368
421 0 118 4 369
452 0 280 4 370
474 0 139 4 371
456 0 259 4 372
477 0 256 4 373
477 0 176 4 374
478 0 203 4 375
479 0 220 4 376
451 0 207 4 377
-47 0 19 4 378
-31 0 19 4 379
-14 0 19 4 380
2 0 19 4 381
29 0 19 4 382
46 0 19 4 383
62 0 19 4 384
79 0 19 4 385
95 0 19 4 386
112 0 19 4 387
128 0 19 4 388
145 0 19 4 389
161 0 19 4 390
178 0 19 4 391
195 0 19 4 392
211 0 19 4 393
227 0 19 4 394
254 0 19 4 395
270 0 19 4 396
287 0 19 4 397
303 0 19 4 398
320 0 19 4 399
336 0 19 4 400
353 0 19 4 401
369 0 19 4 402
386 0 19 4 403
402 0 19 4 404
419 0 19 4 405
435 0 19 4 406
452 0 19 4 407
469 0 19 4 408
480 0 23 4 409
487 0 33 4 410
487 0 50 4 411
487 0 67 4 412
487 0 83 4 413
487 0 110 4 414
487 0 127 4 415
487 0 154 4 416
487 0 170 4 417
487 0 196 4 418
472 0 200 4 419
465 0 209 4 420
487 0 246 4 421
469 0 246 4 422
487 0 279 4 423
487 0 296 4 424
487 0 312 4 425
468 0 310 4 426
482 0 329 4 427
471 0 335 4 428
460 0 341 4 429
444 0 341 4 430
427 0 341 4 431
411 0 341 4 432
394 0 341 4 433
398 0 330 4 434
372 0 341 4 435
355 0 341 4 436
339 0 341 4 437
322 0 341 4 438
306 0 341 4 439
289 0 341 4 440
273 0 341 4 441
256 0 341 4 442
240 0 341 4 443
223 0 341 4 444
208 0 341 4 445
191 0 341 4 446
174 0 341 4 447
158 0 341 4 448
141 0 341 4 449
125 0 341 4 450
108 0 341 4 451
92 0 341 4 452
75 0 341 4 453
59 0 341 4 454
42 0 341 4 455
26 0 341 4 456
9 0 341 4 457
-7 0 341 4 458
-24 0 341 4 459
-36 0 337 4 460
-46 0 331 4 461
-47 0 315 4 462
-47 0 299 4 463
-47 0 282 4 464
-47 0 266 4 465
-47 0 249 4 466
-47 0 233 4 467
-47 0 216 4 468
-47 0 189 4 469
-47 0 173 4 470
-47 0 146 4 471
-47 0 130 4 472
-28 0 127 4 473
-35 0 115 4 474
-35 0 95 4 475
-35 0 82 4 476
-19 0 65 4 477
-31 0 46 4 478
-47 0 35 4 479
