480
-17 0 192 4 0
-16 0 166 4 1
6 0 214 4 2
-8 0 143 4 3
14 0 228 4 4
13 0 131 4 5
21 0 248 4 6
16 0 109 4 7
32 0 276 4 8
36 0 89 4 9
58 0 286 4 10
31 0 73 4 11
65 0 187 4 12
59 0 205 4 13
66 0 295 4 14
54 0 159 4 15
66 0 215 4 16
71 0 152 4 17
64 0 230 4 18
62 0 79 4 19
74 0 91 4 20
75 0 109 4 21
85 0 297 4 22
77 0 140 4 23
57 0 80 4 24
57 0 87 4 25
43 0 97 4 26
66 0 109 4 27
79 0 237 4 28
57 0 84 4 29
88 0 98 4 30
81 0 75 4 31
91 0 89 4 32
77 0 103 4 33
62 0 113 4 34
63 0 56 4 35
63 0 94 4 36
95 0 135 4 37
74 0 78 4 38
71 0 99 4 39
78 0 106 4 40
97 0 305 4 41
60 0 84 4 42
85 0 190 4 43
93 0 194 4 44
52 0 88 4 45
85 0 181 4 46
91 0 246 4 47
59 0 97 4 48
99 0 101 4 49
96 0 205 4 50
80 0 106 4 51
103 0 152 4 52
89 0 221 4 53
102 0 89 4 54
91 0 98 4 55
104 0 110 4 56
104 0 123 4 57
111 0 143 4 58
105 0 225 4 59
71 0 117 4 60
94 0 229 4 61
94 0 257 4 62
106 0 242 4 63
119 0 133 4 64
100 0 314 4 65
102 0 118 4 66
110 0 263 4 67
98 0 45 4 68
125 0 125 4 69
110 0 245 4 70
112 0 254 4 71
119 0 225 4 72
105 0 74 4 73
134 0 262 4 74
98 0 69 4 75
123 0 80 4 76
130 0 109 4 77
135 0 120 4 78
112 0 59 4 79
136 0 65 4 80
134 0 74 4 81
87 0 67 4 82
108 0 227 4 83
143 0 256 4 84
110 0 76 4 85
137 0 81 4 86
141 0 117 4 87
143 0 317 4 88
106 0 61 4 89
85 0 64 4 90
144 0 84 4 91
146 0 273 4 92
134 0 72 4 93
146 0 104 4 94
144 0 88 4 95
99 0 56 4 96
142 0 92 4 97
138 0 38 4 98
124 0 212 4 99
133 0 197 4 100
153 0 238 4 101
147 0 107 4 102
154 0 215 4 103
131 0 191 4 104
127 0 185 4 105
157 0 203 4 106
156 0 273 4 107
159 0 259 4 108
159 0 102 4 109
119 0 216 4 110
169 0 259 4 111
164 0 111 4 112
164 0 208 4 113
168 0 195 4 114
145 0 204 4 115
170 0 100 4 116
176 0 321 4 117
158 0 67 4 118
133 0 206 4 119
170 0 249 4 120
173 0 280 4 121
150 0 55 4 122
133 0 193 4 123
171 0 74 4 124
176 0 217 4 125
172 0 269 4 126
150 0 62 4 127
165 0 117 4 128
173 0 215 4 129
167 0 52 4 130
115 0 71 4 131
172 0 34 4 132
137 0 52 4 133
181 0 62 4 134
173 0 49 4 135
118 0 63 4 136
182 0 73 4 137
171 0 76 4 138
176 0 82 4 139
184 0 141 4 140
174 0 59 4 141
172 0 119 4 142
187 0 195 4 143
186 0 262 4 144
184 0 96 4 145
181 0 202 4 146
185 0 185 4 147
170 0 53 4 148
188 0 275 4 149
150 0 57 4 150
151 0 69 4 151
183 0 184 4 152
188 0 47 4 153
183 0 146 4 154
189 0 213 4 155
184 0 50 4 156
186 0 135 4 157
167 0 52 4 158
144 0 56 4 159
183 0 66 4 160
189 0 114 4 161
192 0 200 4 162
195 0 244 4 163
171 0 69 4 164
194 0 267 4 165
184 0 78 4 166
144 0 56 4 167
193 0 81 4 168
189 0 84 4 169
188 0 102 4 170
185 0 150 4 171
158 0 53 4 172
197 0 115 4 173
197 0 212 4 174
202 0 222 4 175
202 0 277 4 176
204 0 325 4 177
204 0 189 4 178
208 0 128 4 179
204 0 190 4 180
209 0 202 4 181
201 0 269 4 182
212 0 155 4 183
205 0 189 4 184
153 0 28 4 185
213 0 93 4 186
214 0 111 4 187
215 0 131 4 188
213 0 178 4 189
212 0 286 4 190
217 0 207 4 191
219 0 243 4 192
218 0 265 4 193
220 0 180 4 194
220 0 77 4 195
222 0 65 4 196
221 0 96 4 197
226 0 114 4 198
221 0 212 4 199
203 0 69 4 200
220 0 227 4 201
225 0 60 4 202
249 0 185 4 203
233 0 82 4 204
234 0 127 4 205
243 0 191 4 206
230 0 259 4 207
233 0 68 4 208
214 0 69 4 209
233 0 76 4 210
225 0 202 4 211
230 0 327 4 212
233 0 47 4 213
229 0 52 4 214
234 0 58 4 215
227 0 58 4 216
229 0 288 4 217
240 0 84 4 218
240 0 52 4 219
240 0 60 4 220
242 0 114 4 221
238 0 97 4 222
242 0 70 4 223
240 0 28 4 224
243 0 78 4 225
245 0 236 4 226
246 0 58 4 227
250 0 66 4 228
250 0 266 4 229
248 0 75 4 230
250 0 48 4 231
256 0 51 4 232
253 0 61 4 233
250 0 82 4 234
249 0 135 4 235
251 0 70 4 236
253 0 117 4 237
256 0 49 4 238
260 0 62 4 239
256 0 83 4 240
255 0 100 4 241
255 0 280 4 242
257 0 259 4 243
265 0 215 4 244
293 0 193 4 245
257 0 217 4 246
262 0 200 4 247
279 0 203 4 248
261 0 114 4 249
261 0 136 4 250
269 0 186 4 251
267 0 105 4 252
264 0 323 4 253
268 0 240 4 254
306 0 207 4 255
265 0 272 4 256
313 0 199 4 257
267 0 257 4 258
276 0 35 4 259
271 0 110 4 260
311 0 168 4 261
274 0 79 4 262
276 0 101 4 263
281 0 113 4 264
284 0 265 4 265
281 0 84 4 266
286 0 281 4 267
279 0 323 4 268
282 0 69 4 269
311 0 186 4 270
286 0 217 4 271
284 0 80 4 272
285 0 73 4 273
288 0 112 4 274
298 0 246 4 275
324 0 66 4 276
307 0 160 4 277
326 0 62 4 278
292 0 259 4 279
328 0 187 4 280
294 0 268 4 281
317 0 66 4 282
308 0 76 4 283
305 0 80 4 284
339 0 134 4 285
327 0 136 4 286
322 0 144 4 287
310 0 65 4 288
307 0 70 4 289
342 0 134 4 290
297 0 319 4 291
299 0 252 4 292
310 0 41 4 293
321 0 58 4 294
313 0 57 4 295
331 0 66 4 296
337 0 155 4 297
311 0 267 4 298
312 0 219 4 299
339 0 143 4 300
321 0 258 4 301
310 0 235 4 302
360 0 174 4 303
325 0 104 4 304
328 0 248 4 305
321 0 254 4 306
328 0 315 4 307
344 0 143 4 308
337 0 112 4 309
368 0 149 4 310
351 0 162 4 311
333 0 240 4 312
337 0 120 4 313
337 0 104 4 314
340 0 46 4 315
348 0 231 4 316
363 0 139 4 317
329 0 122 4 318
350 0 165 4 319
348 0 261 4 320
349 0 104 4 321
337 0 91 4 322
346 0 113 4 323
354 0 240 4 324
338 0 310 4 325
346 0 71 4 326
352 0 73 4 327
333 0 84 4 328
356 0 104 4 329
367 0 186 4 330
350 0 94 4 331
341 0 218 4 332
351 0 98 4 333
351 0 104 4 334
370 0 197 4 335
351 0 86 4 336
365 0 155 4 337
343 0 206 4 338
357 0 93 4 339
362 0 193 4 340
366 0 79 4 341
354 0 109 4 342
369 0 208 4 343
358 0 207 4 344
346 0 239 4 345
346 0 302 4 346
364 0 73 4 347
360 0 87 4 348
379 0 165 4 349
372 0 83 4 350
356 0 88 4 351
380 0 252 4 352
366 0 301 4 353
359 0 65 4 354
391 0 180 4 355
375 0 230 4 356
398 0 191 4 357
376 0 212 4 358
375 0 294 4 359
393 0 202 4 360
387 0 209 4 361
387 0 69 4 362
388 0 290 4 363
393 0 86 4 364
401 0 282 4 365
402 0 268 4 366
433 0 99 4 367
419 0 267 4 368
418 0 116 4 369
433 0 261 4 370
447 0 133 4 371
439 0 243 4 372
452 0 234 4 373
453 0 159 4 374
455 0 180 4 375
457 0 196 4 376
443 0 198 4 377
-31 0 18 4 378
-15 0 18 4 379
1 0 18 4 380
17 0 18 4 381
38 0 18 4 382
54 0 18 4 383
70 0 18 4 384
86 0 18 4 385
103 0 18 4 386
119 0 18 4 387
135 0 18 4 388
151 0 18 4 389
167 0 18 4 390
183 0 18 4 391
199 0 18 4 392
215 0 18 4 393
230 0 18 4 394
251 0 18 4 395
267 0 18 4 396
283 0 18 4 397
300 0 18 4 398
316 0 18 4 399
332 0 18 4 400
348 0 18 4 401
364 0 18 4 402
380 0 18 4 403
396 0 18 4 404
412 0 18 4 405
428 0 18 4 406
444 0 18 4 407
460 0 18 4 408
468 0 27 4 409
471 0 40 4 410
471 0 56 4 411
471 0 72 4 412
471 0 88 4 413
471 0 109 4 414
471 0 125 4 415
471 0 146 4 416
471 0 162 4 417
471 0 182 4 418
464 0 192 4 419
461 0 205 4 420
471 0 231 4 421
462 0 239 4 422
471 0 263 4 423
471 0 279 4 424
471 0 295 4 425
462 0 302 4 426
468 0 320 4 427
463 0 331 4 428
458 0 342 4 429
442 0 342 4 430
426 0 342 4 431
410 0 342 4 432
394 0 342 4 433
387 0 337 4 434
367 0 342 4 435
351 0 342 4 436
335 0 342 4 437
319 0 342 4 438
302 0 342 4 439
286 0 342 4 440
270 0 342 4 441
254 0 342 4 442
238 0 342 4 443
222 0 342 4 444
207 0 342 4 445
191 0 342 4 446
175 0 342 4 447
159 0 342 4 448
143 0 342 4 449
127 0 342 4 450
111 0 342 4 451
94 0 342 4 452
78 0 342 4 453
62 0 342 4 454
46 0 342 4 455
30 0 342 4 456
14 0 342 4 457
-2 0 342 4 458
-18 0 342 4 459
-26 0 333 4 460
-30 0 322 4 461
-31 0 307 4 462
-31 0 290 4 463
-31 0 274 4 464
-31 0 258 4 465
-31 0 242 4 466
-31 0 226 4 467
-31 0 210 4 468
-31 0 189 4 469
-31 0 174 4 470
-31 0 153 4 471
-31 0 137 4 472
-22 0 127 4 473
-25 0 113 4 474
-25 0 96 4 475
-25 0 81 4 476
-18 0 65 4 477
-23 0 48 4 478
-31 0 34 4 479
