480
-34 0 197 4 0
-34 0 162 4 1
5 0 222 4 2
-22 0 138 4 3
14 0 231 4 4
10 0 131 4 5
18 0 250 4 6
3 0 108 4 7
23 0 287 4 8
25 0 89 4 9
55 0 290 4 10
-3 0 72 4 11
59 0 194 4 12
47 0 216 4 13
60 0 300 4 14
37 0 154 4 15
55 0 222 4 16
63 0 151 4 17
48 0 241 4 18
42 0 78 4 19
66 0 90 4 20
66 0 110 4 21
85 0 298 4 22
68 0 139 4 23
30 0 79 4 24
30 0 87 4 25
5 0 100 4 26
44 0 111 4 27
68 0 245 4 28
27 0 84 4 29
84 0 98 4 30
70 0 75 4 31
89 0 89 4 32
63 0 104 4 33
33 0 115 4 34
34 0 54 4 35
34 0 95 4 36
94 0 136 4 37
53 0 77 4 38
48 0 100 4 39
60 0 106 4 40
96 0 306 4 41
26 0 85 4 42
72 0 202 4 43
87 0 200 4 44
11 0 88 4 45
73 0 193 4 46
82 0 254 4 47
22 0 100 4 48
97 0 101 4 49
91 0 208 4 50
59 0 107 4 51
100 0 151 4 52
75 0 230 4 53
99 0 89 4 54
77 0 99 4 55
99 0 111 4 56
100 0 125 4 57
112 0 143 4 58
100 0 228 4 59
37 0 120 4 60
78 0 243 4 61
78 0 266 4 62
94 0 250 4 63
118 0 133 4 64
82 0 317 4 65
84 0 121 4 66
99 0 274 4 67
76 0 42 4 68
122 0 126 4 69
93 0 256 4 70
97 0 264 4 71
107 0 234 4 72
81 0 73 4 73
133 0 265 4 74
66 0 68 4 75
112 0 80 4 76
125 0 109 4 77
134 0 121 4 78
90 0 57 4 79
133 0 65 4 80
128 0 74 4 81
40 0 64 4 82
79 0 250 4 83
143 0 261 4 84
80 0 75 4 85
130 0 82 4 86
137 0 122 4 87
141 0 316 4 88
71 0 58 4 89
32 0 60 4 90
142 0 84 4 91
145 0 282 4 92
121 0 72 4 93
144 0 104 4 94
139 0 88 4 95
55 0 52 4 96
134 0 91 4 97
125 0 36 4 98
100 0 231 4 99
114 0 210 4 100
152 0 240 4 101
140 0 106 4 102
153 0 217 4 103
108 0 206 4 104
100 0 203 4 105
154 0 206 4 106
153 0 280 4 107
158 0 262 4 108
156 0 103 4 109
82 0 245 4 110
168 0 262 4 111
158 0 114 4 112
159 0 216 4 113
166 0 200 4 114
123 0 223 4 115
168 0 101 4 116
178 0 317 4 117
144 0 66 4 118
96 0 235 4 119
165 0 261 4 120
171 0 288 4 121
128 0 52 4 122
95 0 218 4 123
165 0 74 4 124
175 0 221 4 125
166 0 280 4 126
125 0 60 4 127
153 0 125 4 128
166 0 228 4 129
154 0 49 4 130
59 0 71 4 131
163 0 34 4 132
98 0 47 4 133
179 0 62 4 134
162 0 48 4 135
61 0 58 4 136
180 0 73 4 137
159 0 76 4 138
168 0 83 4 139
182 0 142 4 140
163 0 57 4 141
158 0 128 4 142
186 0 199 4 143
185 0 267 4 144
179 0 99 4 145
175 0 218 4 146
181 0 193 4 147
153 0 50 4 148
186 0 278 4 149
115 0 53 4 150
116 0 67 4 151
175 0 199 4 152
182 0 46 4 153
172 0 146 4 154
184 0 224 4 155
175 0 48 4 156
178 0 138 4 157
141 0 47 4 158
99 0 50 4 159
172 0 65 4 160
183 0 119 4 161
188 0 209 4 162
193 0 252 4 163
148 0 68 4 164
190 0 275 4 165
171 0 81 4 166
96 0 50 4 167
187 0 82 4 168
180 0 85 4 169
176 0 109 4 170
170 0 149 4 171
119 0 47 4 172
190 0 121 4 173
190 0 231 4 174
200 0 230 4 175
200 0 280 4 176
204 0 323 4 177
201 0 195 4 178
209 0 128 4 179
199 0 202 4 180
208 0 204 4 181
194 0 280 4 182
213 0 153 4 183
199 0 209 4 184
100 0 25 4 185
212 0 94 4 186
213 0 112 4 187
213 0 134 4 188
209 0 194 4 189
205 0 297 4 190
215 0 214 4 191
217 0 250 4 192
215 0 272 4 193
216 0 193 4 194
218 0 78 4 195
220 0 65 4 196
218 0 99 4 197
226 0 119 4 198
216 0 224 4 199
181 0 67 4 200
214 0 240 4 201
220 0 58 4 202
264 0 197 4 203
234 0 85 4 204
236 0 127 4 205
252 0 202 4 206
229 0 260 4 207
234 0 68 4 208
197 0 67 4 209
234 0 77 4 210
220 0 214 4 211
229 0 326 4 212
232 0 45 4 213
226 0 49 4 214
234 0 58 4 215
221 0 53 4 216
224 0 300 4 217
243 0 89 4 218
242 0 48 4 219
242 0 58 4 220
246 0 118 4 221
237 0 99 4 222
243 0 70 4 223
240 0 25 4 224
246 0 81 4 225
250 0 238 4 226
250 0 57 4 227
258 0 67 4 228
256 0 274 4 229
253 0 78 4 230
253 0 45 4 231
265 0 47 4 232
259 0 58 4 233
254 0 87 4 234
252 0 140 4 235
254 0 70 4 236
258 0 124 4 237
261 0 45 4 238
269 0 60 4 239
262 0 88 4 240
259 0 105 4 241
259 0 288 4 242
261 0 261 4 243
274 0 228 4 244
326 0 223 4 245
260 0 222 4 246
268 0 205 4 247
297 0 218 4 248
262 0 118 4 249
263 0 141 4 250
276 0 193 4 251
272 0 112 4 252
265 0 321 4 253
273 0 244 4 254
343 0 239 4 255
266 0 273 4 256
352 0 233 4 257
268 0 257 4 258
282 0 36 4 259
272 0 111 4 260
343 0 197 4 261
273 0 81 4 262
278 0 103 4 263
284 0 117 4 264
289 0 272 4 265
282 0 89 4 266
293 0 294 4 267
280 0 323 4 268
284 0 68 4 269
338 0 210 4 270
291 0 221 4 271
285 0 81 4 272
286 0 73 4 273
292 0 116 4 274
309 0 257 4 275
355 0 57 4 276
324 0 177 4 277
359 0 53 4 278
295 0 262 4 279
361 0 218 4 280
296 0 271 4 281
339 0 60 4 282
321 0 74 4 283
315 0 77 4 284
378 0 175 4 285
355 0 164 4 286
346 0 172 4 287
324 0 60 4 288
316 0 68 4 289
380 0 172 4 290
297 0 320 4 291
300 0 253 4 292
320 0 41 4 293
341 0 51 4 294
324 0 52 4 295
359 0 59 4 296
366 0 185 4 297
317 0 275 4 298
318 0 224 4 299
367 0 171 4 300
333 0 269 4 301
310 0 235 4 302
400 0 214 4 303
333 0 111 4 304
337 0 256 4 305
324 0 257 4 306
337 0 319 4 307
366 0 165 4 308
352 0 126 4 309
409 0 185 4 310
376 0 186 4 311
341 0 247 4 312
348 0 129 4 313
346 0 110 4 314
352 0 41 4 315
366 0 247 4 316
393 0 167 4 317
330 0 123 4 318
369 0 185 4 319
364 0 273 4 320
366 0 110 4 321
343 0 91 4 322
359 0 122 4 323
374 0 257 4 324
344 0 311 4 325
357 0 67 4 326
368 0 68 4 327
334 0 85 4 328
375 0 109 4 329
395 0 216 4 330
363 0 97 4 331
346 0 223 4 332
362 0 100 4 333
362 0 109 4 334
397 0 228 4 335
362 0 85 4 336
388 0 178 4 337
348 0 211 4 338
372 0 95 4 339
380 0 214 4 340
387 0 75 4 341
364 0 115 4 342
392 0 232 4 343
372 0 219 4 344
349 0 242 4 345
349 0 302 4 346
381 0 68 4 347
371 0 86 4 348
405 0 188 4 349
390 0 82 4 350
361 0 87 4 351
404 0 273 4 352
374 0 306 4 353
359 0 65 4 354
417 0 206 4 355
388 0 242 4 356
425 0 217 4 357
383 0 219 4 358
380 0 298 4 359
413 0 222 4 360
401 0 224 4 361
399 0 66 4 362
396 0 297 4 363
396 0 86 4 364
412 0 290 4 365
404 0 271 4 366
458 0 97 4 367
429 0 278 4 368
420 0 117 4 369
447 0 275 4 370
468 0 137 4 371
451 0 255 4 372
471 0 250 4 373
471 0 172 4 374
473 0 197 4 375
474 0 214 4 376
449 0 205 4 377
-43 0 19 4 378
-27 0 19 4 379
-11 0 19 4 380
6 0 19 4 381
31 0 19 4 382
48 0 19 4 383
64 0 19 4 384
81 0 19 4 385
97 0 19 4 386
114 0 19 4 387
130 0 19 4 388
146 0 19 4 389
163 0 19 4 390
179 0 19 4 391
196 0 19 4 392
212 0 19 4 393
227 0 19 4 394
253 0 19 4 395
269 0 19 4 396
286 0 19 4 397
302 0 19 4 398
319 0 19 4 399
335 0 19 4 400
352 0 19 4 401
368 0 19 4 402
384 0 19 4 403
401 0 19 4 404
417 0 19 4 405
434 0 19 4 406
450 0 19 4 407
466 0 19 4 408
477 0 24 4 409
483 0 35 4 410
483 0 51 4 411
483 0 68 4 412
483 0 84 4 413
483 0 110 4 414
483 0 126 4 415
483 0 152 4 416
483 0 168 4 417
483 0 193 4 418
470 0 198 4 419
464 0 208 4 420
483 0 242 4 421
467 0 244 4 422
483 0 275 4 423
483 0 291 4 424
483 0 308 4 425
466 0 308 4 426
478 0 327 4 427
469 0 334 4 428
460 0 341 4 429
444 0 341 4 430
427 0 341 4 431
411 0 341 4 432
394 0 341 4 433
396 0 332 4 434
371 0 341 4 435
354 0 341 4 436
338 0 341 4 437
321 0 341 4 438
305 0 341 4 439
288 0 341 4 440
272 0 341 4 441
256 0 341 4 442
239 0 341 4 443
223 0 341 4 444
207 0 341 4 445
191 0 341 4 446
175 0 341 4 447
158 0 341 4 448
142 0 341 4 449
125 0 341 4 450
109 0 341 4 451
92 0 341 4 452
76 0 341 4 453
60 0 341 4 454
43 0 341 4 455
27 0 341 4 456
10 0 341 4 457
-6 0 341 4 458
-22 0 341 4 459
-33 0 336 4 460
-42 0 328 4 461
-43 0 313 4 462
-43 0 297 4 463
-43 0 280 4 464
-43 0 264 4 465
-43 0 247 4 466
-43 0 231 4 467
-43 0 215 4 468
-43 0 189 4 469
-43 0 174 4 470
-43 0 148 4 471
-43 0 132 4 472
-26 0 127 4 473
-33 0 114 4 474
-33 0 95 4 475
-33 0 82 4 476
-19 0 65 4 477
-29 0 47 4 478
-43 0 35 4 479
