480
-36 0 198 4 0
-36 0 162 4 1
5 0 223 4 2
-23 0 138 4 3
14 0 231 4 4
10 0 131 4 5
18 0 250 4 6
1 0 108 4 7
22 0 288 4 8
23 0 89 4 9
54 0 291 4 10
-8 0 72 4 11
58 0 195 4 12
46 0 218 4 13
59 0 300 4 14
35 0 154 4 15
54 0 223 4 16
62 0 151 4 17
46 0 242 4 18
39 0 78 4 19
65 0 90 4 20
65 0 110 4 21
85 0 298 4 22
66 0 139 4 23
26 0 79 4 24
26 0 87 4 25
0 0 100 4 26
41 0 112 4 27
67 0 246 4 28
23 0 84 4 29
84 0 98 4 30
69 0 75 4 31
88 0 89 4 32
61 0 104 4 33
29 0 116 4 34
30 0 54 4 35
30 0 95 4 36
94 0 136 4 37
51 0 77 4 38
45 0 100 4 39
58 0 106 4 40
96 0 306 4 41
21 0 85 4 42
70 0 204 4 43
86 0 201 4 44
5 0 88 4 45
71 0 194 4 46
81 0 255 4 47
18 0 101 4 48
96 0 101 4 49
91 0 208 4 50
56 0 107 4 51
100 0 151 4 52
73 0 232 4 53
99 0 89 4 54
75 0 99 4 55
99 0 111 4 56
99 0 125 4 57
112 0 143 4 58
100 0 228 4 59
33 0 121 4 60
76 0 245 4 61
76 0 268 4 62
92 0 251 4 63
118 0 133 4 64
79 0 317 4 65
81 0 121 4 66
97 0 275 4 67
73 0 42 4 68
122 0 126 4 69
91 0 257 4 70
95 0 265 4 71
106 0 236 4 72
77 0 73 4 73
133 0 265 4 74
61 0 68 4 75
110 0 80 4 76
125 0 109 4 77
134 0 121 4 78
87 0 57 4 79
133 0 65 4 80
127 0 74 4 81
34 0 64 4 82
75 0 253 4 83
143 0 261 4 84
76 0 75 4 85
129 0 82 4 86
137 0 123 4 87
140 0 316 4 88
66 0 58 4 89
25 0 60 4 90
141 0 84 4 91
145 0 283 4 92
119 0 72 4 93
143 0 104 4 94
138 0 88 4 95
50 0 51 4 96
133 0 91 4 97
123 0 36 4 98
97 0 233 4 99
112 0 212 4 100
152 0 240 4 101
140 0 106 4 102
153 0 218 4 103
105 0 208 4 104
96 0 206 4 105
154 0 207 4 106
153 0 281 4 107
158 0 262 4 108
156 0 103 4 109
78 0 249 4 110
168 0 262 4 111
157 0 114 4 112
159 0 217 4 113
165 0 200 4 114
119 0 225 4 115
167 0 101 4 116
178 0 317 4 117
142 0 66 4 118
92 0 239 4 119
164 0 262 4 120
170 0 289 4 121
124 0 52 4 122
90 0 221 4 123
164 0 74 4 124
175 0 221 4 125
165 0 281 4 126
121 0 59 4 127
152 0 126 4 128
165 0 230 4 129
152 0 49 4 130
51 0 71 4 131
161 0 34 4 132
93 0 46 4 133
178 0 62 4 134
160 0 48 4 135
54 0 58 4 136
179 0 73 4 137
157 0 76 4 138
167 0 83 4 139
181 0 142 4 140
162 0 57 4 141
157 0 130 4 142
186 0 200 4 143
185 0 267 4 144
179 0 99 4 145
174 0 220 4 146
180 0 194 4 147
151 0 49 4 148
186 0 279 4 149
110 0 52 4 150
111 0 66 4 151
174 0 201 4 152
181 0 46 4 153
171 0 146 4 154
183 0 226 4 155
173 0 48 4 156
177 0 139 4 157
138 0 47 4 158
93 0 49 4 159
171 0 65 4 160
182 0 119 4 161
187 0 211 4 162
193 0 253 4 163
145 0 68 4 164
189 0 276 4 165
169 0 81 4 166
89 0 49 4 167
186 0 82 4 168
178 0 85 4 169
175 0 110 4 170
168 0 149 4 171
114 0 46 4 172
189 0 122 4 173
189 0 233 4 174
200 0 231 4 175
200 0 281 4 176
204 0 323 4 177
201 0 196 4 178
209 0 128 4 179
199 0 204 4 180
208 0 205 4 181
193 0 281 4 182
213 0 153 4 183
198 0 212 4 184
93 0 25 4 185
212 0 94 4 186
213 0 112 4 187
213 0 134 4 188
208 0 196 4 189
204 0 298 4 190
214 0 214 4 191
217 0 251 4 192
215 0 272 4 193
216 0 194 4 194
218 0 78 4 195
219 0 65 4 196
217 0 99 4 197
226 0 119 4 198
215 0 225 4 199
178 0 67 4 200
214 0 242 4 201
220 0 58 4 202
266 0 199 4 203
234 0 85 4 204
236 0 127 4 205
253 0 204 4 206
229 0 260 4 207
234 0 68 4 208
195 0 66 4 209
234 0 77 4 210
219 0 215 4 211
229 0 326 4 212
232 0 45 4 213
226 0 49 4 214
234 0 58 4 215
220 0 53 4 216
224 0 301 4 217
243 0 90 4 218
242 0 47 4 219
242 0 58 4 220
246 0 119 4 221
237 0 100 4 222
243 0 70 4 223
240 0 25 4 224
246 0 82 4 225
250 0 238 4 226
251 0 57 4 227
259 0 67 4 228
257 0 275 4 229
253 0 79 4 230
253 0 44 4 231
266 0 46 4 232
260 0 58 4 233
255 0 88 4 234
252 0 140 4 235
254 0 70 4 236
258 0 124 4 237
262 0 45 4 238
270 0 59 4 239
263 0 89 4 240
259 0 105 4 241
260 0 289 4 242
262 0 261 4 243
275 0 230 4 244
330 0 227 4 245
260 0 222 4 246
269 0 206 4 247
299 0 220 4 248
262 0 119 4 249
263 0 141 4 250
277 0 194 4 251
272 0 113 4 252
265 0 321 4 253
273 0 245 4 254
347 0 244 4 255
266 0 273 4 256
357 0 238 4 257
268 0 257 4 258
283 0 36 4 259
272 0 111 4 260
347 0 201 4 261
273 0 81 4 262
278 0 104 4 263
285 0 118 4 264
290 0 273 4 265
282 0 89 4 266
294 0 296 4 267
280 0 323 4 268
284 0 68 4 269
341 0 213 4 270
291 0 222 4 271
285 0 81 4 272
286 0 73 4 273
292 0 117 4 274
310 0 258 4 275
360 0 56 4 276
326 0 179 4 277
363 0 52 4 278
296 0 262 4 279
365 0 222 4 280
297 0 271 4 281
342 0 59 4 282
323 0 73 4 283
316 0 77 4 284
383 0 180 4 285
359 0 167 4 286
349 0 176 4 287
325 0 60 4 288
318 0 67 4 289
385 0 177 4 290
297 0 320 4 291
300 0 253 4 292
321 0 41 4 293
344 0 51 4 294
326 0 52 4 295
362 0 59 4 296
370 0 189 4 297
318 0 276 4 298
319 0 224 4 299
370 0 174 4 300
334 0 270 4 301
310 0 235 4 302
405 0 220 4 303
334 0 112 4 304
339 0 257 4 305
325 0 257 4 306
339 0 320 4 307
369 0 168 4 308
354 0 127 4 309
415 0 190 4 310
379 0 189 4 311
342 0 248 4 312
349 0 131 4 313
348 0 111 4 314
353 0 41 4 315
368 0 249 4 316
397 0 171 4 317
330 0 123 4 318
371 0 187 4 319
366 0 275 4 320
368 0 111 4 321
344 0 91 4 322
361 0 123 4 323
377 0 259 4 324
345 0 311 4 325
358 0 67 4 326
370 0 68 4 327
334 0 85 4 328
378 0 110 4 329
399 0 220 4 330
365 0 97 4 331
347 0 223 4 332
363 0 101 4 333
364 0 109 4 334
401 0 232 4 335
364 0 85 4 336
391 0 181 4 337
348 0 211 4 338
374 0 95 4 339
383 0 216 4 340
389 0 75 4 341
365 0 116 4 342
395 0 235 4 343
373 0 221 4 344
350 0 242 4 345
349 0 302 4 346
383 0 68 4 347
373 0 86 4 348
408 0 191 4 349
392 0 82 4 350
362 0 87 4 351
407 0 276 4 352
375 0 307 4 353
359 0 65 4 354
420 0 209 4 355
390 0 244 4 356
429 0 221 4 357
384 0 220 4 358
380 0 299 4 359
416 0 225 4 360
403 0 226 4 361
401 0 66 4 362
397 0 298 4 363
397 0 86 4 364
413 0 291 4 365
405 0 271 4 366
462 0 97 4 367
430 0 280 4 368
421 0 117 4 369
449 0 277 4 370
470 0 138 4 371
453 0 257 4 372
473 0 252 4 373
474 0 174 4 374
475 0 199 4 375
476 0 216 4 376
450 0 206 4 377
-45 0 19 4 378
-29 0 19 4 379
-12 0 19 4 380
4 0 19 4 381
31 0 19 4 382
47 0 19 4 383
63 0 19 4 384
80 0 19 4 385
96 0 19 4 386
113 0 19 4 387
129 0 19 4 388
146 0 19 4 389
162 0 19 4 390
179 0 19 4 391
195 0 19 4 392
212 0 19 4 393
227 0 19 4 394
253 0 19 4 395
270 0 19 4 396
286 0 19 4 397
303 0 19 4 398
319 0 19 4 399
336 0 19 4 400
352 0 19 4 401
369 0 19 4 402
385 0 19 4 403
401 0 19 4 404
418 0 19 4 405
434 0 19 4 406
451 0 19 4 407
467 0 19 4 408
479 0 24 4 409
484 0 34 4 410
484 0 51 4 411
484 0 67 4 412
484 0 84 4 413
484 0 110 4 414
484 0 126 4 415
484 0 153 4 416
484 0 169 4 417
484 0 194 4 418
471 0 199 4 419
464 0 208 4 420
484 0 244 4 421
468 0 245 4 422
484 0 277 4 423
484 0 293 4 424
484 0 310 4 425
467 0 309 4 426
480 0 328 4 427
470 0 335 4 428
460 0 341 4 429
444 0 341 4 430
427 0 341 4 431
411 0 341 4 432
394 0 341 4 433
397 0 331 4 434
371 0 341 4 435
355 0 341 4 436
338 0 341 4 437
322 0 341 4 438
305 0 341 4 439
289 0 341 4 440
272 0 341 4 441
256 0 341 4 442
239 0 341 4 443
223 0 341 4 444
207 0 341 4 445
191 0 341 4 446
175 0 341 4 447
158 0 341 4 448
142 0 341 4 449
125 0 341 4 450
109 0 341 4 451
92 0 341 4 452
76 0 341 4 453
59 0 341 4 454
43 0 341 4 455
26 0 341 4 456
10 0 341 4 457
-7 0 341 4 458
-23 0 341 4 459
-34 0 336 4 460
-44 0 329 4 461
-45 0 314 4 462
-45 0 298 4 463
-45 0 281 4 464
-45 0 265 4 465
-45 0 248 4 466
-45 0 232 4 467
-45 0 215 4 468
-45 0 189 4 469
-45 0 174 4 470
-45 0 147 4 471
-45 0 131 4 472
-27 0 127 4 473
-34 0 114 4 474
-34 0 95 4 475
-34 0 82 4 476
-19 0 65 4 477
-30 0 46 4 478
-45 0 35 4 479
