480
-33 0 197 4 0
-32 0 162 4 1
5 0 222 4 2
-21 0 139 4 3
14 0 231 4 4
10 0 131 4 5
18 0 250 4 6
4 0 108 4 7
24 0 286 4 8
26 0 89 4 9
55 0 290 4 10
-1 0 72 4 11
60 0 194 4 12
48 0 215 4 13
60 0 299 4 14
39 0 155 4 15
56 0 222 4 16
64 0 151 4 17
49 0 240 4 18
43 0 78 4 19
66 0 90 4 20
67 0 110 4 21
85 0 298 4 22
68 0 139 4 23
32 0 79 4 24
32 0 87 4 25
8 0 100 4 26
46 0 111 4 27
69 0 244 4 28
29 0 84 4 29
85 0 98 4 30
71 0 75 4 31
89 0 89 4 32
64 0 104 4 33
35 0 115 4 34
36 0 54 4 35
36 0 95 4 36
94 0 136 4 37
55 0 77 4 38
50 0 100 4 39
62 0 106 4 40
96 0 306 4 41
28 0 85 4 42
73 0 202 4 43
87 0 199 4 44
14 0 88 4 45
73 0 192 4 46
83 0 253 4 47
25 0 100 4 48
97 0 101 4 49
92 0 208 4 50
60 0 107 4 51
100 0 151 4 52
76 0 230 4 53
99 0 89 4 54
78 0 99 4 55
100 0 111 4 56
100 0 125 4 57
112 0 143 4 58
101 0 228 4 59
40 0 120 4 60
79 0 242 4 61
79 0 266 4 62
94 0 249 4 63
118 0 133 4 64
83 0 317 4 65
85 0 121 4 66
100 0 273 4 67
78 0 42 4 68
122 0 126 4 69
94 0 255 4 70
98 0 263 4 71
108 0 234 4 72
82 0 73 4 73
133 0 265 4 74
68 0 68 4 75
113 0 80 4 76
126 0 109 4 77
134 0 121 4 78
92 0 57 4 79
133 0 65 4 80
128 0 74 4 81
44 0 64 4 82
81 0 248 4 83
143 0 260 4 84
82 0 75 4 85
130 0 82 4 86
138 0 122 4 87
141 0 316 4 88
73 0 58 4 89
36 0 61 4 90
142 0 84 4 91
145 0 281 4 92
122 0 72 4 93
144 0 104 4 94
139 0 88 4 95
58 0 52 4 96
134 0 91 4 97
126 0 36 4 98
101 0 230 4 99
115 0 209 4 100
152 0 240 4 101
141 0 106 4 102
153 0 217 4 103
110 0 205 4 104
102 0 202 4 105
154 0 206 4 106
153 0 280 4 107
158 0 262 4 108
156 0 103 4 109
85 0 243 4 110
168 0 262 4 111
159 0 114 4 112
160 0 215 4 113
166 0 199 4 114
124 0 222 4 115
168 0 101 4 116
178 0 318 4 117
145 0 66 4 118
99 0 233 4 119
165 0 260 4 120
171 0 288 4 121
129 0 52 4 122
98 0 216 4 123
165 0 74 4 124
175 0 220 4 125
167 0 279 4 126
126 0 60 4 127
154 0 124 4 128
166 0 227 4 129
155 0 49 4 130
63 0 71 4 131
163 0 34 4 132
101 0 47 4 133
179 0 62 4 134
163 0 48 4 135
65 0 59 4 136
180 0 73 4 137
159 0 76 4 138
169 0 83 4 139
182 0 142 4 140
164 0 57 4 141
159 0 128 4 142
186 0 199 4 143
185 0 266 4 144
180 0 99 4 145
175 0 217 4 146
181 0 193 4 147
154 0 50 4 148
186 0 278 4 149
117 0 53 4 150
118 0 67 4 151
176 0 198 4 152
182 0 46 4 153
173 0 146 4 154
184 0 223 4 155
175 0 48 4 156
178 0 138 4 157
143 0 48 4 158
102 0 50 4 159
173 0 65 4 160
183 0 118 4 161
188 0 209 4 162
193 0 251 4 163
150 0 68 4 164
190 0 275 4 165
172 0 81 4 166
99 0 50 4 167
187 0 82 4 168
180 0 85 4 169
177 0 109 4 170
171 0 149 4 171
122 0 48 4 172
190 0 120 4 173
190 0 230 4 174
200 0 229 4 175
200 0 280 4 176
204 0 323 4 177
201 0 195 4 178
209 0 128 4 179
200 0 202 4 180
208 0 204 4 181
194 0 279 4 182
213 0 153 4 183
199 0 208 4 184
104 0 25 4 185
212 0 94 4 186
213 0 112 4 187
213 0 134 4 188
209 0 193 4 189
205 0 296 4 190
215 0 213 4 191
217 0 250 4 192
215 0 271 4 193
217 0 192 4 194
218 0 78 4 195
220 0 65 4 196
218 0 99 4 197
226 0 118 4 198
217 0 223 4 199
183 0 67 4 200
215 0 239 4 201
221 0 58 4 202
263 0 197 4 203
234 0 85 4 204
236 0 127 4 205
251 0 201 4 206
229 0 260 4 207
234 0 68 4 208
198 0 67 4 209
234 0 77 4 210
220 0 213 4 211
229 0 326 4 212
232 0 45 4 213
226 0 49 4 214
234 0 58 4 215
221 0 54 4 216
225 0 299 4 217
243 0 89 4 218
242 0 48 4 219
242 0 58 4 220
245 0 118 4 221
237 0 99 4 222
243 0 70 4 223
240 0 25 4 224
246 0 81 4 225
249 0 238 4 226
250 0 57 4 227
257 0 67 4 228
256 0 274 4 229
252 0 78 4 230
253 0 45 4 231
264 0 47 4 232
259 0 58 4 233
254 0 87 4 234
252 0 139 4 235
254 0 70 4 236
257 0 123 4 237
261 0 46 4 238
268 0 60 4 239
262 0 88 4 240
258 0 104 4 241
259 0 287 4 242
261 0 261 4 243
273 0 227 4 244
324 0 221 4 245
260 0 221 4 246
268 0 205 4 247
296 0 217 4 248
262 0 118 4 249
263 0 140 4 250
276 0 193 4 251
271 0 112 4 252
265 0 321 4 253
272 0 244 4 254
340 0 237 4 255
266 0 273 4 256
349 0 231 4 257
268 0 257 4 258
282 0 36 4 259
272 0 111 4 260
341 0 195 4 261
273 0 81 4 262
278 0 103 4 263
284 0 117 4 264
289 0 272 4 265
282 0 88 4 266
293 0 293 4 267
280 0 323 4 268
284 0 68 4 269
336 0 208 4 270
290 0 221 4 271
285 0 81 4 272
286 0 73 4 273
291 0 116 4 274
308 0 256 4 275
353 0 58 4 276
322 0 175 4 277
357 0 54 4 278
295 0 262 4 279
359 0 216 4 280
296 0 271 4 281
337 0 60 4 282
320 0 74 4 283
314 0 77 4 284
375 0 172 4 285
353 0 162 4 286
344 0 170 4 287
323 0 61 4 288
316 0 68 4 289
377 0 169 4 290
297 0 320 4 291
300 0 253 4 292
319 0 41 4 293
340 0 52 4 294
323 0 53 4 295
357 0 60 4 296
364 0 183 4 297
317 0 275 4 298
318 0 223 4 299
365 0 169 4 300
332 0 268 4 301
310 0 235 4 302
397 0 211 4 303
332 0 111 4 304
337 0 256 4 305
324 0 257 4 306
337 0 319 4 307
364 0 163 4 308
351 0 125 4 309
406 0 183 4 310
374 0 184 4 311
340 0 247 4 312
347 0 129 4 313
346 0 110 4 314
351 0 42 4 315
365 0 246 4 316
391 0 165 4 317
330 0 123 4 318
368 0 183 4 319
363 0 273 4 320
365 0 110 4 321
343 0 91 4 322
358 0 121 4 323
373 0 256 4 324
343 0 311 4 325
356 0 68 4 326
367 0 69 4 327
334 0 85 4 328
374 0 109 4 329
393 0 214 4 330
362 0 97 4 331
346 0 222 4 332
361 0 100 4 333
361 0 108 4 334
395 0 226 4 335
361 0 85 4 336
386 0 177 4 337
347 0 210 4 338
371 0 95 4 339
379 0 212 4 340
385 0 76 4 341
363 0 115 4 342
390 0 231 4 343
371 0 219 4 344
349 0 242 4 345
349 0 302 4 346
379 0 69 4 347
370 0 86 4 348
403 0 187 4 349
389 0 82 4 350
361 0 87 4 351
402 0 272 4 352
374 0 306 4 353
359 0 65 4 354
415 0 204 4 355
387 0 242 4 356
423 0 215 4 357
383 0 219 4 358
379 0 298 4 359
412 0 221 4 360
400 0 223 4 361
399 0 66 4 362
395 0 297 4 363
396 0 86 4 364
411 0 290 4 365
404 0 271 4 366
457 0 97 4 367
428 0 277 4 368
420 0 117 4 369
446 0 274 4 370
466 0 137 4 371
451 0 255 4 372
470 0 249 4 373
470 0 171 4 374
471 0 196 4 375
472 0 213 4 376
449 0 205 4 377
-43 0 19 4 378
-26 0 19 4 379
-10 0 19 4 380
7 0 19 4 381
32 0 19 4 382
48 0 19 4 383
65 0 19 4 384
81 0 19 4 385
97 0 19 4 386
114 0 19 4 387
130 0 19 4 388
147 0 19 4 389
163 0 19 4 390
179 0 19 4 391
196 0 19 4 392
212 0 19 4 393
228 0 19 4 394
253 0 19 4 395
269 0 19 4 396
286 0 19 4 397
302 0 19 4 398
319 0 19 4 399
335 0 19 4 400
351 0 19 4 401
368 0 19 4 402
384 0 19 4 403
400 0 19 4 404
417 0 19 4 405
433 0 19 4 406
450 0 19 4 407
466 0 19 4 408
477 0 24 4 409
482 0 35 4 410
482 0 52 4 411
482 0 68 4 412
482 0 85 4 413
482 0 110 4 414
482 0 126 4 415
482 0 152 4 416
482 0 168 4 417
482 0 192 4 418
470 0 198 4 419
464 0 208 4 420
482 0 241 4 421
467 0 244 4 422
482 0 274 4 423
482 0 291 4 424
482 0 307 4 425
466 0 307 4 426
478 0 326 4 427
469 0 334 4 428
460 0 341 4 429
443 0 341 4 430
427 0 341 4 431
411 0 341 4 432
394 0 341 4 433
395 0 332 4 434
370 0 341 4 435
354 0 341 4 436
338 0 341 4 437
321 0 341 4 438
305 0 341 4 439
288 0 341 4 440
272 0 341 4 441
256 0 341 4 442
239 0 341 4 443
223 0 341 4 444
207 0 341 4 445
191 0 341 4 446
175 0 341 4 447
158 0 341 4 448
142 0 341 4 449
125 0 341 4 450
109 0 341 4 451
93 0 341 4 452
76 0 341 4 453
60 0 341 4 454
43 0 341 4 455
27 0 341 4 456
11 0 341 4 457
-6 0 341 4 458
-22 0 341 4 459
-33 0 336 4 460
-42 0 328 4 461
-43 0 313 4 462
-43 0 296 4 463
-43 0 280 4 464
-43 0 263 4 465
-43 0 247 4 466
-43 0 231 4 467
-43 0 214 4 468
-43 0 189 4 469
-43 0 174 4 470
-43 0 148 4 471
-43 0 132 4 472
-26 0 127 4 473
-32 0 114 4 474
-32 0 95 4 475
-32 0 82 4 476
-19 0 65 4 477
-28 0 47 4 478
-43 0 35 4 479
