480
-58 0 204 4 0
-58 0 158 4 1
4 0 233 4 2
-40 0 131 4 3
14 0 235 4 4
7 0 131 4 5
14 0 253 4 6
-14 0 108 4 7
11 0 300 4 8
10 0 89 4 9
50 0 296 4 10
-50 0 71 4 11
51 0 203 4 12
31 0 231 4 13
51 0 307 4 14
15 0 147 4 15
42 0 233 4 16
53 0 149 4 17
26 0 254 4 18
15 0 77 4 19
54 0 90 4 20
54 0 111 4 21
85 0 299 4 22
55 0 137 4 23
-7 0 76 4 24
-7 0 87 4 25
-48 0 103 4 26
15 0 114 4 27
54 0 255 4 28
-15 0 84 4 29
79 0 98 4 30
55 0 75 4 31
85 0 89 4 32
43 0 105 4 33
-7 0 119 4 34
-6 0 51 4 35
-6 0 97 4 36
93 0 139 4 37
26 0 77 4 38
16 0 103 4 39
36 0 106 4 40
95 0 307 4 41
-21 0 85 4 42
55 0 219 4 43
78 0 208 4 44
-46 0 88 4 45
55 0 210 4 46
71 0 265 4 47
-28 0 105 4 48
93 0 101 4 49
84 0 213 4 50
29 0 107 4 51
97 0 149 4 52
55 0 243 4 53
94 0 89 4 54
57 0 100 4 55
94 0 112 4 56
94 0 127 4 57
112 0 143 4 58
94 0 233 4 59
-10 0 125 4 60
56 0 262 4 61
56 0 280 4 62
77 0 261 4 63
116 0 133 4 64
57 0 320 4 65
59 0 124 4 66
83 0 287 4 67
45 0 38 4 68
119 0 126 4 69
69 0 269 4 70
75 0 278 4 71
91 0 248 4 72
47 0 73 4 73
132 0 270 4 74
21 0 67 4 75
96 0 80 4 76
118 0 109 4 77
132 0 122 4 78
60 0 54 4 79
129 0 65 4 80
119 0 74 4 81
-24 0 61 4 82
38 0 282 4 83
143 0 266 4 84
39 0 74 4 85
120 0 82 4 86
132 0 129 4 87
138 0 313 4 88
23 0 54 4 89
-40 0 55 4 90
138 0 84 4 91
144 0 295 4 92
104 0 72 4 93
141 0 104 4 94
132 0 88 4 95
-5 0 46 4 96
123 0 91 4 97
108 0 34 4 98
66 0 257 4 99
89 0 228 4 100
150 0 243 4 101
131 0 106 4 102
150 0 220 4 103
77 0 227 4 104
62 0 228 4 105
151 0 211 4 106
149 0 289 4 107
157 0 265 4 108
153 0 104 4 109
32 0 285 4 110
168 0 265 4 111
150 0 117 4 112
152 0 227 4 113
162 0 207 4 114
91 0 248 4 115
164 0 104 4 116
180 0 312 4 117
124 0 64 4 118
46 0 274 4 119
158 0 277 4 120
168 0 300 4 121
96 0 48 4 122
43 0 251 4 123
157 0 74 4 124
172 0 226 4 125
158 0 294 4 126
90 0 56 4 127
136 0 135 4 128
157 0 246 4 129
137 0 46 4 130
-19 0 71 4 131
150 0 34 4 132
45 0 39 4 133
176 0 62 4 134
147 0 45 4 135
-17 0 52 4 136
176 0 73 4 137
142 0 76 4 138
157 0 84 4 139
179 0 143 4 140
148 0 55 4 141
140 0 141 4 142
185 0 205 4 143
183 0 273 4 144
174 0 102 4 145
166 0 240 4 146
175 0 205 4 147
129 0 45 4 148
183 0 283 4 149
66 0 47 4 150
67 0 64 4 151
164 0 221 4 152
173 0 45 4 153
159 0 146 4 154
177 0 240 4 155
161 0 45 4 156
167 0 143 4 157
106 0 41 4 158
38 0 41 4 159
157 0 64 4 160
174 0 125 4 161
182 0 222 4 162
190 0 262 4 163
116 0 65 4 164
184 0 287 4 165
153 0 84 4 166
29 0 42 4 167
178 0 83 4 168
166 0 85 4 169
160 0 119 4 170
150 0 148 4 171
65 0 39 4 172
181 0 129 4 173
181 0 257 4 174
197 0 241 4 175
197 0 285 4 176
204 0 320 4 177
198 0 204 4 178
209 0 128 4 179
193 0 220 4 180
208 0 208 4 181
184 0 294 4 182
213 0 151 4 183
191 0 236 4 184
28 0 21 4 185
211 0 94 4 186
211 0 115 4 187
210 0 139 4 188
203 0 217 4 189
196 0 311 4 190
211 0 223 4 191
215 0 260 4 192
211 0 281 4 193
211 0 211 4 194
213 0 79 4 195
215 0 65 4 196
212 0 103 4 197
226 0 126 4 198
208 0 240 4 199
150 0 64 4 200
205 0 257 4 201
216 0 56 4 202
286 0 214 4 203
236 0 88 4 204
239 0 127 4 205
265 0 218 4 206
227 0 263 4 207
234 0 68 4 208
174 0 64 4 209
234 0 78 4 210
212 0 231 4 211
226 0 324 4 212
232 0 42 4 213
221 0 46 4 214
234 0 58 4 215
213 0 47 4 216
219 0 317 4 217
247 0 97 4 218
245 0 42 4 219
245 0 55 4 220
251 0 124 4 221
236 0 103 4 222
246 0 70 4 223
240 0 21 4 224
249 0 86 4 225
255 0 240 4 226
256 0 54 4 227
268 0 68 4 228
264 0 285 4 229
258 0 83 4 230
258 0 40 4 231
277 0 41 4 232
268 0 54 4 233
260 0 95 4 234
256 0 147 4 235
258 0 70 4 236
263 0 133 4 237
269 0 40 4 238
281 0 57 4 239
271 0 95 4 240
264 0 112 4 241
265 0 298 4 242
267 0 264 4 243
287 0 245 4 244
371 0 264 4 245
263 0 227 4 246
277 0 213 4 247
322 0 239 4 248
265 0 124 4 249
265 0 147 4 250
286 0 204 4 251
278 0 122 4 252
268 0 318 4 253
279 0 250 4 254
393 0 284 4 255
267 0 276 4 256
406 0 281 4 257
269 0 257 4 258
290 0 36 4 259
273 0 112 4 260
387 0 238 4 261
273 0 83 4 262
280 0 106 4 263
289 0 123 4 264
297 0 282 4 265
285 0 95 4 266
302 0 312 4 267
280 0 323 4 268
287 0 65 4 269
374 0 243 4 270
298 0 227 4 271
287 0 82 4 272
287 0 73 4 273
297 0 122 4 274
324 0 270 4 275
399 0 44 4 276
347 0 198 4 277
404 0 40 4 278
300 0 265 4 279
406 0 261 4 280
300 0 276 4 281
369 0 52 4 282
339 0 71 4 283
329 0 74 4 284
431 0 230 4 285
394 0 200 4 286
379 0 210 4 287
342 0 55 4 288
330 0 64 4 289
433 0 223 4 290
297 0 320 4 291
301 0 254 4 292
334 0 41 4 293
368 0 42 4 294
340 0 47 4 295
396 0 50 4 296
405 0 227 4 297
326 0 286 4 298
327 0 231 4 299
405 0 208 4 300
349 0 283 4 301
310 0 235 4 302
455 0 271 4 303
343 0 121 4 304
351 0 268 4 305
329 0 261 4 306
350 0 325 4 307
395 0 195 4 308
371 0 144 4 309
465 0 235 4 310
410 0 220 4 311
352 0 258 4 312
362 0 142 4 313
360 0 119 4 314
368 0 36 4 315
391 0 269 4 316
435 0 205 4 317
331 0 124 4 318
395 0 212 4 319
386 0 291 4 320
389 0 118 4 321
352 0 91 4 322
377 0 135 4 323
401 0 280 4 324
352 0 314 4 325
372 0 62 4 326
390 0 61 4 327
334 0 86 4 328
402 0 117 4 329
434 0 258 4 330
381 0 100 4 331
353 0 230 4 332
377 0 103 4 333
378 0 114 4 334
435 0 271 4 335
377 0 84 4 336
419 0 209 4 337
353 0 217 4 338
392 0 97 4 339
406 0 242 4 340
415 0 70 4 341
378 0 124 4 342
424 0 266 4 343
391 0 237 4 344
354 0 246 4 345
353 0 302 4 346
404 0 61 4 347
387 0 84 4 348
440 0 221 4 349
415 0 80 4 350
368 0 87 4 351
437 0 303 4 352
385 0 313 4 353
359 0 65 4 354
453 0 242 4 355
405 0 259 4 356
462 0 253 4 357
393 0 229 4 358
387 0 304 4 359
441 0 250 4 360
421 0 246 4 361
417 0 61 4 362
407 0 308 4 363
401 0 86 4 364
425 0 302 4 365
408 0 275 4 366
493 0 95 4 367
443 0 293 4 368
423 0 119 4 369
467 0 295 4 370
495 0 143 4 371
469 0 272 4 372
496 0 273 4 373
496 0 189 4 374
497 0 221 4 375
497 0 238 4 376
458 0 214 4 377
-60 0 19 4 378
-44 0 19 4 379
-27 0 19 4 380
-10 0 19 4 381
22 0 19 4 382
39 0 19 4 383
56 0 19 4 384
73 0 19 4 385
90 0 19 4 386
107 0 19 4 387
123 0 19 4 388
140 0 19 4 389
157 0 19 4 390
174 0 19 4 391
191 0 19 4 392
208 0 19 4 393
224 0 19 4 394
256 0 19 4 395
272 0 19 4 396
289 0 19 4 397
306 0 19 4 398
323 0 19 4 399
340 0 19 4 400
357 0 19 4 401
374 0 19 4 402
391 0 19 4 403
407 0 19 4 404
424 0 19 4 405
441 0 19 4 406
458 0 19 4 407
475 0 19 4 408
490 0 21 4 409
500 0 28 4 410
500 0 45 4 411
500 0 62 4 412
500 0 79 4 413
500 0 111 4 414
500 0 128 4 415
500 0 160 4 416
500 0 177 4 417
500 0 207 4 418
478 0 206 4 419
469 0 212 4 420
500 0 258 4 421
474 0 251 4 422
500 0 292 4 423
500 0 309 4 424
500 0 326 4 425
472 0 316 4 426
492 0 337 4 427
477 0 339 4 428
462 0 341 4 429
445 0 341 4 430
428 0 341 4 431
411 0 341 4 432
395 0 341 4 433
407 0 325 4 434
376 0 341 4 435
359 0 341 4 436
342 0 341 4 437
325 0 341 4 438
308 0 341 4 439
291 0 341 4 440
274 0 341 4 441
258 0 341 4 442
241 0 341 4 443
224 0 341 4 444
208 0 341 4 445
191 0 341 4 446
174 0 341 4 447
157 0 341 4 448
140 0 341 4 449
124 0 341 4 450
107 0 341 4 451
90 0 341 4 452
73 0 341 4 453
56 0 341 4 454
39 0 341 4 455
22 0 341 4 456
5 0 341 4 457
-11 0 341 4 458
-28 0 341 4 459
-44 0 339 4 460
-59 0 337 4 461
-60 0 322 4 462
-60 0 305 4 463
-60 0 288 4 464
-60 0 271 4 465
-60 0 255 4 466
-60 0 238 4 467
-60 0 221 4 468
-60 0 189 4 469
-60 0 173 4 470
-60 0 141 4 471
-60 0 124 4 472
-32 0 127 4 473
-43 0 116 4 474
-43 0 95 4 475
-43 0 83 4 476
-20 0 65 4 477
-37 0 45 4 478
-60 0 36 4 479
