480
-41 0 199 4 0
-41 0 161 4 1
5 0 226 4 2
-27 0 136 4 3
14 0 232 4 4
9 0 131 4 5
17 0 251 4 6
-2 0 108 4 7
19 0 291 4 8
20 0 89 4 9
53 0 292 4 10
-18 0 72 4 11
57 0 197 4 12
42 0 221 4 13
57 0 302 4 14
30 0 152 4 15
51 0 225 4 16
60 0 150 4 17
41 0 245 4 18
34 0 78 4 19
62 0 90 4 20
62 0 110 4 21
85 0 298 4 22
64 0 138 4 23
18 0 78 4 24
18 0 87 4 25
-11 0 101 4 26
35 0 112 4 27
64 0 248 4 28
14 0 84 4 29
83 0 98 4 30
66 0 75 4 31
87 0 89 4 32
57 0 104 4 33
20 0 117 4 34
21 0 53 4 35
21 0 96 4 36
94 0 137 4 37
45 0 77 4 38
38 0 101 4 39
53 0 106 4 40
96 0 306 4 41
11 0 85 4 42
67 0 207 4 43
84 0 202 4 44
-7 0 88 4 45
67 0 198 4 46
79 0 257 4 47
7 0 102 4 48
95 0 101 4 49
89 0 209 4 50
50 0 107 4 51
99 0 150 4 52
69 0 234 4 53
98 0 89 4 54
71 0 99 4 55
98 0 111 4 56
98 0 125 4 57
112 0 143 4 58
98 0 229 4 59
23 0 122 4 60
71 0 249 4 61
71 0 271 4 62
89 0 253 4 63
117 0 133 4 64
74 0 318 4 65
76 0 122 4 66
94 0 278 4 67
67 0 41 4 68
121 0 126 4 69
86 0 260 4 70
90 0 268 4 71
102 0 239 4 72
70 0 73 4 73
133 0 266 4 74
52 0 68 4 75
107 0 80 4 76
123 0 109 4 77
133 0 121 4 78
81 0 56 4 79
132 0 65 4 80
125 0 74 4 81
21 0 63 4 82
66 0 260 4 83
143 0 262 4 84
67 0 75 4 85
127 0 82 4 86
136 0 124 4 87
140 0 315 4 88
56 0 57 4 89
10 0 59 4 90
140 0 84 4 91
145 0 286 4 92
116 0 72 4 93
143 0 104 4 94
137 0 88 4 95
37 0 50 4 96
130 0 91 4 97
120 0 36 4 98
90 0 239 4 99
106 0 216 4 100
151 0 241 4 101
138 0 106 4 102
152 0 218 4 103
98 0 212 4 104
88 0 211 4 105
153 0 208 4 106
152 0 283 4 107
158 0 263 4 108
155 0 103 4 109
67 0 258 4 110
168 0 263 4 111
156 0 115 4 112
157 0 219 4 113
164 0 202 4 114
113 0 231 4 115
166 0 102 4 116
178 0 316 4 117
138 0 65 4 118
81 0 247 4 119
163 0 266 4 120
170 0 292 4 121
118 0 51 4 122
79 0 228 4 123
162 0 74 4 124
174 0 222 4 125
164 0 284 4 126
114 0 58 4 127
148 0 128 4 128
163 0 234 4 129
149 0 48 4 130
35 0 71 4 131
159 0 34 4 132
82 0 44 4 133
178 0 62 4 134
157 0 47 4 135
37 0 56 4 136
178 0 73 4 137
153 0 76 4 138
165 0 83 4 139
181 0 142 4 140
159 0 57 4 141
153 0 132 4 142
186 0 201 4 143
184 0 269 4 144
178 0 100 4 145
172 0 225 4 146
179 0 197 4 147
146 0 48 4 148
185 0 280 4 149
100 0 51 4 150
101 0 66 4 151
172 0 206 4 152
179 0 46 4 153
168 0 146 4 154
182 0 229 4 155
170 0 47 4 156
174 0 140 4 157
130 0 45 4 158
80 0 47 4 159
168 0 65 4 160
180 0 121 4 161
186 0 213 4 162
192 0 255 4 163
138 0 67 4 164
188 0 279 4 165
165 0 82 4 166
75 0 47 4 167
184 0 82 4 168
175 0 85 4 169
171 0 112 4 170
164 0 149 4 171
102 0 45 4 172
187 0 123 4 173
187 0 239 4 174
199 0 233 4 175
199 0 282 4 176
204 0 322 4 177
200 0 198 4 178
209 0 128 4 179
197 0 208 4 180
208 0 206 4 181
191 0 284 4 182
213 0 153 4 183
196 0 217 4 184
78 0 24 4 185
212 0 94 4 186
212 0 113 4 187
212 0 135 4 188
207 0 201 4 189
202 0 301 4 190
213 0 216 4 191
217 0 253 4 192
214 0 274 4 193
215 0 198 4 194
217 0 78 4 195
218 0 65 4 196
216 0 100 4 197
226 0 121 4 198
214 0 229 4 199
172 0 66 4 200
212 0 245 4 201
220 0 58 4 202
271 0 203 4 203
235 0 86 4 204
237 0 127 4 205
256 0 207 4 206
228 0 261 4 207
234 0 68 4 208
190 0 66 4 209
234 0 77 4 210
217 0 219 4 211
228 0 325 4 212
232 0 44 4 213
225 0 48 4 214
234 0 58 4 215
219 0 51 4 216
222 0 305 4 217
244 0 92 4 218
243 0 46 4 219
243 0 57 4 220
247 0 120 4 221
237 0 101 4 222
244 0 70 4 223
240 0 24 4 224
247 0 83 4 225
251 0 238 4 226
252 0 56 4 227
261 0 67 4 228
259 0 278 4 229
254 0 80 4 230
254 0 43 4 231
269 0 45 4 232
262 0 57 4 233
256 0 90 4 234
253 0 142 4 235
255 0 70 4 236
259 0 126 4 237
264 0 44 4 238
273 0 59 4 239
265 0 90 4 240
260 0 107 4 241
261 0 291 4 242
263 0 262 4 243
278 0 233 4 244
340 0 236 4 245
261 0 223 4 246
271 0 208 4 247
304 0 225 4 248
263 0 120 4 249
263 0 143 4 250
279 0 196 4 251
274 0 115 4 252
266 0 320 4 253
275 0 246 4 254
358 0 253 4 255
266 0 274 4 256
369 0 248 4 257
268 0 257 4 258
285 0 36 4 259
272 0 111 4 260
356 0 210 4 261
273 0 81 4 262
278 0 104 4 263
286 0 119 4 264
292 0 275 4 265
283 0 91 4 266
296 0 300 4 267
280 0 323 4 268
285 0 67 4 269
349 0 220 4 270
293 0 223 4 271
286 0 81 4 272
286 0 73 4 273
293 0 118 4 274
313 0 261 4 275
369 0 53 4 276
331 0 183 4 277
373 0 49 4 278
297 0 263 4 279
375 0 231 4 280
298 0 272 4 281
348 0 57 4 282
327 0 73 4 283
319 0 76 4 284
394 0 192 4 285
367 0 175 4 286
356 0 183 4 287
329 0 59 4 288
321 0 66 4 289
396 0 187 4 290
297 0 320 4 291
300 0 253 4 292
324 0 41 4 293
349 0 49 4 294
329 0 51 4 295
370 0 57 4 296
378 0 198 4 297
320 0 279 4 298
321 0 226 4 299
378 0 181 4 300
338 0 273 4 301
310 0 235 4 302
417 0 232 4 303
336 0 114 4 304
342 0 260 4 305
326 0 258 4 306
341 0 321 4 307
375 0 174 4 308
358 0 131 4 309
427 0 201 4 310
386 0 196 4 311
344 0 250 4 312
352 0 133 4 313
351 0 113 4 314
357 0 40 4 315
373 0 254 4 316
406 0 179 4 317
330 0 123 4 318
377 0 193 4 319
371 0 279 4 320
373 0 113 4 321
346 0 91 4 322
365 0 126 4 323
382 0 264 4 324
346 0 312 4 325
361 0 66 4 326
375 0 66 4 327
334 0 85 4 328
384 0 112 4 329
407 0 229 4 330
369 0 98 4 331
348 0 225 4 332
366 0 101 4 333
367 0 110 4 334
409 0 241 4 335
367 0 85 4 336
398 0 187 4 337
349 0 213 4 338
378 0 95 4 339
388 0 222 4 340
395 0 74 4 341
368 0 118 4 342
402 0 242 4 343
377 0 225 4 344
351 0 243 4 345
350 0 302 4 346
388 0 66 4 347
376 0 85 4 348
416 0 198 4 349
397 0 81 4 350
363 0 87 4 351
414 0 282 4 352
378 0 308 4 353
359 0 65 4 354
428 0 217 4 355
393 0 247 4 356
437 0 228 4 357
386 0 222 4 358
382 0 300 4 359
422 0 231 4 360
407 0 231 4 361
405 0 65 4 362
399 0 300 4 363
398 0 86 4 364
416 0 294 4 365
406 0 272 4 366
469 0 97 4 367
433 0 283 4 368
421 0 118 4 369
453 0 281 4 370
476 0 139 4 371
457 0 260 4 372
479 0 257 4 373
479 0 178 4 374
480 0 204 4 375
481 0 221 4 376
452 0 208 4 377
-49 0 19 4 378
-32 0 19 4 379
-16 0 19 4 380
1 0 19 4 381
29 0 19 4 382
45 0 19 4 383
62 0 19 4 384
78 0 19 4 385
95 0 19 4 386
111 0 19 4 387
128 0 19 4 388
144 0 19 4 389
161 0 19 4 390
178 0 19 4 391
194 0 19 4 392
211 0 19 4 393
226 0 19 4 394
254 0 19 4 395
270 0 19 4 396
287 0 19 4 397
304 0 19 4 398
320 0 19 4 399
337 0 19 4 400
353 0 19 4 401
370 0 19 4 402
386 0 19 4 403
403 0 19 4 404
419 0 19 4 405
436 0 19 4 406
453 0 19 4 407
469 0 19 4 408
481 0 23 4 409
488 0 33 4 410
488 0 50 4 411
488 0 66 4 412
488 0 83 4 413
488 0 110 4 414
488 0 127 4 415
488 0 154 4 416
488 0 171 4 417
488 0 197 4 418
473 0 200 4 419
465 0 209 4 420
488 0 247 4 421
469 0 246 4 422
488 0 280 4 423
488 0 297 4 424
488 0 313 4 425
468 0 310 4 426
483 0 330 4 427
472 0 336 4 428
461 0 341 4 429
444 0 341 4 430
427 0 341 4 431
411 0 341 4 432
394 0 341 4 433
399 0 330 4 434
372 0 341 4 435
356 0 341 4 436
339 0 341 4 437
323 0 341 4 438
306 0 341 4 439
289 0 341 4 440
273 0 341 4 441
256 0 341 4 442
240 0 341 4 443
223 0 341 4 444
208 0 341 4 445
191 0 341 4 446
174 0 341 4 447
158 0 341 4 448
141 0 341 4 449
125 0 341 4 450
108 0 341 4 451
92 0 341 4 452
75 0 341 4 453
59 0 341 4 454
42 0 341 4 455
25 0 341 4 456
9 0 341 4 457
-8 0 341 4 458
-24 0 341 4 459
-36 0 337 4 460
-47 0 331 4 461
-49 0 316 4 462
-49 0 299 4 463
-49 0 283 4 464
-49 0 266 4 465
-49 0 250 4 466
-49 0 233 4 467
-49 0 217 4 468
-49 0 189 4 469
-49 0 173 4 470
-49 0 146 4 471
-49 0 129 4 472
-28 0 127 4 473
-36 0 115 4 474
-36 0 95 4 475
-36 0 82 4 476
-19 0 65 4 477
-31 0 46 4 478
-49 0 35 4 479
