480
-31 0 196 4 0
-30 0 163 4 1
5 0 221 4 2
-19 0 139 4 3
14 0 230 4 4
11 0 131 4 5
19 0 249 4 6
6 0 109 4 7
25 0 284 4 8
27 0 89 4 9
55 0 289 4 10
4 0 73 4 11
60 0 193 4 12
50 0 214 4 13
61 0 299 4 14
41 0 155 4 15
58 0 221 4 16
65 0 151 4 17
51 0 238 4 18
46 0 78 4 19
67 0 91 4 20
68 0 110 4 21
85 0 297 4 22
69 0 139 4 23
35 0 79 4 24
35 0 87 4 25
13 0 99 4 26
49 0 111 4 27
71 0 243 4 28
33 0 84 4 29
85 0 98 4 30
73 0 75 4 31
89 0 89 4 32
66 0 103 4 33
38 0 115 4 34
39 0 55 4 35
39 0 95 4 36
95 0 136 4 37
58 0 78 4 38
53 0 100 4 39
64 0 106 4 40
97 0 305 4 41
33 0 84 4 42
75 0 200 4 43
88 0 199 4 44
19 0 88 4 45
75 0 190 4 46
84 0 252 4 47
30 0 100 4 48
97 0 101 4 49
92 0 207 4 50
63 0 106 4 51
101 0 151 4 52
78 0 229 4 53
100 0 89 4 54
80 0 98 4 55
100 0 111 4 56
101 0 124 4 57
111 0 143 4 58
101 0 227 4 59
44 0 120 4 60
81 0 240 4 61
81 0 265 4 62
96 0 248 4 63
118 0 133 4 64
85 0 316 4 65
87 0 120 4 66
101 0 271 4 67
81 0 43 4 68
123 0 125 4 69
96 0 253 4 70
100 0 262 4 71
110 0 233 4 72
86 0 74 4 73
133 0 264 4 74
72 0 68 4 75
114 0 80 4 76
126 0 109 4 77
134 0 120 4 78
95 0 58 4 79
134 0 65 4 80
129 0 74 4 81
50 0 65 4 82
84 0 245 4 83
143 0 260 4 84
86 0 75 4 85
131 0 81 4 86
138 0 121 4 87
141 0 316 4 88
78 0 59 4 89
43 0 61 4 90
142 0 84 4 91
146 0 280 4 92
124 0 72 4 93
144 0 104 4 94
140 0 88 4 95
64 0 53 4 96
135 0 92 4 97
128 0 37 4 98
105 0 227 4 99
118 0 207 4 100
152 0 239 4 101
142 0 107 4 102
153 0 217 4 103
113 0 203 4 104
105 0 200 4 105
155 0 206 4 106
154 0 279 4 107
159 0 261 4 108
157 0 102 4 109
90 0 240 4 110
169 0 261 4 111
159 0 113 4 112
160 0 214 4 113
166 0 199 4 114
127 0 219 4 115
168 0 101 4 116
177 0 318 4 117
147 0 66 4 118
104 0 229 4 119
166 0 258 4 120
171 0 287 4 121
132 0 53 4 122
103 0 213 4 123
166 0 74 4 124
175 0 220 4 125
167 0 277 4 126
130 0 60 4 127
156 0 123 4 128
167 0 225 4 129
157 0 50 4 130
70 0 71 4 131
164 0 34 4 132
106 0 48 4 133
179 0 62 4 134
164 0 48 4 135
73 0 59 4 136
180 0 73 4 137
161 0 76 4 138
170 0 82 4 139
182 0 142 4 140
166 0 58 4 141
161 0 127 4 142
186 0 198 4 143
185 0 266 4 144
180 0 98 4 145
176 0 215 4 146
182 0 192 4 147
156 0 50 4 148
187 0 278 4 149
122 0 54 4 150
123 0 67 4 151
177 0 196 4 152
183 0 47 4 153
175 0 146 4 154
185 0 222 4 155
176 0 49 4 156
179 0 138 4 157
146 0 48 4 158
108 0 51 4 159
175 0 66 4 160
184 0 118 4 161
189 0 208 4 162
194 0 250 4 163
153 0 68 4 164
191 0 274 4 165
174 0 80 4 166
105 0 51 4 167
188 0 81 4 168
181 0 84 4 169
179 0 108 4 170
173 0 150 4 171
127 0 48 4 172
191 0 120 4 173
191 0 227 4 174
201 0 228 4 175
201 0 280 4 176
204 0 324 4 177
202 0 194 4 178
208 0 128 4 179
200 0 200 4 180
209 0 204 4 181
195 0 277 4 182
212 0 154 4 183
200 0 205 4 184
111 0 26 4 185
213 0 93 4 186
213 0 112 4 187
214 0 133 4 188
210 0 191 4 189
206 0 294 4 190
215 0 212 4 191
218 0 249 4 192
216 0 270 4 193
217 0 190 4 194
219 0 77 4 195
220 0 65 4 196
219 0 98 4 197
226 0 118 4 198
217 0 221 4 199
186 0 68 4 200
216 0 237 4 201
221 0 59 4 202
261 0 195 4 203
234 0 84 4 204
235 0 127 4 205
250 0 200 4 206
229 0 260 4 207
233 0 68 4 208
200 0 67 4 209
233 0 77 4 210
220 0 211 4 211
229 0 326 4 212
233 0 46 4 213
227 0 50 4 214
234 0 58 4 215
222 0 54 4 216
225 0 297 4 217
242 0 88 4 218
241 0 49 4 219
241 0 59 4 220
245 0 117 4 221
237 0 99 4 222
243 0 70 4 223
240 0 26 4 224
245 0 81 4 225
249 0 237 4 226
249 0 57 4 227
256 0 67 4 228
255 0 273 4 229
252 0 78 4 230
252 0 45 4 231
263 0 48 4 232
258 0 59 4 233
253 0 86 4 234
251 0 139 4 235
253 0 70 4 236
257 0 122 4 237
260 0 46 4 238
267 0 60 4 239
261 0 87 4 240
258 0 104 4 241
258 0 286 4 242
260 0 260 4 243
272 0 225 4 244
319 0 217 4 245
259 0 221 4 246
267 0 204 4 247
293 0 215 4 248
262 0 117 4 249
262 0 140 4 250
275 0 192 4 251
271 0 111 4 252
265 0 322 4 253
272 0 243 4 254
335 0 233 4 255
265 0 273 4 256
344 0 226 4 257
268 0 257 4 258
281 0 35 4 259
272 0 110 4 260
336 0 191 4 261
274 0 80 4 262
277 0 103 4 263
284 0 116 4 264
288 0 271 4 265
282 0 88 4 266
292 0 291 4 267
279 0 323 4 268
283 0 68 4 269
332 0 205 4 270
290 0 220 4 271
285 0 80 4 272
285 0 73 4 273
291 0 115 4 274
306 0 254 4 275
349 0 59 4 276
320 0 173 4 277
352 0 55 4 278
295 0 261 4 279
354 0 212 4 280
296 0 270 4 281
334 0 61 4 282
318 0 74 4 283
313 0 78 4 284
370 0 167 4 285
350 0 158 4 286
341 0 167 4 287
321 0 61 4 288
315 0 68 4 289
372 0 164 4 290
297 0 319 4 291
299 0 253 4 292
318 0 41 4 293
337 0 53 4 294
322 0 53 4 295
353 0 61 4 296
360 0 179 4 297
316 0 274 4 298
317 0 223 4 299
361 0 165 4 300
330 0 266 4 301
310 0 235 4 302
391 0 206 4 303
331 0 110 4 304
336 0 255 4 305
324 0 256 4 306
336 0 318 4 307
361 0 160 4 308
349 0 123 4 309
401 0 179 4 310
371 0 181 4 311
339 0 246 4 312
345 0 128 4 313
345 0 109 4 314
349 0 42 4 315
362 0 244 4 316
387 0 162 4 317
329 0 122 4 318
365 0 180 4 319
361 0 271 4 320
363 0 109 4 321
342 0 91 4 322
356 0 120 4 323
370 0 254 4 324
343 0 311 4 325
354 0 68 4 326
365 0 69 4 327
333 0 85 4 328
372 0 108 4 329
390 0 210 4 330
360 0 96 4 331
345 0 222 4 332
359 0 100 4 333
360 0 108 4 334
392 0 222 4 335
360 0 86 4 336
383 0 174 4 337
347 0 210 4 338
369 0 94 4 339
377 0 209 4 340
382 0 76 4 341
362 0 114 4 342
387 0 227 4 343
369 0 217 4 344
349 0 241 4 345
348 0 302 4 346
377 0 69 4 347
369 0 86 4 348
400 0 183 4 349
386 0 82 4 350
360 0 88 4 351
399 0 269 4 352
373 0 305 4 353
359 0 65 4 354
412 0 200 4 355
385 0 240 4 356
420 0 212 4 357
382 0 218 4 358
379 0 297 4 359
409 0 218 4 360
398 0 221 4 361
397 0 67 4 362
394 0 296 4 363
396 0 86 4 364
409 0 289 4 365
404 0 270 4 366
453 0 97 4 367
427 0 276 4 368
420 0 117 4 369
444 0 272 4 370
463 0 136 4 371
449 0 253 4 372
467 0 247 4 373
468 0 169 4 374
469 0 193 4 375
470 0 210 4 376
448 0 204 4 377
-41 0 18 4 378
-25 0 18 4 379
-8 0 18 4 380
8 0 18 4 381
33 0 18 4 382
49 0 18 4 383
66 0 18 4 384
82 0 18 4 385
98 0 18 4 386
115 0 18 4 387
131 0 18 4 388
147 0 18 4 389
164 0 18 4 390
180 0 18 4 391
196 0 18 4 392
213 0 18 4 393
228 0 18 4 394
253 0 18 4 395
269 0 18 4 396
285 0 18 4 397
302 0 18 4 398
318 0 18 4 399
334 0 18 4 400
351 0 18 4 401
367 0 18 4 402
384 0 18 4 403
400 0 18 4 404
416 0 18 4 405
433 0 18 4 406
449 0 18 4 407
465 0 18 4 408
475 0 25 4 409
480 0 36 4 410
480 0 52 4 411
480 0 69 4 412
480 0 85 4 413
480 0 110 4 414
480 0 126 4 415
480 0 151 4 416
480 0 167 4 417
480 0 191 4 418
469 0 197 4 419
463 0 207 4 420
480 0 240 4 421
466 0 243 4 422
480 0 273 4 423
480 0 289 4 424
480 0 305 4 425
465 0 307 4 426
476 0 325 4 427
468 0 333 4 428
460 0 342 4 429
443 0 342 4 430
427 0 342 4 431
411 0 342 4 432
394 0 342 4 433
394 0 333 4 434
370 0 342 4 435
353 0 342 4 436
337 0 342 4 437
321 0 342 4 438
304 0 342 4 439
288 0 342 4 440
272 0 342 4 441
255 0 342 4 442
239 0 342 4 443
223 0 342 4 444
207 0 342 4 445
191 0 342 4 446
175 0 342 4 447
158 0 342 4 448
142 0 342 4 449
126 0 342 4 450
109 0 342 4 451
93 0 342 4 452
77 0 342 4 453
60 0 342 4 454
44 0 342 4 455
27 0 342 4 456
11 0 342 4 457
-5 0 342 4 458
-22 0 342 4 459
-32 0 335 4 460
-40 0 327 4 461
-41 0 312 4 462
-41 0 295 4 463
-41 0 279 4 464
-41 0 263 4 465
-41 0 246 4 466
-41 0 230 4 467
-41 0 214 4 468
-41 0 189 4 469
-41 0 174 4 470
-41 0 149 4 471
-41 0 133 4 472
-25 0 127 4 473
-31 0 114 4 474
-31 0 95 4 475
-31 0 82 4 476
-18 0 65 4 477
-28 0 47 4 478
-41 0 35 4 479
