480
-46 0 200 4 0
-45 0 160 4 1
4 0 228 4 2
-30 0 135 4 3
14 0 233 4 4
8 0 131 4 5
16 0 251 4 6
-5 0 108 4 7
17 0 293 4 8
18 0 89 4 9
52 0 293 4 10
-26 0 72 4 11
55 0 198 4 12
39 0 223 4 13
56 0 303 4 14
26 0 151 4 15
49 0 227 4 16
58 0 150 4 17
38 0 247 4 18
29 0 77 4 19
60 0 90 4 20
60 0 111 4 21
85 0 298 4 22
62 0 138 4 23
12 0 78 4 24
12 0 87 4 25
-20 0 102 4 26
30 0 113 4 27
61 0 250 4 28
7 0 84 4 29
82 0 98 4 30
63 0 75 4 31
87 0 89 4 32
53 0 104 4 33
13 0 117 4 34
14 0 53 4 35
14 0 96 4 36
94 0 137 4 37
40 0 77 4 38
32 0 101 4 39
49 0 106 4 40
96 0 306 4 41
3 0 85 4 42
64 0 210 4 43
83 0 204 4 44
-17 0 88 4 45
64 0 201 4 46
77 0 259 4 47
-2 0 103 4 48
95 0 101 4 49
88 0 210 4 50
44 0 107 4 51
98 0 150 4 52
65 0 236 4 53
97 0 89 4 54
67 0 99 4 55
97 0 112 4 56
97 0 126 4 57
112 0 143 4 58
97 0 230 4 59
15 0 123 4 60
68 0 252 4 61
68 0 273 4 62
86 0 255 4 63
117 0 133 4 64
70 0 319 4 65
72 0 123 4 66
91 0 280 4 67
61 0 40 4 68
120 0 126 4 69
81 0 262 4 70
86 0 271 4 71
99 0 241 4 72
64 0 73 4 73
132 0 267 4 74
44 0 67 4 75
104 0 80 4 76
122 0 109 4 77
133 0 121 4 78
76 0 56 4 79
131 0 65 4 80
124 0 74 4 81
9 0 62 4 82
59 0 266 4 83
143 0 263 4 84
60 0 74 4 85
125 0 82 4 86
135 0 126 4 87
139 0 315 4 88
47 0 56 4 89
-3 0 58 4 90
140 0 84 4 91
145 0 288 4 92
113 0 72 4 93
142 0 104 4 94
135 0 88 4 95
26 0 49 4 96
128 0 91 4 97
117 0 35 4 98
84 0 244 4 99
102 0 219 4 100
151 0 241 4 101
136 0 106 4 102
152 0 219 4 103
93 0 216 4 104
82 0 215 4 105
152 0 209 4 106
151 0 284 4 107
158 0 264 4 108
154 0 103 4 109
58 0 265 4 110
168 0 264 4 111
154 0 116 4 112
156 0 221 4 113
164 0 203 4 114
107 0 235 4 115
166 0 102 4 116
179 0 315 4 117
134 0 65 4 118
72 0 254 4 119
161 0 269 4 120
169 0 294 4 121
112 0 50 4 122
70 0 234 4 123
161 0 74 4 124
174 0 223 4 125
162 0 287 4 126
108 0 58 4 127
145 0 130 4 128
162 0 237 4 129
146 0 47 4 130
21 0 71 4 131
157 0 34 4 132
72 0 43 4 133
177 0 62 4 134
155 0 47 4 135
23 0 55 4 136
178 0 73 4 137
150 0 76 4 138
163 0 83 4 139
180 0 143 4 140
156 0 56 4 141
150 0 134 4 142
185 0 202 4 143
184 0 270 4 144
177 0 101 4 145
170 0 229 4 146
178 0 199 4 147
141 0 47 4 148
185 0 281 4 149
91 0 50 4 150
92 0 65 4 151
170 0 210 4 152
178 0 46 4 153
166 0 146 4 154
180 0 232 4 155
168 0 47 4 156
172 0 141 4 157
124 0 44 4 158
69 0 46 4 159
165 0 65 4 160
178 0 122 4 161
185 0 215 4 162
192 0 257 4 163
132 0 67 4 164
187 0 281 4 165
162 0 83 4 166
64 0 46 4 167
182 0 82 4 168
173 0 85 4 169
168 0 114 4 170
160 0 149 4 171
93 0 43 4 172
186 0 125 4 173
186 0 244 4 174
199 0 235 4 175
199 0 283 4 176
204 0 322 4 177
199 0 200 4 178
209 0 128 4 179
196 0 211 4 180
208 0 206 4 181
189 0 287 4 182
213 0 152 4 183
195 0 222 4 184
65 0 23 4 185
212 0 94 4 186
212 0 113 4 187
212 0 136 4 188
206 0 205 4 189
201 0 304 4 190
213 0 218 4 191
216 0 255 4 192
213 0 276 4 193
214 0 201 4 194
216 0 78 4 195
217 0 65 4 196
215 0 101 4 197
226 0 122 4 198
212 0 232 4 199
166 0 66 4 200
210 0 248 4 201
219 0 57 4 202
275 0 206 4 203
235 0 87 4 204
237 0 127 4 205
258 0 210 4 206
228 0 261 4 207
234 0 68 4 208
186 0 65 4 209
234 0 78 4 210
216 0 222 4 211
228 0 325 4 212
232 0 44 4 213
224 0 47 4 214
234 0 58 4 215
218 0 50 4 216
221 0 308 4 217
245 0 93 4 218
243 0 45 4 219
243 0 57 4 220
248 0 121 4 221
236 0 101 4 222
244 0 70 4 223
240 0 23 4 224
248 0 84 4 225
252 0 239 4 226
253 0 56 4 227
263 0 68 4 228
260 0 280 4 229
255 0 81 4 230
255 0 42 4 231
271 0 44 4 232
264 0 56 4 233
257 0 91 4 234
254 0 143 4 235
256 0 70 4 236
260 0 128 4 237
265 0 43 4 238
275 0 58 4 239
266 0 92 4 240
261 0 108 4 241
262 0 293 4 242
264 0 262 4 243
280 0 236 4 244
348 0 243 4 245
262 0 224 4 246
272 0 209 4 247
309 0 228 4 248
263 0 121 4 249
264 0 144 4 250
281 0 198 4 251
275 0 117 4 252
266 0 320 4 253
276 0 247 4 254
367 0 261 4 255
266 0 274 4 256
378 0 256 4 257
269 0 257 4 258
286 0 36 4 259
273 0 111 4 260
364 0 217 4 261
273 0 82 4 262
279 0 105 4 263
287 0 120 4 264
293 0 277 4 265
283 0 92 4 266
297 0 303 4 267
280 0 323 4 268
285 0 67 4 269
355 0 226 4 270
294 0 224 4 271
286 0 81 4 272
286 0 73 4 273
294 0 119 4 274
316 0 263 4 275
376 0 51 4 276
335 0 187 4 277
381 0 47 4 278
298 0 264 4 279
383 0 239 4 280
298 0 273 4 281
353 0 56 4 282
330 0 72 4 283
322 0 75 4 284
404 0 201 4 285
374 0 181 4 286
362 0 190 4 287
332 0 58 4 288
323 0 66 4 289
405 0 196 4 290
297 0 320 4 291
300 0 254 4 292
327 0 41 4 293
354 0 47 4 294
332 0 50 4 295
377 0 55 4 296
385 0 205 4 297
322 0 281 4 298
323 0 227 4 299
385 0 188 4 300
341 0 276 4 301
310 0 235 4 302
426 0 242 4 303
338 0 116 4 304
344 0 262 4 305
327 0 259 4 306
343 0 322 4 307
380 0 180 4 308
361 0 134 4 309
436 0 209 4 310
392 0 202 4 311
346 0 252 4 312
355 0 135 4 313
353 0 115 4 314
360 0 39 4 315
378 0 257 4 316
413 0 185 4 317
330 0 123 4 318
382 0 198 4 319
375 0 282 4 320
377 0 114 4 321
347 0 91 4 322
368 0 128 4 323
387 0 268 4 324
348 0 312 4 325
364 0 65 4 326
379 0 65 4 327
334 0 86 4 328
388 0 113 4 329
414 0 237 4 330
372 0 99 4 331
350 0 226 4 332
369 0 102 4 333
370 0 111 4 334
415 0 249 4 335
369 0 85 4 336
403 0 193 4 337
350 0 214 4 338
382 0 96 4 339
393 0 228 4 340
401 0 73 4 341
371 0 119 4 342
408 0 248 4 343
381 0 228 4 344
352 0 244 4 345
351 0 302 4 346
392 0 65 4 347
379 0 85 4 348
422 0 204 4 349
402 0 81 4 350
365 0 87 4 351
420 0 288 4 352
380 0 310 4 353
359 0 65 4 354
434 0 223 4 355
396 0 250 4 356
443 0 235 4 357
388 0 224 4 358
383 0 301 4 359
426 0 235 4 360
411 0 235 4 361
408 0 64 4 362
401 0 302 4 363
399 0 86 4 364
418 0 296 4 365
406 0 273 4 366
475 0 96 4 367
436 0 285 4 368
422 0 118 4 369
457 0 285 4 370
481 0 140 4 371
460 0 263 4 372
483 0 261 4 373
483 0 180 4 374
484 0 209 4 375
485 0 226 4 376
453 0 209 4 377
-52 0 19 4 378
-35 0 19 4 379
-18 0 19 4 380
-2 0 19 4 381
27 0 19 4 382
44 0 19 4 383
60 0 19 4 384
77 0 19 4 385
93 0 19 4 386
110 0 19 4 387
127 0 19 4 388
143 0 19 4 389
160 0 19 4 390
177 0 19 4 391
193 0 19 4 392
210 0 19 4 393
226 0 19 4 394
254 0 19 4 395
271 0 19 4 396
288 0 19 4 397
304 0 19 4 398
321 0 19 4 399
337 0 19 4 400
354 0 19 4 401
371 0 19 4 402
387 0 19 4 403
404 0 19 4 404
421 0 19 4 405
437 0 19 4 406
454 0 19 4 407
471 0 19 4 408
484 0 23 4 409
491 0 32 4 410
491 0 49 4 411
491 0 65 4 412
491 0 82 4 413
491 0 110 4 414
491 0 127 4 415
491 0 156 4 416
491 0 172 4 417
491 0 200 4 418
474 0 202 4 419
466 0 210 4 420
491 0 250 4 421
471 0 247 4 422
491 0 283 4 423
491 0 300 4 424
491 0 316 4 425
469 0 312 4 426
485 0 332 4 427
473 0 336 4 428
461 0 341 4 429
444 0 341 4 430
428 0 341 4 431
411 0 341 4 432
394 0 341 4 433
401 0 328 4 434
373 0 341 4 435
356 0 341 4 436
340 0 341 4 437
323 0 341 4 438
307 0 341 4 439
290 0 341 4 440
273 0 341 4 441
257 0 341 4 442
240 0 341 4 443
223 0 341 4 444
208 0 341 4 445
191 0 341 4 446
174 0 341 4 447
158 0 341 4 448
141 0 341 4 449
124 0 341 4 450
108 0 341 4 451
91 0 341 4 452
75 0 341 4 453
58 0 341 4 454
41 0 341 4 455
25 0 341 4 456
8 0 341 4 457
-9 0 341 4 458
-25 0 341 4 459
-38 0 337 4 460
-50 0 333 4 461
-52 0 317 4 462
-52 0 301 4 463
-52 0 284 4 464
-52 0 268 4 465
-52 0 251 4 466
-52 0 234 4 467
-52 0 218 4 468
-52 0 189 4 469
-52 0 173 4 470
-52 0 145 4 471
-52 0 128 4 472
-29 0 127 4 473
-38 0 115 4 474
-38 0 95 4 475
-38 0 83 4 476
-19 0 65 4 477
-33 0 46 4 478
-52 0 36 4 479
