480
-54 0 202 4 0
-54 0 158 4 1
4 0 231 4 2
-37 0 132 4 3
14 0 234 4 4
7 0 131 4 5
15 0 252 4 6
-11 0 108 4 7
13 0 298 4 8
13 0 89 4 9
51 0 295 4 10
-42 0 71 4 11
53 0 202 4 12
34 0 228 4 13
53 0 306 4 14
19 0 148 4 15
44 0 231 4 16
55 0 149 4 17
30 0 252 4 18
20 0 77 4 19
56 0 90 4 20
56 0 111 4 21
85 0 299 4 22
57 0 137 4 23
-1 0 77 4 24
-1 0 87 4 25
-38 0 103 4 26
20 0 114 4 27
56 0 253 4 28
-7 0 84 4 29
80 0 98 4 30
58 0 75 4 31
85 0 89 4 32
46 0 105 4 33
0 0 118 4 34
1 0 52 4 35
1 0 97 4 36
93 0 138 4 37
30 0 77 4 38
22 0 102 4 39
40 0 106 4 40
95 0 307 4 41
-13 0 85 4 42
58 0 216 4 43
80 0 206 4 44
-36 0 88 4 45
58 0 207 4 46
73 0 263 4 47
-19 0 104 4 48
93 0 101 4 49
85 0 212 4 50
34 0 107 4 51
97 0 149 4 52
59 0 241 4 53
95 0 89 4 54
60 0 100 4 55
95 0 112 4 56
95 0 126 4 57
112 0 143 4 58
95 0 232 4 59
-1 0 124 4 60
60 0 258 4 61
60 0 277 4 62
80 0 259 4 63
116 0 133 4 64
62 0 320 4 65
64 0 124 4 66
86 0 285 4 67
51 0 39 4 68
119 0 126 4 69
73 0 267 4 70
79 0 275 4 71
94 0 245 4 72
53 0 73 4 73
132 0 269 4 74
29 0 67 4 75
99 0 80 4 76
119 0 109 4 77
132 0 122 4 78
66 0 55 4 79
130 0 65 4 80
121 0 74 4 81
-12 0 61 4 82
45 0 276 4 83
143 0 265 4 84
46 0 74 4 85
122 0 82 4 86
133 0 128 4 87
138 0 314 4 88
31 0 55 4 89
-28 0 56 4 90
138 0 84 4 91
144 0 293 4 92
107 0 72 4 93
141 0 104 4 94
133 0 88 4 95
6 0 47 4 96
125 0 91 4 97
111 0 35 4 98
72 0 252 4 99
93 0 225 4 100
150 0 242 4 101
133 0 106 4 102
151 0 220 4 103
82 0 223 4 104
69 0 223 4 105
151 0 210 4 106
150 0 288 4 107
157 0 265 4 108
153 0 104 4 109
41 0 278 4 110
168 0 265 4 111
152 0 117 4 112
153 0 225 4 113
162 0 206 4 114
96 0 244 4 115
164 0 103 4 116
179 0 313 4 117
127 0 64 4 118
55 0 267 4 119
159 0 274 4 120
168 0 298 4 121
101 0 49 4 122
52 0 245 4 123
158 0 74 4 124
173 0 225 4 125
160 0 292 4 126
96 0 56 4 127
139 0 133 4 128
158 0 243 4 129
140 0 46 4 130
-5 0 71 4 131
152 0 34 4 132
54 0 41 4 133
176 0 62 4 134
150 0 46 4 135
-3 0 53 4 136
176 0 73 4 137
145 0 76 4 138
159 0 84 4 139
179 0 143 4 140
151 0 56 4 141
143 0 139 4 142
185 0 204 4 143
183 0 272 4 144
175 0 102 4 145
167 0 236 4 146
176 0 203 4 147
133 0 46 4 148
184 0 282 4 149
75 0 48 4 150
76 0 64 4 151
166 0 217 4 152
175 0 45 4 153
161 0 146 4 154
178 0 237 4 155
164 0 46 4 156
169 0 142 4 157
112 0 42 4 158
48 0 43 4 159
160 0 64 4 160
175 0 124 4 161
183 0 220 4 162
191 0 260 4 163
122 0 66 4 164
185 0 285 4 165
156 0 84 4 166
41 0 43 4 167
179 0 83 4 168
169 0 85 4 169
163 0 117 4 170
153 0 148 4 171
74 0 41 4 172
182 0 127 4 173
182 0 252 4 174
198 0 239 4 175
198 0 284 4 176
204 0 321 4 177
198 0 203 4 178
209 0 128 4 179
194 0 217 4 180
208 0 208 4 181
186 0 292 4 182
213 0 152 4 183
192 0 231 4 184
40 0 22 4 185
211 0 94 4 186
211 0 114 4 187
211 0 138 4 188
204 0 213 4 189
197 0 309 4 190
211 0 221 4 191
216 0 258 4 192
212 0 279 4 193
212 0 208 4 194
214 0 79 4 195
216 0 65 4 196
213 0 102 4 197
226 0 125 4 198
210 0 237 4 199
156 0 65 4 200
207 0 254 4 201
217 0 57 4 202
282 0 211 4 203
236 0 88 4 204
238 0 127 4 205
263 0 215 4 206
227 0 262 4 207
234 0 68 4 208
178 0 64 4 209
234 0 78 4 210
213 0 228 4 211
227 0 324 4 212
232 0 43 4 213
222 0 46 4 214
234 0 58 4 215
215 0 48 4 216
220 0 314 4 217
246 0 95 4 218
244 0 43 4 219
244 0 56 4 220
250 0 123 4 221
236 0 102 4 222
245 0 70 4 223
240 0 22 4 224
249 0 85 4 225
254 0 239 4 226
255 0 55 4 227
266 0 68 4 228
263 0 283 4 229
257 0 82 4 230
257 0 41 4 231
275 0 42 4 232
267 0 55 4 233
259 0 93 4 234
255 0 146 4 235
257 0 70 4 236
262 0 131 4 237
267 0 41 4 238
279 0 57 4 239
269 0 94 4 240
263 0 111 4 241
264 0 296 4 242
266 0 263 4 243
285 0 242 4 244
363 0 257 4 245
263 0 226 4 246
275 0 211 4 247
317 0 235 4 248
264 0 123 4 249
264 0 146 4 250
284 0 202 4 251
277 0 120 4 252
267 0 319 4 253
278 0 249 4 254
384 0 276 4 255
267 0 275 4 256
397 0 272 4 257
269 0 257 4 258
289 0 36 4 259
273 0 112 4 260
379 0 231 4 261
273 0 82 4 262
279 0 106 4 263
288 0 122 4 264
295 0 280 4 265
284 0 94 4 266
301 0 309 4 267
280 0 323 4 268
286 0 66 4 269
368 0 237 4 270
297 0 226 4 271
287 0 82 4 272
287 0 73 4 273
296 0 121 4 274
321 0 268 4 275
391 0 46 4 276
343 0 194 4 277
396 0 42 4 278
299 0 265 4 279
398 0 254 4 280
300 0 275 4 281
363 0 53 4 282
336 0 71 4 283
327 0 74 4 284
422 0 220 4 285
388 0 193 4 286
373 0 203 4 287
339 0 56 4 288
327 0 64 4 289
423 0 214 4 290
297 0 320 4 291
301 0 254 4 292
331 0 41 4 293
363 0 44 4 294
337 0 48 4 295
389 0 52 4 296
398 0 220 4 297
325 0 284 4 298
326 0 230 4 299
398 0 201 4 300
346 0 281 4 301
310 0 235 4 302
445 0 261 4 303
341 0 119 4 304
348 0 266 4 305
328 0 260 4 306
348 0 324 4 307
390 0 189 4 308
368 0 141 4 309
455 0 227 4 310
404 0 214 4 311
350 0 256 4 312
360 0 140 4 313
357 0 118 4 314
365 0 37 4 315
386 0 265 4 316
427 0 199 4 317
331 0 124 4 318
390 0 208 4 319
382 0 288 4 320
385 0 117 4 321
350 0 91 4 322
374 0 133 4 323
396 0 276 4 324
350 0 313 4 325
369 0 63 4 326
386 0 62 4 327
334 0 86 4 328
397 0 115 4 329
428 0 251 4 330
378 0 100 4 331
352 0 229 4 332
374 0 103 4 333
375 0 113 4 334
428 0 264 4 335
374 0 84 4 336
414 0 204 4 337
352 0 216 4 338
389 0 96 4 339
402 0 237 4 340
410 0 71 4 341
376 0 122 4 342
418 0 260 4 343
387 0 234 4 344
353 0 245 4 345
352 0 302 4 346
400 0 62 4 347
384 0 84 4 348
434 0 215 4 349
410 0 80 4 350
367 0 87 4 351
431 0 298 4 352
383 0 312 4 353
359 0 65 4 354
446 0 236 4 355
402 0 256 4 356
456 0 247 4 357
391 0 227 4 358
386 0 303 4 359
436 0 245 4 360
418 0 242 4 361
414 0 62 4 362
405 0 306 4 363
400 0 86 4 364
423 0 300 4 365
408 0 274 4 366
487 0 95 4 367
440 0 290 4 368
423 0 119 4 369
464 0 292 4 370
491 0 142 4 371
466 0 269 4 372
492 0 269 4 373
492 0 186 4 374
493 0 217 4 375
493 0 234 4 376
456 0 213 4 377
-57 0 19 4 378
-41 0 19 4 379
-24 0 19 4 380
-7 0 19 4 381
24 0 19 4 382
41 0 19 4 383
57 0 19 4 384
74 0 19 4 385
91 0 19 4 386
108 0 19 4 387
125 0 19 4 388
141 0 19 4 389
158 0 19 4 390
175 0 19 4 391
192 0 19 4 392
209 0 19 4 393
224 0 19 4 394
255 0 19 4 395
272 0 19 4 396
289 0 19 4 397
305 0 19 4 398
322 0 19 4 399
339 0 19 4 400
356 0 19 4 401
373 0 19 4 402
389 0 19 4 403
406 0 19 4 404
423 0 19 4 405
440 0 19 4 406
457 0 19 4 407
473 0 19 4 408
488 0 21 4 409
497 0 30 4 410
497 0 46 4 411
497 0 63 4 412
497 0 80 4 413
497 0 111 4 414
497 0 128 4 415
497 0 158 4 416
497 0 175 4 417
497 0 205 4 418
477 0 204 4 419
468 0 211 4 420
497 0 255 4 421
473 0 250 4 422
497 0 289 4 423
497 0 306 4 424
497 0 322 4 425
471 0 314 4 426
490 0 335 4 427
476 0 338 4 428
462 0 341 4 429
445 0 341 4 430
428 0 341 4 431
411 0 341 4 432
395 0 341 4 433
405 0 326 4 434
375 0 341 4 435
358 0 341 4 436
341 0 341 4 437
324 0 341 4 438
308 0 341 4 439
291 0 341 4 440
274 0 341 4 441
257 0 341 4 442
240 0 341 4 443
224 0 341 4 444
208 0 341 4 445
191 0 341 4 446
174 0 341 4 447
157 0 341 4 448
141 0 341 4 449
124 0 341 4 450
107 0 341 4 451
90 0 341 4 452
73 0 341 4 453
57 0 341 4 454
40 0 341 4 455
23 0 341 4 456
6 0 341 4 457
-11 0 341 4 458
-27 0 341 4 459
-42 0 339 4 460
-56 0 336 4 461
-57 0 321 4 462
-57 0 304 4 463
-57 0 287 4 464
-57 0 270 4 465
-57 0 253 4 466
-57 0 237 4 467
-57 0 220 4 468
-57 0 189 4 469
-57 0 173 4 470
-57 0 142 4 471
-57 0 126 4 472
-31 0 127 4 473
-41 0 116 4 474
-41 0 95 4 475
-41 0 83 4 476
-20 0 65 4 477
-35 0 45 4 478
-57 0 36 4 479
