480
-18 0 193 4 0
-18 0 165 4 1
6 0 215 4 2
-9 0 143 4 3
14 0 228 4 4
12 0 131 4 5
21 0 248 4 6
15 0 109 4 7
31 0 277 4 8
35 0 89 4 9
57 0 286 4 10
28 0 73 4 11
64 0 188 4 12
58 0 206 4 13
65 0 295 4 14
53 0 159 4 15
65 0 215 4 16
70 0 152 4 17
63 0 231 4 18
60 0 79 4 19
74 0 91 4 20
74 0 109 4 21
85 0 297 4 22
76 0 140 4 23
54 0 80 4 24
54 0 87 4 25
40 0 98 4 26
64 0 109 4 27
78 0 238 4 28
54 0 84 4 29
88 0 98 4 30
80 0 75 4 31
91 0 89 4 32
76 0 103 4 33
59 0 113 4 34
60 0 56 4 35
60 0 94 4 36
95 0 135 4 37
72 0 78 4 38
69 0 99 4 39
76 0 106 4 40
97 0 305 4 41
57 0 84 4 42
84 0 191 4 43
92 0 195 4 44
48 0 88 4 45
84 0 182 4 46
90 0 246 4 47
56 0 98 4 48
99 0 101 4 49
96 0 205 4 50
78 0 106 4 51
102 0 152 4 52
88 0 222 4 53
102 0 89 4 54
90 0 98 4 55
103 0 110 4 56
104 0 123 4 57
111 0 143 4 58
105 0 225 4 59
68 0 118 4 60
93 0 231 4 61
93 0 258 4 62
105 0 242 4 63
119 0 133 4 64
98 0 315 4 65
100 0 119 4 66
109 0 264 4 67
96 0 45 4 68
124 0 125 4 69
109 0 246 4 70
111 0 255 4 71
118 0 226 4 72
103 0 74 4 73
134 0 262 4 74
95 0 69 4 75
122 0 80 4 76
130 0 109 4 77
135 0 120 4 78
110 0 59 4 79
136 0 65 4 80
133 0 74 4 81
83 0 66 4 82
105 0 229 4 83
143 0 257 4 84
107 0 76 4 85
136 0 81 4 86
141 0 118 4 87
143 0 317 4 88
102 0 61 4 89
81 0 64 4 90
144 0 84 4 91
146 0 273 4 92
133 0 72 4 93
146 0 104 4 94
143 0 88 4 95
95 0 56 4 96
141 0 92 4 97
137 0 38 4 98
122 0 214 4 99
131 0 198 4 100
153 0 238 4 101
147 0 107 4 102
154 0 215 4 103
129 0 192 4 104
125 0 187 4 105
156 0 204 4 106
156 0 274 4 107
159 0 260 4 108
158 0 102 4 109
116 0 219 4 110
169 0 260 4 111
163 0 112 4 112
164 0 208 4 113
168 0 195 4 114
143 0 206 4 115
170 0 100 4 116
176 0 321 4 117
157 0 67 4 118
130 0 209 4 119
169 0 250 4 120
173 0 280 4 121
148 0 55 4 122
130 0 195 4 123
171 0 74 4 124
176 0 217 4 125
171 0 270 4 126
148 0 62 4 127
164 0 118 4 128
172 0 216 4 129
166 0 51 4 130
110 0 71 4 131
171 0 34 4 132
133 0 52 4 133
181 0 62 4 134
172 0 49 4 135
113 0 63 4 136
182 0 73 4 137
170 0 76 4 138
176 0 82 4 139
184 0 141 4 140
173 0 59 4 141
171 0 120 4 142
187 0 195 4 143
186 0 262 4 144
183 0 97 4 145
180 0 203 4 146
185 0 185 4 147
169 0 52 4 148
188 0 276 4 149
147 0 57 4 150
148 0 69 4 151
183 0 185 4 152
187 0 47 4 153
182 0 146 4 154
188 0 214 4 155
183 0 50 4 156
185 0 136 4 157
164 0 52 4 158
140 0 55 4 159
182 0 66 4 160
188 0 114 4 161
192 0 201 4 162
195 0 245 4 163
169 0 69 4 164
194 0 267 4 165
183 0 79 4 166
140 0 56 4 167
192 0 81 4 168
188 0 84 4 169
187 0 103 4 170
184 0 150 4 171
155 0 52 4 172
196 0 116 4 173
196 0 214 4 174
202 0 222 4 175
202 0 278 4 176
204 0 325 4 177
203 0 190 4 178
208 0 128 4 179
204 0 191 4 180
209 0 202 4 181
200 0 270 4 182
212 0 155 4 183
205 0 191 4 184
148 0 28 4 185
213 0 93 4 186
214 0 111 4 187
215 0 131 4 188
213 0 180 4 189
211 0 287 4 190
217 0 207 4 191
219 0 244 4 192
218 0 265 4 193
220 0 180 4 194
220 0 77 4 195
221 0 65 4 196
221 0 96 4 197
226 0 114 4 198
220 0 213 4 199
201 0 69 4 200
220 0 228 4 201
224 0 60 4 202
250 0 186 4 203
233 0 83 4 204
234 0 127 4 205
243 0 192 4 206
230 0 259 4 207
233 0 68 4 208
212 0 69 4 209
233 0 76 4 210
225 0 203 4 211
230 0 327 4 212
233 0 47 4 213
229 0 51 4 214
234 0 58 4 215
226 0 58 4 216
229 0 289 4 217
240 0 84 4 218
240 0 52 4 219
240 0 60 4 220
242 0 114 4 221
238 0 97 4 222
242 0 70 4 223
240 0 28 4 224
244 0 79 4 225
246 0 236 4 226
246 0 58 4 227
251 0 66 4 228
250 0 267 4 229
249 0 76 4 230
250 0 47 4 231
257 0 51 4 232
254 0 61 4 233
250 0 82 4 234
249 0 135 4 235
251 0 70 4 236
254 0 117 4 237
256 0 49 4 238
261 0 62 4 239
257 0 84 4 240
255 0 100 4 241
255 0 281 4 242
257 0 259 4 243
265 0 216 4 244
296 0 196 4 245
258 0 218 4 246
263 0 200 4 247
280 0 205 4 248
261 0 114 4 249
261 0 136 4 250
270 0 186 4 251
267 0 106 4 252
264 0 323 4 253
268 0 240 4 254
309 0 210 4 255
265 0 272 4 256
316 0 202 4 257
267 0 257 4 258
276 0 35 4 259
271 0 110 4 260
314 0 171 4 261
274 0 79 4 262
276 0 101 4 263
282 0 113 4 264
284 0 266 4 265
281 0 84 4 266
287 0 282 4 267
279 0 323 4 268
282 0 69 4 269
313 0 188 4 270
286 0 217 4 271
284 0 80 4 272
285 0 73 4 273
288 0 112 4 274
299 0 247 4 275
326 0 66 4 276
308 0 161 4 277
329 0 62 4 278
293 0 260 4 279
331 0 190 4 280
294 0 268 4 281
319 0 66 4 282
309 0 76 4 283
306 0 79 4 284
343 0 138 4 285
329 0 139 4 286
324 0 147 4 287
311 0 64 4 288
308 0 70 4 289
345 0 137 4 290
297 0 319 4 291
299 0 252 4 292
311 0 41 4 293
323 0 58 4 294
314 0 56 4 295
334 0 66 4 296
340 0 158 4 297
312 0 268 4 298
313 0 219 4 299
341 0 145 4 300
322 0 259 4 301
310 0 235 4 302
363 0 178 4 303
326 0 105 4 304
329 0 248 4 305
322 0 254 4 306
329 0 315 4 307
346 0 145 4 308
339 0 113 4 309
372 0 153 4 310
353 0 164 4 311
333 0 240 4 312
338 0 121 4 313
338 0 105 4 314
341 0 45 4 315
349 0 232 4 316
366 0 141 4 317
329 0 122 4 318
352 0 167 4 319
349 0 262 4 320
351 0 104 4 321
338 0 91 4 322
347 0 113 4 323
356 0 242 4 324
339 0 310 4 325
347 0 71 4 326
353 0 73 4 327
333 0 84 4 328
358 0 104 4 329
369 0 188 4 330
351 0 95 4 331
342 0 218 4 332
352 0 98 4 333
352 0 105 4 334
372 0 200 4 335
352 0 86 4 336
367 0 158 4 337
344 0 206 4 338
358 0 93 4 339
363 0 195 4 340
368 0 79 4 341
355 0 110 4 342
371 0 210 4 343
359 0 208 4 344
347 0 239 4 345
346 0 302 4 346
365 0 73 4 347
361 0 87 4 348
382 0 167 4 349
373 0 83 4 350
357 0 88 4 351
382 0 254 4 352
367 0 302 4 353
359 0 65 4 354
393 0 181 4 355
376 0 231 4 356
401 0 193 4 357
377 0 213 4 358
375 0 294 4 359
395 0 204 4 360
388 0 210 4 361
388 0 69 4 362
388 0 290 4 363
394 0 86 4 364
402 0 282 4 365
402 0 268 4 366
435 0 99 4 367
420 0 268 4 368
418 0 116 4 369
434 0 262 4 370
449 0 133 4 371
440 0 244 4 372
454 0 235 4 373
455 0 160 4 374
457 0 181 4 375
458 0 198 4 376
444 0 199 4 377
-32 0 18 4 378
-16 0 18 4 379
0 0 18 4 380
16 0 18 4 381
38 0 18 4 382
54 0 18 4 383
70 0 18 4 384
86 0 18 4 385
102 0 18 4 386
118 0 18 4 387
134 0 18 4 388
150 0 18 4 389
167 0 18 4 390
183 0 18 4 391
199 0 18 4 392
215 0 18 4 393
230 0 18 4 394
251 0 18 4 395
268 0 18 4 396
284 0 18 4 397
300 0 18 4 398
316 0 18 4 399
332 0 18 4 400
348 0 18 4 401
364 0 18 4 402
380 0 18 4 403
396 0 18 4 404
413 0 18 4 405
429 0 18 4 406
445 0 18 4 407
461 0 18 4 408
469 0 27 4 409
472 0 39 4 410
472 0 56 4 411
472 0 72 4 412
472 0 88 4 413
472 0 109 4 414
472 0 125 4 415
472 0 147 4 416
472 0 163 4 417
472 0 183 4 418
464 0 193 4 419
461 0 205 4 420
472 0 232 4 421
463 0 239 4 422
472 0 264 4 423
472 0 280 4 424
472 0 296 4 425
462 0 303 4 426
469 0 320 4 427
464 0 331 4 428
458 0 342 4 429
442 0 342 4 430
426 0 342 4 431
410 0 342 4 432
394 0 342 4 433
388 0 336 4 434
367 0 342 4 435
351 0 342 4 436
335 0 342 4 437
319 0 342 4 438
303 0 342 4 439
287 0 342 4 440
270 0 342 4 441
254 0 342 4 442
238 0 342 4 443
222 0 342 4 444
207 0 342 4 445
191 0 342 4 446
175 0 342 4 447
159 0 342 4 448
143 0 342 4 449
126 0 342 4 450
110 0 342 4 451
94 0 342 4 452
78 0 342 4 453
62 0 342 4 454
46 0 342 4 455
30 0 342 4 456
14 0 342 4 457
-2 0 342 4 458
-19 0 342 4 459
-26 0 333 4 460
-32 0 323 4 461
-32 0 307 4 462
-32 0 291 4 463
-32 0 275 4 464
-32 0 259 4 465
-32 0 243 4 466
-32 0 227 4 467
-32 0 210 4 468
-32 0 189 4 469
-32 0 174 4 470
-32 0 152 4 471
-32 0 136 4 472
-22 0 127 4 473
-26 0 113 4 474
-26 0 95 4 475
-26 0 81 4 476
-18 0 65 4 477
-24 0 48 4 478
-32 0 34 4 479
