480
-38 0 198 4 0
-38 0 161 4 1
5 0 224 4 2
-25 0 137 4 3
14 0 232 4 4
10 0 131 4 5
17 0 250 4 6
0 0 108 4 7
21 0 289 4 8
22 0 89 4 9
54 0 291 4 10
-11 0 72 4 11
58 0 196 4 12
45 0 219 4 13
58 0 301 4 14
34 0 153 4 15
53 0 224 4 16
62 0 151 4 17
44 0 243 4 18
38 0 78 4 19
64 0 90 4 20
64 0 110 4 21
85 0 298 4 22
65 0 139 4 23
24 0 78 4 24
24 0 87 4 25
-4 0 101 4 26
39 0 112 4 27
66 0 246 4 28
20 0 84 4 29
84 0 98 4 30
68 0 75 4 31
88 0 89 4 32
59 0 104 4 33
26 0 116 4 34
27 0 54 4 35
27 0 95 4 36
94 0 137 4 37
49 0 77 4 38
43 0 101 4 39
56 0 106 4 40
96 0 306 4 41
18 0 85 4 42
69 0 205 4 43
85 0 201 4 44
1 0 88 4 45
70 0 196 4 46
80 0 256 4 47
14 0 101 4 48
96 0 101 4 49
90 0 209 4 50
54 0 107 4 51
100 0 151 4 52
72 0 233 4 53
98 0 89 4 54
73 0 99 4 55
98 0 111 4 56
99 0 125 4 57
112 0 143 4 58
99 0 229 4 59
29 0 121 4 60
74 0 246 4 61
74 0 269 4 62
91 0 252 4 63
118 0 133 4 64
78 0 317 4 65
80 0 121 4 66
96 0 276 4 67
71 0 41 4 68
122 0 126 4 69
89 0 258 4 70
93 0 266 4 71
105 0 237 4 72
75 0 73 4 73
133 0 266 4 74
58 0 68 4 75
109 0 80 4 76
124 0 109 4 77
134 0 121 4 78
85 0 57 4 79
132 0 65 4 80
126 0 74 4 81
30 0 64 4 82
72 0 255 4 83
143 0 262 4 84
73 0 75 4 85
128 0 82 4 86
137 0 123 4 87
140 0 315 4 88
63 0 57 4 89
20 0 60 4 90
141 0 84 4 91
145 0 284 4 92
118 0 72 4 93
143 0 104 4 94
138 0 88 4 95
45 0 51 4 96
132 0 91 4 97
122 0 36 4 98
94 0 235 4 99
110 0 213 4 100
152 0 240 4 101
139 0 106 4 102
152 0 218 4 103
103 0 209 4 104
93 0 207 4 105
154 0 207 4 106
152 0 282 4 107
158 0 262 4 108
156 0 103 4 109
74 0 252 4 110
168 0 262 4 111
157 0 114 4 112
158 0 218 4 113
165 0 201 4 114
117 0 227 4 115
167 0 102 4 116
178 0 317 4 117
140 0 66 4 118
88 0 242 4 119
164 0 263 4 120
170 0 290 4 121
122 0 51 4 122
86 0 223 4 123
164 0 74 4 124
174 0 221 4 125
165 0 282 4 126
119 0 59 4 127
150 0 126 4 128
164 0 231 4 129
151 0 49 4 130
46 0 71 4 131
160 0 34 4 132
89 0 45 4 133
178 0 62 4 134
159 0 47 4 135
48 0 57 4 136
179 0 73 4 137
156 0 76 4 138
166 0 83 4 139
181 0 142 4 140
161 0 57 4 141
155 0 131 4 142
186 0 200 4 143
185 0 268 4 144
178 0 99 4 145
173 0 222 4 146
180 0 195 4 147
149 0 49 4 148
186 0 279 4 149
106 0 52 4 150
107 0 66 4 151
173 0 203 4 152
180 0 46 4 153
170 0 146 4 154
183 0 227 4 155
172 0 48 4 156
176 0 139 4 157
135 0 46 4 158
89 0 48 4 159
170 0 65 4 160
181 0 120 4 161
187 0 212 4 162
193 0 253 4 163
143 0 67 4 164
189 0 277 4 165
168 0 81 4 166
85 0 49 4 167
185 0 82 4 168
177 0 85 4 169
174 0 111 4 170
167 0 149 4 171
110 0 46 4 172
188 0 122 4 173
188 0 235 4 174
200 0 232 4 175
200 0 281 4 176
204 0 323 4 177
201 0 197 4 178
209 0 128 4 179
198 0 205 4 180
208 0 205 4 181
192 0 282 4 182
213 0 153 4 183
198 0 213 4 184
88 0 24 4 185
212 0 94 4 186
213 0 113 4 187
213 0 135 4 188
208 0 198 4 189
203 0 299 4 190
214 0 215 4 191
217 0 252 4 192
214 0 273 4 193
216 0 196 4 194
217 0 78 4 195
219 0 65 4 196
217 0 100 4 197
226 0 120 4 198
215 0 226 4 199
176 0 67 4 200
213 0 243 4 201
220 0 58 4 202
268 0 200 4 203
234 0 85 4 204
236 0 127 4 205
254 0 205 4 206
229 0 261 4 207
234 0 68 4 208
193 0 66 4 209
234 0 77 4 210
219 0 217 4 211
228 0 326 4 212
232 0 45 4 213
225 0 49 4 214
234 0 58 4 215
220 0 52 4 216
223 0 303 4 217
244 0 91 4 218
242 0 47 4 219
242 0 58 4 220
246 0 119 4 221
237 0 100 4 222
244 0 70 4 223
240 0 24 4 224
246 0 82 4 225
251 0 238 4 226
251 0 56 4 227
259 0 67 4 228
257 0 276 4 229
254 0 79 4 230
254 0 44 4 231
267 0 46 4 232
261 0 57 4 233
255 0 89 4 234
253 0 141 4 235
255 0 70 4 236
259 0 125 4 237
263 0 45 4 238
271 0 59 4 239
264 0 89 4 240
259 0 106 4 241
260 0 289 4 242
262 0 261 4 243
276 0 231 4 244
334 0 230 4 245
260 0 223 4 246
270 0 207 4 247
301 0 222 4 248
263 0 119 4 249
263 0 142 4 250
278 0 195 4 251
273 0 114 4 252
266 0 321 4 253
274 0 245 4 254
351 0 247 4 255
266 0 274 4 256
361 0 241 4 257
268 0 257 4 258
283 0 36 4 259
272 0 111 4 260
350 0 204 4 261
273 0 81 4 262
278 0 104 4 263
285 0 118 4 264
291 0 274 4 265
283 0 90 4 266
295 0 297 4 267
280 0 323 4 268
284 0 67 4 269
344 0 215 4 270
292 0 222 4 271
285 0 81 4 272
286 0 73 4 273
292 0 117 4 274
311 0 259 4 275
363 0 55 4 276
328 0 180 4 277
367 0 51 4 278
296 0 262 4 279
369 0 225 4 280
297 0 272 4 281
344 0 59 4 282
324 0 73 4 283
317 0 77 4 284
387 0 184 4 285
362 0 170 4 286
351 0 179 4 287
327 0 59 4 288
319 0 67 4 289
389 0 180 4 290
297 0 320 4 291
300 0 253 4 292
322 0 41 4 293
345 0 50 4 294
327 0 51 4 295
365 0 58 4 296
373 0 192 4 297
319 0 277 4 298
320 0 225 4 299
373 0 177 4 300
335 0 271 4 301
310 0 235 4 302
409 0 224 4 303
334 0 113 4 304
340 0 258 4 305
325 0 258 4 306
340 0 320 4 307
371 0 170 4 308
355 0 129 4 309
419 0 194 4 310
382 0 192 4 311
343 0 249 4 312
350 0 132 4 313
349 0 112 4 314
354 0 40 4 315
370 0 251 4 316
400 0 174 4 317
330 0 123 4 318
373 0 189 4 319
368 0 276 4 320
370 0 111 4 321
345 0 91 4 322
362 0 124 4 323
378 0 261 4 324
345 0 312 4 325
359 0 67 4 326
372 0 67 4 327
334 0 85 4 328
380 0 111 4 329
402 0 223 4 330
366 0 97 4 331
347 0 224 4 332
364 0 101 4 333
365 0 110 4 334
404 0 235 4 335
365 0 85 4 336
393 0 183 4 337
349 0 212 4 338
375 0 95 4 339
385 0 218 4 340
391 0 75 4 341
366 0 117 4 342
397 0 238 4 343
375 0 222 4 344
350 0 243 4 345
350 0 302 4 346
385 0 67 4 347
374 0 86 4 348
411 0 194 4 349
394 0 82 4 350
362 0 87 4 351
409 0 278 4 352
376 0 307 4 353
359 0 65 4 354
423 0 212 4 355
391 0 245 4 356
431 0 223 4 357
385 0 221 4 358
381 0 299 4 359
418 0 227 4 360
405 0 228 4 361
402 0 65 4 362
398 0 299 4 363
397 0 86 4 364
414 0 292 4 365
405 0 272 4 366
464 0 97 4 367
431 0 281 4 368
421 0 117 4 369
451 0 279 4 370
472 0 138 4 371
454 0 258 4 372
475 0 254 4 373
476 0 175 4 374
477 0 201 4 375
478 0 218 4 376
451 0 207 4 377
-46 0 19 4 378
-30 0 19 4 379
-13 0 19 4 380
3 0 19 4 381
30 0 19 4 382
46 0 19 4 383
63 0 19 4 384
79 0 19 4 385
96 0 19 4 386
112 0 19 4 387
129 0 19 4 388
145 0 19 4 389
162 0 19 4 390
178 0 19 4 391
195 0 19 4 392
211 0 19 4 393
227 0 19 4 394
253 0 19 4 395
270 0 19 4 396
286 0 19 4 397
303 0 19 4 398
319 0 19 4 399
336 0 19 4 400
352 0 19 4 401
369 0 19 4 402
385 0 19 4 403
402 0 19 4 404
418 0 19 4 405
435 0 19 4 406
451 0 19 4 407
468 0 19 4 408
479 0 24 4 409
486 0 34 4 410
486 0 50 4 411
486 0 67 4 412
486 0 83 4 413
486 0 110 4 414
486 0 127 4 415
486 0 153 4 416
486 0 170 4 417
486 0 195 4 418
471 0 199 4 419
465 0 209 4 420
486 0 245 4 421
468 0 245 4 422
486 0 278 4 423
486 0 294 4 424
486 0 311 4 425
467 0 309 4 426
481 0 329 4 427
470 0 335 4 428
460 0 341 4 429
444 0 341 4 430
427 0 341 4 431
411 0 341 4 432
394 0 341 4 433
397 0 331 4 434
371 0 341 4 435
355 0 341 4 436
338 0 341 4 437
322 0 341 4 438
305 0 341 4 439
289 0 341 4 440
272 0 341 4 441
256 0 341 4 442
239 0 341 4 443
223 0 341 4 444
207 0 341 4 445
191 0 341 4 446
175 0 341 4 447
158 0 341 4 448
142 0 341 4 449
125 0 341 4 450
109 0 341 4 451
92 0 341 4 452
76 0 341 4 453
59 0 341 4 454
43 0 341 4 455
26 0 341 4 456
10 0 341 4 457
-7 0 341 4 458
-23 0 341 4 459
-35 0 336 4 460
-45 0 330 4 461
-46 0 315 4 462
-46 0 298 4 463
-46 0 282 4 464
-46 0 265 4 465
-46 0 249 4 466
-46 0 232 4 467
-46 0 216 4 468
-46 0 189 4 469
-46 0 174 4 470
-46 0 147 4 471
-46 0 130 4 472
-27 0 127 4 473
-34 0 115 4 474
-34 0 95 4 475
-34 0 82 4 476
-19 0 65 4 477
-30 0 46 4 478
-46 0 35 4 479
