480
-45 0 200 4 0
-45 0 160 4 1
4 0 227 4 2
-30 0 135 4 3
14 0 233 4 4
9 0 131 4 5
16 0 251 4 6
-5 0 108 4 7
17 0 293 4 8
18 0 89 4 9
52 0 293 4 10
-25 0 72 4 11
56 0 198 4 12
40 0 223 4 13
56 0 303 4 14
27 0 151 4 15
49 0 227 4 16
59 0 150 4 17
38 0 247 4 18
30 0 77 4 19
60 0 90 4 20
60 0 111 4 21
85 0 298 4 22
62 0 138 4 23
13 0 78 4 24
13 0 87 4 25
-19 0 102 4 26
31 0 113 4 27
62 0 249 4 28
8 0 84 4 29
82 0 98 4 30
63 0 75 4 31
87 0 89 4 32
53 0 104 4 33
14 0 117 4 34
15 0 53 4 35
15 0 96 4 36
94 0 137 4 37
40 0 77 4 38
33 0 101 4 39
49 0 106 4 40
96 0 306 4 41
4 0 85 4 42
64 0 210 4 43
83 0 203 4 44
-16 0 88 4 45
64 0 201 4 46
77 0 259 4 47
-1 0 103 4 48
95 0 101 4 49
88 0 210 4 50
45 0 107 4 51
99 0 150 4 52
66 0 236 4 53
97 0 89 4 54
67 0 99 4 55
97 0 112 4 56
97 0 126 4 57
112 0 143 4 58
97 0 230 4 59
16 0 123 4 60
68 0 252 4 61
68 0 273 4 62
86 0 255 4 63
117 0 133 4 64
70 0 318 4 65
72 0 122 4 66
92 0 280 4 67
62 0 40 4 68
121 0 126 4 69
82 0 262 4 70
87 0 270 4 71
100 0 241 4 72
65 0 73 4 73
132 0 267 4 74
45 0 67 4 75
105 0 80 4 76
122 0 109 4 77
133 0 121 4 78
76 0 56 4 79
131 0 65 4 80
124 0 74 4 81
11 0 63 4 82
60 0 265 4 83
143 0 263 4 84
61 0 74 4 85
125 0 82 4 86
135 0 125 4 87
139 0 315 4 88
48 0 56 4 89
-1 0 58 4 90
140 0 84 4 91
145 0 288 4 92
113 0 72 4 93
142 0 104 4 94
136 0 88 4 95
27 0 49 4 96
129 0 91 4 97
117 0 35 4 98
84 0 243 4 99
102 0 218 4 100
151 0 241 4 101
136 0 106 4 102
152 0 219 4 103
94 0 216 4 104
82 0 215 4 105
153 0 209 4 106
151 0 284 4 107
158 0 263 4 108
155 0 103 4 109
59 0 264 4 110
168 0 263 4 111
155 0 115 4 112
156 0 221 4 113
164 0 203 4 114
108 0 235 4 115
166 0 102 4 116
179 0 315 4 117
134 0 65 4 118
73 0 253 4 119
162 0 268 4 120
169 0 294 4 121
113 0 50 4 122
71 0 233 4 123
161 0 74 4 124
174 0 223 4 125
163 0 286 4 126
109 0 58 4 127
145 0 129 4 128
162 0 236 4 129
146 0 48 4 130
23 0 71 4 131
157 0 34 4 132
73 0 43 4 133
177 0 62 4 134
155 0 47 4 135
25 0 55 4 136
178 0 73 4 137
151 0 76 4 138
163 0 83 4 139
180 0 143 4 140
156 0 56 4 141
150 0 134 4 142
185 0 202 4 143
184 0 270 4 144
177 0 100 4 145
170 0 228 4 146
178 0 199 4 147
142 0 47 4 148
185 0 281 4 149
92 0 50 4 150
93 0 65 4 151
170 0 209 4 152
178 0 46 4 153
166 0 146 4 154
181 0 231 4 155
168 0 47 4 156
173 0 141 4 157
125 0 44 4 158
71 0 46 4 159
165 0 65 4 160
178 0 122 4 161
185 0 215 4 162
192 0 256 4 163
133 0 67 4 164
187 0 281 4 165
163 0 82 4 166
65 0 46 4 167
182 0 82 4 168
173 0 85 4 169
169 0 114 4 170
161 0 149 4 171
94 0 44 4 172
186 0 124 4 173
186 0 243 4 174
199 0 235 4 175
199 0 283 4 176
204 0 322 4 177
200 0 200 4 178
209 0 128 4 179
196 0 211 4 180
208 0 206 4 181
189 0 286 4 182
213 0 152 4 183
195 0 221 4 184
67 0 23 4 185
212 0 94 4 186
212 0 113 4 187
212 0 136 4 188
206 0 205 4 189
201 0 303 4 190
213 0 218 4 191
216 0 255 4 192
213 0 276 4 193
214 0 201 4 194
216 0 78 4 195
217 0 65 4 196
215 0 101 4 197
226 0 122 4 198
213 0 231 4 199
167 0 66 4 200
210 0 248 4 201
219 0 57 4 202
274 0 205 4 203
235 0 86 4 204
237 0 127 4 205
258 0 209 4 206
228 0 261 4 207
234 0 68 4 208
186 0 65 4 209
234 0 78 4 210
216 0 222 4 211
228 0 325 4 212
232 0 44 4 213
224 0 48 4 214
234 0 58 4 215
218 0 50 4 216
221 0 308 4 217
245 0 93 4 218
243 0 45 4 219
243 0 57 4 220
248 0 121 4 221
236 0 101 4 222
244 0 70 4 223
240 0 23 4 224
247 0 84 4 225
252 0 239 4 226
253 0 56 4 227
262 0 68 4 228
260 0 279 4 229
255 0 81 4 230
255 0 42 4 231
271 0 44 4 232
264 0 56 4 233
257 0 91 4 234
254 0 143 4 235
256 0 70 4 236
260 0 128 4 237
265 0 43 4 238
275 0 58 4 239
266 0 91 4 240
261 0 108 4 241
262 0 292 4 242
264 0 262 4 243
280 0 236 4 244
347 0 242 4 245
261 0 224 4 246
272 0 209 4 247
308 0 228 4 248
263 0 121 4 249
264 0 144 4 250
281 0 198 4 251
275 0 117 4 252
266 0 320 4 253
276 0 247 4 254
366 0 260 4 255
266 0 274 4 256
377 0 255 4 257
269 0 257 4 258
286 0 36 4 259
273 0 111 4 260
363 0 216 4 261
273 0 82 4 262
279 0 105 4 263
287 0 120 4 264
293 0 277 4 265
283 0 92 4 266
297 0 302 4 267
280 0 323 4 268
285 0 67 4 269
355 0 225 4 270
294 0 224 4 271
286 0 81 4 272
286 0 73 4 273
294 0 119 4 274
316 0 263 4 275
375 0 51 4 276
334 0 186 4 277
380 0 47 4 278
298 0 263 4 279
382 0 238 4 280
298 0 273 4 281
353 0 56 4 282
329 0 72 4 283
322 0 76 4 284
403 0 200 4 285
373 0 180 4 286
361 0 189 4 287
332 0 58 4 288
323 0 66 4 289
404 0 195 4 290
297 0 320 4 291
300 0 254 4 292
326 0 41 4 293
353 0 47 4 294
331 0 50 4 295
376 0 55 4 296
384 0 204 4 297
322 0 280 4 298
323 0 227 4 299
384 0 187 4 300
340 0 275 4 301
310 0 235 4 302
425 0 241 4 303
337 0 116 4 304
344 0 262 4 305
327 0 259 4 306
343 0 322 4 307
379 0 179 4 308
361 0 134 4 309
435 0 208 4 310
392 0 202 4 311
346 0 252 4 312
354 0 135 4 313
353 0 115 4 314
359 0 39 4 315
377 0 257 4 316
412 0 184 4 317
330 0 123 4 318
381 0 198 4 319
374 0 282 4 320
377 0 114 4 321
347 0 91 4 322
367 0 128 4 323
386 0 268 4 324
347 0 312 4 325
364 0 65 4 326
378 0 65 4 327
334 0 86 4 328
388 0 113 4 329
413 0 236 4 330
371 0 98 4 331
349 0 226 4 332
369 0 102 4 333
369 0 111 4 334
415 0 248 4 335
369 0 85 4 336
402 0 192 4 337
350 0 214 4 338
381 0 96 4 339
392 0 227 4 340
400 0 73 4 341
371 0 119 4 342
407 0 248 4 343
380 0 228 4 344
352 0 244 4 345
351 0 302 4 346
391 0 65 4 347
378 0 85 4 348
421 0 203 4 349
401 0 81 4 350
364 0 87 4 351
419 0 287 4 352
379 0 309 4 353
359 0 65 4 354
434 0 223 4 355
396 0 250 4 356
442 0 234 4 357
388 0 224 4 358
383 0 301 4 359
426 0 235 4 360
411 0 234 4 361
408 0 64 4 362
401 0 302 4 363
399 0 86 4 364
418 0 296 4 365
406 0 273 4 366
474 0 96 4 367
435 0 285 4 368
422 0 118 4 369
457 0 285 4 370
481 0 140 4 371
460 0 263 4 372
483 0 261 4 373
483 0 180 4 374
484 0 208 4 375
484 0 225 4 376
453 0 209 4 377
-51 0 19 4 378
-35 0 19 4 379
-18 0 19 4 380
-1 0 19 4 381
27 0 19 4 382
44 0 19 4 383
60 0 19 4 384
77 0 19 4 385
94 0 19 4 386
110 0 19 4 387
127 0 19 4 388
144 0 19 4 389
160 0 19 4 390
177 0 19 4 391
193 0 19 4 392
210 0 19 4 393
226 0 19 4 394
254 0 19 4 395
271 0 19 4 396
287 0 19 4 397
304 0 19 4 398
321 0 19 4 399
337 0 19 4 400
354 0 19 4 401
371 0 19 4 402
387 0 19 4 403
404 0 19 4 404
421 0 19 4 405
437 0 19 4 406
454 0 19 4 407
470 0 19 4 408
483 0 23 4 409
491 0 32 4 410
491 0 49 4 411
491 0 65 4 412
491 0 82 4 413
491 0 110 4 414
491 0 127 4 415
491 0 156 4 416
491 0 172 4 417
491 0 200 4 418
474 0 202 4 419
466 0 210 4 420
491 0 250 4 421
470 0 247 4 422
491 0 283 4 423
491 0 299 4 424
491 0 316 4 425
469 0 311 4 426
485 0 332 4 427
473 0 336 4 428
461 0 341 4 429
444 0 341 4 430
428 0 341 4 431
411 0 341 4 432
394 0 341 4 433
401 0 329 4 434
373 0 341 4 435
356 0 341 4 436
340 0 341 4 437
323 0 341 4 438
306 0 341 4 439
290 0 341 4 440
273 0 341 4 441
257 0 341 4 442
240 0 341 4 443
223 0 341 4 444
208 0 341 4 445
191 0 341 4 446
174 0 341 4 447
158 0 341 4 448
141 0 341 4 449
124 0 341 4 450
108 0 341 4 451
91 0 341 4 452
75 0 341 4 453
58 0 341 4 454
41 0 341 4 455
25 0 341 4 456
8 0 341 4 457
-9 0 341 4 458
-25 0 341 4 459
-38 0 337 4 460
-50 0 333 4 461
-51 0 317 4 462
-51 0 301 4 463
-51 0 284 4 464
-51 0 267 4 465
-51 0 251 4 466
-51 0 234 4 467
-51 0 217 4 468
-51 0 189 4 469
-51 0 173 4 470
-51 0 145 4 471
-51 0 128 4 472
-29 0 127 4 473
-37 0 115 4 474
-37 0 95 4 475
-37 0 83 4 476
-19 0 65 4 477
-32 0 46 4 478
-51 0 36 4 479
