480
-47 0 201 4 0
-47 0 160 4 1
4 0 228 4 2
-32 0 134 4 3
14 0 233 4 4
8 0 131 4 5
16 0 251 4 6
-6 0 108 4 7
16 0 294 4 8
17 0 89 4 9
52 0 293 4 10
-29 0 72 4 11
55 0 199 4 12
38 0 224 4 13
55 0 304 4 14
25 0 150 4 15
48 0 228 4 16
58 0 150 4 17
36 0 248 4 18
27 0 77 4 19
59 0 90 4 20
59 0 111 4 21
85 0 298 4 22
61 0 138 4 23
10 0 77 4 24
10 0 87 4 25
-24 0 102 4 26
28 0 113 4 27
60 0 250 4 28
4 0 84 4 29
82 0 98 4 30
62 0 75 4 31
87 0 89 4 32
52 0 104 4 33
11 0 117 4 34
12 0 53 4 35
12 0 96 4 36
94 0 138 4 37
38 0 77 4 38
30 0 102 4 39
47 0 106 4 40
96 0 306 4 41
0 0 85 4 42
63 0 211 4 43
82 0 204 4 44
-20 0 88 4 45
63 0 202 4 46
76 0 260 4 47
-5 0 103 4 48
95 0 101 4 49
87 0 211 4 50
43 0 107 4 51
98 0 150 4 52
64 0 237 4 53
96 0 89 4 54
66 0 99 4 55
96 0 112 4 56
96 0 126 4 57
112 0 143 4 58
97 0 231 4 59
12 0 123 4 60
66 0 253 4 61
66 0 274 4 62
85 0 256 4 63
117 0 133 4 64
68 0 319 4 65
70 0 123 4 66
90 0 281 4 67
59 0 40 4 68
120 0 126 4 69
80 0 263 4 70
85 0 271 4 71
98 0 242 4 72
62 0 73 4 73
132 0 268 4 74
41 0 67 4 75
103 0 80 4 76
121 0 109 4 77
133 0 121 4 78
74 0 56 4 79
131 0 65 4 80
123 0 74 4 81
5 0 62 4 82
56 0 268 4 83
143 0 264 4 84
58 0 74 4 85
125 0 82 4 86
135 0 126 4 87
139 0 314 4 88
44 0 56 4 89
-7 0 58 4 90
140 0 84 4 91
145 0 289 4 92
112 0 72 4 93
142 0 104 4 94
135 0 88 4 95
22 0 48 4 96
128 0 91 4 97
116 0 35 4 98
82 0 245 4 99
100 0 220 4 100
151 0 241 4 101
135 0 106 4 102
151 0 219 4 103
91 0 217 4 104
79 0 217 4 105
152 0 209 4 106
151 0 285 4 107
158 0 264 4 108
154 0 103 4 109
55 0 267 4 110
168 0 264 4 111
154 0 116 4 112
155 0 222 4 113
164 0 204 4 114
105 0 237 4 115
166 0 103 4 116
179 0 315 4 117
133 0 65 4 118
69 0 256 4 119
161 0 270 4 120
169 0 295 4 121
110 0 50 4 122
67 0 236 4 123
160 0 74 4 124
173 0 223 4 125
162 0 288 4 126
106 0 58 4 127
144 0 130 4 128
161 0 238 4 129
145 0 47 4 130
16 0 71 4 131
156 0 34 4 132
69 0 43 4 133
177 0 62 4 134
154 0 46 4 135
18 0 55 4 136
178 0 73 4 137
149 0 76 4 138
162 0 83 4 139
180 0 143 4 140
155 0 56 4 141
148 0 135 4 142
185 0 203 4 143
184 0 270 4 144
176 0 101 4 145
170 0 230 4 146
178 0 200 4 147
140 0 47 4 148
185 0 281 4 149
88 0 49 4 150
89 0 65 4 151
169 0 211 4 152
177 0 46 4 153
165 0 146 4 154
180 0 233 4 155
167 0 47 4 156
172 0 141 4 157
122 0 44 4 158
65 0 45 4 159
164 0 65 4 160
178 0 122 4 161
185 0 216 4 162
192 0 257 4 163
130 0 66 4 164
187 0 282 4 165
161 0 83 4 166
59 0 45 4 167
182 0 82 4 168
172 0 85 4 169
167 0 114 4 170
159 0 149 4 171
89 0 43 4 172
185 0 125 4 173
185 0 245 4 174
199 0 236 4 175
199 0 283 4 176
204 0 322 4 177
199 0 200 4 178
209 0 128 4 179
196 0 212 4 180
208 0 206 4 181
189 0 288 4 182
213 0 152 4 183
194 0 224 4 184
60 0 23 4 185
212 0 94 4 186
212 0 114 4 187
212 0 137 4 188
205 0 207 4 189
200 0 305 4 190
213 0 219 4 191
216 0 255 4 192
213 0 277 4 193
214 0 203 4 194
215 0 78 4 195
217 0 65 4 196
215 0 101 4 197
226 0 123 4 198
212 0 233 4 199
164 0 66 4 200
209 0 249 4 201
218 0 57 4 202
276 0 207 4 203
235 0 87 4 204
237 0 127 4 205
259 0 211 4 206
228 0 262 4 207
234 0 68 4 208
184 0 65 4 209
234 0 78 4 210
215 0 223 4 211
227 0 325 4 212
232 0 44 4 213
223 0 47 4 214
234 0 58 4 215
217 0 50 4 216
221 0 309 4 217
245 0 93 4 218
243 0 45 4 219
243 0 57 4 220
248 0 122 4 221
236 0 101 4 222
245 0 70 4 223
240 0 23 4 224
248 0 84 4 225
253 0 239 4 226
253 0 55 4 227
263 0 68 4 228
261 0 280 4 229
256 0 81 4 230
256 0 42 4 231
272 0 43 4 232
264 0 56 4 233
257 0 91 4 234
254 0 144 4 235
256 0 70 4 236
261 0 129 4 237
265 0 43 4 238
276 0 58 4 239
267 0 92 4 240
261 0 109 4 241
262 0 293 4 242
264 0 262 4 243
281 0 237 4 244
351 0 245 4 245
262 0 225 4 246
273 0 209 4 247
310 0 230 4 248
264 0 122 4 249
264 0 144 4 250
281 0 199 4 251
275 0 117 4 252
267 0 320 4 253
276 0 247 4 254
370 0 264 4 255
266 0 275 4 256
382 0 259 4 257
269 0 257 4 258
287 0 36 4 259
273 0 111 4 260
367 0 219 4 261
273 0 82 4 262
279 0 105 4 263
287 0 120 4 264
293 0 277 4 265
284 0 92 4 266
298 0 304 4 267
280 0 323 4 268
285 0 66 4 269
358 0 228 4 270
295 0 224 4 271
286 0 81 4 272
286 0 73 4 273
294 0 120 4 274
317 0 264 4 275
379 0 50 4 276
336 0 188 4 277
384 0 46 4 278
298 0 264 4 279
386 0 242 4 280
298 0 274 4 281
355 0 55 4 282
331 0 72 4 283
323 0 75 4 284
407 0 205 4 285
377 0 183 4 286
364 0 192 4 287
334 0 57 4 288
324 0 66 4 289
409 0 199 4 290
297 0 320 4 291
300 0 254 4 292
327 0 41 4 293
356 0 46 4 294
333 0 49 4 295
379 0 54 4 296
387 0 208 4 297
322 0 281 4 298
323 0 228 4 299
388 0 191 4 300
342 0 277 4 301
310 0 235 4 302
430 0 245 4 303
338 0 116 4 304
345 0 263 4 305
327 0 259 4 306
344 0 322 4 307
382 0 181 4 308
362 0 136 4 309
440 0 213 4 310
395 0 205 4 311
347 0 253 4 312
356 0 136 4 313
354 0 115 4 314
361 0 38 4 315
379 0 259 4 316
416 0 188 4 317
330 0 123 4 318
383 0 200 4 319
376 0 283 4 320
379 0 115 4 321
348 0 91 4 322
369 0 129 4 323
389 0 270 4 324
348 0 313 4 325
365 0 65 4 326
380 0 64 4 327
334 0 86 4 328
390 0 113 4 329
417 0 239 4 330
373 0 99 4 331
350 0 227 4 332
370 0 102 4 333
371 0 112 4 334
418 0 252 4 335
370 0 85 4 336
405 0 195 4 337
351 0 214 4 338
383 0 96 4 339
395 0 229 4 340
402 0 73 4 341
372 0 120 4 342
410 0 250 4 343
382 0 229 4 344
352 0 244 4 345
351 0 302 4 346
393 0 64 4 347
380 0 85 4 348
424 0 206 4 349
403 0 81 4 350
365 0 87 4 351
422 0 289 4 352
380 0 310 4 353
359 0 65 4 354
436 0 226 4 355
397 0 251 4 356
445 0 237 4 357
388 0 224 4 358
384 0 302 4 359
428 0 237 4 360
412 0 236 4 361
409 0 63 4 362
402 0 303 4 363
399 0 86 4 364
419 0 297 4 365
406 0 273 4 366
477 0 96 4 367
436 0 286 4 368
422 0 118 4 369
458 0 286 4 370
483 0 140 4 371
461 0 264 4 372
485 0 263 4 373
485 0 181 4 374
486 0 210 4 375
486 0 227 4 376
454 0 210 4 377
-53 0 19 4 378
-36 0 19 4 379
-19 0 19 4 380
-3 0 19 4 381
26 0 19 4 382
43 0 19 4 383
60 0 19 4 384
76 0 19 4 385
93 0 19 4 386
110 0 19 4 387
126 0 19 4 388
143 0 19 4 389
160 0 19 4 390
176 0 19 4 391
193 0 19 4 392
210 0 19 4 393
225 0 19 4 394
254 0 19 4 395
271 0 19 4 396
288 0 19 4 397
304 0 19 4 398
321 0 19 4 399
338 0 19 4 400
354 0 19 4 401
371 0 19 4 402
388 0 19 4 403
404 0 19 4 404
421 0 19 4 405
438 0 19 4 406
454 0 19 4 407
471 0 19 4 408
484 0 22 4 409
492 0 31 4 410
492 0 48 4 411
492 0 65 4 412
492 0 81 4 413
492 0 110 4 414
492 0 127 4 415
492 0 156 4 416
492 0 173 4 417
492 0 201 4 418
475 0 202 4 419
467 0 210 4 420
492 0 251 4 421
471 0 248 4 422
492 0 284 4 423
492 0 301 4 424
492 0 318 4 425
470 0 312 4 426
486 0 332 4 427
473 0 337 4 428
461 0 341 4 429
444 0 341 4 430
428 0 341 4 431
411 0 341 4 432
394 0 341 4 433
402 0 328 4 434
373 0 341 4 435
357 0 341 4 436
340 0 341 4 437
323 0 341 4 438
307 0 341 4 439
290 0 341 4 440
273 0 341 4 441
257 0 341 4 442
240 0 341 4 443
223 0 341 4 444
208 0 341 4 445
191 0 341 4 446
174 0 341 4 447
158 0 341 4 448
141 0 341 4 449
124 0 341 4 450
108 0 341 4 451
91 0 341 4 452
74 0 341 4 453
58 0 341 4 454
41 0 341 4 455
24 0 341 4 456
8 0 341 4 457
-9 0 341 4 458
-26 0 341 4 459
-39 0 338 4 460
-51 0 333 4 461
-53 0 318 4 462
-53 0 301 4 463
-53 0 285 4 464
-53 0 268 4 465
-53 0 251 4 466
-53 0 235 4 467
-53 0 218 4 468
-53 0 189 4 469
-53 0 173 4 470
-53 0 144 4 471
-53 0 128 4 472
-30 0 127 4 473
-38 0 115 4 474
-38 0 95 4 475
-38 0 83 4 476
-19 0 65 4 477
-33 0 46 4 478
-53 0 36 4 479
