480
-62 0 205 4 0
-62 0 157 4 1
4 0 235 4 2
-43 0 130 4 3
14 0 236 4 4
6 0 131 4 5
13 0 253 4 6
-17 0 108 4 7
9 0 303 4 8
7 0 89 4 9
49 0 296 4 10
-58 0 71 4 11
50 0 205 4 12
29 0 234 4 13
50 0 308 4 14
11 0 146 4 15
39 0 234 4 16
51 0 149 4 17
23 0 257 4 18
11 0 77 4 19
52 0 90 4 20
52 0 111 4 21
85 0 299 4 22
53 0 137 4 23
-13 0 76 4 24
-13 0 87 4 25
-56 0 104 4 26
10 0 115 4 27
51 0 257 4 28
-22 0 84 4 29
78 0 98 4 30
52 0 75 4 31
84 0 89 4 32
39 0 105 4 33
-14 0 120 4 34
-13 0 51 4 35
-13 0 97 4 36
93 0 139 4 37
21 0 77 4 38
11 0 103 4 39
32 0 106 4 40
95 0 307 4 41
-29 0 85 4 42
52 0 221 4 43
77 0 209 4 44
-56 0 88 4 45
52 0 212 4 46
69 0 266 4 47
-37 0 106 4 48
92 0 101 4 49
83 0 214 4 50
24 0 107 4 51
96 0 149 4 52
52 0 245 4 53
93 0 89 4 54
53 0 100 4 55
93 0 112 4 56
93 0 127 4 57
112 0 143 4 58
93 0 234 4 59
-17 0 126 4 60
53 0 265 4 61
53 0 282 4 62
75 0 262 4 63
116 0 133 4 64
53 0 321 4 65
55 0 125 4 66
81 0 290 4 67
40 0 37 4 68
118 0 126 4 69
65 0 272 4 70
72 0 280 4 71
89 0 250 4 72
41 0 73 4 73
132 0 271 4 74
14 0 67 4 75
94 0 80 4 76
117 0 109 4 77
132 0 122 4 78
55 0 54 4 79
128 0 65 4 80
118 0 74 4 81
-34 0 60 4 82
31 0 287 4 83
143 0 267 4 84
32 0 74 4 85
118 0 82 4 86
131 0 130 4 87
137 0 313 4 88
15 0 53 4 89
-53 0 55 4 90
137 0 84 4 91
144 0 297 4 92
101 0 72 4 93
140 0 104 4 94
131 0 88 4 95
-15 0 45 4 96
121 0 91 4 97
105 0 34 4 98
61 0 261 4 99
84 0 231 4 100
150 0 243 4 101
129 0 106 4 102
150 0 221 4 103
72 0 230 4 104
56 0 232 4 105
150 0 212 4 106
148 0 291 4 107
157 0 266 4 108
152 0 104 4 109
23 0 292 4 110
168 0 266 4 111
149 0 118 4 112
151 0 228 4 113
161 0 208 4 114
86 0 253 4 115
163 0 104 4 116
180 0 311 4 117
120 0 64 4 118
38 0 281 4 119
157 0 279 4 120
167 0 302 4 121
91 0 47 4 122
35 0 257 4 123
155 0 74 4 124
172 0 227 4 125
157 0 297 4 126
84 0 55 4 127
134 0 137 4 128
155 0 249 4 129
134 0 45 4 130
-32 0 71 4 131
148 0 34 4 132
36 0 38 4 133
175 0 62 4 134
144 0 45 4 135
-30 0 51 4 136
175 0 73 4 137
139 0 76 4 138
156 0 84 4 139
178 0 143 4 140
145 0 55 4 141
137 0 143 4 142
185 0 206 4 143
183 0 274 4 144
173 0 103 4 145
164 0 244 4 146
175 0 207 4 147
125 0 44 4 148
183 0 284 4 149
58 0 46 4 150
59 0 63 4 151
163 0 224 4 152
172 0 45 4 153
156 0 146 4 154
176 0 242 4 155
159 0 45 4 156
165 0 144 4 157
100 0 40 4 158
27 0 40 4 159
154 0 64 4 160
172 0 126 4 161
182 0 224 4 162
190 0 264 4 163
111 0 65 4 164
184 0 289 4 165
150 0 85 4 166
18 0 40 4 167
176 0 83 4 168
164 0 85 4 169
158 0 121 4 170
146 0 148 4 171
56 0 38 4 172
179 0 130 4 173
179 0 261 4 174
197 0 242 4 175
197 0 286 4 176
204 0 320 4 177
197 0 206 4 178
209 0 128 4 179
192 0 223 4 180
208 0 209 4 181
182 0 297 4 182
213 0 151 4 183
189 0 240 4 184
16 0 20 4 185
211 0 94 4 186
211 0 115 4 187
210 0 140 4 188
202 0 221 4 189
194 0 314 4 190
210 0 225 4 191
215 0 262 4 192
210 0 283 4 193
210 0 214 4 194
212 0 79 4 195
214 0 65 4 196
212 0 104 4 197
226 0 127 4 198
207 0 242 4 199
145 0 64 4 200
203 0 260 4 201
215 0 56 4 202
289 0 217 4 203
236 0 89 4 204
239 0 127 4 205
267 0 220 4 206
227 0 263 4 207
234 0 68 4 208
170 0 63 4 209
234 0 78 4 210
210 0 233 4 211
226 0 324 4 212
232 0 42 4 213
220 0 45 4 214
234 0 58 4 215
212 0 46 4 216
218 0 319 4 217
248 0 98 4 218
245 0 42 4 219
245 0 55 4 220
252 0 125 4 221
236 0 104 4 222
246 0 70 4 223
239 0 20 4 224
250 0 87 4 225
256 0 240 4 226
256 0 54 4 227
270 0 68 4 228
266 0 287 4 229
259 0 84 4 230
259 0 39 4 231
279 0 40 4 232
270 0 53 4 233
260 0 96 4 234
257 0 148 4 235
259 0 70 4 236
264 0 135 4 237
270 0 39 4 238
283 0 56 4 239
272 0 96 4 240
265 0 113 4 241
265 0 300 4 242
267 0 264 4 243
289 0 248 4 244
379 0 271 4 245
264 0 228 4 246
278 0 214 4 247
326 0 243 4 248
265 0 125 4 249
265 0 148 4 250
288 0 205 4 251
279 0 124 4 252
268 0 318 4 253
280 0 250 4 254
401 0 292 4 255
267 0 276 4 256
415 0 288 4 257
269 0 257 4 258
292 0 36 4 259
273 0 112 4 260
394 0 245 4 261
273 0 83 4 262
280 0 107 4 263
290 0 123 4 264
298 0 284 4 265
285 0 96 4 266
304 0 315 4 267
280 0 323 4 268
287 0 65 4 269
380 0 248 4 270
299 0 227 4 271
287 0 82 4 272
287 0 73 4 273
298 0 123 4 274
327 0 273 4 275
406 0 42 4 276
351 0 202 4 277
412 0 38 4 278
301 0 266 4 279
414 0 268 4 280
301 0 277 4 281
374 0 50 4 282
342 0 70 4 283
332 0 73 4 284
440 0 240 4 285
401 0 206 4 286
384 0 216 4 287
345 0 54 4 288
332 0 63 4 289
441 0 231 4 290
297 0 320 4 291
301 0 254 4 292
336 0 41 4 293
372 0 40 4 294
342 0 46 4 295
402 0 48 4 296
412 0 234 4 297
328 0 288 4 298
329 0 232 4 299
411 0 214 4 300
351 0 286 4 301
310 0 235 4 302
464 0 281 4 303
345 0 123 4 304
353 0 270 4 305
330 0 262 4 306
352 0 325 4 307
400 0 200 4 308
375 0 147 4 309
475 0 244 4 310
416 0 226 4 311
353 0 259 4 312
365 0 144 4 313
362 0 121 4 314
370 0 35 4 315
395 0 272 4 316
442 0 212 4 317
331 0 124 4 318
399 0 217 4 319
390 0 294 4 320
393 0 120 4 321
353 0 91 4 322
380 0 137 4 323
405 0 284 4 324
353 0 314 4 325
375 0 61 4 326
394 0 60 4 327
334 0 86 4 328
406 0 118 4 329
441 0 265 4 330
384 0 101 4 331
354 0 231 4 332
380 0 104 4 333
380 0 115 4 334
441 0 278 4 335
380 0 84 4 336
424 0 214 4 337
354 0 218 4 338
396 0 97 4 339
411 0 247 4 340
420 0 69 4 341
381 0 125 4 342
429 0 271 4 343
394 0 240 4 344
355 0 247 4 345
354 0 302 4 346
408 0 60 4 347
389 0 84 4 348
446 0 226 4 349
419 0 80 4 350
369 0 87 4 351
442 0 308 4 352
387 0 314 4 353
359 0 65 4 354
459 0 248 4 355
408 0 261 4 356
468 0 260 4 357
395 0 231 4 358
388 0 305 4 359
445 0 254 4 360
425 0 249 4 361
420 0 60 4 362
408 0 309 4 363
402 0 86 4 364
428 0 304 4 365
409 0 276 4 366
499 0 95 4 367
445 0 296 4 368
424 0 119 4 369
471 0 299 4 370
500 0 144 4 371
472 0 274 4 372
501 0 276 4 373
501 0 192 4 374
501 0 225 4 375
501 0 242 4 376
459 0 216 4 377
-63 0 19 4 378
-46 0 19 4 379
-29 0 19 4 380
-12 0 19 4 381
21 0 19 4 382
37 0 19 4 383
54 0 19 4 384
71 0 19 4 385
88 0 19 4 386
105 0 19 4 387
122 0 19 4 388
139 0 19 4 389
156 0 19 4 390
173 0 19 4 391
190 0 19 4 392
207 0 19 4 393
223 0 19 4 394
256 0 19 4 395
273 0 19 4 396
290 0 19 4 397
307 0 19 4 398
324 0 19 4 399
341 0 19 4 400
358 0 19 4 401
375 0 19 4 402
392 0 19 4 403
409 0 19 4 404
426 0 19 4 405
442 0 19 4 406
459 0 19 4 407
476 0 19 4 408
493 0 20 4 409
502 0 27 4 410
502 0 44 4 411
502 0 61 4 412
502 0 78 4 413
502 0 111 4 414
502 0 128 4 415
502 0 161 4 416
502 0 178 4 417
502 0 210 4 418
480 0 207 4 419
470 0 213 4 420
502 0 261 4 421
475 0 252 4 422
502 0 295 4 423
502 0 312 4 424
502 0 329 4 425
473 0 317 4 426
494 0 339 4 427
478 0 340 4 428
462 0 341 4 429
446 0 341 4 430
429 0 341 4 431
412 0 341 4 432
395 0 341 4 433
408 0 324 4 434
377 0 341 4 435
360 0 341 4 436
343 0 341 4 437
326 0 341 4 438
309 0 341 4 439
292 0 341 4 440
275 0 341 4 441
258 0 341 4 442
241 0 341 4 443
224 0 341 4 444
208 0 341 4 445
191 0 341 4 446
174 0 341 4 447
157 0 341 4 448
140 0 341 4 449
123 0 341 4 450
106 0 341 4 451
89 0 341 4 452
72 0 341 4 453
55 0 341 4 454
38 0 341 4 455
22 0 341 4 456
5 0 341 4 457
-12 0 341 4 458
-29 0 341 4 459
-46 0 340 4 460
-61 0 339 4 461
-63 0 324 4 462
-63 0 307 4 463
-63 0 290 4 464
-63 0 273 4 465
-63 0 256 4 466
-63 0 239 4 467
-63 0 222 4 468
-63 0 189 4 469
-63 0 173 4 470
-63 0 140 4 471
-63 0 123 4 472
-33 0 127 4 473
-45 0 116 4 474
-45 0 95 4 475
-45 0 83 4 476
-20 0 64 4 477
-38 0 45 4 478
-63 0 36 4 479
