480
-45 0 60 1 0
-45 0 71 1 1
-45 0 84 1 2
-45 0 95 1 3
-45 0 107 1 4
-45 0 117 1 5
-45 0 129 1 6
-44 0 50 1 7
-38 0 45 1 8
-36 0 86 1 9
-33 0 128 1 10
-28 0 85 1 11
-25 0 44 1 12
-25 0 127 1 13
-20 0 121 1 14
-19 0 51 1 15
-19 0 65 1 16
-19 0 76 1 17
-20 0 88 1 18
-19 0 98 1 19
-20 0 108 1 20
4 0 237 1 21
5 0 90 1 22
6 0 104 1 23
5 0 116 1 24
7 0 39 1 25
7 0 53 1 26
7 0 67 1 27
7 0 77 1 28
6 0 131 1 29
7 0 144 1 30
7 0 305 1 31
13 0 253 1 32
14 0 299 1 33
15 0 236 1 34
17 0 39 1 35
16 0 77 1 36
19 0 108 1 37
19 0 259 1 38
24 0 293 1 39
26 0 74 1 40
25 0 263 1 41
27 0 37 1 42
26 0 236 1 43
28 0 107 1 44
30 0 287 1 45
36 0 37 1 46
36 0 73 1 47
36 0 106 1 48
37 0 236 1 49
47 0 37 1 50
50 0 45 1 51
49 0 206 1 52
49 0 215 1 53
49 0 224 1 54
49 0 236 1 55
49 0 247 1 56
49 0 258 1 57
49 0 268 1 58
49 0 284 1 59
49 0 297 1 60
49 0 309 1 61
49 0 320 1 62
51 0 54 1 63
50 0 63 1 64
50 0 75 1 65
50 0 90 1 66
50 0 101 1 67
50 0 112 1 68
50 0 148 1 69
51 0 126 1 70
51 0 136 1 71
55 0 266 1 72
61 0 274 1 73
66 0 234 1 74
67 0 268 1 75
68 0 282 1 76
72 0 264 1 77
76 0 210 1 78
78 0 55 1 79
78 0 99 1 80
78 0 292 1 81
80 0 234 1 82
80 0 257 1 83
82 0 214 1 84
84 0 90 1 85
86 0 47 1 86
86 0 252 1 87
86 0 299 1 88
91 0 81 1 89
92 0 102 1 90
92 0 112 1 91
92 0 128 1 92
92 0 234 1 93
93 0 89 1 94
93 0 139 1 95
95 0 39 1 96
95 0 307 1 97
95 0 148 1 98
98 0 72 1 99
102 0 34 1 100
105 0 65 1 101
112 0 142 1 102
116 0 108 1 103
116 0 133 1 104
117 0 64 1 105
117 0 74 1 106
117 0 82 1 107
117 0 126 1 108
119 0 91 1 109
121 0 44 1 110
128 0 65 1 111
128 0 105 1 112
130 0 88 1 113
131 0 45 1 114
130 0 131 1 115
131 0 139 1 116
132 0 122 1 117
132 0 271 1 118
134 0 145 1 119
136 0 75 1 120
137 0 84 1 121
136 0 313 1 122
140 0 64 1 123
140 0 104 1 124
142 0 45 1 125
143 0 55 1 126
143 0 148 1 127
142 0 268 1 128
144 0 298 1 129
146 0 34 1 130
147 0 85 1 131
148 0 118 1 132
148 0 292 1 133
150 0 212 1 134
150 0 221 1 135
150 0 230 1 136
150 0 243 1 137
152 0 63 1 138
152 0 104 1 139
153 0 73 1 140
154 0 84 1 141
154 0 147 1 142
154 0 252 1 143
155 0 122 1 144
156 0 282 1 145
156 0 298 1 146
157 0 45 1 147
157 0 266 1 148
161 0 209 1 149
161 0 228 1 150
162 0 85 1 151
163 0 104 1 152
163 0 144 1 153
163 0 248 1 154
166 0 62 1 155
167 0 304 1 156
168 0 265 1 157
171 0 45 1 158
171 0 127 1 159
172 0 103 1 160
172 0 227 1 161
174 0 209 1 162
175 0 62 1 163
175 0 73 1 164
175 0 83 1 165
175 0 245 1 166
178 0 131 1 167
178 0 143 1 168
178 0 266 1 169
181 0 226 1 170
181 0 299 1 171
181 0 310 1 172
183 0 275 1 173
183 0 283 1 174
183 0 291 1 175
185 0 207 1 176
188 0 245 1 177
190 0 265 1 178
191 0 226 1 179
192 0 317 1 180
197 0 207 1 181
197 0 244 1 182
197 0 286 1 183
201 0 225 1 184
202 0 263 1 185
205 0 319 1 186
206 0 245 1 187
208 0 209 1 188
209 0 236 1 189
210 0 128 1 190
210 0 141 1 191
210 0 217 1 192
210 0 226 1 193
210 0 284 1 194
211 0 44 1 195
211 0 94 1 196
211 0 104 1 197
211 0 115 1 198
212 0 79 1 199
214 0 55 1 200
214 0 65 1 201
214 0 150 1 202
215 0 263 1 203
217 0 323 1 204
220 0 44 1 205
226 0 128 1 206
226 0 324 1 207
227 0 263 1 208
232 0 41 1 209
234 0 58 1 210
235 0 68 1 211
235 0 78 1 212
236 0 104 1 213
237 0 89 1 214
240 0 127 1 215
245 0 41 1 216
246 0 54 1 217
247 0 70 1 218
249 0 99 1 219
251 0 87 1 220
253 0 126 1 221
258 0 53 1 222
258 0 150 1 223
257 0 240 1 224
259 0 39 1 225
259 0 70 1 226
261 0 84 1 227
261 0 97 1 228
264 0 229 1 229
265 0 114 1 230
265 0 126 1 231
266 0 137 1 232
266 0 149 1 233
266 0 300 1 234
267 0 275 1 235
267 0 288 1 236
268 0 264 1 237
268 0 317 1 238
269 0 223 1 239
269 0 256 1 240
271 0 39 1 241
271 0 53 1 242
271 0 68 1 243
273 0 83 1 244
274 0 97 1 245
273 0 112 1 246
279 0 215 1 247
280 0 107 1 248
281 0 125 1 249
280 0 323 1 250
281 0 39 1 251
281 0 251 1 252
285 0 56 1 253
286 0 97 1 254
287 0 64 1 255
287 0 72 1 256
287 0 82 1 257
289 0 207 1 258
291 0 124 1 259
291 0 251 1 260
293 0 37 1 261
293 0 220 1 262
297 0 320 1 263
299 0 124 1 264
299 0 285 1 265
300 0 228 1 266
301 0 254 1 267
301 0 266 1 268
301 0 277 1 269
305 0 318 1 270
310 0 235 1 271
329 0 275 1 272
329 0 290 1 273
330 0 233 1 274
330 0 246 1 275
330 0 262 1 276
331 0 124 1 277
334 0 63 1 278
334 0 73 1 279
334 0 86 1 280
338 0 41 1 281
345 0 45 1 282
345 0 70 1 283
346 0 124 1 284
348 0 53 1 285
354 0 91 1 286
354 0 288 1 287
354 0 302 1 288
354 0 314 1 289
354 0 326 1 290
355 0 206 1 291
355 0 219 1 292
355 0 232 1 293
355 0 247 1 294
355 0 261 1 295
355 0 272 1 296
359 0 66 1 297
364 0 122 1 298
367 0 146 1 299
370 0 87 1 300
373 0 34 1 301
376 0 39 1 302
377 0 61 1 303
378 0 150 1 304
379 0 49 1 305
382 0 84 1 306
382 0 104 1 307
383 0 116 1 308
383 0 126 1 309
383 0 139 1 310
387 0 101 1 311
387 0 253 1 312
387 0 277 1 313
389 0 306 1 314
389 0 314 1 315
390 0 223 1 316
392 0 84 1 317
394 0 296 1 318
396 0 232 1 319
397 0 121 1 320
397 0 243 1 321
397 0 59 1 322
399 0 97 1 323
398 0 275 1 324
402 0 86 1 325
402 0 252 1 326
404 0 222 1 327
405 0 205 1 328
408 0 213 1 329
409 0 47 1 330
409 0 275 1 331
410 0 288 1 332
410 0 300 1 333
410 0 310 1 334
410 0 322 1 335
411 0 119 1 336
411 0 264 1 337
411 0 59 1 338
413 0 40 1 339
415 0 251 1 340
418 0 221 1 341
419 0 242 1 342
419 0 36 1 343
422 0 232 1 344
422 0 275 1 345
422 0 60 1 346
422 0 80 1 347
424 0 119 1 348
425 0 69 1 349
425 0 297 1 350
428 0 253 1 351
430 0 220 1 352
429 0 305 1 353
435 0 276 1 354
447 0 297 1 355
448 0 272 1 356
448 0 286 1 357
448 0 313 1 358
448 0 219 1 359
449 0 249 1 360
449 0 258 1 361
450 0 240 1 362
452 0 232 1 363
460 0 217 1 364
465 0 255 1 365
469 0 212 1 366
473 0 290 1 367
473 0 301 1 368
473 0 317 1 369
474 0 265 1 370
474 0 276 1 371
475 0 252 1 372
481 0 208 1 373
484 0 252 1 374
-65 0 19 1 375
-48 0 19 1 376
-31 0 19 1 377
-15 0 20 1 378
3 0 19 1 379
20 0 19 1 380
37 0 19 1 381
54 0 19 1 382
71 0 19 1 383
88 0 19 1 384
105 0 20 1 385
122 0 19 1 386
139 0 20 1 387
156 0 19 1 388
173 0 19 1 389
189 0 20 1 390
206 0 20 1 391
223 0 19 1 392
239 0 20 1 393
256 0 19 1 394
273 0 20 1 395
290 0 19 1 396
307 0 19 1 397
324 0 20 1 398
341 0 19 1 399
358 0 19 1 400
375 0 19 1 401
392 0 20 1 402
410 0 19 1 403
426 0 19 1 404
443 0 19 1 405
460 0 19 1 406
477 0 20 1 407
493 0 20 1 408
504 0 26 1 409
504 0 43 1 410
504 0 60 1 411
504 0 77 1 412
504 0 94 1 413
504 0 111 1 414
504 0 128 1 415
504 0 145 1 416
504 0 162 1 417
504 0 179 1 418
504 0 195 1 419
504 0 212 1 420
504 0 229 1 421
504 0 246 1 422
504 0 263 1 423
504 0 279 1 424
504 0 296 1 425
504 0 313 1 426
504 0 331 1 427
495 0 339 1 428
479 0 339 1 429
462 0 339 1 430
445 0 340 1 431
429 0 340 1 432
412 0 341 1 433
395 0 341 1 434
378 0 341 1 435
361 0 341 1 436
344 0 341 1 437
326 0 341 1 438
309 0 341 1 439
292 0 341 1 440
275 0 341 1 441
258 0 341 1 442
241 0 341 1 443
224 0 341 1 444
208 0 341 1 445
191 0 341 1 446
174 0 341 1 447
157 0 340 1 448
140 0 341 1 449
123 0 341 1 450
106 0 341 1 451
89 0 341 1 452
72 0 341 1 453
55 0 341 1 454
38 0 341 1 455
21 0 340 1 456
4 0 341 1 457
-13 0 340 1 458
-30 0 340 1 459
-47 0 339 1 460
-63 0 339 1 461
-65 0 324 1 462
-65 0 307 1 463
-65 0 290 1 464
-65 0 273 1 465
-65 0 256 1 466
-65 0 240 1 467
-65 0 222 1 468
-65 0 206 1 469
-65 0 189 1 470
-65 0 173 1 471
-65 0 156 1 472
-65 0 139 1 473
-65 0 122 1 474
-65 0 105 1 475
-65 0 88 1 476
-65 0 71 1 477
-65 0 54 1 478
-65 0 37 1 479
