480
-39 0 60 1 0
-40 0 71 1 1
-40 0 84 1 2
-40 0 95 1 3
-41 0 107 1 4
-40 0 117 1 5
-41 0 129 1 6
-39 0 50 1 7
-31 0 45 1 8
-31 0 86 1 9
-30 0 128 1 10
-23 0 85 1 11
-19 0 44 1 12
-21 0 127 1 13
-16 0 121 1 14
-13 0 51 1 15
-13 0 65 1 16
-15 0 76 1 17
-18 0 88 1 18
-15 0 98 1 19
-18 0 108 1 20
7 0 234 1 21
8 0 90 1 22
9 0 104 1 23
8 0 116 1 24
13 0 39 1 25
12 0 53 1 26
12 0 67 1 27
10 0 77 1 28
9 0 131 1 29
10 0 144 1 30
8 0 304 1 31
16 0 249 1 32
16 0 297 1 33
17 0 233 1 34
22 0 39 1 35
20 0 77 1 36
22 0 108 1 37
22 0 256 1 38
24 0 293 1 39
30 0 74 1 40
25 0 263 1 41
30 0 37 1 42
28 0 233 1 43
31 0 107 1 44
33 0 284 1 45
42 0 37 1 46
39 0 73 1 47
38 0 106 1 48
39 0 233 1 49
52 0 37 1 50
54 0 45 1 51
50 0 205 1 52
50 0 213 1 53
51 0 222 1 54
51 0 233 1 55
49 0 246 1 56
53 0 255 1 57
51 0 266 1 58
52 0 281 1 59
52 0 294 1 60
50 0 308 1 61
53 0 316 1 62
54 0 54 1 63
53 0 63 1 64
53 0 75 1 65
52 0 90 1 66
52 0 101 1 67
52 0 112 1 68
51 0 148 1 69
52 0 126 1 70
52 0 137 1 71
58 0 263 1 72
64 0 271 1 73
69 0 231 1 74
70 0 265 1 75
70 0 280 1 76
75 0 261 1 77
77 0 209 1 78
81 0 55 1 79
79 0 99 1 80
80 0 289 1 81
82 0 232 1 82
82 0 255 1 83
83 0 213 1 84
85 0 90 1 85
90 0 47 1 86
88 0 250 1 87
87 0 297 1 88
91 0 81 1 89
92 0 102 1 90
92 0 113 1 91
92 0 128 1 92
94 0 232 1 93
93 0 89 1 94
93 0 140 1 95
99 0 39 1 96
95 0 307 1 97
96 0 148 1 98
99 0 72 1 99
104 0 34 1 100
107 0 65 1 101
112 0 142 1 102
116 0 108 1 103
116 0 134 1 104
118 0 64 1 105
117 0 74 1 106
117 0 82 1 107
117 0 126 1 108
119 0 91 1 109
124 0 44 1 110
129 0 65 1 111
128 0 105 1 112
130 0 88 1 113
133 0 45 1 114
130 0 131 1 115
132 0 139 1 116
132 0 122 1 117
132 0 269 1 118
134 0 145 1 119
136 0 76 1 120
137 0 85 1 121
136 0 312 1 122
141 0 64 1 123
140 0 104 1 124
145 0 45 1 125
144 0 55 1 126
143 0 148 1 127
143 0 268 1 128
145 0 295 1 129
148 0 34 1 130
147 0 85 1 131
150 0 116 1 132
149 0 288 1 133
150 0 210 1 134
150 0 221 1 135
150 0 230 1 136
150 0 241 1 137
152 0 63 1 138
152 0 104 1 139
154 0 73 1 140
154 0 84 1 141
154 0 147 1 142
154 0 251 1 143
157 0 120 1 144
156 0 282 1 145
157 0 295 1 146
157 0 45 1 147
157 0 263 1 148
161 0 208 1 149
161 0 227 1 150
163 0 84 1 151
165 0 103 1 152
163 0 145 1 153
163 0 247 1 154
166 0 62 1 155
167 0 304 1 156
169 0 262 1 157
172 0 45 1 158
172 0 125 1 159
173 0 102 1 160
172 0 226 1 161
174 0 209 1 162
175 0 62 1 163
175 0 73 1 164
175 0 83 1 165
175 0 244 1 166
180 0 128 1 167
179 0 143 1 168
178 0 264 1 169
182 0 223 1 170
183 0 296 1 171
181 0 310 1 172
184 0 272 1 173
185 0 280 1 174
184 0 288 1 175
185 0 207 1 176
188 0 244 1 177
190 0 263 1 178
191 0 225 1 179
192 0 317 1 180
197 0 206 1 181
198 0 241 1 182
198 0 283 1 183
202 0 222 1 184
203 0 261 1 185
206 0 318 1 186
206 0 244 1 187
208 0 209 1 188
209 0 235 1 189
211 0 126 1 190
210 0 141 1 191
210 0 215 1 192
210 0 225 1 193
211 0 281 1 194
211 0 45 1 195
211 0 93 1 196
211 0 103 1 197
212 0 113 1 198
212 0 78 1 199
214 0 55 1 200
214 0 65 1 201
214 0 150 1 202
216 0 261 1 203
217 0 323 1 204
220 0 45 1 205
226 0 126 1 206
226 0 324 1 207
227 0 261 1 208
232 0 42 1 209
234 0 58 1 210
235 0 68 1 211
235 0 77 1 212
236 0 103 1 213
237 0 89 1 214
240 0 125 1 215
245 0 41 1 216
246 0 54 1 217
247 0 70 1 218
249 0 98 1 219
251 0 86 1 220
253 0 124 1 221
257 0 53 1 222
258 0 150 1 223
257 0 238 1 224
259 0 39 1 225
259 0 70 1 226
261 0 84 1 227
261 0 96 1 228
264 0 228 1 229
265 0 112 1 230
265 0 124 1 231
266 0 137 1 232
266 0 149 1 233
266 0 296 1 234
267 0 272 1 235
267 0 285 1 236
268 0 262 1 237
268 0 316 1 238
269 0 222 1 239
269 0 254 1 240
271 0 39 1 241
271 0 53 1 242
271 0 68 1 243
273 0 83 1 244
274 0 97 1 245
273 0 111 1 246
279 0 213 1 247
280 0 106 1 248
281 0 124 1 249
280 0 323 1 250
281 0 39 1 251
281 0 250 1 252
285 0 56 1 253
286 0 97 1 254
287 0 64 1 255
287 0 72 1 256
287 0 82 1 257
289 0 206 1 258
291 0 123 1 259
291 0 248 1 260
292 0 37 1 261
293 0 218 1 262
297 0 318 1 263
299 0 123 1 264
298 0 282 1 265
300 0 227 1 266
301 0 253 1 267
301 0 264 1 268
301 0 275 1 269
305 0 318 1 270
310 0 235 1 271
328 0 272 1 272
329 0 289 1 273
329 0 232 1 274
329 0 245 1 275
329 0 259 1 276
331 0 124 1 277
333 0 63 1 278
333 0 73 1 279
334 0 86 1 280
336 0 41 1 281
343 0 45 1 282
344 0 70 1 283
346 0 124 1 284
346 0 53 1 285
353 0 92 1 286
353 0 286 1 287
353 0 299 1 288
354 0 313 1 289
353 0 325 1 290
354 0 204 1 291
355 0 218 1 292
352 0 229 1 293
353 0 244 1 294
353 0 258 1 295
353 0 269 1 296
357 0 66 1 297
363 0 122 1 298
366 0 145 1 299
370 0 87 1 300
370 0 34 1 301
373 0 39 1 302
375 0 61 1 303
378 0 150 1 304
376 0 49 1 305
380 0 84 1 306
380 0 104 1 307
381 0 116 1 308
381 0 126 1 309
382 0 139 1 310
385 0 101 1 311
385 0 249 1 312
383 0 273 1 313
388 0 305 1 314
386 0 310 1 315
388 0 220 1 316
389 0 84 1 317
390 0 292 1 318
394 0 229 1 319
395 0 121 1 320
395 0 240 1 321
394 0 59 1 322
396 0 97 1 323
395 0 271 1 324
399 0 86 1 325
401 0 251 1 326
402 0 220 1 327
403 0 203 1 328
407 0 212 1 329
406 0 47 1 330
407 0 272 1 331
410 0 288 1 332
410 0 300 1 333
407 0 307 1 334
410 0 322 1 335
409 0 119 1 336
409 0 260 1 337
408 0 59 1 338
410 0 41 1 339
412 0 248 1 340
416 0 219 1 341
416 0 238 1 342
415 0 37 1 343
419 0 228 1 344
419 0 272 1 345
418 0 60 1 346
419 0 80 1 347
422 0 119 1 348
425 0 69 1 349
425 0 296 1 350
425 0 249 1 351
427 0 217 1 352
425 0 298 1 353
432 0 272 1 354
443 0 292 1 355
445 0 269 1 356
447 0 284 1 357
447 0 310 1 358
445 0 216 1 359
445 0 244 1 360
446 0 254 1 361
446 0 235 1 362
448 0 228 1 363
457 0 215 1 364
463 0 253 1 365
465 0 209 1 366
469 0 286 1 367
468 0 295 1 368
468 0 310 1 369
470 0 261 1 370
469 0 271 1 371
470 0 247 1 372
478 0 206 1 373
480 0 249 1 374
-62 0 19 1 375
-45 0 19 1 376
-28 0 19 1 377
-13 0 20 1 378
5 0 19 1 379
22 0 19 1 380
39 0 19 1 381
57 0 19 1 382
74 0 19 1 383
91 0 19 1 384
107 0 20 1 385
124 0 19 1 386
142 0 20 1 387
157 0 19 1 388
174 0 19 1 389
190 0 20 1 390
207 0 20 1 391
223 0 19 1 392
239 0 20 1 393
257 0 19 1 394
273 0 20 1 395
290 0 19 1 396
307 0 19 1 397
323 0 20 1 398
340 0 19 1 399
357 0 19 1 400
374 0 19 1 401
389 0 21 1 402
410 0 19 1 403
424 0 19 1 404
441 0 19 1 405
458 0 19 1 406
475 0 20 1 407
488 0 21 1 408
501 0 27 1 409
499 0 45 1 410
498 0 61 1 411
501 0 78 1 412
497 0 94 1 413
501 0 111 1 414
498 0 127 1 415
501 0 144 1 416
499 0 160 1 417
501 0 178 1 418
498 0 192 1 419
500 0 209 1 420
499 0 225 1 421
499 0 242 1 422
501 0 260 1 423
499 0 274 1 424
499 0 292 1 425
499 0 308 1 426
501 0 327 1 427
490 0 332 1 428
475 0 333 1 429
458 0 333 1 430
442 0 336 1 431
428 0 340 1 432
411 0 341 1 433
395 0 341 1 434
378 0 341 1 435
361 0 341 1 436
343 0 341 1 437
326 0 341 1 438
309 0 341 1 439
292 0 341 1 440
275 0 341 1 441
258 0 341 1 442
241 0 341 1 443
224 0 341 1 444
208 0 341 1 445
191 0 341 1 446
174 0 341 1 447
157 0 340 1 448
141 0 341 1 449
124 0 341 1 450
107 0 341 1 451
89 0 341 1 452
72 0 341 1 453
55 0 341 1 454
38 0 341 1 455
21 0 340 1 456
5 0 341 1 457
-11 0 339 1 458
-28 0 339 1 459
-44 0 336 1 460
-59 0 334 1 461
-62 0 321 1 462
-60 0 302 1 463
-62 0 287 1 464
-60 0 269 1 465
-60 0 253 1 466
-62 0 237 1 467
-60 0 220 1 468
-61 0 204 1 469
-62 0 188 1 470
-60 0 172 1 471
-62 0 155 1 472
-61 0 139 1 473
-62 0 122 1 474
-59 0 105 1 475
-59 0 88 1 476
-62 0 71 1 477
-62 0 54 1 478
-62 0 37 1 479
