480
-27 0 60 1 0
-31 0 71 1 1
-29 0 85 1 2
-29 0 96 1 3
-33 0 107 1 4
-30 0 117 1 5
-31 0 129 1 6
-28 0 51 1 7
-18 0 46 1 8
-20 0 87 1 9
-22 0 128 1 10
-13 0 86 1 11
-6 0 45 1 12
-13 0 127 1 13
-7 0 121 1 14
-2 0 51 1 15
0 0 65 1 16
-6 0 77 1 17
-14 0 88 1 18
-7 0 99 1 19
-14 0 108 1 20
12 0 228 1 21
13 0 90 1 22
16 0 104 1 23
15 0 116 1 24
25 0 40 1 25
22 0 53 1 26
22 0 67 1 27
18 0 78 1 28
14 0 131 1 29
15 0 144 1 30
10 0 301 1 31
21 0 243 1 32
20 0 293 1 33
22 0 229 1 34
31 0 40 1 35
27 0 77 1 36
27 0 108 1 37
26 0 250 1 38
25 0 292 1 39
38 0 74 1 40
26 0 262 1 41
38 0 38 1 42
33 0 227 1 43
37 0 107 1 44
41 0 277 1 45
53 0 37 1 46
46 0 73 1 47
43 0 106 1 48
43 0 228 1 49
63 0 37 1 50
63 0 46 1 51
52 0 202 1 52
53 0 210 1 53
54 0 217 1 54
55 0 227 1 55
50 0 245 1 56
59 0 248 1 57
55 0 262 1 58
58 0 275 1 59
57 0 289 1 60
53 0 305 1 61
59 0 308 1 62
61 0 54 1 63
59 0 63 1 64
58 0 75 1 65
56 0 90 1 66
56 0 101 1 67
56 0 112 1 68
54 0 148 1 69
55 0 126 1 70
56 0 137 1 71
64 0 258 1 72
69 0 266 1 73
75 0 226 1 74
76 0 259 1 75
73 0 277 1 76
81 0 256 1 77
79 0 206 1 78
87 0 55 1 79
82 0 99 1 80
84 0 284 1 81
87 0 228 1 82
85 0 252 1 83
84 0 212 1 84
87 0 90 1 85
98 0 47 1 86
93 0 246 1 87
90 0 294 1 88
93 0 81 1 89
92 0 102 1 90
92 0 113 1 91
92 0 128 1 92
99 0 227 1 93
94 0 89 1 94
94 0 140 1 95
108 0 39 1 96
96 0 306 1 97
96 0 148 1 98
102 0 72 1 99
107 0 34 1 100
110 0 65 1 101
112 0 142 1 102
116 0 108 1 103
116 0 134 1 104
120 0 64 1 105
118 0 74 1 106
119 0 82 1 107
117 0 126 1 108
119 0 91 1 109
130 0 44 1 110
131 0 65 1 111
128 0 104 1 112
130 0 88 1 113
136 0 45 1 114
130 0 130 1 115
134 0 139 1 116
132 0 121 1 117
133 0 265 1 118
136 0 145 1 119
136 0 76 1 120
137 0 85 1 121
136 0 312 1 122
142 0 64 1 123
141 0 103 1 124
151 0 45 1 125
147 0 55 1 126
144 0 148 1 127
143 0 267 1 128
146 0 287 1 129
153 0 34 1 130
147 0 85 1 131
154 0 112 1 132
150 0 282 1 133
152 0 207 1 134
150 0 219 1 135
150 0 229 1 136
151 0 236 1 137
152 0 63 1 138
153 0 103 1 139
154 0 73 1 140
154 0 84 1 141
155 0 147 1 142
155 0 249 1 143
161 0 116 1 144
156 0 281 1 145
159 0 288 1 146
159 0 45 1 147
159 0 256 1 148
162 0 205 1 149
161 0 226 1 150
166 0 83 1 151
168 0 100 1 152
163 0 145 1 153
164 0 245 1 154
167 0 62 1 155
168 0 302 1 156
172 0 255 1 157
174 0 45 1 158
175 0 122 1 159
174 0 100 1 160
173 0 223 1 161
174 0 209 1 162
176 0 62 1 163
175 0 73 1 164
175 0 83 1 165
176 0 241 1 166
183 0 124 1 167
181 0 143 1 168
179 0 260 1 169
184 0 218 1 170
186 0 289 1 171
183 0 308 1 172
185 0 267 1 173
188 0 272 1 174
186 0 283 1 175
185 0 206 1 176
189 0 242 1 177
192 0 260 1 178
193 0 222 1 179
192 0 318 1 180
198 0 204 1 181
200 0 234 1 182
201 0 279 1 183
204 0 216 1 184
205 0 258 1 185
208 0 316 1 186
207 0 242 1 187
208 0 209 1 188
211 0 232 1 189
213 0 121 1 190
210 0 141 1 191
212 0 211 1 192
212 0 222 1 193
213 0 276 1 194
213 0 45 1 195
213 0 91 1 196
213 0 100 1 197
214 0 108 1 198
214 0 77 1 199
216 0 55 1 200
215 0 64 1 201
215 0 150 1 202
218 0 256 1 203
217 0 324 1 204
221 0 45 1 205
228 0 121 1 206
228 0 325 1 207
229 0 257 1 208
232 0 42 1 209
234 0 58 1 210
235 0 68 1 211
236 0 75 1 212
237 0 100 1 213
237 0 88 1 214
241 0 121 1 215
245 0 41 1 216
246 0 54 1 217
247 0 69 1 218
249 0 95 1 219
251 0 84 1 220
253 0 119 1 221
257 0 53 1 222
259 0 150 1 223
257 0 235 1 224
259 0 39 1 225
259 0 69 1 226
261 0 83 1 227
261 0 94 1 228
264 0 226 1 229
265 0 108 1 230
265 0 119 1 231
267 0 137 1 232
266 0 149 1 233
265 0 288 1 234
267 0 264 1 235
267 0 277 1 236
268 0 259 1 237
268 0 313 1 238
269 0 219 1 239
269 0 249 1 240
271 0 39 1 241
271 0 53 1 242
271 0 68 1 243
273 0 82 1 244
274 0 95 1 245
273 0 109 1 246
278 0 209 1 247
280 0 104 1 248
282 0 122 1 249
280 0 323 1 250
279 0 40 1 251
281 0 248 1 252
285 0 56 1 253
286 0 96 1 254
287 0 64 1 255
287 0 72 1 256
287 0 81 1 257
288 0 204 1 258
291 0 120 1 259
289 0 243 1 260
291 0 38 1 261
292 0 215 1 262
296 0 315 1 263
299 0 121 1 264
296 0 276 1 265
299 0 226 1 266
300 0 250 1 267
299 0 259 1 268
299 0 271 1 269
305 0 318 1 270
309 0 233 1 271
325 0 267 1 272
327 0 286 1 273
327 0 229 1 274
328 0 242 1 275
325 0 254 1 276
331 0 123 1 277
331 0 63 1 278
331 0 73 1 279
334 0 86 1 280
332 0 42 1 281
339 0 46 1 282
342 0 70 1 283
345 0 124 1 284
342 0 54 1 285
352 0 92 1 286
351 0 282 1 287
349 0 293 1 288
353 0 312 1 289
351 0 324 1 290
353 0 201 1 291
353 0 216 1 292
348 0 224 1 293
348 0 238 1 294
349 0 253 1 295
350 0 265 1 296
353 0 67 1 297
360 0 120 1 298
364 0 143 1 299
368 0 87 1 300
364 0 36 1 301
366 0 41 1 302
370 0 62 1 303
376 0 149 1 304
371 0 51 1 305
377 0 84 1 306
375 0 104 1 307
376 0 115 1 308
378 0 124 1 309
379 0 137 1 310
381 0 101 1 311
380 0 241 1 312
377 0 265 1 313
386 0 302 1 314
380 0 302 1 315
384 0 214 1 316
384 0 84 1 317
383 0 284 1 318
391 0 225 1 319
391 0 120 1 320
391 0 234 1 321
387 0 60 1 322
391 0 97 1 323
387 0 262 1 324
394 0 86 1 325
400 0 248 1 326
399 0 215 1 327
399 0 198 1 328
406 0 210 1 329
401 0 49 1 330
402 0 265 1 331
410 0 287 1 332
410 0 300 1 333
401 0 300 1 334
410 0 321 1 335
404 0 118 1 336
404 0 254 1 337
401 0 61 1 338
403 0 42 1 339
407 0 240 1 340
413 0 215 1 341
411 0 232 1 342
406 0 38 1 343
413 0 222 1 344
415 0 264 1 345
410 0 62 1 346
412 0 80 1 347
418 0 118 1 348
423 0 69 1 349
423 0 293 1 350
421 0 243 1 351
421 0 211 1 352
417 0 285 1 353
426 0 264 1 354
436 0 283 1 355
439 0 261 1 356
443 0 280 1 357
443 0 306 1 358
438 0 209 1 359
436 0 235 1 360
438 0 245 1 361
436 0 226 1 362
441 0 222 1 363
452 0 210 1 364
459 0 248 1 365
455 0 202 1 366
462 0 276 1 367
459 0 283 1 368
458 0 297 1 369
462 0 253 1 370
460 0 260 1 371
460 0 238 1 372
473 0 203 1 373
471 0 241 1 374
-55 0 18 1 375
-38 0 18 1 376
-21 0 18 1 377
-10 0 20 1 378
11 0 18 1 379
28 0 18 1 380
45 0 18 1 381
62 0 18 1 382
79 0 18 1 383
97 0 18 1 384
112 0 21 1 385
129 0 18 1 386
148 0 22 1 387
161 0 18 1 388
178 0 18 1 389
190 0 20 1 390
208 0 20 1 391
224 0 18 1 392
240 0 20 1 393
257 0 18 1 394
272 0 21 1 395
289 0 18 1 396
306 0 18 1 397
320 0 21 1 398
338 0 18 1 399
355 0 18 1 400
372 0 18 1 401
383 0 22 1 402
409 0 19 1 403
420 0 18 1 404
437 0 18 1 405
454 0 18 1 406
470 0 21 1 407
476 0 23 1 408
494 0 29 1 409
487 0 47 1 410
486 0 63 1 411
494 0 78 1 412
484 0 94 1 413
494 0 111 1 414
486 0 125 1 415
494 0 143 1 416
488 0 157 1 417
494 0 175 1 418
487 0 186 1 419
491 0 204 1 420
488 0 217 1 421
489 0 234 1 422
494 0 254 1 423
488 0 264 1 424
490 0 282 1 425
490 0 297 1 426
494 0 318 1 427
480 0 318 1 428
466 0 321 1 429
449 0 320 1 430
437 0 330 1 431
426 0 339 1 432
411 0 341 1 433
395 0 342 1 434
378 0 342 1 435
360 0 342 1 436
343 0 342 1 437
326 0 342 1 438
309 0 342 1 439
292 0 342 1 440
275 0 342 1 441
258 0 342 1 442
241 0 342 1 443
224 0 342 1 444
208 0 342 1 445
191 0 342 1 446
174 0 342 1 447
157 0 339 1 448
142 0 342 1 449
125 0 342 1 450
107 0 342 1 451
90 0 342 1 452
73 0 342 1 453
56 0 342 1 454
39 0 342 1 455
23 0 340 1 456
7 0 341 1 457
-8 0 338 1 458
-23 0 336 1 459
-38 0 328 1 460
-51 0 324 1 461
-55 0 313 1 462
-50 0 292 1 463
-55 0 281 1 464
-51 0 262 1 465
-50 0 245 1 466
-55 0 233 1 467
-51 0 216 1 468
-53 0 201 1 469
-55 0 186 1 470
-51 0 171 1 471
-55 0 155 1 472
-52 0 139 1 473
-55 0 122 1 474
-48 0 106 1 475
-48 0 90 1 476
-55 0 71 1 477
-55 0 54 1 478
-55 0 37 1 479
