480
99 0 66 1 0
72 0 76 1 1
86 0 95 1 2
86 0 106 1 3
52 0 113 1 4
78 0 119 1 5
68 0 135 1 6
87 0 59 1 7
120 0 53 1 8
97 0 96 1 9
62 0 131 1 10
94 0 93 1 11
126 0 52 1 12
78 0 130 1 13
86 0 122 1 14
120 0 57 1 15
131 0 70 1 16
89 0 86 1 17
28 0 92 1 18
78 0 106 1 19
28 0 110 1 20
69 0 171 1 21
71 0 95 1 22
92 0 110 1 23
81 0 118 1 24
152 0 50 1 25
129 0 59 1 26
131 0 70 1 27
101 0 85 1 28
73 0 133 1 29
72 0 141 1 30
32 0 271 1 31
78 0 174 1 32
62 0 254 1 33
68 0 179 1 34
134 0 48 1 35
99 0 82 1 36
81 0 111 1 37
78 0 184 1 38
35 0 283 1 39
124 0 78 1 40
36 0 250 1 41
116 0 45 1 42
80 0 167 1 43
100 0 112 1 44
123 0 199 1 45
172 0 40 1 46
119 0 75 1 47
93 0 110 1 48
85 0 175 1 49
178 0 40 1 50
157 0 53 1 51
77 0 171 1 52
83 0 172 1 53
91 0 172 1 54
101 0 165 1 55
61 0 225 1 56
130 0 181 1 57
101 0 219 1 58
121 0 211 1 59
116 0 230 1 60
79 0 275 1 61
130 0 222 1 62
140 0 57 1 63
125 0 67 1 64
115 0 77 1 65
100 0 92 1 66
97 0 106 1 67
98 0 115 1 68
84 0 143 1 69
82 0 127 1 70
89 0 137 1 71
124 0 202 1 72
122 0 214 1 73
135 0 173 1 74
142 0 193 1 75
110 0 238 1 76
139 0 199 1 77
103 0 177 1 78
149 0 57 1 79
112 0 101 1 80
127 0 230 1 81
133 0 183 1 82
124 0 217 1 83
104 0 193 1 84
111 0 91 1 85
185 0 53 1 86
139 0 204 1 87
121 0 255 1 88
108 0 82 1 89
97 0 103 1 90
98 0 113 1 91
94 0 129 1 92
150 0 181 1 93
105 0 89 1 94
100 0 140 1 95
203 0 43 1 96
105 0 296 1 97
96 0 145 1 98
130 0 71 1 99
146 0 37 1 100
147 0 67 1 101
107 0 141 1 102
122 0 106 1 103
118 0 134 1 104
145 0 66 1 105
130 0 75 1 106
134 0 81 1 107
114 0 124 1 108
124 0 92 1 109
192 0 49 1 110
156 0 67 1 111
130 0 97 1 112
136 0 90 1 113
170 0 49 1 114
128 0 121 1 115
156 0 142 1 116
138 0 109 1 117
144 0 226 1 118
152 0 145 1 119
140 0 76 1 120
138 0 85 1 121
131 0 312 1 122
161 0 66 1 123
150 0 97 1 124
210 0 49 1 125
180 0 57 1 126
152 0 151 1 127
143 0 261 1 128
166 0 204 1 129
201 0 39 1 130
149 0 82 1 131
196 0 69 1 132
168 0 210 1 133
169 0 169 1 134
156 0 205 1 135
154 0 219 1 136
164 0 188 1 137
158 0 63 1 138
163 0 90 1 139
154 0 73 1 140
160 0 77 1 141
168 0 151 1 142
161 0 222 1 143
205 0 70 1 144
159 0 275 1 145
180 0 209 1 146
176 0 46 1 147
175 0 190 1 148
173 0 174 1 149
166 0 206 1 150
193 0 64 1 151
202 0 68 1 152
167 0 145 1 153
171 0 222 1 154
177 0 60 1 155
178 0 286 1 156
202 0 180 1 157
201 0 46 1 158
207 0 83 1 159
192 0 80 1 160
180 0 190 1 161
175 0 203 1 162
188 0 61 1 163
177 0 68 1 164
178 0 81 1 165
187 0 211 1 166
219 0 73 1 167
203 0 143 1 168
190 0 221 1 169
204 0 166 1 170
220 0 222 1 171
200 0 292 1 172
204 0 209 1 173
221 0 194 1 174
210 0 229 1 175
187 0 199 1 176
199 0 220 1 177
206 0 224 1 178
206 0 192 1 179
190 0 331 1 180
207 0 180 1 181
223 0 169 1 182
230 0 228 1 183
224 0 158 1 184
224 0 224 1 185
228 0 295 1 186
220 0 220 1 187
209 0 206 1 188
225 0 202 1 189
232 0 70 1 190
215 0 143 1 191
225 0 173 1 192
225 0 192 1 193
239 0 224 1 194
226 0 45 1 195
228 0 64 1 196
228 0 69 1 197
235 0 60 1 198
228 0 58 1 199
228 0 50 1 200
224 0 56 1 201
220 0 144 1 202
244 0 209 1 203
219 0 335 1 204
234 0 45 1 205
244 0 72 1 206
245 0 334 1 207
244 0 215 1 208
232 0 42 1 209
236 0 54 1 210
237 0 63 1 211
248 0 56 1 212
245 0 71 1 213
241 0 77 1 214
249 0 77 1 215
242 0 42 1 216
251 0 48 1 217
249 0 58 1 218
252 0 68 1 219
254 0 59 1 220
255 0 69 1 221
257 0 50 1 222
265 0 152 1 223
254 0 199 1 224
257 0 42 1 225
258 0 63 1 226
261 0 70 1 227
258 0 72 1 228
263 0 206 1 229
263 0 65 1 230
263 0 72 1 231
274 0 142 1 232
269 0 146 1 233
258 0 203 1 234
263 0 185 1 235
261 0 194 1 236
266 0 225 1 237
266 0 286 1 238
267 0 191 1 239
266 0 203 1 240
265 0 44 1 241
267 0 55 1 242
270 0 65 1 243
275 0 70 1 244
276 0 78 1 245
267 0 87 1 246
268 0 170 1 247
279 0 82 1 248
288 0 102 1 249
278 0 326 1 250
265 0 48 1 251
276 0 222 1 252
279 0 58 1 253
291 0 84 1 254
282 0 64 1 255
284 0 72 1 256
281 0 72 1 257
282 0 182 1 258
295 0 91 1 259
275 0 189 1 260
271 0 46 1 261
279 0 179 1 262
290 0 277 1 263
299 0 95 1 264
276 0 216 1 265
292 0 206 1 266
293 0 223 1 267
284 0 213 1 268
286 0 227 1 269
302 0 317 1 270
302 0 219 1 271
295 0 208 1 272
311 0 257 1 273
305 0 196 1 274
310 0 215 1 275
292 0 199 1 276
325 0 117 1 277
305 0 69 1 278
306 0 79 1 279
328 0 86 1 280
291 0 49 1 281
297 0 56 1 282
317 0 74 1 283
339 0 117 1 284
298 0 64 1 285
333 0 92 1 286
324 0 242 1 287
316 0 231 1 288
341 0 292 1 289
326 0 306 1 290
334 0 168 1 291
336 0 190 1 292
297 0 166 1 293
302 0 180 1 294
306 0 194 1 295
312 0 214 1 296
313 0 73 1 297
329 0 106 1 298
338 0 121 1 299
353 0 88 1 300
298 0 52 1 301
293 0 58 1 302
319 0 69 1 303
360 0 136 1 304
317 0 65 1 305
340 0 87 1 306
326 0 97 1 307
330 0 102 1 308
344 0 111 1 309
353 0 120 1 310
340 0 97 1 311
333 0 156 1 312
306 0 180 1 313
362 0 272 1 314
317 0 216 1 315
342 0 152 1 316
331 0 89 1 317
311 0 194 1 318
357 0 174 1 319
347 0 107 1 320
351 0 174 1 321
313 0 73 1 322
336 0 95 1 323
303 0 168 1 324
337 0 89 1 325
381 0 222 1 326
360 0 165 1 327
357 0 151 1 328
387 0 188 1 329
343 0 63 1 330
355 0 187 1 331
404 0 277 1 332
404 0 294 1 333
343 0 226 1 334
404 0 312 1 335
353 0 107 1 336
358 0 182 1 337
326 0 75 1 338
328 0 61 1 339
350 0 159 1 340
374 0 171 1 341
357 0 161 1 342
313 0 57 1 343
355 0 152 1 344
364 0 186 1 345
324 0 79 1 346
336 0 84 1 347
374 0 109 1 348
406 0 70 1 349
406 0 265 1 350
369 0 176 1 351
360 0 149 1 352
330 0 148 1 353
366 0 180 1 354
364 0 179 1 355
376 0 181 1 356
410 0 235 1 357
410 0 254 1 358
363 0 144 1 359
341 0 132 1 360
358 0 153 1 361
337 0 125 1 362
369 0 153 1 363
394 0 165 1 364
413 0 201 1 365
356 0 128 1 366
377 0 177 1 367
357 0 157 1 368
353 0 158 1 369
375 0 164 1 370
355 0 147 1 371
353 0 137 1 372
416 0 166 1 373
380 0 159 1 374
20 0 10 1 375
37 0 10 1 376
54 0 10 1 377
29 0 24 1 378
74 0 10 1 379
91 0 10 1 380
108 0 10 1 381
125 0 10 1 382
142 0 10 1 383
159 0 10 1 384
164 0 28 1 385
179 0 10 1 386
214 0 35 1 387
200 0 10 1 388
217 0 10 1 389
199 0 23 1 390
218 0 22 1 391
239 0 10 1 392
241 0 24 1 393
259 0 10 1 394
266 0 28 1 395
279 0 10 1 396
296 0 10 1 397
292 0 33 1 398
316 0 10 1 399
333 0 10 1 400
350 0 10 1 401
316 0 40 1 402
403 0 19 1 403
374 0 10 1 404
391 0 10 1 405
408 0 10 1 406
415 0 33 1 407
349 0 49 1 408
420 0 49 1 409
369 0 69 1 410
355 0 78 1 411
420 0 86 1 412
345 0 93 1 413
420 0 106 1 414
357 0 104 1 415
420 0 126 1 416
373 0 119 1 417
420 0 146 1 418
368 0 127 1 419
396 0 146 1 420
371 0 136 1 421
381 0 150 1 422
420 0 189 1 423
377 0 158 1 424
386 0 177 1 425
387 0 182 1 426
420 0 229 1 427
369 0 174 1 428
377 0 195 1 429
362 0 185 1 430
381 0 261 1 431
407 0 329 1 432
404 0 343 1 433
394 0 350 1 434
377 0 350 1 435
359 0 350 1 436
342 0 350 1 437
325 0 350 1 438
308 0 350 1 439
291 0 350 1 440
274 0 350 1 441
257 0 350 1 442
240 0 350 1 443
223 0 350 1 444
207 0 350 1 445
189 0 350 1 446
172 0 350 1 447
157 0 328 1 448
152 0 350 1 449
135 0 350 1 450
118 0 350 1 451
101 0 350 1 452
84 0 350 1 453
67 0 350 1 454
50 0 350 1 455
35 0 334 1 456
32 0 348 1 457
29 0 319 1 458
26 0 305 1 459
23 0 249 1 460
36 0 218 1 461
20 0 232 1 462
61 0 182 1 463
20 0 212 1 464
51 0 181 1 465
60 0 170 1 466
20 0 189 1 467
52 0 168 1 468
37 0 171 1 469
20 0 167 1 470
53 0 155 1 471
20 0 147 1 472
42 0 140 1 473
20 0 127 1 474
71 0 115 1 475
73 0 102 1 476
20 0 75 1 477
20 0 58 1 478
20 0 41 1 479
