480
45 0 64 1 0
29 0 74 1 1
38 0 91 1 2
37 0 102 1 3
16 0 111 1 4
32 0 118 1 5
26 0 132 1 6
38 0 55 1 7
61 0 50 1 8
48 0 92 1 9
27 0 130 1 10
49 0 90 1 11
70 0 49 1 12
39 0 129 1 13
46 0 121 1 14
68 0 54 1 15
76 0 68 1 16
49 0 82 1 17
10 0 91 1 18
42 0 103 1 19
10 0 109 1 20
45 0 195 1 21
46 0 93 1 22
60 0 108 1 23
53 0 117 1 24
98 0 46 1 25
83 0 57 1 26
85 0 69 1 27
66 0 82 1 28
48 0 132 1 29
48 0 142 1 30
23 0 284 1 31
54 0 203 1 32
44 0 271 1 33
49 0 199 1 34
90 0 44 1 35
68 0 80 1 36
58 0 110 1 37
56 0 212 1 38
31 0 287 1 39
87 0 76 1 40
32 0 255 1 41
83 0 42 1 42
60 0 192 1 43
74 0 110 1 44
88 0 232 1 45
121 0 39 1 46
88 0 74 1 47
72 0 108 1 48
67 0 197 1 49
130 0 39 1 50
117 0 50 1 51
66 0 183 1 52
71 0 188 1 53
75 0 191 1 54
82 0 191 1 55
57 0 233 1 56
100 0 209 1 57
82 0 237 1 58
95 0 238 1 59
91 0 255 1 60
68 0 288 1 61
100 0 259 1 62
107 0 56 1 63
97 0 65 1 64
91 0 76 1 65
82 0 91 1 66
79 0 104 1 67
80 0 114 1 68
71 0 145 1 69
71 0 126 1 70
75 0 137 1 71
99 0 226 1 72
99 0 236 1 73
110 0 195 1 74
114 0 221 1 75
94 0 254 1 76
114 0 223 1 77
93 0 189 1 78
123 0 56 1 79
100 0 100 1 80
109 0 253 1 81
114 0 202 1 82
107 0 232 1 83
96 0 201 1 84
101 0 90 1 85
148 0 51 1 86
120 0 222 1 87
108 0 271 1 88
102 0 81 1 89
95 0 102 1 90
95 0 113 1 91
93 0 128 1 92
128 0 200 1 93
101 0 89 1 94
97 0 140 1 95
163 0 41 1 96
101 0 300 1 97
96 0 146 1 98
118 0 72 1 99
129 0 36 1 100
131 0 66 1 101
109 0 142 1 102
120 0 107 1 103
117 0 134 1 104
134 0 65 1 105
125 0 74 1 106
128 0 82 1 107
115 0 125 1 108
122 0 91 1 109
166 0 47 1 110
145 0 66 1 111
129 0 100 1 112
134 0 89 1 113
156 0 47 1 114
129 0 125 1 115
147 0 141 1 116
135 0 114 1 117
140 0 243 1 118
145 0 145 1 119
138 0 76 1 120
137 0 85 1 121
133 0 312 1 122
153 0 65 1 123
146 0 100 1 124
185 0 47 1 125
166 0 56 1 126
148 0 150 1 127
143 0 264 1 128
158 0 239 1 129
181 0 37 1 130
148 0 83 1 131
178 0 88 1 132
161 0 240 1 133
162 0 185 1 134
154 0 211 1 135
152 0 223 1 136
159 0 208 1 137
156 0 63 1 138
159 0 95 1 139
154 0 73 1 140
158 0 80 1 141
163 0 149 1 142
158 0 233 1 143
187 0 89 1 144
158 0 278 1 145
171 0 242 1 146
169 0 45 1 147
168 0 218 1 148
169 0 186 1 149
164 0 214 1 150
182 0 72 1 151
188 0 81 1 152
165 0 145 1 153
168 0 232 1 154
173 0 61 1 155
174 0 293 1 156
189 0 212 1 157
190 0 45 1 158
194 0 99 1 159
185 0 89 1 160
177 0 204 1 161
174 0 205 1 162
183 0 62 1 163
176 0 70 1 164
177 0 82 1 165
183 0 224 1 166
204 0 94 1 167
194 0 143 1 168
186 0 238 1 169
195 0 188 1 170
206 0 250 1 171
193 0 299 1 172
196 0 234 1 173
207 0 227 1 174
200 0 252 1 175
186 0 202 1 176
195 0 230 1 177
200 0 239 1 178
200 0 205 1 179
191 0 326 1 180
203 0 190 1 181
214 0 196 1 182
218 0 249 1 183
216 0 182 1 184
216 0 238 1 185
220 0 304 1 186
215 0 230 1 187
208 0 207 1 188
220 0 215 1 189
223 0 92 1 190
213 0 142 1 191
220 0 189 1 192
220 0 205 1 193
228 0 246 1 194
220 0 45 1 195
221 0 75 1 196
221 0 82 1 197
225 0 80 1 198
222 0 66 1 199
222 0 52 1 200
220 0 60 1 201
218 0 147 1 202
233 0 229 1 203
218 0 331 1 204
229 0 45 1 205
237 0 93 1 206
238 0 330 1 207
238 0 233 1 208
232 0 42 1 209
235 0 56 1 210
236 0 65 1 211
243 0 64 1 212
241 0 83 1 213
239 0 81 1 214
245 0 95 1 215
243 0 41 1 216
249 0 51 1 217
248 0 62 1 218
251 0 79 1 219
253 0 70 1 220
254 0 90 1 221
257 0 51 1 222
262 0 151 1 223
255 0 214 1 224
258 0 41 1 225
259 0 66 1 226
261 0 75 1 227
259 0 81 1 228
264 0 215 1 229
264 0 83 1 230
264 0 92 1 231
271 0 140 1 232
268 0 147 1 233
261 0 239 1 234
265 0 218 1 235
263 0 229 1 236
267 0 239 1 237
267 0 297 1 238
268 0 203 1 239
267 0 223 1 240
267 0 42 1 241
269 0 54 1 242
271 0 66 1 243
274 0 75 1 244
275 0 85 1 245
270 0 97 1 246
272 0 186 1 247
280 0 92 1 248
285 0 111 1 249
279 0 325 1 250
271 0 44 1 251
278 0 233 1 252
281 0 57 1 253
289 0 89 1 254
284 0 64 1 255
285 0 72 1 256
283 0 76 1 257
285 0 192 1 258
293 0 103 1 259
281 0 212 1 260
279 0 42 1 261
284 0 194 1 262
293 0 293 1 263
299 0 106 1 264
285 0 241 1 265
295 0 214 1 266
296 0 234 1 267
290 0 232 1 268
292 0 245 1 269
303 0 318 1 270
305 0 225 1 271
307 0 233 1 272
318 0 269 1 273
314 0 210 1 274
317 0 226 1 275
306 0 222 1 276
327 0 120 1 277
316 0 67 1 278
317 0 76 1 279
331 0 86 1 280
309 0 46 1 281
315 0 52 1 282
328 0 72 1 283
342 0 120 1 284
316 0 60 1 285
341 0 92 1 286
335 0 259 1 287
330 0 257 1 288
346 0 300 1 289
337 0 314 1 290
342 0 182 1 291
343 0 201 1 292
318 0 190 1 293
321 0 204 1 294
324 0 219 1 295
328 0 235 1 296
330 0 70 1 297
342 0 112 1 298
349 0 130 1 299
359 0 87 1 300
326 0 45 1 301
324 0 51 1 302
341 0 66 1 303
367 0 141 1 304
340 0 59 1 305
356 0 86 1 306
347 0 100 1 307
349 0 107 1 308
359 0 117 1 309
364 0 127 1 310
358 0 99 1 311
353 0 192 1 312
336 0 216 1 313
372 0 285 1 314
343 0 253 1 315
360 0 179 1 316
354 0 87 1 317
342 0 232 1 318
371 0 195 1 319
365 0 112 1 320
368 0 199 1 321
345 0 68 1 322
359 0 96 1 323
338 0 207 1 324
361 0 88 1 325
389 0 233 1 326
377 0 186 1 327
375 0 171 1 328
395 0 197 1 329
368 0 57 1 330
375 0 220 1 331
406 0 281 1 332
406 0 296 1 333
368 0 258 1 334
406 0 316 1 335
375 0 111 1 336
378 0 212 1 337
358 0 69 1 338
360 0 53 1 339
374 0 193 1 340
390 0 189 1 341
380 0 190 1 342
353 0 49 1 343
380 0 181 1 344
385 0 219 1 345
361 0 72 1 346
368 0 82 1 347
392 0 113 1 348
413 0 70 1 349
413 0 277 1 350
391 0 204 1 351
386 0 176 1 352
367 0 206 1 353
391 0 215 1 354
395 0 222 1 355
402 0 215 1 356
424 0 254 1 357
424 0 276 1 358
395 0 172 1 359
381 0 176 1 360
392 0 192 1 361
379 0 168 1 362
400 0 182 1 363
419 0 184 1 364
432 0 221 1 365
398 0 160 1 366
413 0 218 1 367
400 0 210 1 368
398 0 216 1 369
412 0 201 1 370
399 0 194 1 371
399 0 180 1 372
440 0 181 1 373
419 0 193 1 374
-12 0 14 1 375
5 0 14 1 376
22 0 14 1 377
12 0 22 1 378
47 0 14 1 379
64 0 14 1 380
81 0 14 1 381
99 0 14 1 382
116 0 14 1 383
133 0 14 1 384
142 0 25 1 385
158 0 14 1 386
186 0 29 1 387
183 0 14 1 388
200 0 14 1 389
195 0 22 1 390
214 0 21 1 391
233 0 14 1 392
240 0 22 1 393
258 0 14 1 394
269 0 25 1 395
283 0 14 1 396
300 0 14 1 397
304 0 28 1 398
326 0 14 1 399
343 0 14 1 400
360 0 14 1 401
344 0 33 1 402
406 0 19 1 403
393 0 14 1 404
410 0 14 1 405
427 0 14 1 406
438 0 28 1 407
403 0 38 1 408
452 0 40 1 409
419 0 60 1 410
410 0 72 1 411
452 0 83 1 412
404 0 94 1 413
452 0 108 1 414
411 0 113 1 415
452 0 133 1 416
421 0 135 1 417
452 0 158 1 418
419 0 153 1 419
436 0 171 1 420
420 0 171 1 421
427 0 185 1 422
452 0 216 1 423
424 0 202 1 424
430 0 221 1 425
430 0 231 1 426
452 0 267 1 427
416 0 235 1 428
415 0 249 1 429
399 0 242 1 430
405 0 290 1 431
415 0 333 1 432
407 0 342 1 433
394 0 346 1 434
377 0 346 1 435
360 0 346 1 436
343 0 346 1 437
326 0 346 1 438
309 0 346 1 439
292 0 346 1 440
274 0 346 1 441
257 0 346 1 442
240 0 346 1 443
223 0 346 1 444
207 0 346 1 445
190 0 346 1 446
173 0 346 1 447
157 0 332 1 448
148 0 346 1 449
131 0 346 1 450
114 0 346 1 451
97 0 346 1 452
79 0 346 1 453
62 0 346 1 454
45 0 346 1 455
30 0 336 1 456
22 0 345 1 457
13 0 327 1 458
5 0 318 1 459
-3 0 283 1 460
-1 0 263 1 461
-12 0 266 1 462
14 0 228 1 463
-12 0 241 1 464
8 0 215 1 465
13 0 201 1 466
-12 0 208 1 467
8 0 188 1 468
-1 0 183 1 469
-12 0 175 1 470
9 0 162 1 471
-12 0 150 1 472
2 0 139 1 473
-12 0 125 1 474
21 0 111 1 475
22 0 97 1 476
-12 0 74 1 477
-12 0 57 1 478
-12 0 39 1 479
