480
89 0 66 1 0
65 0 76 1 1
78 0 94 1 2
77 0 105 1 3
46 0 113 1 4
70 0 119 1 5
60 0 134 1 6
78 0 58 1 7
110 0 53 1 8
88 0 95 1 9
56 0 131 1 10
86 0 93 1 11
116 0 52 1 12
71 0 130 1 13
79 0 122 1 14
111 0 56 1 15
122 0 70 1 16
82 0 85 1 17
25 0 92 1 18
72 0 106 1 19
25 0 110 1 20
65 0 175 1 21
67 0 95 1 22
87 0 110 1 23
76 0 117 1 24
143 0 50 1 25
121 0 59 1 26
123 0 70 1 27
94 0 85 1 28
68 0 133 1 29
68 0 141 1 30
31 0 273 1 31
74 0 179 1 32
59 0 257 1 33
65 0 181 1 34
126 0 47 1 35
94 0 82 1 36
77 0 111 1 37
74 0 189 1 38
35 0 284 1 39
117 0 78 1 40
35 0 250 1 41
111 0 45 1 42
77 0 172 1 43
96 0 112 1 44
117 0 205 1 45
163 0 40 1 46
113 0 75 1 47
89 0 110 1 48
82 0 179 1 49
170 0 40 1 50
150 0 53 1 51
75 0 173 1 52
81 0 175 1 53
88 0 176 1 54
97 0 170 1 55
60 0 226 1 56
125 0 186 1 57
97 0 222 1 58
117 0 216 1 59
111 0 235 1 60
77 0 278 1 61
125 0 229 1 62
134 0 57 1 63
120 0 67 1 64
111 0 77 1 65
97 0 92 1 66
94 0 106 1 67
95 0 115 1 68
81 0 143 1 69
80 0 127 1 70
86 0 137 1 71
120 0 206 1 72
118 0 218 1 73
131 0 177 1 74
137 0 198 1 75
107 0 241 1 76
135 0 203 1 77
101 0 180 1 78
144 0 57 1 79
110 0 100 1 80
124 0 234 1 81
130 0 186 1 82
121 0 219 1 83
103 0 194 1 84
109 0 91 1 85
179 0 53 1 86
136 0 207 1 87
119 0 258 1 88
107 0 82 1 89
97 0 103 1 90
97 0 113 1 91
93 0 129 1 92
146 0 184 1 93
104 0 89 1 94
100 0 140 1 95
196 0 43 1 96
104 0 296 1 97
96 0 145 1 98
128 0 71 1 99
143 0 37 1 100
144 0 66 1 101
107 0 141 1 102
122 0 106 1 103
118 0 134 1 104
143 0 65 1 105
129 0 75 1 106
133 0 81 1 107
114 0 125 1 108
124 0 92 1 109
187 0 49 1 110
154 0 66 1 111
129 0 97 1 112
136 0 89 1 113
168 0 49 1 114
129 0 122 1 115
155 0 142 1 116
137 0 110 1 117
143 0 229 1 118
151 0 145 1 119
140 0 76 1 120
138 0 85 1 121
131 0 312 1 122
160 0 65 1 123
149 0 97 1 124
206 0 49 1 125
178 0 56 1 126
151 0 151 1 127
143 0 261 1 128
165 0 211 1 129
197 0 39 1 130
148 0 82 1 131
193 0 73 1 132
167 0 215 1 133
168 0 172 1 134
156 0 206 1 135
154 0 219 1 136
163 0 192 1 137
158 0 63 1 138
162 0 91 1 139
154 0 73 1 140
160 0 78 1 141
167 0 151 1 142
161 0 224 1 143
202 0 74 1 144
159 0 275 1 145
178 0 215 1 146
175 0 46 1 147
174 0 195 1 148
172 0 176 1 149
166 0 207 1 150
191 0 66 1 151
200 0 70 1 152
167 0 145 1 153
171 0 223 1 154
176 0 61 1 155
178 0 287 1 156
199 0 186 1 157
199 0 46 1 158
205 0 86 1 159
191 0 82 1 160
180 0 192 1 161
175 0 203 1 162
187 0 61 1 163
177 0 68 1 164
178 0 81 1 165
186 0 214 1 166
216 0 76 1 167
202 0 143 1 168
189 0 224 1 169
202 0 170 1 170
219 0 227 1 171
199 0 293 1 172
203 0 213 1 173
219 0 199 1 174
208 0 233 1 175
187 0 199 1 176
198 0 222 1 177
205 0 227 1 178
205 0 195 1 179
190 0 330 1 180
206 0 182 1 181
221 0 174 1 182
227 0 231 1 183
222 0 162 1 184
222 0 226 1 185
226 0 297 1 186
219 0 222 1 187
209 0 206 1 188
224 0 205 1 189
230 0 74 1 190
215 0 142 1 191
224 0 176 1 192
224 0 195 1 193
237 0 228 1 194
225 0 45 1 195
227 0 66 1 196
227 0 72 1 197
233 0 63 1 198
227 0 59 1 199
227 0 50 1 200
224 0 57 1 201
220 0 145 1 202
242 0 212 1 203
219 0 334 1 204
233 0 45 1 205
243 0 76 1 206
244 0 333 1 207
243 0 218 1 208
232 0 42 1 209
236 0 54 1 210
236 0 63 1 211
247 0 57 1 212
244 0 73 1 213
241 0 78 1 214
248 0 80 1 215
242 0 42 1 216
251 0 49 1 217
249 0 59 1 218
252 0 70 1 219
254 0 61 1 220
254 0 73 1 221
257 0 50 1 222
265 0 151 1 223
254 0 202 1 224
257 0 42 1 225
258 0 63 1 226
261 0 71 1 227
258 0 73 1 228
263 0 208 1 229
263 0 68 1 230
263 0 75 1 231
274 0 142 1 232
269 0 146 1 233
258 0 209 1 234
263 0 191 1 235
261 0 201 1 236
266 0 227 1 237
267 0 288 1 238
268 0 193 1 239
266 0 207 1 240
265 0 44 1 241
267 0 55 1 242
270 0 65 1 243
274 0 71 1 244
275 0 79 1 245
268 0 89 1 246
268 0 173 1 247
279 0 84 1 248
288 0 104 1 249
279 0 326 1 250
266 0 47 1 251
276 0 224 1 252
279 0 57 1 253
291 0 85 1 254
282 0 64 1 255
284 0 72 1 256
281 0 73 1 257
282 0 184 1 258
295 0 93 1 259
276 0 193 1 260
272 0 45 1 261
280 0 181 1 262
290 0 280 1 263
299 0 97 1 264
278 0 220 1 265
292 0 207 1 266
293 0 225 1 267
285 0 216 1 268
287 0 230 1 269
302 0 317 1 270
302 0 220 1 271
297 0 213 1 272
312 0 259 1 273
306 0 198 1 274
311 0 217 1 275
295 0 203 1 276
325 0 117 1 277
307 0 69 1 278
308 0 78 1 279
329 0 86 1 280
294 0 49 1 281
300 0 56 1 282
319 0 74 1 283
339 0 118 1 284
301 0 64 1 285
334 0 92 1 286
326 0 245 1 287
319 0 236 1 288
342 0 293 1 289
328 0 308 1 290
335 0 171 1 291
337 0 192 1 292
300 0 171 1 293
305 0 183 1 294
309 0 199 1 295
315 0 217 1 296
316 0 73 1 297
331 0 107 1 298
340 0 122 1 299
354 0 88 1 300
303 0 51 1 301
299 0 57 1 302
323 0 69 1 303
361 0 137 1 304
321 0 64 1 305
343 0 87 1 306
330 0 98 1 307
333 0 103 1 308
347 0 112 1 309
355 0 121 1 310
343 0 97 1 311
336 0 163 1 312
311 0 186 1 313
364 0 275 1 314
321 0 223 1 315
345 0 157 1 316
335 0 89 1 317
316 0 201 1 318
359 0 178 1 319
350 0 108 1 320
354 0 179 1 321
319 0 72 1 322
340 0 96 1 323
309 0 175 1 324
341 0 89 1 325
382 0 224 1 326
363 0 169 1 327
360 0 154 1 328
388 0 189 1 329
347 0 62 1 330
358 0 193 1 331
404 0 278 1 332
404 0 294 1 333
347 0 232 1 334
404 0 312 1 335
357 0 108 1 336
362 0 187 1 337
331 0 74 1 338
333 0 60 1 339
354 0 165 1 340
377 0 174 1 341
361 0 166 1 342
320 0 56 1 343
359 0 157 1 344
367 0 191 1 345
331 0 78 1 346
341 0 84 1 347
377 0 110 1 348
407 0 70 1 349
407 0 267 1 350
373 0 180 1 351
365 0 154 1 352
337 0 158 1 353
370 0 185 1 354
369 0 186 1 355
380 0 187 1 356
413 0 238 1 357
413 0 258 1 358
369 0 148 1 359
348 0 139 1 360
364 0 160 1 361
345 0 133 1 362
374 0 158 1 363
398 0 169 1 364
417 0 205 1 365
364 0 134 1 366
383 0 183 1 367
365 0 166 1 368
361 0 168 1 369
381 0 171 1 370
363 0 156 1 371
361 0 145 1 372
420 0 168 1 373
387 0 165 1 374
14 0 11 1 375
31 0 11 1 376
48 0 11 1 377
26 0 24 1 378
69 0 11 1 379
86 0 11 1 380
103 0 11 1 381
120 0 11 1 382
138 0 11 1 383
155 0 11 1 384
160 0 28 1 385
176 0 11 1 386
209 0 34 1 387
197 0 11 1 388
214 0 11 1 389
198 0 23 1 390
218 0 21 1 391
238 0 11 1 392
241 0 24 1 393
259 0 11 1 394
266 0 28 1 395
280 0 11 1 396
297 0 11 1 397
294 0 32 1 398
318 0 11 1 399
335 0 11 1 400
352 0 11 1 401
321 0 39 1 402
404 0 19 1 403
377 0 11 1 404
394 0 11 1 405
411 0 11 1 406
419 0 33 1 407
359 0 47 1 408
426 0 47 1 409
378 0 68 1 410
365 0 77 1 411
426 0 85 1 412
355 0 93 1 413
426 0 106 1 414
366 0 106 1 415
426 0 127 1 416
381 0 122 1 417
426 0 148 1 418
377 0 131 1 419
403 0 150 1 420
380 0 142 1 421
389 0 156 1 422
426 0 193 1 423
385 0 166 1 424
393 0 184 1 425
394 0 191 1 426
426 0 235 1 427
377 0 184 1 428
384 0 205 1 429
368 0 195 1 430
385 0 266 1 431
408 0 330 1 432
404 0 343 1 433
394 0 349 1 434
377 0 349 1 435
360 0 349 1 436
342 0 349 1 437
325 0 349 1 438
308 0 349 1 439
291 0 349 1 440
274 0 349 1 441
257 0 349 1 442
240 0 349 1 443
223 0 349 1 444
207 0 349 1 445
190 0 349 1 446
173 0 349 1 447
157 0 329 1 448
151 0 349 1 449
134 0 349 1 450
117 0 349 1 451
100 0 349 1 452
83 0 349 1 453
66 0 349 1 454
49 0 349 1 455
34 0 334 1 456
30 0 347 1 457
26 0 321 1 458
22 0 308 1 459
18 0 255 1 460
30 0 226 1 461
14 0 238 1 462
53 0 190 1 463
14 0 217 1 464
43 0 187 1 465
52 0 176 1 466
14 0 192 1 467
44 0 172 1 468
30 0 173 1 469
14 0 168 1 470
46 0 156 1 471
14 0 147 1 472
35 0 140 1 473
14 0 126 1 474
63 0 114 1 475
64 0 101 1 476
14 0 75 1 477
14 0 58 1 478
14 0 41 1 479
