480
67 0 65 1 0
46 0 75 1 1
57 0 92 1 2
57 0 103 1 3
30 0 112 1 4
51 0 119 1 5
42 0 133 1 6
58 0 57 1 7
85 0 51 1 8
68 0 94 1 9
41 0 130 1 10
67 0 91 1 11
93 0 50 1 12
55 0 129 1 13
62 0 121 1 14
89 0 55 1 15
98 0 69 1 16
65 0 84 1 17
17 0 91 1 18
56 0 104 1 19
17 0 110 1 20
55 0 185 1 21
56 0 94 1 22
73 0 109 1 23
64 0 117 1 24
120 0 48 1 25
102 0 58 1 26
103 0 69 1 27
80 0 83 1 28
58 0 133 1 29
58 0 142 1 30
27 0 279 1 31
64 0 191 1 32
52 0 264 1 33
57 0 191 1 34
108 0 46 1 35
81 0 81 1 36
67 0 110 1 37
65 0 201 1 38
33 0 285 1 39
102 0 77 1 40
33 0 253 1 41
96 0 43 1 42
68 0 182 1 43
84 0 111 1 44
102 0 219 1 45
141 0 39 1 46
100 0 75 1 47
80 0 109 1 48
75 0 187 1 49
149 0 39 1 50
133 0 51 1 51
71 0 179 1 52
76 0 181 1 53
82 0 183 1 54
89 0 180 1 55
58 0 230 1 56
112 0 198 1 57
89 0 230 1 58
105 0 227 1 59
101 0 245 1 60
73 0 283 1 61
112 0 244 1 62
120 0 56 1 63
108 0 66 1 64
101 0 77 1 65
89 0 92 1 66
86 0 105 1 67
87 0 114 1 68
76 0 144 1 69
75 0 126 1 70
80 0 137 1 71
109 0 216 1 72
108 0 227 1 73
120 0 185 1 74
125 0 210 1 75
101 0 247 1 76
124 0 213 1 77
97 0 184 1 78
133 0 57 1 79
105 0 100 1 80
116 0 243 1 81
122 0 194 1 82
114 0 226 1 83
99 0 197 1 84
105 0 90 1 85
163 0 52 1 86
128 0 215 1 87
113 0 264 1 88
104 0 81 1 89
96 0 102 1 90
96 0 113 1 91
93 0 128 1 92
137 0 192 1 93
102 0 89 1 94
99 0 140 1 95
179 0 42 1 96
103 0 298 1 97
96 0 146 1 98
123 0 72 1 99
136 0 36 1 100
138 0 66 1 101
108 0 142 1 102
121 0 106 1 103
118 0 134 1 104
139 0 65 1 105
127 0 74 1 106
130 0 82 1 107
115 0 125 1 108
123 0 91 1 109
176 0 48 1 110
150 0 66 1 111
129 0 99 1 112
135 0 89 1 113
162 0 48 1 114
129 0 123 1 115
151 0 141 1 116
136 0 112 1 117
141 0 236 1 118
148 0 145 1 119
139 0 76 1 120
137 0 85 1 121
132 0 312 1 122
157 0 65 1 123
148 0 98 1 124
195 0 48 1 125
172 0 56 1 126
150 0 150 1 127
143 0 262 1 128
161 0 225 1 129
189 0 38 1 130
148 0 83 1 131
185 0 80 1 132
164 0 228 1 133
165 0 179 1 134
155 0 208 1 135
153 0 221 1 136
161 0 200 1 137
157 0 63 1 138
160 0 93 1 139
154 0 73 1 140
159 0 79 1 141
165 0 150 1 142
160 0 229 1 143
194 0 82 1 144
158 0 276 1 145
174 0 229 1 146
172 0 45 1 147
171 0 207 1 148
170 0 181 1 149
165 0 211 1 150
186 0 69 1 151
194 0 76 1 152
166 0 145 1 153
169 0 228 1 154
174 0 61 1 155
176 0 290 1 156
194 0 199 1 157
194 0 45 1 158
199 0 92 1 159
188 0 85 1 160
178 0 198 1 161
174 0 204 1 162
185 0 62 1 163
177 0 69 1 164
177 0 81 1 165
184 0 219 1 166
210 0 86 1 167
198 0 143 1 168
187 0 231 1 169
199 0 180 1 170
212 0 239 1 171
196 0 296 1 172
200 0 224 1 173
213 0 214 1 174
204 0 242 1 175
187 0 201 1 176
196 0 226 1 177
202 0 233 1 178
202 0 200 1 179
190 0 328 1 180
205 0 186 1 181
218 0 185 1 182
222 0 241 1 183
219 0 173 1 184
220 0 232 1 185
222 0 301 1 186
217 0 226 1 187
208 0 207 1 188
221 0 210 1 189
227 0 83 1 190
214 0 142 1 191
222 0 182 1 192
222 0 200 1 193
232 0 237 1 194
222 0 45 1 195
224 0 71 1 196
224 0 77 1 197
229 0 72 1 198
224 0 62 1 199
224 0 51 1 200
222 0 58 1 201
220 0 146 1 202
237 0 221 1 203
219 0 332 1 204
231 0 45 1 205
240 0 84 1 206
241 0 332 1 207
240 0 225 1 208
232 0 42 1 209
236 0 55 1 210
236 0 64 1 211
245 0 61 1 212
243 0 78 1 213
240 0 80 1 214
247 0 88 1 215
243 0 41 1 216
250 0 50 1 217
249 0 61 1 218
251 0 75 1 219
253 0 65 1 220
254 0 82 1 221
257 0 51 1 222
264 0 151 1 223
255 0 208 1 224
257 0 41 1 225
259 0 64 1 226
261 0 73 1 227
259 0 77 1 228
264 0 211 1 229
263 0 76 1 230
263 0 84 1 231
272 0 141 1 232
268 0 147 1 233
260 0 225 1 234
264 0 205 1 235
262 0 215 1 236
266 0 233 1 237
267 0 293 1 238
268 0 198 1 239
267 0 215 1 240
266 0 43 1 241
268 0 55 1 242
271 0 66 1 243
274 0 73 1 244
275 0 82 1 245
269 0 93 1 246
270 0 180 1 247
280 0 88 1 248
287 0 107 1 249
279 0 325 1 250
268 0 46 1 251
277 0 229 1 252
280 0 57 1 253
290 0 87 1 254
283 0 64 1 255
285 0 72 1 256
282 0 74 1 257
283 0 188 1 258
294 0 98 1 259
278 0 203 1 260
276 0 44 1 261
282 0 187 1 262
291 0 287 1 263
299 0 102 1 264
281 0 231 1 265
294 0 211 1 266
295 0 230 1 267
288 0 224 1 268
290 0 238 1 269
303 0 318 1 270
304 0 223 1 271
302 0 223 1 272
315 0 264 1 273
310 0 204 1 274
314 0 222 1 275
301 0 213 1 276
326 0 118 1 277
312 0 68 1 278
312 0 77 1 279
330 0 86 1 280
302 0 47 1 281
307 0 54 1 282
323 0 73 1 283
340 0 119 1 284
309 0 62 1 285
337 0 92 1 286
331 0 252 1 287
325 0 247 1 288
344 0 297 1 289
332 0 311 1 290
338 0 177 1 291
340 0 197 1 292
310 0 180 1 293
313 0 194 1 294
317 0 209 1 295
322 0 227 1 296
323 0 72 1 297
337 0 109 1 298
345 0 126 1 299
357 0 87 1 300
315 0 48 1 301
312 0 54 1 302
332 0 67 1 303
364 0 139 1 304
330 0 61 1 305
349 0 86 1 306
338 0 99 1 307
341 0 105 1 308
353 0 115 1 309
359 0 124 1 310
351 0 98 1 311
345 0 178 1 312
324 0 201 1 313
368 0 280 1 314
333 0 238 1 315
353 0 168 1 316
345 0 88 1 317
329 0 217 1 318
365 0 186 1 319
358 0 110 1 320
361 0 189 1 321
332 0 70 1 322
350 0 96 1 323
324 0 191 1 324
351 0 88 1 325
385 0 228 1 326
370 0 178 1 327
367 0 163 1 328
391 0 193 1 329
358 0 59 1 330
367 0 207 1 331
405 0 280 1 332
405 0 295 1 333
358 0 245 1 334
405 0 314 1 335
366 0 110 1 336
370 0 200 1 337
345 0 72 1 338
347 0 57 1 339
364 0 180 1 340
383 0 181 1 341
370 0 179 1 342
337 0 53 1 343
370 0 170 1 344
377 0 206 1 345
346 0 75 1 346
355 0 83 1 347
385 0 111 1 348
410 0 70 1 349
410 0 272 1 350
382 0 192 1 351
376 0 165 1 352
352 0 182 1 353
381 0 201 1 354
382 0 204 1 355
392 0 201 1 356
419 0 246 1 357
419 0 267 1 358
382 0 160 1 359
365 0 158 1 360
378 0 177 1 361
363 0 151 1 362
387 0 171 1 363
409 0 177 1 364
425 0 213 1 365
382 0 147 1 366
398 0 201 1 367
383 0 188 1 368
380 0 192 1 369
397 0 186 1 370
381 0 176 1 371
380 0 163 1 372
430 0 175 1 373
403 0 180 1 374
1 0 12 1 375
18 0 12 1 376
35 0 12 1 377
19 0 23 1 378
58 0 12 1 379
75 0 12 1 380
92 0 12 1 381
109 0 12 1 382
126 0 12 1 383
143 0 12 1 384
151 0 26 1 385
167 0 12 1 386
197 0 31 1 387
190 0 12 1 388
207 0 12 1 389
197 0 22 1 390
216 0 21 1 391
235 0 12 1 392
240 0 23 1 393
258 0 12 1 394
267 0 26 1 395
282 0 12 1 396
299 0 12 1 397
299 0 30 1 398
322 0 12 1 399
339 0 12 1 400
356 0 12 1 401
333 0 36 1 402
405 0 19 1 403
385 0 12 1 404
402 0 12 1 405
419 0 12 1 406
429 0 30 1 407
381 0 42 1 408
439 0 44 1 409
399 0 64 1 410
388 0 74 1 411
439 0 84 1 412
380 0 93 1 413
439 0 107 1 414
390 0 110 1 415
439 0 130 1 416
402 0 129 1 417
439 0 154 1 418
399 0 142 1 419
420 0 161 1 420
400 0 157 1 421
408 0 171 1 422
439 0 205 1 423
405 0 184 1 424
412 0 203 1 425
413 0 212 1 426
439 0 251 1 427
397 0 210 1 428
400 0 227 1 429
384 0 219 1 430
395 0 279 1 431
412 0 331 1 432
405 0 342 1 433
394 0 348 1 434
377 0 348 1 435
360 0 348 1 436
343 0 348 1 437
326 0 348 1 438
308 0 348 1 439
291 0 348 1 440
274 0 348 1 441
257 0 348 1 442
240 0 348 1 443
223 0 348 1 444
207 0 348 1 445
190 0 348 1 446
173 0 348 1 447
157 0 331 1 448
150 0 348 1 449
132 0 348 1 450
115 0 348 1 451
98 0 348 1 452
81 0 348 1 453
64 0 348 1 454
47 0 348 1 455
32 0 335 1 456
26 0 346 1 457
20 0 324 1 458
14 0 313 1 459
7 0 269 1 460
14 0 245 1 461
1 0 253 1 462
33 0 210 1 463
1 0 230 1 464
25 0 201 1 465
32 0 188 1 466
1 0 200 1 467
26 0 180 1 468
14 0 179 1 469
1 0 172 1 470
27 0 159 1 471
1 0 149 1 472
18 0 140 1 473
1 0 126 1 474
41 0 113 1 475
42 0 99 1 476
1 0 74 1 477
1 0 57 1 478
1 0 40 1 479
