480
60 0 65 1 0
41 0 74 1 1
51 0 92 1 2
50 0 103 1 3
26 0 112 1 4
45 0 119 1 5
37 0 133 1 6
51 0 56 1 7
77 0 51 1 8
61 0 93 1 9
36 0 130 1 10
61 0 91 1 11
85 0 50 1 12
50 0 129 1 13
57 0 121 1 14
82 0 55 1 15
91 0 68 1 16
60 0 83 1 17
15 0 91 1 18
52 0 104 1 19
15 0 109 1 20
51 0 188 1 21
53 0 93 1 22
69 0 109 1 23
60 0 117 1 24
113 0 47 1 25
96 0 58 1 26
97 0 69 1 27
75 0 83 1 28
55 0 133 1 29
54 0 142 1 30
25 0 280 1 31
60 0 195 1 32
49 0 266 1 33
54 0 193 1 34
102 0 45 1 35
77 0 80 1 36
64 0 110 1 37
62 0 204 1 38
32 0 286 1 39
97 0 77 1 40
33 0 253 1 41
92 0 43 1 42
66 0 185 1 43
81 0 110 1 44
98 0 223 1 45
135 0 39 1 46
96 0 75 1 47
77 0 109 1 48
72 0 190 1 49
143 0 39 1 50
128 0 51 1 51
69 0 180 1 52
74 0 183 1 53
80 0 186 1 54
87 0 184 1 55
58 0 231 1 56
108 0 202 1 57
87 0 232 1 58
102 0 231 1 59
98 0 248 1 60
71 0 284 1 61
108 0 249 1 62
116 0 56 1 63
105 0 66 1 64
97 0 77 1 65
87 0 92 1 66
84 0 104 1 67
85 0 114 1 68
75 0 145 1 69
74 0 126 1 70
79 0 137 1 71
105 0 219 1 72
105 0 230 1 73
116 0 188 1 74
122 0 213 1 75
99 0 250 1 76
121 0 217 1 77
96 0 185 1 78
130 0 57 1 79
103 0 100 1 80
114 0 246 1 81
119 0 197 1 82
112 0 228 1 83
98 0 199 1 84
104 0 90 1 85
158 0 52 1 86
125 0 217 1 87
112 0 267 1 88
103 0 81 1 89
95 0 102 1 90
96 0 113 1 91
93 0 128 1 92
134 0 195 1 93
102 0 89 1 94
98 0 140 1 95
173 0 42 1 96
102 0 299 1 97
96 0 146 1 98
121 0 72 1 99
134 0 36 1 100
136 0 66 1 101
109 0 142 1 102
121 0 106 1 103
118 0 134 1 104
137 0 65 1 105
126 0 74 1 106
129 0 82 1 107
115 0 125 1 108
122 0 91 1 109
173 0 47 1 110
148 0 66 1 111
129 0 99 1 112
135 0 89 1 113
160 0 48 1 114
129 0 124 1 115
149 0 141 1 116
136 0 113 1 117
141 0 238 1 118
147 0 145 1 119
139 0 76 1 120
137 0 85 1 121
133 0 312 1 122
155 0 65 1 123
147 0 99 1 124
192 0 48 1 125
170 0 56 1 126
149 0 150 1 127
143 0 263 1 128
160 0 230 1 129
186 0 37 1 130
148 0 83 1 131
183 0 83 1 132
163 0 232 1 133
164 0 180 1 134
155 0 209 1 135
153 0 222 1 136
160 0 203 1 137
157 0 63 1 138
160 0 94 1 139
154 0 73 1 140
159 0 79 1 141
164 0 150 1 142
159 0 230 1 143
192 0 84 1 144
158 0 277 1 145
173 0 233 1 146
171 0 45 1 147
170 0 211 1 148
170 0 183 1 149
164 0 212 1 150
185 0 70 1 151
192 0 78 1 152
166 0 145 1 153
169 0 229 1 154
174 0 61 1 155
175 0 291 1 156
193 0 204 1 157
193 0 45 1 158
197 0 95 1 159
187 0 86 1 160
178 0 200 1 161
174 0 204 1 162
184 0 62 1 163
177 0 70 1 164
177 0 81 1 165
184 0 220 1 166
208 0 88 1 167
196 0 143 1 168
187 0 233 1 169
198 0 182 1 170
210 0 243 1 171
195 0 297 1 172
198 0 227 1 173
211 0 218 1 174
203 0 245 1 175
187 0 201 1 176
196 0 227 1 177
201 0 235 1 178
202 0 201 1 179
190 0 327 1 180
204 0 187 1 181
217 0 189 1 182
221 0 243 1 183
218 0 176 1 184
219 0 234 1 185
221 0 302 1 186
216 0 227 1 187
208 0 207 1 188
220 0 211 1 189
226 0 86 1 190
213 0 142 1 191
221 0 184 1 192
221 0 201 1 193
231 0 240 1 194
221 0 45 1 195
223 0 72 1 196
223 0 79 1 197
228 0 75 1 198
223 0 64 1 199
224 0 52 1 200
221 0 59 1 201
219 0 146 1 202
236 0 223 1 203
219 0 332 1 204
230 0 45 1 205
239 0 87 1 206
240 0 331 1 207
239 0 228 1 208
232 0 42 1 209
236 0 55 1 210
236 0 65 1 211
244 0 62 1 212
242 0 80 1 213
240 0 80 1 214
246 0 90 1 215
243 0 41 1 216
249 0 50 1 217
249 0 61 1 218
251 0 76 1 219
253 0 67 1 220
254 0 85 1 221
257 0 51 1 222
263 0 151 1 223
255 0 210 1 224
257 0 41 1 225
259 0 65 1 226
261 0 74 1 227
259 0 79 1 228
264 0 212 1 229
263 0 78 1 230
263 0 86 1 231
272 0 140 1 232
268 0 147 1 233
260 0 229 1 234
264 0 209 1 235
262 0 220 1 236
266 0 235 1 237
267 0 294 1 238
268 0 200 1 239
267 0 218 1 240
266 0 42 1 241
268 0 55 1 242
271 0 66 1 243
274 0 74 1 244
275 0 83 1 245
269 0 94 1 246
271 0 181 1 247
280 0 89 1 248
286 0 108 1 249
279 0 325 1 250
269 0 45 1 251
278 0 230 1 252
280 0 57 1 253
289 0 88 1 254
284 0 64 1 255
285 0 72 1 256
282 0 75 1 257
284 0 189 1 258
294 0 100 1 259
279 0 206 1 260
277 0 43 1 261
283 0 189 1 262
292 0 289 1 263
299 0 103 1 264
282 0 235 1 265
294 0 212 1 266
295 0 231 1 267
289 0 227 1 268
290 0 240 1 269
303 0 318 1 270
304 0 224 1 271
304 0 226 1 272
316 0 266 1 273
312 0 206 1 274
315 0 223 1 275
302 0 216 1 276
326 0 119 1 277
313 0 68 1 278
314 0 77 1 279
330 0 86 1 280
304 0 47 1 281
310 0 53 1 282
325 0 73 1 283
341 0 119 1 284
311 0 61 1 285
339 0 92 1 286
332 0 254 1 287
326 0 250 1 288
345 0 298 1 289
334 0 312 1 290
340 0 179 1 291
341 0 198 1 292
312 0 183 1 293
316 0 197 1 294
319 0 212 1 295
324 0 229 1 296
325 0 71 1 297
338 0 110 1 298
346 0 128 1 299
358 0 87 1 300
318 0 47 1 301
316 0 53 1 302
335 0 67 1 303
365 0 140 1 304
333 0 60 1 305
351 0 86 1 306
341 0 99 1 307
344 0 106 1 308
355 0 115 1 309
361 0 125 1 310
353 0 98 1 311
347 0 182 1 312
328 0 206 1 313
369 0 281 1 314
336 0 243 1 315
355 0 172 1 316
348 0 87 1 317
333 0 222 1 318
367 0 189 1 319
360 0 111 1 320
363 0 192 1 321
336 0 69 1 322
353 0 96 1 323
329 0 197 1 324
355 0 88 1 325
387 0 230 1 326
372 0 180 1 327
370 0 166 1 328
393 0 195 1 329
361 0 58 1 330
369 0 211 1 331
405 0 280 1 332
405 0 295 1 333
361 0 249 1 334
405 0 315 1 335
369 0 110 1 336
373 0 204 1 337
349 0 71 1 338
351 0 55 1 339
368 0 183 1 340
386 0 184 1 341
373 0 182 1 342
342 0 51 1 343
373 0 174 1 344
379 0 210 1 345
351 0 74 1 346
359 0 83 1 347
387 0 112 1 348
411 0 70 1 349
411 0 274 1 350
385 0 196 1 351
379 0 169 1 352
357 0 190 1 353
385 0 205 1 354
386 0 210 1 355
395 0 206 1 356
420 0 249 1 357
420 0 270 1 358
387 0 164 1 359
370 0 164 1 360
383 0 181 1 361
368 0 157 1 362
391 0 175 1 363
412 0 180 1 364
427 0 216 1 365
387 0 151 1 366
403 0 207 1 367
389 0 195 1 368
386 0 200 1 369
402 0 191 1 370
387 0 181 1 371
386 0 169 1 372
434 0 177 1 373
408 0 183 1 374
-4 0 13 1 375
14 0 13 1 376
31 0 13 1 377
17 0 23 1 378
55 0 13 1 379
72 0 13 1 380
89 0 13 1 381
106 0 13 1 382
123 0 13 1 383
140 0 13 1 384
148 0 26 1 385
164 0 13 1 386
193 0 31 1 387
188 0 13 1 388
205 0 13 1 389
196 0 22 1 390
215 0 21 1 391
234 0 13 1 392
240 0 23 1 393
258 0 13 1 394
268 0 26 1 395
282 0 13 1 396
299 0 13 1 397
301 0 29 1 398
323 0 13 1 399
340 0 13 1 400
357 0 13 1 401
336 0 35 1 402
405 0 19 1 403
388 0 13 1 404
405 0 13 1 405
422 0 13 1 406
432 0 30 1 407
388 0 41 1 408
443 0 43 1 409
406 0 62 1 410
395 0 73 1 411
443 0 84 1 412
388 0 94 1 413
443 0 107 1 414
397 0 111 1 415
443 0 131 1 416
408 0 131 1 417
443 0 155 1 418
405 0 146 1 419
426 0 164 1 420
407 0 162 1 421
414 0 176 1 422
443 0 209 1 423
411 0 190 1 424
418 0 209 1 425
418 0 218 1 426
443 0 256 1 427
403 0 218 1 428
405 0 234 1 429
389 0 227 1 430
398 0 282 1 431
413 0 332 1 432
406 0 342 1 433
394 0 347 1 434
377 0 347 1 435
360 0 347 1 436
343 0 347 1 437
326 0 347 1 438
309 0 347 1 439
291 0 347 1 440
274 0 347 1 441
257 0 347 1 442
240 0 347 1 443
223 0 347 1 444
207 0 347 1 445
190 0 347 1 446
173 0 347 1 447
157 0 331 1 448
149 0 347 1 449
132 0 347 1 450
115 0 347 1 451
98 0 347 1 452
81 0 347 1 453
64 0 347 1 454
46 0 347 1 455
31 0 335 1 456
24 0 346 1 457
18 0 325 1 458
11 0 315 1 459
4 0 274 1 460
9 0 251 1 461
-4 0 257 1 462
27 0 216 1 463
-4 0 233 1 464
19 0 206 1 465
26 0 193 1 466
-4 0 203 1 467
20 0 182 1 468
9 0 180 1 469
-4 0 173 1 470
21 0 160 1 471
-4 0 149 1 472
13 0 140 1 473
-4 0 125 1 474
34 0 112 1 475
36 0 98 1 476
-4 0 74 1 477
-4 0 57 1 478
-4 0 40 1 479
