480
93 0 66 1 0
67 0 76 1 1
81 0 94 1 2
80 0 105 1 3
48 0 113 1 4
73 0 119 1 5
63 0 134 1 6
81 0 59 1 7
113 0 53 1 8
91 0 95 1 9
58 0 131 1 10
89 0 93 1 11
120 0 52 1 12
73 0 130 1 13
81 0 122 1 14
114 0 56 1 15
125 0 70 1 16
85 0 85 1 17
26 0 92 1 18
74 0 106 1 19
26 0 110 1 20
66 0 173 1 21
68 0 95 1 22
89 0 110 1 23
77 0 117 1 24
146 0 50 1 25
123 0 59 1 26
126 0 70 1 27
97 0 85 1 28
70 0 133 1 29
69 0 141 1 30
31 0 272 1 31
75 0 178 1 32
60 0 256 1 33
66 0 180 1 34
129 0 48 1 35
96 0 82 1 36
78 0 111 1 37
76 0 187 1 38
35 0 283 1 39
120 0 78 1 40
35 0 250 1 41
113 0 45 1 42
78 0 170 1 43
97 0 112 1 44
119 0 203 1 45
166 0 40 1 46
115 0 75 1 47
90 0 110 1 48
83 0 177 1 49
173 0 40 1 50
152 0 53 1 51
76 0 172 1 52
82 0 174 1 53
89 0 175 1 54
99 0 168 1 55
61 0 226 1 56
127 0 184 1 57
99 0 221 1 58
118 0 214 1 59
113 0 233 1 60
78 0 277 1 61
127 0 226 1 62
136 0 57 1 63
122 0 67 1 64
112 0 77 1 65
98 0 92 1 66
95 0 106 1 67
96 0 115 1 68
82 0 143 1 69
81 0 127 1 70
87 0 137 1 71
121 0 205 1 72
119 0 217 1 73
132 0 175 1 74
139 0 196 1 75
108 0 240 1 76
137 0 202 1 77
102 0 179 1 78
146 0 57 1 79
111 0 100 1 80
125 0 232 1 81
131 0 185 1 82
122 0 218 1 83
103 0 194 1 84
110 0 91 1 85
181 0 53 1 86
137 0 206 1 87
120 0 257 1 88
107 0 82 1 89
97 0 103 1 90
97 0 113 1 91
93 0 129 1 92
147 0 183 1 93
105 0 89 1 94
100 0 140 1 95
198 0 43 1 96
104 0 296 1 97
96 0 145 1 98
129 0 71 1 99
144 0 37 1 100
145 0 66 1 101
107 0 141 1 102
122 0 106 1 103
118 0 134 1 104
144 0 65 1 105
130 0 75 1 106
133 0 81 1 107
114 0 125 1 108
124 0 92 1 109
189 0 49 1 110
155 0 66 1 111
129 0 97 1 112
136 0 89 1 113
169 0 49 1 114
129 0 122 1 115
155 0 142 1 116
137 0 109 1 117
144 0 228 1 118
151 0 145 1 119
140 0 76 1 120
138 0 85 1 121
131 0 312 1 122
160 0 65 1 123
149 0 97 1 124
207 0 49 1 125
178 0 56 1 126
152 0 151 1 127
143 0 261 1 128
165 0 208 1 129
199 0 39 1 130
148 0 82 1 131
194 0 72 1 132
168 0 213 1 133
168 0 171 1 134
156 0 205 1 135
154 0 219 1 136
163 0 190 1 137
158 0 63 1 138
162 0 91 1 139
154 0 73 1 140
160 0 78 1 141
167 0 151 1 142
161 0 224 1 143
203 0 72 1 144
159 0 275 1 145
179 0 213 1 146
175 0 46 1 147
174 0 194 1 148
173 0 175 1 149
166 0 207 1 150
192 0 65 1 151
201 0 69 1 152
167 0 145 1 153
171 0 223 1 154
176 0 61 1 155
178 0 287 1 156
200 0 184 1 157
199 0 46 1 158
206 0 85 1 159
192 0 81 1 160
180 0 192 1 161
175 0 203 1 162
188 0 61 1 163
177 0 68 1 164
178 0 81 1 165
187 0 213 1 166
217 0 75 1 167
202 0 143 1 168
190 0 223 1 169
203 0 169 1 170
220 0 225 1 171
199 0 293 1 172
203 0 212 1 173
220 0 197 1 174
209 0 231 1 175
187 0 199 1 176
198 0 221 1 177
205 0 226 1 178
205 0 194 1 179
190 0 330 1 180
206 0 181 1 181
222 0 173 1 182
228 0 230 1 183
223 0 161 1 184
223 0 225 1 185
227 0 296 1 186
219 0 221 1 187
209 0 206 1 188
224 0 204 1 189
231 0 73 1 190
215 0 142 1 191
225 0 175 1 192
225 0 194 1 193
237 0 227 1 194
225 0 45 1 195
227 0 66 1 196
227 0 71 1 197
234 0 62 1 198
227 0 59 1 199
227 0 50 1 200
224 0 56 1 201
220 0 145 1 202
242 0 211 1 203
219 0 335 1 204
233 0 45 1 205
243 0 74 1 206
244 0 333 1 207
243 0 217 1 208
232 0 42 1 209
236 0 54 1 210
236 0 63 1 211
248 0 57 1 212
245 0 73 1 213
241 0 77 1 214
249 0 79 1 215
242 0 42 1 216
251 0 49 1 217
249 0 58 1 218
252 0 69 1 219
254 0 60 1 220
254 0 72 1 221
257 0 50 1 222
265 0 151 1 223
254 0 201 1 224
257 0 42 1 225
258 0 63 1 226
261 0 71 1 227
258 0 73 1 228
263 0 207 1 229
263 0 67 1 230
263 0 74 1 231
274 0 142 1 232
269 0 146 1 233
258 0 207 1 234
263 0 189 1 235
261 0 198 1 236
266 0 226 1 237
267 0 287 1 238
268 0 192 1 239
266 0 206 1 240
265 0 44 1 241
267 0 55 1 242
270 0 65 1 243
274 0 70 1 244
275 0 79 1 245
268 0 88 1 246
268 0 172 1 247
279 0 83 1 248
288 0 103 1 249
279 0 326 1 250
265 0 48 1 251
276 0 223 1 252
279 0 57 1 253
291 0 84 1 254
282 0 64 1 255
284 0 72 1 256
281 0 73 1 257
282 0 183 1 258
295 0 93 1 259
275 0 192 1 260
272 0 46 1 261
280 0 180 1 262
290 0 279 1 263
299 0 96 1 264
277 0 219 1 265
292 0 207 1 266
293 0 224 1 267
285 0 215 1 268
287 0 229 1 269
302 0 317 1 270
302 0 220 1 271
296 0 211 1 272
312 0 259 1 273
306 0 198 1 274
310 0 216 1 275
294 0 201 1 276
325 0 117 1 277
306 0 69 1 278
307 0 78 1 279
329 0 86 1 280
293 0 49 1 281
299 0 56 1 282
318 0 74 1 283
339 0 118 1 284
300 0 64 1 285
334 0 92 1 286
326 0 244 1 287
318 0 234 1 288
341 0 293 1 289
327 0 307 1 290
335 0 170 1 291
337 0 191 1 292
299 0 169 1 293
304 0 182 1 294
308 0 197 1 295
314 0 216 1 296
315 0 73 1 297
330 0 106 1 298
339 0 122 1 299
354 0 88 1 300
301 0 51 1 301
297 0 57 1 302
322 0 69 1 303
361 0 137 1 304
319 0 64 1 305
342 0 87 1 306
328 0 98 1 307
332 0 103 1 308
346 0 112 1 309
354 0 121 1 310
342 0 97 1 311
335 0 160 1 312
309 0 183 1 313
363 0 274 1 314
320 0 220 1 315
344 0 155 1 316
334 0 89 1 317
314 0 199 1 318
358 0 176 1 319
349 0 108 1 320
353 0 177 1 321
317 0 72 1 322
338 0 96 1 323
307 0 173 1 324
340 0 89 1 325
382 0 223 1 326
362 0 168 1 327
359 0 153 1 328
388 0 189 1 329
346 0 62 1 330
357 0 191 1 331
404 0 278 1 332
404 0 294 1 333
345 0 230 1 334
404 0 312 1 335
356 0 107 1 336
361 0 185 1 337
329 0 75 1 338
331 0 60 1 339
353 0 163 1 340
376 0 173 1 341
359 0 164 1 342
318 0 56 1 343
357 0 155 1 344
366 0 189 1 345
328 0 78 1 346
339 0 84 1 347
376 0 110 1 348
407 0 70 1 349
407 0 266 1 350
371 0 179 1 351
363 0 152 1 352
335 0 155 1 353
369 0 183 1 354
367 0 183 1 355
379 0 185 1 356
412 0 237 1 357
412 0 256 1 358
367 0 147 1 359
345 0 137 1 360
362 0 158 1 361
342 0 130 1 362
372 0 157 1 363
397 0 168 1 364
415 0 203 1 365
361 0 132 1 366
381 0 181 1 367
362 0 163 1 368
358 0 164 1 369
379 0 168 1 370
360 0 153 1 371
359 0 142 1 372
419 0 167 1 373
384 0 163 1 374
16 0 10 1 375
33 0 10 1 376
50 0 10 1 377
27 0 24 1 378
71 0 10 1 379
88 0 10 1 380
105 0 10 1 381
122 0 10 1 382
139 0 10 1 383
156 0 10 1 384
162 0 28 1 385
177 0 10 1 386
211 0 34 1 387
198 0 10 1 388
215 0 10 1 389
199 0 23 1 390
218 0 21 1 391
238 0 10 1 392
241 0 24 1 393
259 0 10 1 394
266 0 28 1 395
279 0 10 1 396
297 0 10 1 397
293 0 33 1 398
317 0 10 1 399
334 0 10 1 400
351 0 10 1 401
319 0 40 1 402
404 0 19 1 403
376 0 10 1 404
393 0 10 1 405
410 0 10 1 406
418 0 33 1 407
355 0 48 1 408
424 0 48 1 409
375 0 68 1 410
362 0 77 1 411
424 0 86 1 412
351 0 93 1 413
424 0 106 1 414
363 0 105 1 415
424 0 127 1 416
378 0 121 1 417
424 0 148 1 418
374 0 130 1 419
401 0 148 1 420
377 0 140 1 421
386 0 154 1 422
424 0 192 1 423
382 0 163 1 424
391 0 181 1 425
392 0 188 1 426
424 0 233 1 427
374 0 180 1 428
381 0 201 1 429
366 0 192 1 430
384 0 264 1 431
408 0 329 1 432
404 0 343 1 433
394 0 350 1 434
377 0 350 1 435
360 0 350 1 436
342 0 350 1 437
325 0 350 1 438
308 0 350 1 439
291 0 350 1 440
274 0 350 1 441
257 0 350 1 442
240 0 350 1 443
223 0 350 1 444
207 0 350 1 445
190 0 350 1 446
172 0 350 1 447
157 0 328 1 448
152 0 350 1 449
135 0 350 1 450
118 0 350 1 451
100 0 350 1 452
83 0 350 1 453
66 0 350 1 454
49 0 350 1 455
34 0 334 1 456
31 0 347 1 457
27 0 320 1 458
24 0 307 1 459
20 0 253 1 460
32 0 223 1 461
16 0 236 1 462
55 0 187 1 463
16 0 215 1 464
46 0 185 1 465
55 0 174 1 466
16 0 191 1 467
47 0 170 1 468
32 0 172 1 469
16 0 168 1 470
48 0 156 1 471
16 0 147 1 472
37 0 140 1 473
16 0 126 1 474
66 0 114 1 475
67 0 101 1 476
16 0 75 1 477
16 0 58 1 478
16 0 41 1 479
