480
72 0 65 1 0
51 0 75 1 1
62 0 93 1 2
62 0 104 1 3
34 0 112 1 4
55 0 119 1 5
47 0 134 1 6
63 0 57 1 7
91 0 52 1 8
73 0 94 1 9
45 0 131 1 10
72 0 92 1 11
98 0 51 1 12
59 0 130 1 13
66 0 122 1 14
94 0 56 1 15
104 0 69 1 16
69 0 84 1 17
19 0 92 1 18
60 0 105 1 19
19 0 110 1 20
57 0 182 1 21
59 0 94 1 22
76 0 109 1 23
67 0 117 1 24
126 0 48 1 25
106 0 58 1 26
108 0 70 1 27
83 0 84 1 28
60 0 133 1 29
60 0 141 1 30
28 0 277 1 31
66 0 188 1 32
54 0 262 1 33
59 0 188 1 34
112 0 46 1 35
84 0 81 1 36
69 0 111 1 37
67 0 198 1 38
33 0 285 1 39
106 0 77 1 40
34 0 252 1 41
100 0 44 1 42
70 0 180 1 43
87 0 111 1 44
106 0 215 1 45
147 0 40 1 46
103 0 75 1 47
82 0 109 1 48
77 0 185 1 49
154 0 40 1 50
137 0 52 1 51
72 0 178 1 52
77 0 180 1 53
83 0 181 1 54
91 0 179 1 55
59 0 229 1 56
115 0 195 1 57
91 0 228 1 58
108 0 224 1 59
103 0 243 1 60
74 0 282 1 61
115 0 240 1 62
123 0 57 1 63
111 0 66 1 64
103 0 77 1 65
91 0 92 1 66
88 0 105 1 67
89 0 115 1 68
77 0 144 1 69
76 0 127 1 70
82 0 137 1 71
111 0 214 1 72
111 0 225 1 73
122 0 183 1 74
128 0 207 1 75
102 0 246 1 76
127 0 211 1 77
98 0 183 1 78
136 0 57 1 79
106 0 100 1 80
118 0 241 1 81
124 0 192 1 82
116 0 224 1 83
100 0 197 1 84
106 0 91 1 85
167 0 52 1 86
130 0 213 1 87
115 0 263 1 88
105 0 82 1 89
96 0 103 1 90
97 0 113 1 91
93 0 129 1 92
139 0 190 1 93
103 0 89 1 94
99 0 140 1 95
183 0 42 1 96
103 0 298 1 97
96 0 145 1 98
124 0 71 1 99
138 0 37 1 100
139 0 66 1 101
108 0 141 1 102
121 0 106 1 103
118 0 134 1 104
140 0 65 1 105
128 0 75 1 106
131 0 81 1 107
114 0 125 1 108
123 0 92 1 109
179 0 48 1 110
151 0 66 1 111
129 0 98 1 112
135 0 89 1 113
163 0 48 1 114
129 0 123 1 115
152 0 142 1 116
137 0 111 1 117
142 0 234 1 118
149 0 145 1 119
139 0 76 1 120
138 0 85 1 121
132 0 312 1 122
157 0 65 1 123
148 0 98 1 124
198 0 48 1 125
173 0 56 1 126
150 0 151 1 127
143 0 262 1 128
162 0 222 1 129
191 0 38 1 130
148 0 82 1 131
187 0 78 1 132
165 0 225 1 133
165 0 177 1 134
155 0 208 1 135
153 0 221 1 136
161 0 198 1 137
157 0 63 1 138
161 0 93 1 139
154 0 73 1 140
159 0 79 1 141
165 0 150 1 142
160 0 228 1 143
196 0 80 1 144
159 0 276 1 145
175 0 226 1 146
172 0 46 1 147
172 0 204 1 148
171 0 180 1 149
165 0 210 1 150
187 0 68 1 151
195 0 75 1 152
166 0 145 1 153
170 0 227 1 154
175 0 61 1 155
176 0 289 1 156
195 0 196 1 157
195 0 46 1 158
200 0 91 1 159
189 0 84 1 160
179 0 197 1 161
175 0 204 1 162
186 0 61 1 163
177 0 69 1 164
178 0 81 1 165
185 0 218 1 166
211 0 83 1 167
199 0 143 1 168
188 0 229 1 169
200 0 177 1 170
214 0 236 1 171
196 0 295 1 172
200 0 221 1 173
214 0 210 1 174
205 0 240 1 175
187 0 200 1 176
197 0 225 1 177
203 0 232 1 178
203 0 199 1 179
190 0 328 1 180
205 0 185 1 181
219 0 182 1 182
223 0 238 1 183
220 0 170 1 184
220 0 231 1 185
223 0 300 1 186
217 0 225 1 187
209 0 206 1 188
222 0 209 1 189
228 0 81 1 190
214 0 142 1 191
222 0 180 1 192
222 0 199 1 193
233 0 235 1 194
223 0 45 1 195
225 0 70 1 196
225 0 76 1 197
230 0 70 1 198
225 0 62 1 199
225 0 51 1 200
222 0 58 1 201
220 0 145 1 202
238 0 219 1 203
219 0 333 1 204
231 0 45 1 205
241 0 82 1 206
241 0 332 1 207
241 0 223 1 208
232 0 42 1 209
236 0 55 1 210
236 0 64 1 211
246 0 60 1 212
243 0 77 1 213
240 0 79 1 214
247 0 86 1 215
242 0 42 1 216
250 0 49 1 217
249 0 60 1 218
252 0 74 1 219
254 0 64 1 220
254 0 80 1 221
257 0 50 1 222
264 0 151 1 223
254 0 207 1 224
257 0 42 1 225
258 0 64 1 226
261 0 73 1 227
258 0 76 1 228
263 0 210 1 229
263 0 74 1 230
263 0 82 1 231
273 0 141 1 232
269 0 146 1 233
259 0 221 1 234
264 0 201 1 235
262 0 212 1 236
266 0 232 1 237
267 0 292 1 238
268 0 197 1 239
266 0 213 1 240
266 0 43 1 241
268 0 55 1 242
270 0 65 1 243
274 0 72 1 244
275 0 82 1 245
268 0 92 1 246
270 0 178 1 247
279 0 87 1 248
287 0 106 1 249
279 0 326 1 250
268 0 46 1 251
277 0 228 1 252
280 0 57 1 253
290 0 86 1 254
283 0 64 1 255
284 0 72 1 256
282 0 74 1 257
283 0 187 1 258
294 0 97 1 259
278 0 201 1 260
275 0 44 1 261
282 0 186 1 262
291 0 285 1 263
299 0 101 1 264
280 0 229 1 265
293 0 210 1 266
294 0 229 1 267
287 0 222 1 268
289 0 236 1 269
302 0 317 1 270
303 0 222 1 271
301 0 221 1 272
314 0 263 1 273
309 0 203 1 274
313 0 221 1 275
299 0 210 1 276
326 0 118 1 277
311 0 68 1 278
311 0 78 1 279
329 0 86 1 280
300 0 48 1 281
305 0 54 1 282
322 0 73 1 283
340 0 119 1 284
307 0 62 1 285
337 0 92 1 286
330 0 250 1 287
323 0 244 1 288
343 0 296 1 289
331 0 310 1 290
338 0 176 1 291
340 0 196 1 292
307 0 179 1 293
311 0 191 1 294
315 0 207 1 295
320 0 224 1 296
321 0 72 1 297
335 0 109 1 298
344 0 125 1 299
356 0 88 1 300
312 0 49 1 301
309 0 54 1 302
330 0 68 1 303
363 0 139 1 304
328 0 62 1 305
348 0 87 1 306
336 0 99 1 307
339 0 105 1 308
352 0 114 1 309
358 0 124 1 310
349 0 98 1 311
343 0 174 1 312
321 0 197 1 313
367 0 279 1 314
330 0 234 1 315
351 0 166 1 316
342 0 88 1 317
326 0 213 1 318
364 0 184 1 319
356 0 110 1 320
359 0 186 1 321
329 0 70 1 322
347 0 96 1 323
320 0 187 1 324
349 0 89 1 325
385 0 227 1 326
368 0 176 1 327
365 0 161 1 328
391 0 192 1 329
355 0 60 1 330
365 0 203 1 331
405 0 279 1 332
405 0 295 1 333
355 0 242 1 334
405 0 314 1 335
364 0 109 1 336
368 0 197 1 337
342 0 72 1 338
344 0 57 1 339
362 0 176 1 340
382 0 180 1 341
368 0 176 1 342
333 0 53 1 343
367 0 167 1 344
374 0 202 1 345
342 0 75 1 346
352 0 83 1 347
383 0 111 1 348
410 0 70 1 349
410 0 271 1 350
380 0 189 1 351
373 0 163 1 352
349 0 177 1 353
379 0 197 1 354
379 0 200 1 355
389 0 198 1 356
417 0 244 1 357
417 0 265 1 358
379 0 158 1 359
361 0 154 1 360
375 0 173 1 361
358 0 147 1 362
384 0 168 1 363
406 0 175 1 364
423 0 211 1 365
377 0 144 1 366
395 0 197 1 367
379 0 182 1 368
375 0 186 1 369
393 0 182 1 370
377 0 171 1 371
376 0 159 1 372
428 0 174 1 373
399 0 176 1 374
4 0 12 1 375
21 0 12 1 376
38 0 12 1 377
21 0 23 1 378
61 0 12 1 379
78 0 12 1 380
95 0 12 1 381
112 0 12 1 382
129 0 12 1 383
146 0 12 1 384
153 0 27 1 385
169 0 12 1 386
200 0 32 1 387
191 0 12 1 388
209 0 12 1 389
197 0 23 1 390
216 0 21 1 391
236 0 12 1 392
240 0 23 1 393
258 0 12 1 394
267 0 27 1 395
281 0 12 1 396
298 0 12 1 397
298 0 31 1 398
321 0 12 1 399
338 0 12 1 400
355 0 12 1 401
330 0 37 1 402
405 0 19 1 403
383 0 12 1 404
400 0 12 1 405
417 0 12 1 406
427 0 31 1 407
376 0 43 1 408
436 0 45 1 409
394 0 65 1 410
383 0 75 1 411
436 0 84 1 412
374 0 93 1 413
436 0 107 1 414
384 0 109 1 415
436 0 130 1 416
397 0 127 1 417
436 0 152 1 418
393 0 140 1 419
416 0 158 1 420
395 0 153 1 421
404 0 168 1 422
436 0 202 1 423
400 0 180 1 424
408 0 198 1 425
408 0 207 1 426
436 0 248 1 427
392 0 204 1 428
396 0 222 1 429
380 0 214 1 430
393 0 276 1 431
411 0 331 1 432
405 0 342 1 433
394 0 348 1 434
377 0 348 1 435
360 0 348 1 436
343 0 348 1 437
326 0 348 1 438
308 0 348 1 439
291 0 348 1 440
274 0 348 1 441
257 0 348 1 442
240 0 348 1 443
223 0 348 1 444
207 0 348 1 445
190 0 348 1 446
173 0 348 1 447
157 0 330 1 448
150 0 348 1 449
133 0 348 1 450
116 0 348 1 451
99 0 348 1 452
82 0 348 1 453
65 0 348 1 454
48 0 348 1 455
32 0 335 1 456
27 0 346 1 457
21 0 323 1 458
16 0 312 1 459
10 0 266 1 460
18 0 241 1 461
4 0 249 1 462
37 0 205 1 463
4 0 227 1 464
29 0 198 1 465
37 0 185 1 466
4 0 198 1 467
30 0 178 1 468
18 0 177 1 469
4 0 171 1 470
31 0 158 1 471
4 0 148 1 472
22 0 140 1 473
4 0 126 1 474
46 0 113 1 475
48 0 99 1 476
4 0 75 1 477
4 0 57 1 478
4 0 40 1 479
