480
53 0 64 1 0
35 0 74 1 1
44 0 91 1 2
44 0 102 1 3
21 0 111 1 4
39 0 118 1 5
31 0 133 1 6
45 0 56 1 7
69 0 50 1 8
54 0 93 1 9
32 0 130 1 10
55 0 90 1 11
78 0 49 1 12
45 0 129 1 13
52 0 121 1 14
75 0 55 1 15
83 0 68 1 16
55 0 83 1 17
12 0 91 1 18
47 0 103 1 19
12 0 109 1 20
48 0 191 1 21
50 0 93 1 22
64 0 108 1 23
56 0 117 1 24
106 0 47 1 25
90 0 57 1 26
91 0 69 1 27
70 0 82 1 28
51 0 132 1 29
51 0 142 1 30
24 0 282 1 31
57 0 199 1 32
47 0 268 1 33
51 0 196 1 34
96 0 45 1 35
73 0 80 1 36
61 0 110 1 37
59 0 208 1 38
32 0 286 1 39
92 0 77 1 40
32 0 254 1 41
88 0 42 1 42
63 0 188 1 43
77 0 110 1 44
93 0 228 1 45
128 0 39 1 46
92 0 74 1 47
75 0 109 1 48
70 0 193 1 49
136 0 39 1 50
122 0 50 1 51
68 0 181 1 52
72 0 185 1 53
77 0 188 1 54
84 0 187 1 55
57 0 232 1 56
104 0 205 1 57
84 0 234 1 58
98 0 234 1 59
94 0 252 1 60
70 0 286 1 61
104 0 254 1 62
111 0 56 1 63
101 0 66 1 64
94 0 76 1 65
84 0 91 1 66
82 0 104 1 67
82 0 114 1 68
73 0 145 1 69
72 0 126 1 70
77 0 137 1 71
102 0 222 1 72
102 0 233 1 73
113 0 191 1 74
118 0 217 1 75
96 0 252 1 76
118 0 220 1 77
94 0 187 1 78
126 0 56 1 79
101 0 100 1 80
112 0 249 1 81
116 0 199 1 82
110 0 230 1 83
97 0 200 1 84
102 0 90 1 85
153 0 51 1 86
122 0 220 1 87
110 0 269 1 88
103 0 81 1 89
95 0 102 1 90
96 0 113 1 91
93 0 128 1 92
131 0 198 1 93
101 0 89 1 94
98 0 140 1 95
168 0 42 1 96
102 0 299 1 97
96 0 146 1 98
120 0 72 1 99
132 0 36 1 100
133 0 66 1 101
109 0 142 1 102
120 0 107 1 103
117 0 134 1 104
136 0 65 1 105
126 0 74 1 106
129 0 82 1 107
115 0 125 1 108
122 0 91 1 109
169 0 47 1 110
147 0 66 1 111
129 0 100 1 112
134 0 89 1 113
158 0 48 1 114
129 0 124 1 115
148 0 141 1 116
136 0 113 1 117
140 0 240 1 118
146 0 145 1 119
139 0 76 1 120
137 0 85 1 121
133 0 312 1 122
154 0 65 1 123
147 0 99 1 124
188 0 48 1 125
168 0 56 1 126
149 0 150 1 127
143 0 263 1 128
159 0 235 1 129
183 0 37 1 130
148 0 83 1 131
180 0 85 1 132
162 0 236 1 133
163 0 182 1 134
154 0 210 1 135
153 0 222 1 136
159 0 206 1 137
156 0 63 1 138
159 0 95 1 139
154 0 73 1 140
158 0 80 1 141
163 0 150 1 142
159 0 232 1 143
189 0 87 1 144
158 0 277 1 145
172 0 238 1 146
170 0 45 1 147
169 0 215 1 148
169 0 184 1 149
164 0 213 1 150
183 0 71 1 151
190 0 79 1 152
166 0 145 1 153
168 0 230 1 154
173 0 61 1 155
175 0 292 1 156
191 0 208 1 157
191 0 45 1 158
196 0 97 1 159
186 0 87 1 160
177 0 202 1 161
174 0 205 1 162
184 0 62 1 163
176 0 70 1 164
177 0 82 1 165
183 0 222 1 166
206 0 91 1 167
195 0 143 1 168
186 0 235 1 169
197 0 185 1 170
208 0 246 1 171
194 0 298 1 172
197 0 230 1 173
209 0 222 1 174
201 0 248 1 175
186 0 202 1 176
195 0 228 1 177
200 0 237 1 178
201 0 203 1 179
191 0 326 1 180
204 0 189 1 181
215 0 193 1 182
220 0 246 1 183
217 0 180 1 184
218 0 236 1 185
220 0 303 1 186
215 0 228 1 187
208 0 207 1 188
220 0 213 1 189
225 0 89 1 190
213 0 142 1 191
220 0 186 1 192
220 0 203 1 193
229 0 243 1 194
220 0 45 1 195
222 0 74 1 196
222 0 81 1 197
227 0 78 1 198
223 0 65 1 199
223 0 52 1 200
221 0 59 1 201
219 0 146 1 202
234 0 226 1 203
218 0 331 1 204
229 0 45 1 205
238 0 90 1 206
239 0 331 1 207
239 0 230 1 208
232 0 42 1 209
235 0 55 1 210
236 0 65 1 211
244 0 63 1 212
242 0 82 1 213
240 0 81 1 214
246 0 93 1 215
243 0 41 1 216
249 0 50 1 217
248 0 62 1 218
251 0 78 1 219
253 0 68 1 220
254 0 87 1 221
257 0 51 1 222
263 0 151 1 223
255 0 212 1 224
258 0 41 1 225
259 0 65 1 226
261 0 75 1 227
259 0 80 1 228
264 0 213 1 229
264 0 80 1 230
264 0 89 1 231
271 0 140 1 232
268 0 147 1 233
261 0 234 1 234
264 0 214 1 235
263 0 225 1 236
267 0 237 1 237
267 0 296 1 238
268 0 201 1 239
267 0 220 1 240
267 0 42 1 241
268 0 54 1 242
271 0 66 1 243
274 0 74 1 244
275 0 84 1 245
269 0 95 1 246
271 0 184 1 247
280 0 90 1 248
286 0 109 1 249
279 0 325 1 250
270 0 45 1 251
278 0 232 1 252
281 0 57 1 253
289 0 88 1 254
284 0 64 1 255
285 0 72 1 256
283 0 75 1 257
284 0 190 1 258
294 0 102 1 259
280 0 209 1 260
278 0 43 1 261
284 0 192 1 262
292 0 291 1 263
299 0 105 1 264
283 0 238 1 265
295 0 213 1 266
296 0 233 1 267
289 0 230 1 268
291 0 243 1 269
303 0 318 1 270
305 0 225 1 271
306 0 230 1 272
317 0 268 1 273
313 0 208 1 274
316 0 225 1 275
304 0 219 1 276
327 0 119 1 277
315 0 67 1 278
315 0 77 1 279
330 0 86 1 280
306 0 46 1 281
312 0 53 1 282
326 0 73 1 283
341 0 120 1 284
314 0 61 1 285
340 0 92 1 286
334 0 257 1 287
328 0 254 1 288
345 0 299 1 289
335 0 313 1 290
341 0 180 1 291
342 0 200 1 292
315 0 187 1 293
319 0 201 1 294
321 0 216 1 295
326 0 232 1 296
328 0 71 1 297
340 0 111 1 298
348 0 129 1 299
358 0 87 1 300
322 0 46 1 301
320 0 52 1 302
338 0 66 1 303
366 0 141 1 304
336 0 59 1 305
354 0 86 1 306
344 0 100 1 307
347 0 107 1 308
357 0 116 1 309
362 0 126 1 310
355 0 98 1 311
350 0 187 1 312
332 0 211 1 313
371 0 283 1 314
340 0 248 1 315
358 0 175 1 316
351 0 87 1 317
337 0 227 1 318
369 0 192 1 319
363 0 112 1 320
366 0 195 1 321
340 0 68 1 322
356 0 96 1 323
333 0 202 1 324
358 0 88 1 325
388 0 231 1 326
374 0 183 1 327
372 0 169 1 328
394 0 196 1 329
364 0 57 1 330
372 0 216 1 331
406 0 281 1 332
406 0 296 1 333
364 0 253 1 334
406 0 315 1 335
372 0 111 1 336
375 0 208 1 337
353 0 70 1 338
355 0 54 1 339
371 0 188 1 340
388 0 186 1 341
376 0 186 1 342
347 0 50 1 343
376 0 178 1 344
382 0 214 1 345
356 0 73 1 346
364 0 83 1 347
390 0 112 1 348
412 0 70 1 349
412 0 275 1 350
388 0 200 1 351
382 0 172 1 352
362 0 198 1 353
388 0 210 1 354
390 0 216 1 355
399 0 210 1 356
422 0 251 1 357
422 0 273 1 358
391 0 168 1 359
375 0 170 1 360
387 0 186 1 361
374 0 162 1 362
395 0 179 1 363
415 0 181 1 364
430 0 218 1 365
393 0 156 1 366
408 0 213 1 367
394 0 202 1 368
392 0 208 1 369
407 0 196 1 370
393 0 188 1 371
392 0 174 1 372
437 0 180 1 373
413 0 188 1 374
-8 0 13 1 375
9 0 13 1 376
26 0 13 1 377
15 0 23 1 378
51 0 13 1 379
68 0 13 1 380
85 0 13 1 381
102 0 13 1 382
119 0 13 1 383
136 0 13 1 384
145 0 25 1 385
161 0 13 1 386
190 0 30 1 387
185 0 13 1 388
203 0 13 1 389
196 0 22 1 390
215 0 21 1 391
234 0 13 1 392
240 0 23 1 393
258 0 13 1 394
268 0 25 1 395
283 0 13 1 396
300 0 13 1 397
302 0 29 1 398
324 0 13 1 399
341 0 13 1 400
358 0 13 1 401
340 0 34 1 402
405 0 19 1 403
390 0 13 1 404
408 0 13 1 405
425 0 13 1 406
435 0 29 1 407
396 0 39 1 408
447 0 42 1 409
412 0 61 1 410
403 0 72 1 411
447 0 83 1 412
396 0 94 1 413
447 0 108 1 414
404 0 112 1 415
447 0 132 1 416
415 0 133 1 417
447 0 157 1 418
412 0 149 1 419
431 0 167 1 420
414 0 166 1 421
420 0 180 1 422
447 0 212 1 423
418 0 196 1 424
424 0 215 1 425
424 0 224 1 426
447 0 261 1 427
409 0 226 1 428
410 0 241 1 429
394 0 235 1 430
402 0 286 1 431
414 0 333 1 432
406 0 342 1 433
394 0 347 1 434
377 0 347 1 435
360 0 347 1 436
343 0 347 1 437
326 0 347 1 438
309 0 347 1 439
292 0 347 1 440
274 0 347 1 441
257 0 347 1 442
240 0 347 1 443
223 0 347 1 444
207 0 347 1 445
190 0 347 1 446
173 0 347 1 447
157 0 332 1 448
148 0 347 1 449
131 0 347 1 450
114 0 347 1 451
97 0 347 1 452
80 0 347 1 453
63 0 347 1 454
46 0 347 1 455
30 0 336 1 456
23 0 345 1 457
15 0 326 1 458
8 0 317 1 459
1 0 278 1 460
4 0 257 1 461
-8 0 262 1 462
20 0 222 1 463
-8 0 237 1 464
14 0 211 1 465
20 0 197 1 466
-8 0 205 1 467
14 0 185 1 468
4 0 181 1 469
-8 0 174 1 470
15 0 161 1 471
-8 0 150 1 472
7 0 139 1 473
-8 0 125 1 474
28 0 112 1 475
29 0 97 1 476
-8 0 74 1 477
-8 0 57 1 478
-8 0 40 1 479
