480
21 0 63 1 0
9 0 73 1 1
15 0 89 1 2
15 0 100 1 3
-1 0 110 1 4
11 0 118 1 5
6 0 131 1 6
16 0 54 1 7
34 0 48 1 8
25 0 90 1 9
10 0 129 1 10
28 0 88 1 11
44 0 47 1 12
22 0 128 1 13
28 0 121 1 14
44 0 53 1 15
50 0 67 1 16
30 0 80 1 17
2 0 90 1 18
25 0 101 1 19
2 0 109 1 20
34 0 206 1 21
35 0 92 1 22
45 0 107 1 23
40 0 116 1 24
74 0 44 1 25
62 0 56 1 26
64 0 68 1 27
50 0 80 1 28
37 0 132 1 29
37 0 143 1 30
19 0 290 1 31
43 0 216 1 32
36 0 278 1 33
39 0 209 1 34
70 0 43 1 35
54 0 79 1 36
47 0 109 1 37
46 0 225 1 38
29 0 289 1 39
70 0 76 1 40
30 0 257 1 41
68 0 40 1 42
51 0 204 1 43
61 0 109 1 44
72 0 247 1 45
98 0 38 1 46
74 0 74 1 47
62 0 108 1 48
59 0 207 1 49
107 0 38 1 50
99 0 48 1 51
62 0 190 1 52
65 0 195 1 53
68 0 200 1 54
73 0 203 1 55
54 0 237 1 56
86 0 222 1 57
73 0 245 1 58
82 0 250 1 59
80 0 266 1 60
63 0 294 1 61
86 0 276 1 62
91 0 55 1 63
84 0 65 1 64
80 0 76 1 65
73 0 91 1 66
71 0 103 1 67
72 0 113 1 68
65 0 146 1 69
65 0 126 1 70
68 0 137 1 71
87 0 237 1 72
89 0 246 1 73
98 0 205 1 74
101 0 234 1 75
87 0 262 1 76
103 0 234 1 77
88 0 195 1 78
110 0 56 1 79
94 0 99 1 80
101 0 263 1 81
104 0 211 1 82
100 0 239 1 83
92 0 204 1 84
96 0 90 1 85
131 0 50 1 86
110 0 230 1 87
102 0 279 1 88
99 0 81 1 89
94 0 102 1 90
94 0 113 1 91
92 0 128 1 92
118 0 210 1 93
98 0 89 1 94
96 0 140 1 95
144 0 41 1 96
99 0 302 1 97
96 0 147 1 98
113 0 72 1 99
122 0 35 1 100
124 0 65 1 101
110 0 142 1 102
119 0 107 1 103
117 0 134 1 104
130 0 64 1 105
123 0 74 1 106
125 0 82 1 107
116 0 126 1 108
121 0 91 1 109
153 0 46 1 110
141 0 65 1 111
128 0 101 1 112
133 0 88 1 113
149 0 47 1 114
130 0 127 1 115
143 0 140 1 116
134 0 116 1 117
137 0 250 1 118
142 0 145 1 119
138 0 76 1 120
137 0 85 1 121
134 0 312 1 122
150 0 64 1 123
144 0 101 1 124
173 0 47 1 125
160 0 55 1 126
147 0 149 1 127
143 0 265 1 128
154 0 255 1 129
171 0 36 1 130
147 0 84 1 131
170 0 96 1 132
157 0 254 1 133
158 0 192 1 134
153 0 214 1 135
152 0 225 1 136
156 0 218 1 137
155 0 63 1 138
157 0 98 1 139
154 0 73 1 140
157 0 81 1 141
160 0 149 1 142
157 0 239 1 143
178 0 98 1 144
157 0 279 1 145
167 0 258 1 146
165 0 45 1 147
165 0 231 1 148
166 0 193 1 149
163 0 218 1 150
176 0 76 1 151
181 0 88 1 152
165 0 145 1 153
166 0 236 1 154
171 0 62 1 155
172 0 296 1 156
183 0 227 1 157
184 0 45 1 158
187 0 107 1 159
181 0 93 1 160
175 0 210 1 161
174 0 206 1 162
181 0 62 1 163
176 0 71 1 164
176 0 82 1 165
180 0 230 1 166
197 0 104 1 167
190 0 143 1 168
183 0 245 1 169
191 0 198 1 170
199 0 263 1 171
189 0 302 1 172
193 0 245 1 173
201 0 242 1 174
195 0 262 1 175
186 0 204 1 176
193 0 234 1 177
197 0 246 1 178
198 0 211 1 179
191 0 323 1 180
201 0 195 1 181
209 0 209 1 182
212 0 259 1 183
212 0 194 1 184
212 0 245 1 185
216 0 308 1 186
212 0 234 1 187
208 0 208 1 188
217 0 221 1 189
220 0 102 1 190
212 0 141 1 191
217 0 196 1 192
217 0 211 1 193
222 0 256 1 194
218 0 45 1 195
219 0 81 1 196
219 0 88 1 197
221 0 90 1 198
220 0 69 1 199
220 0 53 1 200
219 0 61 1 201
217 0 148 1 202
227 0 238 1 203
218 0 328 1 204
226 0 45 1 205
234 0 102 1 206
234 0 328 1 207
235 0 241 1 208
232 0 42 1 209
235 0 56 1 210
235 0 66 1 211
241 0 68 1 212
240 0 89 1 213
239 0 84 1 214
244 0 104 1 215
244 0 41 1 216
248 0 52 1 217
248 0 65 1 218
250 0 85 1 219
252 0 74 1 220
253 0 100 1 221
257 0 52 1 222
261 0 150 1 223
256 0 221 1 224
258 0 40 1 225
259 0 67 1 226
261 0 78 1 227
260 0 85 1 228
264 0 219 1 229
264 0 91 1 230
264 0 101 1 231
270 0 139 1 232
267 0 148 1 233
263 0 256 1 234
265 0 234 1 235
264 0 245 1 236
267 0 246 1 237
268 0 303 1 238
269 0 208 1 239
268 0 232 1 240
268 0 41 1 241
269 0 54 1 242
271 0 67 1 243
273 0 77 1 244
274 0 89 1 245
271 0 101 1 246
274 0 194 1 247
280 0 96 1 248
284 0 115 1 249
280 0 324 1 250
274 0 43 1 251
279 0 238 1 252
282 0 56 1 253
288 0 91 1 254
285 0 64 1 255
286 0 72 1 256
284 0 78 1 257
286 0 196 1 258
293 0 109 1 259
284 0 223 1 260
283 0 41 1 261
287 0 201 1 262
294 0 300 1 263
299 0 111 1 264
289 0 253 1 265
297 0 218 1 266
298 0 240 1 267
293 0 242 1 268
294 0 254 1 269
304 0 318 1 270
307 0 228 1 271
313 0 244 1 272
321 0 275 1 273
318 0 216 1 274
321 0 232 1 275
313 0 233 1 276
328 0 121 1 277
321 0 66 1 278
321 0 75 1 279
332 0 86 1 280
317 0 44 1 281
323 0 50 1 282
332 0 72 1 283
343 0 121 1 284
325 0 58 1 285
344 0 92 1 286
341 0 267 1 287
337 0 270 1 288
348 0 304 1 289
341 0 317 1 290
345 0 188 1 291
347 0 206 1 292
328 0 201 1 293
331 0 216 1 294
332 0 230 1 295
335 0 245 1 296
338 0 69 1 297
348 0 115 1 298
354 0 134 1 299
362 0 87 1 300
339 0 42 1 301
338 0 47 1 302
351 0 64 1 303
370 0 144 1 304
350 0 56 1 305
363 0 85 1 306
356 0 101 1 307
359 0 110 1 308
365 0 119 1 309
369 0 131 1 310
366 0 99 1 311
362 0 209 1 312
350 0 233 1 313
377 0 291 1 314
356 0 270 1 315
368 0 190 1 316
364 0 86 1 317
356 0 250 1 318
378 0 205 1 319
374 0 115 1 320
376 0 211 1 321
359 0 65 1 322
370 0 97 1 323
355 0 226 1 324
372 0 87 1 325
392 0 238 1 326
384 0 196 1 327
383 0 180 1 328
398 0 201 1 329
379 0 54 1 330
384 0 235 1 331
407 0 283 1 332
407 0 297 1 333
379 0 272 1 334
407 0 317 1 335
385 0 114 1 336
387 0 226 1 337
372 0 66 1 338
374 0 50 1 339
385 0 209 1 340
398 0 198 1 341
390 0 204 1 342
371 0 46 1 343
391 0 195 1 344
395 0 234 1 345
378 0 68 1 346
383 0 82 1 347
401 0 115 1 348
417 0 69 1 349
417 0 282 1 350
401 0 217 1 351
398 0 187 1 352
384 0 233 1 353
403 0 232 1 354
409 0 243 1 355
415 0 231 1 356
431 0 263 1 357
431 0 286 1 358
410 0 184 1 359
400 0 195 1 360
408 0 210 1 361
399 0 187 1 362
414 0 195 1 363
430 0 193 1 364
441 0 230 1 365
418 0 175 1 366
429 0 238 1 367
420 0 234 1 368
418 0 244 1 369
429 0 219 1 370
420 0 217 1 371
420 0 199 1 372
451 0 188 1 373
437 0 209 1 374
-27 0 15 1 375
-10 0 15 1 376
7 0 15 1 377
5 0 22 1 378
35 0 15 1 379
52 0 15 1 380
69 0 15 1 381
86 0 15 1 382
103 0 15 1 383
120 0 15 1 384
132 0 23 1 385
148 0 15 1 386
173 0 27 1 387
176 0 15 1 388
193 0 15 1 389
194 0 21 1 390
212 0 20 1 391
230 0 15 1 392
240 0 22 1 393
258 0 15 1 394
270 0 23 1 395
285 0 15 1 396
302 0 15 1 397
310 0 26 1 398
330 0 15 1 399
347 0 15 1 400
364 0 15 1 401
357 0 29 1 402
407 0 19 1 403
402 0 15 1 404
419 0 15 1 405
436 0 15 1 406
449 0 26 1 407
428 0 33 1 408
466 0 37 1 409
442 0 55 1 410
436 0 69 1 411
466 0 81 1 412
431 0 94 1 413
466 0 109 1 414
437 0 117 1 415
466 0 137 1 416
444 0 142 1 417
466 0 164 1 418
442 0 164 1 419
455 0 181 1 420
443 0 186 1 421
448 0 201 1 422
466 0 229 1 423
446 0 223 1 424
450 0 242 1 425
450 0 254 1 426
466 0 284 1 427
438 0 263 1 428
432 0 273 1 429
416 0 269 1 430
416 0 304 1 431
419 0 335 1 432
408 0 342 1 433
394 0 345 1 434
377 0 345 1 435
360 0 345 1 436
343 0 345 1 437
326 0 345 1 438
309 0 345 1 439
292 0 345 1 440
275 0 345 1 441
258 0 345 1 442
241 0 345 1 443
224 0 345 1 444
207 0 345 1 445
190 0 345 1 446
173 0 345 1 447
157 0 335 1 448
146 0 345 1 449
129 0 345 1 450
112 0 345 1 451
94 0 345 1 452
77 0 345 1 453
60 0 345 1 454
43 0 345 1 455
27 0 337 1 456
17 0 344 1 457
6 0 331 1 458
-4 0 324 1 459
-15 0 298 1 460
-18 0 284 1 461
-27 0 282 1 462
-8 0 250 1 463
-27 0 255 1 464
-12 0 231 1 465
-8 0 216 1 466
-27 0 216 1 467
-12 0 197 1 468
-19 0 189 1 469
-27 0 179 1 470
-11 0 165 1 471
-27 0 152 1 472
-16 0 139 1 473
-27 0 124 1 474
-3 0 109 1 475
-2 0 94 1 476
-27 0 73 1 477
-27 0 56 1 478
-27 0 39 1 479
