480
76 0 65 1 0
54 0 75 1 1
66 0 93 1 2
65 0 104 1 3
37 0 112 1 4
59 0 119 1 5
50 0 134 1 6
66 0 57 1 7
95 0 52 1 8
76 0 94 1 9
47 0 131 1 10
75 0 92 1 11
102 0 51 1 12
61 0 130 1 13
69 0 122 1 14
98 0 56 1 15
108 0 69 1 16
72 0 84 1 17
20 0 92 1 18
63 0 105 1 19
20 0 110 1 20
59 0 180 1 21
60 0 94 1 22
79 0 109 1 23
69 0 117 1 24
130 0 49 1 25
109 0 58 1 26
112 0 70 1 27
86 0 84 1 28
62 0 133 1 29
62 0 141 1 30
28 0 276 1 31
68 0 186 1 32
55 0 261 1 33
60 0 187 1 34
115 0 46 1 35
86 0 81 1 36
71 0 111 1 37
69 0 196 1 38
34 0 285 1 39
108 0 77 1 40
34 0 252 1 41
102 0 44 1 42
72 0 178 1 43
89 0 111 1 44
108 0 213 1 45
150 0 40 1 46
106 0 75 1 47
84 0 109 1 48
78 0 183 1 49
158 0 40 1 50
140 0 52 1 51
72 0 177 1 52
78 0 179 1 53
84 0 180 1 54
93 0 177 1 55
59 0 228 1 56
118 0 193 1 57
93 0 226 1 58
110 0 222 1 59
105 0 241 1 60
75 0 281 1 61
118 0 238 1 62
126 0 57 1 63
113 0 66 1 64
105 0 77 1 65
92 0 92 1 66
89 0 105 1 67
90 0 115 1 68
78 0 144 1 69
77 0 127 1 70
83 0 137 1 71
113 0 212 1 72
112 0 223 1 73
124 0 181 1 74
130 0 205 1 75
103 0 245 1 76
129 0 209 1 77
99 0 182 1 78
138 0 57 1 79
107 0 100 1 80
120 0 239 1 81
125 0 191 1 82
117 0 223 1 83
101 0 196 1 84
107 0 91 1 85
170 0 52 1 86
131 0 212 1 87
116 0 262 1 88
105 0 82 1 89
96 0 103 1 90
97 0 113 1 91
93 0 129 1 92
141 0 189 1 93
103 0 89 1 94
99 0 140 1 95
186 0 42 1 96
103 0 297 1 97
96 0 145 1 98
125 0 71 1 99
139 0 37 1 100
140 0 66 1 101
108 0 141 1 102
121 0 106 1 103
118 0 134 1 104
140 0 65 1 105
128 0 75 1 106
131 0 81 1 107
114 0 125 1 108
123 0 92 1 109
181 0 48 1 110
151 0 66 1 111
129 0 98 1 112
135 0 89 1 113
164 0 48 1 114
129 0 123 1 115
152 0 142 1 116
137 0 111 1 117
142 0 233 1 118
149 0 145 1 119
139 0 76 1 120
138 0 85 1 121
132 0 312 1 122
158 0 65 1 123
148 0 98 1 124
200 0 48 1 125
174 0 56 1 126
150 0 151 1 127
143 0 262 1 128
163 0 219 1 129
192 0 38 1 130
148 0 82 1 131
188 0 77 1 132
165 0 223 1 133
166 0 176 1 134
155 0 207 1 135
153 0 220 1 136
162 0 197 1 137
157 0 63 1 138
161 0 92 1 139
154 0 73 1 140
159 0 79 1 141
166 0 150 1 142
160 0 227 1 143
197 0 78 1 144
159 0 276 1 145
176 0 223 1 146
173 0 46 1 147
172 0 202 1 148
171 0 180 1 149
165 0 209 1 150
188 0 68 1 151
196 0 74 1 152
166 0 145 1 153
170 0 226 1 154
175 0 61 1 155
177 0 289 1 156
196 0 194 1 157
196 0 46 1 158
201 0 90 1 159
189 0 84 1 160
179 0 196 1 161
175 0 204 1 162
186 0 61 1 163
177 0 69 1 164
178 0 81 1 165
185 0 217 1 166
213 0 82 1 167
199 0 143 1 168
188 0 228 1 169
200 0 176 1 170
215 0 234 1 171
197 0 295 1 172
201 0 220 1 173
216 0 208 1 174
206 0 238 1 175
187 0 200 1 176
197 0 224 1 177
203 0 230 1 178
203 0 198 1 179
190 0 329 1 180
205 0 184 1 181
220 0 180 1 182
224 0 237 1 183
220 0 168 1 184
220 0 230 1 185
224 0 299 1 186
218 0 224 1 187
209 0 206 1 188
222 0 208 1 189
228 0 79 1 190
214 0 142 1 191
223 0 180 1 192
223 0 198 1 193
234 0 233 1 194
223 0 45 1 195
225 0 69 1 196
225 0 75 1 197
231 0 69 1 198
225 0 61 1 199
225 0 51 1 200
223 0 57 1 201
220 0 145 1 202
239 0 217 1 203
219 0 333 1 204
232 0 45 1 205
241 0 81 1 206
242 0 332 1 207
241 0 222 1 208
232 0 42 1 209
236 0 55 1 210
236 0 64 1 211
246 0 59 1 212
244 0 76 1 213
240 0 79 1 214
248 0 85 1 215
242 0 42 1 216
250 0 49 1 217
249 0 60 1 218
252 0 73 1 219
254 0 64 1 220
254 0 78 1 221
257 0 50 1 222
264 0 151 1 223
254 0 205 1 224
257 0 42 1 225
258 0 64 1 226
261 0 72 1 227
258 0 76 1 228
263 0 210 1 229
263 0 72 1 230
263 0 80 1 231
273 0 141 1 232
269 0 146 1 233
259 0 218 1 234
264 0 199 1 235
262 0 209 1 236
266 0 231 1 237
267 0 291 1 238
268 0 196 1 239
266 0 212 1 240
266 0 43 1 241
268 0 55 1 242
270 0 65 1 243
274 0 72 1 244
275 0 81 1 245
268 0 91 1 246
269 0 177 1 247
279 0 86 1 248
287 0 106 1 249
279 0 326 1 250
267 0 46 1 251
277 0 227 1 252
280 0 57 1 253
290 0 86 1 254
283 0 64 1 255
284 0 72 1 256
282 0 74 1 257
283 0 186 1 258
294 0 96 1 259
277 0 199 1 260
274 0 44 1 261
281 0 185 1 262
291 0 284 1 263
299 0 100 1 264
280 0 227 1 265
293 0 209 1 266
294 0 228 1 267
287 0 221 1 268
289 0 235 1 269
302 0 317 1 270
303 0 222 1 271
300 0 219 1 272
314 0 262 1 273
309 0 202 1 274
313 0 220 1 275
298 0 209 1 276
326 0 118 1 277
310 0 68 1 278
311 0 78 1 279
329 0 86 1 280
299 0 48 1 281
304 0 55 1 282
322 0 73 1 283
340 0 119 1 284
306 0 63 1 285
336 0 92 1 286
329 0 249 1 287
322 0 242 1 288
343 0 295 1 289
331 0 309 1 290
337 0 174 1 291
339 0 195 1 292
306 0 177 1 293
310 0 189 1 294
313 0 205 1 295
319 0 223 1 296
320 0 72 1 297
334 0 108 1 298
343 0 125 1 299
356 0 88 1 300
310 0 49 1 301
306 0 55 1 302
328 0 68 1 303
363 0 138 1 304
326 0 62 1 305
347 0 87 1 306
335 0 99 1 307
338 0 104 1 308
350 0 114 1 309
357 0 123 1 310
348 0 98 1 311
341 0 172 1 312
318 0 195 1 313
366 0 278 1 314
328 0 232 1 315
350 0 164 1 316
341 0 88 1 317
324 0 210 1 318
363 0 182 1 319
355 0 109 1 320
358 0 184 1 321
327 0 71 1 322
346 0 96 1 323
318 0 184 1 324
347 0 89 1 325
384 0 226 1 326
367 0 174 1 327
364 0 160 1 328
390 0 192 1 329
354 0 60 1 330
363 0 201 1 331
405 0 279 1 332
405 0 295 1 333
353 0 240 1 334
405 0 313 1 335
362 0 109 1 336
367 0 195 1 337
339 0 73 1 338
341 0 58 1 339
360 0 174 1 340
381 0 179 1 341
366 0 174 1 342
330 0 54 1 343
365 0 164 1 344
373 0 200 1 345
340 0 76 1 346
349 0 83 1 347
382 0 111 1 348
409 0 70 1 349
409 0 270 1 350
378 0 187 1 351
371 0 161 1 352
346 0 173 1 353
377 0 194 1 354
377 0 197 1 355
387 0 195 1 356
416 0 243 1 357
416 0 263 1 358
377 0 155 1 359
358 0 150 1 360
372 0 170 1 361
355 0 143 1 362
382 0 166 1 363
405 0 174 1 364
421 0 210 1 365
374 0 142 1 366
392 0 194 1 367
375 0 179 1 368
372 0 182 1 369
390 0 180 1 370
374 0 168 1 371
373 0 155 1 372
426 0 172 1 373
396 0 174 1 374
6 0 11 1 375
23 0 11 1 376
40 0 11 1 377
22 0 23 1 378
63 0 11 1 379
80 0 11 1 380
97 0 11 1 381
114 0 11 1 382
131 0 11 1 383
148 0 11 1 384
155 0 27 1 385
170 0 11 1 386
202 0 32 1 387
193 0 11 1 388
210 0 11 1 389
197 0 23 1 390
217 0 21 1 391
236 0 11 1 392
241 0 23 1 393
258 0 11 1 394
267 0 27 1 395
281 0 11 1 396
298 0 11 1 397
297 0 31 1 398
320 0 11 1 399
337 0 11 1 400
354 0 11 1 401
328 0 37 1 402
404 0 19 1 403
382 0 11 1 404
399 0 11 1 405
416 0 11 1 406
425 0 31 1 407
372 0 44 1 408
434 0 45 1 409
390 0 65 1 410
379 0 75 1 411
434 0 85 1 412
370 0 93 1 413
434 0 107 1 414
380 0 108 1 415
434 0 129 1 416
393 0 126 1 417
434 0 151 1 418
390 0 138 1 419
413 0 156 1 420
392 0 151 1 421
400 0 165 1 422
434 0 200 1 423
397 0 177 1 424
404 0 195 1 425
405 0 203 1 426
434 0 245 1 427
389 0 199 1 428
393 0 218 1 429
377 0 209 1 430
391 0 273 1 431
410 0 331 1 432
405 0 343 1 433
394 0 349 1 434
377 0 349 1 435
360 0 349 1 436
343 0 349 1 437
325 0 349 1 438
308 0 349 1 439
291 0 349 1 440
274 0 349 1 441
257 0 349 1 442
240 0 349 1 443
223 0 349 1 444
207 0 349 1 445
190 0 349 1 446
173 0 349 1 447
157 0 330 1 448
150 0 349 1 449
133 0 349 1 450
116 0 349 1 451
99 0 349 1 452
82 0 349 1 453
65 0 349 1 454
48 0 349 1 455
33 0 335 1 456
28 0 347 1 457
22 0 323 1 458
17 0 311 1 459
12 0 263 1 460
21 0 237 1 461
6 0 247 1 462
41 0 202 1 463
6 0 224 1 464
33 0 196 1 465
40 0 183 1 466
6 0 197 1 467
33 0 177 1 468
21 0 176 1 469
6 0 171 1 470
35 0 158 1 471
6 0 148 1 472
25 0 140 1 473
6 0 126 1 474
50 0 113 1 475
51 0 100 1 476
6 0 75 1 477
6 0 58 1 478
6 0 40 1 479
