480
-16 0 61 1 0
-22 0 72 1 1
-19 0 86 1 2
-19 0 97 1 3
-26 0 108 1 4
-21 0 117 1 5
-23 0 130 1 6
-18 0 51 1 7
-6 0 46 1 8
-10 0 88 1 9
-14 0 128 1 10
-4 0 86 1 11
5 0 45 1 12
-5 0 127 1 13
1 0 121 1 14
9 0 52 1 15
11 0 66 1 16
2 0 78 1 17
-10 0 89 1 18
0 0 99 1 19
-10 0 108 1 20
17 0 223 1 21
18 0 91 1 22
23 0 105 1 23
20 0 116 1 24
36 0 41 1 25
31 0 54 1 26
32 0 67 1 27
25 0 78 1 28
19 0 131 1 29
20 0 144 1 30
12 0 298 1 31
26 0 237 1 32
24 0 290 1 33
26 0 224 1 34
40 0 40 1 35
33 0 78 1 36
31 0 108 1 37
31 0 244 1 38
26 0 291 1 39
45 0 74 1 40
27 0 261 1 41
44 0 38 1 42
37 0 222 1 43
43 0 108 1 44
48 0 270 1 45
63 0 37 1 46
52 0 73 1 47
47 0 106 1 48
47 0 223 1 49
73 0 37 1 50
71 0 46 1 51
54 0 199 1 52
56 0 206 1 53
57 0 213 1 54
59 0 222 1 55
51 0 243 1 56
66 0 242 1 57
59 0 258 1 58
64 0 269 1 59
62 0 284 1 60
55 0 302 1 61
66 0 301 1 62
68 0 54 1 63
65 0 63 1 64
63 0 75 1 65
60 0 90 1 66
59 0 102 1 67
60 0 112 1 68
57 0 147 1 69
57 0 126 1 70
58 0 137 1 71
69 0 253 1 72
73 0 262 1 73
80 0 221 1 74
82 0 253 1 75
76 0 273 1 76
86 0 251 1 77
81 0 203 1 78
92 0 55 1 79
85 0 99 1 80
88 0 279 1 81
91 0 224 1 82
89 0 249 1 83
86 0 210 1 84
89 0 90 1 85
105 0 48 1 86
97 0 242 1 87
93 0 290 1 88
94 0 81 1 89
93 0 102 1 90
93 0 113 1 91
92 0 128 1 92
104 0 223 1 93
95 0 89 1 94
94 0 140 1 95
116 0 39 1 96
97 0 305 1 97
96 0 148 1 98
104 0 72 1 99
111 0 34 1 100
113 0 65 1 101
111 0 142 1 102
117 0 108 1 103
116 0 134 1 104
122 0 64 1 105
119 0 74 1 106
120 0 82 1 107
117 0 126 1 108
120 0 91 1 109
135 0 45 1 110
133 0 65 1 111
128 0 104 1 112
131 0 88 1 113
139 0 45 1 114
130 0 129 1 115
136 0 139 1 116
133 0 120 1 117
134 0 262 1 118
137 0 145 1 119
136 0 76 1 120
137 0 85 1 121
135 0 312 1 122
144 0 64 1 123
142 0 103 1 124
156 0 45 1 125
150 0 55 1 126
144 0 148 1 127
143 0 267 1 128
148 0 280 1 129
157 0 35 1 130
147 0 85 1 131
158 0 108 1 132
152 0 275 1 133
154 0 203 1 134
151 0 218 1 135
150 0 228 1 136
152 0 232 1 137
153 0 63 1 138
154 0 102 1 139
154 0 73 1 140
155 0 83 1 141
156 0 147 1 142
155 0 246 1 143
165 0 112 1 144
156 0 281 1 145
161 0 281 1 146
161 0 45 1 147
160 0 251 1 148
163 0 202 1 149
162 0 224 1 150
168 0 81 1 151
171 0 97 1 152
163 0 145 1 153
164 0 243 1 154
168 0 62 1 155
169 0 301 1 156
175 0 249 1 157
177 0 45 1 158
178 0 118 1 159
176 0 99 1 160
173 0 220 1 161
174 0 208 1 162
177 0 62 1 163
175 0 72 1 164
175 0 83 1 165
177 0 238 1 166
186 0 119 1 167
183 0 143 1 168
180 0 257 1 169
185 0 214 1 170
189 0 283 1 171
185 0 307 1 172
187 0 262 1 173
191 0 266 1 174
188 0 278 1 175
185 0 206 1 176
190 0 240 1 177
193 0 257 1 178
194 0 219 1 179
192 0 319 1 180
199 0 202 1 181
202 0 229 1 182
204 0 274 1 183
206 0 211 1 184
206 0 255 1 185
210 0 314 1 186
208 0 240 1 187
208 0 209 1 188
212 0 229 1 189
214 0 116 1 190
211 0 141 1 191
213 0 208 1 192
213 0 219 1 193
216 0 272 1 194
214 0 45 1 195
214 0 88 1 196
214 0 97 1 197
216 0 104 1 198
215 0 75 1 199
217 0 54 1 200
216 0 64 1 201
215 0 149 1 202
220 0 252 1 203
217 0 325 1 204
222 0 45 1 205
229 0 117 1 206
230 0 326 1 207
230 0 253 1 208
232 0 42 1 209
234 0 58 1 210
235 0 67 1 211
237 0 74 1 212
237 0 98 1 213
237 0 87 1 214
241 0 117 1 215
245 0 41 1 216
247 0 53 1 217
247 0 68 1 218
249 0 93 1 219
251 0 82 1 220
253 0 115 1 221
257 0 53 1 222
259 0 150 1 223
257 0 232 1 224
259 0 39 1 225
259 0 69 1 226
261 0 82 1 227
261 0 92 1 228
264 0 225 1 229
265 0 104 1 230
265 0 115 1 231
267 0 138 1 232
266 0 149 1 233
265 0 281 1 234
267 0 257 1 235
266 0 270 1 236
268 0 256 1 237
268 0 311 1 238
269 0 217 1 239
269 0 245 1 240
270 0 40 1 241
271 0 53 1 242
271 0 68 1 243
273 0 81 1 244
274 0 93 1 245
272 0 107 1 246
277 0 206 1 247
280 0 102 1 248
282 0 121 1 249
280 0 323 1 250
278 0 40 1 251
280 0 245 1 252
284 0 56 1 253
287 0 95 1 254
286 0 64 1 255
287 0 72 1 256
286 0 80 1 257
288 0 202 1 258
291 0 118 1 259
288 0 239 1 260
289 0 38 1 261
291 0 212 1 262
296 0 312 1 263
299 0 118 1 264
295 0 271 1 265
299 0 224 1 266
300 0 248 1 267
298 0 255 1 268
298 0 267 1 269
305 0 318 1 270
309 0 232 1 271
322 0 262 1 272
326 0 284 1 273
325 0 226 1 274
326 0 240 1 275
323 0 249 1 276
330 0 123 1 277
328 0 64 1 278
329 0 74 1 279
333 0 86 1 280
329 0 42 1 281
335 0 47 1 282
340 0 70 1 283
345 0 123 1 284
338 0 55 1 285
350 0 92 1 286
348 0 279 1 287
347 0 288 1 288
352 0 310 1 289
349 0 322 1 290
351 0 198 1 291
351 0 213 1 292
343 0 219 1 293
344 0 233 1 294
345 0 248 1 295
347 0 260 1 296
350 0 67 1 297
357 0 119 1 298
361 0 141 1 299
367 0 87 1 300
358 0 37 1 301
360 0 43 1 302
365 0 62 1 303
375 0 148 1 304
366 0 52 1 305
374 0 84 1 306
371 0 103 1 307
372 0 114 1 308
375 0 123 1 309
377 0 135 1 310
378 0 101 1 311
376 0 234 1 312
370 0 258 1 313
384 0 299 1 314
374 0 295 1 315
380 0 209 1 316
380 0 85 1 317
377 0 276 1 318
388 0 220 1 319
387 0 119 1 320
388 0 229 1 321
381 0 61 1 322
386 0 97 1 323
379 0 254 1 324
389 0 86 1 325
398 0 246 1 326
395 0 210 1 327
395 0 194 1 328
404 0 208 1 329
396 0 50 1 330
398 0 258 1 331
409 0 286 1 332
409 0 299 1 333
396 0 294 1 334
409 0 320 1 335
399 0 117 1 336
400 0 247 1 337
394 0 62 1 338
396 0 44 1 339
402 0 233 1 340
409 0 211 1 341
406 0 225 1 342
398 0 40 1 343
408 0 215 1 344
410 0 258 1 345
403 0 64 1 346
405 0 80 1 347
414 0 117 1 348
421 0 69 1 349
421 0 291 1 350
416 0 237 1 351
416 0 206 1 352
410 0 273 1 353
421 0 257 1 354
430 0 273 1 355
433 0 254 1 356
441 0 276 1 357
441 0 301 1 358
432 0 204 1 359
428 0 226 1 360
431 0 237 1 361
428 0 217 1 362
435 0 216 1 363
447 0 206 1 364
455 0 244 1 365
447 0 196 1 366
454 0 267 1 367
450 0 272 1 368
449 0 285 1 369
455 0 245 1 370
450 0 250 1 371
451 0 229 1 372
468 0 199 1 373
464 0 234 1 374
-49 0 18 1 375
-32 0 18 1 376
-15 0 18 1 377
-6 0 20 1 378
17 0 18 1 379
34 0 18 1 380
51 0 18 1 381
68 0 18 1 382
85 0 18 1 383
102 0 18 1 384
116 0 21 1 385
133 0 18 1 386
154 0 23 1 387
164 0 18 1 388
181 0 18 1 389
191 0 20 1 390
209 0 20 1 391
226 0 18 1 392
240 0 20 1 393
257 0 18 1 394
272 0 21 1 395
288 0 18 1 396
305 0 18 1 397
318 0 22 1 398
336 0 18 1 399
353 0 18 1 400
370 0 18 1 401
377 0 24 1 402
408 0 19 1 403
416 0 18 1 404
433 0 18 1 405
450 0 18 1 406
465 0 22 1 407
465 0 26 1 408
488 0 31 1 409
477 0 49 1 410
474 0 64 1 411
488 0 79 1 412
472 0 94 1 413
488 0 110 1 414
475 0 123 1 415
488 0 141 1 416
478 0 154 1 417
488 0 173 1 418
477 0 181 1 419
483 0 199 1 420
478 0 210 1 421
480 0 226 1 422
488 0 248 1 423
479 0 255 1 424
481 0 273 1 425
481 0 287 1 426
488 0 311 1 427
470 0 306 1 428
459 0 310 1 429
442 0 308 1 430
432 0 324 1 431
424 0 338 1 432
410 0 341 1 433
394 0 342 1 434
377 0 342 1 435
360 0 342 1 436
343 0 342 1 437
326 0 342 1 438
309 0 342 1 439
292 0 342 1 440
275 0 342 1 441
258 0 342 1 442
241 0 342 1 443
224 0 342 1 444
208 0 342 1 445
191 0 342 1 446
174 0 342 1 447
157 0 338 1 448
143 0 342 1 449
125 0 342 1 450
108 0 342 1 451
91 0 342 1 452
74 0 342 1 453
57 0 342 1 454
40 0 342 1 455
24 0 339 1 456
9 0 342 1 457
-5 0 336 1 458
-19 0 333 1 459
-33 0 321 1 460
-44 0 315 1 461
-49 0 306 1 462
-40 0 282 1 463
-49 0 275 1 464
-42 0 255 1 465
-40 0 239 1 466
-49 0 230 1 467
-42 0 211 1 468
-45 0 198 1 469
-49 0 184 1 470
-42 0 169 1 471
-49 0 154 1 472
-44 0 139 1 473
-49 0 123 1 474
-38 0 107 1 475
-37 0 91 1 476
-49 0 72 1 477
-49 0 55 1 478
-49 0 38 1 479
