480
22 0 63 1 0
10 0 73 1 1
16 0 89 1 2
16 0 100 1 3
0 0 110 1 4
12 0 118 1 5
7 0 131 1 6
17 0 54 1 7
36 0 49 1 8
26 0 90 1 9
11 0 129 1 10
29 0 89 1 11
46 0 48 1 12
23 0 128 1 13
29 0 121 1 14
46 0 53 1 15
51 0 67 1 16
31 0 80 1 17
2 0 90 1 18
26 0 102 1 19
2 0 109 1 20
34 0 205 1 21
36 0 92 1 22
46 0 107 1 23
40 0 116 1 24
75 0 44 1 25
64 0 56 1 26
65 0 68 1 27
50 0 81 1 28
37 0 132 1 29
37 0 143 1 30
19 0 289 1 31
43 0 216 1 32
37 0 278 1 33
40 0 209 1 34
71 0 43 1 35
55 0 79 1 36
48 0 109 1 37
47 0 224 1 38
29 0 289 1 39
71 0 76 1 40
30 0 257 1 41
68 0 41 1 42
51 0 203 1 43
62 0 109 1 44
73 0 246 1 45
99 0 38 1 46
74 0 74 1 47
63 0 108 1 48
60 0 207 1 49
108 0 38 1 50
100 0 49 1 51
62 0 189 1 52
65 0 195 1 53
69 0 199 1 54
73 0 202 1 55
55 0 237 1 56
87 0 222 1 57
73 0 245 1 58
83 0 250 1 59
80 0 266 1 60
63 0 293 1 61
87 0 275 1 62
92 0 55 1 63
85 0 65 1 64
80 0 76 1 65
73 0 91 1 66
72 0 103 1 67
72 0 113 1 68
66 0 146 1 69
65 0 126 1 70
69 0 137 1 71
87 0 236 1 72
89 0 246 1 73
98 0 205 1 74
102 0 233 1 75
88 0 261 1 76
104 0 234 1 77
89 0 194 1 78
111 0 56 1 79
94 0 99 1 80
101 0 263 1 81
105 0 210 1 82
100 0 238 1 83
92 0 204 1 84
97 0 90 1 85
132 0 50 1 86
111 0 230 1 87
102 0 278 1 88
99 0 81 1 89
94 0 102 1 90
94 0 113 1 91
92 0 128 1 92
119 0 209 1 93
99 0 89 1 94
96 0 140 1 95
145 0 41 1 96
99 0 302 1 97
96 0 147 1 98
113 0 72 1 99
122 0 35 1 100
125 0 65 1 101
110 0 142 1 102
119 0 107 1 103
117 0 134 1 104
130 0 64 1 105
123 0 74 1 106
125 0 82 1 107
116 0 126 1 108
121 0 91 1 109
154 0 46 1 110
141 0 65 1 111
128 0 101 1 112
133 0 88 1 113
149 0 47 1 114
130 0 127 1 115
143 0 140 1 116
134 0 116 1 117
138 0 250 1 118
142 0 145 1 119
138 0 76 1 120
137 0 85 1 121
134 0 312 1 122
150 0 64 1 123
144 0 101 1 124
174 0 47 1 125
160 0 55 1 126
147 0 149 1 127
143 0 265 1 128
154 0 255 1 129
172 0 36 1 130
147 0 84 1 131
170 0 95 1 132
157 0 253 1 133
159 0 192 1 134
153 0 214 1 135
152 0 225 1 136
156 0 217 1 137
155 0 63 1 138
157 0 98 1 139
154 0 73 1 140
157 0 81 1 141
160 0 149 1 142
157 0 238 1 143
178 0 98 1 144
157 0 279 1 145
167 0 257 1 146
166 0 45 1 147
165 0 231 1 148
167 0 192 1 149
163 0 218 1 150
176 0 76 1 151
181 0 87 1 152
165 0 145 1 153
167 0 236 1 154
171 0 62 1 155
172 0 296 1 156
184 0 226 1 157
185 0 45 1 158
188 0 106 1 159
181 0 92 1 160
176 0 210 1 161
174 0 206 1 162
181 0 62 1 163
176 0 71 1 164
176 0 82 1 165
181 0 229 1 166
197 0 104 1 167
190 0 143 1 168
184 0 245 1 169
192 0 198 1 170
200 0 263 1 171
190 0 302 1 172
193 0 244 1 173
201 0 242 1 174
196 0 262 1 175
186 0 203 1 176
193 0 234 1 177
197 0 246 1 178
198 0 210 1 179
191 0 323 1 180
201 0 194 1 181
210 0 209 1 182
213 0 259 1 183
212 0 193 1 184
213 0 245 1 185
216 0 308 1 186
212 0 234 1 187
208 0 208 1 188
217 0 220 1 189
220 0 101 1 190
212 0 141 1 191
217 0 196 1 192
217 0 210 1 193
223 0 256 1 194
218 0 45 1 195
219 0 80 1 196
219 0 88 1 197
221 0 89 1 198
220 0 69 1 199
220 0 53 1 200
219 0 61 1 201
217 0 148 1 202
228 0 238 1 203
218 0 329 1 204
226 0 45 1 205
234 0 102 1 206
235 0 328 1 207
235 0 240 1 208
232 0 42 1 209
235 0 56 1 210
235 0 66 1 211
241 0 68 1 212
240 0 89 1 213
239 0 83 1 214
244 0 104 1 215
244 0 41 1 216
248 0 52 1 217
248 0 64 1 218
250 0 85 1 219
252 0 74 1 220
253 0 99 1 221
257 0 52 1 222
261 0 150 1 223
256 0 221 1 224
258 0 40 1 225
259 0 67 1 226
261 0 78 1 227
260 0 85 1 228
264 0 218 1 229
264 0 91 1 230
264 0 101 1 231
270 0 139 1 232
267 0 148 1 233
262 0 255 1 234
265 0 233 1 235
264 0 245 1 236
267 0 246 1 237
268 0 303 1 238
269 0 208 1 239
268 0 231 1 240
268 0 41 1 241
269 0 54 1 242
271 0 67 1 243
273 0 77 1 244
274 0 88 1 245
271 0 101 1 246
274 0 194 1 247
280 0 96 1 248
284 0 114 1 249
280 0 324 1 250
274 0 43 1 251
279 0 238 1 252
282 0 56 1 253
288 0 91 1 254
285 0 64 1 255
286 0 72 1 256
284 0 78 1 257
286 0 196 1 258
293 0 109 1 259
284 0 222 1 260
283 0 41 1 261
287 0 200 1 262
294 0 300 1 263
299 0 111 1 264
288 0 253 1 265
296 0 218 1 266
297 0 240 1 267
293 0 241 1 268
294 0 254 1 269
304 0 318 1 270
306 0 228 1 271
313 0 244 1 272
321 0 275 1 273
318 0 216 1 274
321 0 232 1 275
312 0 232 1 276
328 0 121 1 277
321 0 66 1 278
321 0 75 1 279
332 0 86 1 280
316 0 45 1 281
322 0 50 1 282
332 0 72 1 283
343 0 121 1 284
325 0 58 1 285
344 0 92 1 286
340 0 267 1 287
336 0 269 1 288
348 0 304 1 289
341 0 317 1 290
345 0 188 1 291
346 0 206 1 292
328 0 201 1 293
330 0 215 1 294
332 0 230 1 295
335 0 245 1 296
338 0 69 1 297
348 0 115 1 298
354 0 134 1 299
362 0 87 1 300
338 0 42 1 301
338 0 48 1 302
350 0 65 1 303
370 0 144 1 304
350 0 56 1 305
362 0 85 1 306
356 0 101 1 307
358 0 110 1 308
365 0 119 1 309
369 0 130 1 310
365 0 99 1 311
362 0 208 1 312
349 0 232 1 313
376 0 290 1 314
355 0 269 1 315
368 0 189 1 316
364 0 86 1 317
355 0 249 1 318
378 0 204 1 319
374 0 115 1 320
376 0 210 1 321
358 0 65 1 322
369 0 97 1 323
354 0 225 1 324
372 0 87 1 325
392 0 238 1 326
384 0 195 1 327
382 0 180 1 328
398 0 201 1 329
378 0 54 1 330
384 0 234 1 331
407 0 283 1 332
407 0 297 1 333
378 0 271 1 334
407 0 317 1 335
384 0 113 1 336
386 0 225 1 337
371 0 66 1 338
373 0 50 1 339
385 0 208 1 340
397 0 197 1 341
390 0 203 1 342
370 0 46 1 343
390 0 194 1 344
395 0 234 1 345
377 0 69 1 346
382 0 82 1 347
401 0 115 1 348
416 0 69 1 349
416 0 282 1 350
400 0 216 1 351
397 0 186 1 352
383 0 231 1 353
403 0 231 1 354
408 0 242 1 355
414 0 230 1 356
430 0 262 1 357
430 0 285 1 358
409 0 183 1 359
399 0 194 1 360
407 0 209 1 361
398 0 186 1 362
413 0 195 1 363
429 0 192 1 364
441 0 230 1 365
417 0 174 1 366
428 0 237 1 367
419 0 233 1 368
417 0 242 1 369
428 0 218 1 370
419 0 215 1 371
418 0 198 1 372
451 0 188 1 373
436 0 208 1 374
-26 0 15 1 375
-9 0 15 1 376
8 0 15 1 377
5 0 22 1 378
36 0 15 1 379
53 0 15 1 380
70 0 15 1 381
87 0 15 1 382
104 0 15 1 383
121 0 15 1 384
132 0 24 1 385
149 0 15 1 386
174 0 27 1 387
176 0 15 1 388
193 0 15 1 389
194 0 21 1 390
212 0 20 1 391
230 0 15 1 392
240 0 22 1 393
258 0 15 1 394
270 0 24 1 395
285 0 15 1 396
302 0 15 1 397
309 0 26 1 398
330 0 15 1 399
347 0 15 1 400
364 0 15 1 401
356 0 29 1 402
407 0 19 1 403
402 0 15 1 404
419 0 15 1 405
436 0 15 1 406
448 0 26 1 407
426 0 33 1 408
465 0 37 1 409
441 0 56 1 410
434 0 69 1 411
465 0 81 1 412
429 0 94 1 413
465 0 109 1 414
435 0 117 1 415
465 0 136 1 416
443 0 142 1 417
465 0 164 1 418
441 0 164 1 419
454 0 180 1 420
442 0 185 1 421
447 0 201 1 422
465 0 228 1 423
445 0 222 1 424
449 0 240 1 425
449 0 252 1 426
465 0 283 1 427
436 0 261 1 428
431 0 272 1 429
415 0 267 1 430
415 0 303 1 431
418 0 335 1 432
408 0 342 1 433
394 0 345 1 434
377 0 345 1 435
360 0 345 1 436
343 0 345 1 437
326 0 345 1 438
309 0 345 1 439
292 0 345 1 440
275 0 345 1 441
258 0 345 1 442
241 0 345 1 443
223 0 345 1 444
207 0 345 1 445
190 0 345 1 446
173 0 345 1 447
157 0 334 1 448
146 0 345 1 449
129 0 345 1 450
112 0 345 1 451
95 0 345 1 452
78 0 345 1 453
60 0 345 1 454
43 0 345 1 455
27 0 337 1 456
17 0 344 1 457
7 0 331 1 458
-4 0 324 1 459
-14 0 297 1 460
-17 0 283 1 461
-26 0 281 1 462
-6 0 249 1 463
-26 0 254 1 464
-11 0 230 1 465
-7 0 215 1 466
-26 0 216 1 467
-11 0 197 1 468
-18 0 189 1 469
-26 0 179 1 470
-10 0 164 1 471
-26 0 152 1 472
-15 0 139 1 473
-26 0 124 1 474
-1 0 110 1 475
-1 0 94 1 476
-26 0 73 1 477
-26 0 56 1 478
-26 0 39 1 479
