480
11 0 62 1 0
1 0 73 1 1
6 0 88 1 2
6 0 99 1 3
-7 0 109 1 4
3 0 118 1 5
-1 0 131 1 6
7 0 53 1 7
24 0 48 1 8
16 0 90 1 9
4 0 129 1 10
20 0 88 1 11
34 0 47 1 12
15 0 128 1 13
21 0 121 1 14
35 0 53 1 15
40 0 67 1 16
23 0 80 1 17
-1 0 89 1 18
19 0 101 1 19
-1 0 109 1 20
29 0 211 1 21
31 0 92 1 22
39 0 106 1 23
35 0 116 1 24
64 0 43 1 25
54 0 55 1 26
55 0 68 1 27
43 0 80 1 28
32 0 132 1 29
32 0 143 1 30
17 0 292 1 31
38 0 222 1 32
33 0 281 1 33
36 0 213 1 34
62 0 42 1 35
49 0 79 1 36
43 0 109 1 37
42 0 230 1 38
28 0 289 1 39
64 0 75 1 40
29 0 258 1 41
62 0 40 1 42
47 0 209 1 43
56 0 109 1 44
66 0 253 1 45
89 0 38 1 46
68 0 74 1 47
58 0 107 1 48
56 0 211 1 49
98 0 38 1 50
91 0 48 1 51
60 0 192 1 52
62 0 198 1 53
65 0 203 1 54
69 0 208 1 55
54 0 239 1 56
81 0 228 1 57
69 0 249 1 58
77 0 255 1 59
75 0 271 1 60
61 0 296 1 61
81 0 282 1 62
85 0 55 1 63
79 0 64 1 64
75 0 76 1 65
70 0 91 1 66
68 0 103 1 67
69 0 113 1 68
63 0 146 1 69
63 0 126 1 70
66 0 137 1 71
82 0 241 1 72
85 0 250 1 73
93 0 209 1 74
96 0 239 1 75
84 0 265 1 76
98 0 239 1 77
86 0 197 1 78
106 0 56 1 79
91 0 99 1 80
97 0 267 1 81
101 0 214 1 82
97 0 241 1 83
90 0 206 1 84
94 0 90 1 85
125 0 49 1 86
107 0 233 1 87
100 0 282 1 88
98 0 81 1 89
94 0 102 1 90
94 0 113 1 91
92 0 128 1 92
115 0 213 1 93
98 0 89 1 94
96 0 140 1 95
137 0 40 1 96
99 0 303 1 97
96 0 147 1 98
110 0 72 1 99
119 0 35 1 100
121 0 65 1 101
110 0 142 1 102
118 0 107 1 103
117 0 134 1 104
128 0 64 1 105
122 0 74 1 106
124 0 82 1 107
116 0 126 1 108
121 0 91 1 109
149 0 46 1 110
139 0 65 1 111
128 0 102 1 112
132 0 88 1 113
146 0 46 1 114
130 0 127 1 115
141 0 140 1 116
134 0 117 1 117
137 0 253 1 118
141 0 145 1 119
137 0 76 1 120
137 0 85 1 121
134 0 312 1 122
148 0 64 1 123
144 0 101 1 124
169 0 46 1 125
157 0 55 1 126
146 0 149 1 127
143 0 265 1 128
152 0 262 1 129
168 0 36 1 130
147 0 84 1 131
167 0 99 1 132
156 0 260 1 133
157 0 195 1 134
152 0 215 1 135
151 0 226 1 136
155 0 221 1 137
154 0 63 1 138
156 0 99 1 139
154 0 73 1 140
156 0 82 1 141
159 0 148 1 142
157 0 241 1 143
175 0 102 1 144
157 0 279 1 145
165 0 264 1 146
164 0 45 1 147
164 0 236 1 148
166 0 195 1 149
163 0 220 1 150
174 0 77 1 151
178 0 90 1 152
164 0 145 1 153
166 0 238 1 154
170 0 62 1 155
171 0 297 1 156
181 0 232 1 157
182 0 45 1 158
185 0 110 1 159
180 0 94 1 160
175 0 213 1 161
174 0 207 1 162
180 0 62 1 163
176 0 71 1 164
176 0 82 1 165
180 0 232 1 166
194 0 108 1 167
188 0 143 1 168
183 0 248 1 169
190 0 202 1 170
197 0 269 1 171
188 0 303 1 172
191 0 249 1 173
198 0 248 1 174
193 0 266 1 175
186 0 204 1 176
192 0 236 1 177
196 0 249 1 178
197 0 213 1 179
191 0 322 1 180
201 0 197 1 181
207 0 214 1 182
210 0 263 1 183
210 0 198 1 184
211 0 248 1 185
214 0 310 1 186
211 0 236 1 187
208 0 208 1 188
216 0 223 1 189
219 0 105 1 190
212 0 141 1 191
216 0 199 1 192
216 0 213 1 193
220 0 260 1 194
217 0 45 1 195
218 0 83 1 196
218 0 91 1 197
220 0 93 1 198
219 0 71 1 199
220 0 53 1 200
218 0 62 1 201
217 0 148 1 202
225 0 242 1 203
218 0 328 1 204
225 0 45 1 205
233 0 106 1 206
233 0 328 1 207
234 0 244 1 208
232 0 42 1 209
235 0 57 1 210
235 0 66 1 211
240 0 70 1 212
239 0 91 1 213
238 0 84 1 214
243 0 107 1 215
244 0 41 1 216
248 0 52 1 217
248 0 65 1 218
250 0 87 1 219
252 0 76 1 220
253 0 104 1 221
257 0 52 1 222
261 0 150 1 223
256 0 224 1 224
258 0 40 1 225
259 0 67 1 226
261 0 79 1 227
260 0 87 1 228
264 0 220 1 229
264 0 95 1 230
264 0 105 1 231
269 0 139 1 232
267 0 148 1 233
263 0 262 1 234
266 0 240 1 235
265 0 252 1 236
267 0 249 1 237
268 0 305 1 238
269 0 211 1 239
268 0 235 1 240
269 0 41 1 241
270 0 54 1 242
271 0 67 1 243
273 0 78 1 244
274 0 90 1 245
271 0 103 1 246
275 0 197 1 247
280 0 98 1 248
284 0 116 1 249
280 0 324 1 250
275 0 42 1 251
279 0 240 1 252
283 0 56 1 253
288 0 92 1 254
285 0 64 1 255
286 0 72 1 256
285 0 78 1 257
286 0 198 1 258
292 0 111 1 259
285 0 227 1 260
285 0 40 1 261
288 0 204 1 262
294 0 303 1 263
299 0 113 1 264
290 0 258 1 265
297 0 220 1 266
298 0 242 1 267
294 0 245 1 268
295 0 257 1 269
304 0 318 1 270
307 0 229 1 271
316 0 249 1 272
322 0 277 1 273
320 0 219 1 274
322 0 234 1 275
315 0 237 1 276
329 0 121 1 277
323 0 65 1 278
323 0 75 1 279
332 0 86 1 280
320 0 44 1 281
326 0 49 1 282
334 0 71 1 283
343 0 122 1 284
328 0 57 1 285
346 0 92 1 286
343 0 270 1 287
339 0 274 1 288
349 0 306 1 289
343 0 318 1 290
347 0 191 1 291
348 0 208 1 292
332 0 206 1 293
334 0 220 1 294
336 0 235 1 295
338 0 249 1 296
341 0 69 1 297
350 0 116 1 298
356 0 136 1 299
363 0 87 1 300
344 0 41 1 301
344 0 46 1 302
354 0 64 1 303
371 0 145 1 304
354 0 55 1 305
366 0 85 1 306
360 0 102 1 307
362 0 111 1 308
368 0 120 1 309
371 0 132 1 310
369 0 100 1 311
366 0 215 1 312
355 0 239 1 313
379 0 293 1 314
361 0 276 1 315
371 0 195 1 316
368 0 86 1 317
361 0 256 1 318
381 0 209 1 319
377 0 116 1 320
379 0 216 1 321
365 0 64 1 322
374 0 97 1 323
361 0 233 1 324
377 0 87 1 325
394 0 240 1 326
387 0 199 1 327
386 0 183 1 328
400 0 203 1 329
383 0 53 1 330
388 0 241 1 331
408 0 284 1 332
408 0 298 1 333
384 0 278 1 334
408 0 318 1 335
388 0 114 1 336
390 0 232 1 337
378 0 65 1 338
380 0 48 1 339
390 0 215 1 340
401 0 201 1 341
394 0 210 1 342
378 0 44 1 343
396 0 200 1 344
399 0 240 1 345
384 0 67 1 346
389 0 81 1 347
404 0 115 1 348
418 0 69 1 349
418 0 285 1 350
405 0 222 1 351
403 0 192 1 352
391 0 243 1 353
408 0 238 1 354
414 0 251 1 355
420 0 237 1 356
433 0 266 1 357
433 0 290 1 358
415 0 189 1 359
407 0 203 1 360
414 0 217 1 361
406 0 195 1 362
419 0 201 1 363
434 0 196 1 364
445 0 234 1 365
425 0 180 1 366
436 0 246 1 367
428 0 244 1 368
426 0 254 1 369
435 0 225 1 370
428 0 225 1 371
428 0 207 1 372
456 0 191 1 373
443 0 215 1 374
-32 0 16 1 375
-15 0 16 1 376
2 0 16 1 377
2 0 21 1 378
30 0 16 1 379
47 0 16 1 380
64 0 16 1 381
82 0 16 1 382
99 0 16 1 383
116 0 16 1 384
128 0 23 1 385
144 0 16 1 386
168 0 26 1 387
173 0 16 1 388
190 0 16 1 389
193 0 21 1 390
211 0 20 1 391
229 0 16 1 392
240 0 21 1 393
257 0 16 1 394
270 0 23 1 395
286 0 16 1 396
303 0 16 1 397
312 0 25 1 398
332 0 16 1 399
349 0 16 1 400
366 0 16 1 401
362 0 28 1 402
407 0 19 1 403
406 0 16 1 404
423 0 16 1 405
440 0 16 1 406
453 0 25 1 407
437 0 31 1 408
472 0 35 1 409
451 0 54 1 410
446 0 67 1 411
472 0 81 1 412
442 0 94 1 413
472 0 109 1 414
446 0 119 1 415
472 0 138 1 416
453 0 145 1 417
472 0 166 1 418
451 0 169 1 419
462 0 186 1 420
452 0 192 1 421
456 0 208 1 422
472 0 234 1 423
454 0 232 1 424
458 0 250 1 425
458 0 262 1 426
472 0 291 1 427
446 0 274 1 428
439 0 283 1 429
423 0 279 1 430
420 0 309 1 431
420 0 336 1 432
409 0 341 1 433
394 0 344 1 434
377 0 344 1 435
360 0 344 1 436
343 0 344 1 437
326 0 344 1 438
309 0 344 1 439
292 0 344 1 440
275 0 344 1 441
258 0 344 1 442
241 0 344 1 443
224 0 344 1 444
208 0 344 1 445
190 0 344 1 446
173 0 344 1 447
157 0 335 1 448
145 0 344 1 449
128 0 344 1 450
111 0 344 1 451
94 0 344 1 452
77 0 344 1 453
60 0 344 1 454
42 0 344 1 455
26 0 338 1 456
15 0 343 1 457
3 0 332 1 458
-8 0 327 1 459
-20 0 304 1 460
-25 0 292 1 461
-32 0 288 1 462
-16 0 258 1 463
-32 0 260 1 464
-20 0 237 1 465
-16 0 222 1 466
-32 0 220 1 467
-20 0 201 1 468
-25 0 192 1 469
-32 0 180 1 470
-19 0 166 1 471
-32 0 152 1 472
-24 0 139 1 473
-32 0 124 1 474
-12 0 109 1 475
-11 0 93 1 476
-32 0 73 1 477
-32 0 55 1 478
-32 0 38 1 479
