480
-13 0 61 1 0
-19 0 72 1 1
-16 0 86 1 2
-16 0 97 1 3
-24 0 108 1 4
-18 0 117 1 5
-21 0 130 1 6
-15 0 52 1 7
-3 0 46 1 8
-7 0 88 1 9
-12 0 128 1 10
-1 0 86 1 11
8 0 45 1 12
-3 0 127 1 13
3 0 121 1 14
11 0 52 1 15
14 0 66 1 16
5 0 78 1 17
-10 0 89 1 18
2 0 99 1 19
-10 0 108 1 20
18 0 222 1 21
20 0 91 1 22
24 0 105 1 23
22 0 116 1 24
39 0 41 1 25
34 0 54 1 26
34 0 67 1 27
27 0 78 1 28
21 0 131 1 29
21 0 144 1 30
12 0 298 1 31
27 0 235 1 32
25 0 289 1 33
27 0 223 1 34
42 0 41 1 35
35 0 78 1 36
33 0 108 1 37
32 0 242 1 38
26 0 291 1 39
47 0 75 1 40
27 0 260 1 41
46 0 38 1 42
38 0 220 1 43
44 0 108 1 44
50 0 268 1 45
66 0 37 1 46
54 0 73 1 47
49 0 107 1 48
48 0 222 1 49
76 0 37 1 50
73 0 46 1 51
55 0 198 1 52
56 0 205 1 53
58 0 212 1 54
60 0 220 1 55
51 0 242 1 56
67 0 241 1 57
60 0 257 1 58
65 0 268 1 59
64 0 282 1 60
56 0 302 1 61
67 0 299 1 62
70 0 54 1 63
67 0 64 1 64
64 0 75 1 65
61 0 90 1 66
60 0 102 1 67
60 0 112 1 68
57 0 147 1 69
58 0 126 1 70
59 0 137 1 71
70 0 252 1 72
74 0 261 1 73
81 0 220 1 74
84 0 251 1 75
77 0 272 1 76
87 0 250 1 77
82 0 203 1 78
94 0 55 1 79
85 0 99 1 80
89 0 278 1 81
92 0 223 1 82
90 0 248 1 83
87 0 210 1 84
90 0 90 1 85
107 0 48 1 86
98 0 242 1 87
94 0 289 1 88
95 0 81 1 89
93 0 102 1 90
93 0 113 1 91
92 0 128 1 92
105 0 222 1 93
95 0 89 1 94
94 0 140 1 95
118 0 40 1 96
97 0 305 1 97
96 0 148 1 98
105 0 72 1 99
112 0 34 1 100
114 0 65 1 101
111 0 142 1 102
117 0 108 1 103
116 0 134 1 104
123 0 64 1 105
120 0 74 1 106
121 0 82 1 107
117 0 126 1 108
120 0 91 1 109
137 0 45 1 110
134 0 65 1 111
128 0 104 1 112
131 0 88 1 113
140 0 46 1 114
130 0 129 1 115
136 0 139 1 116
133 0 119 1 117
134 0 261 1 118
138 0 145 1 119
137 0 76 1 120
137 0 85 1 121
135 0 312 1 122
144 0 64 1 123
142 0 103 1 124
157 0 46 1 125
151 0 55 1 126
145 0 148 1 127
143 0 267 1 128
149 0 278 1 129
158 0 35 1 130
147 0 85 1 131
158 0 107 1 132
152 0 274 1 133
154 0 202 1 134
151 0 218 1 135
151 0 228 1 136
153 0 231 1 137
153 0 63 1 138
154 0 101 1 139
154 0 73 1 140
155 0 83 1 141
157 0 148 1 142
155 0 246 1 143
166 0 111 1 144
156 0 281 1 145
161 0 279 1 146
161 0 45 1 147
161 0 249 1 148
163 0 201 1 149
162 0 223 1 150
169 0 81 1 151
172 0 96 1 152
164 0 145 1 153
164 0 242 1 154
168 0 62 1 155
169 0 300 1 156
175 0 247 1 157
177 0 45 1 158
179 0 117 1 159
176 0 98 1 160
173 0 219 1 161
174 0 208 1 162
178 0 62 1 163
175 0 72 1 164
175 0 83 1 165
177 0 238 1 166
187 0 118 1 167
183 0 143 1 168
180 0 256 1 169
186 0 213 1 170
190 0 282 1 171
185 0 306 1 172
187 0 260 1 173
191 0 264 1 174
189 0 277 1 175
185 0 206 1 176
190 0 240 1 177
193 0 256 1 178
194 0 219 1 179
192 0 320 1 180
199 0 201 1 181
203 0 227 1 182
204 0 273 1 183
206 0 210 1 184
207 0 254 1 185
210 0 314 1 186
209 0 240 1 187
208 0 209 1 188
213 0 229 1 189
215 0 115 1 190
211 0 141 1 191
213 0 207 1 192
213 0 219 1 193
216 0 271 1 194
214 0 45 1 195
215 0 88 1 196
215 0 97 1 197
216 0 103 1 198
216 0 75 1 199
217 0 54 1 200
216 0 63 1 201
215 0 149 1 202
220 0 251 1 203
217 0 325 1 204
223 0 45 1 205
230 0 116 1 206
230 0 326 1 207
231 0 252 1 208
232 0 42 1 209
234 0 57 1 210
235 0 67 1 211
238 0 73 1 212
238 0 97 1 213
238 0 87 1 214
242 0 116 1 215
245 0 41 1 216
247 0 53 1 217
247 0 68 1 218
249 0 92 1 219
251 0 81 1 220
253 0 113 1 221
257 0 53 1 222
259 0 150 1 223
257 0 231 1 224
259 0 39 1 225
259 0 69 1 226
261 0 81 1 227
261 0 92 1 228
264 0 224 1 229
265 0 103 1 230
265 0 114 1 231
267 0 138 1 232
266 0 149 1 233
265 0 279 1 234
266 0 256 1 235
266 0 268 1 236
268 0 255 1 237
268 0 310 1 238
269 0 216 1 239
269 0 244 1 240
270 0 40 1 241
270 0 53 1 242
271 0 68 1 243
273 0 80 1 244
274 0 93 1 245
272 0 107 1 246
277 0 205 1 247
280 0 102 1 248
282 0 120 1 249
280 0 323 1 250
278 0 41 1 251
280 0 245 1 252
284 0 56 1 253
287 0 94 1 254
286 0 64 1 255
287 0 72 1 256
286 0 80 1 257
288 0 202 1 258
292 0 117 1 259
288 0 237 1 260
288 0 39 1 261
290 0 211 1 262
296 0 311 1 263
299 0 118 1 264
294 0 270 1 265
299 0 223 1 266
300 0 247 1 267
297 0 254 1 268
298 0 266 1 269
305 0 318 1 270
309 0 232 1 271
322 0 260 1 272
325 0 283 1 273
325 0 225 1 274
326 0 239 1 275
322 0 248 1 276
330 0 123 1 277
328 0 64 1 278
328 0 74 1 279
333 0 86 1 280
328 0 42 1 281
334 0 47 1 282
339 0 71 1 283
345 0 123 1 284
337 0 55 1 285
350 0 92 1 286
348 0 278 1 287
346 0 286 1 288
351 0 309 1 289
348 0 322 1 290
351 0 198 1 291
351 0 213 1 292
342 0 217 1 293
343 0 232 1 294
344 0 246 1 295
346 0 259 1 296
349 0 67 1 297
356 0 119 1 298
361 0 141 1 299
366 0 87 1 300
356 0 38 1 301
358 0 43 1 302
364 0 62 1 303
374 0 147 1 304
365 0 52 1 305
373 0 84 1 306
370 0 103 1 307
371 0 113 1 308
375 0 123 1 309
376 0 135 1 310
377 0 100 1 311
375 0 232 1 312
369 0 256 1 313
383 0 299 1 314
373 0 293 1 315
380 0 207 1 316
379 0 85 1 317
375 0 274 1 318
387 0 219 1 319
386 0 118 1 320
387 0 227 1 321
379 0 62 1 322
385 0 97 1 323
377 0 252 1 324
388 0 86 1 325
398 0 245 1 326
394 0 209 1 327
394 0 193 1 328
404 0 208 1 329
394 0 50 1 330
397 0 256 1 331
409 0 286 1 332
409 0 299 1 333
395 0 292 1 334
409 0 320 1 335
398 0 117 1 336
399 0 246 1 337
393 0 62 1 338
395 0 44 1 339
401 0 231 1 340
408 0 210 1 341
405 0 224 1 342
396 0 40 1 343
407 0 214 1 344
409 0 256 1 345
401 0 64 1 346
404 0 81 1 347
413 0 117 1 348
421 0 69 1 349
421 0 290 1 350
415 0 236 1 351
414 0 204 1 352
408 0 270 1 353
420 0 255 1 354
428 0 271 1 355
432 0 252 1 356
440 0 275 1 357
440 0 300 1 358
430 0 202 1 359
425 0 223 1 360
429 0 235 1 361
426 0 215 1 362
433 0 214 1 363
445 0 205 1 364
454 0 243 1 365
445 0 194 1 366
452 0 265 1 367
448 0 269 1 368
447 0 282 1 369
453 0 243 1 370
448 0 248 1 371
448 0 227 1 372
467 0 199 1 373
461 0 232 1 374
-47 0 17 1 375
-30 0 17 1 376
-13 0 17 1 377
-5 0 21 1 378
18 0 17 1 379
35 0 17 1 380
52 0 17 1 381
69 0 17 1 382
86 0 17 1 383
103 0 17 1 384
118 0 21 1 385
134 0 17 1 386
155 0 23 1 387
165 0 17 1 388
182 0 17 1 389
191 0 20 1 390
209 0 20 1 391
226 0 17 1 392
240 0 21 1 393
257 0 17 1 394
272 0 21 1 395
288 0 17 1 396
305 0 17 1 397
317 0 23 1 398
336 0 17 1 399
353 0 17 1 400
370 0 17 1 401
375 0 24 1 402
408 0 19 1 403
415 0 17 1 404
432 0 17 1 405
449 0 17 1 406
464 0 23 1 407
462 0 26 1 408
486 0 31 1 409
474 0 49 1 410
471 0 64 1 411
486 0 79 1 412
469 0 94 1 413
486 0 110 1 414
472 0 123 1 415
486 0 141 1 416
475 0 153 1 417
486 0 172 1 418
474 0 180 1 419
481 0 197 1 420
475 0 208 1 421
477 0 224 1 422
486 0 247 1 423
476 0 253 1 424
478 0 270 1 425
478 0 285 1 426
486 0 308 1 427
468 0 302 1 428
456 0 307 1 429
440 0 305 1 430
431 0 322 1 431
424 0 338 1 432
410 0 341 1 433
394 0 343 1 434
377 0 343 1 435
360 0 343 1 436
343 0 343 1 437
326 0 343 1 438
309 0 343 1 439
292 0 343 1 440
275 0 343 1 441
258 0 343 1 442
241 0 343 1 443
224 0 343 1 444
208 0 343 1 445
191 0 343 1 446
174 0 343 1 447
157 0 338 1 448
143 0 343 1 449
126 0 343 1 450
109 0 343 1 451
92 0 343 1 452
75 0 343 1 453
57 0 343 1 454
40 0 343 1 455
24 0 339 1 456
10 0 342 1 457
-4 0 336 1 458
-18 0 332 1 459
-31 0 320 1 460
-42 0 313 1 461
-47 0 304 1 462
-38 0 280 1 463
-47 0 273 1 464
-40 0 253 1 465
-38 0 237 1 466
-47 0 228 1 467
-40 0 210 1 468
-43 0 198 1 469
-47 0 184 1 470
-39 0 169 1 471
-47 0 154 1 472
-42 0 139 1 473
-47 0 123 1 474
-35 0 107 1 475
-35 0 91 1 476
-47 0 72 1 477
-47 0 55 1 478
-47 0 38 1 479
