480
-20 0 61 1 0
-25 0 71 1 1
-22 0 86 1 2
-22 0 97 1 3
-29 0 108 1 4
-24 0 117 1 5
-26 0 130 1 6
-21 0 51 1 7
-10 0 46 1 8
-13 0 87 1 9
-17 0 128 1 10
-7 0 86 1 11
1 0 45 1 12
-7 0 127 1 13
-2 0 121 1 14
5 0 52 1 15
7 0 65 1 16
0 0 77 1 17
-12 0 88 1 18
-3 0 99 1 19
-12 0 108 1 20
15 0 225 1 21
17 0 90 1 22
21 0 105 1 23
18 0 116 1 24
32 0 41 1 25
28 0 54 1 26
28 0 67 1 27
23 0 78 1 28
18 0 131 1 29
18 0 144 1 30
11 0 299 1 31
24 0 239 1 32
22 0 291 1 33
24 0 226 1 34
37 0 40 1 35
31 0 77 1 36
30 0 108 1 37
29 0 246 1 38
26 0 292 1 39
43 0 74 1 40
27 0 261 1 41
42 0 38 1 42
35 0 224 1 43
41 0 107 1 44
46 0 272 1 45
60 0 37 1 46
50 0 73 1 47
46 0 106 1 48
45 0 225 1 49
70 0 37 1 50
68 0 46 1 51
54 0 200 1 52
55 0 207 1 53
56 0 215 1 54
58 0 223 1 55
51 0 243 1 56
63 0 244 1 57
58 0 259 1 58
62 0 271 1 59
61 0 285 1 60
54 0 303 1 61
63 0 303 1 62
66 0 54 1 63
63 0 63 1 64
61 0 75 1 65
59 0 90 1 66
58 0 101 1 67
58 0 112 1 68
56 0 148 1 69
56 0 126 1 70
57 0 137 1 71
67 0 255 1 72
72 0 263 1 73
78 0 223 1 74
80 0 255 1 75
75 0 274 1 76
84 0 253 1 77
81 0 204 1 78
91 0 55 1 79
84 0 99 1 80
87 0 281 1 81
89 0 225 1 82
88 0 250 1 83
86 0 211 1 84
89 0 90 1 85
103 0 48 1 86
95 0 244 1 87
92 0 291 1 88
94 0 81 1 89
92 0 102 1 90
93 0 113 1 91
92 0 128 1 92
102 0 225 1 93
95 0 89 1 94
94 0 140 1 95
113 0 39 1 96
96 0 305 1 97
96 0 148 1 98
103 0 72 1 99
110 0 34 1 100
112 0 65 1 101
112 0 142 1 102
117 0 108 1 103
116 0 134 1 104
122 0 64 1 105
119 0 74 1 106
120 0 82 1 107
117 0 126 1 108
119 0 91 1 109
134 0 44 1 110
133 0 65 1 111
128 0 104 1 112
131 0 88 1 113
138 0 45 1 114
130 0 130 1 115
135 0 139 1 116
133 0 120 1 117
134 0 263 1 118
137 0 145 1 119
136 0 76 1 120
137 0 85 1 121
136 0 312 1 122
143 0 64 1 123
141 0 103 1 124
154 0 45 1 125
149 0 55 1 126
144 0 148 1 127
143 0 267 1 128
148 0 282 1 129
156 0 34 1 130
147 0 85 1 131
156 0 110 1 132
151 0 277 1 133
153 0 204 1 134
151 0 218 1 135
150 0 228 1 136
152 0 233 1 137
153 0 63 1 138
154 0 102 1 139
154 0 73 1 140
155 0 83 1 141
156 0 147 1 142
155 0 247 1 143
164 0 113 1 144
156 0 281 1 145
160 0 283 1 146
160 0 45 1 147
160 0 253 1 148
163 0 203 1 149
161 0 224 1 150
167 0 82 1 151
170 0 98 1 152
163 0 145 1 153
164 0 244 1 154
168 0 62 1 155
169 0 301 1 156
174 0 251 1 157
176 0 45 1 158
177 0 119 1 159
175 0 99 1 160
173 0 221 1 161
174 0 208 1 162
177 0 62 1 163
175 0 73 1 164
175 0 83 1 165
177 0 239 1 166
185 0 121 1 167
182 0 143 1 168
180 0 258 1 169
185 0 215 1 170
188 0 285 1 171
184 0 307 1 172
186 0 263 1 173
190 0 268 1 174
188 0 280 1 175
185 0 206 1 176
190 0 241 1 177
192 0 258 1 178
193 0 220 1 179
192 0 319 1 180
198 0 202 1 181
202 0 231 1 182
203 0 276 1 183
205 0 213 1 184
206 0 256 1 185
209 0 315 1 186
208 0 241 1 187
208 0 209 1 188
212 0 230 1 189
214 0 118 1 190
210 0 141 1 191
213 0 209 1 192
213 0 220 1 193
215 0 273 1 194
213 0 45 1 195
214 0 89 1 196
214 0 98 1 197
215 0 105 1 198
215 0 76 1 199
216 0 55 1 200
216 0 64 1 201
215 0 149 1 202
220 0 254 1 203
217 0 325 1 204
222 0 45 1 205
229 0 118 1 206
229 0 325 1 207
230 0 255 1 208
232 0 42 1 209
234 0 58 1 210
235 0 68 1 211
237 0 74 1 212
237 0 98 1 213
237 0 87 1 214
241 0 118 1 215
245 0 41 1 216
246 0 53 1 217
247 0 68 1 218
249 0 94 1 219
251 0 82 1 220
253 0 116 1 221
257 0 53 1 222
259 0 150 1 223
257 0 233 1 224
259 0 39 1 225
259 0 69 1 226
261 0 82 1 227
261 0 93 1 228
264 0 225 1 229
265 0 105 1 230
265 0 116 1 231
267 0 137 1 232
266 0 149 1 233
265 0 284 1 234
267 0 260 1 235
266 0 272 1 236
268 0 257 1 237
268 0 312 1 238
269 0 218 1 239
269 0 247 1 240
270 0 39 1 241
271 0 53 1 242
271 0 68 1 243
273 0 81 1 244
274 0 94 1 245
272 0 108 1 246
277 0 207 1 247
280 0 103 1 248
282 0 121 1 249
280 0 323 1 250
278 0 40 1 251
281 0 246 1 252
284 0 56 1 253
286 0 95 1 254
287 0 64 1 255
287 0 72 1 256
286 0 81 1 257
288 0 203 1 258
291 0 118 1 259
288 0 240 1 260
289 0 38 1 261
291 0 213 1 262
296 0 313 1 263
299 0 119 1 264
295 0 273 1 265
299 0 224 1 266
300 0 249 1 267
298 0 257 1 268
299 0 268 1 269
305 0 318 1 270
309 0 233 1 271
323 0 263 1 272
326 0 284 1 273
326 0 227 1 274
327 0 241 1 275
324 0 251 1 276
330 0 123 1 277
329 0 64 1 278
329 0 74 1 279
333 0 86 1 280
330 0 42 1 281
337 0 47 1 282
340 0 70 1 283
345 0 123 1 284
339 0 55 1 285
351 0 92 1 286
349 0 280 1 287
348 0 289 1 288
352 0 310 1 289
349 0 323 1 290
352 0 199 1 291
352 0 214 1 292
345 0 220 1 293
346 0 235 1 294
346 0 249 1 295
348 0 262 1 296
351 0 67 1 297
358 0 119 1 298
362 0 142 1 299
367 0 87 1 300
360 0 37 1 301
362 0 42 1 302
367 0 62 1 303
375 0 148 1 304
368 0 51 1 305
375 0 84 1 306
372 0 103 1 307
374 0 114 1 308
376 0 124 1 309
378 0 136 1 310
379 0 101 1 311
378 0 236 1 312
373 0 260 1 313
384 0 300 1 314
376 0 297 1 315
382 0 210 1 316
381 0 84 1 317
379 0 279 1 318
389 0 222 1 319
388 0 119 1 320
389 0 231 1 321
383 0 61 1 322
388 0 97 1 323
382 0 257 1 324
391 0 86 1 325
399 0 247 1 326
396 0 212 1 327
397 0 195 1 328
405 0 209 1 329
397 0 49 1 330
400 0 260 1 331
409 0 286 1 332
409 0 299 1 333
398 0 296 1 334
409 0 321 1 335
401 0 117 1 336
402 0 249 1 337
397 0 62 1 338
399 0 43 1 339
404 0 235 1 340
410 0 212 1 341
408 0 227 1 342
401 0 39 1 343
410 0 218 1 344
412 0 260 1 345
405 0 63 1 346
407 0 80 1 347
415 0 118 1 348
422 0 69 1 349
422 0 292 1 350
418 0 239 1 351
418 0 207 1 352
412 0 277 1 353
423 0 260 1 354
432 0 276 1 355
435 0 257 1 356
442 0 277 1 357
442 0 303 1 358
434 0 205 1 359
430 0 229 1 360
434 0 240 1 361
431 0 220 1 362
437 0 218 1 363
448 0 208 1 364
456 0 246 1 365
450 0 198 1 366
457 0 270 1 367
453 0 276 1 368
452 0 289 1 369
457 0 248 1 370
453 0 254 1 371
454 0 232 1 372
470 0 200 1 373
466 0 236 1 374
-51 0 18 1 375
-34 0 18 1 376
-17 0 18 1 377
-7 0 20 1 378
15 0 18 1 379
32 0 18 1 380
49 0 18 1 381
66 0 18 1 382
83 0 18 1 383
100 0 18 1 384
115 0 21 1 385
132 0 18 1 386
152 0 22 1 387
163 0 18 1 388
180 0 18 1 389
191 0 20 1 390
208 0 20 1 391
225 0 18 1 392
240 0 20 1 393
257 0 18 1 394
272 0 21 1 395
288 0 18 1 396
305 0 18 1 397
319 0 22 1 398
337 0 18 1 399
354 0 18 1 400
371 0 18 1 401
379 0 23 1 402
409 0 19 1 403
417 0 18 1 404
434 0 18 1 405
451 0 18 1 406
467 0 22 1 407
468 0 25 1 408
490 0 30 1 409
481 0 48 1 410
478 0 63 1 411
490 0 79 1 412
476 0 94 1 413
490 0 110 1 414
478 0 124 1 415
490 0 142 1 416
481 0 155 1 417
490 0 173 1 418
480 0 183 1 419
486 0 200 1 420
481 0 212 1 421
483 0 229 1 422
490 0 250 1 423
482 0 258 1 424
484 0 276 1 425
484 0 291 1 426
490 0 313 1 427
474 0 310 1 428
461 0 314 1 429
444 0 312 1 430
434 0 326 1 431
425 0 338 1 432
410 0 341 1 433
395 0 342 1 434
377 0 342 1 435
360 0 342 1 436
343 0 342 1 437
326 0 342 1 438
309 0 342 1 439
292 0 342 1 440
275 0 342 1 441
258 0 342 1 442
241 0 342 1 443
224 0 342 1 444
208 0 342 1 445
191 0 342 1 446
174 0 342 1 447
157 0 338 1 448
142 0 342 1 449
125 0 342 1 450
108 0 342 1 451
91 0 342 1 452
74 0 342 1 453
57 0 342 1 454
40 0 342 1 455
23 0 339 1 456
9 0 342 1 457
-6 0 337 1 458
-20 0 334 1 459
-35 0 324 1 460
-46 0 318 1 461
-51 0 308 1 462
-43 0 285 1 463
-51 0 277 1 464
-45 0 257 1 465
-43 0 241 1 466
-51 0 231 1 467
-45 0 213 1 468
-48 0 199 1 469
-51 0 185 1 470
-45 0 170 1 471
-51 0 154 1 472
-47 0 139 1 473
-51 0 123 1 474
-41 0 107 1 475
-41 0 90 1 476
-51 0 72 1 477
-51 0 54 1 478
-51 0 37 1 479
