480
50 0 64 1 0
32 0 74 1 1
42 0 91 1 2
41 0 102 1 3
19 0 111 1 4
36 0 118 1 5
29 0 133 1 6
42 0 56 1 7
66 0 50 1 8
52 0 92 1 9
30 0 130 1 10
53 0 90 1 11
75 0 49 1 12
43 0 129 1 13
50 0 121 1 14
73 0 55 1 15
80 0 68 1 16
52 0 82 1 17
11 0 91 1 18
45 0 103 1 19
11 0 109 1 20
47 0 192 1 21
48 0 93 1 22
63 0 108 1 23
55 0 117 1 24
103 0 46 1 25
87 0 57 1 26
89 0 69 1 27
69 0 82 1 28
50 0 132 1 29
50 0 142 1 30
24 0 283 1 31
56 0 200 1 32
46 0 269 1 33
50 0 197 1 34
94 0 45 1 35
71 0 80 1 36
60 0 110 1 37
58 0 210 1 38
31 0 287 1 39
90 0 76 1 40
32 0 254 1 41
86 0 42 1 42
62 0 190 1 43
76 0 110 1 44
91 0 229 1 45
125 0 39 1 46
90 0 74 1 47
73 0 108 1 48
69 0 195 1 49
134 0 39 1 50
120 0 50 1 51
67 0 182 1 52
72 0 186 1 53
77 0 189 1 54
83 0 189 1 55
57 0 232 1 56
103 0 207 1 57
83 0 235 1 58
97 0 236 1 59
93 0 253 1 60
69 0 287 1 61
103 0 256 1 62
109 0 56 1 63
99 0 65 1 64
93 0 76 1 65
83 0 91 1 66
81 0 104 1 67
81 0 114 1 68
72 0 145 1 69
72 0 126 1 70
76 0 137 1 71
101 0 224 1 72
101 0 234 1 73
112 0 193 1 74
116 0 219 1 75
96 0 253 1 76
117 0 221 1 77
94 0 188 1 78
125 0 56 1 79
101 0 100 1 80
111 0 251 1 81
115 0 200 1 82
109 0 230 1 83
97 0 200 1 84
102 0 90 1 85
151 0 51 1 86
121 0 221 1 87
109 0 270 1 88
102 0 81 1 89
95 0 102 1 90
96 0 113 1 91
93 0 128 1 92
130 0 199 1 93
101 0 89 1 94
98 0 140 1 95
166 0 41 1 96
101 0 300 1 97
96 0 146 1 98
119 0 72 1 99
131 0 36 1 100
133 0 66 1 101
109 0 142 1 102
120 0 107 1 103
117 0 134 1 104
135 0 65 1 105
125 0 74 1 106
128 0 82 1 107
115 0 125 1 108
122 0 91 1 109
168 0 47 1 110
146 0 66 1 111
129 0 100 1 112
134 0 89 1 113
157 0 47 1 114
129 0 125 1 115
148 0 141 1 116
136 0 113 1 117
140 0 241 1 118
146 0 145 1 119
138 0 76 1 120
137 0 85 1 121
133 0 312 1 122
154 0 65 1 123
146 0 99 1 124
187 0 47 1 125
167 0 56 1 126
149 0 150 1 127
143 0 263 1 128
159 0 236 1 129
182 0 37 1 130
148 0 83 1 131
179 0 86 1 132
161 0 238 1 133
162 0 183 1 134
154 0 210 1 135
152 0 223 1 136
159 0 207 1 137
156 0 63 1 138
159 0 95 1 139
154 0 73 1 140
158 0 80 1 141
163 0 149 1 142
159 0 233 1 143
188 0 88 1 144
158 0 277 1 145
172 0 240 1 146
169 0 45 1 147
169 0 216 1 148
169 0 185 1 149
164 0 213 1 150
183 0 72 1 151
189 0 80 1 152
165 0 145 1 153
168 0 231 1 154
173 0 61 1 155
174 0 292 1 156
190 0 209 1 157
190 0 45 1 158
195 0 98 1 159
185 0 88 1 160
177 0 203 1 161
174 0 205 1 162
183 0 62 1 163
176 0 70 1 164
177 0 82 1 165
183 0 223 1 166
205 0 92 1 167
195 0 143 1 168
186 0 236 1 169
196 0 186 1 170
208 0 248 1 171
193 0 298 1 172
197 0 232 1 173
208 0 224 1 174
201 0 250 1 175
186 0 202 1 176
195 0 229 1 177
200 0 238 1 178
201 0 204 1 179
191 0 326 1 180
203 0 189 1 181
215 0 194 1 182
219 0 247 1 183
217 0 180 1 184
217 0 237 1 185
220 0 303 1 186
215 0 229 1 187
208 0 207 1 188
220 0 214 1 189
224 0 90 1 190
213 0 142 1 191
220 0 187 1 192
220 0 204 1 193
228 0 244 1 194
220 0 45 1 195
222 0 75 1 196
222 0 81 1 197
226 0 79 1 198
222 0 65 1 199
223 0 52 1 200
220 0 59 1 201
219 0 146 1 202
233 0 227 1 203
218 0 331 1 204
229 0 45 1 205
238 0 91 1 206
238 0 330 1 207
238 0 231 1 208
232 0 42 1 209
235 0 55 1 210
236 0 65 1 211
244 0 63 1 212
242 0 82 1 213
240 0 81 1 214
246 0 94 1 215
243 0 41 1 216
249 0 50 1 217
248 0 62 1 218
251 0 78 1 219
253 0 69 1 220
254 0 89 1 221
257 0 51 1 222
263 0 151 1 223
255 0 213 1 224
258 0 41 1 225
259 0 65 1 226
261 0 75 1 227
259 0 80 1 228
264 0 214 1 229
264 0 81 1 230
264 0 90 1 231
271 0 140 1 232
268 0 147 1 233
261 0 236 1 234
265 0 216 1 235
263 0 226 1 236
267 0 238 1 237
267 0 296 1 238
268 0 202 1 239
267 0 221 1 240
267 0 42 1 241
269 0 54 1 242
271 0 66 1 243
274 0 74 1 244
275 0 85 1 245
269 0 96 1 246
272 0 185 1 247
280 0 91 1 248
286 0 110 1 249
279 0 325 1 250
270 0 45 1 251
278 0 232 1 252
281 0 57 1 253
289 0 88 1 254
284 0 64 1 255
285 0 72 1 256
283 0 76 1 257
284 0 191 1 258
294 0 102 1 259
280 0 210 1 260
278 0 43 1 261
284 0 192 1 262
292 0 292 1 263
299 0 105 1 264
284 0 239 1 265
295 0 213 1 266
296 0 233 1 267
290 0 231 1 268
291 0 244 1 269
303 0 318 1 270
305 0 225 1 271
306 0 231 1 272
317 0 268 1 273
313 0 209 1 274
317 0 225 1 275
305 0 220 1 276
327 0 119 1 277
315 0 67 1 278
316 0 77 1 279
330 0 86 1 280
307 0 46 1 281
313 0 52 1 282
327 0 72 1 283
341 0 120 1 284
315 0 60 1 285
340 0 92 1 286
335 0 258 1 287
329 0 255 1 288
346 0 299 1 289
336 0 313 1 290
341 0 181 1 291
343 0 200 1 292
316 0 188 1 293
320 0 202 1 294
322 0 217 1 295
327 0 233 1 296
329 0 71 1 297
341 0 111 1 298
348 0 129 1 299
359 0 87 1 300
324 0 46 1 301
322 0 51 1 302
339 0 66 1 303
366 0 141 1 304
338 0 59 1 305
354 0 86 1 306
345 0 100 1 307
348 0 107 1 308
358 0 116 1 309
363 0 127 1 310
356 0 98 1 311
351 0 189 1 312
333 0 213 1 313
371 0 284 1 314
341 0 250 1 315
359 0 177 1 316
352 0 87 1 317
339 0 229 1 318
370 0 193 1 319
364 0 112 1 320
367 0 197 1 321
342 0 68 1 322
357 0 96 1 323
335 0 204 1 324
359 0 88 1 325
388 0 232 1 326
375 0 184 1 327
373 0 170 1 328
394 0 196 1 329
366 0 57 1 330
373 0 217 1 331
406 0 281 1 332
406 0 296 1 333
365 0 255 1 334
406 0 315 1 335
373 0 111 1 336
376 0 210 1 337
355 0 70 1 338
357 0 54 1 339
372 0 190 1 340
389 0 187 1 341
378 0 188 1 342
349 0 50 1 343
377 0 179 1 344
383 0 216 1 345
358 0 72 1 346
365 0 82 1 347
391 0 113 1 348
413 0 70 1 349
413 0 276 1 350
389 0 201 1 351
384 0 174 1 352
364 0 201 1 353
389 0 212 1 354
392 0 219 1 355
400 0 212 1 356
423 0 252 1 357
423 0 274 1 358
392 0 169 1 359
378 0 172 1 360
389 0 188 1 361
376 0 165 1 362
397 0 180 1 363
417 0 182 1 364
431 0 219 1 365
395 0 157 1 366
410 0 215 1 367
397 0 205 1 368
394 0 211 1 369
409 0 198 1 370
396 0 190 1 371
395 0 177 1 372
438 0 180 1 373
415 0 190 1 374
-9 0 13 1 375
8 0 13 1 376
25 0 13 1 377
14 0 23 1 378
50 0 13 1 379
67 0 13 1 380
84 0 13 1 381
101 0 13 1 382
118 0 13 1 383
135 0 13 1 384
144 0 25 1 385
160 0 13 1 386
188 0 30 1 387
185 0 13 1 388
202 0 13 1 389
196 0 22 1 390
214 0 21 1 391
233 0 13 1 392
240 0 22 1 393
258 0 13 1 394
268 0 25 1 395
283 0 13 1 396
300 0 13 1 397
303 0 28 1 398
325 0 13 1 399
342 0 13 1 400
359 0 13 1 401
342 0 33 1 402
406 0 19 1 403
392 0 13 1 404
409 0 13 1 405
426 0 13 1 406
437 0 29 1 407
398 0 39 1 408
449 0 41 1 409
415 0 61 1 410
406 0 72 1 411
449 0 83 1 412
399 0 94 1 413
449 0 108 1 414
407 0 112 1 415
449 0 133 1 416
417 0 134 1 417
449 0 157 1 418
415 0 150 1 419
433 0 169 1 420
416 0 168 1 421
423 0 182 1 422
449 0 214 1 423
420 0 199 1 424
426 0 217 1 425
427 0 227 1 426
449 0 264 1 427
412 0 229 1 428
412 0 244 1 429
396 0 238 1 430
403 0 288 1 431
414 0 333 1 432
406 0 342 1 433
394 0 347 1 434
377 0 347 1 435
360 0 347 1 436
343 0 347 1 437
326 0 347 1 438
309 0 347 1 439
292 0 347 1 440
274 0 347 1 441
257 0 347 1 442
240 0 347 1 443
223 0 347 1 444
207 0 347 1 445
190 0 347 1 446
173 0 347 1 447
157 0 332 1 448
148 0 347 1 449
131 0 347 1 450
114 0 347 1 451
97 0 347 1 452
80 0 347 1 453
63 0 347 1 454
46 0 347 1 455
30 0 336 1 456
22 0 345 1 457
15 0 327 1 458
7 0 317 1 459
-1 0 280 1 460
2 0 259 1 461
-9 0 264 1 462
18 0 225 1 463
-9 0 239 1 464
11 0 212 1 465
17 0 199 1 466
-9 0 206 1 467
12 0 186 1 468
2 0 182 1 469
-9 0 175 1 470
13 0 161 1 471
-9 0 150 1 472
5 0 139 1 473
-9 0 125 1 474
25 0 111 1 475
26 0 97 1 476
-9 0 74 1 477
-9 0 57 1 478
-9 0 40 1 479
