480
101 0 67 1 0
74 0 76 1 1
88 0 95 1 2
87 0 106 1 3
53 0 114 1 4
80 0 119 1 5
69 0 135 1 6
88 0 59 1 7
122 0 53 1 8
99 0 96 1 9
64 0 131 1 10
96 0 93 1 11
128 0 52 1 12
79 0 130 1 13
87 0 122 1 14
122 0 57 1 15
133 0 70 1 16
91 0 86 1 17
28 0 93 1 18
79 0 106 1 19
28 0 110 1 20
70 0 170 1 21
72 0 95 1 22
93 0 111 1 23
82 0 118 1 24
154 0 51 1 25
130 0 60 1 26
133 0 70 1 27
102 0 85 1 28
73 0 133 1 29
73 0 141 1 30
33 0 271 1 31
79 0 173 1 32
63 0 253 1 33
69 0 178 1 34
135 0 48 1 35
100 0 82 1 36
81 0 111 1 37
79 0 183 1 38
36 0 283 1 39
125 0 78 1 40
36 0 249 1 41
118 0 45 1 42
81 0 166 1 43
101 0 112 1 44
124 0 198 1 45
173 0 40 1 46
120 0 75 1 47
93 0 110 1 48
86 0 174 1 49
180 0 40 1 50
158 0 53 1 51
77 0 170 1 52
84 0 172 1 53
91 0 172 1 54
101 0 165 1 55
61 0 225 1 56
131 0 180 1 57
101 0 218 1 58
122 0 210 1 59
116 0 230 1 60
80 0 275 1 61
131 0 221 1 62
141 0 57 1 63
126 0 67 1 64
116 0 77 1 65
101 0 92 1 66
97 0 106 1 67
98 0 115 1 68
84 0 143 1 69
83 0 127 1 70
89 0 137 1 71
125 0 201 1 72
123 0 213 1 73
136 0 172 1 74
143 0 192 1 75
110 0 237 1 76
140 0 198 1 77
103 0 177 1 78
150 0 57 1 79
113 0 101 1 80
128 0 229 1 81
134 0 182 1 82
124 0 216 1 83
104 0 192 1 84
111 0 91 1 85
187 0 54 1 86
140 0 204 1 87
122 0 254 1 88
108 0 82 1 89
97 0 103 1 90
98 0 113 1 91
94 0 129 1 92
150 0 180 1 93
105 0 89 1 94
100 0 140 1 95
204 0 43 1 96
105 0 295 1 97
96 0 145 1 98
130 0 71 1 99
146 0 37 1 100
147 0 67 1 101
107 0 141 1 102
123 0 106 1 103
118 0 134 1 104
145 0 66 1 105
130 0 75 1 106
134 0 81 1 107
114 0 124 1 108
124 0 92 1 109
193 0 49 1 110
156 0 67 1 111
130 0 97 1 112
137 0 90 1 113
171 0 49 1 114
128 0 121 1 115
157 0 142 1 116
138 0 109 1 117
144 0 225 1 118
152 0 145 1 119
140 0 76 1 120
138 0 85 1 121
131 0 312 1 122
162 0 66 1 123
150 0 97 1 124
211 0 49 1 125
180 0 57 1 126
152 0 151 1 127
143 0 261 1 128
166 0 203 1 129
202 0 39 1 130
149 0 82 1 131
196 0 69 1 132
169 0 209 1 133
169 0 169 1 134
157 0 204 1 135
154 0 218 1 136
164 0 187 1 137
159 0 63 1 138
163 0 90 1 139
154 0 73 1 140
161 0 77 1 141
168 0 151 1 142
161 0 222 1 143
206 0 70 1 144
159 0 275 1 145
180 0 208 1 146
176 0 46 1 147
175 0 189 1 148
173 0 173 1 149
166 0 206 1 150
194 0 64 1 151
203 0 67 1 152
167 0 145 1 153
171 0 221 1 154
177 0 60 1 155
179 0 286 1 156
202 0 180 1 157
201 0 46 1 158
208 0 82 1 159
193 0 80 1 160
180 0 190 1 161
175 0 202 1 162
188 0 61 1 163
177 0 68 1 164
178 0 81 1 165
187 0 211 1 166
220 0 72 1 167
204 0 143 1 168
190 0 220 1 169
204 0 165 1 170
221 0 221 1 171
200 0 292 1 172
205 0 208 1 173
221 0 192 1 174
210 0 228 1 175
187 0 199 1 176
199 0 220 1 177
206 0 223 1 178
206 0 192 1 179
190 0 331 1 180
207 0 180 1 181
223 0 168 1 182
230 0 227 1 183
224 0 157 1 184
224 0 223 1 185
228 0 295 1 186
220 0 220 1 187
209 0 206 1 188
225 0 202 1 189
232 0 70 1 190
215 0 143 1 191
226 0 172 1 192
226 0 192 1 193
239 0 223 1 194
226 0 45 1 195
228 0 64 1 196
228 0 69 1 197
235 0 59 1 198
228 0 57 1 199
228 0 50 1 200
225 0 56 1 201
220 0 144 1 202
244 0 208 1 203
219 0 335 1 204
234 0 45 1 205
244 0 71 1 206
245 0 334 1 207
244 0 214 1 208
232 0 42 1 209
236 0 54 1 210
237 0 63 1 211
248 0 56 1 212
245 0 71 1 213
241 0 77 1 214
249 0 76 1 215
242 0 42 1 216
251 0 48 1 217
249 0 58 1 218
252 0 67 1 219
254 0 59 1 220
255 0 69 1 221
257 0 50 1 222
265 0 152 1 223
254 0 198 1 224
257 0 42 1 225
258 0 63 1 226
261 0 70 1 227
258 0 71 1 228
263 0 206 1 229
263 0 64 1 230
263 0 71 1 231
274 0 142 1 232
269 0 146 1 233
258 0 202 1 234
263 0 183 1 235
260 0 193 1 236
266 0 224 1 237
266 0 285 1 238
267 0 191 1 239
266 0 203 1 240
264 0 44 1 241
267 0 55 1 242
270 0 65 1 243
275 0 70 1 244
276 0 78 1 245
267 0 87 1 246
267 0 169 1 247
279 0 82 1 248
288 0 102 1 249
278 0 326 1 250
264 0 48 1 251
276 0 222 1 252
278 0 58 1 253
291 0 84 1 254
282 0 64 1 255
284 0 72 1 256
280 0 72 1 257
282 0 182 1 258
295 0 91 1 259
274 0 189 1 260
271 0 46 1 261
279 0 179 1 262
290 0 277 1 263
299 0 95 1 264
276 0 215 1 265
292 0 206 1 266
293 0 222 1 267
284 0 212 1 268
286 0 226 1 269
302 0 317 1 270
302 0 219 1 271
294 0 208 1 272
311 0 257 1 273
304 0 196 1 274
309 0 214 1 275
292 0 198 1 276
324 0 117 1 277
305 0 70 1 278
306 0 79 1 279
328 0 86 1 280
291 0 49 1 281
296 0 57 1 282
317 0 74 1 283
339 0 117 1 284
297 0 65 1 285
332 0 92 1 286
324 0 241 1 287
316 0 230 1 288
341 0 292 1 289
326 0 306 1 290
333 0 168 1 291
336 0 190 1 292
296 0 166 1 293
301 0 179 1 294
305 0 194 1 295
312 0 213 1 296
312 0 73 1 297
328 0 105 1 298
338 0 120 1 299
353 0 88 1 300
297 0 52 1 301
292 0 58 1 302
319 0 69 1 303
360 0 136 1 304
316 0 65 1 305
340 0 87 1 306
325 0 97 1 307
329 0 102 1 308
344 0 111 1 309
352 0 120 1 310
340 0 97 1 311
332 0 155 1 312
305 0 179 1 313
362 0 272 1 314
316 0 215 1 315
342 0 152 1 316
330 0 89 1 317
310 0 193 1 318
356 0 173 1 319
346 0 107 1 320
350 0 173 1 321
312 0 73 1 322
335 0 95 1 323
301 0 167 1 324
336 0 89 1 325
380 0 221 1 326
360 0 165 1 327
356 0 150 1 328
386 0 187 1 329
342 0 63 1 330
354 0 186 1 331
403 0 277 1 332
403 0 294 1 333
342 0 225 1 334
403 0 311 1 335
353 0 107 1 336
358 0 181 1 337
324 0 76 1 338
326 0 62 1 339
349 0 158 1 340
373 0 170 1 341
356 0 160 1 342
312 0 58 1 343
354 0 150 1 344
363 0 184 1 345
323 0 79 1 346
335 0 84 1 347
373 0 109 1 348
406 0 70 1 349
406 0 264 1 350
368 0 175 1 351
359 0 149 1 352
329 0 146 1 353
365 0 179 1 354
363 0 177 1 355
375 0 180 1 356
410 0 234 1 357
410 0 253 1 358
362 0 142 1 359
339 0 130 1 360
357 0 152 1 361
336 0 124 1 362
368 0 152 1 363
393 0 165 1 364
413 0 200 1 365
355 0 127 1 366
376 0 175 1 367
356 0 155 1 368
351 0 156 1 369
373 0 163 1 370
353 0 145 1 371
352 0 136 1 372
415 0 165 1 373
378 0 157 1 374
21 0 10 1 375
38 0 10 1 376
55 0 10 1 377
29 0 24 1 378
75 0 10 1 379
92 0 10 1 380
109 0 10 1 381
126 0 10 1 382
143 0 10 1 383
160 0 10 1 384
165 0 28 1 385
180 0 10 1 386
215 0 35 1 387
200 0 10 1 388
217 0 10 1 389
199 0 23 1 390
219 0 22 1 391
239 0 10 1 392
241 0 24 1 393
259 0 10 1 394
266 0 28 1 395
279 0 10 1 396
296 0 10 1 397
292 0 33 1 398
316 0 10 1 399
333 0 10 1 400
350 0 10 1 401
315 0 41 1 402
403 0 19 1 403
373 0 10 1 404
390 0 10 1 405
407 0 10 1 406
415 0 34 1 407
347 0 49 1 408
419 0 49 1 409
367 0 70 1 410
353 0 78 1 411
419 0 86 1 412
342 0 93 1 413
419 0 106 1 414
355 0 104 1 415
419 0 126 1 416
371 0 119 1 417
419 0 146 1 418
367 0 126 1 419
395 0 145 1 420
369 0 135 1 421
379 0 149 1 422
419 0 188 1 423
375 0 156 1 424
384 0 176 1 425
385 0 181 1 426
419 0 227 1 427
367 0 172 1 428
376 0 193 1 429
360 0 183 1 430
380 0 260 1 431
406 0 329 1 432
404 0 343 1 433
394 0 350 1 434
377 0 350 1 435
359 0 350 1 436
342 0 350 1 437
325 0 350 1 438
308 0 350 1 439
291 0 350 1 440
274 0 350 1 441
257 0 350 1 442
240 0 350 1 443
223 0 350 1 444
207 0 350 1 445
189 0 350 1 446
172 0 350 1 447
157 0 328 1 448
152 0 350 1 449
135 0 350 1 450
118 0 350 1 451
101 0 350 1 452
84 0 350 1 453
67 0 350 1 454
50 0 350 1 455
35 0 333 1 456
32 0 348 1 457
29 0 319 1 458
27 0 305 1 459
24 0 248 1 460
38 0 217 1 461
21 0 231 1 462
62 0 180 1 463
21 0 211 1 464
52 0 180 1 465
62 0 169 1 466
21 0 188 1 467
53 0 167 1 468
38 0 170 1 469
21 0 167 1 470
55 0 155 1 471
21 0 147 1 472
43 0 140 1 473
21 0 127 1 474
73 0 115 1 475
75 0 102 1 476
21 0 75 1 477
21 0 58 1 478
21 0 41 1 479
