480
80 0 66 1 0
57 0 75 1 1
69 0 93 1 2
69 0 104 1 3
39 0 113 1 4
62 0 119 1 5
53 0 134 1 6
70 0 58 1 7
99 0 52 1 8
80 0 94 1 9
50 0 131 1 10
78 0 92 1 11
106 0 51 1 12
64 0 130 1 13
72 0 122 1 14
102 0 56 1 15
112 0 69 1 16
75 0 84 1 17
21 0 92 1 18
65 0 105 1 19
21 0 110 1 20
60 0 179 1 21
62 0 94 1 22
81 0 110 1 23
71 0 117 1 24
133 0 49 1 25
113 0 59 1 26
115 0 70 1 27
88 0 84 1 28
64 0 133 1 29
63 0 141 1 30
29 0 275 1 31
69 0 184 1 32
56 0 260 1 33
61 0 185 1 34
118 0 47 1 35
88 0 81 1 36
73 0 111 1 37
70 0 194 1 38
34 0 284 1 39
111 0 77 1 40
34 0 251 1 41
105 0 44 1 42
73 0 176 1 43
91 0 111 1 44
111 0 211 1 45
154 0 40 1 46
108 0 75 1 47
85 0 109 1 48
79 0 182 1 49
161 0 40 1 50
143 0 52 1 51
73 0 176 1 52
79 0 178 1 53
85 0 179 1 54
94 0 175 1 55
60 0 228 1 56
120 0 191 1 57
94 0 225 1 58
112 0 220 1 59
107 0 239 1 60
75 0 280 1 61
120 0 235 1 62
128 0 57 1 63
115 0 66 1 64
106 0 77 1 65
94 0 92 1 66
91 0 105 1 67
91 0 115 1 68
79 0 144 1 69
78 0 127 1 70
84 0 137 1 71
115 0 210 1 72
114 0 222 1 73
126 0 180 1 74
132 0 203 1 75
104 0 243 1 76
131 0 208 1 77
100 0 181 1 78
139 0 57 1 79
108 0 100 1 80
121 0 238 1 81
126 0 190 1 82
118 0 222 1 83
101 0 196 1 84
108 0 91 1 85
172 0 53 1 86
132 0 211 1 87
117 0 260 1 88
106 0 82 1 89
96 0 103 1 90
97 0 113 1 91
93 0 129 1 92
142 0 188 1 93
104 0 89 1 94
99 0 140 1 95
188 0 42 1 96
103 0 297 1 97
96 0 145 1 98
126 0 71 1 99
140 0 37 1 100
141 0 66 1 101
108 0 141 1 102
122 0 106 1 103
118 0 134 1 104
141 0 65 1 105
128 0 75 1 106
132 0 81 1 107
114 0 125 1 108
123 0 92 1 109
182 0 48 1 110
152 0 66 1 111
129 0 98 1 112
136 0 89 1 113
165 0 48 1 114
129 0 123 1 115
153 0 142 1 116
137 0 111 1 117
143 0 232 1 118
150 0 145 1 119
139 0 76 1 120
138 0 85 1 121
132 0 312 1 122
158 0 65 1 123
148 0 98 1 124
201 0 48 1 125
175 0 56 1 126
151 0 151 1 127
143 0 262 1 128
163 0 217 1 129
194 0 38 1 130
148 0 82 1 131
189 0 76 1 132
166 0 220 1 133
166 0 175 1 134
156 0 207 1 135
153 0 220 1 136
162 0 195 1 137
158 0 63 1 138
161 0 92 1 139
154 0 73 1 140
160 0 78 1 141
166 0 150 1 142
160 0 226 1 143
199 0 77 1 144
159 0 276 1 145
177 0 221 1 146
173 0 46 1 147
173 0 200 1 148
172 0 179 1 149
165 0 209 1 150
189 0 67 1 151
197 0 73 1 152
166 0 145 1 153
170 0 225 1 154
175 0 61 1 155
177 0 288 1 156
197 0 192 1 157
197 0 46 1 158
202 0 88 1 159
190 0 83 1 160
179 0 195 1 161
175 0 203 1 162
186 0 61 1 163
177 0 69 1 164
178 0 81 1 165
186 0 216 1 166
214 0 80 1 167
200 0 143 1 168
189 0 227 1 169
201 0 174 1 170
216 0 232 1 171
197 0 294 1 172
201 0 218 1 173
217 0 205 1 174
207 0 237 1 175
187 0 200 1 176
197 0 224 1 177
203 0 229 1 178
204 0 197 1 179
190 0 329 1 180
205 0 183 1 181
220 0 179 1 182
225 0 235 1 183
221 0 167 1 184
221 0 229 1 185
225 0 298 1 186
218 0 224 1 187
209 0 206 1 188
223 0 207 1 189
229 0 78 1 190
214 0 142 1 191
223 0 179 1 192
223 0 197 1 193
235 0 232 1 194
223 0 45 1 195
226 0 68 1 196
226 0 74 1 197
231 0 67 1 198
226 0 61 1 199
226 0 51 1 200
223 0 57 1 201
220 0 145 1 202
240 0 216 1 203
219 0 334 1 204
232 0 45 1 205
242 0 79 1 206
242 0 332 1 207
242 0 221 1 208
232 0 42 1 209
236 0 55 1 210
236 0 64 1 211
246 0 59 1 212
244 0 75 1 213
240 0 78 1 214
248 0 83 1 215
242 0 42 1 216
250 0 49 1 217
249 0 59 1 218
252 0 72 1 219
254 0 63 1 220
254 0 77 1 221
257 0 50 1 222
264 0 151 1 223
254 0 204 1 224
257 0 42 1 225
258 0 64 1 226
261 0 72 1 227
258 0 75 1 228
263 0 209 1 229
263 0 71 1 230
263 0 79 1 231
273 0 141 1 232
269 0 146 1 233
259 0 216 1 234
264 0 197 1 235
261 0 207 1 236
266 0 230 1 237
267 0 290 1 238
268 0 195 1 239
266 0 210 1 240
265 0 43 1 241
268 0 55 1 242
270 0 65 1 243
274 0 72 1 244
275 0 81 1 245
268 0 91 1 246
269 0 176 1 247
279 0 86 1 248
287 0 105 1 249
279 0 326 1 250
267 0 47 1 251
277 0 226 1 252
279 0 57 1 253
290 0 86 1 254
283 0 64 1 255
284 0 72 1 256
281 0 74 1 257
283 0 186 1 258
294 0 95 1 259
277 0 197 1 260
274 0 45 1 261
281 0 184 1 262
291 0 283 1 263
299 0 99 1 264
279 0 225 1 265
293 0 209 1 266
294 0 227 1 267
286 0 220 1 268
288 0 233 1 269
302 0 317 1 270
303 0 222 1 271
299 0 217 1 272
313 0 261 1 273
308 0 201 1 274
312 0 219 1 275
297 0 207 1 276
325 0 118 1 277
309 0 69 1 278
310 0 78 1 279
329 0 86 1 280
297 0 48 1 281
303 0 55 1 282
321 0 73 1 283
340 0 118 1 284
304 0 63 1 285
336 0 92 1 286
328 0 248 1 287
321 0 241 1 288
343 0 295 1 289
330 0 309 1 290
337 0 173 1 291
339 0 194 1 292
304 0 175 1 293
309 0 188 1 294
312 0 203 1 295
318 0 221 1 296
319 0 72 1 297
333 0 108 1 298
342 0 124 1 299
355 0 88 1 300
308 0 50 1 301
304 0 55 1 302
327 0 68 1 303
362 0 138 1 304
325 0 62 1 305
346 0 87 1 306
333 0 98 1 307
337 0 104 1 308
349 0 113 1 309
357 0 123 1 310
346 0 98 1 311
340 0 169 1 312
316 0 192 1 313
365 0 277 1 314
326 0 229 1 315
349 0 162 1 316
339 0 88 1 317
322 0 208 1 318
362 0 181 1 319
353 0 109 1 320
357 0 182 1 321
324 0 71 1 322
344 0 96 1 323
315 0 182 1 324
346 0 89 1 325
384 0 226 1 326
366 0 173 1 327
363 0 158 1 328
390 0 191 1 329
352 0 60 1 330
362 0 199 1 331
404 0 279 1 332
404 0 294 1 333
351 0 237 1 334
404 0 313 1 335
361 0 108 1 336
365 0 192 1 337
337 0 73 1 338
339 0 58 1 339
359 0 171 1 340
379 0 178 1 341
365 0 171 1 342
327 0 54 1 343
363 0 162 1 344
371 0 197 1 345
337 0 76 1 346
347 0 83 1 347
380 0 111 1 348
409 0 70 1 349
409 0 269 1 350
377 0 185 1 351
369 0 159 1 352
343 0 169 1 353
375 0 192 1 354
375 0 194 1 355
385 0 193 1 356
415 0 241 1 357
415 0 261 1 358
375 0 153 1 359
355 0 147 1 360
370 0 167 1 361
352 0 140 1 362
380 0 164 1 363
403 0 172 1 364
420 0 208 1 365
371 0 140 1 366
390 0 191 1 367
372 0 176 1 368
369 0 179 1 369
388 0 178 1 370
371 0 164 1 371
369 0 152 1 372
425 0 171 1 373
393 0 171 1 374
8 0 11 1 375
25 0 11 1 376
43 0 11 1 377
23 0 24 1 378
64 0 11 1 379
82 0 11 1 380
99 0 11 1 381
116 0 11 1 382
133 0 11 1 383
150 0 11 1 384
156 0 27 1 385
172 0 11 1 386
204 0 33 1 387
194 0 11 1 388
211 0 11 1 389
198 0 23 1 390
217 0 21 1 391
237 0 11 1 392
241 0 23 1 393
259 0 11 1 394
267 0 27 1 395
280 0 11 1 396
298 0 11 1 397
296 0 31 1 398
319 0 11 1 399
337 0 11 1 400
354 0 11 1 401
326 0 38 1 402
404 0 19 1 403
380 0 11 1 404
398 0 11 1 405
415 0 11 1 406
424 0 32 1 407
368 0 45 1 408
431 0 46 1 409
387 0 66 1 410
375 0 76 1 411
431 0 85 1 412
365 0 93 1 413
431 0 107 1 414
376 0 107 1 415
431 0 129 1 416
390 0 125 1 417
431 0 151 1 418
386 0 136 1 419
411 0 154 1 420
388 0 148 1 421
397 0 163 1 422
431 0 198 1 423
393 0 174 1 424
401 0 192 1 425
402 0 200 1 426
431 0 242 1 427
385 0 195 1 428
390 0 214 1 429
375 0 205 1 430
389 0 271 1 431
410 0 330 1 432
405 0 343 1 433
394 0 349 1 434
377 0 349 1 435
360 0 349 1 436
343 0 349 1 437
325 0 349 1 438
308 0 349 1 439
291 0 349 1 440
274 0 349 1 441
257 0 349 1 442
240 0 349 1 443
223 0 349 1 444
207 0 349 1 445
190 0 349 1 446
173 0 349 1 447
157 0 329 1 448
151 0 349 1 449
134 0 349 1 450
117 0 349 1 451
99 0 349 1 452
82 0 349 1 453
65 0 349 1 454
48 0 349 1 455
33 0 334 1 456
28 0 347 1 457
23 0 322 1 458
19 0 310 1 459
14 0 261 1 460
23 0 234 1 461
8 0 244 1 462
44 0 198 1 463
8 0 222 1 464
36 0 193 1 465
44 0 180 1 466
8 0 196 1 467
36 0 175 1 468
23 0 175 1 469
8 0 170 1 470
38 0 157 1 471
8 0 148 1 472
28 0 140 1 473
8 0 126 1 474
54 0 114 1 475
55 0 100 1 476
8 0 75 1 477
8 0 58 1 478
8 0 41 1 479
