480
103 0 67 1 0
76 0 76 1 1
90 0 95 1 2
89 0 106 1 3
54 0 114 1 4
81 0 119 1 5
70 0 135 1 6
90 0 59 1 7
124 0 53 1 8
101 0 96 1 9
65 0 131 1 10
98 0 93 1 11
130 0 52 1 12
80 0 130 1 13
89 0 122 1 14
123 0 57 1 15
135 0 70 1 16
92 0 86 1 17
29 0 93 1 18
80 0 106 1 19
29 0 110 1 20
71 0 169 1 21
72 0 95 1 22
94 0 111 1 23
83 0 118 1 24
156 0 51 1 25
132 0 60 1 26
134 0 70 1 27
103 0 85 1 28
74 0 133 1 29
74 0 141 1 30
33 0 270 1 31
80 0 172 1 32
64 0 253 1 33
70 0 177 1 34
137 0 48 1 35
101 0 82 1 36
82 0 111 1 37
80 0 182 1 38
36 0 283 1 39
126 0 78 1 40
36 0 249 1 41
119 0 45 1 42
82 0 165 1 43
102 0 112 1 44
125 0 197 1 45
175 0 40 1 46
121 0 75 1 47
94 0 110 1 48
87 0 173 1 49
182 0 40 1 50
160 0 53 1 51
78 0 170 1 52
84 0 171 1 53
92 0 171 1 54
102 0 164 1 55
62 0 224 1 56
133 0 180 1 57
102 0 217 1 58
123 0 209 1 59
117 0 229 1 60
80 0 274 1 61
133 0 220 1 62
142 0 57 1 63
127 0 67 1 64
117 0 77 1 65
101 0 92 1 66
98 0 106 1 67
99 0 115 1 68
85 0 143 1 69
83 0 127 1 70
90 0 137 1 71
126 0 200 1 72
123 0 212 1 73
137 0 171 1 74
144 0 191 1 75
111 0 236 1 76
141 0 197 1 77
104 0 176 1 78
151 0 57 1 79
113 0 101 1 80
129 0 228 1 81
135 0 182 1 82
125 0 216 1 83
105 0 192 1 84
112 0 91 1 85
188 0 54 1 86
141 0 203 1 87
122 0 253 1 88
109 0 82 1 89
97 0 103 1 90
98 0 113 1 91
94 0 129 1 92
151 0 180 1 93
106 0 89 1 94
101 0 140 1 95
205 0 43 1 96
105 0 295 1 97
96 0 145 1 98
131 0 71 1 99
147 0 37 1 100
148 0 67 1 101
107 0 141 1 102
123 0 106 1 103
118 0 134 1 104
146 0 66 1 105
130 0 75 1 106
135 0 81 1 107
114 0 124 1 108
124 0 92 1 109
194 0 49 1 110
157 0 67 1 111
130 0 97 1 112
137 0 90 1 113
171 0 49 1 114
128 0 121 1 115
157 0 142 1 116
138 0 109 1 117
145 0 225 1 118
152 0 145 1 119
140 0 76 1 120
138 0 85 1 121
131 0 312 1 122
162 0 66 1 123
150 0 96 1 124
212 0 49 1 125
181 0 57 1 126
152 0 151 1 127
143 0 260 1 128
167 0 202 1 129
203 0 39 1 130
149 0 82 1 131
197 0 68 1 132
169 0 208 1 133
169 0 168 1 134
157 0 204 1 135
154 0 218 1 136
164 0 186 1 137
159 0 63 1 138
163 0 90 1 139
154 0 73 1 140
161 0 77 1 141
168 0 151 1 142
162 0 222 1 143
206 0 69 1 144
159 0 274 1 145
180 0 207 1 146
176 0 46 1 147
175 0 188 1 148
174 0 173 1 149
166 0 205 1 150
194 0 64 1 151
203 0 67 1 152
167 0 145 1 153
171 0 221 1 154
177 0 60 1 155
179 0 286 1 156
203 0 179 1 157
201 0 46 1 158
208 0 81 1 159
193 0 79 1 160
180 0 189 1 161
175 0 202 1 162
188 0 61 1 163
177 0 68 1 164
178 0 81 1 165
188 0 210 1 166
220 0 71 1 167
204 0 143 1 168
191 0 220 1 169
205 0 165 1 170
221 0 220 1 171
200 0 292 1 172
205 0 208 1 173
222 0 191 1 174
211 0 227 1 175
187 0 199 1 176
199 0 220 1 177
206 0 223 1 178
206 0 191 1 179
190 0 331 1 180
207 0 180 1 181
224 0 167 1 182
231 0 226 1 183
224 0 156 1 184
225 0 223 1 185
228 0 295 1 186
220 0 220 1 187
209 0 206 1 188
226 0 201 1 189
233 0 69 1 190
215 0 143 1 191
226 0 172 1 192
226 0 191 1 193
239 0 222 1 194
226 0 45 1 195
229 0 64 1 196
229 0 69 1 197
235 0 58 1 198
229 0 57 1 199
228 0 50 1 200
225 0 56 1 201
221 0 144 1 202
244 0 207 1 203
219 0 336 1 204
234 0 45 1 205
245 0 71 1 206
245 0 334 1 207
245 0 213 1 208
232 0 42 1 209
236 0 54 1 210
237 0 63 1 211
248 0 55 1 212
245 0 70 1 213
241 0 76 1 214
249 0 76 1 215
242 0 42 1 216
251 0 48 1 217
249 0 57 1 218
252 0 67 1 219
254 0 58 1 220
255 0 68 1 221
257 0 50 1 222
266 0 152 1 223
254 0 198 1 224
257 0 42 1 225
258 0 62 1 226
261 0 70 1 227
258 0 71 1 228
263 0 205 1 229
263 0 63 1 230
263 0 70 1 231
274 0 142 1 232
269 0 146 1 233
258 0 201 1 234
263 0 182 1 235
260 0 192 1 236
266 0 224 1 237
266 0 285 1 238
267 0 190 1 239
266 0 202 1 240
264 0 44 1 241
267 0 55 1 242
270 0 65 1 243
275 0 70 1 244
276 0 78 1 245
267 0 87 1 246
267 0 169 1 247
279 0 82 1 248
289 0 101 1 249
278 0 326 1 250
264 0 48 1 251
276 0 222 1 252
278 0 58 1 253
291 0 84 1 254
282 0 64 1 255
284 0 72 1 256
280 0 72 1 257
281 0 182 1 258
295 0 90 1 259
274 0 188 1 260
270 0 46 1 261
279 0 178 1 262
289 0 276 1 263
299 0 95 1 264
275 0 214 1 265
292 0 205 1 266
293 0 222 1 267
283 0 211 1 268
286 0 226 1 269
302 0 317 1 270
302 0 219 1 271
294 0 207 1 272
311 0 256 1 273
304 0 195 1 274
309 0 214 1 275
291 0 197 1 276
324 0 116 1 277
305 0 70 1 278
305 0 79 1 279
328 0 86 1 280
290 0 49 1 281
295 0 57 1 282
316 0 74 1 283
338 0 117 1 284
297 0 65 1 285
332 0 92 1 286
324 0 241 1 287
315 0 229 1 288
341 0 291 1 289
325 0 306 1 290
333 0 167 1 291
336 0 190 1 292
295 0 165 1 293
300 0 178 1 294
304 0 193 1 295
311 0 212 1 296
312 0 74 1 297
328 0 105 1 298
338 0 120 1 299
352 0 88 1 300
296 0 52 1 301
291 0 58 1 302
318 0 69 1 303
360 0 136 1 304
315 0 65 1 305
339 0 87 1 306
325 0 97 1 307
328 0 102 1 308
343 0 111 1 309
352 0 120 1 310
339 0 97 1 311
331 0 154 1 312
303 0 178 1 313
361 0 271 1 314
315 0 214 1 315
341 0 151 1 316
330 0 89 1 317
309 0 192 1 318
356 0 172 1 319
346 0 107 1 320
350 0 172 1 321
311 0 73 1 322
334 0 95 1 323
300 0 166 1 324
335 0 89 1 325
380 0 221 1 326
359 0 164 1 327
355 0 149 1 328
386 0 187 1 329
342 0 63 1 330
353 0 185 1 331
403 0 277 1 332
403 0 293 1 333
341 0 224 1 334
403 0 311 1 335
352 0 106 1 336
357 0 180 1 337
323 0 76 1 338
325 0 62 1 339
348 0 157 1 340
372 0 170 1 341
355 0 159 1 342
310 0 58 1 343
353 0 149 1 344
362 0 183 1 345
322 0 79 1 346
334 0 84 1 347
373 0 109 1 348
406 0 70 1 349
406 0 264 1 350
367 0 174 1 351
358 0 148 1 352
328 0 144 1 353
364 0 178 1 354
362 0 176 1 355
374 0 179 1 356
409 0 233 1 357
409 0 252 1 358
361 0 142 1 359
338 0 129 1 360
355 0 150 1 361
335 0 122 1 362
367 0 151 1 363
393 0 164 1 364
412 0 200 1 365
354 0 126 1 366
374 0 174 1 367
354 0 153 1 368
350 0 154 1 369
372 0 162 1 370
352 0 144 1 371
350 0 134 1 372
414 0 165 1 373
377 0 156 1 374
22 0 10 1 375
39 0 10 1 376
56 0 10 1 377
30 0 24 1 378
76 0 10 1 379
93 0 10 1 380
110 0 10 1 381
127 0 10 1 382
144 0 10 1 383
161 0 10 1 384
166 0 28 1 385
181 0 10 1 386
216 0 35 1 387
201 0 10 1 388
218 0 10 1 389
199 0 23 1 390
219 0 22 1 391
239 0 10 1 392
241 0 24 1 393
259 0 10 1 394
265 0 28 1 395
279 0 10 1 396
296 0 10 1 397
291 0 33 1 398
316 0 10 1 399
333 0 10 1 400
350 0 10 1 401
314 0 41 1 402
403 0 19 1 403
372 0 10 1 404
389 0 10 1 405
406 0 10 1 406
414 0 34 1 407
346 0 49 1 408
418 0 49 1 409
366 0 70 1 410
351 0 79 1 411
418 0 86 1 412
340 0 93 1 413
418 0 106 1 414
353 0 104 1 415
418 0 126 1 416
369 0 118 1 417
418 0 145 1 418
365 0 125 1 419
394 0 144 1 420
367 0 134 1 421
378 0 147 1 422
418 0 187 1 423
373 0 154 1 424
383 0 174 1 425
383 0 180 1 426
418 0 226 1 427
365 0 170 1 428
374 0 191 1 429
359 0 181 1 430
379 0 259 1 431
406 0 329 1 432
404 0 343 1 433
394 0 350 1 434
377 0 350 1 435
359 0 350 1 436
342 0 350 1 437
325 0 350 1 438
308 0 350 1 439
291 0 350 1 440
274 0 350 1 441
257 0 350 1 442
240 0 350 1 443
223 0 350 1 444
207 0 350 1 445
189 0 350 1 446
172 0 350 1 447
157 0 327 1 448
153 0 350 1 449
136 0 350 1 450
118 0 350 1 451
101 0 350 1 452
84 0 350 1 453
67 0 350 1 454
50 0 350 1 455
35 0 333 1 456
33 0 348 1 457
30 0 319 1 458
27 0 304 1 459
25 0 247 1 460
39 0 215 1 461
22 0 230 1 462
64 0 180 1 463
22 0 210 1 464
54 0 180 1 465
63 0 168 1 466
22 0 188 1 467
55 0 167 1 468
39 0 170 1 469
22 0 166 1 470
56 0 154 1 471
22 0 147 1 472
45 0 140 1 473
22 0 127 1 474
75 0 115 1 475
77 0 102 1 476
22 0 76 1 477
22 0 58 1 478
22 0 41 1 479
