480
71 0 65 1 0
50 0 75 1 1
61 0 92 1 2
60 0 103 1 3
33 0 112 1 4
54 0 119 1 5
46 0 133 1 6
61 0 57 1 7
89 0 51 1 8
71 0 94 1 9
44 0 130 1 10
71 0 91 1 11
97 0 50 1 12
58 0 129 1 13
65 0 121 1 14
93 0 55 1 15
102 0 69 1 16
68 0 84 1 17
18 0 92 1 18
59 0 104 1 19
18 0 110 1 20
56 0 183 1 21
58 0 94 1 22
75 0 109 1 23
66 0 117 1 24
124 0 48 1 25
105 0 58 1 26
107 0 69 1 27
82 0 83 1 28
60 0 133 1 29
59 0 142 1 30
27 0 278 1 31
65 0 189 1 32
53 0 263 1 33
58 0 189 1 34
111 0 46 1 35
83 0 81 1 36
69 0 110 1 37
67 0 199 1 38
33 0 285 1 39
105 0 77 1 40
33 0 252 1 41
99 0 43 1 42
70 0 180 1 43
86 0 111 1 44
105 0 216 1 45
145 0 39 1 46
103 0 75 1 47
82 0 109 1 48
76 0 186 1 49
153 0 39 1 50
136 0 51 1 51
71 0 178 1 52
77 0 180 1 53
83 0 182 1 54
91 0 179 1 55
59 0 229 1 56
115 0 196 1 57
91 0 228 1 58
107 0 225 1 59
103 0 243 1 60
73 0 282 1 61
115 0 241 1 62
122 0 56 1 63
110 0 66 1 64
102 0 77 1 65
90 0 92 1 66
88 0 105 1 67
88 0 114 1 68
77 0 144 1 69
76 0 126 1 70
81 0 137 1 71
111 0 214 1 72
110 0 226 1 73
122 0 184 1 74
127 0 208 1 75
102 0 246 1 76
126 0 212 1 77
98 0 183 1 78
135 0 57 1 79
106 0 100 1 80
118 0 242 1 81
123 0 193 1 82
115 0 225 1 83
100 0 197 1 84
106 0 90 1 85
166 0 52 1 86
129 0 214 1 87
114 0 263 1 88
105 0 81 1 89
96 0 102 1 90
96 0 113 1 91
93 0 128 1 92
138 0 191 1 93
103 0 89 1 94
99 0 140 1 95
182 0 42 1 96
103 0 298 1 97
96 0 146 1 98
124 0 71 1 99
137 0 36 1 100
139 0 66 1 101
108 0 141 1 102
121 0 106 1 103
118 0 134 1 104
139 0 65 1 105
127 0 74 1 106
131 0 81 1 107
115 0 125 1 108
123 0 91 1 109
178 0 48 1 110
150 0 66 1 111
129 0 99 1 112
135 0 89 1 113
163 0 48 1 114
129 0 123 1 115
151 0 141 1 116
136 0 112 1 117
142 0 235 1 118
148 0 145 1 119
139 0 76 1 120
137 0 85 1 121
132 0 312 1 122
157 0 65 1 123
148 0 98 1 124
197 0 48 1 125
173 0 56 1 126
150 0 150 1 127
143 0 262 1 128
162 0 223 1 129
190 0 38 1 130
148 0 83 1 131
186 0 79 1 132
164 0 226 1 133
165 0 178 1 134
155 0 208 1 135
153 0 221 1 136
161 0 199 1 137
157 0 63 1 138
160 0 93 1 139
154 0 73 1 140
159 0 79 1 141
165 0 150 1 142
160 0 228 1 143
195 0 80 1 144
158 0 276 1 145
175 0 227 1 146
172 0 45 1 147
171 0 205 1 148
171 0 180 1 149
165 0 210 1 150
187 0 69 1 151
195 0 75 1 152
166 0 145 1 153
169 0 227 1 154
174 0 61 1 155
176 0 290 1 156
195 0 197 1 157
195 0 45 1 158
200 0 91 1 159
188 0 85 1 160
178 0 197 1 161
174 0 204 1 162
185 0 61 1 163
177 0 69 1 164
177 0 81 1 165
185 0 218 1 166
211 0 84 1 167
198 0 143 1 168
188 0 230 1 169
199 0 178 1 170
213 0 237 1 171
196 0 296 1 172
200 0 222 1 173
214 0 211 1 174
205 0 241 1 175
187 0 201 1 176
196 0 225 1 177
202 0 232 1 178
203 0 199 1 179
190 0 328 1 180
205 0 185 1 181
219 0 183 1 182
223 0 239 1 183
220 0 171 1 184
220 0 231 1 185
223 0 300 1 186
217 0 225 1 187
208 0 207 1 188
222 0 209 1 189
227 0 82 1 190
214 0 142 1 191
222 0 181 1 192
222 0 199 1 193
233 0 236 1 194
222 0 45 1 195
224 0 70 1 196
224 0 76 1 197
230 0 71 1 198
225 0 62 1 199
225 0 51 1 200
222 0 58 1 201
220 0 146 1 202
238 0 219 1 203
219 0 333 1 204
231 0 45 1 205
240 0 83 1 206
241 0 332 1 207
241 0 224 1 208
232 0 42 1 209
236 0 55 1 210
236 0 64 1 211
245 0 60 1 212
243 0 78 1 213
240 0 79 1 214
247 0 87 1 215
243 0 41 1 216
250 0 50 1 217
249 0 60 1 218
251 0 74 1 219
253 0 65 1 220
254 0 80 1 221
257 0 51 1 222
264 0 151 1 223
255 0 207 1 224
257 0 41 1 225
259 0 64 1 226
261 0 73 1 227
259 0 77 1 228
264 0 211 1 229
263 0 74 1 230
263 0 82 1 231
272 0 141 1 232
268 0 147 1 233
260 0 222 1 234
264 0 202 1 235
262 0 213 1 236
266 0 232 1 237
267 0 292 1 238
268 0 197 1 239
267 0 214 1 240
266 0 43 1 241
268 0 55 1 242
271 0 66 1 243
274 0 73 1 244
275 0 82 1 245
269 0 92 1 246
270 0 179 1 247
280 0 87 1 248
287 0 107 1 249
279 0 325 1 250
268 0 46 1 251
277 0 228 1 252
280 0 57 1 253
290 0 87 1 254
283 0 64 1 255
285 0 72 1 256
282 0 74 1 257
283 0 187 1 258
294 0 98 1 259
278 0 201 1 260
275 0 44 1 261
282 0 186 1 262
291 0 286 1 263
299 0 101 1 264
281 0 229 1 265
294 0 210 1 266
295 0 229 1 267
287 0 223 1 268
289 0 237 1 269
303 0 318 1 270
304 0 223 1 271
301 0 221 1 272
315 0 264 1 273
310 0 203 1 274
314 0 221 1 275
300 0 211 1 276
326 0 118 1 277
311 0 68 1 278
312 0 77 1 279
330 0 86 1 280
300 0 47 1 281
306 0 54 1 282
323 0 73 1 283
340 0 119 1 284
308 0 62 1 285
337 0 92 1 286
330 0 251 1 287
324 0 245 1 288
344 0 296 1 289
332 0 310 1 290
338 0 176 1 291
340 0 196 1 292
308 0 179 1 293
312 0 192 1 294
315 0 207 1 295
321 0 225 1 296
322 0 72 1 297
336 0 109 1 298
344 0 126 1 299
356 0 87 1 300
313 0 48 1 301
309 0 54 1 302
331 0 67 1 303
364 0 139 1 304
329 0 61 1 305
348 0 86 1 306
337 0 99 1 307
340 0 105 1 308
352 0 114 1 309
359 0 124 1 310
349 0 98 1 311
343 0 175 1 312
321 0 198 1 313
367 0 279 1 314
331 0 235 1 315
352 0 166 1 316
343 0 88 1 317
327 0 214 1 318
364 0 184 1 319
357 0 110 1 320
360 0 187 1 321
330 0 70 1 322
348 0 96 1 323
321 0 188 1 324
350 0 88 1 325
385 0 228 1 326
369 0 177 1 327
366 0 162 1 328
391 0 193 1 329
356 0 59 1 330
365 0 204 1 331
405 0 280 1 332
405 0 295 1 333
356 0 243 1 334
405 0 314 1 335
365 0 109 1 336
369 0 198 1 337
342 0 72 1 338
344 0 57 1 339
363 0 177 1 340
382 0 180 1 341
369 0 177 1 342
334 0 53 1 343
368 0 167 1 344
375 0 203 1 345
343 0 75 1 346
353 0 83 1 347
384 0 111 1 348
410 0 70 1 349
410 0 271 1 350
380 0 190 1 351
374 0 163 1 352
350 0 179 1 353
379 0 198 1 354
380 0 201 1 355
390 0 199 1 356
418 0 245 1 357
418 0 265 1 358
380 0 158 1 359
362 0 155 1 360
376 0 174 1 361
359 0 148 1 362
385 0 169 1 363
407 0 176 1 364
423 0 212 1 365
378 0 145 1 366
396 0 198 1 367
380 0 184 1 368
376 0 188 1 369
394 0 183 1 370
378 0 172 1 371
377 0 160 1 372
429 0 174 1 373
400 0 177 1 374
3 0 12 1 375
20 0 12 1 376
37 0 12 1 377
20 0 23 1 378
60 0 12 1 379
77 0 12 1 380
94 0 12 1 381
111 0 12 1 382
128 0 12 1 383
145 0 12 1 384
153 0 26 1 385
168 0 12 1 386
199 0 32 1 387
191 0 12 1 388
208 0 12 1 389
197 0 22 1 390
216 0 21 1 391
236 0 12 1 392
240 0 23 1 393
258 0 12 1 394
267 0 26 1 395
281 0 12 1 396
298 0 12 1 397
298 0 30 1 398
321 0 12 1 399
338 0 12 1 400
355 0 12 1 401
330 0 36 1 402
405 0 19 1 403
384 0 12 1 404
401 0 12 1 405
418 0 12 1 406
427 0 31 1 407
377 0 43 1 408
437 0 44 1 409
395 0 64 1 410
384 0 75 1 411
437 0 84 1 412
375 0 93 1 413
437 0 107 1 414
385 0 109 1 415
437 0 130 1 416
398 0 128 1 417
437 0 153 1 418
395 0 140 1 419
417 0 159 1 420
397 0 154 1 421
405 0 169 1 422
437 0 203 1 423
401 0 180 1 424
409 0 199 1 425
409 0 208 1 426
437 0 249 1 427
393 0 205 1 428
397 0 223 1 429
381 0 215 1 430
393 0 276 1 431
411 0 331 1 432
405 0 342 1 433
394 0 348 1 434
377 0 348 1 435
360 0 348 1 436
343 0 348 1 437
326 0 348 1 438
308 0 348 1 439
291 0 348 1 440
274 0 348 1 441
257 0 348 1 442
240 0 348 1 443
223 0 348 1 444
207 0 348 1 445
190 0 348 1 446
173 0 348 1 447
157 0 330 1 448
150 0 348 1 449
133 0 348 1 450
116 0 348 1 451
99 0 348 1 452
82 0 348 1 453
64 0 348 1 454
47 0 348 1 455
32 0 335 1 456
26 0 346 1 457
21 0 324 1 458
15 0 312 1 459
9 0 267 1 460
17 0 242 1 461
3 0 250 1 462
36 0 206 1 463
3 0 227 1 464
28 0 199 1 465
36 0 186 1 466
3 0 199 1 467
29 0 179 1 468
17 0 178 1 469
3 0 171 1 470
30 0 158 1 471
3 0 149 1 472
21 0 140 1 473
3 0 126 1 474
45 0 113 1 475
46 0 99 1 476
3 0 74 1 477
3 0 57 1 478
3 0 40 1 479
