480
-7 0 61 1 0
-14 0 72 1 1
-10 0 87 1 2
-11 0 98 1 3
-20 0 108 1 4
-13 0 117 1 5
-16 0 130 1 6
-10 0 52 1 7
4 0 47 1 8
-1 0 88 1 9
-8 0 129 1 10
4 0 87 1 11
15 0 46 1 12
2 0 128 1 13
8 0 121 1 14
18 0 52 1 15
21 0 66 1 16
9 0 78 1 17
-7 0 89 1 18
6 0 100 1 19
-7 0 108 1 20
21 0 219 1 21
22 0 91 1 22
28 0 105 1 23
25 0 116 1 24
45 0 42 1 25
39 0 54 1 26
40 0 68 1 27
31 0 79 1 28
24 0 131 1 29
24 0 143 1 30
14 0 296 1 31
30 0 232 1 32
27 0 287 1 33
29 0 221 1 34
48 0 41 1 35
38 0 78 1 36
35 0 109 1 37
35 0 239 1 38
27 0 291 1 39
51 0 75 1 40
28 0 260 1 41
50 0 39 1 42
40 0 217 1 43
47 0 108 1 44
54 0 264 1 45
72 0 38 1 46
57 0 73 1 47
51 0 107 1 48
50 0 219 1 49
82 0 38 1 50
78 0 47 1 51
56 0 197 1 52
58 0 204 1 53
60 0 210 1 54
63 0 217 1 55
52 0 241 1 56
71 0 237 1 57
63 0 255 1 58
68 0 265 1 59
67 0 279 1 60
57 0 300 1 61
71 0 295 1 62
74 0 55 1 63
70 0 64 1 64
67 0 75 1 65
63 0 90 1 66
62 0 102 1 67
63 0 113 1 68
59 0 147 1 69
59 0 126 1 70
61 0 137 1 71
73 0 249 1 72
77 0 258 1 73
84 0 217 1 74
87 0 248 1 75
79 0 270 1 76
90 0 247 1 77
83 0 201 1 78
97 0 55 1 79
87 0 99 1 80
91 0 275 1 81
94 0 221 1 82
91 0 246 1 83
88 0 209 1 84
91 0 90 1 85
112 0 48 1 86
100 0 239 1 87
95 0 287 1 88
95 0 81 1 89
93 0 102 1 90
93 0 113 1 91
92 0 128 1 92
107 0 220 1 93
96 0 89 1 94
95 0 140 1 95
123 0 40 1 96
97 0 304 1 97
96 0 147 1 98
106 0 72 1 99
113 0 35 1 100
116 0 65 1 101
111 0 142 1 102
117 0 108 1 103
116 0 134 1 104
124 0 64 1 105
120 0 74 1 106
121 0 82 1 107
116 0 126 1 108
120 0 91 1 109
140 0 45 1 110
135 0 65 1 111
128 0 103 1 112
131 0 88 1 113
141 0 46 1 114
130 0 129 1 115
138 0 140 1 116
133 0 119 1 117
135 0 259 1 118
139 0 145 1 119
137 0 76 1 120
137 0 85 1 121
135 0 312 1 122
145 0 64 1 123
142 0 102 1 124
160 0 46 1 125
153 0 55 1 126
145 0 149 1 127
143 0 266 1 128
150 0 274 1 129
161 0 35 1 130
147 0 84 1 131
161 0 105 1 132
153 0 270 1 133
155 0 201 1 134
151 0 217 1 135
151 0 227 1 136
153 0 228 1 137
153 0 63 1 138
155 0 101 1 139
154 0 73 1 140
155 0 83 1 141
157 0 148 1 142
156 0 244 1 143
168 0 108 1 144
157 0 280 1 145
162 0 275 1 146
162 0 45 1 147
162 0 246 1 148
164 0 200 1 149
162 0 222 1 150
170 0 80 1 151
173 0 95 1 152
164 0 145 1 153
165 0 241 1 154
169 0 62 1 155
170 0 299 1 156
177 0 243 1 157
179 0 45 1 158
180 0 115 1 159
177 0 97 1 160
174 0 217 1 161
174 0 208 1 162
178 0 62 1 163
175 0 72 1 164
176 0 83 1 165
178 0 236 1 166
189 0 116 1 167
185 0 143 1 168
181 0 254 1 169
187 0 210 1 170
192 0 278 1 171
186 0 305 1 172
188 0 258 1 173
193 0 260 1 174
190 0 274 1 175
185 0 205 1 176
191 0 239 1 177
194 0 254 1 178
195 0 217 1 179
192 0 320 1 180
199 0 200 1 181
204 0 224 1 182
206 0 271 1 183
207 0 207 1 184
208 0 253 1 185
211 0 313 1 186
209 0 239 1 187
208 0 208 1 188
213 0 227 1 189
216 0 113 1 190
211 0 141 1 191
214 0 205 1 192
214 0 217 1 193
218 0 268 1 194
215 0 45 1 195
216 0 86 1 196
216 0 95 1 197
217 0 100 1 198
216 0 74 1 199
218 0 54 1 200
217 0 63 1 201
216 0 149 1 202
222 0 249 1 203
217 0 326 1 204
223 0 45 1 205
231 0 113 1 206
231 0 326 1 207
231 0 250 1 208
232 0 42 1 209
234 0 57 1 210
235 0 67 1 211
238 0 72 1 212
238 0 95 1 213
238 0 86 1 214
242 0 114 1 215
244 0 41 1 216
247 0 53 1 217
247 0 67 1 218
250 0 91 1 219
252 0 80 1 220
253 0 111 1 221
257 0 52 1 222
260 0 150 1 223
256 0 229 1 224
259 0 40 1 225
259 0 68 1 226
261 0 81 1 227
260 0 90 1 228
264 0 223 1 229
265 0 101 1 230
265 0 112 1 231
268 0 138 1 232
267 0 148 1 233
264 0 275 1 234
266 0 252 1 235
266 0 264 1 236
268 0 254 1 237
268 0 309 1 238
269 0 215 1 239
268 0 242 1 240
270 0 40 1 241
270 0 53 1 242
271 0 67 1 243
273 0 80 1 244
274 0 92 1 245
272 0 106 1 246
276 0 203 1 247
280 0 101 1 248
283 0 119 1 249
280 0 324 1 250
277 0 41 1 251
280 0 244 1 252
284 0 56 1 253
287 0 94 1 254
286 0 64 1 255
286 0 72 1 256
286 0 80 1 257
287 0 201 1 258
292 0 115 1 259
287 0 235 1 260
287 0 39 1 261
290 0 209 1 262
295 0 309 1 263
299 0 117 1 264
293 0 267 1 265
298 0 222 1 266
299 0 246 1 267
297 0 252 1 268
297 0 264 1 269
304 0 318 1 270
308 0 231 1 271
320 0 257 1 272
324 0 281 1 273
323 0 223 1 274
325 0 238 1 275
320 0 245 1 276
330 0 122 1 277
327 0 64 1 278
327 0 74 1 279
333 0 86 1 280
326 0 43 1 281
332 0 48 1 282
338 0 71 1 283
344 0 123 1 284
335 0 56 1 285
349 0 92 1 286
346 0 276 1 287
344 0 283 1 288
351 0 308 1 289
347 0 321 1 290
350 0 196 1 291
350 0 212 1 292
340 0 214 1 293
341 0 229 1 294
342 0 243 1 295
344 0 257 1 296
347 0 68 1 297
355 0 118 1 298
360 0 139 1 299
366 0 87 1 300
353 0 39 1 301
355 0 44 1 302
362 0 63 1 303
373 0 147 1 304
362 0 53 1 305
371 0 85 1 306
367 0 103 1 307
369 0 113 1 308
373 0 122 1 309
375 0 134 1 310
375 0 100 1 311
373 0 228 1 312
365 0 252 1 313
382 0 297 1 314
370 0 289 1 315
377 0 204 1 316
376 0 85 1 317
372 0 269 1 318
386 0 216 1 319
384 0 118 1 320
385 0 224 1 321
375 0 62 1 322
382 0 97 1 323
373 0 247 1 324
385 0 87 1 325
397 0 244 1 326
393 0 207 1 327
392 0 190 1 328
403 0 206 1 329
392 0 51 1 330
395 0 252 1 331
409 0 285 1 332
409 0 299 1 333
392 0 288 1 334
409 0 320 1 335
396 0 116 1 336
397 0 242 1 337
389 0 63 1 338
391 0 45 1 339
398 0 227 1 340
406 0 208 1 341
402 0 220 1 342
391 0 41 1 343
404 0 210 1 344
407 0 252 1 345
397 0 65 1 346
400 0 81 1 347
411 0 117 1 348
420 0 69 1 349
420 0 289 1 350
412 0 232 1 351
411 0 201 1 352
403 0 263 1 353
417 0 251 1 354
425 0 266 1 355
429 0 248 1 356
438 0 272 1 357
438 0 297 1 358
426 0 199 1 359
421 0 218 1 360
425 0 230 1 361
421 0 210 1 362
430 0 211 1 363
443 0 203 1 364
451 0 241 1 365
440 0 190 1 366
448 0 260 1 367
443 0 263 1 368
442 0 275 1 369
448 0 238 1 370
443 0 242 1 371
443 0 222 1 372
464 0 197 1 373
457 0 227 1 374
-43 0 17 1 375
-26 0 17 1 376
-9 0 17 1 377
-3 0 21 1 378
21 0 17 1 379
38 0 17 1 380
55 0 17 1 381
72 0 17 1 382
90 0 17 1 383
107 0 17 1 384
120 0 22 1 385
137 0 17 1 386
159 0 24 1 387
167 0 17 1 388
184 0 17 1 389
192 0 21 1 390
210 0 20 1 391
227 0 17 1 392
240 0 21 1 393
257 0 17 1 394
271 0 22 1 395
287 0 17 1 396
304 0 17 1 397
316 0 23 1 398
335 0 17 1 399
352 0 17 1 400
369 0 17 1 401
372 0 25 1 402
408 0 19 1 403
412 0 17 1 404
429 0 17 1 405
447 0 17 1 406
461 0 23 1 407
456 0 27 1 408
482 0 32 1 409
469 0 50 1 410
465 0 65 1 411
482 0 80 1 412
462 0 94 1 413
482 0 110 1 414
465 0 122 1 415
482 0 140 1 416
469 0 151 1 417
482 0 171 1 418
468 0 178 1 419
476 0 194 1 420
469 0 204 1 421
472 0 220 1 422
482 0 243 1 423
471 0 247 1 424
473 0 265 1 425
473 0 279 1 426
482 0 304 1 427
462 0 295 1 428
452 0 301 1 429
435 0 298 1 430
428 0 319 1 431
423 0 337 1 432
410 0 341 1 433
394 0 343 1 434
377 0 343 1 435
360 0 343 1 436
343 0 343 1 437
326 0 343 1 438
309 0 343 1 439
292 0 343 1 440
275 0 343 1 441
258 0 343 1 442
241 0 343 1 443
224 0 343 1 444
208 0 343 1 445
191 0 343 1 446
174 0 343 1 447
157 0 337 1 448
143 0 343 1 449
126 0 343 1 450
109 0 343 1 451
92 0 343 1 452
75 0 343 1 453
58 0 343 1 454
41 0 343 1 455
25 0 339 1 456
11 0 342 1 457
-2 0 335 1 458
-15 0 331 1 459
-28 0 316 1 460
-37 0 307 1 461
-43 0 300 1 462
-32 0 274 1 463
-43 0 270 1 464
-35 0 249 1 465
-32 0 233 1 466
-43 0 226 1 467
-34 0 208 1 468
-38 0 196 1 469
-43 0 183 1 470
-34 0 168 1 471
-43 0 153 1 472
-37 0 139 1 473
-43 0 123 1 474
-29 0 107 1 475
-29 0 92 1 476
-43 0 72 1 477
-43 0 55 1 478
-43 0 38 1 479
