480
124 0 68 1 0
93 0 77 1 1
110 0 97 1 2
109 0 108 1 3
69 0 115 1 4
100 0 120 1 5
88 0 136 1 6
110 0 61 1 7
148 0 55 1 8
121 0 98 1 9
79 0 132 1 10
116 0 95 1 11
153 0 54 1 12
96 0 131 1 13
105 0 122 1 14
144 0 58 1 15
158 0 71 1 16
109 0 88 1 17
36 0 93 1 18
95 0 108 1 19
36 0 111 1 20
80 0 159 1 21
82 0 96 1 22
108 0 112 1 23
94 0 118 1 24
178 0 53 1 25
150 0 61 1 26
153 0 71 1 27
117 0 87 1 28
84 0 134 1 29
83 0 140 1 30
37 0 265 1 31
89 0 160 1 32
71 0 246 1 33
78 0 168 1 34
154 0 50 1 35
114 0 83 1 36
92 0 112 1 37
89 0 172 1 38
38 0 281 1 39
141 0 79 1 40
38 0 247 1 41
132 0 47 1 42
90 0 155 1 43
113 0 113 1 44
139 0 184 1 45
196 0 41 1 46
134 0 76 1 47
103 0 111 1 48
94 0 163 1 49
202 0 41 1 50
176 0 55 1 51
82 0 164 1 52
90 0 165 1 53
98 0 163 1 54
110 0 153 1 55
63 0 221 1 56
145 0 168 1 57
110 0 210 1 58
134 0 198 1 59
127 0 219 1 60
85 0 269 1 61
145 0 205 1 62
155 0 58 1 63
138 0 68 1 64
126 0 78 1 65
109 0 93 1 66
105 0 107 1 67
106 0 116 1 68
90 0 142 1 69
88 0 127 1 70
95 0 137 1 71
136 0 191 1 72
133 0 203 1 73
147 0 161 1 74
155 0 180 1 75
117 0 230 1 76
151 0 188 1 77
108 0 171 1 78
161 0 58 1 79
119 0 101 1 80
136 0 218 1 81
143 0 175 1 82
131 0 210 1 83
108 0 189 1 84
116 0 91 1 85
203 0 55 1 86
149 0 196 1 87
128 0 247 1 88
111 0 82 1 89
98 0 103 1 90
99 0 113 1 91
94 0 129 1 92
160 0 172 1 93
107 0 89 1 94
102 0 140 1 95
221 0 44 1 96
107 0 293 1 97
96 0 144 1 98
136 0 71 1 99
153 0 38 1 100
154 0 67 1 101
106 0 141 1 102
124 0 105 1 103
119 0 134 1 104
150 0 66 1 105
132 0 75 1 106
137 0 81 1 107
113 0 124 1 108
125 0 92 1 109
204 0 50 1 110
161 0 67 1 111
130 0 95 1 112
138 0 90 1 113
177 0 50 1 114
128 0 119 1 115
161 0 143 1 116
139 0 107 1 117
146 0 218 1 118
155 0 145 1 119
141 0 76 1 120
138 0 85 1 121
130 0 312 1 122
165 0 66 1 123
152 0 95 1 124
221 0 50 1 125
187 0 57 1 126
154 0 152 1 127
143 0 259 1 128
170 0 188 1 129
211 0 40 1 130
149 0 81 1 131
204 0 61 1 132
172 0 195 1 133
172 0 162 1 134
158 0 202 1 135
155 0 216 1 136
166 0 179 1 137
160 0 63 1 138
165 0 88 1 139
154 0 73 1 140
162 0 76 1 141
170 0 152 1 142
163 0 217 1 143
214 0 61 1 144
160 0 273 1 145
184 0 194 1 146
179 0 46 1 147
178 0 178 1 148
175 0 167 1 149
167 0 202 1 150
199 0 61 1 151
209 0 61 1 152
168 0 145 1 153
173 0 217 1 154
179 0 60 1 155
181 0 283 1 156
208 0 166 1 157
206 0 46 1 158
214 0 75 1 159
196 0 76 1 160
182 0 183 1 161
175 0 201 1 162
190 0 61 1 163
178 0 67 1 164
179 0 80 1 165
189 0 205 1 166
225 0 62 1 167
208 0 143 1 168
192 0 213 1 169
208 0 155 1 170
227 0 208 1 171
203 0 289 1 172
208 0 198 1 173
227 0 179 1 174
215 0 217 1 175
188 0 197 1 176
201 0 216 1 177
208 0 217 1 178
208 0 186 1 179
189 0 333 1 180
209 0 176 1 181
228 0 156 1 182
236 0 217 1 183
228 0 146 1 184
228 0 217 1 185
232 0 291 1 186
221 0 216 1 187
209 0 205 1 188
228 0 196 1 189
236 0 60 1 190
216 0 143 1 191
228 0 165 1 192
228 0 186 1 193
244 0 213 1 194
228 0 45 1 195
231 0 59 1 196
231 0 63 1 197
239 0 50 1 198
231 0 54 1 199
230 0 49 1 200
227 0 54 1 201
222 0 143 1 202
249 0 199 1 203
220 0 338 1 204
236 0 45 1 205
247 0 62 1 206
248 0 336 1 207
247 0 206 1 208
232 0 42 1 209
237 0 53 1 210
237 0 62 1 211
250 0 52 1 212
247 0 65 1 213
242 0 74 1 214
251 0 68 1 215
241 0 42 1 216
252 0 47 1 217
250 0 55 1 218
253 0 62 1 219
255 0 54 1 220
255 0 59 1 221
257 0 49 1 222
267 0 152 1 223
253 0 192 1 224
256 0 43 1 225
258 0 61 1 226
261 0 68 1 227
257 0 67 1 228
263 0 202 1 229
262 0 56 1 230
262 0 62 1 231
276 0 143 1 232
270 0 145 1 233
256 0 186 1 234
262 0 170 1 235
259 0 179 1 236
265 0 218 1 237
266 0 280 1 238
267 0 185 1 239
265 0 194 1 240
263 0 45 1 241
266 0 56 1 242
270 0 64 1 243
275 0 68 1 244
276 0 75 1 245
266 0 83 1 246
265 0 162 1 247
279 0 78 1 248
290 0 98 1 249
278 0 327 1 250
262 0 50 1 251
275 0 217 1 252
277 0 58 1 253
292 0 82 1 254
281 0 64 1 255
283 0 72 1 256
279 0 70 1 257
280 0 179 1 258
296 0 85 1 259
272 0 179 1 260
267 0 48 1 261
277 0 172 1 262
288 0 270 1 263
299 0 90 1 264
272 0 204 1 265
290 0 202 1 266
291 0 217 1 267
281 0 203 1 268
284 0 218 1 269
301 0 317 1 270
300 0 217 1 271
288 0 197 1 272
308 0 251 1 273
300 0 189 1 274
306 0 209 1 275
286 0 188 1 276
323 0 115 1 277
300 0 71 1 278
301 0 80 1 279
327 0 86 1 280
283 0 51 1 281
288 0 59 1 282
312 0 75 1 283
337 0 116 1 284
289 0 67 1 285
329 0 92 1 286
319 0 234 1 287
310 0 219 1 288
339 0 288 1 289
321 0 303 1 290
330 0 162 1 291
333 0 185 1 292
286 0 155 1 293
292 0 168 1 294
297 0 183 1 295
305 0 203 1 296
305 0 75 1 297
322 0 103 1 298
333 0 116 1 299
350 0 88 1 300
285 0 55 1 301
278 0 61 1 302
309 0 71 1 303
357 0 134 1 304
305 0 67 1 305
333 0 88 1 306
316 0 96 1 307
320 0 100 1 308
338 0 109 1 309
347 0 117 1 310
332 0 96 1 311
323 0 139 1 312
291 0 163 1 313
357 0 266 1 314
304 0 199 1 315
334 0 140 1 316
320 0 90 1 317
296 0 177 1 318
350 0 163 1 319
338 0 105 1 320
343 0 162 1 321
298 0 75 1 322
325 0 95 1 323
286 0 149 1 324
326 0 90 1 325
377 0 216 1 326
353 0 155 1 327
348 0 141 1 328
383 0 183 1 329
332 0 65 1 330
345 0 173 1 331
402 0 275 1 332
402 0 292 1 333
331 0 211 1 334
402 0 310 1 335
343 0 104 1 336
349 0 168 1 337
310 0 78 1 338
312 0 65 1 339
339 0 143 1 340
366 0 162 1 341
345 0 146 1 342
294 0 61 1 343
343 0 137 1 344
353 0 171 1 345
307 0 82 1 346
320 0 85 1 347
365 0 107 1 348
403 0 71 1 349
403 0 259 1 350
358 0 162 1 351
348 0 137 1 352
313 0 120 1 353
354 0 163 1 354
349 0 158 1 355
363 0 166 1 356
404 0 226 1 357
404 0 243 1 358
348 0 130 1 359
321 0 111 1 360
342 0 134 1 361
317 0 105 1 362
354 0 139 1 363
383 0 156 1 364
404 0 192 1 365
336 0 113 1 366
360 0 157 1 367
337 0 131 1 368
332 0 129 1 369
357 0 146 1 370
334 0 124 1 371
332 0 117 1 372
405 0 158 1 373
361 0 142 1 374
35 0 8 1 375
52 0 8 1 376
69 0 8 1 377
36 0 25 1 378
86 0 8 1 379
104 0 8 1 380
121 0 8 1 381
138 0 8 1 382
155 0 8 1 383
172 0 8 1 384
175 0 30 1 385
190 0 8 1 386
226 0 37 1 387
207 0 8 1 388
223 0 8 1 389
201 0 24 1 390
220 0 22 1 391
242 0 8 1 392
241 0 25 1 393
259 0 8 1 394
264 0 30 1 395
277 0 8 1 396
294 0 8 1 397
286 0 35 1 398
312 0 8 1 399
329 0 8 1 400
346 0 8 1 401
302 0 44 1 402
402 0 19 1 403
364 0 8 1 404
381 0 8 1 405
398 0 8 1 406
404 0 36 1 407
324 0 54 1 408
405 0 53 1 409
345 0 74 1 410
329 0 81 1 411
405 0 87 1 412
316 0 93 1 413
405 0 105 1 414
331 0 100 1 415
405 0 123 1 416
349 0 112 1 417
405 0 140 1 418
344 0 115 1 419
377 0 134 1 420
347 0 120 1 421
359 0 133 1 422
405 0 176 1 423
354 0 136 1 424
365 0 156 1 425
366 0 160 1 426
405 0 211 1 427
346 0 145 1 428
359 0 171 1 429
344 0 159 1 430
370 0 247 1 431
403 0 327 1 432
402 0 343 1 433
393 0 352 1 434
376 0 352 1 435
359 0 352 1 436
342 0 352 1 437
325 0 352 1 438
308 0 352 1 439
291 0 352 1 440
274 0 352 1 441
257 0 352 1 442
240 0 352 1 443
222 0 352 1 444
206 0 352 1 445
189 0 352 1 446
172 0 352 1 447
157 0 326 1 448
154 0 352 1 449
137 0 352 1 450
120 0 352 1 451
103 0 352 1 452
86 0 352 1 453
69 0 352 1 454
52 0 352 1 455
37 0 332 1 456
37 0 349 1 457
36 0 316 1 458
36 0 299 1 459
35 0 233 1 460
54 0 197 1 461
35 0 216 1 462
83 0 161 1 463
35 0 198 1 464
71 0 166 1 465
82 0 154 1 466
35 0 180 1 467
72 0 158 1 468
55 0 164 1 469
35 0 163 1 470
74 0 152 1 471
35 0 145 1 472
61 0 140 1 473
35 0 128 1 474
96 0 117 1 475
98 0 104 1 476
35 0 76 1 477
35 0 59 1 478
35 0 42 1 479
