480
110 0 67 1 0
82 0 76 1 1
97 0 95 1 2
96 0 106 1 3
59 0 114 1 4
88 0 120 1 5
76 0 135 1 6
97 0 60 1 7
132 0 54 1 8
107 0 97 1 9
70 0 131 1 10
104 0 94 1 11
138 0 53 1 12
86 0 130 1 13
94 0 122 1 14
131 0 57 1 15
143 0 70 1 16
98 0 87 1 17
31 0 93 1 18
85 0 107 1 19
31 0 110 1 20
74 0 165 1 21
76 0 95 1 22
99 0 111 1 23
87 0 118 1 24
164 0 51 1 25
138 0 60 1 26
141 0 70 1 27
108 0 86 1 28
78 0 134 1 29
77 0 141 1 30
34 0 268 1 31
83 0 168 1 32
66 0 250 1 33
73 0 174 1 34
143 0 49 1 35
105 0 82 1 36
85 0 111 1 37
83 0 179 1 38
36 0 282 1 39
131 0 78 1 40
36 0 248 1 41
123 0 46 1 42
84 0 162 1 43
106 0 112 1 44
130 0 192 1 45
182 0 40 1 46
125 0 76 1 47
97 0 110 1 48
89 0 170 1 49
189 0 40 1 50
165 0 54 1 51
79 0 168 1 52
86 0 169 1 53
94 0 168 1 54
105 0 160 1 55
62 0 223 1 56
137 0 176 1 57
105 0 215 1 58
127 0 205 1 59
121 0 225 1 60
82 0 273 1 61
137 0 215 1 62
147 0 57 1 63
131 0 67 1 64
120 0 78 1 65
104 0 93 1 66
100 0 106 1 67
101 0 115 1 68
86 0 143 1 69
85 0 127 1 70
92 0 137 1 71
129 0 197 1 72
127 0 209 1 73
140 0 168 1 74
148 0 187 1 75
113 0 234 1 76
145 0 194 1 77
105 0 175 1 78
154 0 58 1 79
115 0 101 1 80
131 0 225 1 81
138 0 180 1 82
127 0 214 1 83
106 0 191 1 84
113 0 91 1 85
193 0 54 1 86
144 0 201 1 87
124 0 251 1 88
110 0 82 1 89
97 0 103 1 90
98 0 113 1 91
94 0 129 1 92
154 0 177 1 93
106 0 89 1 94
101 0 140 1 95
211 0 43 1 96
106 0 295 1 97
96 0 145 1 98
133 0 71 1 99
149 0 37 1 100
150 0 67 1 101
107 0 141 1 102
123 0 105 1 103
119 0 134 1 104
147 0 66 1 105
131 0 75 1 106
136 0 81 1 107
114 0 124 1 108
124 0 92 1 109
197 0 49 1 110
158 0 67 1 111
130 0 96 1 112
137 0 90 1 113
173 0 49 1 114
128 0 120 1 115
158 0 142 1 116
138 0 108 1 117
145 0 222 1 118
153 0 145 1 119
140 0 76 1 120
138 0 85 1 121
131 0 312 1 122
163 0 66 1 123
151 0 96 1 124
216 0 49 1 125
183 0 57 1 126
153 0 151 1 127
143 0 260 1 128
168 0 197 1 129
205 0 39 1 130
149 0 82 1 131
199 0 66 1 132
170 0 203 1 133
170 0 166 1 134
157 0 203 1 135
154 0 218 1 136
165 0 184 1 137
159 0 63 1 138
163 0 89 1 139
154 0 73 1 140
161 0 77 1 141
169 0 151 1 142
162 0 220 1 143
209 0 66 1 144
159 0 274 1 145
182 0 202 1 146
177 0 46 1 147
176 0 184 1 148
174 0 171 1 149
166 0 204 1 150
196 0 63 1 151
205 0 65 1 152
167 0 145 1 153
172 0 220 1 154
177 0 60 1 155
179 0 285 1 156
204 0 175 1 157
203 0 46 1 158
210 0 79 1 159
194 0 78 1 160
181 0 187 1 161
175 0 202 1 162
189 0 61 1 163
178 0 68 1 164
178 0 80 1 165
188 0 209 1 166
221 0 68 1 167
205 0 143 1 168
191 0 217 1 169
206 0 161 1 170
223 0 216 1 171
201 0 291 1 172
206 0 204 1 173
224 0 187 1 174
212 0 224 1 175
188 0 198 1 176
199 0 218 1 177
207 0 221 1 178
207 0 190 1 179
189 0 332 1 180
208 0 179 1 181
225 0 163 1 182
232 0 223 1 183
226 0 152 1 184
226 0 221 1 185
230 0 293 1 186
220 0 218 1 187
209 0 206 1 188
227 0 200 1 189
234 0 66 1 190
215 0 143 1 191
227 0 169 1 192
227 0 190 1 193
241 0 219 1 194
227 0 45 1 195
229 0 62 1 196
229 0 67 1 197
237 0 56 1 198
230 0 56 1 199
229 0 50 1 200
225 0 55 1 201
221 0 144 1 202
246 0 205 1 203
220 0 336 1 204
235 0 45 1 205
245 0 68 1 206
246 0 335 1 207
246 0 211 1 208
232 0 42 1 209
237 0 54 1 210
237 0 63 1 211
249 0 54 1 212
246 0 69 1 213
241 0 76 1 214
250 0 73 1 215
242 0 42 1 216
251 0 48 1 217
250 0 57 1 218
252 0 65 1 219
254 0 57 1 220
255 0 65 1 221
257 0 50 1 222
266 0 152 1 223
254 0 196 1 224
256 0 42 1 225
258 0 62 1 226
261 0 69 1 227
258 0 70 1 228
263 0 204 1 229
262 0 61 1 230
262 0 68 1 231
275 0 142 1 232
269 0 146 1 233
257 0 196 1 234
263 0 179 1 235
260 0 187 1 236
265 0 222 1 237
266 0 283 1 238
267 0 188 1 239
266 0 199 1 240
264 0 44 1 241
267 0 56 1 242
270 0 65 1 243
275 0 69 1 244
276 0 77 1 245
267 0 85 1 246
267 0 166 1 247
279 0 80 1 248
289 0 100 1 249
278 0 326 1 250
263 0 49 1 251
276 0 220 1 252
278 0 58 1 253
291 0 83 1 254
282 0 64 1 255
284 0 72 1 256
280 0 71 1 257
281 0 180 1 258
295 0 89 1 259
273 0 185 1 260
269 0 47 1 261
278 0 176 1 262
289 0 274 1 263
299 0 93 1 264
274 0 211 1 265
291 0 204 1 266
292 0 220 1 267
282 0 208 1 268
285 0 223 1 269
302 0 317 1 270
301 0 218 1 271
292 0 203 1 272
310 0 255 1 273
303 0 193 1 274
308 0 212 1 275
289 0 194 1 276
324 0 116 1 277
303 0 70 1 278
304 0 79 1 279
328 0 86 1 280
288 0 50 1 281
293 0 57 1 282
315 0 74 1 283
338 0 117 1 284
294 0 65 1 285
331 0 92 1 286
322 0 238 1 287
313 0 226 1 288
340 0 290 1 289
324 0 305 1 290
332 0 165 1 291
335 0 188 1 292
292 0 161 1 293
297 0 174 1 294
302 0 189 1 295
309 0 209 1 296
309 0 74 1 297
326 0 104 1 298
336 0 119 1 299
351 0 88 1 300
292 0 53 1 301
287 0 59 1 302
315 0 70 1 303
359 0 135 1 304
312 0 66 1 305
337 0 87 1 306
322 0 97 1 307
325 0 101 1 308
341 0 110 1 309
350 0 119 1 310
337 0 97 1 311
329 0 149 1 312
299 0 173 1 313
360 0 270 1 314
311 0 209 1 315
339 0 147 1 316
326 0 89 1 317
305 0 186 1 318
354 0 169 1 319
343 0 106 1 320
347 0 169 1 321
307 0 74 1 322
331 0 95 1 323
295 0 160 1 324
332 0 89 1 325
379 0 219 1 326
357 0 161 1 327
353 0 147 1 328
385 0 186 1 329
338 0 64 1 330
351 0 180 1 331
403 0 277 1 332
403 0 293 1 333
337 0 220 1 334
403 0 311 1 335
349 0 106 1 336
354 0 176 1 337
319 0 77 1 338
321 0 63 1 339
345 0 152 1 340
370 0 167 1 341
352 0 154 1 342
305 0 59 1 343
349 0 145 1 344
359 0 180 1 345
317 0 80 1 346
329 0 84 1 347
370 0 108 1 348
405 0 70 1 349
405 0 262 1 350
364 0 170 1 351
355 0 144 1 352
323 0 136 1 353
361 0 173 1 354
358 0 170 1 355
370 0 175 1 356
407 0 231 1 357
407 0 249 1 358
357 0 138 1 359
332 0 123 1 360
351 0 145 1 361
329 0 116 1 362
363 0 147 1 363
389 0 161 1 364
409 0 197 1 365
348 0 122 1 366
369 0 168 1 367
348 0 145 1 368
344 0 145 1 369
367 0 156 1 370
346 0 137 1 371
344 0 128 1 372
411 0 162 1 373
372 0 151 1 374
26 0 9 1 375
43 0 9 1 376
60 0 9 1 377
32 0 24 1 378
79 0 9 1 379
96 0 9 1 380
114 0 9 1 381
131 0 9 1 382
148 0 9 1 383
165 0 9 1 384
169 0 29 1 385
184 0 9 1 386
220 0 36 1 387
203 0 9 1 388
220 0 9 1 389
200 0 23 1 390
219 0 22 1 391
240 0 9 1 392
241 0 24 1 393
259 0 9 1 394
265 0 29 1 395
278 0 9 1 396
295 0 9 1 397
289 0 34 1 398
314 0 9 1 399
331 0 9 1 400
348 0 9 1 401
310 0 42 1 402
403 0 19 1 403
369 0 9 1 404
387 0 9 1 405
404 0 9 1 406
411 0 35 1 407
338 0 51 1 408
414 0 50 1 409
359 0 71 1 410
344 0 80 1 411
414 0 87 1 412
332 0 93 1 413
414 0 106 1 414
345 0 102 1 415
414 0 125 1 416
362 0 116 1 417
414 0 144 1 418
358 0 122 1 419
388 0 140 1 420
361 0 129 1 421
371 0 142 1 422
414 0 183 1 423
367 0 148 1 424
377 0 168 1 425
377 0 173 1 426
414 0 221 1 427
359 0 161 1 428
369 0 184 1 429
354 0 174 1 430
376 0 255 1 431
405 0 328 1 432
403 0 343 1 433
394 0 351 1 434
376 0 351 1 435
359 0 351 1 436
342 0 351 1 437
325 0 351 1 438
308 0 351 1 439
291 0 351 1 440
274 0 351 1 441
257 0 351 1 442
240 0 351 1 443
223 0 351 1 444
206 0 351 1 445
189 0 351 1 446
172 0 351 1 447
157 0 327 1 448
153 0 351 1 449
136 0 351 1 450
119 0 351 1 451
102 0 351 1 452
85 0 351 1 453
68 0 351 1 454
51 0 351 1 455
36 0 333 1 456
34 0 348 1 457
32 0 318 1 458
30 0 303 1 459
28 0 242 1 460
44 0 209 1 461
26 0 225 1 462
70 0 173 1 463
26 0 206 1 464
60 0 175 1 465
70 0 163 1 466
26 0 185 1 467
61 0 164 1 468
45 0 168 1 469
26 0 165 1 470
62 0 153 1 471
26 0 146 1 472
50 0 140 1 473
26 0 127 1 474
82 0 116 1 475
84 0 103 1 476
26 0 76 1 477
26 0 59 1 478
26 0 42 1 479
