480
105 0 67 1 0
78 0 76 1 1
92 0 95 1 2
91 0 106 1 3
56 0 114 1 4
84 0 120 1 5
73 0 135 1 6
92 0 59 1 7
127 0 54 1 8
103 0 96 1 9
66 0 131 1 10
100 0 94 1 11
133 0 53 1 12
82 0 130 1 13
91 0 122 1 14
126 0 57 1 15
138 0 70 1 16
94 0 86 1 17
30 0 93 1 18
82 0 107 1 19
30 0 110 1 20
72 0 168 1 21
74 0 95 1 22
96 0 111 1 23
84 0 118 1 24
159 0 51 1 25
134 0 60 1 26
137 0 70 1 27
105 0 86 1 28
76 0 134 1 29
75 0 141 1 30
34 0 270 1 31
81 0 171 1 32
65 0 252 1 33
71 0 176 1 34
139 0 48 1 35
103 0 82 1 36
83 0 111 1 37
81 0 181 1 38
36 0 283 1 39
128 0 78 1 40
36 0 249 1 41
120 0 46 1 42
83 0 164 1 43
104 0 112 1 44
127 0 195 1 45
178 0 40 1 46
123 0 76 1 47
95 0 110 1 48
88 0 172 1 49
184 0 40 1 50
162 0 54 1 51
78 0 169 1 52
85 0 171 1 53
93 0 170 1 54
103 0 162 1 55
62 0 224 1 56
134 0 178 1 57
103 0 217 1 58
125 0 208 1 59
119 0 227 1 60
81 0 274 1 61
134 0 218 1 62
144 0 57 1 63
128 0 67 1 64
118 0 78 1 65
102 0 93 1 66
99 0 106 1 67
100 0 115 1 68
85 0 143 1 69
84 0 127 1 70
90 0 137 1 71
127 0 199 1 72
125 0 211 1 73
138 0 170 1 74
145 0 190 1 75
112 0 236 1 76
142 0 196 1 77
104 0 176 1 78
152 0 58 1 79
114 0 101 1 80
129 0 227 1 81
136 0 181 1 82
125 0 215 1 83
105 0 192 1 84
112 0 91 1 85
190 0 54 1 86
142 0 202 1 87
123 0 253 1 88
109 0 82 1 89
97 0 103 1 90
98 0 113 1 91
94 0 129 1 92
152 0 179 1 93
106 0 89 1 94
101 0 140 1 95
207 0 43 1 96
105 0 295 1 97
96 0 145 1 98
131 0 71 1 99
147 0 37 1 100
149 0 67 1 101
107 0 141 1 102
123 0 105 1 103
119 0 134 1 104
146 0 66 1 105
131 0 75 1 106
135 0 81 1 107
114 0 124 1 108
124 0 92 1 109
195 0 49 1 110
157 0 67 1 111
130 0 96 1 112
137 0 90 1 113
172 0 49 1 114
128 0 121 1 115
158 0 142 1 116
138 0 108 1 117
145 0 224 1 118
153 0 145 1 119
140 0 76 1 120
138 0 85 1 121
131 0 312 1 122
162 0 66 1 123
150 0 96 1 124
213 0 49 1 125
182 0 57 1 126
152 0 151 1 127
143 0 260 1 128
167 0 200 1 129
204 0 39 1 130
149 0 82 1 131
198 0 67 1 132
169 0 206 1 133
170 0 168 1 134
157 0 204 1 135
154 0 218 1 136
165 0 185 1 137
159 0 63 1 138
163 0 89 1 139
154 0 73 1 140
161 0 77 1 141
169 0 151 1 142
162 0 221 1 143
207 0 68 1 144
159 0 274 1 145
181 0 205 1 146
177 0 46 1 147
176 0 187 1 148
174 0 172 1 149
166 0 205 1 150
195 0 64 1 151
204 0 66 1 152
167 0 145 1 153
172 0 221 1 154
177 0 60 1 155
179 0 285 1 156
203 0 178 1 157
202 0 46 1 158
209 0 81 1 159
193 0 79 1 160
181 0 188 1 161
175 0 202 1 162
189 0 61 1 163
178 0 68 1 164
178 0 80 1 165
188 0 210 1 166
220 0 70 1 167
205 0 143 1 168
191 0 219 1 169
205 0 163 1 170
222 0 218 1 171
201 0 291 1 172
205 0 206 1 173
222 0 190 1 174
211 0 226 1 175
188 0 198 1 176
199 0 219 1 177
206 0 222 1 178
206 0 191 1 179
189 0 332 1 180
207 0 180 1 181
224 0 166 1 182
231 0 225 1 183
225 0 155 1 184
225 0 222 1 185
229 0 294 1 186
220 0 219 1 187
209 0 206 1 188
226 0 201 1 189
233 0 68 1 190
215 0 143 1 191
226 0 171 1 192
226 0 191 1 193
240 0 221 1 194
226 0 45 1 195
229 0 63 1 196
229 0 68 1 197
236 0 57 1 198
229 0 57 1 199
228 0 50 1 200
225 0 56 1 201
221 0 144 1 202
245 0 206 1 203
220 0 336 1 204
235 0 45 1 205
245 0 70 1 206
246 0 334 1 207
245 0 212 1 208
232 0 42 1 209
237 0 54 1 210
237 0 63 1 211
249 0 55 1 212
245 0 70 1 213
241 0 76 1 214
249 0 75 1 215
242 0 42 1 216
251 0 48 1 217
250 0 57 1 218
252 0 66 1 219
254 0 58 1 220
255 0 67 1 221
257 0 50 1 222
266 0 152 1 223
254 0 197 1 224
256 0 42 1 225
258 0 62 1 226
261 0 69 1 227
258 0 70 1 228
263 0 205 1 229
262 0 63 1 230
262 0 69 1 231
275 0 142 1 232
269 0 146 1 233
257 0 199 1 234
263 0 181 1 235
260 0 190 1 236
265 0 223 1 237
266 0 284 1 238
267 0 190 1 239
266 0 201 1 240
264 0 44 1 241
267 0 56 1 242
270 0 65 1 243
275 0 69 1 244
276 0 77 1 245
267 0 86 1 246
267 0 168 1 247
279 0 81 1 248
289 0 101 1 249
278 0 326 1 250
264 0 48 1 251
276 0 221 1 252
278 0 58 1 253
291 0 83 1 254
282 0 64 1 255
284 0 72 1 256
280 0 72 1 257
281 0 181 1 258
295 0 90 1 259
274 0 187 1 260
270 0 46 1 261
278 0 177 1 262
289 0 275 1 263
299 0 94 1 264
275 0 213 1 265
291 0 205 1 266
292 0 221 1 267
283 0 210 1 268
286 0 225 1 269
302 0 317 1 270
301 0 219 1 271
293 0 205 1 272
310 0 256 1 273
303 0 194 1 274
309 0 213 1 275
291 0 196 1 276
324 0 116 1 277
304 0 70 1 278
305 0 79 1 279
328 0 86 1 280
289 0 50 1 281
294 0 57 1 282
316 0 74 1 283
338 0 117 1 284
296 0 65 1 285
332 0 92 1 286
323 0 240 1 287
315 0 228 1 288
340 0 291 1 289
325 0 305 1 290
333 0 167 1 291
335 0 189 1 292
294 0 163 1 293
299 0 177 1 294
304 0 191 1 295
310 0 211 1 296
311 0 74 1 297
327 0 105 1 298
337 0 119 1 299
352 0 88 1 300
295 0 53 1 301
289 0 59 1 302
317 0 70 1 303
359 0 135 1 304
314 0 65 1 305
338 0 87 1 306
324 0 97 1 307
327 0 101 1 308
343 0 111 1 309
351 0 119 1 310
338 0 97 1 311
330 0 152 1 312
302 0 176 1 313
361 0 271 1 314
313 0 212 1 315
340 0 149 1 316
328 0 89 1 317
307 0 190 1 318
355 0 171 1 319
345 0 106 1 320
349 0 171 1 321
310 0 74 1 322
333 0 95 1 323
299 0 164 1 324
334 0 89 1 325
380 0 220 1 326
359 0 163 1 327
354 0 148 1 328
386 0 186 1 329
340 0 63 1 330
352 0 183 1 331
403 0 277 1 332
403 0 293 1 333
340 0 223 1 334
403 0 311 1 335
351 0 106 1 336
356 0 179 1 337
322 0 76 1 338
324 0 62 1 339
347 0 155 1 340
372 0 169 1 341
354 0 157 1 342
308 0 58 1 343
352 0 148 1 344
361 0 182 1 345
320 0 80 1 346
332 0 84 1 347
372 0 109 1 348
405 0 70 1 349
405 0 263 1 350
366 0 172 1 351
357 0 146 1 352
326 0 141 1 353
363 0 176 1 354
360 0 174 1 355
372 0 178 1 356
409 0 233 1 357
409 0 251 1 358
360 0 140 1 359
336 0 126 1 360
354 0 148 1 361
332 0 120 1 362
365 0 150 1 363
391 0 163 1 364
411 0 199 1 365
351 0 125 1 366
373 0 172 1 367
352 0 150 1 368
348 0 151 1 369
370 0 160 1 370
350 0 141 1 371
348 0 132 1 372
413 0 164 1 373
375 0 154 1 374
23 0 10 1 375
40 0 10 1 376
58 0 10 1 377
30 0 24 1 378
77 0 10 1 379
94 0 10 1 380
111 0 10 1 381
128 0 10 1 382
145 0 10 1 383
163 0 10 1 384
167 0 29 1 385
182 0 10 1 386
217 0 35 1 387
201 0 10 1 388
219 0 10 1 389
199 0 23 1 390
219 0 22 1 391
239 0 10 1 392
241 0 24 1 393
259 0 10 1 394
265 0 29 1 395
278 0 10 1 396
296 0 10 1 397
291 0 34 1 398
315 0 10 1 399
332 0 10 1 400
349 0 10 1 401
312 0 41 1 402
403 0 19 1 403
371 0 10 1 404
388 0 10 1 405
405 0 10 1 406
413 0 34 1 407
343 0 50 1 408
417 0 50 1 409
363 0 71 1 410
349 0 79 1 411
417 0 86 1 412
337 0 93 1 413
417 0 106 1 414
350 0 103 1 415
417 0 125 1 416
367 0 117 1 417
417 0 145 1 418
362 0 124 1 419
392 0 143 1 420
365 0 132 1 421
375 0 146 1 422
417 0 185 1 423
371 0 152 1 424
380 0 172 1 425
381 0 178 1 426
417 0 224 1 427
363 0 167 1 428
373 0 189 1 429
357 0 179 1 430
378 0 258 1 431
406 0 328 1 432
403 0 343 1 433
394 0 350 1 434
377 0 350 1 435
359 0 350 1 436
342 0 350 1 437
325 0 350 1 438
308 0 350 1 439
291 0 350 1 440
274 0 350 1 441
257 0 350 1 442
240 0 350 1 443
223 0 350 1 444
207 0 350 1 445
189 0 350 1 446
172 0 350 1 447
157 0 327 1 448
153 0 350 1 449
136 0 350 1 450
119 0 350 1 451
102 0 350 1 452
84 0 350 1 453
67 0 350 1 454
50 0 350 1 455
36 0 333 1 456
33 0 348 1 457
31 0 319 1 458
28 0 304 1 459
26 0 245 1 460
41 0 213 1 461
23 0 228 1 462
66 0 178 1 463
23 0 209 1 464
56 0 178 1 465
65 0 166 1 466
23 0 187 1 467
57 0 166 1 468
41 0 169 1 469
23 0 166 1 470
59 0 154 1 471
23 0 146 1 472
47 0 140 1 473
23 0 127 1 474
77 0 115 1 475
79 0 103 1 476
23 0 76 1 477
23 0 59 1 478
23 0 41 1 479
