480
58 0 193 14 0
58 0 163 14 1
63 0 222 14 2
64 0 140 14 3
71 0 115 14 4
76 0 248 4 5
80 0 175 4 6
75 0 159 14 7
82 0 163 4 8
84 0 177 14 9
95 0 147 14 10
87 0 168 4 11
88 0 176 14 12
85 0 95 14 13
91 0 147 14 14
88 0 271 4 15
99 0 150 14 16
91 0 162 4 17
91 0 165 4 18
102 0 143 14 19
103 0 158 14 20
96 0 176 4 21
94 0 179 14 22
97 0 142 4 23
96 0 160 14 24
96 0 165 4 25
92 0 111 4 26
106 0 144 14 27
101 0 150 4 28
101 0 172 4 29
102 0 125 4 30
104 0 146 4 31
97 0 76 14 32
98 0 102 4 33
112 0 126 14 34
112 0 130 14 35
105 0 137 14 36
103 0 166 4 37
109 0 128 4 38
114 0 155 14 39
101 0 103 4 40
111 0 119 14 41
114 0 132 4 42
111 0 148 14 43
111 0 113 4 44
107 0 293 14 45
107 0 89 14 46
121 0 134 14 47
118 0 134 4 48
113 0 176 14 49
112 0 194 4 50
111 0 93 4 51
117 0 121 4 52
111 0 81 14 53
123 0 164 14 54
114 0 212 14 55
112 0 87 4 56
118 0 130 4 57
121 0 118 14 58
115 0 61 4 59
125 0 112 14 60
124 0 124 14 61
117 0 83 4 62
117 0 91 14 63
130 0 149 14 64
121 0 233 14 65
124 0 106 4 66
120 0 85 14 67
125 0 101 14 68
129 0 112 14 69
125 0 92 4 70
132 0 106 4 71
140 0 136 14 72
129 0 78 4 73
131 0 249 4 74
130 0 68 14 75
133 0 99 4 76
132 0 219 14 77
131 0 312 14 78
133 0 76 14 79
134 0 210 4 80
142 0 210 14 81
136 0 47 14 82
136 0 70 4 83
143 0 85 4 84
145 0 205 14 85
139 0 83 4 86
142 0 91 4 87
141 0 94 14 88
140 0 219 4 89
143 0 111 14 90
146 0 197 14 91
142 0 68 14 92
142 0 77 14 93
151 0 191 14 94
143 0 259 14 95
145 0 79 4 96
154 0 184 14 97
153 0 223 14 98
149 0 166 14 99
155 0 210 14 100
151 0 85 4 101
150 0 58 4 102
159 0 172 14 103
152 0 69 4 104
159 0 204 14 105
156 0 101 4 106
155 0 58 4 107
157 0 80 14 108
159 0 159 4 109
162 0 196 14 110
154 0 39 14 111
158 0 67 4 112
161 0 223 14 113
158 0 72 14 114
157 0 147 4 115
158 0 324 14 116
163 0 81 4 117
164 0 185 4 118
164 0 209 14 119
159 0 50 14 120
160 0 56 14 121
161 0 62 14 122
164 0 73 4 123
165 0 276 14 124
164 0 70 4 125
166 0 85 4 126
171 0 155 4 127
170 0 181 14 128
169 0 224 14 129
164 0 58 4 130
165 0 73 14 131
169 0 96 4 132
169 0 73 4 133
175 0 187 14 134
173 0 209 14 135
171 0 149 4 136
173 0 155 14 137
174 0 189 14 138
182 0 173 14 139
179 0 201 14 140
179 0 224 14 141
182 0 211 14 142
179 0 170 14 143
178 0 32 14 144
179 0 69 14 145
183 0 61 4 146
180 0 62 4 147
180 0 84 14 148
183 0 180 4 149
182 0 52 14 150
181 0 60 4 151
184 0 283 14 152
189 0 192 14 153
185 0 55 14 154
185 0 191 4 155
190 0 62 4 156
194 0 206 14 157
191 0 332 14 158
190 0 205 4 159
192 0 63 4 160
197 0 216 4 161
199 0 80 4 162
201 0 63 14 163
201 0 26 14 164
201 0 43 4 165
206 0 222 14 166
205 0 289 14 167
208 0 70 4 168
211 0 54 4 169
208 0 50 4 170
207 0 52 14 171
209 0 66 4 172
210 0 148 4 173
209 0 154 4 174
211 0 167 4 175
211 0 179 4 176
209 0 185 4 177
209 0 195 4 178
210 0 206 14 179
214 0 223 14 180
212 0 64 14 181
215 0 46 4 182
218 0 84 4 183
217 0 62 4 184
217 0 147 4 185
218 0 219 14 186
221 0 336 14 187
220 0 26 4 188
223 0 146 4 189
223 0 216 14 190
226 0 64 4 191
227 0 56 4 192
228 0 58 14 193
229 0 74 4 194
230 0 50 4 195
230 0 57 4 196
229 0 144 4 197
230 0 158 4 198
230 0 168 4 199
229 0 175 4 200
229 0 185 4 201
229 0 195 4 202
229 0 206 4 203
230 0 218 4 204
233 0 62 4 205
234 0 55 4 206
234 0 65 4 207
232 0 60 4 208
233 0 71 4 209
234 0 291 14 210
239 0 59 4 211
237 0 54 4 212
238 0 68 4 213
238 0 72 4 214
237 0 216 4 215
241 0 52 14 216
241 0 27 14 217
241 0 45 14 218
243 0 86 4 219
246 0 215 14 220
247 0 67 4 221
249 0 69 4 222
249 0 207 14 223
250 0 334 14 224
252 0 69 4 225
250 0 199 4 226
252 0 65 4 227
251 0 67 4 228
253 0 59 4 229
254 0 73 4 230
254 0 196 4 231
256 0 64 4 232
257 0 72 4 233
257 0 54 4 234
257 0 187 4 235
258 0 56 4 236
259 0 83 14 237
259 0 68 4 238
259 0 179 4 239
261 0 51 4 240
263 0 89 14 241
263 0 67 4 242
263 0 74 4 243
262 0 169 4 244
263 0 49 14 245
263 0 208 4 246
265 0 42 4 247
266 0 170 14 248
266 0 202 14 249
266 0 224 14 250
266 0 50 14 251
266 0 60 4 252
267 0 97 4 253
266 0 280 14 254
268 0 165 14 255
268 0 194 14 256
271 0 71 4 257
271 0 159 14 258
272 0 183 4 259
272 0 210 14 260
276 0 72 4 261
276 0 77 4 262
276 0 224 14 263
276 0 83 4 264
276 0 146 4 265
276 0 174 4 266
278 0 70 4 267
278 0 324 14 268
279 0 71 4 269
280 0 87 4 270
280 0 178 4 271
280 0 209 14 272
281 0 52 4 273
282 0 75 4 274
283 0 67 4 275
283 0 159 14 276
283 0 80 4 277
284 0 224 14 278
284 0 156 4 279
285 0 196 14 280
285 0 37 14 281
286 0 63 4 282
287 0 69 14 283
287 0 194 4 284
288 0 159 4 285
288 0 271 14 286
290 0 63 14 287
290 0 112 14 288
290 0 170 4 289
290 0 207 4 290
291 0 223 14 291
292 0 101 14 292
293 0 185 14 293
295 0 88 4 294
295 0 185 14 295
296 0 94 4 296
299 0 45 14 297
299 0 72 4 298
299 0 91 4 299
299 0 192 4 300
300 0 90 4 301
300 0 223 14 302
301 0 204 14 303
301 0 317 14 304
303 0 68 4 305
303 0 84 4 306
303 0 92 4 307
303 0 202 4 308
305 0 216 14 309
307 0 79 4 310
307 0 79 14 311
306 0 255 14 312
307 0 224 14 313
308 0 76 4 314
309 0 123 4 315
309 0 104 4 316
310 0 86 4 317
312 0 114 4 318
314 0 97 14 319
317 0 86 4 320
316 0 114 4 321
318 0 54 14 322
318 0 93 4 323
317 0 105 4 324
317 0 237 14 325
320 0 302 14 326
320 0 113 4 327
320 0 144 14 328
321 0 110 14 329
323 0 83 14 330
321 0 109 14 331
321 0 132 14 332
323 0 118 14 333
326 0 96 4 334
325 0 131 14 335
326 0 136 4 336
327 0 99 4 337
327 0 216 14 338
328 0 67 4 339
329 0 119 14 340
327 0 173 14 341
330 0 99 4 342
331 0 89 14 343
332 0 110 4 344
331 0 120 4 345
331 0 130 4 346
331 0 143 4 347
330 0 195 14 348
335 0 112 4 349
334 0 120 4 350
334 0 153 14 351
336 0 125 14 352
337 0 135 4 353
337 0 288 14 354
338 0 116 4 355
340 0 76 4 356
340 0 135 14 357
338 0 166 14 358
338 0 123 14 359
340 0 148 14 360
339 0 172 14 361
341 0 121 4 362
342 0 148 14 363
341 0 181 14 364
341 0 129 14 365
345 0 127 4 366
344 0 142 4 367
346 0 116 14 368
346 0 142 14 369
345 0 162 4 370
346 0 171 14 371
346 0 173 14 372
349 0 90 4 373
347 0 146 14 374
349 0 151 14 375
350 0 158 4 376
351 0 161 4 377
350 0 173 4 378
353 0 143 4 379
354 0 130 14 380
355 0 168 14 381
357 0 134 4 382
355 0 158 14 383
356 0 165 4 384
353 0 268 14 385
357 0 140 14 386
360 0 154 14 387
360 0 166 4 388
361 0 158 4 389
363 0 109 4 390
364 0 161 4 391
363 0 248 14 392
374 0 132 14 393
377 0 217 14 394
381 0 155 14 395
382 0 183 14 396
41 0 12 14 397
57 0 12 14 398
74 0 13 4 399
89 0 12 14 400
106 0 12 14 401
121 0 13 4 402
138 0 12 14 403
154 0 12 14 404
174 0 12 14 405
192 0 12 14 406
210 0 12 14 407
225 0 12 14 408
243 0 12 14 409
260 0 12 14 410
276 0 12 14 411
295 0 12 14 412
313 0 12 14 413
330 0 12 14 414
346 0 12 14 415
363 0 12 14 416
379 0 12 14 417
395 0 12 14 418
401 0 24 14 419
401 0 40 14 420
401 0 57 14 421
401 0 73 14 422
401 0 90 14 423
401 0 107 14 424
401 0 123 14 425
401 0 141 14 426
401 0 159 14 427
401 0 176 14 428
401 0 192 14 429
401 0 209 14 430
401 0 226 14 431
401 0 243 14 432
401 0 259 14 433
401 0 276 14 434
401 0 293 14 435
401 0 309 14 436
400 0 325 14 437
399 0 341 14 438
390 0 348 14 439
373 0 348 14 440
357 0 348 14 441
341 0 347 14 442
325 0 348 14 443
308 0 348 14 444
290 0 348 14 445
274 0 348 14 446
259 0 347 14 447
241 0 348 14 448
225 0 347 14 449
209 0 348 14 450
192 0 348 14 451
174 0 348 14 452
158 0 348 14 453
140 0 348 14 454
123 0 348 14 455
106 0 348 14 456
89 0 348 14 457
72 0 348 14 458
56 0 348 14 459
42 0 346 14 460
41 0 330 14 461
39 0 315 14 462
39 0 298 14 463
39 0 282 14 464
39 0 265 14 465
39 0 249 14 466
39 0 232 14 467
39 0 214 14 468
39 0 198 14 469
39 0 181 14 470
39 0 163 14 471
39 0 145 14 472
39 0 128 14 473
39 0 110 14 474
39 0 93 14 475
39 0 77 14 476
39 0 60 14 477
39 0 44 14 478
39 0 27 14 479
