480
56 0 195 14 0
56 0 163 14 1
59 0 232 14 2
59 0 140 14 3
63 0 115 14 4
90 0 265 4 5
98 0 229 4 6
65 0 171 14 7
96 0 209 4 8
98 0 223 14 9
145 0 207 14 10
105 0 218 4 11
106 0 229 14 12
83 0 91 14 13
114 0 176 14 14
95 0 283 4 15
150 0 212 14 16
109 0 206 4 17
104 0 202 4 18
153 0 209 14 19
154 0 220 14 20
115 0 229 4 21
107 0 217 14 22
117 0 167 4 23
114 0 191 14 24
110 0 195 4 25
84 0 105 4 26
156 0 206 14 27
123 0 177 4 28
124 0 213 4 29
122 0 151 4 30
132 0 180 4 31
92 0 74 14 32
96 0 100 4 33
167 0 199 14 34
164 0 200 14 35
124 0 163 14 36
117 0 187 4 37
140 0 170 4 38
162 0 215 14 39
93 0 93 4 40
136 0 153 14 41
149 0 179 4 42
134 0 176 14 43
129 0 138 4 44
109 0 295 14 45
103 0 88 14 46
175 0 205 14 47
156 0 184 4 48
132 0 199 14 49
123 0 218 4 50
111 0 94 4 51
144 0 157 4 52
107 0 76 14 53
167 0 218 14 54
121 0 229 14 55
107 0 84 4 56
137 0 156 4 57
149 0 158 14 58
114 0 61 4 59
167 0 171 14 60
154 0 167 14 61
116 0 82 4 62
115 0 90 14 63
176 0 208 14 64
128 0 253 14 65
138 0 127 4 66
118 0 79 14 67
142 0 124 14 68
149 0 140 14 69
127 0 94 4 70
155 0 138 4 71
190 0 205 14 72
129 0 79 4 73
137 0 265 4 74
129 0 69 14 75
146 0 116 4 76
139 0 230 14 77
133 0 313 14 78
133 0 81 14 79
138 0 218 4 80
171 0 244 14 81
136 0 46 14 82
134 0 66 4 83
166 0 122 4 84
179 0 247 14 85
142 0 89 4 86
157 0 116 4 87
153 0 113 14 88
148 0 232 4 89
160 0 132 14 90
176 0 236 14 91
144 0 69 14 92
146 0 82 14 93
186 0 236 14 94
143 0 261 14 95
145 0 80 4 96
191 0 234 14 97
177 0 254 14 98
152 0 171 14 99
185 0 248 14 100
159 0 100 4 101
149 0 60 4 102
197 0 225 14 103
158 0 81 4 104
192 0 247 14 105
172 0 126 4 106
160 0 68 4 107
170 0 107 14 108
180 0 188 4 109
193 0 238 14 110
151 0 42 14 111
170 0 93 4 112
184 0 252 14 113
166 0 93 14 114
163 0 156 4 115
164 0 320 14 116
182 0 123 4 117
187 0 216 4 118
190 0 242 14 119
159 0 48 14 120
162 0 62 14 121
170 0 81 14 122
183 0 113 4 123
183 0 287 14 124
170 0 82 4 125
184 0 122 4 126
205 0 205 4 127
205 0 230 14 128
196 0 258 14 129
166 0 60 4 130
168 0 79 14 131
185 0 135 4 132
182 0 100 4 133
205 0 230 14 134
198 0 242 14 135
185 0 165 4 136
182 0 168 14 137
187 0 208 14 138
219 0 225 14 139
205 0 238 14 140
205 0 258 14 141
211 0 250 14 142
189 0 184 14 143
180 0 38 14 144
182 0 77 14 145
200 0 106 4 146
182 0 71 4 147
186 0 102 14 148
201 0 206 4 149
190 0 76 14 150
186 0 78 4 151
194 0 289 14 152
217 0 233 14 153
187 0 62 14 154
186 0 193 4 155
198 0 84 4 156
218 0 240 14 157
197 0 324 14 158
192 0 207 4 159
196 0 71 4 160
212 0 237 4 161
206 0 98 4 162
203 0 74 14 163
203 0 35 14 164
199 0 51 4 165
225 0 251 14 166
209 0 294 14 167
218 0 114 4 168
224 0 109 4 169
212 0 66 4 170
209 0 60 14 171
218 0 108 4 172
216 0 166 4 173
210 0 158 4 174
218 0 184 4 175
217 0 194 4 176
210 0 187 4 177
209 0 196 4 178
213 0 212 14 179
234 0 253 14 180
216 0 82 14 181
220 0 72 4 182
228 0 127 4 183
219 0 76 4 184
222 0 164 4 185
226 0 234 14 186
230 0 326 14 187
221 0 42 4 188
225 0 159 4 189
227 0 222 14 190
235 0 119 4 191
234 0 107 4 192
230 0 74 14 193
237 0 130 4 194
236 0 99 4 195
236 0 105 4 196
230 0 148 4 197
234 0 177 4 198
235 0 187 4 199
229 0 177 4 200
230 0 187 4 201
229 0 197 4 202
231 0 209 4 203
235 0 230 4 204
240 0 116 4 205
241 0 107 4 206
241 0 115 4 207
233 0 71 4 208
237 0 106 4 209
238 0 295 14 210
246 0 117 4 211
238 0 58 4 212
243 0 109 4 213
243 0 114 4 214
239 0 221 4 215
243 0 68 14 216
240 0 35 14 217
243 0 58 14 218
249 0 137 4 219
251 0 233 14 220
248 0 81 4 221
252 0 106 4 222
251 0 221 14 223
256 0 325 14 224
258 0 125 4 225
251 0 205 4 226
258 0 120 4 227
252 0 73 4 228
259 0 109 4 229
259 0 122 4 230
256 0 219 4 231
260 0 107 4 232
263 0 135 4 233
261 0 96 4 234
259 0 207 4 235
261 0 86 4 236
265 0 152 14 237
262 0 98 4 238
260 0 193 4 239
262 0 55 4 240
273 0 179 14 241
268 0 121 4 242
269 0 130 4 243
264 0 182 4 244
265 0 66 14 245
265 0 235 4 246
269 0 91 4 247
270 0 207 14 248
271 0 242 14 249
271 0 256 14 250
267 0 59 14 251
267 0 76 4 252
273 0 156 4 253
267 0 286 14 254
274 0 217 14 255
272 0 234 14 256
273 0 97 4 257
277 0 216 14 258
275 0 212 4 259
276 0 246 14 260
278 0 114 4 261
278 0 119 4 262
280 0 258 14 263
278 0 117 4 264
278 0 160 4 265
278 0 191 4 266
282 0 119 4 267
279 0 314 14 268
280 0 75 4 269
283 0 126 4 270
281 0 180 4 271
282 0 242 14 272
282 0 57 4 273
284 0 117 4 274
285 0 111 4 275
287 0 216 14 276
285 0 112 4 277
287 0 256 14 278
285 0 171 4 279
288 0 238 14 280
286 0 41 14 281
287 0 79 4 282
288 0 80 14 283
287 0 196 4 284
288 0 160 4 285
290 0 284 14 286
290 0 67 14 287
292 0 174 14 288
291 0 188 4 289
291 0 233 4 290
292 0 250 14 291
294 0 181 14 292
294 0 236 14 293
296 0 137 4 294
296 0 207 14 295
297 0 136 4 296
299 0 45 14 297
299 0 78 4 298
300 0 98 4 299
299 0 206 4 300
301 0 130 4 301
300 0 250 14 302
301 0 241 14 303
300 0 316 14 304
303 0 67 4 305
303 0 122 4 306
303 0 129 4 307
303 0 206 4 308
303 0 250 14 309
305 0 111 4 310
307 0 79 14 311
304 0 275 14 312
304 0 256 14 313
306 0 115 4 314
307 0 160 4 315
306 0 146 4 316
307 0 130 4 317
309 0 171 4 318
314 0 100 14 319
317 0 90 4 320
313 0 147 4 321
320 0 50 14 322
316 0 103 4 323
315 0 131 4 324
315 0 258 14 325
321 0 301 14 326
315 0 157 4 327
317 0 179 14 328
316 0 170 14 329
324 0 87 14 330
315 0 186 14 331
315 0 203 14 332
316 0 197 14 333
323 0 137 4 334
317 0 205 14 335
320 0 189 4 336
325 0 127 4 337
322 0 248 14 338
326 0 71 4 339
329 0 121 14 340
320 0 225 14 341
329 0 114 4 342
333 0 94 14 343
332 0 111 4 344
329 0 142 4 345
329 0 150 4 346
328 0 169 4 347
324 0 238 14 348
331 0 143 4 349
328 0 169 4 350
326 0 211 14 351
330 0 164 14 352
334 0 158 4 353
334 0 294 14 354
336 0 131 4 355
339 0 82 4 356
339 0 139 14 357
331 0 218 14 358
326 0 201 14 359
334 0 186 14 360
332 0 225 14 361
338 0 142 4 362
339 0 169 14 363
333 0 232 14 364
330 0 204 14 365
345 0 128 4 366
340 0 175 4 367
347 0 116 14 368
344 0 154 14 369
339 0 199 4 370
343 0 193 14 371
339 0 222 14 372
350 0 97 4 373
338 0 207 14 374
339 0 213 14 375
347 0 177 4 376
350 0 170 4 377
348 0 199 4 378
352 0 148 4 379
355 0 132 14 380
355 0 180 14 381
361 0 140 4 382
352 0 180 14 383
355 0 188 4 384
343 0 279 14 385
358 0 148 14 386
359 0 164 14 387
361 0 181 4 388
363 0 171 4 389
363 0 115 4 390
365 0 164 4 391
349 0 266 14 392
380 0 138 14 393
381 0 226 14 394
383 0 161 14 395
384 0 187 14 396
51 0 27 14 397
66 0 27 14 398
79 0 35 4 399
89 0 27 14 400
103 0 27 14 401
112 0 35 4 402
126 0 27 14 403
141 0 27 14 404
173 0 27 14 405
193 0 27 14 406
213 0 27 14 407
227 0 27 14 408
247 0 27 14 409
261 0 27 14 410
276 0 27 14 411
302 0 27 14 412
322 0 27 14 413
337 0 27 14 414
351 0 27 14 415
366 0 27 14 416
380 0 27 14 417
392 0 29 14 418
395 0 41 14 419
395 0 55 14 420
395 0 70 14 421
395 0 84 14 422
395 0 99 14 423
395 0 113 14 424
395 0 128 14 425
395 0 148 14 426
395 0 168 14 427
395 0 188 14 428
395 0 202 14 429
395 0 216 14 430
395 0 237 14 431
395 0 251 14 432
395 0 266 14 433
395 0 280 14 434
395 0 294 14 435
395 0 309 14 436
392 0 320 14 437
386 0 329 14 438
376 0 333 14 439
361 0 333 14 440
347 0 333 14 441
334 0 326 14 442
324 0 333 14 443
309 0 333 14 444
289 0 333 14 445
275 0 333 14 446
267 0 326 14 447
246 0 333 14 448
237 0 326 14 449
218 0 333 14 450
203 0 333 14 451
183 0 333 14 452
169 0 333 14 453
148 0 333 14 454
134 0 333 14 455
114 0 333 14 456
99 0 333 14 457
85 0 333 14 458
70 0 333 14 459
57 0 332 14 460
51 0 323 14 461
46 0 315 14 462
45 0 300 14 463
45 0 286 14 464
45 0 271 14 465
45 0 257 14 466
45 0 243 14 467
45 0 222 14 468
45 0 208 14 469
45 0 193 14 470
45 0 168 14 471
45 0 148 14 472
45 0 128 14 473
45 0 107 14 474
45 0 93 14 475
45 0 79 14 476
45 0 64 14 477
45 0 50 14 478
45 0 35 14 479
