480
56 0 194 14 0
57 0 163 14 1
60 0 229 14 2
61 0 140 14 3
66 0 115 14 4
86 0 259 4 5
92 0 211 4 6
68 0 167 14 7
91 0 193 4 8
93 0 208 14 9
128 0 187 14 10
99 0 201 4 11
100 0 211 14 12
83 0 93 14 13
106 0 166 14 14
93 0 279 4 15
133 0 191 14 16
103 0 191 4 17
100 0 190 4 18
136 0 186 14 19
137 0 199 14 20
109 0 211 4 21
103 0 204 14 22
110 0 158 4 23
108 0 180 14 24
105 0 184 4 25
86 0 107 4 26
139 0 185 14 27
116 0 168 4 28
116 0 199 4 29
115 0 142 4 30
122 0 169 4 31
93 0 75 14 32
96 0 101 4 33
149 0 175 14 34
146 0 177 14 35
118 0 154 14 36
113 0 180 4 37
130 0 156 4 38
146 0 195 14 39
96 0 96 4 40
128 0 142 14 41
137 0 163 4 42
126 0 167 14 43
123 0 129 4 44
109 0 294 14 45
104 0 88 14 46
157 0 181 14 47
143 0 168 4 48
126 0 191 14 49
119 0 210 4 50
111 0 94 4 51
135 0 145 4 52
108 0 78 14 53
152 0 200 14 54
119 0 223 14 55
108 0 85 4 56
131 0 148 4 57
139 0 145 14 58
115 0 61 4 59
153 0 151 14 60
144 0 153 14 61
116 0 82 4 62
116 0 90 14 63
160 0 188 14 64
126 0 246 14 65
133 0 120 4 66
118 0 81 14 67
136 0 116 14 68
142 0 131 14 69
126 0 94 4 70
147 0 128 4 71
173 0 181 14 72
129 0 79 4 73
135 0 259 4 74
129 0 69 14 75
142 0 110 4 76
137 0 226 14 77
132 0 313 14 78
133 0 80 14 79
137 0 215 4 80
161 0 233 14 81
136 0 46 14 82
134 0 68 4 83
158 0 110 4 84
168 0 233 14 85
141 0 87 4 86
152 0 107 4 87
149 0 107 14 88
145 0 227 4 89
155 0 125 14 90
166 0 223 14 91
143 0 69 14 92
145 0 81 14 93
174 0 221 14 94
143 0 260 14 95
145 0 80 4 96
178 0 217 14 97
169 0 244 14 98
151 0 169 14 99
175 0 236 14 100
157 0 95 4 101
150 0 60 4 102
184 0 207 14 103
156 0 77 4 104
181 0 233 14 105
167 0 118 4 106
159 0 65 4 107
166 0 98 14 108
173 0 179 4 109
183 0 224 14 110
152 0 41 14 111
166 0 84 4 112
176 0 242 14 113
164 0 86 14 114
161 0 153 4 115
162 0 321 14 116
175 0 109 4 117
179 0 206 4 118
181 0 231 14 119
159 0 48 14 120
162 0 60 14 121
167 0 75 14 122
177 0 100 4 123
177 0 283 14 124
168 0 78 4 125
178 0 110 4 126
194 0 188 4 127
193 0 214 14 128
187 0 247 14 129
166 0 60 4 130
167 0 77 14 131
180 0 122 4 132
178 0 91 4 133
195 0 215 14 134
189 0 231 14 135
180 0 159 4 136
179 0 163 14 137
183 0 202 14 138
206 0 207 14 139
196 0 226 14 140
196 0 247 14 141
201 0 237 14 142
185 0 180 14 143
179 0 36 14 144
181 0 74 14 145
194 0 91 4 146
181 0 68 4 147
184 0 96 14 148
195 0 197 4 149
188 0 68 14 150
185 0 72 4 151
190 0 287 14 152
207 0 219 14 153
186 0 59 14 154
186 0 192 4 155
195 0 76 4 156
210 0 229 14 157
195 0 327 14 158
191 0 206 4 159
195 0 68 4 160
207 0 230 4 161
204 0 92 4 162
203 0 70 14 163
203 0 32 14 164
200 0 48 4 165
220 0 242 14 166
208 0 293 14 167
215 0 99 4 168
220 0 91 4 169
211 0 60 4 170
208 0 57 14 171
215 0 94 4 172
214 0 160 4 173
210 0 157 4 174
216 0 179 4 175
215 0 188 4 176
210 0 186 4 177
209 0 196 4 178
212 0 210 14 179
227 0 243 14 180
215 0 76 14 181
219 0 64 4 182
225 0 113 4 183
219 0 71 4 184
220 0 158 4 185
223 0 229 14 186
227 0 329 14 187
220 0 37 4 188
225 0 154 4 189
226 0 220 14 190
232 0 101 4 191
232 0 90 4 192
230 0 69 14 193
235 0 111 4 194
234 0 82 4 195
234 0 89 4 196
229 0 146 4 197
233 0 170 4 198
234 0 180 4 199
229 0 177 4 200
230 0 186 4 201
229 0 197 4 202
230 0 208 4 203
233 0 226 4 204
238 0 98 4 205
239 0 89 4 206
239 0 98 4 207
233 0 67 4 208
236 0 94 4 209
237 0 294 14 210
244 0 97 4 211
237 0 57 4 212
242 0 96 4 213
242 0 100 4 214
238 0 219 4 215
243 0 62 14 216
241 0 32 14 217
242 0 54 14 218
247 0 120 4 219
249 0 227 14 220
248 0 77 4 221
251 0 94 4 222
250 0 217 14 223
254 0 328 14 224
256 0 106 4 225
251 0 203 4 226
256 0 101 4 227
251 0 71 4 228
257 0 93 4 229
258 0 105 4 230
256 0 211 4 231
259 0 93 4 232
261 0 114 4 233
260 0 82 4 234
258 0 200 4 235
260 0 76 4 236
263 0 129 14 237
261 0 88 4 238
260 0 188 4 239
261 0 53 4 240
270 0 149 14 241
267 0 103 4 242
267 0 111 4 243
263 0 179 4 244
265 0 60 14 245
264 0 226 4 246
268 0 74 4 247
269 0 194 14 248
269 0 228 14 249
269 0 245 14 250
267 0 56 14 251
267 0 70 4 252
271 0 136 4 253
267 0 284 14 254
272 0 199 14 255
271 0 220 14 256
272 0 88 4 257
275 0 196 14 258
274 0 202 4 259
275 0 234 14 260
277 0 100 4 261
277 0 105 4 262
279 0 247 14 263
278 0 106 4 264
278 0 156 4 265
277 0 185 4 266
281 0 103 4 267
279 0 317 14 268
279 0 73 4 269
282 0 113 4 270
280 0 180 4 271
282 0 231 14 272
281 0 55 4 273
284 0 103 4 274
284 0 96 4 275
286 0 196 14 276
285 0 101 4 277
286 0 245 14 278
285 0 166 4 279
287 0 224 14 280
286 0 39 14 281
286 0 74 4 282
288 0 76 14 283
287 0 196 4 284
288 0 160 4 285
289 0 280 14 286
290 0 66 14 287
291 0 153 14 288
291 0 182 4 289
290 0 224 4 290
291 0 241 14 291
293 0 155 14 292
294 0 219 14 293
295 0 121 4 294
295 0 199 14 295
297 0 122 4 296
299 0 45 14 297
299 0 76 4 298
299 0 95 4 299
299 0 201 4 300
301 0 117 4 301
300 0 241 14 302
301 0 229 14 303
300 0 316 14 304
303 0 67 4 305
303 0 110 4 306
303 0 117 4 307
303 0 205 4 308
303 0 239 14 309
306 0 101 4 310
307 0 79 14 311
304 0 268 14 312
305 0 245 14 313
307 0 102 4 314
307 0 148 4 315
307 0 132 4 316
308 0 115 4 317
310 0 152 4 318
314 0 99 14 319
317 0 89 4 320
314 0 136 4 321
320 0 52 14 322
317 0 100 4 323
316 0 122 4 324
315 0 251 14 325
321 0 301 14 326
316 0 142 4 327
318 0 167 14 328
318 0 150 14 329
323 0 85 14 330
317 0 161 14 331
317 0 180 14 332
318 0 171 14 333
324 0 124 4 334
320 0 180 14 335
322 0 172 4 336
325 0 118 4 337
323 0 237 14 338
327 0 69 4 339
329 0 120 14 340
322 0 207 14 341
329 0 109 4 342
332 0 93 14 343
332 0 111 4 344
329 0 135 4 345
329 0 143 4 346
329 0 161 4 347
326 0 223 14 348
332 0 133 4 349
330 0 153 4 350
328 0 191 14 351
332 0 151 14 352
335 0 150 4 353
335 0 292 14 354
337 0 126 4 355
339 0 80 4 356
339 0 138 14 357
333 0 200 14 358
330 0 176 14 359
336 0 174 14 360
334 0 207 14 361
339 0 135 4 362
340 0 162 14 363
335 0 215 14 364
333 0 179 14 365
345 0 128 4 366
341 0 164 4 367
346 0 116 14 368
344 0 150 14 369
341 0 187 4 370
344 0 185 14 371
341 0 205 14 372
349 0 94 4 373
341 0 186 14 374
342 0 192 14 375
348 0 171 4 376
350 0 167 4 377
349 0 190 4 378
352 0 146 4 379
355 0 131 14 380
355 0 176 14 381
360 0 138 4 382
353 0 173 14 383
355 0 180 4 384
347 0 275 14 385
357 0 145 14 386
359 0 161 14 387
361 0 177 4 388
363 0 166 4 389
363 0 113 4 390
365 0 163 4 391
354 0 260 14 392
378 0 136 14 393
380 0 223 14 394
383 0 159 14 395
384 0 185 14 396
48 0 22 14 397
63 0 22 14 398
77 0 27 4 399
89 0 22 14 400
104 0 22 14 401
115 0 27 4 402
130 0 22 14 403
145 0 22 14 404
173 0 22 14 405
193 0 22 14 406
212 0 22 14 407
226 0 22 14 408
246 0 22 14 409
261 0 22 14 410
276 0 22 14 411
300 0 22 14 412
319 0 22 14 413
334 0 22 14 414
349 0 22 14 415
365 0 22 14 416
380 0 22 14 417
393 0 24 14 418
397 0 35 14 419
397 0 50 14 420
397 0 66 14 421
397 0 81 14 422
397 0 96 14 423
397 0 111 14 424
397 0 126 14 425
397 0 146 14 426
397 0 165 14 427
397 0 183 14 428
397 0 199 14 429
397 0 214 14 430
397 0 233 14 431
397 0 248 14 432
397 0 264 14 433
397 0 279 14 434
397 0 294 14 435
397 0 309 14 436
394 0 322 14 437
390 0 333 14 438
380 0 338 14 439
365 0 338 14 440
350 0 338 14 441
336 0 333 14 442
324 0 338 14 443
309 0 338 14 444
289 0 338 14 445
274 0 338 14 446
264 0 333 14 447
244 0 338 14 448
233 0 333 14 449
215 0 338 14 450
199 0 338 14 451
180 0 338 14 452
165 0 338 14 453
145 0 338 14 454
130 0 338 14 455
111 0 338 14 456
96 0 338 14 457
81 0 338 14 458
65 0 338 14 459
52 0 337 14 460
48 0 326 14 461
44 0 315 14 462
43 0 300 14 463
43 0 285 14 464
43 0 269 14 465
43 0 254 14 466
43 0 239 14 467
43 0 220 14 468
43 0 204 14 469
43 0 189 14 470
43 0 167 14 471
43 0 147 14 472
43 0 128 14 473
43 0 108 14 474
43 0 93 14 475
43 0 78 14 476
43 0 63 14 477
43 0 48 14 478
43 0 33 14 479
