480
55 0 195 14 0
55 0 163 14 1
57 0 236 14 2
57 0 140 14 3
60 0 116 14 4
96 0 271 4 5
104 0 250 4 6
62 0 176 14 7
101 0 227 4 8
103 0 241 14 9
163 0 230 14 10
111 0 236 4 11
113 0 249 14 12
82 0 90 14 13
122 0 186 14 14
98 0 288 4 15
169 0 236 14 16
116 0 223 4 17
109 0 217 4 18
172 0 233 14 19
173 0 244 14 20
123 0 249 4 21
112 0 231 14 22
124 0 176 4 23
120 0 203 14 24
115 0 207 4 25
80 0 103 4 26
174 0 229 14 27
131 0 186 4 28
132 0 229 4 29
129 0 161 4 30
142 0 193 4 31
90 0 73 14 32
95 0 99 4 33
188 0 226 14 34
183 0 226 14 35
132 0 172 14 36
123 0 195 4 37
152 0 185 4 38
179 0 238 14 39
90 0 89 4 40
146 0 165 14 41
162 0 196 4 42
142 0 186 14 43
136 0 147 4 44
110 0 295 14 45
101 0 88 14 46
196 0 232 14 47
170 0 203 4 48
139 0 207 14 49
127 0 226 4 50
111 0 95 4 51
154 0 170 4 52
105 0 75 14 53
183 0 239 14 54
124 0 235 14 55
105 0 83 4 56
145 0 166 4 57
159 0 173 14 58
114 0 61 4 59
182 0 192 14 60
166 0 183 14 61
116 0 81 4 62
114 0 89 14 63
192 0 231 14 64
131 0 260 14 65
144 0 135 4 66
116 0 76 14 67
148 0 133 14 68
156 0 150 14 69
128 0 95 4 70
163 0 150 4 71
208 0 230 14 72
130 0 80 4 73
139 0 270 4 74
129 0 70 14 75
151 0 122 4 76
142 0 234 14 77
133 0 314 14 78
133 0 83 14 79
140 0 221 4 80
181 0 257 14 81
135 0 46 14 82
132 0 65 4 83
175 0 136 4 84
192 0 263 14 85
144 0 91 4 86
163 0 125 4 87
158 0 119 14 88
151 0 236 4 89
167 0 139 14 90
187 0 250 14 91
145 0 70 14 92
147 0 84 14 93
198 0 252 14 94
143 0 261 14 95
146 0 80 4 96
204 0 252 14 97
186 0 265 14 98
153 0 172 14 99
196 0 263 14 100
163 0 105 4 101
149 0 61 4 102
211 0 245 14 103
161 0 86 4 104
204 0 263 14 105
178 0 135 4 106
162 0 72 4 107
175 0 117 14 108
188 0 199 4 109
205 0 254 14 110
150 0 43 14 111
174 0 102 4 112
193 0 263 14 113
170 0 100 14 114
166 0 159 4 115
166 0 318 14 116
189 0 139 4 117
195 0 228 4 118
199 0 255 14 119
159 0 47 14 120
164 0 65 14 121
174 0 87 14 122
190 0 128 4 123
190 0 291 14 124
172 0 86 4 125
190 0 136 4 126
218 0 223 4 127
217 0 249 14 128
206 0 270 14 129
167 0 61 4 130
169 0 82 14 131
191 0 149 4 132
187 0 110 4 133
217 0 246 14 134
207 0 255 14 135
190 0 170 4 136
185 0 172 14 137
192 0 215 14 138
231 0 245 14 139
214 0 252 14 140
214 0 270 14 141
221 0 265 14 142
193 0 190 14 143
180 0 40 14 144
184 0 80 14 145
206 0 123 4 146
183 0 74 4 147
189 0 108 14 148
208 0 216 4 149
194 0 84 14 150
188 0 85 4 151
198 0 291 14 152
226 0 248 14 153
188 0 64 14 154
187 0 194 4 155
201 0 91 4 156
226 0 253 14 157
200 0 321 14 158
193 0 208 4 159
198 0 74 4 160
217 0 245 4 161
209 0 105 4 162
205 0 78 14 163
204 0 38 14 164
198 0 54 4 165
233 0 262 14 166
210 0 296 14 167
220 0 130 4 168
230 0 129 4 169
213 0 71 4 170
210 0 63 14 171
221 0 124 4 172
218 0 173 4 173
211 0 160 4 174
220 0 191 4 175
219 0 199 4 176
211 0 187 4 177
209 0 197 4 178
214 0 214 14 179
242 0 265 14 180
218 0 88 14 181
223 0 82 4 182
233 0 144 4 183
220 0 81 4 184
224 0 170 4 185
230 0 239 14 186
233 0 323 14 187
221 0 48 4 188
227 0 163 4 189
228 0 224 14 190
238 0 140 4 191
237 0 126 4 192
232 0 80 14 193
241 0 150 4 194
239 0 117 4 195
239 0 123 4 196
230 0 149 4 197
235 0 183 4 198
237 0 195 4 199
229 0 178 4 200
231 0 187 4 201
229 0 198 4 202
232 0 210 4 203
237 0 235 4 204
243 0 136 4 205
244 0 126 4 206
244 0 133 4 207
234 0 74 4 208
239 0 120 4 209
239 0 297 14 210
249 0 138 4 211
238 0 60 4 212
245 0 125 4 213
245 0 130 4 214
240 0 222 4 215
245 0 73 14 216
240 0 38 14 217
244 0 63 14 218
252 0 155 4 219
253 0 240 14 220
248 0 86 4 221
254 0 120 4 222
252 0 226 14 223
258 0 322 14 224
260 0 145 4 225
251 0 207 4 226
261 0 140 4 227
252 0 75 4 228
261 0 128 4 229
261 0 140 4 230
258 0 228 4 231
262 0 124 4 232
265 0 158 4 233
262 0 112 4 234
260 0 215 4 235
263 0 98 4 236
268 0 177 14 237
263 0 110 4 238
261 0 199 4 239
262 0 56 4 240
276 0 212 14 241
270 0 141 4 242
271 0 150 4 243
265 0 187 4 244
266 0 72 14 245
266 0 245 4 246
271 0 109 4 247
271 0 222 14 248
273 0 257 14 249
273 0 268 14 250
267 0 62 14 251
268 0 81 4 252
275 0 178 4 253
267 0 288 14 254
276 0 237 14 255
273 0 249 14 256
274 0 107 4 257
280 0 237 14 258
277 0 223 4 259
277 0 260 14 260
279 0 129 4 261
279 0 135 4 262
281 0 270 14 263
279 0 130 4 264
279 0 165 4 265
279 0 197 4 266
284 0 138 4 267
280 0 310 14 268
280 0 76 4 269
285 0 141 4 270
281 0 180 4 271
283 0 255 14 272
282 0 58 4 273
286 0 133 4 274
286 0 127 4 275
288 0 237 14 276
286 0 124 4 277
289 0 268 14 278
286 0 176 4 279
289 0 254 14 280
286 0 42 14 281
287 0 85 4 282
289 0 83 14 283
287 0 197 4 284
288 0 161 4 285
291 0 289 14 286
289 0 69 14 287
293 0 196 14 288
291 0 195 4 289
291 0 243 4 290
292 0 260 14 291
295 0 212 14 292
295 0 255 14 293
296 0 156 4 294
296 0 214 14 295
297 0 152 4 296
299 0 45 14 297
299 0 80 4 298
300 0 100 4 299
298 0 212 4 300
301 0 145 4 301
300 0 260 14 302
300 0 255 14 303
300 0 315 14 304
302 0 66 4 305
302 0 137 4 306
302 0 143 4 307
302 0 208 4 308
302 0 262 14 309
304 0 123 4 310
307 0 79 14 311
302 0 283 14 312
303 0 268 14 313
305 0 129 4 314
306 0 174 4 315
305 0 162 4 316
305 0 147 4 317
307 0 191 4 318
314 0 101 14 319
316 0 92 4 320
312 0 159 4 321
321 0 49 14 322
315 0 107 4 323
314 0 141 4 324
313 0 266 14 325
321 0 301 14 326
313 0 174 4 327
316 0 191 14 328
314 0 192 14 329
324 0 88 14 330
313 0 215 14 331
313 0 229 14 332
313 0 226 14 333
321 0 153 4 334
314 0 233 14 335
318 0 209 4 336
323 0 138 4 337
320 0 260 14 338
325 0 72 4 339
329 0 121 14 340
317 0 245 14 341
329 0 119 4 342
334 0 96 14 343
332 0 111 4 344
327 0 150 4 345
327 0 158 4 346
326 0 179 4 347
321 0 254 14 348
329 0 155 4 349
326 0 187 4 350
322 0 232 14 351
328 0 178 14 352
333 0 166 4 353
333 0 296 14 354
335 0 137 4 355
339 0 84 4 356
339 0 141 14 357
328 0 237 14 358
322 0 230 14 359
331 0 201 14 360
329 0 245 14 361
336 0 150 4 362
338 0 176 14 363
329 0 251 14 364
325 0 232 14 365
344 0 129 4 366
338 0 187 4 367
347 0 116 14 368
343 0 159 14 369
337 0 214 4 370
341 0 201 14 371
336 0 240 14 372
350 0 99 4 373
334 0 230 14 374
335 0 236 14 375
346 0 183 4 376
350 0 173 4 377
347 0 208 4 378
351 0 149 4 379
355 0 133 14 380
354 0 184 14 381
363 0 142 4 382
351 0 188 14 383
354 0 197 4 384
339 0 283 14 385
358 0 151 14 386
359 0 168 14 387
362 0 187 4 388
364 0 175 4 389
362 0 118 4 390
365 0 165 4 391
343 0 273 14 392
382 0 140 14 393
383 0 230 14 394
385 0 163 14 395
385 0 188 14 396
55 0 32 14 397
69 0 32 14 398
81 0 42 4 399
89 0 32 14 400
102 0 32 14 401
109 0 42 4 402
122 0 32 14 403
136 0 32 14 404
172 0 32 14 405
193 0 32 14 406
214 0 32 14 407
227 0 32 14 408
248 0 32 14 409
262 0 32 14 410
276 0 32 14 411
304 0 32 14 412
326 0 32 14 413
339 0 32 14 414
353 0 32 14 415
367 0 32 14 416
380 0 32 14 417
390 0 36 14 418
392 0 47 14 419
392 0 61 14 420
392 0 75 14 421
392 0 88 14 422
392 0 102 14 423
392 0 116 14 424
392 0 129 14 425
392 0 151 14 426
392 0 172 14 427
392 0 192 14 428
392 0 206 14 429
392 0 219 14 430
392 0 241 14 431
392 0 254 14 432
392 0 268 14 433
392 0 282 14 434
392 0 295 14 435
392 0 309 14 436
389 0 319 14 437
381 0 325 14 438
370 0 328 14 439
357 0 328 14 440
343 0 328 14 441
332 0 319 14 442
323 0 328 14 443
310 0 328 14 444
288 0 328 14 445
275 0 328 14 446
270 0 319 14 447
247 0 328 14 448
241 0 319 14 449
220 0 328 14 450
208 0 328 14 451
186 0 328 14 452
173 0 328 14 453
151 0 328 14 454
138 0 328 14 455
117 0 328 14 456
103 0 328 14 457
89 0 328 14 458
76 0 328 14 459
63 0 327 14 460
55 0 321 14 461
48 0 315 14 462
48 0 301 14 463
48 0 287 14 464
48 0 274 14 465
48 0 260 14 466
48 0 247 14 467
48 0 225 14 468
48 0 212 14 469
48 0 198 14 470
48 0 170 14 471
48 0 149 14 472
48 0 128 14 473
48 0 107 14 474
48 0 93 14 475
48 0 79 14 476
48 0 66 14 477
48 0 52 14 478
48 0 38 14 479
