480
56 0 194 14 0
56 0 163 14 1
59 0 231 14 2
60 0 140 14 3
64 0 115 14 4
89 0 262 4 5
96 0 222 4 6
66 0 170 14 7
94 0 203 4 8
96 0 217 14 9
138 0 199 14 10
103 0 211 4 11
104 0 222 14 12
83 0 92 14 13
111 0 172 14 14
94 0 282 4 15
143 0 204 14 16
107 0 200 4 17
103 0 197 4 18
146 0 200 14 19
147 0 212 14 20
113 0 222 4 21
105 0 212 14 22
114 0 163 4 23
112 0 187 14 24
108 0 191 4 25
85 0 106 4 26
149 0 197 14 27
120 0 173 4 28
121 0 208 4 29
119 0 148 4 30
128 0 176 4 31
92 0 74 14 32
96 0 100 4 33
160 0 189 14 34
157 0 190 14 35
122 0 159 14 36
116 0 184 4 37
136 0 165 4 38
155 0 207 14 39
94 0 94 4 40
133 0 148 14 41
144 0 173 4 42
131 0 173 14 43
127 0 134 4 44
109 0 295 14 45
103 0 88 14 46
168 0 195 14 47
151 0 179 4 48
129 0 195 14 49
121 0 214 4 50
111 0 94 4 51
140 0 152 4 52
107 0 77 14 53
161 0 211 14 54
120 0 226 14 55
107 0 84 4 56
135 0 153 4 57
145 0 153 14 58
115 0 61 4 59
161 0 163 14 60
150 0 162 14 61
116 0 82 4 62
115 0 90 14 63
170 0 200 14 64
127 0 250 14 65
136 0 124 4 66
118 0 80 14 67
140 0 121 14 68
146 0 136 14 69
127 0 94 4 70
152 0 134 4 71
183 0 195 14 72
129 0 79 4 73
136 0 263 4 74
129 0 69 14 75
144 0 113 4 76
138 0 229 14 77
132 0 313 14 78
133 0 81 14 79
138 0 217 4 80
167 0 240 14 81
136 0 46 14 82
134 0 67 4 83
163 0 117 4 84
175 0 242 14 85
142 0 88 4 86
155 0 112 4 87
152 0 110 14 88
147 0 230 4 89
158 0 129 14 90
172 0 231 14 91
144 0 69 14 92
145 0 82 14 93
181 0 230 14 94
143 0 261 14 95
145 0 80 4 96
186 0 227 14 97
174 0 250 14 98
152 0 170 14 99
181 0 243 14 100
158 0 98 4 101
150 0 60 4 102
192 0 218 14 103
158 0 80 4 104
187 0 241 14 105
170 0 123 4 106
160 0 67 4 107
169 0 103 14 108
177 0 184 4 109
189 0 233 14 110
151 0 41 14 111
168 0 89 4 112
181 0 248 14 113
165 0 90 14 114
163 0 155 4 115
163 0 320 14 116
179 0 118 4 117
184 0 212 4 118
186 0 238 14 119
159 0 48 14 120
162 0 61 14 121
169 0 78 14 122
180 0 108 4 123
181 0 285 14 124
169 0 80 4 125
182 0 117 4 126
201 0 198 4 127
200 0 224 14 128
192 0 253 14 129
166 0 60 4 130
168 0 78 14 131
183 0 130 4 132
180 0 96 4 133
201 0 224 14 134
194 0 238 14 135
183 0 163 4 136
181 0 166 14 137
185 0 206 14 138
214 0 218 14 139
201 0 233 14 140
201 0 253 14 141
207 0 245 14 142
188 0 182 14 143
179 0 37 14 144
182 0 76 14 145
198 0 100 4 146
182 0 70 4 147
186 0 99 14 148
199 0 203 4 149
189 0 72 14 150
186 0 76 4 151
193 0 288 14 152
213 0 227 14 153
187 0 61 14 154
186 0 192 4 155
197 0 81 4 156
215 0 236 14 157
196 0 325 14 158
192 0 206 4 159
196 0 70 4 160
210 0 234 4 161
205 0 96 4 162
203 0 72 14 163
203 0 34 14 164
199 0 50 4 165
223 0 248 14 166
208 0 294 14 167
217 0 108 4 168
222 0 102 4 169
211 0 64 4 170
209 0 59 14 171
217 0 103 4 172
215 0 164 4 173
210 0 158 4 174
217 0 182 4 175
216 0 192 4 176
210 0 187 4 177
209 0 196 4 178
213 0 211 14 179
231 0 249 14 180
216 0 79 14 181
220 0 69 4 182
227 0 122 4 183
219 0 74 4 184
221 0 162 4 185
225 0 232 14 186
228 0 328 14 187
220 0 40 4 188
225 0 157 4 189
226 0 221 14 190
234 0 112 4 191
233 0 101 4 192
230 0 72 14 193
236 0 122 4 194
236 0 92 4 195
236 0 99 4 196
229 0 147 4 197
233 0 174 4 198
235 0 184 4 199
229 0 177 4 200
230 0 187 4 201
229 0 197 4 202
231 0 208 4 203
234 0 229 4 204
239 0 109 4 205
240 0 100 4 206
240 0 108 4 207
233 0 69 4 208
237 0 102 4 209
237 0 295 14 210
245 0 109 4 211
237 0 58 4 212
243 0 104 4 213
243 0 109 4 214
239 0 220 4 215
243 0 66 14 216
241 0 34 14 217
243 0 56 14 218
249 0 130 4 219
250 0 231 14 220
248 0 79 4 221
252 0 101 4 222
251 0 219 14 223
256 0 326 14 224
257 0 117 4 225
251 0 204 4 226
258 0 112 4 227
251 0 72 4 228
258 0 103 4 229
259 0 115 4 230
256 0 216 4 231
260 0 102 4 232
262 0 126 4 233
260 0 91 4 234
259 0 204 4 235
261 0 82 4 236
265 0 142 14 237
262 0 94 4 238
260 0 191 4 239
261 0 54 4 240
272 0 167 14 241
268 0 114 4 242
268 0 122 4 243
264 0 180 4 244
265 0 63 14 245
265 0 231 4 246
269 0 84 4 247
269 0 202 14 248
270 0 237 14 249
270 0 252 14 250
267 0 58 14 251
267 0 74 4 252
272 0 148 4 253
267 0 285 14 254
273 0 210 14 255
271 0 229 14 256
273 0 94 4 257
277 0 208 14 258
275 0 208 4 259
275 0 242 14 260
278 0 108 4 261
278 0 114 4 262
279 0 253 14 263
278 0 113 4 264
278 0 158 4 265
278 0 188 4 266
282 0 113 4 267
279 0 315 14 268
279 0 74 4 269
283 0 121 4 270
280 0 180 4 271
282 0 238 14 272
281 0 56 4 273
284 0 112 4 274
285 0 105 4 275
286 0 208 14 276
285 0 108 4 277
287 0 252 14 278
285 0 169 4 279
288 0 233 14 280
286 0 40 14 281
286 0 77 4 282
288 0 78 14 283
287 0 196 4 284
288 0 160 4 285
290 0 282 14 286
290 0 67 14 287
292 0 166 14 288
291 0 186 4 289
290 0 230 4 290
291 0 246 14 291
294 0 172 14 292
294 0 229 14 293
295 0 131 4 294
295 0 204 14 295
297 0 131 4 296
299 0 45 14 297
299 0 77 4 298
299 0 97 4 299
299 0 204 4 300
301 0 125 4 301
300 0 246 14 302
301 0 236 14 303
300 0 316 14 304
303 0 67 4 305
303 0 117 4 306
303 0 124 4 307
303 0 206 4 308
303 0 245 14 309
305 0 107 4 310
307 0 79 14 311
304 0 272 14 312
304 0 252 14 313
306 0 110 4 314
307 0 155 4 315
306 0 141 4 316
307 0 124 4 317
309 0 164 4 318
314 0 100 14 319
317 0 90 4 320
313 0 143 4 321
320 0 51 14 322
316 0 102 4 323
315 0 128 4 324
315 0 255 14 325
321 0 301 14 326
315 0 151 4 327
317 0 174 14 328
317 0 162 14 329
323 0 86 14 330
316 0 177 14 331
316 0 193 14 332
317 0 186 14 333
323 0 132 4 334
318 0 195 14 335
321 0 182 4 336
325 0 124 4 337
322 0 244 14 338
326 0 70 4 339
329 0 121 14 340
321 0 218 14 341
329 0 112 4 342
333 0 94 14 343
332 0 111 4 344
329 0 139 4 345
329 0 147 4 346
328 0 166 4 347
324 0 232 14 348
331 0 139 4 349
329 0 163 4 350
327 0 203 14 351
331 0 159 14 352
334 0 155 4 353
334 0 293 14 354
336 0 129 4 355
339 0 81 4 356
339 0 139 14 357
332 0 211 14 358
328 0 191 14 359
334 0 181 14 360
333 0 218 14 361
338 0 139 4 362
339 0 166 14 363
334 0 225 14 364
331 0 194 14 365
345 0 128 4 366
340 0 171 4 367
346 0 116 14 368
344 0 153 14 369
340 0 194 4 370
343 0 190 14 371
340 0 215 14 372
349 0 96 4 373
339 0 199 14 374
340 0 205 14 375
347 0 175 4 376
350 0 169 4 377
348 0 195 4 378
352 0 147 4 379
355 0 132 14 380
355 0 179 14 381
361 0 139 4 382
352 0 177 14 383
355 0 185 4 384
344 0 277 14 385
357 0 147 14 386
359 0 163 14 387
361 0 180 4 388
363 0 169 4 389
363 0 114 4 390
365 0 163 4 391
351 0 264 14 392
379 0 137 14 393
381 0 225 14 394
383 0 160 14 395
384 0 186 14 396
50 0 25 14 397
65 0 25 14 398
78 0 32 4 399
89 0 25 14 400
104 0 25 14 401
114 0 32 4 402
128 0 25 14 403
143 0 25 14 404
173 0 25 14 405
193 0 25 14 406
213 0 25 14 407
227 0 25 14 408
246 0 25 14 409
261 0 25 14 410
276 0 25 14 411
301 0 25 14 412
321 0 25 14 413
336 0 25 14 414
350 0 25 14 415
365 0 25 14 416
380 0 25 14 417
392 0 27 14 418
395 0 39 14 419
395 0 53 14 420
395 0 68 14 421
395 0 83 14 422
395 0 98 14 423
395 0 112 14 424
395 0 127 14 425
395 0 147 14 426
395 0 167 14 427
395 0 186 14 428
395 0 201 14 429
395 0 215 14 430
395 0 235 14 431
395 0 250 14 432
395 0 265 14 433
395 0 280 14 434
395 0 294 14 435
395 0 309 14 436
393 0 321 14 437
388 0 331 14 438
378 0 335 14 439
363 0 335 14 440
348 0 335 14 441
335 0 329 14 442
324 0 335 14 443
309 0 335 14 444
289 0 335 14 445
274 0 335 14 446
266 0 329 14 447
245 0 335 14 448
235 0 329 14 449
217 0 335 14 450
202 0 335 14 451
182 0 335 14 452
167 0 335 14 453
147 0 335 14 454
132 0 335 14 455
112 0 335 14 456
98 0 335 14 457
83 0 335 14 458
68 0 335 14 459
55 0 334 14 460
50 0 324 14 461
45 0 315 14 462
45 0 300 14 463
45 0 285 14 464
45 0 271 14 465
45 0 256 14 466
45 0 241 14 467
45 0 221 14 468
45 0 207 14 469
45 0 192 14 470
45 0 168 14 471
45 0 148 14 472
45 0 128 14 473
45 0 108 14 474
45 0 93 14 475
45 0 78 14 476
45 0 64 14 477
45 0 49 14 478
45 0 34 14 479
