480
56 0 194 14 0
57 0 163 14 1
60 0 228 14 2
61 0 140 14 3
67 0 115 14 4
84 0 257 4 5
90 0 205 4 6
69 0 166 14 7
90 0 188 4 8
92 0 203 14 9
123 0 180 14 10
97 0 196 4 11
98 0 206 14 12
83 0 93 14 13
104 0 163 14 14
92 0 278 4 15
128 0 184 14 16
101 0 186 4 17
99 0 186 4 18
130 0 180 14 19
132 0 192 14 20
107 0 206 4 21
101 0 200 14 22
108 0 156 4 23
106 0 178 14 24
104 0 181 4 25
87 0 107 4 26
134 0 179 14 27
114 0 165 4 28
114 0 195 4 29
113 0 140 4 30
119 0 165 4 31
94 0 75 14 32
96 0 101 4 33
143 0 168 14 34
141 0 170 14 35
116 0 151 14 36
111 0 179 4 37
126 0 152 4 38
141 0 188 14 39
97 0 97 4 40
125 0 138 14 41
133 0 158 4 42
124 0 164 14 43
121 0 127 4 44
109 0 294 14 45
104 0 89 14 46
152 0 174 14 47
139 0 163 4 48
124 0 188 14 49
118 0 207 4 50
111 0 94 4 51
132 0 141 4 52
108 0 78 14 53
147 0 194 14 54
118 0 221 14 55
109 0 85 4 56
129 0 145 4 57
136 0 141 14 58
115 0 61 4 59
148 0 145 14 60
141 0 148 14 61
116 0 82 4 62
116 0 90 14 63
156 0 182 14 64
125 0 244 14 65
132 0 118 4 66
119 0 82 14 67
134 0 114 14 68
140 0 128 14 69
126 0 93 4 70
145 0 124 4 71
168 0 175 14 72
129 0 79 4 73
134 0 258 4 74
129 0 69 14 75
140 0 108 4 76
136 0 225 14 77
132 0 313 14 78
133 0 79 14 79
137 0 215 4 80
158 0 229 14 81
136 0 47 14 82
135 0 68 4 83
156 0 106 4 84
164 0 229 14 85
141 0 86 4 86
151 0 105 4 87
148 0 105 14 88
144 0 226 4 89
153 0 123 14 90
163 0 219 14 91
143 0 69 14 92
144 0 80 14 93
171 0 216 14 94
143 0 260 14 95
145 0 79 4 96
175 0 212 14 97
166 0 241 14 98
151 0 169 14 99
172 0 232 14 100
156 0 93 4 101
150 0 59 4 102
180 0 201 14 103
156 0 76 4 104
177 0 228 14 105
165 0 115 4 106
158 0 64 4 107
165 0 95 14 108
171 0 176 4 109
179 0 220 14 110
152 0 40 14 111
165 0 81 4 112
174 0 239 14 113
163 0 84 14 114
161 0 152 4 115
161 0 322 14 116
173 0 105 4 117
177 0 203 4 118
179 0 228 14 119
159 0 49 14 120
161 0 59 14 121
166 0 73 14 122
175 0 96 4 123
175 0 282 14 124
167 0 76 4 125
176 0 106 4 126
190 0 183 4 127
190 0 209 14 128
184 0 243 14 129
166 0 59 4 130
167 0 76 14 131
178 0 118 4 132
176 0 88 4 133
192 0 211 14 134
187 0 228 14 135
179 0 158 4 136
178 0 162 14 137
181 0 200 14 138
203 0 202 14 139
194 0 222 14 140
194 0 243 14 141
198 0 233 14 142
184 0 178 14 143
179 0 35 14 144
181 0 74 14 145
192 0 86 4 146
181 0 67 4 147
184 0 94 14 148
193 0 195 4 149
187 0 65 14 150
184 0 70 4 151
189 0 287 14 152
204 0 215 14 153
186 0 59 14 154
186 0 192 4 155
194 0 74 4 156
207 0 225 14 157
194 0 328 14 158
191 0 206 4 159
195 0 68 4 160
205 0 228 4 161
203 0 90 4 162
202 0 69 14 163
203 0 31 14 164
200 0 48 4 165
217 0 239 14 166
207 0 292 14 167
214 0 94 4 168
219 0 85 4 169
210 0 59 4 170
208 0 57 14 171
214 0 90 4 172
213 0 158 4 173
210 0 156 4 174
215 0 177 4 175
214 0 187 4 176
210 0 186 4 177
209 0 196 4 178
212 0 209 14 179
225 0 240 14 180
215 0 74 14 181
218 0 61 4 182
223 0 108 4 183
218 0 70 4 184
220 0 157 4 185
222 0 227 14 186
226 0 330 14 187
220 0 35 4 188
224 0 153 4 189
225 0 220 14 190
231 0 95 4 191
231 0 85 4 192
229 0 67 14 193
234 0 105 4 194
234 0 77 4 195
234 0 84 4 196
229 0 146 4 197
232 0 168 4 198
233 0 179 4 199
229 0 176 4 200
230 0 186 4 201
229 0 196 4 202
230 0 207 4 203
233 0 225 4 204
237 0 92 4 205
238 0 84 4 206
238 0 93 4 207
233 0 66 4 208
236 0 91 4 209
236 0 293 14 210
243 0 91 4 211
237 0 56 4 212
241 0 91 4 213
241 0 96 4 214
238 0 219 4 215
242 0 61 14 216
241 0 32 14 217
242 0 52 14 218
247 0 115 4 219
249 0 225 14 220
248 0 75 4 221
251 0 90 4 222
250 0 215 14 223
254 0 329 14 224
255 0 100 4 225
251 0 202 4 226
256 0 95 4 227
251 0 71 4 228
257 0 87 4 229
257 0 100 4 230
255 0 209 4 231
259 0 88 4 232
260 0 107 4 233
259 0 78 4 234
258 0 198 4 235
260 0 73 4 236
262 0 121 14 237
261 0 85 4 238
260 0 186 4 239
261 0 53 4 240
269 0 140 14 241
266 0 98 4 242
267 0 105 4 243
263 0 177 4 244
265 0 58 14 245
264 0 223 4 246
268 0 69 4 247
268 0 190 14 248
269 0 224 14 249
269 0 242 14 250
267 0 55 14 251
267 0 69 4 252
271 0 130 4 253
267 0 283 14 254
272 0 194 14 255
270 0 216 14 256
272 0 86 4 257
275 0 190 14 258
274 0 199 4 259
274 0 230 14 260
277 0 96 4 261
277 0 101 4 262
278 0 243 14 263
278 0 102 4 264
278 0 154 4 265
277 0 183 4 266
281 0 98 4 267
279 0 318 14 268
279 0 73 4 269
282 0 109 4 270
280 0 179 4 271
282 0 228 14 272
281 0 55 4 273
283 0 99 4 274
284 0 91 4 275
285 0 190 14 276
285 0 98 4 277
286 0 242 14 278
285 0 164 4 279
287 0 220 14 280
286 0 39 14 281
286 0 72 4 282
288 0 75 14 283
287 0 195 4 284
288 0 160 4 285
289 0 278 14 286
290 0 65 14 287
291 0 147 14 288
291 0 180 4 289
290 0 222 4 290
291 0 238 14 291
293 0 147 14 292
294 0 213 14 293
295 0 116 4 294
295 0 197 14 295
297 0 118 4 296
299 0 45 14 297
299 0 76 4 298
299 0 95 4 299
299 0 200 4 300
301 0 113 4 301
300 0 238 14 302
301 0 225 14 303
300 0 316 14 304
303 0 67 4 305
303 0 106 4 306
303 0 113 4 307
303 0 204 4 308
303 0 235 14 309
306 0 97 4 310
307 0 79 14 311
305 0 266 14 312
305 0 242 14 313
307 0 98 4 314
307 0 144 4 315
307 0 128 4 316
308 0 111 4 317
310 0 146 4 318
314 0 99 14 319
317 0 88 4 320
314 0 132 4 321
319 0 52 14 322
317 0 99 4 323
316 0 120 4 324
316 0 249 14 325
321 0 302 14 326
317 0 138 4 327
318 0 163 14 328
318 0 144 14 329
323 0 85 14 330
318 0 153 14 331
318 0 172 14 332
319 0 163 14 333
324 0 119 4 334
321 0 173 14 335
323 0 167 4 336
326 0 115 4 337
324 0 234 14 338
327 0 69 4 339
329 0 120 14 340
323 0 202 14 341
329 0 107 4 342
332 0 92 14 343
332 0 110 4 344
330 0 133 4 345
330 0 141 4 346
329 0 158 4 347
327 0 219 14 348
332 0 130 4 349
331 0 148 4 350
329 0 185 14 351
333 0 147 14 352
335 0 148 4 353
335 0 291 14 354
337 0 124 4 355
339 0 79 4 356
339 0 137 14 357
334 0 195 14 358
331 0 167 14 359
336 0 170 14 360
335 0 201 14 361
339 0 133 4 362
340 0 160 14 363
336 0 209 14 364
335 0 172 14 365
345 0 128 4 366
341 0 161 4 367
346 0 116 14 368
344 0 149 14 369
342 0 183 4 370
344 0 182 14 371
342 0 200 14 372
349 0 94 4 373
342 0 180 14 374
343 0 186 14 375
348 0 169 4 376
350 0 166 4 377
349 0 187 4 378
352 0 146 4 379
355 0 131 14 380
355 0 175 14 381
360 0 137 4 382
353 0 170 14 383
355 0 178 4 384
348 0 274 14 385
357 0 144 14 386
359 0 160 14 387
361 0 175 4 388
363 0 165 4 389
363 0 112 4 390
365 0 162 4 391
355 0 258 14 392
378 0 136 14 393
380 0 222 14 394
382 0 159 14 395
384 0 185 14 396
47 0 20 14 397
62 0 20 14 398
77 0 25 4 399
89 0 20 14 400
104 0 20 14 401
116 0 25 4 402
131 0 20 14 403
147 0 20 14 404
173 0 20 14 405
193 0 20 14 406
212 0 20 14 407
226 0 20 14 408
245 0 20 14 409
261 0 20 14 410
276 0 20 14 411
299 0 20 14 412
318 0 20 14 413
334 0 20 14 414
349 0 20 14 415
364 0 20 14 416
380 0 20 14 417
393 0 22 14 418
397 0 33 14 419
397 0 49 14 420
397 0 64 14 421
397 0 80 14 422
397 0 95 14 423
397 0 110 14 424
397 0 126 14 425
397 0 145 14 426
397 0 164 14 427
397 0 182 14 428
397 0 198 14 429
397 0 213 14 430
397 0 232 14 431
397 0 248 14 432
397 0 263 14 433
397 0 278 14 434
397 0 294 14 435
397 0 309 14 436
395 0 323 14 437
392 0 334 14 438
382 0 340 14 439
367 0 340 14 440
351 0 340 14 441
337 0 335 14 442
324 0 340 14 443
309 0 340 14 444
290 0 340 14 445
274 0 340 14 446
263 0 335 14 447
243 0 340 14 448
232 0 335 14 449
214 0 340 14 450
198 0 340 14 451
179 0 340 14 452
164 0 340 14 453
145 0 340 14 454
129 0 340 14 455
110 0 340 14 456
95 0 340 14 457
79 0 340 14 458
64 0 340 14 459
50 0 338 14 460
47 0 326 14 461
43 0 315 14 462
43 0 299 14 463
43 0 284 14 464
43 0 269 14 465
43 0 253 14 466
43 0 238 14 467
43 0 219 14 468
43 0 203 14 469
43 0 188 14 470
43 0 166 14 471
43 0 147 14 472
43 0 128 14 473
43 0 109 14 474
43 0 93 14 475
43 0 78 14 476
43 0 62 14 477
43 0 47 14 478
43 0 32 14 479
