480
55 0 196 14 0
55 0 163 14 1
57 0 236 14 2
57 0 140 14 3
59 0 116 14 4
97 0 272 4 5
106 0 254 4 6
61 0 177 14 7
102 0 231 4 8
104 0 245 14 9
167 0 235 14 10
113 0 241 4 11
115 0 254 14 12
82 0 90 14 13
124 0 188 14 14
98 0 289 4 15
173 0 241 14 16
118 0 227 4 17
110 0 220 4 18
177 0 239 14 19
177 0 249 14 20
124 0 254 4 21
113 0 235 14 22
126 0 178 4 23
122 0 206 14 24
116 0 209 4 25
80 0 102 4 26
178 0 234 14 27
133 0 188 4 28
134 0 233 4 29
131 0 164 4 30
145 0 196 4 31
89 0 73 14 32
95 0 99 4 33
193 0 233 14 34
187 0 232 14 35
133 0 174 14 36
124 0 197 4 37
155 0 189 4 38
183 0 243 14 39
89 0 88 4 40
148 0 168 14 41
165 0 200 4 42
144 0 189 14 43
138 0 149 4 44
110 0 295 14 45
101 0 88 14 46
200 0 238 14 47
173 0 208 4 48
140 0 209 14 49
128 0 228 4 50
111 0 95 4 51
156 0 173 4 52
105 0 74 14 53
187 0 244 14 54
124 0 236 14 55
104 0 82 4 56
146 0 168 4 57
162 0 177 14 58
114 0 61 4 59
186 0 197 14 60
168 0 186 14 61
116 0 81 4 62
114 0 89 14 63
196 0 236 14 64
132 0 262 14 65
145 0 137 4 66
116 0 76 14 67
150 0 135 14 68
158 0 153 14 69
128 0 95 4 70
165 0 153 4 71
212 0 236 14 72
130 0 80 4 73
140 0 272 4 74
129 0 70 14 75
152 0 123 4 76
143 0 235 14 77
134 0 314 14 78
133 0 83 14 79
140 0 222 4 80
184 0 260 14 81
135 0 46 14 82
132 0 65 4 83
177 0 139 4 84
195 0 267 14 85
144 0 92 4 86
164 0 127 4 87
159 0 121 14 88
152 0 237 4 89
168 0 141 14 90
190 0 254 14 91
145 0 70 14 92
148 0 84 14 93
201 0 256 14 94
143 0 261 14 95
146 0 80 4 96
207 0 257 14 97
188 0 268 14 98
153 0 173 14 99
198 0 266 14 100
163 0 106 4 101
149 0 61 4 102
214 0 249 14 103
161 0 87 4 104
207 0 266 14 105
179 0 137 4 106
163 0 73 4 107
176 0 119 14 108
190 0 202 4 109
208 0 258 14 110
150 0 43 14 111
175 0 104 4 112
195 0 265 14 113
170 0 102 14 114
166 0 160 4 115
166 0 318 14 116
191 0 143 4 117
197 0 231 4 118
201 0 258 14 119
159 0 47 14 120
164 0 65 14 121
175 0 89 14 122
191 0 132 4 123
192 0 292 14 124
173 0 87 4 125
192 0 139 4 126
220 0 228 4 127
220 0 253 14 128
208 0 273 14 129
167 0 61 4 130
169 0 82 14 131
193 0 152 4 132
188 0 112 4 133
219 0 250 14 134
209 0 258 14 135
191 0 172 4 136
186 0 173 14 137
193 0 217 14 138
234 0 250 14 139
216 0 255 14 140
216 0 273 14 141
224 0 269 14 142
194 0 191 14 143
181 0 41 14 144
184 0 81 14 145
208 0 127 4 146
183 0 75 4 147
189 0 110 14 148
210 0 218 4 149
194 0 86 14 150
189 0 87 4 151
199 0 292 14 152
229 0 252 14 153
188 0 65 14 154
187 0 194 4 155
202 0 93 4 156
228 0 256 14 157
200 0 321 14 158
193 0 208 4 159
198 0 75 4 160
219 0 247 4 161
209 0 107 4 162
205 0 79 14 163
204 0 39 14 164
198 0 55 4 165
235 0 265 14 166
211 0 296 14 167
221 0 134 4 168
231 0 134 4 169
214 0 73 4 170
210 0 64 14 171
222 0 128 4 172
218 0 175 4 173
211 0 160 4 174
221 0 192 4 175
220 0 201 4 176
211 0 187 4 177
209 0 197 4 178
214 0 214 14 179
243 0 268 14 180
218 0 90 14 181
224 0 84 4 182
234 0 147 4 183
220 0 82 4 184
225 0 172 4 185
231 0 240 14 186
233 0 322 14 187
221 0 49 4 188
227 0 164 4 189
229 0 225 14 190
239 0 145 4 191
238 0 131 4 192
232 0 81 14 193
241 0 155 4 194
239 0 121 4 195
239 0 127 4 196
230 0 149 4 197
236 0 184 4 198
238 0 196 4 199
229 0 178 4 200
231 0 187 4 201
229 0 198 4 202
232 0 210 4 203
237 0 236 4 204
244 0 140 4 205
244 0 131 4 206
244 0 137 4 207
234 0 75 4 208
239 0 123 4 209
240 0 297 14 210
249 0 143 4 211
238 0 60 4 212
246 0 128 4 213
246 0 134 4 214
240 0 223 4 215
245 0 75 14 216
240 0 39 14 217
244 0 64 14 218
252 0 160 4 219
253 0 241 14 220
248 0 87 4 221
254 0 123 4 222
252 0 227 14 223
259 0 321 14 224
261 0 150 4 225
251 0 208 4 226
261 0 145 4 227
252 0 76 4 228
262 0 132 4 229
262 0 144 4 230
258 0 230 4 231
262 0 127 4 232
266 0 163 4 233
263 0 116 4 234
260 0 216 4 235
263 0 100 4 236
269 0 182 14 237
263 0 112 4 238
261 0 200 4 239
262 0 56 4 240
277 0 220 14 241
271 0 146 4 242
272 0 155 4 243
265 0 188 4 244
266 0 73 14 245
266 0 247 4 246
271 0 113 4 247
272 0 225 14 248
273 0 260 14 249
273 0 271 14 250
267 0 63 14 251
268 0 83 4 252
276 0 182 4 253
267 0 288 14 254
277 0 242 14 255
274 0 252 14 256
274 0 110 4 257
280 0 242 14 258
277 0 225 4 259
278 0 263 14 260
279 0 133 4 261
279 0 139 4 262
282 0 273 14 263
279 0 133 4 264
279 0 166 4 265
279 0 199 4 266
284 0 142 4 267
280 0 309 14 268
280 0 76 4 269
285 0 145 4 270
281 0 180 4 271
283 0 258 14 272
282 0 59 4 273
286 0 137 4 274
286 0 131 4 275
289 0 242 14 276
286 0 127 4 277
289 0 271 14 278
286 0 177 4 279
289 0 258 14 280
286 0 42 14 281
287 0 86 4 282
289 0 84 14 283
287 0 197 4 284
288 0 161 4 285
291 0 290 14 286
289 0 69 14 287
293 0 202 14 288
291 0 197 4 289
291 0 245 4 290
292 0 262 14 291
295 0 219 14 292
295 0 259 14 293
296 0 160 4 294
296 0 216 14 295
297 0 156 4 296
299 0 45 14 297
299 0 81 4 298
300 0 101 4 299
298 0 213 4 300
301 0 149 4 301
300 0 262 14 302
300 0 258 14 303
300 0 315 14 304
302 0 66 4 305
302 0 140 4 306
302 0 146 4 307
302 0 208 4 308
302 0 265 14 309
304 0 126 4 310
307 0 79 14 311
302 0 284 14 312
303 0 271 14 313
305 0 133 4 314
306 0 177 4 315
305 0 166 4 316
305 0 151 4 317
307 0 196 4 318
314 0 102 14 319
316 0 92 4 320
312 0 162 4 321
321 0 49 14 322
315 0 108 4 323
314 0 143 4 324
313 0 268 14 325
321 0 301 14 326
312 0 178 4 327
316 0 194 14 328
314 0 197 14 329
324 0 88 14 330
312 0 222 14 331
312 0 235 14 332
313 0 233 14 333
321 0 156 4 334
313 0 240 14 335
318 0 214 4 336
323 0 141 4 337
319 0 263 14 338
325 0 72 4 339
329 0 121 14 340
317 0 250 14 341
329 0 120 4 342
334 0 96 14 343
332 0 111 4 344
327 0 152 4 345
327 0 159 4 346
326 0 180 4 347
320 0 258 14 348
329 0 158 4 349
325 0 191 4 350
322 0 237 14 351
328 0 181 14 352
333 0 168 4 353
333 0 296 14 354
335 0 138 4 355
339 0 84 4 356
339 0 141 14 357
328 0 242 14 358
321 0 237 14 359
331 0 205 14 360
328 0 249 14 361
336 0 152 4 362
338 0 178 14 363
329 0 255 14 364
324 0 239 14 365
344 0 129 4 366
338 0 190 4 367
347 0 116 14 368
343 0 160 14 369
337 0 217 4 370
341 0 203 14 371
336 0 245 14 372
350 0 100 4 373
333 0 235 14 374
334 0 242 14 375
346 0 185 4 376
350 0 174 4 377
347 0 210 4 378
351 0 150 4 379
355 0 133 14 380
354 0 185 14 381
363 0 142 4 382
351 0 190 14 383
354 0 199 4 384
338 0 284 14 385
358 0 151 14 386
359 0 169 14 387
362 0 188 4 388
364 0 176 4 389
362 0 118 4 390
365 0 165 4 391
342 0 274 14 392
383 0 141 14 393
383 0 231 14 394
385 0 164 14 395
385 0 188 14 396
56 0 33 14 397
70 0 33 14 398
82 0 44 4 399
89 0 33 14 400
102 0 33 14 401
108 0 44 4 402
121 0 33 14 403
134 0 33 14 404
172 0 33 14 405
193 0 33 14 406
215 0 33 14 407
227 0 33 14 408
249 0 33 14 409
262 0 33 14 410
276 0 33 14 411
305 0 33 14 412
326 0 33 14 413
340 0 33 14 414
353 0 33 14 415
367 0 33 14 416
380 0 33 14 417
390 0 37 14 418
392 0 49 14 419
392 0 62 14 420
392 0 76 14 421
392 0 89 14 422
392 0 103 14 423
392 0 116 14 424
392 0 130 14 425
392 0 151 14 426
392 0 173 14 427
392 0 193 14 428
392 0 207 14 429
392 0 220 14 430
392 0 241 14 431
392 0 255 14 432
392 0 268 14 433
392 0 282 14 434
392 0 295 14 435
392 0 309 14 436
388 0 318 14 437
380 0 324 14 438
369 0 327 14 439
356 0 327 14 440
342 0 327 14 441
331 0 317 14 442
323 0 327 14 443
310 0 327 14 444
288 0 327 14 445
275 0 327 14 446
270 0 317 14 447
248 0 327 14 448
242 0 317 14 449
221 0 327 14 450
208 0 327 14 451
187 0 327 14 452
174 0 327 14 453
152 0 327 14 454
139 0 327 14 455
117 0 327 14 456
104 0 327 14 457
90 0 327 14 458
77 0 327 14 459
64 0 326 14 460
56 0 320 14 461
48 0 315 14 462
48 0 301 14 463
48 0 288 14 464
48 0 274 14 465
48 0 261 14 466
48 0 247 14 467
48 0 226 14 468
48 0 213 14 469
48 0 199 14 470
48 0 171 14 471
48 0 149 14 472
48 0 128 14 473
48 0 106 14 474
48 0 93 14 475
48 0 79 14 476
48 0 66 14 477
48 0 52 14 478
48 0 39 14 479
