480
56 0 194 14 0
57 0 163 14 1
61 0 227 14 2
61 0 140 14 3
67 0 115 14 4
84 0 257 4 5
90 0 203 4 6
70 0 165 14 7
89 0 187 4 8
91 0 201 14 9
121 0 179 14 10
97 0 194 4 11
97 0 204 14 12
83 0 93 14 13
103 0 162 14 14
92 0 277 4 15
126 0 182 14 16
101 0 185 4 17
98 0 184 4 18
129 0 178 14 19
130 0 190 14 20
106 0 204 4 21
101 0 198 14 22
107 0 155 4 23
106 0 177 14 24
103 0 180 4 25
88 0 108 4 26
132 0 177 14 27
113 0 164 4 28
113 0 193 4 29
112 0 139 4 30
119 0 164 4 31
94 0 75 14 32
96 0 101 4 33
141 0 165 14 34
139 0 167 14 35
115 0 151 14 36
111 0 178 4 37
125 0 150 4 38
139 0 186 14 39
97 0 97 4 40
124 0 137 14 41
132 0 157 4 42
123 0 163 14 43
121 0 126 4 44
109 0 294 14 45
105 0 89 14 46
150 0 172 14 47
138 0 161 4 48
123 0 187 14 49
118 0 206 4 50
111 0 94 4 51
131 0 140 4 52
109 0 78 14 53
146 0 192 14 54
118 0 221 14 55
109 0 85 4 56
128 0 144 4 57
136 0 139 14 58
115 0 61 4 59
147 0 143 14 60
140 0 147 14 61
116 0 82 4 62
116 0 90 14 63
154 0 180 14 64
125 0 243 14 65
131 0 117 4 66
119 0 82 14 67
134 0 113 14 68
139 0 127 14 69
126 0 93 4 70
144 0 123 4 71
166 0 173 14 72
129 0 79 4 73
134 0 257 4 74
129 0 69 14 75
140 0 108 4 76
136 0 225 14 77
132 0 313 14 78
133 0 79 14 79
136 0 214 4 80
157 0 228 14 81
136 0 47 14 82
135 0 68 4 83
155 0 104 4 84
163 0 227 14 85
141 0 86 4 86
150 0 104 4 87
148 0 104 14 88
144 0 226 4 89
152 0 122 14 90
162 0 218 14 91
143 0 69 14 92
144 0 80 14 93
169 0 215 14 94
143 0 260 14 95
145 0 79 4 96
173 0 210 14 97
165 0 240 14 98
150 0 169 14 99
171 0 230 14 100
155 0 93 4 101
150 0 59 4 102
179 0 199 14 103
156 0 75 4 104
176 0 227 14 105
164 0 114 4 106
158 0 63 4 107
164 0 94 14 108
170 0 175 4 109
178 0 218 14 110
153 0 40 14 111
164 0 81 4 112
173 0 238 14 113
162 0 83 14 114
161 0 152 4 115
161 0 322 14 116
173 0 103 4 117
176 0 201 4 118
178 0 227 14 119
159 0 49 14 120
161 0 59 14 121
166 0 72 14 122
174 0 94 4 123
174 0 281 14 124
167 0 76 4 125
176 0 105 4 126
189 0 181 4 127
188 0 207 14 128
183 0 242 14 129
166 0 59 4 130
166 0 76 14 131
178 0 117 4 132
176 0 87 4 133
191 0 209 14 134
186 0 227 14 135
178 0 157 4 136
178 0 162 14 137
181 0 199 14 138
201 0 200 14 139
193 0 220 14 140
193 0 242 14 141
197 0 232 14 142
184 0 178 14 143
179 0 35 14 144
181 0 73 14 145
192 0 85 4 146
181 0 67 4 147
184 0 93 14 148
193 0 194 4 149
186 0 64 14 150
184 0 69 4 151
189 0 286 14 152
204 0 214 14 153
186 0 58 14 154
186 0 192 4 155
194 0 73 4 156
206 0 224 14 157
194 0 328 14 158
191 0 206 4 159
194 0 67 4 160
205 0 227 4 161
203 0 89 4 162
202 0 68 14 163
202 0 31 14 164
200 0 47 4 165
217 0 238 14 166
207 0 292 14 167
213 0 93 4 168
218 0 83 4 169
210 0 58 4 170
208 0 56 14 171
214 0 88 4 172
213 0 157 4 173
210 0 156 4 174
215 0 177 4 175
214 0 186 4 176
210 0 186 4 177
209 0 196 4 178
211 0 209 14 179
224 0 239 14 180
214 0 73 14 181
218 0 60 4 182
223 0 107 4 183
218 0 69 4 184
220 0 156 4 185
222 0 227 14 186
226 0 331 14 187
220 0 34 4 188
224 0 153 4 189
225 0 219 14 190
231 0 93 4 191
231 0 83 4 192
229 0 66 14 193
233 0 103 4 194
234 0 76 4 195
234 0 82 4 196
229 0 146 4 197
232 0 168 4 198
233 0 179 4 199
229 0 176 4 200
230 0 186 4 201
229 0 196 4 202
230 0 207 4 203
233 0 224 4 204
237 0 90 4 205
238 0 82 4 206
238 0 91 4 207
233 0 66 4 208
235 0 90 4 209
236 0 293 14 210
243 0 89 4 211
237 0 56 4 212
241 0 90 4 213
241 0 94 4 214
238 0 219 4 215
242 0 60 14 216
241 0 31 14 217
242 0 52 14 218
247 0 113 4 219
249 0 225 14 220
248 0 75 4 221
251 0 88 4 222
250 0 215 14 223
254 0 329 14 224
255 0 98 4 225
251 0 202 4 226
256 0 94 4 227
251 0 70 4 228
256 0 86 4 229
257 0 99 4 230
255 0 208 4 231
258 0 87 4 232
260 0 105 4 233
259 0 76 4 234
258 0 198 4 235
260 0 72 4 236
262 0 119 14 237
260 0 84 4 238
260 0 186 4 239
261 0 53 4 240
268 0 137 14 241
266 0 96 4 242
266 0 103 4 243
263 0 177 4 244
265 0 58 14 245
264 0 222 4 246
267 0 68 4 247
268 0 189 14 248
269 0 223 14 249
269 0 241 14 250
267 0 55 14 251
267 0 68 4 252
270 0 128 4 253
267 0 283 14 254
271 0 192 14 255
270 0 215 14 256
272 0 85 4 257
275 0 188 14 258
274 0 198 4 259
274 0 229 14 260
277 0 94 4 261
277 0 99 4 262
278 0 242 14 263
278 0 101 4 264
278 0 154 4 265
277 0 182 4 266
280 0 96 4 267
279 0 319 14 268
279 0 73 4 269
282 0 108 4 270
280 0 179 4 271
282 0 227 14 272
281 0 55 4 273
283 0 97 4 274
284 0 90 4 275
285 0 188 14 276
285 0 97 4 277
286 0 241 14 278
285 0 164 4 279
286 0 218 14 280
286 0 39 14 281
286 0 71 4 282
288 0 75 14 283
287 0 195 4 284
288 0 160 4 285
289 0 278 14 286
290 0 65 14 287
291 0 145 14 288
291 0 180 4 289
290 0 221 4 290
291 0 237 14 291
293 0 144 14 292
294 0 212 14 293
295 0 114 4 294
295 0 196 14 295
297 0 116 4 296
299 0 45 14 297
299 0 75 4 298
299 0 94 4 299
299 0 199 4 300
301 0 111 4 301
300 0 237 14 302
301 0 224 14 303
300 0 316 14 304
303 0 67 4 305
303 0 104 4 306
303 0 111 4 307
303 0 204 4 308
303 0 234 14 309
306 0 96 4 310
307 0 79 14 311
305 0 266 14 312
306 0 241 14 313
307 0 96 4 314
307 0 142 4 315
308 0 126 4 316
308 0 109 4 317
310 0 144 4 318
314 0 99 14 319
317 0 88 4 320
315 0 131 4 321
319 0 52 14 322
317 0 98 4 323
316 0 119 4 324
316 0 248 14 325
321 0 302 14 326
317 0 136 4 327
319 0 162 14 328
318 0 142 14 329
323 0 85 14 330
318 0 150 14 331
318 0 170 14 332
319 0 160 14 333
324 0 118 4 334
321 0 170 14 335
323 0 165 4 336
326 0 114 4 337
324 0 233 14 338
327 0 69 4 339
329 0 120 14 340
323 0 200 14 341
329 0 107 4 342
332 0 92 14 343
332 0 110 4 344
330 0 132 4 345
330 0 141 4 346
329 0 157 4 347
327 0 217 14 348
333 0 128 4 349
331 0 146 4 350
330 0 183 14 351
333 0 146 14 352
336 0 147 4 353
336 0 291 14 354
337 0 124 4 355
339 0 79 4 356
339 0 137 14 357
334 0 193 14 358
332 0 165 14 359
336 0 169 14 360
335 0 199 14 361
339 0 132 4 362
341 0 159 14 363
337 0 208 14 364
335 0 169 14 365
345 0 128 4 366
342 0 160 4 367
346 0 116 14 368
344 0 148 14 369
342 0 181 4 370
344 0 182 14 371
342 0 198 14 372
349 0 93 4 373
342 0 179 14 374
343 0 183 14 375
349 0 168 4 376
350 0 166 4 377
349 0 186 4 378
352 0 146 4 379
355 0 131 14 380
355 0 174 14 381
359 0 137 4 382
354 0 170 14 383
355 0 178 4 384
348 0 273 14 385
357 0 144 14 386
359 0 159 14 387
361 0 174 4 388
363 0 165 4 389
363 0 112 4 390
365 0 162 4 391
356 0 258 14 392
377 0 135 14 393
379 0 222 14 394
382 0 159 14 395
384 0 185 14 396
46 0 20 14 397
62 0 20 14 398
76 0 24 4 399
89 0 20 14 400
104 0 20 14 401
117 0 24 4 402
132 0 20 14 403
147 0 20 14 404
174 0 20 14 405
193 0 20 14 406
212 0 20 14 407
226 0 20 14 408
245 0 20 14 409
261 0 20 14 410
276 0 20 14 411
299 0 20 14 412
318 0 20 14 413
333 0 20 14 414
349 0 20 14 415
364 0 20 14 416
380 0 20 14 417
393 0 21 14 418
397 0 33 14 419
397 0 48 14 420
397 0 64 14 421
397 0 79 14 422
397 0 95 14 423
397 0 110 14 424
397 0 126 14 425
397 0 145 14 426
397 0 164 14 427
397 0 182 14 428
397 0 197 14 429
397 0 213 14 430
397 0 232 14 431
397 0 247 14 432
397 0 263 14 433
397 0 278 14 434
397 0 294 14 435
397 0 309 14 436
396 0 323 14 437
392 0 335 14 438
382 0 340 14 439
367 0 340 14 440
352 0 340 14 441
337 0 336 14 442
324 0 340 14 443
309 0 340 14 444
290 0 340 14 445
274 0 340 14 446
263 0 336 14 447
243 0 340 14 448
231 0 336 14 449
213 0 340 14 450
198 0 340 14 451
179 0 340 14 452
163 0 340 14 453
144 0 340 14 454
129 0 340 14 455
110 0 340 14 456
94 0 340 14 457
79 0 340 14 458
63 0 340 14 459
50 0 339 14 460
46 0 327 14 461
43 0 315 14 462
43 0 299 14 463
43 0 284 14 464
43 0 269 14 465
43 0 253 14 466
43 0 238 14 467
43 0 219 14 468
43 0 203 14 469
43 0 188 14 470
43 0 166 14 471
43 0 147 14 472
43 0 128 14 473
43 0 109 14 474
43 0 93 14 475
43 0 78 14 476
43 0 62 14 477
43 0 47 14 478
43 0 31 14 479
