480
54 0 196 14 0
55 0 163 14 1
56 0 237 14 2
56 0 140 14 3
59 0 116 14 4
98 0 274 4 5
107 0 259 4 6
60 0 178 14 7
103 0 235 4 8
106 0 249 14 9
171 0 240 14 10
114 0 245 4 11
116 0 258 14 12
81 0 89 14 13
126 0 191 14 14
99 0 290 4 15
177 0 247 14 16
119 0 231 4 17
111 0 223 4 18
181 0 245 14 19
181 0 255 14 20
126 0 258 4 21
114 0 238 14 22
128 0 180 4 23
123 0 208 14 24
118 0 212 4 25
79 0 102 4 26
182 0 239 14 27
135 0 190 4 28
136 0 237 4 29
133 0 166 4 30
147 0 199 4 31
89 0 72 14 32
94 0 98 4 33
197 0 239 14 34
192 0 238 14 35
135 0 176 14 36
125 0 199 4 37
157 0 193 4 38
187 0 248 14 39
89 0 88 4 40
150 0 171 14 41
168 0 204 4 42
146 0 191 14 43
139 0 151 4 44
111 0 295 14 45
100 0 88 14 46
205 0 244 14 47
176 0 212 4 48
142 0 211 14 49
129 0 230 4 50
111 0 95 4 51
158 0 176 4 52
104 0 74 14 53
190 0 248 14 54
125 0 238 14 55
104 0 82 4 56
148 0 171 4 57
164 0 180 14 58
114 0 61 4 59
189 0 202 14 60
171 0 190 14 61
116 0 81 4 62
114 0 89 14 63
200 0 241 14 64
133 0 263 14 65
146 0 138 4 66
116 0 75 14 67
151 0 137 14 68
160 0 155 14 69
128 0 95 4 70
167 0 156 4 71
216 0 242 14 72
130 0 80 4 73
140 0 273 4 74
129 0 70 14 75
153 0 125 4 76
144 0 236 14 77
134 0 314 14 78
133 0 84 14 79
141 0 223 4 80
186 0 263 14 81
135 0 46 14 82
132 0 64 4 83
179 0 142 4 84
197 0 270 14 85
144 0 92 4 86
166 0 129 4 87
160 0 122 14 88
152 0 238 4 89
170 0 143 14 90
192 0 257 14 91
145 0 70 14 92
148 0 85 14 93
204 0 260 14 94
143 0 261 14 95
146 0 80 4 96
210 0 261 14 97
190 0 270 14 98
154 0 173 14 99
201 0 269 14 100
164 0 108 4 101
149 0 61 4 102
217 0 254 14 103
162 0 88 4 104
209 0 270 14 105
180 0 139 4 106
163 0 74 4 107
177 0 122 14 108
192 0 204 4 109
210 0 262 14 110
149 0 43 14 111
176 0 106 4 112
197 0 268 14 113
171 0 104 14 114
167 0 161 4 115
167 0 318 14 116
192 0 146 4 117
199 0 234 4 118
204 0 260 14 119
159 0 47 14 120
164 0 66 14 121
175 0 90 14 122
193 0 135 4 123
193 0 293 14 124
173 0 88 4 125
193 0 143 4 126
223 0 232 4 127
222 0 257 14 128
210 0 276 14 129
168 0 61 4 130
170 0 83 14 131
194 0 156 4 132
189 0 115 4 133
221 0 253 14 134
211 0 260 14 135
192 0 173 4 136
187 0 174 14 137
194 0 219 14 138
237 0 254 14 139
219 0 258 14 140
219 0 276 14 141
226 0 272 14 142
195 0 192 14 143
181 0 41 14 144
184 0 82 14 145
209 0 131 4 146
183 0 75 4 147
190 0 111 14 148
211 0 220 4 149
195 0 88 14 150
189 0 88 4 151
200 0 292 14 152
231 0 255 14 153
188 0 65 14 154
187 0 194 4 155
202 0 95 4 156
230 0 259 14 157
201 0 320 14 158
193 0 208 4 159
199 0 76 4 160
220 0 248 4 161
210 0 108 4 162
205 0 80 14 163
204 0 39 14 164
198 0 56 4 165
236 0 267 14 166
211 0 297 14 167
222 0 138 4 168
232 0 138 4 169
214 0 74 4 170
210 0 65 14 171
222 0 132 4 172
219 0 176 4 173
211 0 160 4 174
222 0 194 4 175
220 0 202 4 176
211 0 187 4 177
209 0 197 4 178
215 0 215 14 179
245 0 270 14 180
219 0 91 14 181
224 0 87 4 182
235 0 151 4 183
220 0 83 4 184
225 0 173 4 185
231 0 242 14 186
234 0 321 14 187
221 0 51 4 188
227 0 165 4 189
229 0 225 14 190
240 0 149 4 191
239 0 135 4 192
232 0 83 14 193
242 0 160 4 194
240 0 125 4 195
240 0 131 4 196
230 0 150 4 197
236 0 186 4 198
238 0 198 4 199
229 0 178 4 200
231 0 187 4 201
229 0 198 4 202
232 0 210 4 203
238 0 237 4 204
245 0 145 4 205
245 0 135 4 206
245 0 142 4 207
234 0 76 4 208
240 0 126 4 209
240 0 297 14 210
250 0 148 4 211
238 0 60 4 212
246 0 132 4 213
246 0 137 4 214
240 0 223 4 215
245 0 76 14 216
240 0 40 14 217
244 0 65 14 218
253 0 164 4 219
254 0 243 14 220
248 0 89 4 221
254 0 126 4 222
252 0 229 14 223
259 0 321 14 224
261 0 155 4 225
251 0 208 4 226
262 0 150 4 227
252 0 76 4 228
262 0 136 4 229
262 0 148 4 230
258 0 232 4 231
263 0 131 4 232
266 0 168 4 233
263 0 120 4 234
260 0 218 4 235
263 0 103 4 236
269 0 188 14 237
264 0 115 4 238
261 0 201 4 239
262 0 57 4 240
278 0 227 14 241
271 0 150 4 242
272 0 160 4 243
265 0 190 4 244
267 0 75 14 245
266 0 250 4 246
272 0 117 4 247
272 0 228 14 248
274 0 264 14 249
274 0 273 14 250
267 0 64 14 251
268 0 84 4 252
276 0 187 4 253
267 0 289 14 254
277 0 246 14 255
274 0 256 14 256
274 0 112 4 257
281 0 247 14 258
277 0 228 4 259
278 0 266 14 260
279 0 136 4 261
279 0 142 4 262
282 0 276 14 263
280 0 136 4 264
280 0 168 4 265
279 0 200 4 266
285 0 146 4 267
280 0 308 14 268
280 0 77 4 269
285 0 148 4 270
281 0 180 4 271
284 0 260 14 272
282 0 59 4 273
286 0 141 4 274
286 0 135 4 275
289 0 247 14 276
287 0 129 4 277
289 0 273 14 278
286 0 179 4 279
290 0 262 14 280
286 0 43 14 281
287 0 88 4 282
289 0 85 14 283
287 0 197 4 284
288 0 161 4 285
291 0 291 14 286
289 0 69 14 287
293 0 207 14 288
291 0 199 4 289
291 0 247 4 290
292 0 265 14 291
295 0 226 14 292
295 0 263 14 293
296 0 164 4 294
296 0 218 14 295
297 0 159 4 296
299 0 45 14 297
299 0 81 4 298
300 0 101 4 299
298 0 214 4 300
301 0 152 4 301
300 0 265 14 302
300 0 262 14 303
300 0 315 14 304
302 0 66 4 305
302 0 143 4 306
302 0 149 4 307
302 0 208 4 308
301 0 268 14 309
304 0 129 4 310
307 0 79 14 311
302 0 286 14 312
302 0 273 14 313
305 0 136 4 314
305 0 180 4 315
304 0 170 4 316
305 0 154 4 317
307 0 201 4 318
314 0 102 14 319
316 0 92 4 320
311 0 165 4 321
321 0 48 14 322
315 0 109 4 323
314 0 145 4 324
313 0 269 14 325
321 0 301 14 326
312 0 180 4 327
315 0 197 14 328
313 0 202 14 329
324 0 89 14 330
312 0 228 14 331
312 0 241 14 332
312 0 239 14 333
321 0 160 4 334
313 0 246 14 335
317 0 218 4 336
323 0 143 4 337
319 0 265 14 338
325 0 73 4 339
329 0 121 14 340
316 0 254 14 341
329 0 121 4 342
334 0 97 14 343
332 0 111 4 344
327 0 154 4 345
327 0 161 4 346
326 0 183 4 347
320 0 261 14 348
328 0 161 4 349
325 0 195 4 350
321 0 242 14 351
327 0 184 14 352
332 0 170 4 353
332 0 297 14 354
335 0 139 4 355
339 0 85 4 356
339 0 141 14 357
327 0 246 14 358
320 0 244 14 359
330 0 208 14 360
327 0 254 14 361
336 0 153 4 362
337 0 180 14 363
328 0 259 14 364
323 0 245 14 365
344 0 129 4 366
337 0 192 4 367
347 0 116 14 368
342 0 161 14 369
336 0 220 4 370
341 0 205 14 371
335 0 249 14 372
350 0 100 4 373
333 0 240 14 374
333 0 247 14 375
345 0 187 4 376
350 0 175 4 377
347 0 213 4 378
351 0 150 4 379
355 0 134 14 380
354 0 186 14 381
364 0 143 4 382
350 0 192 14 383
354 0 201 4 384
337 0 285 14 385
358 0 152 14 386
359 0 170 14 387
362 0 190 4 388
365 0 177 4 389
362 0 119 4 390
365 0 165 4 391
341 0 276 14 392
383 0 141 14 393
384 0 231 14 394
385 0 164 14 395
386 0 189 14 396
57 0 35 14 397
70 0 35 14 398
82 0 46 4 399
89 0 35 14 400
102 0 35 14 401
107 0 46 4 402
120 0 35 14 403
133 0 35 14 404
172 0 35 14 405
193 0 35 14 406
215 0 35 14 407
227 0 35 14 408
249 0 35 14 409
262 0 35 14 410
276 0 35 14 411
306 0 35 14 412
327 0 35 14 413
341 0 35 14 414
354 0 35 14 415
367 0 35 14 416
380 0 35 14 417
390 0 39 14 418
391 0 50 14 419
391 0 64 14 420
391 0 77 14 421
391 0 90 14 422
391 0 104 14 423
391 0 117 14 424
391 0 130 14 425
391 0 152 14 426
391 0 173 14 427
391 0 194 14 428
391 0 207 14 429
391 0 221 14 430
391 0 242 14 431
391 0 256 14 432
391 0 269 14 433
391 0 282 14 434
391 0 296 14 435
391 0 309 14 436
387 0 318 14 437
379 0 323 14 438
368 0 325 14 439
355 0 325 14 440
341 0 325 14 441
331 0 315 14 442
323 0 325 14 443
310 0 325 14 444
288 0 325 14 445
275 0 325 14 446
271 0 315 14 447
248 0 325 14 448
243 0 315 14 449
222 0 325 14 450
209 0 325 14 451
188 0 325 14 452
174 0 325 14 453
153 0 325 14 454
140 0 325 14 455
118 0 325 14 456
105 0 325 14 457
91 0 325 14 458
78 0 325 14 459
66 0 324 14 460
57 0 320 14 461
49 0 315 14 462
49 0 301 14 463
49 0 288 14 464
49 0 275 14 465
49 0 262 14 466
49 0 248 14 467
49 0 227 14 468
49 0 213 14 469
49 0 200 14 470
49 0 171 14 471
49 0 149 14 472
49 0 128 14 473
49 0 106 14 474
49 0 93 14 475
49 0 79 14 476
49 0 66 14 477
49 0 53 14 478
49 0 40 14 479
