480
55 0 195 14 0
55 0 163 14 1
57 0 235 14 2
58 0 140 14 3
61 0 116 14 4
94 0 269 4 5
103 0 245 4 6
62 0 175 14 7
100 0 223 4 8
102 0 236 14 9
158 0 224 14 10
110 0 232 4 11
112 0 244 14 12
82 0 90 14 13
120 0 183 14 14
97 0 287 4 15
164 0 230 14 16
114 0 219 4 17
108 0 213 4 18
167 0 227 14 19
168 0 238 14 20
121 0 244 4 21
110 0 228 14 22
122 0 173 4 23
119 0 200 14 24
114 0 204 4 25
81 0 103 4 26
169 0 223 14 27
129 0 183 4 28
130 0 225 4 29
127 0 159 4 30
140 0 190 4 31
90 0 73 14 32
95 0 99 4 33
183 0 220 14 34
178 0 219 14 35
130 0 170 14 36
121 0 193 4 37
149 0 181 4 38
175 0 232 14 39
91 0 90 4 40
143 0 162 14 41
159 0 192 4 42
140 0 183 14 43
134 0 144 4 44
110 0 295 14 45
101 0 88 14 46
191 0 225 14 47
166 0 199 4 48
137 0 205 14 49
126 0 224 4 50
111 0 95 4 51
151 0 167 4 52
105 0 75 14 53
179 0 234 14 54
123 0 233 14 55
105 0 83 4 56
143 0 164 4 57
157 0 170 14 58
114 0 61 4 59
178 0 186 14 60
163 0 180 14 61
116 0 81 4 62
115 0 89 14 63
188 0 225 14 64
131 0 258 14 65
143 0 133 4 66
117 0 77 14 67
147 0 131 14 68
154 0 148 14 69
127 0 95 4 70
161 0 148 4 71
203 0 224 14 72
130 0 80 4 73
139 0 269 4 74
129 0 70 14 75
149 0 120 4 76
142 0 233 14 77
133 0 314 14 78
133 0 83 14 79
140 0 220 4 80
179 0 254 14 81
136 0 46 14 82
133 0 65 4 83
173 0 132 4 84
189 0 259 14 85
143 0 90 4 86
162 0 122 4 87
157 0 118 14 88
150 0 235 4 89
165 0 137 14 90
185 0 247 14 91
145 0 70 14 92
147 0 84 14 93
195 0 248 14 94
143 0 261 14 95
146 0 80 4 96
201 0 248 14 97
183 0 263 14 98
153 0 172 14 99
193 0 259 14 100
162 0 104 4 101
149 0 61 4 102
207 0 240 14 103
160 0 85 4 104
201 0 259 14 105
176 0 133 4 106
162 0 71 4 107
174 0 115 14 108
186 0 196 4 109
202 0 250 14 110
150 0 43 14 111
173 0 100 4 112
191 0 260 14 113
169 0 98 14 114
165 0 159 4 115
165 0 319 14 116
187 0 135 4 117
193 0 225 4 118
197 0 252 14 119
159 0 47 14 120
163 0 64 14 121
173 0 86 14 122
188 0 125 4 123
189 0 290 14 124
172 0 85 4 125
189 0 133 4 126
215 0 219 4 127
214 0 244 14 128
203 0 267 14 129
167 0 61 4 130
169 0 81 14 131
190 0 146 4 132
185 0 108 4 133
214 0 242 14 134
205 0 252 14 135
189 0 169 4 136
184 0 171 14 137
190 0 214 14 138
228 0 240 14 139
212 0 248 14 140
212 0 267 14 141
219 0 262 14 142
192 0 188 14 143
180 0 39 14 144
183 0 79 14 145
205 0 119 4 146
183 0 73 4 147
188 0 106 14 148
206 0 213 4 149
193 0 82 14 150
188 0 83 4 151
197 0 291 14 152
224 0 244 14 153
188 0 64 14 154
187 0 193 4 155
200 0 90 4 156
224 0 250 14 157
199 0 322 14 158
192 0 207 4 159
198 0 73 4 160
216 0 243 4 161
208 0 103 4 162
204 0 77 14 163
204 0 37 14 164
199 0 53 4 165
231 0 260 14 166
210 0 296 14 167
220 0 126 4 168
229 0 124 4 169
213 0 70 4 170
209 0 62 14 171
220 0 120 4 172
218 0 171 4 173
211 0 159 4 174
220 0 189 4 175
219 0 198 4 176
211 0 187 4 177
209 0 197 4 178
214 0 213 14 179
240 0 262 14 180
218 0 86 14 181
222 0 80 4 182
232 0 140 4 183
220 0 79 4 184
224 0 169 4 185
229 0 238 14 186
232 0 324 14 187
221 0 47 4 188
226 0 162 4 189
228 0 224 14 190
237 0 135 4 191
237 0 122 4 192
231 0 79 14 193
240 0 145 4 194
238 0 113 4 195
238 0 119 4 196
230 0 149 4 197
235 0 181 4 198
237 0 193 4 199
229 0 178 4 200
231 0 187 4 201
229 0 198 4 202
231 0 210 4 203
236 0 234 4 204
243 0 131 4 205
243 0 121 4 206
243 0 129 4 207
234 0 74 4 208
239 0 116 4 209
239 0 296 14 210
248 0 133 4 211
238 0 59 4 212
245 0 121 4 213
245 0 126 4 214
239 0 222 4 215
244 0 72 14 216
240 0 37 14 217
243 0 62 14 218
251 0 151 4 219
252 0 238 14 220
248 0 85 4 221
253 0 116 4 222
252 0 225 14 223
258 0 323 14 224
260 0 140 4 225
251 0 206 4 226
260 0 135 4 227
252 0 75 4 228
261 0 123 4 229
261 0 136 4 230
257 0 226 4 231
262 0 120 4 232
265 0 152 4 233
262 0 108 4 234
260 0 213 4 235
262 0 95 4 236
267 0 171 14 237
263 0 107 4 238
261 0 197 4 239
262 0 56 4 240
276 0 204 14 241
270 0 136 4 242
271 0 145 4 243
264 0 186 4 244
266 0 70 14 245
265 0 243 4 246
271 0 105 4 247
271 0 218 14 248
272 0 253 14 249
272 0 265 14 250
267 0 62 14 251
268 0 80 4 252
275 0 173 4 253
267 0 287 14 254
276 0 232 14 255
273 0 245 14 256
274 0 105 4 257
279 0 232 14 258
276 0 220 4 259
277 0 257 14 260
279 0 126 4 261
279 0 131 4 262
281 0 267 14 263
279 0 127 4 264
279 0 164 4 265
278 0 195 4 266
284 0 133 4 267
280 0 311 14 268
280 0 76 4 269
284 0 138 4 270
281 0 180 4 271
283 0 252 14 272
282 0 58 4 273
285 0 129 4 274
286 0 123 4 275
288 0 232 14 276
286 0 121 4 277
288 0 265 14 278
286 0 175 4 279
289 0 250 14 280
286 0 42 14 281
287 0 84 4 282
289 0 83 14 283
287 0 197 4 284
288 0 161 4 285
290 0 288 14 286
289 0 68 14 287
292 0 191 14 288
291 0 194 4 289
291 0 240 4 290
292 0 258 14 291
294 0 204 14 292
295 0 250 14 293
296 0 151 4 294
296 0 213 14 295
297 0 148 4 296
299 0 45 14 297
299 0 80 4 298
300 0 100 4 299
298 0 210 4 300
301 0 142 4 301
300 0 258 14 302
300 0 252 14 303
300 0 315 14 304
302 0 66 4 305
302 0 133 4 306
302 0 139 4 307
302 0 207 4 308
302 0 259 14 309
305 0 121 4 310
307 0 79 14 311
303 0 281 14 312
303 0 265 14 313
305 0 126 4 314
306 0 170 4 315
305 0 158 4 316
306 0 143 4 317
308 0 186 4 318
314 0 101 14 319
316 0 91 4 320
312 0 156 4 321
321 0 49 14 322
316 0 106 4 323
314 0 138 4 324
314 0 264 14 325
321 0 301 14 326
313 0 170 4 327
316 0 188 14 328
315 0 186 14 329
324 0 88 14 330
313 0 208 14 331
313 0 223 14 332
314 0 219 14 333
322 0 149 4 334
315 0 226 14 335
318 0 204 4 336
324 0 135 4 337
320 0 257 14 338
325 0 72 4 339
329 0 121 14 340
318 0 240 14 341
329 0 118 4 342
333 0 96 14 343
332 0 111 4 344
328 0 148 4 345
328 0 156 4 346
327 0 177 4 347
322 0 250 14 348
329 0 152 4 349
326 0 182 4 350
323 0 227 14 351
328 0 175 14 352
333 0 164 4 353
333 0 295 14 354
335 0 135 4 355
339 0 83 4 356
339 0 140 14 357
329 0 233 14 358
323 0 223 14 359
332 0 198 14 360
329 0 240 14 361
337 0 148 4 362
338 0 174 14 363
330 0 246 14 364
326 0 225 14 365
344 0 129 4 366
338 0 184 4 367
347 0 116 14 368
343 0 158 14 369
337 0 210 4 370
342 0 199 14 371
337 0 236 14 372
350 0 99 4 373
335 0 224 14 374
336 0 231 14 375
346 0 182 4 376
350 0 173 4 377
347 0 206 4 378
351 0 149 4 379
355 0 133 14 380
354 0 183 14 381
363 0 141 4 382
351 0 186 14 383
354 0 195 4 384
340 0 282 14 385
358 0 150 14 386
359 0 167 14 387
362 0 186 4 388
364 0 174 4 389
362 0 117 4 390
365 0 165 4 391
344 0 271 14 392
382 0 140 14 393
383 0 229 14 394
384 0 163 14 395
385 0 188 14 396
54 0 31 14 397
68 0 31 14 398
81 0 41 4 399
89 0 31 14 400
103 0 31 14 401
110 0 41 4 402
123 0 31 14 403
137 0 31 14 404
172 0 31 14 405
193 0 31 14 406
214 0 31 14 407
227 0 31 14 408
248 0 31 14 409
262 0 31 14 410
276 0 31 14 411
304 0 31 14 412
325 0 31 14 413
339 0 31 14 414
353 0 31 14 415
366 0 31 14 416
380 0 31 14 417
391 0 34 14 418
393 0 46 14 419
393 0 60 14 420
393 0 74 14 421
393 0 87 14 422
393 0 101 14 423
393 0 115 14 424
393 0 129 14 425
393 0 150 14 426
393 0 171 14 427
393 0 191 14 428
393 0 205 14 429
393 0 219 14 430
393 0 240 14 431
393 0 253 14 432
393 0 267 14 433
393 0 281 14 434
393 0 295 14 435
393 0 309 14 436
389 0 319 14 437
382 0 326 14 438
372 0 329 14 439
358 0 329 14 440
344 0 329 14 441
332 0 321 14 442
323 0 329 14 443
310 0 329 14 444
289 0 329 14 445
275 0 329 14 446
269 0 321 14 447
247 0 329 14 448
240 0 321 14 449
220 0 329 14 450
206 0 329 14 451
185 0 329 14 452
172 0 329 14 453
151 0 329 14 454
137 0 329 14 455
116 0 329 14 456
102 0 329 14 457
88 0 329 14 458
74 0 329 14 459
62 0 328 14 460
54 0 321 14 461
47 0 315 14 462
47 0 301 14 463
47 0 287 14 464
47 0 273 14 465
47 0 259 14 466
47 0 246 14 467
47 0 225 14 468
47 0 211 14 469
47 0 197 14 470
47 0 170 14 471
47 0 149 14 472
47 0 128 14 473
47 0 107 14 474
47 0 93 14 475
47 0 79 14 476
47 0 65 14 477
47 0 51 14 478
47 0 38 14 479
