480
57 0 194 14 0
57 0 163 14 1
61 0 227 14 2
62 0 140 14 3
67 0 115 14 4
83 0 256 4 5
89 0 201 4 6
70 0 165 14 7
89 0 184 4 8
90 0 199 14 9
119 0 176 14 10
96 0 191 4 11
97 0 201 14 12
84 0 93 14 13
102 0 161 14 14
91 0 277 4 15
124 0 180 14 16
100 0 183 4 17
98 0 183 4 18
126 0 175 14 19
128 0 187 14 20
105 0 201 4 21
100 0 196 14 22
106 0 154 4 23
105 0 175 14 24
102 0 180 4 25
88 0 108 4 26
130 0 174 14 27
112 0 163 4 28
112 0 191 4 29
111 0 137 4 30
117 0 162 4 31
94 0 75 14 32
97 0 101 4 33
139 0 161 14 34
136 0 164 14 35
114 0 149 14 36
110 0 177 4 37
124 0 148 4 38
137 0 183 14 39
97 0 98 4 40
123 0 135 14 41
130 0 154 4 42
122 0 162 14 43
120 0 125 4 44
108 0 294 14 45
105 0 89 14 46
147 0 168 14 47
136 0 159 4 48
122 0 186 14 49
117 0 205 4 50
111 0 94 4 51
130 0 138 4 52
109 0 79 14 53
144 0 189 14 54
117 0 220 14 55
109 0 86 4 56
127 0 143 4 57
134 0 137 14 58
115 0 61 4 59
145 0 140 14 60
138 0 145 14 61
116 0 82 4 62
116 0 90 14 63
152 0 178 14 64
124 0 242 14 65
131 0 116 4 66
119 0 82 14 67
133 0 112 14 68
138 0 125 14 69
126 0 93 4 70
143 0 121 4 71
164 0 169 14 72
129 0 79 4 73
134 0 256 4 74
129 0 69 14 75
139 0 107 4 76
135 0 224 14 77
132 0 313 14 78
133 0 79 14 79
136 0 214 4 80
156 0 226 14 81
136 0 47 14 82
135 0 68 4 83
154 0 103 4 84
161 0 225 14 85
141 0 85 4 86
149 0 103 4 87
147 0 103 14 88
144 0 225 4 89
151 0 121 14 90
161 0 216 14 91
143 0 69 14 92
144 0 80 14 93
168 0 212 14 94
143 0 260 14 95
145 0 79 4 96
172 0 208 14 97
164 0 238 14 98
150 0 168 14 99
169 0 229 14 100
155 0 92 4 101
150 0 59 4 102
177 0 197 14 103
155 0 75 4 104
175 0 225 14 105
164 0 113 4 106
158 0 63 4 107
164 0 93 14 108
169 0 173 4 109
177 0 216 14 110
153 0 40 14 111
164 0 79 4 112
172 0 237 14 113
162 0 82 14 114
160 0 151 4 115
161 0 322 14 116
172 0 101 4 117
175 0 200 4 118
176 0 225 14 119
159 0 49 14 120
161 0 59 14 121
166 0 71 14 122
173 0 92 4 123
174 0 281 14 124
167 0 75 4 125
175 0 103 4 126
187 0 179 4 127
187 0 205 14 128
182 0 240 14 129
165 0 59 4 130
166 0 76 14 131
177 0 115 4 132
175 0 86 4 133
189 0 207 14 134
185 0 225 14 135
178 0 156 4 136
177 0 161 14 137
180 0 198 14 138
200 0 197 14 139
191 0 219 14 140
191 0 240 14 141
196 0 230 14 142
183 0 177 14 143
178 0 34 14 144
181 0 73 14 145
191 0 83 4 146
181 0 66 4 147
183 0 93 14 148
192 0 193 4 149
186 0 63 14 150
184 0 68 4 151
188 0 286 14 152
202 0 212 14 153
186 0 58 14 154
186 0 192 4 155
194 0 72 4 156
205 0 222 14 157
194 0 328 14 158
191 0 206 4 159
194 0 67 4 160
204 0 226 4 161
202 0 88 4 162
202 0 68 14 163
202 0 30 14 164
200 0 47 4 165
216 0 236 14 166
207 0 292 14 167
213 0 91 4 168
218 0 80 4 169
210 0 57 4 170
208 0 56 14 171
214 0 86 4 172
213 0 156 4 173
210 0 156 4 174
214 0 176 4 175
214 0 185 4 176
210 0 186 4 177
209 0 196 4 178
211 0 209 14 179
223 0 237 14 180
214 0 73 14 181
218 0 59 4 182
222 0 105 4 183
218 0 69 4 184
220 0 155 4 185
222 0 226 14 186
225 0 331 14 187
220 0 34 4 188
224 0 152 4 189
225 0 219 14 190
230 0 90 4 191
230 0 81 4 192
229 0 66 14 193
233 0 100 4 194
233 0 73 4 195
233 0 80 4 196
229 0 146 4 197
232 0 167 4 198
233 0 178 4 199
229 0 176 4 200
230 0 186 4 201
229 0 196 4 202
230 0 207 4 203
232 0 224 4 204
236 0 88 4 205
237 0 80 4 206
237 0 89 4 207
233 0 65 4 208
235 0 88 4 209
236 0 293 14 210
242 0 87 4 211
237 0 56 4 212
241 0 88 4 213
241 0 92 4 214
238 0 218 4 215
242 0 59 14 216
241 0 31 14 217
242 0 51 14 218
246 0 110 4 219
248 0 224 14 220
248 0 74 4 221
251 0 87 4 222
250 0 214 14 223
253 0 330 14 224
255 0 95 4 225
251 0 201 4 226
255 0 91 4 227
251 0 70 4 228
256 0 83 4 229
257 0 96 4 230
255 0 207 4 231
258 0 85 4 232
260 0 102 4 233
259 0 74 4 234
258 0 197 4 235
260 0 71 4 236
262 0 116 14 237
260 0 83 4 238
260 0 185 4 239
261 0 53 4 240
268 0 132 14 241
266 0 93 4 242
266 0 100 4 243
263 0 176 4 244
264 0 57 14 245
264 0 221 4 246
267 0 65 4 247
268 0 187 14 248
268 0 221 14 249
268 0 239 14 250
267 0 54 14 251
267 0 67 4 252
270 0 125 4 253
267 0 283 14 254
271 0 189 14 255
270 0 213 14 256
272 0 83 4 257
274 0 186 14 258
274 0 197 4 259
274 0 227 14 260
277 0 92 4 261
277 0 97 4 262
278 0 240 14 263
277 0 99 4 264
277 0 153 4 265
277 0 182 4 266
280 0 94 4 267
279 0 319 14 268
279 0 73 4 269
282 0 106 4 270
280 0 179 4 271
281 0 225 14 272
281 0 54 4 273
283 0 95 4 274
284 0 88 4 275
285 0 186 14 276
284 0 95 4 277
286 0 239 14 278
285 0 163 4 279
286 0 216 14 280
286 0 39 14 281
286 0 71 4 282
288 0 74 14 283
287 0 195 4 284
288 0 160 4 285
289 0 277 14 286
290 0 65 14 287
291 0 142 14 288
291 0 179 4 289
290 0 220 4 290
291 0 236 14 291
293 0 140 14 292
294 0 209 14 293
295 0 112 4 294
295 0 195 14 295
297 0 114 4 296
299 0 45 14 297
299 0 75 4 298
299 0 94 4 299
299 0 199 4 300
301 0 109 4 301
300 0 236 14 302
301 0 222 14 303
300 0 316 14 304
303 0 67 4 305
303 0 103 4 306
303 0 110 4 307
303 0 204 4 308
304 0 232 14 309
306 0 94 4 310
307 0 79 14 311
305 0 265 14 312
306 0 239 14 313
307 0 94 4 314
308 0 141 4 315
308 0 124 4 316
308 0 107 4 317
310 0 141 4 318
314 0 98 14 319
317 0 88 4 320
315 0 130 4 321
319 0 52 14 322
317 0 98 4 323
316 0 118 4 324
316 0 247 14 325
321 0 302 14 326
317 0 134 4 327
319 0 160 14 328
319 0 139 14 329
323 0 85 14 330
318 0 146 14 331
318 0 166 14 332
320 0 156 14 333
324 0 116 4 334
321 0 167 14 335
323 0 162 4 336
326 0 113 4 337
324 0 231 14 338
327 0 69 4 339
329 0 120 14 340
324 0 197 14 341
329 0 106 4 342
332 0 92 14 343
332 0 110 4 344
330 0 131 4 345
330 0 140 4 346
329 0 156 4 347
327 0 215 14 348
333 0 127 4 349
331 0 144 4 350
330 0 180 14 351
333 0 144 14 352
336 0 146 4 353
336 0 291 14 354
337 0 123 4 355
339 0 79 4 356
339 0 137 14 357
335 0 190 14 358
332 0 161 14 359
337 0 167 14 360
336 0 197 14 361
339 0 131 4 362
341 0 158 14 363
337 0 205 14 364
336 0 165 14 365
345 0 128 4 366
342 0 158 4 367
346 0 116 14 368
345 0 148 14 369
342 0 180 4 370
344 0 181 14 371
343 0 196 14 372
349 0 93 4 373
342 0 176 14 374
344 0 180 14 375
349 0 167 4 376
350 0 165 4 377
349 0 185 4 378
352 0 145 4 379
355 0 131 14 380
355 0 174 14 381
359 0 137 4 382
354 0 169 14 383
355 0 176 4 384
349 0 273 14 385
357 0 144 14 386
359 0 159 14 387
361 0 174 4 388
362 0 164 4 389
363 0 112 4 390
365 0 162 4 391
356 0 257 14 392
377 0 135 14 393
379 0 222 14 394
382 0 158 14 395
383 0 185 14 396
46 0 19 14 397
61 0 19 14 398
76 0 23 4 399
89 0 19 14 400
105 0 19 14 401
117 0 23 4 402
132 0 19 14 403
148 0 19 14 404
174 0 19 14 405
193 0 19 14 406
211 0 19 14 407
226 0 19 14 408
245 0 19 14 409
261 0 19 14 410
276 0 19 14 411
298 0 19 14 412
317 0 19 14 413
333 0 19 14 414
349 0 19 14 415
364 0 19 14 416
380 0 19 14 417
394 0 20 14 418
398 0 32 14 419
398 0 47 14 420
398 0 63 14 421
398 0 79 14 422
398 0 94 14 423
398 0 110 14 424
398 0 125 14 425
398 0 144 14 426
398 0 163 14 427
398 0 181 14 428
398 0 197 14 429
398 0 212 14 430
398 0 231 14 431
398 0 247 14 432
398 0 262 14 433
398 0 278 14 434
398 0 293 14 435
398 0 309 14 436
396 0 323 14 437
393 0 335 14 438
383 0 341 14 439
368 0 341 14 440
352 0 341 14 441
337 0 337 14 442
324 0 341 14 443
309 0 341 14 444
290 0 341 14 445
274 0 341 14 446
262 0 337 14 447
243 0 341 14 448
231 0 337 14 449
213 0 341 14 450
197 0 341 14 451
178 0 341 14 452
163 0 341 14 453
144 0 341 14 454
128 0 341 14 455
109 0 341 14 456
94 0 341 14 457
78 0 341 14 458
63 0 341 14 459
49 0 339 14 460
46 0 327 14 461
42 0 315 14 462
42 0 299 14 463
42 0 284 14 464
42 0 268 14 465
42 0 253 14 466
42 0 237 14 467
42 0 218 14 468
42 0 203 14 469
42 0 187 14 470
42 0 166 14 471
42 0 147 14 472
42 0 128 14 473
42 0 109 14 474
42 0 93 14 475
42 0 78 14 476
42 0 62 14 477
42 0 47 14 478
42 0 31 14 479
