480
54 0 196 14 0
54 0 163 14 1
55 0 240 14 2
55 0 140 14 3
56 0 116 14 4
102 0 278 4 5
112 0 275 4 6
57 0 180 14 7
107 0 249 4 8
110 0 262 14 9
185 0 258 14 10
119 0 260 4 11
122 0 274 14 12
81 0 88 14 13
132 0 199 14 14
101 0 293 4 15
192 0 265 14 16
124 0 244 4 17
115 0 234 4 18
196 0 264 14 19
196 0 273 14 20
131 0 274 4 21
117 0 249 14 22
133 0 186 4 23
128 0 218 14 24
122 0 221 4 25
77 0 100 4 26
196 0 257 14 27
141 0 198 4 28
142 0 249 4 29
138 0 174 4 30
155 0 209 4 31
87 0 72 14 32
94 0 98 4 33
213 0 260 14 34
206 0 258 14 35
140 0 182 14 36
129 0 205 4 37
166 0 205 4 38
201 0 266 14 39
86 0 85 4 40
157 0 180 14 41
178 0 218 4 42
152 0 199 14 43
144 0 158 4 44
111 0 296 14 45
99 0 88 14 46
220 0 265 14 47
187 0 226 4 48
147 0 218 14 49
132 0 237 4 50
111 0 95 4 51
166 0 186 4 52
103 0 72 14 53
203 0 264 14 54
127 0 242 14 55
102 0 81 4 56
153 0 178 4 57
172 0 191 14 58
114 0 61 4 59
201 0 219 14 60
180 0 202 14 61
115 0 81 4 62
114 0 89 14 63
213 0 258 14 64
135 0 269 14 65
151 0 144 4 66
115 0 73 14 67
156 0 143 14 68
165 0 163 14 69
128 0 96 4 70
174 0 165 4 71
229 0 262 14 72
130 0 80 4 73
142 0 278 4 74
128 0 70 14 75
156 0 129 4 76
146 0 240 14 77
134 0 314 14 78
133 0 85 14 79
142 0 225 4 80
194 0 273 14 81
135 0 46 14 82
131 0 63 4 83
186 0 152 4 84
207 0 282 14 85
145 0 94 4 86
170 0 136 4 87
164 0 128 14 88
155 0 242 4 89
175 0 149 14 90
201 0 268 14 91
146 0 70 14 92
149 0 86 14 93
214 0 273 14 94
143 0 262 14 95
146 0 80 4 96
220 0 275 14 97
197 0 279 14 98
155 0 174 14 99
209 0 280 14 100
166 0 112 4 101
149 0 62 4 102
227 0 269 14 103
163 0 91 4 104
219 0 282 14 105
185 0 147 4 106
165 0 77 4 107
181 0 130 14 108
198 0 213 4 109
219 0 274 14 110
148 0 44 14 111
180 0 113 4 112
204 0 276 14 113
173 0 110 14 114
168 0 164 4 115
168 0 316 14 116
198 0 158 4 117
206 0 243 4 118
211 0 270 14 119
159 0 46 14 120
165 0 68 14 121
178 0 96 14 122
198 0 147 4 123
199 0 296 14 124
175 0 91 4 125
198 0 153 4 126
233 0 247 4 127
232 0 271 14 128
218 0 286 14 129
168 0 62 4 130
171 0 85 14 131
199 0 167 4 132
192 0 123 4 133
230 0 266 14 134
218 0 270 14 135
196 0 178 4 136
189 0 178 14 137
197 0 224 14 138
248 0 269 14 139
225 0 268 14 140
225 0 286 14 141
234 0 283 14 142
197 0 197 14 143
181 0 43 14 144
185 0 84 14 145
214 0 144 4 146
184 0 78 4 147
191 0 116 14 148
216 0 227 4 149
197 0 95 14 150
191 0 93 4 151
202 0 294 14 152
239 0 267 14 153
189 0 67 14 154
187 0 195 4 155
205 0 101 4 156
237 0 269 14 157
203 0 318 14 158
193 0 209 4 159
200 0 78 4 160
223 0 254 4 161
212 0 113 4 162
206 0 83 14 163
205 0 42 14 164
198 0 58 4 165
242 0 276 14 166
212 0 298 14 167
225 0 150 4 168
237 0 154 4 169
215 0 79 4 170
210 0 67 14 171
225 0 144 4 172
220 0 180 4 173
211 0 162 4 174
224 0 199 4 175
221 0 207 4 176
211 0 188 4 177
209 0 197 4 178
216 0 216 14 179
251 0 279 14 180
220 0 96 14 181
226 0 94 4 182
238 0 163 4 183
221 0 87 4 184
227 0 178 4 185
234 0 246 14 186
236 0 319 14 187
221 0 55 4 188
228 0 169 4 189
230 0 227 14 190
242 0 165 4 191
241 0 149 4 192
233 0 87 14 193
244 0 176 4 194
241 0 139 4 195
241 0 145 4 196
230 0 151 4 197
237 0 191 4 198
240 0 204 4 199
229 0 179 4 200
231 0 188 4 201
229 0 199 4 202
232 0 211 4 203
239 0 240 4 204
247 0 160 4 205
247 0 150 4 206
247 0 156 4 207
234 0 79 4 208
241 0 136 4 209
241 0 299 14 210
252 0 164 4 211
238 0 62 4 212
248 0 143 4 213
248 0 149 4 214
240 0 225 4 215
246 0 81 14 216
240 0 42 14 217
244 0 69 14 218
254 0 178 4 219
255 0 248 14 220
249 0 92 4 221
255 0 136 4 222
253 0 233 14 223
261 0 318 14 224
263 0 171 4 225
252 0 210 4 226
263 0 165 4 227
252 0 78 4 228
264 0 151 4 229
264 0 162 4 230
259 0 238 4 231
264 0 143 4 232
268 0 185 4 233
264 0 132 4 234
261 0 224 4 235
264 0 111 4 236
271 0 208 14 237
265 0 123 4 238
261 0 206 4 239
262 0 58 4 240
281 0 253 14 241
273 0 166 4 242
274 0 176 4 243
265 0 194 4 244
267 0 79 14 245
266 0 258 4 246
273 0 131 4 247
273 0 240 14 248
275 0 275 14 249
275 0 283 14 250
268 0 67 14 251
268 0 89 4 252
278 0 205 4 253
268 0 290 14 254
279 0 261 14 255
275 0 267 14 256
275 0 120 4 257
282 0 263 14 258
278 0 236 4 259
279 0 277 14 260
280 0 148 4 261
280 0 154 4 262
283 0 286 14 263
280 0 146 4 264
280 0 171 4 265
279 0 205 4 266
286 0 160 4 267
280 0 305 14 268
280 0 78 4 269
286 0 159 4 270
281 0 181 4 271
284 0 270 14 272
282 0 60 4 273
287 0 153 4 274
287 0 147 4 275
290 0 263 14 276
287 0 138 4 277
290 0 283 14 278
286 0 182 4 279
291 0 274 14 280
287 0 44 14 281
287 0 92 4 282
289 0 88 14 283
287 0 198 4 284
288 0 161 4 285
291 0 295 14 286
289 0 71 14 287
293 0 224 14 288
292 0 204 4 289
291 0 254 4 290
292 0 273 14 291
295 0 249 14 292
295 0 278 14 293
296 0 178 4 294
296 0 224 14 295
298 0 171 4 296
299 0 45 14 297
299 0 83 4 298
300 0 103 4 299
298 0 218 4 300
302 0 164 4 301
300 0 273 14 302
300 0 272 14 303
299 0 315 14 304
302 0 66 4 305
302 0 154 4 306
302 0 159 4 307
302 0 210 4 308
301 0 278 14 309
304 0 138 4 310
307 0 79 14 311
301 0 292 14 312
301 0 283 14 313
304 0 147 4 314
305 0 189 4 315
303 0 181 4 316
304 0 167 4 317
306 0 218 4 318
314 0 103 14 319
316 0 94 4 320
310 0 174 4 321
321 0 47 14 322
315 0 112 4 323
313 0 152 4 324
312 0 275 14 325
322 0 301 14 326
310 0 193 4 327
314 0 207 14 328
312 0 219 14 329
324 0 90 14 330
310 0 251 14 331
310 0 261 14 332
310 0 262 14 333
320 0 171 4 334
310 0 268 14 335
315 0 234 4 336
322 0 151 4 337
317 0 275 14 338
324 0 74 4 339
329 0 122 14 340
314 0 269 14 341
328 0 125 4 342
334 0 98 14 343
332 0 111 4 344
326 0 160 4 345
326 0 167 4 346
325 0 190 4 347
318 0 274 14 348
327 0 170 4 349
323 0 209 4 350
319 0 259 14 351
325 0 195 14 352
331 0 176 4 353
331 0 298 14 354
334 0 144 4 355
338 0 86 4 356
338 0 143 14 357
325 0 261 14 358
316 0 266 14 359
329 0 219 14 360
325 0 269 14 361
335 0 159 4 362
336 0 185 14 363
326 0 274 14 364
320 0 267 14 365
344 0 129 4 366
336 0 202 4 367
347 0 116 14 368
342 0 164 14 369
334 0 231 4 370
340 0 212 14 371
333 0 263 14 372
350 0 102 4 373
330 0 258 14 374
330 0 265 14 375
344 0 192 4 376
349 0 178 4 377
346 0 220 4 378
351 0 151 4 379
356 0 134 14 380
354 0 189 14 381
365 0 144 4 382
349 0 199 14 383
354 0 208 4 384
335 0 288 14 385
358 0 154 14 386
358 0 173 14 387
362 0 194 4 388
365 0 180 4 389
362 0 121 4 390
366 0 166 4 391
336 0 281 14 392
385 0 143 14 393
385 0 234 14 394
386 0 166 14 395
386 0 190 14 396
60 0 39 14 397
73 0 39 14 398
84 0 52 4 399
88 0 39 14 400
101 0 39 14 401
105 0 52 4 402
117 0 39 14 403
129 0 39 14 404
171 0 39 14 405
194 0 39 14 406
216 0 39 14 407
228 0 39 14 408
250 0 39 14 409
263 0 39 14 410
275 0 39 14 411
308 0 39 14 412
330 0 39 14 413
343 0 39 14 414
355 0 39 14 415
368 0 39 14 416
381 0 39 14 417
389 0 44 14 418
390 0 55 14 419
390 0 68 14 420
390 0 81 14 421
390 0 93 14 422
390 0 106 14 423
390 0 119 14 424
390 0 131 14 425
390 0 154 14 426
390 0 176 14 427
390 0 198 14 428
390 0 210 14 429
390 0 223 14 430
390 0 245 14 431
390 0 258 14 432
390 0 271 14 433
390 0 283 14 434
390 0 296 14 435
390 0 309 14 436
385 0 317 14 437
375 0 320 14 438
364 0 321 14 439
351 0 321 14 440
339 0 321 14 441
329 0 309 14 442
323 0 321 14 443
310 0 321 14 444
288 0 321 14 445
275 0 321 14 446
273 0 309 14 447
250 0 321 14 448
246 0 309 14 449
224 0 321 14 450
213 0 321 14 451
190 0 321 14 452
178 0 321 14 453
155 0 321 14 454
143 0 321 14 455
120 0 321 14 456
108 0 321 14 457
95 0 321 14 458
82 0 321 14 459
70 0 321 14 460
60 0 318 14 461
51 0 315 14 462
50 0 302 14 463
50 0 289 14 464
50 0 277 14 465
50 0 264 14 466
50 0 251 14 467
50 0 229 14 468
50 0 216 14 469
50 0 204 14 470
50 0 172 14 471
50 0 150 14 472
50 0 128 14 473
50 0 105 14 474
50 0 93 14 475
50 0 80 14 476
50 0 67 14 477
50 0 55 14 478
50 0 42 14 479
