480
54 0 196 14 0
54 0 163 14 1
55 0 240 14 2
55 0 140 14 3
56 0 116 14 4
103 0 279 4 5
113 0 277 4 6
57 0 181 14 7
108 0 251 4 8
110 0 264 14 9
188 0 261 14 10
120 0 262 4 11
123 0 277 14 12
81 0 88 14 13
133 0 200 14 14
101 0 294 4 15
194 0 268 14 16
125 0 246 4 17
116 0 236 4 18
198 0 267 14 19
198 0 276 14 20
132 0 277 4 21
118 0 251 14 22
134 0 187 4 23
129 0 219 14 24
122 0 222 4 25
76 0 100 4 26
199 0 260 14 27
142 0 199 4 28
143 0 251 4 29
139 0 175 4 30
156 0 211 4 31
87 0 72 14 32
94 0 98 4 33
216 0 264 14 34
209 0 261 14 35
141 0 184 14 36
130 0 206 4 37
168 0 207 4 38
203 0 269 14 39
86 0 84 4 40
158 0 181 14 41
179 0 220 4 42
153 0 200 14 43
145 0 159 4 44
111 0 296 14 45
99 0 88 14 46
222 0 268 14 47
188 0 229 4 48
148 0 219 14 49
133 0 238 4 50
111 0 95 4 51
167 0 187 4 52
103 0 72 14 53
205 0 267 14 54
127 0 243 14 55
102 0 81 4 56
154 0 179 4 57
173 0 193 14 58
114 0 61 4 59
203 0 222 14 60
181 0 205 14 61
115 0 81 4 62
114 0 89 14 63
215 0 261 14 64
135 0 270 14 65
151 0 145 4 66
115 0 73 14 67
156 0 144 14 68
166 0 165 14 69
128 0 96 4 70
175 0 167 4 71
232 0 265 14 72
130 0 80 4 73
143 0 278 4 74
128 0 70 14 75
157 0 130 4 76
146 0 240 14 77
135 0 314 14 78
133 0 86 14 79
142 0 225 4 80
196 0 275 14 81
135 0 46 14 82
131 0 63 4 83
187 0 154 4 84
209 0 284 14 85
146 0 94 4 86
171 0 137 4 87
164 0 128 14 88
155 0 243 4 89
175 0 150 14 90
202 0 270 14 91
146 0 70 14 92
149 0 87 14 93
216 0 275 14 94
143 0 262 14 95
146 0 80 4 96
222 0 277 14 97
198 0 281 14 98
155 0 175 14 99
211 0 282 14 100
167 0 113 4 101
149 0 62 4 102
228 0 272 14 103
164 0 92 4 104
220 0 284 14 105
186 0 148 4 106
165 0 77 4 107
182 0 131 14 108
199 0 214 4 109
220 0 276 14 110
148 0 44 14 111
180 0 115 4 112
205 0 277 14 113
174 0 111 14 114
169 0 164 4 115
169 0 316 14 116
199 0 160 4 117
207 0 244 4 118
212 0 272 14 119
159 0 46 14 120
165 0 68 14 121
178 0 96 14 122
199 0 149 4 123
200 0 296 14 124
176 0 92 4 125
199 0 155 4 126
235 0 249 4 127
234 0 273 14 128
219 0 287 14 129
168 0 62 4 130
171 0 85 14 131
200 0 169 4 132
193 0 124 4 133
231 0 268 14 134
219 0 272 14 135
197 0 178 4 136
190 0 179 14 137
198 0 225 14 138
250 0 272 14 139
226 0 270 14 140
226 0 287 14 141
236 0 285 14 142
198 0 198 14 143
181 0 43 14 144
186 0 84 14 145
214 0 146 4 146
184 0 78 4 147
192 0 117 14 148
217 0 229 4 149
198 0 96 14 150
191 0 94 4 151
203 0 294 14 152
240 0 269 14 153
189 0 68 14 154
188 0 195 4 155
205 0 102 4 156
238 0 271 14 157
203 0 318 14 158
193 0 209 4 159
200 0 78 4 160
224 0 255 4 161
212 0 114 4 162
206 0 83 14 163
205 0 42 14 164
198 0 58 4 165
243 0 277 14 166
212 0 299 14 167
225 0 152 4 168
237 0 156 4 169
215 0 79 4 170
210 0 67 14 171
225 0 146 4 172
220 0 181 4 173
212 0 162 4 174
224 0 200 4 175
222 0 207 4 176
212 0 188 4 177
209 0 197 4 178
216 0 216 14 179
252 0 281 14 180
220 0 97 14 181
226 0 95 4 182
239 0 166 4 183
221 0 87 4 184
227 0 179 4 185
234 0 247 14 186
237 0 318 14 187
221 0 56 4 188
228 0 170 4 189
230 0 227 14 190
243 0 168 4 191
241 0 152 4 192
233 0 88 14 193
245 0 179 4 194
242 0 142 4 195
242 0 148 4 196
230 0 151 4 197
237 0 192 4 198
240 0 205 4 199
229 0 179 4 200
232 0 188 4 201
229 0 199 4 202
232 0 211 4 203
239 0 241 4 204
247 0 163 4 205
247 0 152 4 206
247 0 158 4 207
235 0 80 4 208
241 0 138 4 209
241 0 299 14 210
252 0 167 4 211
238 0 62 4 212
248 0 145 4 213
248 0 151 4 214
240 0 225 4 215
246 0 81 14 216
240 0 42 14 217
244 0 69 14 218
255 0 180 4 219
255 0 249 14 220
249 0 93 4 221
256 0 138 4 222
253 0 233 14 223
261 0 318 14 224
264 0 174 4 225
252 0 210 4 226
264 0 168 4 227
252 0 78 4 228
264 0 153 4 229
264 0 165 4 230
259 0 239 4 231
264 0 146 4 232
269 0 188 4 233
264 0 134 4 234
261 0 225 4 235
265 0 113 4 236
271 0 211 14 237
265 0 125 4 238
262 0 207 4 239
262 0 58 4 240
281 0 257 14 241
273 0 169 4 242
274 0 179 4 243
265 0 194 4 244
267 0 80 14 245
266 0 259 4 246
273 0 134 4 247
273 0 241 14 248
275 0 277 14 249
275 0 284 14 250
268 0 67 14 251
269 0 89 4 252
278 0 207 4 253
268 0 290 14 254
279 0 264 14 255
275 0 269 14 256
275 0 121 4 257
283 0 266 14 258
279 0 237 4 259
279 0 278 14 260
280 0 150 4 261
280 0 156 4 262
283 0 287 14 263
280 0 148 4 264
280 0 172 4 265
279 0 206 4 266
286 0 162 4 267
281 0 305 14 268
280 0 78 4 269
287 0 161 4 270
281 0 181 4 271
284 0 272 14 272
282 0 61 4 273
287 0 155 4 274
287 0 149 4 275
290 0 266 14 276
287 0 140 4 277
291 0 284 14 278
287 0 183 4 279
291 0 276 14 280
287 0 44 14 281
287 0 93 4 282
290 0 89 14 283
287 0 198 4 284
288 0 161 4 285
291 0 295 14 286
289 0 71 14 287
293 0 227 14 288
292 0 205 4 289
291 0 256 4 290
292 0 274 14 291
295 0 253 14 292
296 0 281 14 293
296 0 180 4 294
296 0 225 14 295
298 0 173 4 296
299 0 45 14 297
299 0 83 4 298
300 0 104 4 299
298 0 219 4 300
302 0 166 4 301
300 0 274 14 302
300 0 274 14 303
299 0 315 14 304
302 0 66 4 305
302 0 156 4 306
302 0 161 4 307
302 0 210 4 308
301 0 279 14 309
304 0 140 4 310
307 0 79 14 311
301 0 293 14 312
301 0 284 14 313
304 0 149 4 314
305 0 191 4 315
303 0 183 4 316
303 0 169 4 317
305 0 220 4 318
314 0 103 14 319
316 0 94 4 320
310 0 176 4 321
322 0 47 14 322
315 0 112 4 323
313 0 154 4 324
312 0 276 14 325
322 0 301 14 326
310 0 195 4 327
314 0 209 14 328
312 0 222 14 329
324 0 90 14 330
309 0 254 14 331
309 0 265 14 332
310 0 266 14 333
319 0 173 4 334
310 0 271 14 335
315 0 237 4 336
322 0 152 4 337
317 0 276 14 338
324 0 74 4 339
329 0 122 14 340
314 0 272 14 341
328 0 126 4 342
334 0 99 14 343
332 0 111 4 344
326 0 161 4 345
326 0 168 4 346
324 0 191 4 347
318 0 276 14 348
327 0 171 4 349
322 0 211 4 350
318 0 262 14 351
325 0 197 14 352
331 0 177 4 353
331 0 298 14 354
334 0 145 4 355
338 0 86 4 356
338 0 143 14 357
325 0 264 14 358
316 0 270 14 359
328 0 221 14 360
325 0 272 14 361
334 0 160 4 362
336 0 186 14 363
325 0 277 14 364
319 0 271 14 365
344 0 129 4 366
336 0 204 4 367
347 0 116 14 368
342 0 165 14 369
334 0 233 4 370
339 0 213 14 371
333 0 265 14 372
350 0 103 4 373
330 0 261 14 374
330 0 268 14 375
344 0 193 4 376
349 0 178 4 377
346 0 221 4 378
350 0 152 4 379
356 0 134 14 380
354 0 190 14 381
365 0 144 4 382
349 0 200 14 383
353 0 209 4 384
334 0 288 14 385
358 0 154 14 386
358 0 173 14 387
363 0 195 4 388
365 0 181 4 389
362 0 121 4 390
366 0 166 4 391
336 0 282 14 392
385 0 143 14 393
385 0 235 14 394
386 0 166 14 395
386 0 190 14 396
61 0 40 14 397
73 0 40 14 398
84 0 53 4 399
88 0 40 14 400
101 0 40 14 401
104 0 53 4 402
116 0 40 14 403
129 0 40 14 404
171 0 40 14 405
194 0 40 14 406
216 0 40 14 407
228 0 40 14 408
250 0 40 14 409
263 0 40 14 410
275 0 40 14 411
308 0 40 14 412
330 0 40 14 413
343 0 40 14 414
356 0 40 14 415
368 0 40 14 416
381 0 40 14 417
388 0 44 14 418
389 0 56 14 419
389 0 69 14 420
389 0 81 14 421
389 0 94 14 422
389 0 106 14 423
389 0 119 14 424
389 0 132 14 425
389 0 154 14 426
389 0 177 14 427
389 0 198 14 428
389 0 211 14 429
389 0 223 14 430
389 0 246 14 431
389 0 258 14 432
389 0 271 14 433
389 0 284 14 434
389 0 296 14 435
389 0 309 14 436
384 0 316 14 437
374 0 319 14 438
363 0 320 14 439
351 0 320 14 440
338 0 320 14 441
329 0 308 14 442
323 0 320 14 443
310 0 320 14 444
288 0 320 14 445
275 0 320 14 446
274 0 308 14 447
250 0 320 14 448
247 0 308 14 449
225 0 320 14 450
213 0 320 14 451
191 0 320 14 452
178 0 320 14 453
156 0 320 14 454
143 0 320 14 455
121 0 320 14 456
108 0 320 14 457
95 0 320 14 458
83 0 320 14 459
71 0 320 14 460
61 0 317 14 461
51 0 315 14 462
51 0 302 14 463
51 0 290 14 464
51 0 277 14 465
51 0 264 14 466
51 0 252 14 467
51 0 229 14 468
51 0 217 14 469
51 0 204 14 470
51 0 173 14 471
51 0 150 14 472
51 0 128 14 473
51 0 105 14 474
51 0 93 14 475
51 0 80 14 476
51 0 67 14 477
51 0 55 14 478
51 0 42 14 479
