480
53 0 197 14 0
53 0 163 14 1
54 0 242 14 2
54 0 140 14 3
55 0 116 14 4
105 0 282 4 5
116 0 287 4 6
55 0 183 14 7
110 0 260 4 8
113 0 273 14 9
197 0 272 14 10
123 0 271 4 11
126 0 287 14 12
80 0 87 14 13
137 0 206 14 14
103 0 296 4 15
204 0 280 14 16
128 0 254 4 17
118 0 243 4 18
208 0 279 14 19
208 0 288 14 20
136 0 287 4 21
120 0 259 14 22
138 0 192 4 23
132 0 225 14 24
125 0 228 4 25
75 0 99 4 26
208 0 272 14 27
147 0 204 4 28
147 0 259 4 29
143 0 180 4 30
161 0 217 4 31
86 0 71 14 32
93 0 97 4 33
225 0 277 14 34
218 0 274 14 35
145 0 188 14 36
132 0 210 4 37
174 0 215 4 38
212 0 280 14 39
85 0 82 4 40
163 0 188 14 41
186 0 229 4 42
157 0 206 14 43
148 0 164 4 44
112 0 296 14 45
98 0 88 14 46
232 0 282 14 47
195 0 238 4 48
151 0 224 14 49
135 0 243 4 50
111 0 95 4 51
172 0 194 4 52
102 0 71 14 53
213 0 277 14 54
129 0 246 14 55
101 0 80 4 56
158 0 183 4 57
178 0 200 14 58
114 0 61 4 59
211 0 232 14 60
187 0 213 14 61
115 0 81 4 62
113 0 89 14 63
223 0 272 14 64
136 0 274 14 65
154 0 149 4 66
115 0 72 14 67
160 0 149 14 68
170 0 170 14 69
129 0 96 4 70
179 0 173 4 71
241 0 278 14 72
130 0 80 4 73
144 0 281 4 74
128 0 70 14 75
159 0 133 4 76
147 0 242 14 77
135 0 314 14 78
133 0 86 14 79
143 0 227 4 80
201 0 281 14 81
135 0 46 14 82
131 0 62 4 83
191 0 161 4 84
215 0 292 14 85
146 0 95 4 86
174 0 142 4 87
166 0 132 14 88
156 0 245 4 89
179 0 153 14 90
208 0 277 14 91
147 0 70 14 92
150 0 87 14 93
221 0 283 14 94
143 0 262 14 95
146 0 80 4 96
229 0 286 14 97
202 0 286 14 98
155 0 176 14 99
216 0 289 14 100
168 0 115 4 101
149 0 62 4 102
235 0 282 14 103
165 0 94 4 104
225 0 292 14 105
189 0 152 4 106
166 0 79 4 107
184 0 136 14 108
203 0 219 4 109
226 0 284 14 110
148 0 45 14 111
183 0 119 4 112
209 0 283 14 113
175 0 114 14 114
170 0 166 4 115
170 0 315 14 116
202 0 168 4 117
211 0 250 4 118
217 0 278 14 119
159 0 46 14 120
165 0 69 14 121
180 0 100 14 122
202 0 156 4 123
203 0 298 14 124
177 0 94 4 125
202 0 162 4 126
241 0 258 4 127
240 0 283 14 128
223 0 294 14 129
169 0 62 4 130
171 0 86 14 131
203 0 176 4 132
195 0 129 4 133
237 0 276 14 134
223 0 278 14 135
199 0 180 4 136
191 0 180 14 137
200 0 229 14 138
257 0 282 14 139
231 0 277 14 140
231 0 294 14 141
241 0 292 14 142
200 0 200 14 143
182 0 44 14 144
186 0 86 14 145
218 0 154 4 146
185 0 80 4 147
193 0 120 14 148
220 0 233 4 149
199 0 101 14 150
192 0 98 4 151
205 0 295 14 152
245 0 276 14 153
190 0 69 14 154
188 0 195 4 155
206 0 106 4 156
242 0 277 14 157
205 0 316 14 158
194 0 209 4 159
201 0 80 4 160
227 0 259 4 161
214 0 118 4 162
206 0 85 14 163
205 0 44 14 164
197 0 60 4 165
247 0 283 14 166
213 0 299 14 167
227 0 161 4 168
240 0 166 4 169
216 0 82 4 170
211 0 69 14 171
227 0 154 4 172
221 0 185 4 173
212 0 163 4 174
225 0 203 4 175
223 0 210 4 176
212 0 188 4 177
209 0 197 4 178
216 0 217 14 179
256 0 286 14 180
220 0 100 14 181
228 0 100 4 182
241 0 174 4 183
221 0 90 4 184
228 0 181 4 185
236 0 249 14 186
238 0 316 14 187
221 0 59 4 188
228 0 172 4 189
231 0 228 14 190
244 0 178 4 191
242 0 161 4 192
233 0 91 14 193
246 0 188 4 194
243 0 151 4 195
243 0 157 4 196
230 0 152 4 197
238 0 196 4 198
241 0 208 4 199
229 0 179 4 200
232 0 188 4 201
229 0 199 4 202
233 0 212 4 203
240 0 243 4 204
248 0 173 4 205
249 0 162 4 206
249 0 167 4 207
235 0 81 4 208
242 0 144 4 209
242 0 300 14 210
254 0 178 4 211
238 0 63 4 212
249 0 153 4 213
249 0 159 4 214
241 0 226 4 215
246 0 84 14 216
240 0 44 14 217
245 0 72 14 218
256 0 189 4 219
256 0 252 14 220
249 0 96 4 221
256 0 145 4 222
254 0 236 14 223
262 0 316 14 224
265 0 183 4 225
252 0 211 4 226
265 0 178 4 227
252 0 79 4 228
265 0 162 4 229
265 0 174 4 230
259 0 244 4 231
265 0 154 4 232
270 0 200 4 233
265 0 142 4 234
262 0 228 4 235
265 0 118 4 236
273 0 224 14 237
265 0 130 4 238
262 0 209 4 239
262 0 59 4 240
283 0 274 14 241
274 0 179 4 242
275 0 188 4 243
266 0 197 4 244
268 0 83 14 245
267 0 264 4 246
274 0 143 4 247
274 0 249 14 248
276 0 284 14 249
276 0 290 14 250
268 0 69 14 251
269 0 92 4 252
279 0 218 4 253
268 0 291 14 254
280 0 274 14 255
276 0 276 14 256
276 0 126 4 257
284 0 277 14 258
279 0 243 4 259
280 0 285 14 260
281 0 158 4 261
281 0 164 4 262
284 0 294 14 263
281 0 154 4 264
281 0 175 4 265
280 0 209 4 266
287 0 172 4 267
281 0 303 14 268
280 0 79 4 269
287 0 168 4 270
281 0 181 4 271
285 0 278 14 272
282 0 62 4 273
287 0 163 4 274
288 0 158 4 275
291 0 277 14 276
288 0 146 4 277
291 0 290 14 278
287 0 185 4 279
291 0 284 14 280
287 0 45 14 281
287 0 96 4 282
290 0 90 14 283
287 0 198 4 284
288 0 161 4 285
292 0 298 14 286
289 0 72 14 287
294 0 239 14 288
292 0 209 4 289
291 0 260 4 290
292 0 279 14 291
296 0 268 14 292
296 0 290 14 293
296 0 189 4 294
296 0 229 14 295
298 0 180 4 296
299 0 45 14 297
299 0 84 4 298
300 0 105 4 299
298 0 222 4 300
302 0 173 4 301
300 0 279 14 302
300 0 281 14 303
299 0 315 14 304
302 0 66 4 305
302 0 163 4 306
302 0 168 4 307
302 0 211 4 308
300 0 286 14 309
303 0 146 4 310
307 0 79 14 311
301 0 296 14 312
301 0 290 14 313
303 0 157 4 314
304 0 198 4 315
303 0 191 4 316
303 0 177 4 317
305 0 231 4 318
314 0 104 14 319
316 0 95 4 320
310 0 181 4 321
322 0 46 14 322
314 0 114 4 323
312 0 158 4 324
312 0 280 14 325
322 0 301 14 326
309 0 203 4 327
314 0 215 14 328
311 0 233 14 329
324 0 91 14 330
308 0 269 14 331
308 0 278 14 332
308 0 280 14 333
319 0 180 4 334
309 0 285 14 335
314 0 247 4 336
322 0 158 4 337
316 0 282 14 338
323 0 75 4 339
329 0 122 14 340
312 0 282 14 341
328 0 129 4 342
335 0 99 14 343
332 0 111 4 344
326 0 165 4 345
326 0 171 4 346
324 0 196 4 347
316 0 284 14 348
326 0 177 4 349
321 0 221 4 350
317 0 273 14 351
324 0 204 14 352
331 0 180 4 353
331 0 299 14 354
333 0 147 4 355
338 0 87 4 356
338 0 144 14 357
323 0 274 14 358
313 0 285 14 359
327 0 228 14 360
324 0 282 14 361
334 0 164 4 362
336 0 189 14 363
324 0 286 14 364
317 0 285 14 365
344 0 129 4 366
335 0 210 4 367
347 0 116 14 368
341 0 167 14 369
333 0 240 4 370
339 0 217 14 371
331 0 274 14 372
350 0 104 4 373
328 0 272 14 374
328 0 280 14 375
344 0 197 4 376
349 0 180 4 377
345 0 226 4 378
350 0 153 4 379
356 0 135 14 380
354 0 192 14 381
366 0 145 4 382
349 0 204 14 383
353 0 214 4 384
332 0 290 14 385
358 0 156 14 386
358 0 175 14 387
363 0 198 4 388
366 0 183 4 389
362 0 122 4 390
366 0 167 4 391
333 0 285 14 392
386 0 144 14 393
386 0 236 14 394
386 0 167 14 395
387 0 190 14 396
63 0 42 14 397
75 0 42 14 398
85 0 57 4 399
88 0 42 14 400
101 0 42 14 401
103 0 57 4 402
114 0 42 14 403
126 0 42 14 404
171 0 42 14 405
194 0 42 14 406
217 0 42 14 407
228 0 42 14 408
251 0 42 14 409
263 0 42 14 410
275 0 42 14 411
309 0 42 14 412
332 0 42 14 413
344 0 42 14 414
356 0 42 14 415
369 0 42 14 416
381 0 42 14 417
388 0 48 14 418
388 0 59 14 419
388 0 72 14 420
388 0 84 14 421
388 0 96 14 422
388 0 108 14 423
388 0 120 14 424
388 0 132 14 425
388 0 155 14 426
388 0 178 14 427
388 0 200 14 428
388 0 213 14 429
388 0 225 14 430
388 0 248 14 431
388 0 260 14 432
388 0 272 14 433
388 0 284 14 434
388 0 296 14 435
388 0 309 14 436
383 0 315 14 437
372 0 317 14 438
361 0 318 14 439
348 0 318 14 440
336 0 318 14 441
327 0 305 14 442
323 0 318 14 443
310 0 318 14 444
287 0 318 14 445
275 0 318 14 446
275 0 305 14 447
251 0 318 14 448
249 0 305 14 449
227 0 318 14 450
215 0 318 14 451
192 0 318 14 452
180 0 318 14 453
157 0 318 14 454
145 0 318 14 455
122 0 318 14 456
110 0 318 14 457
98 0 318 14 458
86 0 318 14 459
74 0 317 14 460
63 0 316 14 461
52 0 315 14 462
52 0 303 14 463
52 0 290 14 464
52 0 278 14 465
52 0 266 14 466
52 0 254 14 467
52 0 231 14 468
52 0 219 14 469
52 0 206 14 470
52 0 174 14 471
52 0 151 14 472
52 0 128 14 473
52 0 105 14 474
52 0 93 14 475
52 0 80 14 476
52 0 68 14 477
52 0 56 14 478
52 0 44 14 479
