480
53 0 197 14 0
53 0 163 14 1
54 0 243 14 2
54 0 140 14 3
54 0 116 14 4
106 0 283 4 5
117 0 289 4 6
55 0 183 14 7
111 0 261 4 8
114 0 274 14 9
198 0 274 14 10
124 0 273 4 11
127 0 288 14 12
80 0 87 14 13
138 0 207 14 14
103 0 296 4 15
205 0 282 14 16
129 0 256 4 17
119 0 244 4 18
209 0 281 14 19
209 0 290 14 20
137 0 288 4 21
121 0 260 14 22
139 0 192 4 23
133 0 226 14 24
126 0 229 4 25
74 0 98 4 26
209 0 274 14 27
147 0 205 4 28
148 0 260 4 29
144 0 180 4 30
162 0 218 4 31
86 0 71 14 32
93 0 97 4 33
227 0 280 14 34
220 0 276 14 35
146 0 189 14 36
133 0 211 4 37
175 0 216 4 38
214 0 282 14 39
84 0 82 4 40
164 0 189 14 41
187 0 230 4 42
158 0 207 14 43
149 0 164 4 44
112 0 296 14 45
98 0 88 14 46
234 0 284 14 47
197 0 240 4 48
152 0 224 14 49
135 0 243 4 50
111 0 95 4 51
172 0 195 4 52
102 0 71 14 53
214 0 279 14 54
129 0 247 14 55
101 0 80 4 56
159 0 184 4 57
179 0 202 14 58
114 0 61 4 59
212 0 234 14 60
188 0 214 14 61
115 0 81 4 62
113 0 89 14 63
224 0 274 14 64
137 0 274 14 65
154 0 150 4 66
114 0 72 14 67
160 0 149 14 68
171 0 171 14 69
129 0 96 4 70
180 0 174 4 71
243 0 281 14 72
130 0 80 4 73
144 0 282 4 74
128 0 70 14 75
160 0 134 4 76
148 0 243 14 77
135 0 314 14 78
133 0 87 14 79
143 0 227 4 80
202 0 283 14 81
135 0 46 14 82
130 0 62 4 83
192 0 162 4 84
216 0 293 14 85
146 0 95 4 86
174 0 142 4 87
167 0 132 14 88
157 0 245 4 89
179 0 154 14 90
209 0 278 14 91
147 0 70 14 92
150 0 88 14 93
222 0 285 14 94
143 0 262 14 95
146 0 80 4 96
230 0 288 14 97
203 0 287 14 98
155 0 176 14 99
217 0 290 14 100
169 0 116 4 101
149 0 62 4 102
237 0 283 14 103
165 0 94 4 104
226 0 293 14 105
189 0 153 4 106
166 0 80 4 107
185 0 137 14 108
203 0 220 4 109
227 0 285 14 110
148 0 45 14 111
183 0 120 4 112
210 0 284 14 113
176 0 115 14 114
170 0 166 4 115
170 0 315 14 116
203 0 169 4 117
212 0 251 4 118
218 0 279 14 119
159 0 46 14 120
166 0 69 14 121
180 0 100 14 122
203 0 158 4 123
204 0 299 14 124
177 0 94 4 125
203 0 163 4 126
242 0 260 4 127
241 0 284 14 128
223 0 295 14 129
169 0 62 4 130
171 0 86 14 131
203 0 177 4 132
196 0 130 4 133
238 0 277 14 134
224 0 279 14 135
200 0 181 4 136
191 0 180 14 137
201 0 229 14 138
258 0 283 14 139
232 0 278 14 140
232 0 295 14 141
242 0 294 14 142
200 0 201 14 143
182 0 44 14 144
186 0 86 14 145
218 0 156 4 146
185 0 80 4 147
193 0 121 14 148
220 0 234 4 149
200 0 101 14 150
192 0 98 4 151
205 0 296 14 152
246 0 277 14 153
190 0 69 14 154
188 0 195 4 155
207 0 107 4 156
243 0 279 14 157
205 0 316 14 158
194 0 209 4 159
201 0 80 4 160
227 0 260 4 161
214 0 118 4 162
207 0 86 14 163
205 0 44 14 164
197 0 60 4 165
248 0 283 14 166
213 0 300 14 167
227 0 162 4 168
240 0 168 4 169
216 0 83 4 170
211 0 69 14 171
227 0 155 4 172
221 0 185 4 173
212 0 163 4 174
226 0 203 4 175
223 0 211 4 176
212 0 188 4 177
209 0 197 4 178
216 0 218 14 179
256 0 287 14 180
220 0 101 14 181
228 0 101 4 182
241 0 175 4 183
222 0 90 4 184
228 0 182 4 185
236 0 250 14 186
239 0 316 14 187
221 0 60 4 188
229 0 172 4 189
231 0 229 14 190
244 0 180 4 191
243 0 163 4 192
234 0 92 14 193
247 0 190 4 194
243 0 152 4 195
243 0 158 4 196
230 0 152 4 197
238 0 196 4 198
241 0 209 4 199
229 0 179 4 200
232 0 188 4 201
229 0 199 4 202
233 0 212 4 203
240 0 243 4 204
249 0 174 4 205
249 0 164 4 206
249 0 169 4 207
235 0 82 4 208
242 0 145 4 209
242 0 300 14 210
254 0 180 4 211
238 0 63 4 212
249 0 154 4 213
249 0 160 4 214
241 0 226 4 215
247 0 85 14 216
240 0 44 14 217
245 0 72 14 218
256 0 191 4 219
256 0 252 14 220
249 0 96 4 221
256 0 146 4 222
254 0 236 14 223
263 0 316 14 224
265 0 185 4 225
252 0 211 4 226
265 0 180 4 227
252 0 80 4 228
265 0 164 4 229
265 0 175 4 230
260 0 244 4 231
265 0 155 4 232
270 0 202 4 233
265 0 143 4 234
262 0 229 4 235
265 0 119 4 236
273 0 226 14 237
265 0 131 4 238
262 0 210 4 239
262 0 59 4 240
283 0 277 14 241
274 0 180 4 242
275 0 190 4 243
266 0 197 4 244
268 0 84 14 245
267 0 265 4 246
274 0 144 4 247
274 0 250 14 248
276 0 286 14 249
276 0 291 14 250
268 0 69 14 251
269 0 93 4 252
279 0 220 4 253
268 0 292 14 254
280 0 275 14 255
276 0 278 14 256
276 0 127 4 257
284 0 279 14 258
279 0 244 4 259
280 0 286 14 260
281 0 159 4 261
281 0 165 4 262
284 0 295 14 263
281 0 155 4 264
281 0 175 4 265
280 0 210 4 266
287 0 173 4 267
281 0 302 14 268
280 0 79 4 269
287 0 170 4 270
281 0 181 4 271
285 0 279 14 272
282 0 62 4 273
288 0 164 4 274
288 0 159 4 275
291 0 279 14 276
288 0 147 4 277
291 0 291 14 278
287 0 186 4 279
291 0 285 14 280
287 0 45 14 281
287 0 97 4 282
290 0 91 14 283
287 0 198 4 284
288 0 161 4 285
292 0 298 14 286
289 0 72 14 287
294 0 241 14 288
292 0 209 4 289
291 0 261 4 290
292 0 280 14 291
296 0 270 14 292
296 0 292 14 293
296 0 190 4 294
296 0 230 14 295
298 0 181 4 296
299 0 45 14 297
299 0 85 4 298
300 0 105 4 299
298 0 222 4 300
302 0 175 4 301
300 0 280 14 302
300 0 282 14 303
299 0 315 14 304
302 0 66 4 305
302 0 164 4 306
302 0 169 4 307
302 0 211 4 308
300 0 287 14 309
303 0 147 4 310
307 0 79 14 311
300 0 297 14 312
301 0 291 14 313
303 0 158 4 314
304 0 199 4 315
303 0 192 4 316
303 0 179 4 317
305 0 233 4 318
314 0 104 14 319
316 0 95 4 320
310 0 182 4 321
322 0 46 14 322
314 0 115 4 323
312 0 159 4 324
311 0 281 14 325
322 0 301 14 326
309 0 205 4 327
314 0 216 14 328
311 0 235 14 329
324 0 91 14 330
308 0 271 14 331
308 0 280 14 332
308 0 283 14 333
319 0 181 4 334
308 0 288 14 335
314 0 248 4 336
321 0 159 4 337
316 0 283 14 338
323 0 75 4 339
329 0 122 14 340
312 0 283 14 341
328 0 129 4 342
335 0 100 14 343
332 0 111 4 344
325 0 166 4 345
325 0 172 4 346
324 0 197 4 347
316 0 285 14 348
326 0 178 4 349
321 0 222 4 350
316 0 274 14 351
324 0 205 14 352
331 0 181 4 353
331 0 300 14 354
333 0 148 4 355
338 0 88 4 356
338 0 144 14 357
323 0 275 14 358
313 0 287 14 359
327 0 230 14 360
323 0 283 14 361
334 0 165 4 362
336 0 190 14 363
323 0 288 14 364
317 0 287 14 365
344 0 129 4 366
335 0 211 4 367
347 0 116 14 368
341 0 167 14 369
333 0 241 4 370
339 0 218 14 371
331 0 276 14 372
350 0 104 4 373
328 0 274 14 374
328 0 282 14 375
344 0 197 4 376
349 0 180 4 377
345 0 227 4 378
350 0 153 4 379
356 0 135 14 380
354 0 192 14 381
366 0 146 4 382
349 0 205 14 383
353 0 214 4 384
332 0 291 14 385
358 0 156 14 386
358 0 176 14 387
363 0 199 4 388
366 0 183 4 389
362 0 122 4 390
366 0 167 4 391
333 0 285 14 392
386 0 144 14 393
386 0 237 14 394
387 0 168 14 395
387 0 191 14 396
63 0 43 14 397
75 0 43 14 398
85 0 58 4 399
88 0 43 14 400
100 0 43 14 401
103 0 58 4 402
114 0 43 14 403
126 0 43 14 404
171 0 43 14 405
194 0 43 14 406
217 0 43 14 407
228 0 43 14 408
251 0 43 14 409
263 0 43 14 410
275 0 43 14 411
309 0 43 14 412
332 0 43 14 413
344 0 43 14 414
357 0 43 14 415
369 0 43 14 416
381 0 43 14 417
388 0 48 14 418
388 0 60 14 419
388 0 72 14 420
388 0 84 14 421
388 0 96 14 422
388 0 108 14 423
388 0 121 14 424
388 0 133 14 425
388 0 156 14 426
388 0 179 14 427
388 0 201 14 428
388 0 213 14 429
388 0 225 14 430
388 0 248 14 431
388 0 260 14 432
388 0 272 14 433
388 0 284 14 434
388 0 297 14 435
388 0 309 14 436
383 0 315 14 437
372 0 316 14 438
360 0 317 14 439
348 0 317 14 440
336 0 317 14 441
327 0 304 14 442
323 0 317 14 443
310 0 317 14 444
287 0 317 14 445
275 0 317 14 446
276 0 304 14 447
251 0 317 14 448
249 0 304 14 449
227 0 317 14 450
216 0 317 14 451
193 0 317 14 452
181 0 317 14 453
157 0 317 14 454
145 0 317 14 455
122 0 317 14 456
110 0 317 14 457
98 0 317 14 458
86 0 317 14 459
74 0 317 14 460
63 0 316 14 461
52 0 315 14 462
52 0 303 14 463
52 0 290 14 464
52 0 278 14 465
52 0 266 14 466
52 0 254 14 467
52 0 231 14 468
52 0 219 14 469
52 0 207 14 470
52 0 174 14 471
52 0 151 14 472
52 0 128 14 473
52 0 105 14 474
52 0 93 14 475
52 0 80 14 476
52 0 68 14 477
52 0 56 14 478
52 0 44 14 479
