480
54 0 196 14 0
54 0 163 14 1
55 0 239 14 2
56 0 140 14 3
57 0 116 14 4
101 0 277 4 5
111 0 270 4 6
58 0 180 14 7
106 0 244 4 8
108 0 258 14 9
181 0 252 14 10
118 0 255 4 11
120 0 269 14 12
81 0 88 14 13
130 0 196 14 14
100 0 292 4 15
187 0 259 14 16
123 0 240 4 17
114 0 230 4 18
191 0 257 14 19
191 0 267 14 20
130 0 269 4 21
116 0 246 14 22
131 0 184 4 23
127 0 215 14 24
120 0 218 4 25
77 0 101 4 26
192 0 252 14 27
139 0 196 4 28
140 0 245 4 29
136 0 171 4 30
152 0 206 4 31
88 0 72 14 32
94 0 98 4 33
208 0 253 14 34
202 0 251 14 35
139 0 180 14 36
128 0 203 4 37
163 0 201 4 38
197 0 260 14 39
87 0 86 4 40
155 0 178 14 41
174 0 213 4 42
150 0 196 14 43
143 0 156 4 44
111 0 296 14 45
99 0 88 14 46
215 0 258 14 47
183 0 222 4 48
145 0 216 14 49
131 0 235 4 50
111 0 95 4 51
163 0 182 4 52
103 0 73 14 53
199 0 259 14 54
126 0 241 14 55
103 0 81 4 56
152 0 176 4 57
169 0 187 14 58
114 0 61 4 59
197 0 213 14 60
177 0 198 14 61
115 0 81 4 62
114 0 89 14 63
209 0 253 14 64
134 0 267 14 65
149 0 142 4 66
115 0 74 14 67
154 0 141 14 68
163 0 161 14 69
128 0 96 4 70
172 0 162 4 71
225 0 256 14 72
130 0 80 4 73
142 0 276 4 74
128 0 70 14 75
155 0 128 4 76
145 0 239 14 77
134 0 314 14 78
133 0 85 14 79
142 0 224 4 80
192 0 270 14 81
135 0 46 14 82
131 0 63 4 83
184 0 149 4 84
204 0 278 14 85
145 0 93 4 86
169 0 134 4 87
162 0 126 14 88
154 0 241 4 89
173 0 147 14 90
198 0 264 14 91
146 0 70 14 92
149 0 86 14 93
211 0 269 14 94
143 0 262 14 95
146 0 80 4 96
218 0 270 14 97
194 0 276 14 98
154 0 174 14 99
206 0 276 14 100
166 0 111 4 101
149 0 62 4 102
223 0 264 14 103
163 0 90 4 104
216 0 278 14 105
184 0 144 4 106
164 0 76 4 107
180 0 127 14 108
196 0 210 4 109
216 0 270 14 110
149 0 44 14 111
179 0 111 4 112
202 0 273 14 113
173 0 108 14 114
168 0 163 4 115
168 0 317 14 116
196 0 154 4 117
204 0 240 4 118
209 0 267 14 119
159 0 46 14 120
165 0 67 14 121
177 0 94 14 122
196 0 143 4 123
197 0 295 14 124
175 0 90 4 125
197 0 150 4 126
230 0 242 4 127
229 0 267 14 128
215 0 283 14 129
168 0 62 4 130
170 0 84 14 131
197 0 163 4 132
191 0 120 4 133
227 0 262 14 134
216 0 267 14 135
195 0 176 4 136
188 0 177 14 137
196 0 222 14 138
245 0 264 14 139
223 0 265 14 140
223 0 283 14 141
232 0 280 14 142
197 0 195 14 143
181 0 42 14 144
185 0 83 14 145
212 0 140 4 146
184 0 77 4 147
191 0 114 14 148
215 0 225 4 149
197 0 93 14 150
190 0 92 4 151
202 0 293 14 152
236 0 263 14 153
189 0 67 14 154
187 0 194 4 155
204 0 99 4 156
234 0 266 14 157
202 0 319 14 158
193 0 208 4 159
200 0 77 4 160
222 0 252 4 161
211 0 112 4 162
206 0 82 14 163
205 0 41 14 164
198 0 57 4 165
240 0 273 14 166
212 0 298 14 167
224 0 146 4 168
235 0 149 4 169
215 0 77 4 170
210 0 66 14 171
224 0 140 4 172
220 0 180 4 173
211 0 161 4 174
223 0 197 4 175
221 0 205 4 176
211 0 188 4 177
209 0 197 4 178
215 0 216 14 179
249 0 276 14 180
220 0 94 14 181
225 0 92 4 182
237 0 159 4 183
221 0 85 4 184
226 0 177 4 185
233 0 245 14 186
236 0 319 14 187
221 0 54 4 188
228 0 168 4 189
230 0 226 14 190
241 0 160 4 191
240 0 145 4 192
233 0 86 14 193
244 0 171 4 194
241 0 135 4 195
241 0 141 4 196
230 0 150 4 197
237 0 190 4 198
239 0 202 4 199
229 0 179 4 200
231 0 188 4 201
229 0 199 4 202
232 0 211 4 203
238 0 239 4 204
246 0 155 4 205
246 0 145 4 206
246 0 151 4 207
234 0 78 4 208
241 0 133 4 209
241 0 298 14 210
251 0 159 4 211
238 0 61 4 212
247 0 140 4 213
247 0 145 4 214
240 0 224 4 215
246 0 79 14 216
240 0 41 14 217
244 0 68 14 218
254 0 174 4 219
254 0 246 14 220
249 0 91 4 221
255 0 133 4 222
253 0 231 14 223
261 0 319 14 224
263 0 166 4 225
252 0 209 4 226
263 0 160 4 227
252 0 77 4 228
263 0 146 4 229
263 0 158 4 230
259 0 236 4 231
264 0 139 4 232
268 0 180 4 233
264 0 128 4 234
261 0 222 4 235
264 0 109 4 236
270 0 201 14 237
264 0 121 4 238
261 0 204 4 239
262 0 57 4 240
280 0 245 14 241
272 0 161 4 242
273 0 171 4 243
265 0 192 4 244
267 0 78 14 245
266 0 255 4 246
273 0 127 4 247
273 0 236 14 248
274 0 271 14 249
274 0 280 14 250
268 0 66 14 251
268 0 87 4 252
277 0 199 4 253
268 0 290 14 254
278 0 256 14 255
275 0 263 14 256
275 0 117 4 257
282 0 258 14 258
278 0 233 4 259
279 0 273 14 260
280 0 145 4 261
280 0 150 4 262
283 0 283 14 263
280 0 143 4 264
280 0 170 4 265
279 0 203 4 266
286 0 156 4 267
280 0 306 14 268
280 0 77 4 269
286 0 156 4 270
281 0 181 4 271
284 0 267 14 272
282 0 60 4 273
287 0 149 4 274
287 0 143 4 275
290 0 258 14 276
287 0 136 4 277
290 0 280 14 278
286 0 181 4 279
290 0 270 14 280
287 0 43 14 281
287 0 91 4 282
289 0 87 14 283
287 0 198 4 284
288 0 161 4 285
291 0 294 14 286
289 0 70 14 287
293 0 219 14 288
292 0 202 4 289
291 0 252 4 290
292 0 270 14 291
295 0 241 14 292
295 0 273 14 293
296 0 174 4 294
296 0 222 14 295
298 0 167 4 296
299 0 45 14 297
299 0 82 4 298
300 0 103 4 299
298 0 217 4 300
302 0 160 4 301
300 0 270 14 302
300 0 269 14 303
299 0 315 14 304
302 0 66 4 305
302 0 150 4 306
302 0 156 4 307
302 0 209 4 308
301 0 275 14 309
304 0 135 4 310
307 0 79 14 311
301 0 290 14 312
302 0 280 14 313
304 0 144 4 314
305 0 186 4 315
304 0 178 4 316
304 0 163 4 317
306 0 212 4 318
314 0 103 14 319
316 0 93 4 320
311 0 171 4 321
321 0 47 14 322
315 0 111 4 323
313 0 150 4 324
312 0 273 14 325
322 0 301 14 326
311 0 189 4 327
315 0 204 14 328
313 0 214 14 329
324 0 89 14 330
310 0 243 14 331
310 0 255 14 332
311 0 255 14 333
320 0 168 4 334
311 0 261 14 335
316 0 229 4 336
322 0 148 4 337
318 0 272 14 338
324 0 73 4 339
329 0 122 14 340
315 0 264 14 341
328 0 124 4 342
334 0 98 14 343
332 0 111 4 344
326 0 158 4 345
326 0 165 4 346
325 0 188 4 347
319 0 270 14 348
327 0 167 4 349
323 0 205 4 350
319 0 254 14 351
326 0 191 14 352
332 0 174 4 353
332 0 298 14 354
334 0 142 4 355
338 0 86 4 356
338 0 142 14 357
326 0 257 14 358
317 0 259 14 359
329 0 216 14 360
326 0 264 14 361
335 0 157 4 362
337 0 183 14 363
326 0 269 14 364
321 0 260 14 365
344 0 129 4 366
336 0 199 4 367
347 0 116 14 368
342 0 163 14 369
335 0 227 4 370
340 0 209 14 371
334 0 258 14 372
350 0 102 4 373
331 0 252 14 374
331 0 259 14 375
345 0 190 4 376
349 0 177 4 377
346 0 218 4 378
351 0 151 4 379
356 0 134 14 380
354 0 188 14 381
365 0 144 4 382
350 0 196 14 383
354 0 206 4 384
335 0 287 14 385
358 0 153 14 386
358 0 172 14 387
362 0 193 4 388
365 0 180 4 389
362 0 120 4 390
366 0 166 4 391
338 0 279 14 392
384 0 142 14 393
385 0 233 14 394
386 0 166 14 395
386 0 189 14 396
59 0 38 14 397
72 0 38 14 398
83 0 50 4 399
88 0 38 14 400
101 0 38 14 401
106 0 50 4 402
118 0 38 14 403
131 0 38 14 404
171 0 38 14 405
194 0 38 14 406
216 0 38 14 407
228 0 38 14 408
250 0 38 14 409
263 0 38 14 410
275 0 38 14 411
307 0 38 14 412
329 0 38 14 413
342 0 38 14 414
355 0 38 14 415
368 0 38 14 416
381 0 38 14 417
389 0 42 14 418
390 0 54 14 419
390 0 67 14 420
390 0 80 14 421
390 0 92 14 422
390 0 105 14 423
390 0 118 14 424
390 0 131 14 425
390 0 153 14 426
390 0 175 14 427
390 0 196 14 428
390 0 209 14 429
390 0 222 14 430
390 0 244 14 431
390 0 257 14 432
390 0 270 14 433
390 0 283 14 434
390 0 296 14 435
390 0 309 14 436
386 0 317 14 437
376 0 321 14 438
365 0 322 14 439
352 0 322 14 440
339 0 322 14 441
329 0 311 14 442
323 0 322 14 443
310 0 322 14 444
288 0 322 14 445
275 0 322 14 446
273 0 311 14 447
249 0 322 14 448
245 0 311 14 449
224 0 322 14 450
212 0 322 14 451
190 0 322 14 452
177 0 322 14 453
154 0 322 14 454
142 0 322 14 455
119 0 322 14 456
107 0 322 14 457
94 0 322 14 458
81 0 322 14 459
69 0 322 14 460
59 0 318 14 461
50 0 315 14 462
50 0 302 14 463
50 0 289 14 464
50 0 276 14 465
50 0 263 14 466
50 0 250 14 467
50 0 228 14 468
50 0 215 14 469
50 0 202 14 470
50 0 172 14 471
50 0 150 14 472
50 0 128 14 473
50 0 106 14 474
50 0 93 14 475
50 0 80 14 476
50 0 67 14 477
50 0 54 14 478
50 0 41 14 479
