480
53 0 197 4 0
53 0 163 4 1
53 0 244 4 2
53 0 139 4 3
53 0 116 4 4
108 0 286 4 5
120 0 299 4 6
53 0 185 4 7
113 0 270 4 8
116 0 283 4 9
207 0 285 4 10
127 0 282 4 11
130 0 298 4 12
80 0 86 4 13
142 0 212 4 14
104 0 299 4 15
214 0 293 4 16
132 0 264 4 17
121 0 251 4 18
218 0 293 4 19
218 0 301 4 20
140 0 298 4 21
123 0 267 4 22
142 0 197 4 23
136 0 232 4 24
128 0 235 4 25
73 0 97 4 26
218 0 285 4 27
151 0 210 4 28
152 0 268 4 29
147 0 185 4 30
167 0 225 4 31
85 0 70 4 32
93 0 96 4 33
236 0 293 4 34
228 0 289 4 35
149 0 194 4 36
135 0 215 4 37
180 0 224 4 38
221 0 293 4 39
83 0 80 4 40
168 0 195 4 41
193 0 239 4 42
162 0 212 4 43
152 0 168 4 44
112 0 297 4 45
97 0 87 4 46
243 0 297 4 47
203 0 249 4 48
155 0 229 4 49
137 0 248 4 50
111 0 95 4 51
177 0 202 4 52
101 0 70 4 53
221 0 289 4 54
130 0 250 4 55
100 0 79 4 56
162 0 189 4 57
184 0 209 4 58
114 0 61 4 59
219 0 245 4 60
193 0 222 4 61
115 0 80 4 62
113 0 88 4 63
232 0 285 4 64
138 0 278 4 65
157 0 153 4 66
114 0 70 4 67
163 0 153 4 68
174 0 175 4 69
129 0 96 4 70
184 0 179 4 71
251 0 293 4 72
130 0 80 4 73
145 0 285 4 74
128 0 70 4 75
162 0 136 4 76
149 0 245 4 77
135 0 315 4 78
133 0 87 4 79
144 0 229 4 80
207 0 289 4 81
135 0 45 4 82
130 0 61 4 83
196 0 168 4 84
221 0 301 4 85
147 0 96 4 86
177 0 146 4 87
169 0 135 4 88
158 0 248 4 89
182 0 157 4 90
214 0 285 4 91
147 0 70 4 92
151 0 88 4 93
228 0 293 4 94
143 0 263 4 95
146 0 80 4 96
236 0 297 4 97
207 0 293 4 98
156 0 176 4 99
221 0 297 4 100
170 0 118 4 101
149 0 62 4 102
243 0 293 4 103
166 0 96 4 104
232 0 301 4 105
192 0 157 4 106
167 0 81 4 107
187 0 141 4 108
207 0 226 4 109
232 0 293 4 110
147 0 45 4 111
185 0 124 4 112
214 0 289 4 113
177 0 118 4 114
171 0 167 4 115
171 0 315 4 116
206 0 176 4 117
216 0 257 4 118
221 0 285 4 119
159 0 45 4 120
166 0 70 4 121
182 0 103 4 122
206 0 164 4 123
207 0 301 4 124
178 0 96 4 125
206 0 169 4 126
248 0 269 4 127
247 0 293 4 128
228 0 301 4 129
169 0 62 4 130
172 0 87 4 131
206 0 183 4 132
198 0 134 4 133
243 0 285 4 134
228 0 285 4 135
202 0 184 4 136
193 0 183 4 137
203 0 233 4 138
264 0 293 4 139
236 0 285 4 140
236 0 301 4 141
247 0 301 4 142
202 0 204 4 143
182 0 45 4 144
187 0 87 4 145
220 0 163 4 146
185 0 81 4 147
194 0 123 4 148
223 0 239 4 149
201 0 105 4 150
193 0 101 4 151
207 0 297 4 152
251 0 285 4 153
190 0 70 4 154
188 0 196 4 155
208 0 110 4 156
247 0 285 4 157
206 0 315 4 158
194 0 210 4 159
202 0 81 4 160
230 0 264 4 161
215 0 121 4 162
207 0 87 4 163
206 0 45 4 164
197 0 61 4 165
251 0 289 4 166
214 0 301 4 167
229 0 169 4 168
243 0 177 4 169
217 0 85 4 170
211 0 70 4 171
229 0 162 4 172
222 0 189 4 173
212 0 163 4 174
227 0 207 4 175
224 0 214 4 176
212 0 189 4 177
209 0 198 4 178
217 0 219 4 179
260 0 293 4 180
221 0 103 4 181
229 0 105 4 182
243 0 182 4 183
222 0 92 4 184
229 0 185 4 185
238 0 253 4 186
240 0 315 4 187
221 0 62 4 188
229 0 174 4 189
232 0 230 4 190
246 0 189 4 191
244 0 171 4 192
234 0 94 4 193
248 0 200 4 194
244 0 160 4 195
244 0 166 4 196
230 0 152 4 197
239 0 200 4 198
242 0 213 4 199
229 0 179 4 200
232 0 189 4 201
229 0 200 4 202
233 0 213 4 203
241 0 246 4 204
250 0 183 4 205
250 0 172 4 206
250 0 177 4 207
235 0 83 4 208
243 0 151 4 209
243 0 301 4 210
255 0 189 4 211
238 0 63 4 212
250 0 161 4 213
250 0 167 4 214
241 0 227 4 215
247 0 87 4 216
240 0 45 4 217
245 0 74 4 218
257 0 200 4 219
257 0 256 4 220
249 0 98 4 221
257 0 152 4 222
254 0 239 4 223
264 0 315 4 224
266 0 195 4 225
252 0 213 4 226
266 0 189 4 227
252 0 80 4 228
266 0 172 4 229
266 0 183 4 230
260 0 249 4 231
266 0 162 4 232
271 0 213 4 233
266 0 150 4 234
262 0 233 4 235
266 0 124 4 236
274 0 238 4 237
266 0 136 4 238
262 0 213 4 239
262 0 59 4 240
285 0 293 4 241
275 0 189 4 242
276 0 200 4 243
266 0 200 4 244
268 0 86 4 245
267 0 270 4 246
275 0 152 4 247
275 0 257 4 248
277 0 293 4 249
277 0 297 4 250
268 0 70 4 251
269 0 95 4 252
280 0 231 4 253
268 0 293 4 254
281 0 285 4 255
277 0 285 4 256
276 0 131 4 257
285 0 289 4 258
280 0 249 4 259
281 0 293 4 260
281 0 166 4 261
281 0 172 4 262
285 0 301 4 263
281 0 161 4 264
281 0 177 4 265
280 0 213 4 266
288 0 181 4 267
281 0 301 4 268
280 0 79 4 269
288 0 176 4 270
281 0 182 4 271
285 0 285 4 272
282 0 62 4 273
288 0 171 4 274
288 0 166 4 275
292 0 289 4 276
288 0 152 4 277
292 0 297 4 278
287 0 189 4 279
292 0 293 4 280
287 0 45 4 281
287 0 99 4 282
290 0 92 4 283
287 0 199 4 284
288 0 161 4 285
292 0 301 4 286
289 0 72 4 287
294 0 252 4 288
292 0 213 4 289
291 0 266 4 290
292 0 285 4 291
296 0 285 4 292
296 0 301 4 293
296 0 199 4 294
296 0 234 4 295
298 0 189 4 296
299 0 45 4 297
299 0 85 4 298
300 0 106 4 299
298 0 225 4 300
302 0 181 4 301
300 0 285 4 302
300 0 289 4 303
299 0 315 4 304
302 0 65 4 305
302 0 170 4 306
302 0 175 4 307
302 0 212 4 308
300 0 293 4 309
303 0 152 4 310
307 0 79 4 311
300 0 301 4 312
300 0 297 4 313
303 0 164 4 314
304 0 206 4 315
302 0 200 4 316
302 0 186 4 317
304 0 243 4 318
314 0 104 4 319
316 0 95 4 320
309 0 188 4 321
322 0 45 4 322
314 0 116 4 323
312 0 163 4 324
311 0 285 4 325
322 0 301 4 326
308 0 213 4 327
313 0 223 4 328
310 0 246 4 329
324 0 91 4 330
307 0 285 4 331
307 0 293 4 332
307 0 297 4 333
318 0 189 4 334
307 0 301 4 335
313 0 258 4 336
321 0 163 4 337
315 0 289 4 338
323 0 75 4 339
329 0 122 4 340
311 0 293 4 341
328 0 131 4 342
335 0 100 4 343
332 0 111 4 344
325 0 169 4 345
325 0 175 4 346
323 0 202 4 347
315 0 293 4 348
325 0 183 4 349
320 0 231 4 350
315 0 285 4 351
323 0 212 4 352
330 0 185 4 353
330 0 301 4 354
333 0 150 4 355
338 0 88 4 356
338 0 144 4 357
322 0 285 4 358
311 0 301 4 359
326 0 237 4 360
322 0 293 4 361
333 0 168 4 362
335 0 194 4 363
322 0 297 4 364
315 0 301 4 365
344 0 129 4 366
334 0 217 4 367
347 0 116 4 368
341 0 169 4 369
332 0 248 4 370
338 0 222 4 371
330 0 285 4 372
350 0 105 4 373
326 0 285 4 374
326 0 293 4 375
343 0 201 4 376
349 0 181 4 377
345 0 232 4 378
350 0 153 4 379
356 0 135 4 380
354 0 195 4 381
367 0 146 4 382
348 0 209 4 383
353 0 219 4 384
330 0 293 4 385
358 0 157 4 386
358 0 177 4 387
363 0 202 4 388
366 0 186 4 389
362 0 123 4 390
366 0 167 4 391
330 0 289 4 392
387 0 145 4 393
387 0 238 4 394
387 0 169 4 395
387 0 191 4 396
65 0 45 4 397
76 0 45 4 398
86 0 61 4 399
88 0 45 4 400
100 0 45 4 401
101 0 61 4 402
112 0 45 4 403
123 0 45 4 404
170 0 45 4 405
194 0 45 4 406
217 0 45 4 407
228 0 45 4 408
252 0 45 4 409
263 0 45 4 410
275 0 45 4 411
310 0 45 4 412
334 0 45 4 413
346 0 45 4 414
357 0 45 4 415
369 0 45 4 416
381 0 45 4 417
387 0 51 4 418
387 0 63 4 419
387 0 75 4 420
387 0 86 4 421
387 0 98 4 422
387 0 110 4 423
387 0 122 4 424
387 0 133 4 425
387 0 157 4 426
387 0 180 4 427
387 0 203 4 428
387 0 215 4 429
387 0 226 4 430
387 0 250 4 431
387 0 262 4 432
387 0 273 4 433
387 0 285 4 434
387 0 297 4 435
387 0 309 4 436
381 0 315 4 437
369 0 315 4 438
358 0 315 4 439
346 0 315 4 440
334 0 315 4 441
326 0 301 4 442
322 0 315 4 443
311 0 315 4 444
287 0 315 4 445
275 0 315 4 446
277 0 301 4 447
252 0 315 4 448
251 0 301 4 449
228 0 315 4 450
218 0 315 4 451
194 0 315 4 452
182 0 315 4 453
159 0 315 4 454
147 0 315 4 455
124 0 315 4 456
112 0 315 4 457
100 0 315 4 458
88 0 315 4 459
77 0 315 4 460
65 0 315 4 461
53 0 315 4 462
53 0 303 4 463
53 0 291 4 464
53 0 279 4 465
53 0 268 4 466
53 0 256 4 467
53 0 232 4 468
53 0 221 4 469
53 0 209 4 470
53 0 175 4 471
53 0 151 4 472
53 0 128 4 473
53 0 104 4 474
53 0 92 4 475
53 0 81 4 476
53 0 69 4 477
53 0 57 4 478
53 0 45 4 479
